75.24299621582031
69.49400901794434
65.12117385864258
63.714027404785156
62.87884712219238
62.84499168395996
65.50407409667969
63.39883804321289
63.057899475097656
66.61510467529297
64.89706039428711
63.29607963562012
63.03000450134277
62.906742095947266
62.10684776306152
61.50484085083008
64.25595283508301
64.4991397857666
65.07539749145508
66.96796417236328
66.97702407836914
63.74502182006836
64.6660327911377
63.95316123962402
61.6910457611084
61.88702583312988
63.64083290100098
72.08490371704102
64.35322761535645
64.22019004821777
