833.0528736114502
847.1100330352783
838.3212089538574
809.7269535064697
801.5170097351074
816.4496421813965
803.6270141601562
823.2929706573486
808.405876159668
801.3079166412354
808.4640502929688
839.9050235748291
810.1959228515625
822.0090866088867
800.1980781555176
799.4430065155029
803.4951686859131
823.7278461456299
838.1927013397217
824.5482444763184
831.6590785980225
796.1268424987793
796.0939407348633
788.8469696044922
795.9671020507812
797.3699569702148
912.790060043335
943.7520503997803
804.4869899749756
801.0649681091309
