49.10898208618164
48.31194877624512
47.586917877197266
50.12178421020508
48.295021057128906
49.80921745300293
47.981977462768555
48.55608940124512
46.95391654968262
47.60098457336426
48.14887046813965
48.004865646362305
47.95527458190918
48.14004898071289
47.93381690979004
47.849416732788086
48.72274398803711
48.8739013671875
49.069881439208984
48.43616485595703
49.941062927246094
48.26021194458008
49.29518699645996
49.42965507507324
48.316001892089844
48.55489730834961
48.696041107177734
48.480987548828125
48.346757888793945
48.19083213806152
