27.23097801208496
27.193784713745117
29.057741165161133
26.998043060302734
27.10413932800293
26.884794235229492
27.30584144592285
26.95298194885254
27.567148208618164
26.955842971801758
26.931047439575195
27.627944946289062
26.72290802001953
28.208017349243164
27.543067932128906
27.22787857055664
27.12702751159668
26.95298194885254
27.085065841674805
26.974916458129883
26.962757110595703
26.988744735717773
27.41384506225586
27.786970138549805
27.04620361328125
27.112245559692383
27.99701690673828
27.35614776611328
27.03714370727539
27.13489532470703
