584.4759941101074
580.5439949035645
595.1240062713623
632.4167251586914
592.5619602203369
585.3698253631592
581.974983215332
577.9109001159668
574.7833251953125
573.815107345581
576.2379169464111
576.4608383178711
579.4830322265625
580.4848670959473
574.2702484130859
575.0830173492432
577.9781341552734
591.6972160339355
571.922779083252
574.7652053833008
578.8640975952148
580.5737972259521
592.9040908813477
580.0068378448486
577.927827835083
587.731122970581
587.1260166168213
576.0030746459961
610.3780269622803
580.4262161254883
