9383.899211883545
9419.63005065918
9511.380910873413
9324.551105499268
9413.403987884521
9232.604026794434
9094.347953796387
9128.671884536743
9392.152070999146
9150.90298652649
9273.282051086426
9192.728996276855
9141.870975494385
9242.486000061035
9035.659074783325
9122.550010681152
9325.78420639038
9305.978059768677
9259.834051132202
9238.42477798462
9095.563173294067
9030.481815338135
9123.358964920044
9036.00788116455
9184.519052505493
9067.831039428711
9167.917251586914
9140.130043029785
9176.163673400879
9262.191772460938
