887.8791332244873
849.1299152374268
850.632905960083
823.8637447357178
847.280740737915
828.2499313354492
821.35009765625
871.1416721343994
847.4538326263428
830.237865447998
850.5439758300781
830.4860591888428
832.726001739502
824.4740962982178
814.539909362793
815.1462078094482
824.3811130523682
820.6799030303955
842.2741889953613
821.5620517730713
835.3250026702881
816.3130283355713
815.4990673065186
827.1951675415039
813.7979507446289
824.2387771606445
833.0178260803223
826.3020515441895
840.3749465942383
826.9281387329102
