813.8666152954102
803.1101226806641
809.9551200866699
789.7441387176514
810.5909824371338
776.0560512542725
775.5427360534668
781.728982925415
771.0247039794922
781.18896484375
801.7148971557617
777.4968147277832
774.3701934814453
815.5050277709961
770.8659172058105
774.0299701690674
793.5726642608643
809.8747730255127
790.9431457519531
806.0550689697266
768.4276103973389
775.8820056915283
768.3768272399902
772.9611396789551
773.3259201049805
779.1452407836914
774.216890335083
780.5790901184082
782.3119163513184
818.2218074798584
