11673.789978027344
11722.836971282959
11734.179973602295
12596.787929534912
11754.898309707642
11882.886171340942
12359.249830245972
11785.390138626099
12143.606901168823
12493.70288848877
11641.643047332764
12031.840801239014
11728.35087776184
11530.211210250854
11294.35396194458
11848.551273345947
11398.213148117065
11359.072923660278
11400.100946426392
11348.076105117798
11483.8387966156
11390.674114227295
11375.53882598877
11344.773769378662
11663.358926773071
11656.589984893799
11692.40117073059
11704.728126525879
11652.616024017334
11679.387092590332
