3562
2071
1697
2714
4484
4827
9155
2224
7643
3712
3882
8845
4880
397
5852
5581
6735
1660
1620
829
1480
4587
9311
3657
2207
6809
2411
371
7909
976
4335
4970
4211
4257
5073
99
7958
2866
1073
7055
2439
8747
6162
321
1377
1269
662
7982
9079
237
2985
9612
6301
123
8170
1592
4852
5107
2081
3473
2016
7388
2352
9325
2329
7144
740
5586
7390
4296
1004
3529
5311
7849
2422
1401
6441
6996
4559
574
2623
4730
171
9885
2286
8824
3496
4154
3594
6716
9927
1224
2358
3215
6408
8167
7602
3003
5425
1048
1422
9895
1947
7992
1876
5851
7600
645
5700
5650
5779
8055
3320
2316
3601
5577
907
7099
2807
5293
6770
4474
7019
7675
6882
689
370
1169
2619
4844
5028
4353
1377
2163
7923
258
8784
4648
9859
5259
1325
6220
8722
4205
9744
5650
6459
6083
9878
6068
9492
4000
8049
9268
5226
2216
9062
5199
9131
3530
7318
5657
659
694
6360
3247
2348
1111
7390
6526
2406
334
6872
7272
3509
2954
9447
9424
851
4065
1756
6058
4499
2891
5548
5835
559
6206
744
5494
5442
7552
1861
2853
6029
4154
9770
6570
969
1453
1754
3673
2016
1904
2685
5506
1238
68
2581
1946
9134
7518
7604
2771
6512
6404
2759
7098
7293
713
5811
3904
6760
5949
6867
880
9100
6441
4749
3139
9225
5284
1293
4019
1637
8549
2830
3671
6503
7369
4817
1735
6442
8696
7411
7442
5497
9989
1627
7934
6005
5867
5737
1590
3239
6257
7203
6527
5439
3086
6836
1222
365
9985
8119
7287
6855
7892
4917
769
613
5874
3836
1995
9521
7635
6696
4015
7145
6894
8482
6373
5090
2248
4897
4091
9437
9544
335
5173
3641
4466
9325
5618
2445
3192
7304
6892
2254
4171
7235
6684
9939
9027
688
7386
3307
5658
66
2533
7967
2727
2858
6753
7690
8397
4073
9285
2282
8853
3258
8065
5896
8542
6131
7392
466
3931
6386
7720
7466
7969
7226
1178
1989
6021
4293
9925
8691
6356
3674
7235
9053
6165
394
6248
1331
8136
8746
5588
5619
1934
1873
7435
8727
2019
3528
9730
5574
4793
1620
5743
3395
8834
6981
4737
7416
2573
3365
1705
3032
7521
2826
7094
6812
7225
8244
3064
1623
5164
2224
9357
4866
1433
2691
543
3565
4287
9018
1315
4148
4562
4597
2071
5993
3002
3479
1209
6506
8009
635
680
7153
7490
925
3431
282
1005
1865
4841
8677
7933
734
5908
566
3846
7504
6776
1903
8323
8933
7451
5249
6264
6906
3516
1527
9644
860
6562
4183
2082
112
6928
2092
7966
518
1531
5577
4400
3007
6032
2878
8165
2909
220
151
4519
2883
9954
4959
6083
8469
8321
4186
9821
283
743
8454
2913
7882
8682
6578
8346
9591
8343
714
2980
6926
3128
8153
8075
4828
9290
9408
2558
7594
1242
4895
1330
1231
1385
4192
6596
242
8987
1454
8483
6175
7830
1781
3066
2643
4351
7996
8363
5261
9612
9901
4243
9205
707
484
8264
9340
890
9382
3686
2454
119
363
9785
3287
9014
9690
2985
4067
8933
149
9985
3446
1908
8655
583
4264
4868
6233
3869
9759
967
3483
8541
6759
3885
283
776
4375
4493
2358
4092
9814
3122
5933
4383
1056
9384
1561
8322
6556
6745
1560
1955
5761
3562
8847
8329
7065
6019
9821
3194
861
1258
9623
7643
6340
5801
5816
6610
9755
7373
5896
1785
5497
2790
3302
955
7934
7179
345
757
6920
1532
4523
9756
5678
7003
5781
631
5146
9433
6544
3897
9290
8501
5161
2825
2693
745
9641
9943
7745
3005
4046
4176
229
8310
3773
1188
75
4255
1937
8922
724
7574
628
5205
7253
9658
1449
7602
2127
2607
7691
1536
9153
2283
982
5194
3199
7635
1236
4226
1810
2525
7999
3490
3108
8486
4683
9117
3219
11
4401
8791
760
6075
9281
7303
9154
8305
9937
3220
4900
5380
8946
7871
8461
372
1822
5869
8850
4736
8310
5101
4383
526
2489
5264
1080
7176
8730
2129
9507
3406
6537
2206
2015
8565
6758
3986
8175
3148
4153
7300
8606
8521
3547
1931
4708
5
4459
8909
3219
2941
680
5822
9619
6252
6354
5364
8435
1589
4290
3053
6808
7892
1499
2401
6476
7167
3601
2815
5025
3036
2507
4914
1307
2242
7171
6403
5131
6958
3939
2222
1595
8526
916
3298
3145
121
5026
5263
9088
5868
682
5157
4482
277
5277
4614
4974
5456
512
5101
7640
9950
6846
5156
4203
4806
8551
7557
854
1766
9551
3976
4907
6647
8040
2630
1828
6489
8789
1213
2477
2126
1414
3527
6429
3026
6993
2688
8858
4830
8485
9460
1310
8635
7697
1462
7145
3280
7958
5184
645
3745
5016
2067
9749
1368
3472
5154
1565
1949
9618
1535
6824
7904
1533
3978
6227
394
592
36
4899
2715
5528
6765
7110
5678
6621
93
2259
789
5428
709
9688
9685
7008
2781
1828
1861
9379
157
7836
7738
7352
2216
6490
1161
1191
1737
6470
5456
1165
7969
3741
8385
9796
9531
6710
4529
3912
5390
716
1782
9365
4351
4505
1648
8675
8765
9514
8390
6855
2551
2460
1908
8677
3833
1913
3620
4141
9128
6346
7600
170
8834
4425
4635
9537
8928
4002
3010
6174
2436
4325
2162
1050
5809
4101
5655
9517
8928
7291
9074
3287
6128
3101
3899
1779
2113
1060
3813
2418
9188
5065
8437
5562
959
9308
7372
2554
694
6427
3266
2045
9646
63
462
3039
9492
7423
8983
943
1560
8975
38
7788
5659
9339
2657
6177
7763
1428
1303
291
4057
6431
8379
7279
122
5187
1342
2670
1838
396
6070
1443
9365
5417
8951
9764
8632
4049
3697
4701
2871
9613
9427
3700
451
9099
9151
291
6710
9323
1321
2168
1680
7219
3025
1007
7355
6604
9625
7789
9952
9254
6730
2078
1108
9885
4478
571
9965
3349
3184
2122
4920
6481
8663
3801
9428
7194
5029
7822
28
7118
4755
6281
7800
871
9512
9408
4215
2810
4540
2431
6375
7083
2328
8956
2470
1602
2786
3223
3926
3302
8930
3375
8909
693
6627
4092
7777
7757
1232
284
2524
7972
1366
3609
6574
7811
1743
9955
6926
4388
6830
6433
5833
1261
3049
7057
5744
2453
9794
2604
9271
3260
1989
2425
861
1805
6304
7579
825
1855
8589
9253
9892
7790
1002
2326
7246
4549
5621
7456
3431
8284
4894
9888
495
7492
9720
3004
2109
2555
35
2152
6345
350
7849
3562
8862
9650
4083
6543
2614
9465
9605
1188
5904
8690
2367
1809
6063
4350
6862
6274
583
6512
5992
1990
1977
8740
7128
8147
1347
5560
5548
2617
8922
4301
89
2215
5313
764
9161
108
4954
410
4965
8960
7306
8252
9640
9211
4797
3500
5291
5151
6498
8776
3891
7829
2245
5828
1686
6175
4874
3458
4859
7403
3102
4319
8757
4039
6879
1505
5531
5061
3923
8672
2938
1724
6955
2261
8520
9213
3959
4081
9228
7165
6464
5208
5707
2992
3949
8854
6983
1854
2302
5748
8078
3565
826
5317
6088
7511
1629
5130
1238
9279
8899
7568
3417
144
4445
3816
4285
1431
7229
6666
5140
4566
1576
8609
8392
4157
2151
458
5210
9060
7274
99
1727
7756
7210
3615
9280
8983
3170
1576
9822
6860
9702
9867
4730
1103
8217
1001
5824
5874
424
2297
1416
3772
4445
8867
2030
4079
5274
343
8081
9156
9966
3105
5665
5122
3093
3323
2613
6085
6634
4246
4743
4326
9361
1171
3382
6115
2011
2879
2687
1130
6227
4475
6916
6641
9677
7768
8529
2690
8655
2780
5243
6423
7125
9451
3668
8311
8246
2385
7783
2716
4669
9060
6358
2507
9279
3136
9609
1730
1517
9016
3183
1933
5328
6185
1120
7829
6583
4807
3119
4660
3835
4278
648
6644
2800
6802
6086
2833
3678
288
1655
3720
1468
2247
2870
2622
7821
8383
4529
379
422
3950
6469
6665
4080
3509
2822
5071
9359
8426
9978
479
9738
4428
1453
5326
8115
3
8457
8835
5973
6119
868
9113
158
7634
267
2616
505
1790
5238
9593
9882
8611
912
7875
4313
930
8072
6618
2882
3160
3087
7319
4677
5534
848
2505
5498
9947
3728
7251
6146
2730
1727
6891
333
272
5966
332
1297
5551
8901
4066
5055
1019
1688
9780
353
7657
5601
9478
1515
2607
6175
3375
2288
8144
2595
2704
8128
8017
1396
6984
9246
1678
8880
3445
2113
9436
990
9101
8161
8665
6134
4406
3662
6919
7588
316
6745
6161
2991
9992
6558
6990
5268
8305
4980
6150
2074
5450
9698
5266
8002
1288
4091
191
3620
4215
4435
7328
9512
5033
6178
5050
2433
522
6933
3192
8638
2293
3711
9247
8733
7051
2046
1295
1977
1401
6158
6577
7694
5773
7004
4880
3186
3
9070
2782
1471
3418
9951
7821
465
2818
4076
1077
2579
636
3178
5798
1473
1925
5566
4498
9242
7131
5436
271
8034
2689
8263
3358
8629
1322
9368
7296
9512
5608
2501
485
8651
5120
2810
6509
5532
8779
593
6915
9292
1825
4544
7379
1827
9548
5117
8959
6130
9332
1127
5559
1743
9068
2975
5177
7676
3161
2115
6859
838
6538
6457
8302
497
8279
2849
149
2896
1354
7343
6108
1857
8203
4635
2839
4736
1823
7995
8119
7367
2088
243
2409
8840
9617
2233
2904
6619
380
9435
6293
2293
8711
8338
2645
7309
15
1341
3228
8709
2993
8695
2150
6849
5059
1572
7014
1127
583
5204
4134
3653
5873
8037
5880
101
4967
1746
2152
5379
1004
2702
8717
4257
7266
3898
3090
4016
5481
849
1101
8250
581
4487
8616
4830
7031
6138
335
7852
5563
8548
7586
952
5167
1801
5155
9966
3136
2347
3389
2813
9914
6877
3637
7974
4084
672
7206
9812
9574
5659
9418
4236
3662
5923
5833
2355
7358
4665
9134
2010
6536
4845
3617
9358
7745
1363
4392
484
8302
1529
2797
9211
175
1485
5053
3629
3218
2498
4003
8462
3581
1841
2662
7996
18
1285
1435
7355
2232
6610
2374
8347
7614
1650
6805
8789
3177
8347
933
5924
797
4312
6836
6576
8214
9623
7115
5429
6369
5683
8703
5225
5395
3764
6383
3805
2453
8092
2862
3034
9160
4076
2223
8918
228
5506
6373
336
2092
5406
7180
9304
2815
2521
4326
3630
6791
202
1477
7515
2367
7002
3385
9009
9345
3496
3684
4287
2291
1029
4600
3808
7249
8345
2351
3200
4734
4601
3644
5678
1635
5644
3553
3988
1388
3625
3155
5330
1342
6494
6855
2755
467
8992
7811
7794
8038
2074
2974
3656
314
469
7023
8346
5067
5436
1404
1196
3847
8391
826
5622
9781
8843
663
2301
1630
4211
8690
5392
5929
6735
4508
2645
4706
2064
9621
2328
2055
4972
1759
7036
5669
1756
968
5624
5166
6919
2543
2145
8685
2968
4990
348
7832
1114
67
6489
4405
2064
3724
3581
9748
8121
8914
5981
229
5411
9073
3934
8903
6206
3648
777
7301
8783
4264
649
1077
3386
1052
4058
3608
2040
1178
33
6279
8441
6580
3892
4699
2395
7746
9060
8576
8859
4750
1234
2293
1623
5431
6862
3828
1522
5164
4737
9060
7288
2811
3692
9622
9655
195
8044
2602
1789
7244
3315
679
419
2026
1879
2426
8520
1451
9583
1993
3242
967
7894
7441
2127
7310
8496
9891
6673
9593
8914
8395
2527
454
3915
1639
6382
2427
1551
7179
3301
603
2614
8265
3306
8917
5052
7631
2904
3775
8837
303
5041
9472
8814
2081
9448
2110
8019
2401
1604
940
5723
6088
611
961
8254
5341
7735
8981
9011
6885
8628
3672
2297
2469
7923
4642
7960
8563
8643
6643
1007
2122
4966
5361
6699
1186
1672
9723
6476
310
8521
4964
3963
7901
292
3407
7619
8260
3419
9462
5565
1385
1355
5807
6615
9167
2840
377
5390
6419
2932
1091
3667
5067
1588
1385
1164
2542
7174
7054
6042
5873
6077
7343
4119
8279
3810
4984
505
6375
1628
832
4689
7958
9646
4344
4426
3413
7460
2610
8667
1909
1394
8444
5801
3404
2403
6922
2655
6850
5155
1808
8959
5701
3965
673
7005
5328
8153
7685
4239
23
2324
7049
9569
4531
716
7469
6505
7912
1093
2866
9126
6955
8526
8127
7267
4171
5063
9800
338
1219
5127
726
3043
3103
6614
5544
6119
5065
945
7314
8674
7611
8551
3110
6051
9427
5078
7821
2835
3122
2550
7426
4526
5322
3752
7532
3594
7371
4427
6504
8619
4603
4926
1224
6486
969
4548
3979
3587
868
5364
3287
6415
8294
2010
4826
2326
5035
8956
7927
4059
392
459
5660
7682
6820
4092
6401
8475
6820
8846
3661
8695
5872
1270
9214
7656
7473
4926
1548
5474
8271
2791
8613
8883
7099
4074
4054
5842
6407
818
1494
1658
9684
6675
7474
1895
2493
8618
1233
4978
5611
5906
7555
1769
387
2387
1184
9159
1359
9982
6586
8780
9326
5371
2034
2756
1521
3173
1757
9627
8686
6077
2456
7239
3778
3217
1926
3816
572
7925
9408
6547
7203
414
6864
9437
5416
366
2843
7571
3341
5359
155
2200
2619
7339
6336
5979
9417
4826
6835
7097
279
1039
9230
6441
336
9221
8274
8476
1536
5783
992
1114
5838
5745
2523
2458
7537
2536
9181
7149
8527
6439
1122
138
6690
2648
2688
4640
77
8142
9596
9177
886
5535
2923
3205
5412
9194
2880
2428
3418
1796
7210
7544
2027
7168
1771
359
9964
9793
9082
6382
8223
9219
4190
9209
3419
9715
3861
6639
3410
2738
6591
1612
4911
2011
4245
1090
3380
3903
6181
6316
6408
7548
7387
8480
3132
7438
5399
427
7331
9025
3822
4195
7369
4121
8231
8544
4918
8268
7637
570
8557
7442
4520
6390
9215
9886
208
7535
812
8868
7908
3362
4403
6837
4061
1260
9580
3414
4632
5959
2984
4320
7980
6893
4149
4078
1067
3978
6107
1017
3624
3780
157
9805
7256
2453
3815
2415
9792
2409
5650
3772
9096
6724
922
7633
2430
2481
1335
3145
634
7666
7516
3147
1783
457
8730
5147
8966
1994
9621
5148
8540
6852
9173
5256
2980
3430
2483
6124
1621
3938
1998
2984
9765
9045
1257
7979
3463
1190
7325
5847
7654
7268
727
4893
4230
8848
9616
2208
4497
4354
7595
3118
7264
2250
3347
3560
9632
8902
1778
2952
8901
3478
952
8944
8255
7578
2973
4614
5142
8700
6288
1107
4404
3043
3780
7504
2384
4426
3888
5173
9020
8874
8204
1361
5690
1141
9248
8610
9772
5844
1743
8238
3166
6211
9324
9127
1895
3054
3283
3350
6696
4738
8005
8252
4001
3893
1106
649
7493
8635
9271
6358
5331
1262
1968
2000
6112
4945
745
6863
4894
6322
6800
7360
7469
3223
7832
3583
306
4161
5333
3622
2535
9194
4173
487
174
9626
85
8405
9179
9757
9828
1646
5699
5935
9875
6612
9781
7684
7900
2305
8833
6157
8553
5402
513
566
7604
6346
2598
6427
3581
2505
7639
206
6142
7565
8973
4116
4496
2480
3558
9883
9705
8340
6117
6714
7354
4885
9828
2058
1646
4390
4105
3460
482
3053
7523
5203
1750
5529
8316
8475
519
2483
1284
5974
5851
6309
2285
6022
2391
2585
5522
6397
9014
4588
4563
268
9311
8011
8973
121
4754
8330
5550
6849
2191
5169
7919
4166
9974
4741
2746
7374
8343
8091
272
2835
2174
4781
1944
8495
258
7198
3298
6004
2407
5965
3745
7722
1004
2532
7331
4760
4896
2199
843
7423
4637
5134
3255
7620
622
8690
7862
8591
5693
4829
1581
1464
1822
5361
6017
8835
2002
6862
5492
5471
2979
2078
9559
7315
1606
4460
1633
5781
8973
7222
7199
8176
7835
1841
4063
7897
8042
5442
8594
2511
8931
7592
1823
871
1735
484
7438
4288
6662
7834
7897
6010
535
965
99
489
7533
5862
5117
7878
6209
162
64
4494
6283
9641
1222
6570
4716
2664
1644
2439
2760
9278
3748
3821
3423
6187
7707
6989
500
1584
1948
8613
1880
1630
9226
493
2421
3348
4214
7933
6660
1441
7301
2303
8297
7579
4023
7470
5590
3058
4053
2287
5193
7270
3904
9229
2154
3085
4454
3588
6380
6227
5359
9040
4413
268
7768
6365
7204
903
1070
8836
8544
6886
5535
9677
3007
6223
725
1264
1267
6670
1355
9707
5418
9728
4415
2685
7456
652
9766
8815
6628
8859
5557
7579
988
1876
8861
9400
7472
4442
646
8206
4430
9433
7503
3266
1559
861
2711
1180
4072
6866
9119
6247
3259
7089
7086
4631
6817
4008
6974
6055
3082
1936
2384
7073
6553
9510
7988
6479
6576
5413
3148
9163
3637
9132
7245
8933
1494
3656
3187
1063
1933
925
5339
779
7351
9376
3022
4401
8952
2094
4133
136
5265
6804
7853
3941
2905
408
2990
6050
583
6120
8989
7175
1448
1813
2986
297
6831
9940
8895
4876
1657
5960
8987
4506
6588
1808
6048
4319
296
2421
272
8766
2550
2015
4858
3165
2025
5570
9019
6209
6161
80
34
2841
2876
3107
1311
8285
9203
1076
7054
4305
9310
13
5170
9556
532
6521
4887
7987
310
1232
9909
1003
48
170
5709
9015
3393
3792
208
5433
5866
8449
7934
9788
6000
3276
7873
7939
3354
3205
4039
9837
8804
2723
8972
2776
3838
1841
2483
8903
655
2638
2075
7781
5843
4286
2732
8084
1401
9477
7979
9550
8196
4941
8036
4642
4009
7676
354
8766
2889
6425
796
5912
6326
1737
2941
1245
1309
9821
1234
9332
1144
6930
8104
354
2719
361
839
6755
4268
5032
4424
1905
2248
8648
1111
6135
5328
7446
8719
4649
7436
9753
6493
4616
6205
2376
7429
430
663
3617
192
5068
6397
9844
6763
4498
7724
4280
827
3363
2146
6672
6873
5537
5694
4969
2149
8405
7747
4058
6475
8985
9842
4710
4478
7118
7090
682
7905
9791
5843
35
8798
670
2791
8696
9587
1893
3921
2327
9501
9051
2798
9200
4187
149
2369
5917
9084
4612
6302
9343
1715
6674
652
8180
5199
4705
7400
8553
5135
3738
9659
8334
3221
5693
1090
3172
6789
4436
7514
1700
7787
7741
141
382
6877
1645
243
1922
3928
5528
7067
2043
5140
969
5431
9077
9521
9634
8555
6272
2219
5934
1038
3852
5982
808
8306
6928
1959
1140
1759
1308
6579
7821
8004
1931
4203
1792
7274
691
722
8132
9006
6267
9853
6817
5282
319
8391
4451
6514
857
2903
7118
9666
3209
3037
9373
9136
9473
3995
9752
6961
2057
2065
2385
1437
6794
1728
2171
5594
8946
95
422
7355
4781
807
6335
9417
7377
3162
8800
1814
6826
1541
6228
8709
577
3595
1306
1681
904
7588
8220
9297
7356
9974
7839
5432
1398
9036
6763
8653
4384
3724
7493
9369
8771
1787
1907
7246
5302
5469
1667
5471
8040
1089
9700
2960
4763
5408
6439
2680
1449
6868
1597
7233
7569
3160
2054
9147
7424
1300
6464
8957
4090
5106
8343
1924
8288
7336
3745
6483
5947
3123
1633
4346
302
2514
6803
9093
3563
2588
2358
8086
810
6870
6141
3116
8428
7641
4108
9979
5864
2146
1641
9457
88
516
541
5956
6226
5027
5282
3036
2956
6228
1840
9625
8339
3704
9553
782
2138
4951
2407
667
2919
7692
1445
8204
8512
8196
3296
6391
4142
2451
2973
5029
2331
7466
5819
5655
3611
722
766
4168
3920
9273
8769
6444
5081
8022
8555
1372
8254
950
4058
4491
5281
9654
1314
5526
208
3746
3337
5487
2174
3163
5822
7438
34
1188
1691
2672
2005
1312
9629
7452
5543
7466
2017
6946
1790
6217
6652
225
2237
1068
2511
3517
8359
9633
3419
9785
883
7624
4817
9286
3936
3551
9764
7402
4089
9853
8136
9522
6375
6390
7355
3936
4668
8359
7978
4817
2100
2108
674
3405
4470
8545
3976
6103
8177
7751
446
454
9249
1028
9353
7380
8900
7665
504
3895
2367
1299
5086
8483
3817
5360
8394
364
5746
4222
9938
5763
2867
1476
3072
9798
4308
1817
3803
2142
4377
9747
5341
322
639
4909
3561
2440
2372
41
3434
3700
3280
8043
2553
1480
817
9693
277
1375
3713
3190
595
6162
2463
7120
1959
2662
6050
2414
1500
2615
9064
1639
827
1498
419
4439
9485
6088
2131
2807
5962
4728
8501
1684
9056
3559
6521
1253
6453
5131
8862
2142
5776
5095
2644
3238
630
6770
4824
3623
3008
4117
1235
7037
6063
9810
7537
7535
5349
3182
5065
3481
7893
2578
7533
2144
814
7789
4986
2463
8893
9822
901
6065
5737
7942
5067
4776
5204
1686
8254
3941
5044
513
2282
6504
9794
4480
2685
9209
4082
2133
6073
473
7394
8719
2502
9725
6347
7764
6015
2059
8089
2928
8930
9528
5293
2343
2131
587
975
5102
3124
5407
3907
5118
3309
2713
2222
3393
7382
2787
4701
6062
4344
6029
6258
6394
5014
8077
3967
3090
6365
9270
59
3945
5099
8989
6888
2805
4115
357
8903
5281
4564
5445
6466
7267
5750
1367
4277
8218
9444
1644
4173
9864
682
666
3559
8843
2236
8244
4147
916
4750
9950
8192
4063
963
2835
2408
596
7905
8387
3416
7813
3924
5107
1044
5678
3431
699
4512
9265
1997
3273
3464
6037
9114
9012
4887
7401
3451
5959
8048
1116
9689
856
2663
6609
2433
9222
5334
9711
6462
8723
3799
8859
2024
8383
667
8462
3800
9924
9493
5398
2184
1560
1263
2528
8874
8685
4067
4232
3736
5163
3057
124
3344
6583
5175
2950
888
7537
1020
4141
1513
4102
5855
8744
29
4000
8508
5897
2815
3395
7054
8153
5668
3246
7103
87
3898
7987
7659
4471
2647
2260
3822
8982
9083
6873
5886
1293
9021
3174
7707
5762
442
7235
6095
1041
1616
3280
9925
4699
8422
770
1838
3989
3884
4581
2659
6254
7037
9712
2340
6215
7960
6892
2592
6551
1403
7801
4165
6808
8460
7988
1970
9769
6045
6145
9516
1796
2048
6071
8599
9770
8944
3825
4997
2120
2513
7312
7969
1386
4777
2340
2493
2988
5391
7338
4811
9346
8418
8403
2717
9771
4298
9589
5620
7389
8508
8317
6177
3811
8016
5931
8303
6962
1658
4283
2855
8177
4045
6485
6715
2118
9931
7563
3844
2834
9884
4041
4925
1441
6975
5881
6263
2789
5073
3183
82
2603
1618
9866
3870
8255
1009
5418
4236
4617
5896
1013
8636
1808
1744
8403
4240
3144
8580
613
5902
9067
7568
9173
9894
6040
6102
4658
1154
9748
4728
8603
7880
7525
4968
3849
3433
4862
9747
9866
9057
5813
411
5536
1853
819
3020
1381
8744
1169
9432
8184
873
4056
3566
5539
6256
550
3836
7186
2326
1772
3291
4548
626
368
2516
6325
4162
6220
557
8193
209
9643
6887
1838
7254
1891
1615
784
9274
956
6937
8353
6800
2966
5524
1838
8783
8279
7391
1524
5628
5215
1977
4718
1345
9205
9157
1317
9462
6131
4370
2274
7568
9356
3995
8702
1307
3303
1822
8351
5864
960
5060
3472
629
3283
5816
4188
5397
9945
8630
6778
779
4802
5724
4976
2383
9540
8850
2365
7333
7293
1781
7897
8018
4040
7695
7107
8006
3879
4354
2299
464
5944
7794
962
791
7699
5638
4445
6910
2296
5316
4390
3717
1313
4970
3999
7088
6668
6492
765
6661
5144
5333
7443
856
3821
1632
6649
8815
1565
8718
4993
3959
823
3245
3580
853
3463
196
1237
8211
1546
4746
4710
8624
8493
3167
3805
4330
5657
5170
9493
2120
999
4403
5943
1837
3198
2751
9678
6281
7910
2946
6860
3918
4516
11
9142
3439
3271
4945
1496
2518
9866
4038
1775
722
7670
7401
331
7076
7020
8763
5694
3085
8006
8589
8873
2835
1898
2447
3079
7706
3348
2998
5014
6369
621
3208
7632
1612
8638
6625
2228
1037
5804
6646
8082
1751
6378
7296
3017
3694
6834
5810
8370
6673
379
9749
3257
3308
7560
9826
4682
6331
5411
4690
2392
8580
6816
3078
4802
1782
3365
8429
4665
2832
8311
213
3964
5086
3085
9345
7596
4265
5394
7117
9691
366
3000
5310
2664
3068
9241
9944
1574
4322
8641
1069
9935
2695
9626
5501
7148
6782
4663
6624
6672
7765
4244
7183
6397
9127
2728
9261
9071
6386
5308
5361
1870
1975
2747
1782
1247
2623
4139
2639
5184
2874
1795
6358
8501
5949
2174
3301
1291
3234
6048
2923
2930
4429
6167
1764
8371
5301
725
3627
6371
2841
2338
260
5377
4228
5800
1262
2333
5635
8176
3377
8490
1363
2574
5593
8301
5785
7969
9503
7315
3427
1700
5481
4043
9808
1238
2007
2504
9733
3370
309
8024
9627
2061
8762
7428
4980
4094
1247
9548
5106
1653
5513
8203
2708
3348
8388
485
3131
5331
2187
7328
6825
9651
437
3054
991
6943
7541
1636
1675
50
2418
5727
6481
1961
3540
1787
923
7418
4672
683
7302
1386
177
1171
941
2180
968
112
3855
5538
5129
1621
118
1411
3546
6929
6985
7402
3909
1445
3930
9576
7803
8093
5478
2959
4900
6981
5597
3425
6486
5600
3825
9411
9869
8342
6290
20
2827
1923
5723
8986
6044
5626
7809
9599
5073
8846
8286
5129
5115
5105
479
7789
4074
7727
7441
4986
1902
4269
2644
3196
6564
8031
3045
2619
6399
7688
1301
5935
3455
7215
5045
1143
7254
867
2099
5922
6141
2419
9592
6069
6249
8916
5845
3328
6893
1360
2664
6407
8951
4499
1348
5886
4509
3059
1210
4965
1401
7031
610
7497
5224
1693
6644
6300
7821
13
6944
3117
6675
717
3225
226
9382
1069
1516
8427
6755
3892
5793
8481
9054
3838
6673
9304
8049
5067
3193
4473
2736
9521
7183
6457
1181
3114
2919
2174
4805
7616
1998
6520
5740
778
1072
6222
6600
9929
9284
1000
9050
965
3328
6582
4981
1469
2379
3167
4965
5949
7965
8591
1476
7824
4382
7292
1870
4239
9522
9505
8016
9551
9181
7301
1201
3586
1802
5795
5695
1219
1828
9017
6661
6270
5546
9862
472
360
366
2252
2630
2318
8216
6546
8627
8443
8135
3233
6827
6214
5056
8809
2615
8724
9067
2473
7091
7977
7907
8268
5301
9638
1901
8154
8296
2703
909
1802
5368
3823
5178
9402
3761
7595
5095
4847
237
2436
7430
2901
3368
835
6259
7640
9367
1066
9420
2898
1991
1469
5697
5159
8267
2349
9717
8309
8529
2502
1593
8894
7989
6766
429
5380
3698
9477
5936
3805
591
2466
895
7948
6192
6298
8656
2291
6304
8124
5175
927
208
123
1253
5516
9460
9872
5298
6335
4443
1897
8435
5531
8449
5128
5869
5611
8299
2937
2403
5463
1649
8213
9597
6593
9176
393
1228
5727
3149
7854
2614
5878
8657
2265
128
6361
3093
7660
1496
4175
1812
2516
9016
4851
965
3869
208
4948
7639
8415
7099
7939
5671
7238
2670
7292
6809
3422
6949
7552
3301
2298
4539
5532
9377
8510
9689
3266
9308
4165
5851
1794
2948
6062
650
3230
2318
7295
6757
2883
7827
3299
2903
8975
4579
8259
586
9796
8213
2857
7244
6723
4347
2325
6957
9964
2125
3852
1849
727
4655
1880
396
9667
5636
7711
6107
1744
3911
8667
8086
6064
3360
6994
4816
7956
7994
3176
7257
3983
6585
8075
3757
992
272
5108
4602
2046
8919
5582
5439
916
6156
6626
7419
9571
8541
9729
8009
3400
8188
111
8887
4449
5848
1695
2078
3293
6148
7312
7284
8248
7581
1116
4567
2700
4790
87
9976
2685
1632
3339
3960
6194
557
1156
1361
2345
5457
9412
2621
675
7518
5426
5654
7623
17
1803
5213
132
7186
7628
4766
9420
6276
7650
545
2820
6950
7932
5711
3311
1546
4951
7305
4036
8968
2715
3446
9154
3802
4491
7352
5223
30
9269
5655
7099
3
3994
8185
6027
7838
1464
4919
8726
9808
3708
2638
7693
3584
2565
9764
9881
6814
2802
4641
5838
334
5216
6737
5149
8372
4420
123
597
4760
6561
3262
6801
4415
1826
6340
1830
5154
645
2159
1790
1610
7297
4814
4589
5203
7515
3445
715
1642
7790
5454
6328
6681
6129
4340
8973
6757
7747
7215
4372
4194
2485
5877
106
7456
8774
3501
9116
8120
1435
4553
6168
4501
3691
1376
2497
3585
917
3628
5658
7547
8521
50
8567
4375
3964
1497
8537
147
3410
6419
2988
3517
1647
1192
7459
323
6645
6614
6695
5953
6035
6802
1818
5014
7968
4204
7428
6075
929
1959
7769
5942
7323
258
1411
3291
8602
1636
6351
8981
6143
8701
343
2460
4025
2930
5840
8696
7185
3405
3347
2921
6611
6228
16
947
2806
7292
3847
2398
6896
8085
8752
4103
2071
3060
1309
5505
9580
4134
7303
7520
1258
4489
4184
5786
7001
6198
7064
1910
4310
9458
6167
3
2276
7022
8670
9103
1000
280
7847
1397
5935
9052
1515
743
4735
2847
7436
5389
1336
1300
7388
3034
3395
8502
6675
7431
5733
8998
2573
960
7836
3881
9416
9558
294
9220
1091
520
6133
8567
3097
3379
7017
4587
7284
5792
6849
5656
4221
5828
7422
7286
5880
4712
7165
8110
5173
3136
2808
5317
2103
5713
1444
6637
6103
6681
2563
7614
7796
4167
2291
5233
9040
1915
4164
5291
9740
490
886
2080
8880
9349
1870
7103
247
1894
6434
9851
5213
4632
72
3004
4695
4915
6808
4010
2272
6307
6987
7155
5500
1052
738
2466
7715
6730
2781
8241
3105
6689
8963
8714
913
1003
4750
5402
3652
4054
145
9280
2647
9162
6061
1941
9243
36
2821
4006
3863
8288
1942
956
7587
4487
9972
4452
4333
190
7450
7460
981
8370
4359
3340
1363
6400
9251
346
3413
4580
7375
2942
245
6266
5414
4403
3415
2159
7749
3359
9861
2970
3998
626
8496
6600
4160
5705
6792
8046
4838
4958
1440
5071
4445
9763
5481
1185
1077
4496
3346
7176
1822
5303
6191
9891
7366
4010
3363
8803
4039
5223
5013
8137
9698
191
2282
108
8124
7695
9422
592
2198
3493
9825
5239
6770
6990
698
4152
4065
8925
3423
9142
6621
4833
7457
5642
9214
6732
1927
7036
3947
8680
7933
4523
7118
6174
9546
8616
5097
6962
4533
375
6332
1044
8930
2040
2768
799
441
3422
6150
391
245
4153
4224
2544
2374
1197
3411
7633
3375
259
6569
3286
9624
3167
4401
3998
2848
8605
9987
2871
9351
1130
8494
9189
5898
4760
9455
1845
1280
7637
7012
2215
2425
4157
2893
8031
2212
9152
1412
9084
6935
3421
3728
3633
1709
5327
5753
9884
9774
4615
3241
6273
3921
2103
6215
4781
6373
2835
3179
6302
8973
5147
5209
487
999
5855
3317
3793
6706
1230
3345
3289
3231
5627
8639
6822
2926
9885
4935
1097
7438
3867
7103
1977
3611
4051
643
6864
1020
3178
6328
7067
2041
7619
3296
9877
582
143
8407
6548
3530
269
8771
8046
989
9263
1208
4379
1882
3221
4267
734
2332
4295
7545
4476
5236
7846
3083
4461
5553
6042
5073
3332
1759
7784
4876
2656
9188
8033
2636
6348
5729
4188
8188
4066
5667
3414
7538
6708
2712
9706
3252
7341
864
2014
9631
1080
5949
1997
8609
8582
4088
1948
285
7016
4344
9041
2050
3498
7479
2403
8894
2756
3520
2461
7813
6047
4637
3586
5096
3424
2314
1549
4060
8572
8304
5030
9295
1136
5579
1089
5882
5288
385
361
2583
6614
6397
2313
8476
3327
5717
5574
6059
1325
6466
2135
72
8703
6564
6735
9560
8280
1888
9464
1590
6216
7257
7039
1625
6490
3954
8750
6783
7158
391
4802
4957
968
8208
9399
1700
8068
4099
8665
1027
9563
1413
8226
2252
5913
211
7453
3458
1810
6680
242
4185
4833
7283
5504
7610
7059
5923
1062
6585
427
4806
4839
3969
8717
890
7107
1828
4819
4596
5482
2254
7944
2271
642
8320
362
9453
4354
8896
7714
6863
7394
7842
2377
834
9291
3396
7703
500
7467
8859
6182
4531
9800
8963
5732
7247
3565
7820
1182
4283
2459
8348
7073
830
9091
1746
2971
2391
9897
8007
7127
9289
7010
4520
9727
3041
6025
2604
8700
747
5457
2766
6531
825
605
8397
9741
1279
3031
3809
8741
1498
6035
7697
152
5803
349
3512
7432
4397
739
8592
4254
8203
4630
9647
4216
8566
234
6027
7251
1979
6864
4104
4246
628
7653
6843
2779
5984
2638
435
2336
9338
8932
700
4768
1503
2660
4192
856
3447
6736
3734
3390
2708
7056
3028
1904
421
2339
7639
4529
4612
7760
6295
3027
4583
5414
3159
9443
6202
4756
3568
7723
7604
1702
3958
5467
7967
8125
6068
2090
8160
7772
3957
1107
8941
6847
5518
567
7182
6645
6625
5248
6099
6935
947
1157
8720
9346
3902
2313
1275
134
2149
7200
4594
1015
8070
8282
9419
5767
2913
5126
6531
8521
6924
4423
8889
7295
4133
6593
1484
216
6255
1545
4723
653
3839
5578
2186
8193
1937
7003
845
9268
4365
4046
1337
6799
669
5739
5520
7854
9836
8038
23
9080
1889
6859
7867
2929
5427
1551
340
3679
9509
662
7266
327
6285
6188
3807
7747
7616
6652
7399
6953
5250
6872
9831
4702
3409
2010
5967
5218
7647
287
1883
6714
1288
8229
6299
5867
3808
5707
9023
9461
134
3451
3943
9384
5412
8091
7346
8015
389
1166
573
2358
1471
2787
6644
6834
9434
3604
3221
5285
9315
4012
6659
2805
5708
114
9430
656
8012
1287
8137
2628
7312
7255
394
1590
6666
9240
6664
2086
6961
555
7539
4151
728
2483
9667
4241
3647
608
2476
5148
8324
815
6325
7663
2632
1880
6943
1041
4273
2074
7816
2374
6705
1086
6148
5884
6800
7661
5136
9808
3350
1399
4731
6207
4514
7162
1361
7201
1547
314
4572
4706
2506
2394
6313
867
7122
9204
2905
4377
7631
6339
9143
6944
9304
2448
4597
2721
1820
7052
8146
8747
2968
7155
4258
4433
6914
3530
6145
2459
6942
4838
4851
4238
3974
9783
7462
8162
2429
625
1535
7498
2065
7922
7861
5698
3655
4940
7910
4752
1659
8668
2217
2439
4697
8506
6485
8215
4974
8569
8375
3033
7452
7081
6187
5804
3958
8108
2495
5311
2606
6468
4109
3163
2681
1412
4354
2520
9404
3357
8137
6548
5231
3421
8672
1581
9746
6089
8048
7416
5611
7709
4087
6413
8544
8074
9241
5481
8675
7039
2977
1306
2011
5575
6117
6163
2411
4667
7812
9133
3304
6095
8998
4091
4376
7396
5637
1792
3179
5964
1527
4092
8721
5653
2241
8860
8773
4789
8203
4019
1483
9418
6259
5175
4650
4988
9
2773
6104
6586
1418
5687
9939
3240
9806
4889
4674
9487
2451
2514
1941
2958
2886
3698
1372
9155
5841
3509
9917
1378
8037
9904
8304
1138
7439
8785
9538
4700
1704
9054
3224
6847
3253
8830
2091
891
5113
347
6094
1701
8530
3482
7595
8583
2937
4030
6342
42
1561
9585
8025
419
5364
1602
4509
6384
7786
7556
7983
5687
9006
7830
9554
4432
8976
6359
4151
243
968
2176
8013
2967
1260
9342
3340
1560
1046
8756
5462
2115
7549
2901
1626
8250
8703
6876
9206
89
5608
5437
7342
5625
296
6030
2654
111
1889
7174
5197
6466
7805
4780
3932
5860
4098
8111
6928
3967
1283
3182
9759
4671
2441
4537
8804
6766
5495
8380
6444
4279
5156
976
9507
3564
6915
4986
2340
3361
1073
1140
6056
5683
345
9706
516
4205
6868
7411
6818
1051
2147
5397
1717
592
5849
693
172
3134
7599
8292
2390
4643
7022
637
1010
937
7002
4890
3567
6259
3028
5931
9550
9824
2138
741
9072
5102
3573
7356
6268
7129
820
4236
16
2868
2525
9497
9311
6897
9256
4192
8719
7786
5184
5141
4459
923
4925
2025
6259
1354
389
5821
1928
1793
8675
7908
5028
2535
6369
1768
9152
7209
2432
4993
9302
6894
5614
1259
3538
7229
5420
7008
4882
66
1263
8112
5522
5809
7189
3664
5191
8153
1270
3940
2247
4277
8131
3418
7316
3320
8932
934
9953
1242
4450
4984
501
741
4965
4625
7393
8710
689
7614
8213
307
2440
2349
9326
3429
6316
2639
8967
953
7456
5829
3034
1174
6852
2807
8882
9578
9481
4747
4756
8922
8857
9724
6846
2279
5907
512
7284
1776
9301
7307
1497
3448
1789
9847
649
761
4495
6617
7544
361
8287
387
4979
4576
1724
9866
7364
3585
3071
6501
9533
7952
8028
2186
4532
6336
6259
7976
6955
7957
633
4096
5444
7283
4428
4654
6116
5921
6537
6050
5430
5235
4449
2835
1787
2230
6831
4803
7195
6983
4064
8729
1776
9054
5620
2070
4744
277
7971
7544
1128
9088
1640
4127
4048
6176
41
5354
8160
5401
2700
4681
2298
6734
1751
4397
6353
7470
6647
6109
5177
6693
2395
3242
1167
5534
9086
4831
3587
4114
7140
6708
7573
2056
6138
8286
1288
8982
6732
1177
9025
5332
2488
5413
1386
5637
8964
3162
4574
677
860
2057
6211
6873
4789
1383
3937
728
222
3549
9144
3047
1111
797
8908
7602
2878
4674
261
5494
1634
225
8046
995
4071
4506
6497
5171
7033
2471
8387
5535
6109
4277
3450
9460
7039
5462
3758
500
9616
4894
8470
5606
2154
2166
1863
5002
2717
5347
7224
6663
1445
7922
108
6682
4168
8932
1083
6083
1764
7992
662
6696
5138
5443
2850
1866
6112
5155
6907
3604
3102
8599
5779
7859
5181
1393
5422
6555
1328
7691
5873
5388
5418
9717
642
8644
3805
7740
513
4626
444
3480
8745
5889
6407
2945
9435
7590
9113
2431
4971
808
9962
8200
7055
4873
9310
978
4338
4854
7375
7025
2779
3779
5852
271
8126
899
4279
4253
5097
9087
3430
3358
5907
5612
5924
3776
2180
8264
5935
7096
8846
5626
4900
5387
1313
4810
8214
6063
4995
3579
8135
5708
9477
7611
9353
698
6035
411
7263
8632
8504
1701
7938
6375
3659
5433
8630
9993
5369
2580
4933
6023
4212
6235
230
6476
2315
7411
1721
8937
518
5124
8653
2321
1602
5415
2567
449
894
1775
8251
9620
2108
8585
5712
858
3590
1241
2685
2315
3425
7020
2771
6111
6364
2465
554
5767
4448
2339
1877
4934
4831
6921
5486
996
6260
7526
167
2410
1856
9956
5945
1405
9321
7732
6802
6502
9100
5615
9415
9459
8808
4056
668
2090
572
983
7610
4439
4908
6230
2120
5672
421
7331
9931
4116
1980
521
7919
298
975
6396
9590
9328
9446
6099
2775
4280
8897
4846
9919
9262
916
5386
8819
7052
5196
831
555
6298
50
1011
6364
5959
60
8072
8044
9836
334
2683
1595
2671
4120
7664
5665
3366
8747
2854
9495
2228
699
2097
9159
7627
4801
6081
5365
1419
5973
2353
6105
1655
9316
1573
8809
4120
2515
6143
2693
1236
8529
6057
9913
7282
6770
5687
7442
3054
2454
4354
577
1967
1044
7539
1422
9303
3247
5511
2992
2772
5506
6861
1156
1679
8662
5773
975
1906
5303
9103
9962
647
5063
3145
1877
5349
882
7641
8761
4819
6012
8512
9664
9260
9213
9562
8531
2302
5107
9896
5415
2036
1324
6060
1574
1648
9038
3121
7044
2683
1902
5634
9875
1225
6120
6398
3754
7142
7800
3884
6619
1087
759
3868
8235
9866
4455
4929
9429
2983
6608
3325
3489
1091
5781
1715
6920
7055
1516
6365
5745
4947
454
1418
9776
6437
3344
2996
2388
7638
4138
3635
3159
9963
4378
4095
6992
1078
4885
5333
445
210
8660
6694
2739
4826
2350
175
8091
4155
764
4732
123
8144
1266
1918
6085
2460
6009
3257
3157
2442
5452
8904
6548
2066
4862
7132
4703
8984
7211
4011
8012
782
3368
687
1340
8242
5539
4288
9516
3272
9003
525
7481
2597
3217
2965
7053
8250
8269
4735
3982
3019
9641
7581
9884
8649
6462
1927
3285
3906
5939
3828
1325
8615
1875
2807
1266
1671
1493
385
9024
8852
4042
9289
6082
8125
9248
8164
6029
9371
5122
2166
4554
3603
9318
1899
5144
7754
8775
995
1990
5512
5826
9606
8446
3018
4340
5421
5146
5039
9067
5925
4909
5107
1332
4126
3205
5467
9230
3486
7999
2751
7306
2337
4922
7533
3657
8922
6
9127
9441
5638
2346
28
6382
6955
3940
9272
4318
2579
2026
1951
9259
6626
3785
3877
7466
9513
7596
8868
5644
4488
8405
5133
5032
228
1935
8762
7084
9531
6288
8196
3145
6557
2613
5667
7698
6207
9359
5059
3133
6098
276
1841
6872
872
2474
838
5164
8603
6631
1418
9180
4858
8387
1260
510
2995
3336
6285
3552
701
7365
3948
3780
2710
9779
8607
7943
2474
4125
3337
2463
5346
1123
1777
4619
9802
123
6206
6441
1943
3438
1990
1950
5666
8826
8146
7878
4358
7709
9281
2186
9896
1730
94
5909
7568
7065
8797
4815
4510
540
6081
4383
4001
2099
855
1723
565
4481
4086
7944
2650
7555
166
5996
1772
1601
8312
8392
4164
906
4417
8830
1880
5976
1192
6607
2756
5221
6419
3823
2587
7794
2489
3673
1093
7920
7929
6794
5516
9113
8961
1914
9697
7781
5333
3965
8638
6416
9573
407
8962
232
6251
31
9567
5365
2205
1866
6348
4240
7892
276
5510
4498
1468
657
7253
7523
6596
2436
765
6257
1328
4481
4188
9326
7603
313
549
3217
1211
645
2008
8764
3085
5324
5514
303
7479
6130
3364
475
1591
5316
7302
8049
7813
8015
8924
5257
9165
1596
842
4306
3448
9476
122
1832
6111
1204
2522
8515
6155
1869
6521
3217
6596
1353
9027
618
4166
7288
5986
6551
7514
880
9603
9743
4682
2325
628
6196
3441
5737
6908
2806
9803
9465
6533
1722
7002
6854
5269
6246
4978
6245
3009
6858
7511
869
5186
5236
5457
6484
7795
2612
1780
3952
3911
7208
5920
4382
6724
9824
5153
5259
2694
8951
9247
16
3779
9360
6602
7736
8929
6298
6431
5302
2179
9588
4417
6093
6566
6885
4020
4781
3973
8936
7590
9658
6545
4160
3336
3231
8121
1312
6320
2306
6609
5572
1667
1095
8296
9474
9710
8940
5352
4400
8137
4808
5918
5828
7557
4278
9448
8719
4444
2760
3085
9597
1682
4561
9224
4355
2157
3910
7948
9770
5300
7665
6041
1339
9383
9882
7100
4258
5438
2513
9226
5524
2135
2245
6067
4529
5448
5136
450
8325
7102
7535
8474
6511
1179
3265
9546
5713
7848
2125
749
7556
2214
6634
9504
8501
1765
246
4721
8144
1108
9197
1061
8644
3664
5273
3589
7809
6053
9844
5284
1081
9057
6986
5288
1650
412
9289
7991
3718
7168
7942
826
6742
5492
9735
7746
156
602
927
7517
7239
4744
9453
671
4511
2829
9990
1762
8630
2001
5876
6879
9680
5160
494
891
5216
1389
3523
5839
6463
1240
6761
4208
7542
2961
6308
6019
9977
4539
6876
84
151
1620
4866
1836
8532
8006
2308
5060
8457
3329
3843
6129
1852
6378
3359
6829
4367
4137
4709
3054
5223
430
7514
9125
7367
6689
4278
9105
4178
4978
9197
7297
3511
3929
2215
9341
7549
566
3945
319
1615
5454
1951
3540
3829
9625
6580
4207
9861
6425
3606
5460
1895
6775
4620
9846
5100
6010
8069
1862
1434
6981
206
8922
9234
2279
2879
7549
740
135
5980
3997
7427
6526
4486
7925
2536
8326
9644
6205
5736
3044
7554
9436
2565
2628
5983
4781
7796
1017
194
4358
4510
6263
2130
6235
3171
9825
1145
6491
9966
9703
6199
9662
2641
3670
1812
7356
5608
2321
9373
3222
7717
1543
3623
169
4871
7254
9277
5501
9566
1310
154
4675
7016
9209
2339
409
7575
3835
1434
8698
5619
4941
6950
4298
2983
7072
7766
8533
2165
1732
6592
2902
9090
455
1198
389
7564
1167
9413
6395
7838
8944
1155
6070
9426
318
3401
5928
9035
8933
651
3193
7325
9889
2647
1868
9199
7988
3793
7578
365
4590
9131
8784
4001
311
9859
3638
3463
5292
1743
7010
8965
3995
5659
2062
9111
6210
6770
4390
9697
7344
1211
5075
3418
8263
8641
9377
1663
6127
1137
6116
8925
1241
2471
5989
274
1724
7988
4534
1585
6333
8583
960
9539
5256
7087
2971
661
6085
1326
1314
2072
435
495
9170
5221
5998
4734
7721
6896
4349
4110
8497
537
8225
2192
2724
1120
9285
1312
9583
1467
6996
3961
9811
4447
9111
6919
2773
3788
3826
37
240
8815
4892
7368
7657
3532
2321
9592
592
2158
3625
7639
2353
4985
3268
4272
5694
7082
1869
9079
7017
9160
6335
6009
8763
9248
7931
1314
6065
9015
88
4959
5218
284
9873
1586
4968
209
6890
5500
1321
1914
481
2028
2145
6837
9630
4998
1664
8587
863
5558
280
9679
284
2128
970
7119
9522
6917
7750
9503
2536
3919
11
5601
2691
5487
1950
5589
6169
5917
9242
694
8154
9620
6718
3293
2491
9084
8296
1847
4862
6281
6410
5955
4906
1246
236
1408
7356
2143
8974
7774
6055
9547
867
9629
9269
4786
9826
1213
406
6752
213
6520
327
731
3683
6634
6867
2155
1449
5582
2148
3784
9648
3388
350
7299
4974
451
3554
2701
8851
6299
6746
3994
158
3239
324
1447
2494
9092
8603
6977
8844
2265
2235
1169
5116
379
2233
8224
1691
3250
1174
2962
2675
3333
9490
3696
6194
5481
6977
5448
4210
2403
6993
5021
6676
4765
3342
1319
5197
2132
5923
1311
3313
7838
7538
1419
913
4072
5257
7086
747
1837
3034
1158
8745
4001
4357
593
4468
7121
231
3570
8139
5097
8882
2711
5071
6993
3099
8440
3405
504
9193
2575
455
1011
1274
2038
8377
3147
6352
6009
857
5941
8679
9208
6638
4515
3609
9948
7003
3160
237
6406
4761
5004
1671
3354
8902
1894
538
4011
8381
2218
562
2239
3076
8353
7778
6143
4983
5906
6139
3644
3032
948
9530
5315
2798
8161
953
9632
2996
4001
5477
3332
5425
7408
1449
6918
120
4967
9717
3786
6485
3900
6257
2497
3827
8567
7522
496
2016
8451
8769
7008
7361
2302
322
5628
8491
7609
305
689
1481
5757
5491
4283
8687
8585
4767
7629
7698
415
2614
7524
5863
9631
2202
5325
6119
290
4911
9691
1108
2178
2399
1324
4484
8603
2728
9213
2349
8246
3300
227
2540
1121
6211
6391
3249
1859
8947
6683
684
8630
3742
8567
7044
4352
2930
8301
5209
4684
7131
700
9808
5708
5747
6025
7096
1167
4881
4180
2459
4604
5956
8141
4774
3468
811
4646
6978
2974
2052
8219
4604
6533
183
3633
7441
5447
7116
3358
5204
4579
4695
6413
3224
3513
3594
8931
2987
1661
3682
3493
7715
765
8946
9620
1501
7895
6480
4931
7055
4522
5780
9545
5204
946
4030
1166
2659
1223
6105
4438
8090
9544
9068
6291
2029
9165
7772
3911
2736
8426
6406
2122
9493
252
9454
3488
7238
7567
6127
3973
2035
8061
4551
8072
6285
3475
3867
1011
7442
263
9488
3306
9519
5021
6382
9268
7284
3597
8825
8906
6403
8616
5941
4914
1528
663
7958
5633
3378
2558
2300
6581
8536
5732
1099
2143
3356
7267
7957
1638
4812
8535
5178
488
8652
1809
2384
5362
7053
7375
2025
3415
7910
4410
7663
8656
62
552
2375
9538
7837
2820
3051
3313
1667
1078
8599
2172
3319
9338
3997
152
7713
3330
2121
4100
9167
2989
7412
4979
1859
1486
2059
975
4478
2140
8129
2637
1755
4014
4601
1804
7394
9569
7737
2163
5254
2199
2932
7995
2211
9213
922
8088
5430
2546
1359
8049
7794
4256
2305
9207
3033
6362
7923
645
9421
9811
2908
3226
5813
3042
2175
5787
5424
7542
497
5120
9736
8244
3611
7900
4515
3169
4546
2555
6716
9428
1628
520
2860
1046
1190
9634
8037
7358
1208
8872
9278
621
8287
4228
9931
4929
2832
605
9158
9672
8371
7846
9441
2075
5171
8925
9936
9297
6528
7656
3724
4312
1581
2603
2573
69
1101
9902
819
5173
1025
5837
6124
7080
6192
9933
7450
9752
2522
5443
3071
3551
629
680
3117
5333
3668
5023
8534
2493
9511
1193
9651
3947
2255
3595
8801
3355
4276
1775
1558
9708
3775
4154
7059
7667
4634
1440
668
2067
3659
7684
5222
4028
8654
4473
3309
232
9528
7092
5551
543
3068
7267
3504
8936
1415
3394
1774
2139
7932
3315
464
5420
6546
6564
8698
1666
6879
2801
7480
4535
8261
1568
8936
1499
3040
159
7977
5377
8451
6351
9231
5431
3230
1743
3719
9284
5765
4522
2774
663
5381
84
437
3084
2985
9782
1972
6380
1388
8646
5011
4815
2886
1880
5758
1146
9648
7050
6181
6211
9989
6837
9186
657
6992
6661
1993
2625
5043
3684
3776
2166
3628
8219
9599
9336
8621
8040
3707
9644
4521
5516
7885
6523
6940
7137
6014
3144
4534
4876
2241
863
1024
383
1421
9488
1244
8668
4283
8744
6386
3958
1259
7136
6480
4927
6028
1340
2478
361
5067
9889
5122
2874
376
2649
4369
2708
3361
8736
2140
8007
2985
6141
5903
4708
9508
993
8031
892
5028
1199
3947
9324
4491
7976
9150
4155
6634
6686
964
8832
2739
3097
6676
670
7651
1913
6284
1866
8211
2162
5063
2722
1877
6152
858
4163
2985
1051
187
4161
3344
3893
2489
2107
1071
1846
775
701
2290
6143
6937
3503
8398
1394
1513
7098
2299
2553
6299
2700
308
2782
7424
7800
5612
1064
9344
1409
9009
9481
3612
4270
6479
25
5510
3487
7624
1265
955
4634
4273
1367
9984
4950
7021
3810
4413
1100
577
5694
4925
7613
2298
807
4236
6567
6735
9721
1226
2178
349
6700
7686
3873
8018
5375
2129
6475
2945
6670
2114
8853
5074
4428
7213
2286
2271
2793
9235
1667
744
182
7892
3930
1739
7055
193
3772
5585
8770
7986
9506
8198
4289
4351
2179
5453
5968
1706
5080
1982
4938
9113
5406
8100
4289
6461
9159
7427
3373
5868
3331
2056
8274
1694
6385
473
4487
2113
5164
5463
2493
6930
2712
9421
5720
5712
746
1494
2942
5729
3715
3561
37
156
5344
7528
8404
3309
2705
144
5508
6025
4082
3688
172
859
6561
3002
2592
8478
7540
693
5412
7141
539
1505
1525
4563
617
432
3308
6816
2009
6045
7553
7502
7979
753
9520
4529
4318
4132
980
4188
6930
8331
376
7052
4193
6466
4041
9926
1526
5703
6122
9954
8176
7837
2345
7995
7656
1828
2505
3194
6634
2720
9239
8808
5197
9737
818
1473
5519
1363
1263
6323
1624
9532
5828
7633
8505
6952
1729
111
8846
6427
6364
1892
2416
1268
567
4581
5183
3255
8955
3751
4001
8014
664
7460
7584
5897
6690
9026
7567
1188
4253
8236
8798
3963
4423
6544
3621
4280
926
9528
1168
5
3301
5610
4923
3455
6262
5656
4926
1980
4438
7250
7606
2777
3641
4135
9989
7645
4113
2949
8787
4101
9330
8441
557
4857
8013
7892
2556
9285
1875
5145
2004
3354
2817
6126
2479
2356
6381
6561
5276
9906
2474
9813
8376
851
442
7159
2708
6039
4316
3830
4358
5809
8951
9262
268
8037
3654
9132
9003
564
332
3191
9097
6996
8219
1893
6391
5592
827
577
1563
4055
3727
1627
9676
8795
1234
2857
1170
366
7691
1276
5117
2893
7928
7602
2724
6936
3201
9727
9707
1430
6085
4603
5362
1024
1185
7151
7513
4544
6962
3396
2936
1568
4615
8667
6424
1
7107
8966
8169
8446
9458
5127
1928
295
1190
2960
1620
848
8353
295
4240
1292
4484
3875
2617
745
2546
7007
8702
5567
4185
4601
3229
5944
6819
7216
8681
7486
8944
6615
1902
7193
9620
4335
6078
7926
8697
2114
2559
5809
4461
768
6222
3883
2242
8561
6730
2587
1255
422
9930
9946
8383
9142
3682
5840
3975
9316
1746
3736
2232
6613
8205
4984
3043
3434
5611
6562
2155
1222
725
37
6303
7534
3505
4757
534
6865
5486
1225
6506
9652
5999
6117
2692
1361
770
7657
2223
3801
1590
9201
4030
8502
1707
4589
5257
9005
3064
600
9250
6018
996
9718
8479
949
2965
1680
3178
929
3551
4685
7993
5704
9084
4586
5813
1724
8528
7179
6638
1171
2396
2478
4195
3099
4432
7494
355
8058
9203
8656
3939
1159
879
2892
3535
8100
9846
3929
1896
4512
8678
8865
3670
5508
6294
8205
2521
8465
8495
1775
408
7839
2102
6447
4951
5916
6549
590
4737
5306
259
9932
9630
282
1039
3854
5630
9432
7513
2531
3327
5051
8323
3060
2023
4328
3346
6400
6203
8620
9284
7447
2005
5763
4244
5300
543
490
5623
8814
1637
8178
1949
7825
771
2677
3319
8448
3604
7608
1947
4731
8807
1791
1474
4497
143
4431
992
3858
1283
8048
9894
1897
1102
5606
5739
7583
7892
313
9289
760
7960
7479
8065
9295
3138
877
3651
4473
8559
7886
4612
6045
6926
1579
4206
6700
5115
6014
1335
9746
4765
1031
6257
7329
3460
2062
5962
5010
7236
5441
507
8446
9609
6017
3394
7367
2174
1462
1641
1397
5558
1883
2154
7060
2435
4525
2554
212
1060
4335
3492
1311
5974
3740
3109
4906
4734
9507
5981
6204
3922
6124
5996
7701
7663
1349
7968
9976
10
5222
512
5939
6466
3288
2813
5171
8981
6453
4667
903
2520
5715
9082
5712
2837
6573
198
721
9369
7600
5992
1090
6865
6205
7780
386
3165
8694
5008
445
5590
760
1740
4439
6078
1222
5749
9462
8640
939
3584
6943
4024
5081
8464
4562
2477
8693
5459
6037
2069
8929
946
1378
3845
9109
863
79
3538
823
6619
3412
2387
1177
232
8320
4074
5173
8714
4703
4298
7528
5686
5541
7824
2585
1373
8893
8542
8093
9363
2682
3761
8180
5089
1032
4229
692
1844
6732
6000
8429
8705
9855
5787
9725
3804
7101
8556
4058
2748
8929
8744
2884
8459
5617
8357
3386
1052
2583
201
8173
8373
9793
1141
7411
6178
2689
1526
916
5081
6703
5889
9322
2415
7873
8775
5638
8487
1218
2707
5785
1263
1297
4522
2956
2367
1969
6726
411
5377
4196
5842
5735
945
1818
9959
3184
5498
594
8332
7374
3537
6161
7784
6332
3368
5833
8210
363
4732
2131
9815
204
5306
7242
96
220
2638
9911
4029
9166
8430
3877
8055
6206
2000
4286
5209
3487
9653
2245
5787
5495
479
8344
4021
7532
5013
5832
9429
2971
8960
9266
3714
284
7843
1964
1820
5486
7717
5910
1476
5776
9039
8399
9922
9803
8006
2623
4314
7291
5177
7214
7113
2024
2534
1600
4766
5400
8143
1287
4182
7174
6105
1687
5858
7010
5091
2237
4801
6668
9613
8097
7523
2994
8122
9969
668
342
3830
7523
7736
5051
1133
832
1729
1872
3314
8224
8285
3532
9541
5376
2352
3195
2267
247
270
7341
9320
3287
9065
7414
4867
6396
1689
4074
893
2932
2146
6493
4051
7347
2318
4505
4744
5337
1515
633
1280
4117
101
7321
3588
7766
2973
6995
1413
5420
3369
8459
2223
2915
2031
6586
479
465
1259
8433
8344
3700
7525
4941
6867
5817
581
2658
1483
2860
410
1578
8581
1114
3609
272
6582
9796
7098
3782
5680
3461
7997
7298
9708
9215
1568
4061
9058
5655
9737
2280
3969
107
2337
1
7764
3174
6445
9539
3964
2141
3112
210
9175
2353
5432
543
4294
3403
6918
6314
6051
4706
3117
9340
5383
1536
3947
4792
7938
5065
9447
9947
6494
3040
9893
5342
5315
6284
7640
426
4676
139
6413
6424
6824
7036
1405
6435
5338
9590
3735
2758
7654
273
1124
2333
8839
9423
4469
4837
4650
994
1027
6995
505
4455
4301
307
2551
2918
5200
4818
862
1664
2873
1766
4348
9823
5964
2892
2998
2696
6110
4516
3597
1999
5968
7398
2244
1363
2271
6804
7712
5031
2950
5087
1955
7239
5206
3564
732
795
4169
4468
5675
4406
4952
6780
4131
3633
9956
9610
4831
6424
5968
1815
8239
531
7879
6569
6921
3839
1557
1085
5780
2023
3688
2184
2314
8325
1285
7907
9449
5994
8191
449
1541
1638
5775
2317
8921
7619
1683
3382
7260
9232
1682
7889
8642
6441
9452
8164
739
7222
6618
1662
7758
707
2091
361
139
7631
3339
7736
614
1779
716
6624
3060
8374
1378
7585
6666
611
7896
3978
6644
1826
9376
1870
6678
3026
9370
2355
5944
7438
3952
5644
9365
5761
2630
4755
7836
3374
4889
152
9980
1005
6065
4139
376
925
7950
1593
94
1462
6409
3085
3786
9250
8967
8789
9383
4654
2422
3917
6329
1447
582
3756
9747
4200
5166
8870
8212
6838
7997
1622
825
9411
796
3622
3551
5556
8813
7388
761
1778
338
9804
1627
6353
4445
2029
7265
811
6403
125
5795
6929
8774
8429
2449
1520
245
3606
298
6989
1499
11
8497
991
3013
7815
7358
3623
6739
2385
8298
6434
4699
9730
196
3948
1766
5245
4698
5630
1748
5824
8274
259
2830
491
50
3739
4925
817
3165
2388
8353
2373
5638
940
3454
8551
836
7447
9901
9762
8498
8290
3298
9798
4431
3437
8132
9436
2645
5090
4922
9745
4204
5416
6931
5990
6806
5168
8853
5456
557
2912
5711
5625
9123
8604
2906
8038
7825
8920
1317
4576
7495
5525
3998
9240
4623
7011
8026
5047
3867
6135
659
6292
1970
7719
2580
2134
4671
4927
7730
5800
2950
1887
9348
8555
111
3565
1698
488
2307
8312
1524
5350
2211
9205
5803
7293
3442
5713
3284
7465
4023
3587
9785
2463
8641
7736
1615
6917
3001
9442
4635
5619
8990
714
1126
3893
6945
8692
8412
5339
2104
2805
8616
8608
38
2802
4411
3616
7184
4263
4089
1498
9315
6342
8048
7589
1192
8648
5378
1652
5688
4002
1837
6531
4091
1100
1860
7494
9487
1244
8609
695
4897
9910
2786
8449
4633
7967
5001
6368
3991
3163
268
9243
8539
2
8141
4782
6312
3991
2965
8899
5091
9935
8396
9212
5466
7623
6196
3229
9488
9863
6381
3473
1665
5027
7716
3208
4532
1839
1350
9168
7472
8992
55
8557
6259
1147
9709
8255
8273
9157
6717
2457
7478
8001
6784
5505
5180
9221
5399
7771
4810
1760
8269
4711
371
7772
4567
9266
6389
5994
8555
4456
9688
7194
5317
3676
1192
7267
2247
859
9135
354
8164
6374
2764
502
2995
3154
6734
3174
5908
9749
7390
2457
6019
8489
4057
154
6004
574
2246
137
5585
6707
4930
3618
2816
358
359
6172
6420
8775
5869
1801
2493
6849
3702
9570
1861
8728
5001
2737
2290
8179
2077
3947
8699
4916
614
2612
1787
607
8692
5856
4484
1391
3294
9857
4268
9331
3360
3253
5672
8421
7142
5597
3245
557
3276
1235
9330
6147
6948
3623
2157
3965
1122
857
2371
1448
24
9761
1488
2584
4135
9454
6872
8589
1276
2550
7074
1984
1262
8426
4988
4724
4640
202
4455
9418
5365
2595
6945
4357
2441
6021
9210
7008
7476
9796
786
8747
5185
4061
2364
9330
5831
2824
8280
9069
3280
5199
9067
2396
7738
8309
3983
443
6243
982
8343
8597
7565
1887
6551
5988
1832
6379
9296
7945
5642
1544
1813
1877
5075
2932
8788
887
1045
5307
3204
5165
8258
4416
4546
9855
9960
7860
1882
6806
1696
1071
1706
2873
4820
4641
8693
5262
7251
8930
9016
1671
6113
7147
230
9890
5482
9926
5986
8175
7546
832
6303
585
5523
7980
71
2817
5738
4867
3033
4570
8203
958
5254
9883
437
4793
4994
8649
2489
2320
9889
5387
8603
9184
3393
3599
6330
6146
3063
6094
6376
1766
284
1948
5359
6398
5394
998
9035
1300
4145
4851
3743
783
3658
6571
6468
5053
2802
8570
5753
5618
4622
8861
8975
5201
7306
5267
8394
3236
8761
4120
1995
5705
3814
8742
7023
9655
2554
429
6756
1694
6296
3313
825
8075
248
8623
1605
9703
6583
4631
8763
7933
775
5443
9330
4851
8904
6432
9978
1943
5618
2760
7061
7875
3721
7027
8554
8183
1942
1823
3245
4533
5937
664
1566
9559
6885
5180
8581
874
8922
6313
997
981
9046
5090
3466
9387
9044
2803
8803
1802
6171
2324
9484
4553
7096
5121
9262
2875
8570
9965
6876
4413
6646
4556
5206
560
2323
6364
7007
2945
4860
1010
4795
6485
5562
7512
4422
3231
8415
1658
3890
8190
955
3736
5383
298
2106
239
8195
1371
8985
4498
8994
6944
6030
7105
4286
7653
4956
5832
9934
4201
2846
7230
1440
6572
8682
81
6619
7001
8019
3886
3899
5617
8976
4333
6296
8089
3039
2691
5089
1704
7421
9108
