6798
3164
6572
3322
5706
8796
7545
1216
2147
2864
135
3947
1296
8926
1901
6740
2196
8278
1901
9834
9514
1111
4547
1149
4249
7745
961
1317
2457
2473
5350
9930
5515
17
7322
3833
6611
8691
9697
320
3483
5669
759
4914
4166
2838
2273
2691
9620
5663
7215
4436
6055
1098
2218
1703
1915
4890
618
9353
3507
8766
9470
353
9556
8604
4168
4688
6582
3813
4399
8904
89
1695
6729
1333
3219
4693
4503
5778
7687
6792
78
8953
2562
5831
6120
9574
6644
3251
2214
4876
9236
3497
4935
1544
8581
9172
7767
4507
1023
4732
6621
49
1432
6807
9960
5023
1815
8135
1654
4632
2970
130
3685
2039
152
802
662
1860
1532
9099
2643
191
8568
1973
8986
4946
3970
6014
9279
3587
2562
8577
2629
3798
8481
1157
128
4087
1746
9796
5574
7787
24
6824
3830
246
3434
1184
49
4413
7864
3068
960
3830
3025
8294
7079
6104
2200
1326
7480
6838
7119
3002
2682
500
1024
1372
1795
6398
6893
7869
9042
8473
5573
6016
2420
9044
1131
1928
8
203
92
5660
2485
5164
8459
2289
306
6053
5443
4862
9835
2618
9462
7274
7305
7305
8131
1522
9277
1806
4698
4096
4830
2555
7430
2272
772
9987
5840
7095
8886
5401
1533
5470
3843
7481
8372
8056
7409
8199
2487
704
9455
4957
5906
2969
9771
3631
21
1607
7779
5450
17
911
6855
3222
4823
5943
7199
8644
6924
4172
3581
4003
9293
5914
1524
6207
655
201
7493
3104
1650
3087
3244
8336
5612
3258
1808
2624
6488
7715
4485
7790
3101
3479
7418
8083
7757
9059
4498
9711
4356
4903
3768
3301
4841
2805
4046
1240
7088
68
1529
6777
9853
2177
4243
9743
4275
5830
1161
7085
2874
3827
432
2236
6748
1332
7663
1140
7228
2744
1794
2867
4199
5999
8391
6020
568
9436
5681
9362
7505
1698
5469
6903
6722
9902
4144
6782
1435
9738
3922
8194
7280
211
6839
7601
7527
3733
837
8183
3252
2683
7129
5088
4953
117
8295
7781
4471
690
2505
2708
3115
3910
3118
6257
7323
5407
1096
3896
7130
6413
250
4912
4095
2764
8629
4164
372
1681
5033
4994
4363
1211
9362
7762
405
7713
6932
5245
6364
2091
9820
2058
4270
6386
8261
1633
9454
4276
4
8284
529
6236
8052
5990
1691
6744
2367
6818
9232
1621
3224
123
3430
8932
1544
9643
4680
9987
2168
6438
2828
5259
5967
8870
1073
4831
9282
8382
1524
4076
411
5677
6627
6680
4850
528
485
4850
5252
3664
9930
5991
942
3378
9065
516
8683
6836
6539
7438
9808
2822
7883
7615
6201
3800
7455
3931
3711
7851
4352
7479
3421
1770
6564
802
6650
4026
2888
7117
8441
3232
3433
2894
9957
1081
8238
2698
6178
8272
818
2165
4114
4367
6884
2490
1375
5977
1049
7972
5647
1084
9498
4921
9251
2234
5112
7364
9836
726
9152
4647
9812
3239
3789
4125
1180
3463
7723
9556
9087
3448
1891
9899
7839
27
1831
6207
9807
7637
1963
69
1371
6176
755
3852
9273
5636
6579
8258
2975
9838
6507
4619
9686
5607
5691
4045
5701
4056
3742
8920
9102
5920
6058
297
6576
5107
7939
629
651
5697
2210
2
9474
7018
87
7332
7577
7350
9099
7960
4958
3655
6130
4030
1406
2601
367
6178
2314
6231
8546
573
7420
2688
8314
2313
8381
1373
6947
9217
9579
3307
8479
4199
2232
4769
8786
8348
6057
3655
464
9736
3447
8770
8482
8582
1867
5753
6140
667
9315
8825
5667
2905
9223
7887
8656
4077
4602
3134
8399
9833
8205
92
3268
9311
8818
628
8942
4682
847
1722
6151
9771
1501
1028
7730
5719
3592
9522
1463
2717
4133
8327
4887
4352
7134
8428
407
763
4618
7191
4737
792
2612
120
2824
3265
8065
4649
1839
7186
6595
6650
9336
3855
6443
7471
2583
3590
6154
6060
915
6329
1020
7331
825
6562
2465
9833
7036
9593
4099
1594
4211
6059
8020
613
1913
4485
5271
6438
6038
3445
372
7846
3338
3299
5515
5653
3924
9985
6545
6422
8954
2266
4109
1147
1880
2489
8503
3537
788
315
8417
6360
7804
7616
6480
1661
1381
2959
2353
7289
9338
8878
128
6084
7525
1061
226
9044
9502
9837
7801
1370
4951
2412
9149
7301
4014
7490
2455
5494
4971
1283
3895
277
2751
3921
8413
4266
1340
7201
3736
9159
6898
4199
5513
754
1489
4436
1255
4776
7653
2171
9142
6320
9266
2484
9612
1197
6954
827
2248
3988
4607
3586
3347
8835
8512
2503
6701
7392
2001
3425
4289
77
1955
359
2920
5949
7035
7261
5062
6462
9064
5418
5449
388
3666
8967
9426
5883
2641
5323
3512
3168
9021
4920
6166
3333
1348
3004
9657
8864
4037
4972
3204
9876
5638
9627
3212
1839
7129
4450
2785
2976
7169
7558
5913
7866
8772
188
5828
794
4756
8341
3555
1850
9677
3676
7639
1579
6236
9715
7031
248
8618
6877
9146
9865
5691
8725
8992
7767
2364
4011
9784
3215
9334
7125
8304
3671
2569
2330
9534
6518
9944
8492
5583
7226
8505
5997
616
2375
4215
9025
3749
3450
5887
7124
9170
4966
1542
2303
2548
9950
6372
5943
4450
1822
3554
3895
239
4305
5217
2951
2925
6959
3852
9304
7083
2529
5136
4850
5812
9896
6610
8644
2424
5820
2556
7816
3274
3348
3639
2134
3430
7602
9796
5050
267
3369
950
2404
1187
1888
5032
1586
260
6441
3421
6869
4078
5985
6530
1384
8267
6451
1900
2019
1871
9915
6596
1839
7821
8741
4789
8527
1804
542
9893
718
8693
3730
3408
1302
4130
6760
3233
370
490
7776
424
9855
6400
783
986
5931
4567
7437
2199
6335
5417
7476
3529
9617
856
1565
2339
7465
7903
3339
2792
2588
8978
4764
9826
9892
8762
4965
7143
9550
2336
1307
2099
3796
7784
9345
604
5036
5425
2573
2317
3419
8382
2900
4193
9842
5400
780
6296
1742
1290
5870
2589
7466
7660
2017
8304
2369
2797
1173
8887
6323
9136
7734
6291
8180
7400
7581
4754
1233
9360
5737
4372
4413
6360
7543
4678
7077
3912
3027
9273
3781
5394
3376
2379
76
3964
9818
2902
8611
7494
3393
1348
9928
1942
1981
9740
5510
1261
3396
4048
7867
4377
1053
8489
8330
2198
74
7319
4083
7567
8435
5553
4728
9587
6854
2078
6518
3826
6667
9964
3125
8992
3261
957
231
3139
5366
1771
8402
8244
4325
3480
7292
9549
95
351
2573
3195
5346
4288
8397
5856
781
5629
7881
4197
8492
1347
3838
1332
9125
6756
2106
5740
7212
3150
7058
1194
3562
2498
2078
2825
5874
2707
3318
5169
8725
5277
3377
8470
6004
2623
892
8319
1377
4847
7781
5194
1345
8965
8030
4229
3109
4312
8398
6293
666
6862
2282
8538
3738
468
9689
7777
5884
6080
2732
3408
8510
2292
1026
2305
5681
8768
9924
186
3031
1065
2491
2093
3287
2141
7046
4945
3336
6176
5287
4092
433
755
6245
2170
6078
6823
4220
5915
7962
9310
2867
311
682
1691
2065
6310
7508
4588
4254
8329
4636
8936
8624
9404
9022
5340
6584
9119
862
2270
5549
3764
3085
2619
6737
7973
7974
4377
5473
3160
7245
9173
6256
1189
4006
3577
3592
4398
7475
4502
8454
1057
8758
8280
6417
4946
3412
925
8834
6013
1585
2862
2757
7952
7259
6338
4147
8508
3210
7857
3607
8851
8814
8884
4502
6056
2771
1821
2226
725
6186
893
2971
9847
2154
2255
9366
3955
2734
6535
2409
1272
9606
44
8011
7461
5355
7143
8537
4632
5215
8604
5328
4845
8055
5884
5142
3067
1305
8189
3067
6011
488
2492
6401
5976
6305
9269
9445
1185
6632
3458
4384
208
1877
8923
121
9639
2431
2614
660
8024
2166
436
7700
287
4100
3464
3054
5633
4931
1686
244
4916
2610
191
7512
774
9128
4828
4324
8808
6503
2003
254
479
1742
3065
8090
3388
1166
1673
6342
8112
6085
5075
8787
8430
8677
6786
974
3539
1025
174
6754
5156
7845
779
2993
7451
2557
8446
9491
1819
6909
5127
8626
7157
160
3563
9089
6708
6508
9389
1164
1974
8645
6647
2667
122
6819
4306
2091
7265
1024
8427
3202
8413
600
4105
5508
6772
7157
5911
9705
7096
1250
3648
1876
1324
6489
4949
8636
2089
8842
1950
8648
3509
741
7652
7314
9358
5755
8034
2951
2021
921
7107
1993
4238
3411
9897
6958
2972
7759
3922
5641
4388
1546
2685
1895
5050
4872
4679
6597
23
5326
6329
8462
418
5503
1131
4308
1343
7237
3678
1692
3302
3792
5132
8751
2997
6739
3811
573
1961
5501
9837
1209
7818
9761
52
1444
3632
7393
412
1362
8760
7008
7943
3317
9480
3407
4130
278
2465
4443
5008
9969
592
8351
5552
2234
4786
1853
6586
3929
8555
5891
9970
4450
2299
7170
840
9744
3157
5434
5529
9471
1416
6618
3422
5735
2034
6044
7237
2047
5833
6630
1172
6008
9469
4392
387
5915
3523
5271
2052
8076
4143
7590
2595
3702
3776
3513
3143
2186
9251
8887
6335
1813
5793
9116
5872
4698
3469
4353
4106
8642
4998
611
1682
2532
3245
6642
8587
6571
4086
3632
8978
5566
3255
8363
1544
1722
5270
6336
9078
6627
8089
9653
3857
9101
6793
3593
9162
4412
5331
569
9491
1815
4420
6698
8601
8465
1499
9444
9135
8898
7817
4340
5487
2875
7272
4027
8327
2454
3231
7143
3891
4641
7103
8366
3468
7542
3552
7719
5377
9586
273
1457
8606
597
6765
8060
6333
8605
5510
2472
7291
2505
3182
7112
6250
1004
1349
1078
1417
2044
8522
6620
9379
1704
1670
8070
929
9657
7510
7831
4698
719
1837
5528
5747
3542
6706
7329
529
1984
6074
3093
4686
4279
9901
6062
4214
4913
7618
4986
2916
6388
9883
9427
5672
8862
451
2936
6909
5730
4778
2083
8908
4944
6806
627
5760
8503
3463
2457
6202
4536
3795
8262
4216
2254
3717
1407
3878
7306
7719
7672
5413
6390
8902
639
6411
5083
6007
2266
7713
1648
3891
7504
1167
1039
1819
296
3592
3489
8149
2777
1345
5536
58
4422
241
2799
8432
8801
8212
7371
660
2009
3375
2574
4553
9108
925
7406
9776
7198
7621
7943
2476
8188
5666
2983
7453
5656
2337
9486
4300
5834
22
159
9381
7812
9599
5504
3566
9570
2971
350
7372
9898
1469
9605
2732
7176
2145
1145
7794
4216
7026
3003
7202
5839
6870
3294
1517
8430
2566
739
1035
1317
4893
3742
3789
4822
7199
190
5550
8016
5391
6405
1533
1694
9822
1268
2019
2150
7314
2500
4306
8118
2745
2879
1330
7453
4123
1830
3975
6127
8642
9747
1428
2866
7519
9248
864
2575
1007
4674
7948
811
1413
6565
4213
9181
9979
2366
11
1804
8381
7614
9156
8819
246
298
6747
3413
9488
6818
3954
1712
4258
2562
504
6089
5463
4703
6279
6806
7053
1155
7988
4674
4085
5915
9272
7476
4972
4980
1316
7169
5835
1468
3345
6777
8930
7090
7685
6466
3011
8055
8977
2106
2629
4873
6468
3163
7523
6298
8142
1696
9530
3995
2732
7584
1278
4056
3575
6152
1875
5559
8345
8855
323
9928
5085
5022
4986
8586
296
428
9752
6986
804
3765
9113
831
9388
6057
5356
9617
2283
2875
9290
842
3460
8341
2607
5380
4447
4530
6288
7059
3465
9403
2133
4401
4821
4069
6031
9641
5046
7465
4513
4655
8233
382
5911
8833
5113
4786
6473
7759
1753
2150
9999
207
8843
4570
5821
6969
6263
9507
5466
6689
5422
7405
4410
3967
7245
4754
9541
6235
941
9217
2780
6818
601
1320
2471
743
8677
6074
6991
716
3631
3935
3330
5688
1297
7076
5553
6420
970
9927
9474
867
2884
6435
2959
6112
4814
3940
4236
6231
7733
6862
3173
4609
130
2283
5262
2012
4113
5637
9436
1857
4653
7872
9757
5300
8708
1777
8910
2095
761
1880
5852
8879
1544
7982
9966
6181
2114
2025
2861
6780
5493
8447
9087
4160
3365
6465
7621
4479
5314
8771
8545
6025
6574
355
884
5548
1228
1041
6529
3893
4482
9191
1996
9143
3382
4801
569
868
4397
524
9080
6587
4147
8678
8717
428
5238
6268
3683
8176
305
8239
5812
6578
9307
6557
2708
7261
6237
6632
8117
8250
9209
5112
297
2489
8500
1065
1303
7241
2484
897
7746
5254
2610
3913
8141
2511
5675
9647
8475
7401
4899
4381
1966
7356
6808
2583
775
1424
262
173
5653
2745
2798
9266
4086
9318
9221
1498
7133
5643
1555
3777
8322
7807
6584
325
2746
3543
755
8963
7087
4148
5978
3431
8588
938
6456
6834
5835
2866
6886
4081
6783
1616
8633
5739
6390
7061
9706
3816
8966
4871
7087
1562
4126
2729
8747
9568
45
2446
1886
6158
6748
1511
7826
2868
7611
5881
6329
6398
2113
9286
5385
2969
9858
9741
2885
5100
6521
7519
7798
9716
6099
5943
5508
3532
6327
6405
9366
7271
6216
391
8650
9445
51
7355
9643
1364
5811
8836
1107
6176
2165
8629
6796
8435
8409
1714
3690
1488
6959
5107
9815
595
826
8284
8131
503
1288
98
673
1055
6144
84
7916
6219
633
4373
3048
349
3373
1064
2488
2109
4336
1456
5067
29
3503
942
8698
967
3535
3315
7673
2135
4886
3848
9727
1202
1730
1830
9911
7188
5120
4678
3638
6754
5012
9937
4468
9204
3193
6242
1297
9096
6371
597
4912
5969
3628
2121
4443
5528
9864
7907
9998
5142
3465
9484
6905
7284
2211
101
8561
3922
7494
4283
3856
6580
8865
2828
731
1834
6772
659
2851
3824
406
3747
1313
352
2828
5256
4738
3881
9850
4505
4688
6788
285
7897
9808
1201
920
8175
3639
8482
3366
3689
438
3560
5132
8937
6633
2934
7239
8228
3324
553
4573
4396
4544
9053
9176
239
4410
4164
4933
4892
1196
996
937
1278
8479
5163
2736
1881
1240
8633
3755
7970
3964
8278
8652
7577
4678
1210
3098
4601
8964
3920
4864
3205
1508
4173
8562
1443
6167
1402
2371
9168
8492
3381
9986
5590
3845
6330
5571
3576
2992
3713
1056
7387
6895
9069
365
3737
5359
5976
1191
629
1151
2644
6667
7617
5286
9750
3972
8101
9853
4073
4169
7580
7856
4793
1469
9791
9500
5870
8696
3953
1679
7344
3957
7482
5455
2403
2979
8127
9522
17
9663
9146
7290
4891
8610
6643
4461
3456
8731
1471
2099
2485
7399
4512
3159
8320
3876
8530
1999
560
2109
5871
9892
9385
2221
2921
716
3536
2012
15
4631
7224
1249
6923
5596
5732
8524
7620
277
1243
6495
8826
3638
6453
4143
8563
2971
940
5856
6335
1221
530
8904
3515
285
6358
3359
3001
7641
2845
4271
3074
3472
5817
1386
6171
3833
85
9579
853
118
2361
8368
9748
8510
9603
7042
9265
8748
7995
3568
9364
8997
4641
8989
9647
6261
2046
5595
2143
2396
6094
6547
7569
2562
1626
6134
4756
6312
7524
3578
9661
7665
7252
6316
225
5176
6563
3177
7167
3608
2272
8473
119
8849
8538
8937
9251
1814
5380
5041
1965
3043
3205
6439
1015
972
733
4227
9103
1994
970
3033
9744
680
1759
1544
2724
7918
8684
4189
2954
2145
3835
7850
4595
6029
162
1392
1894
8955
7375
4719
717
404
9327
6770
7347
8937
7239
3138
2413
9407
1053
7582
9110
1631
146
8041
4600
1290
4266
9571
4035
2793
6228
1154
9007
2488
4121
5164
2668
7438
9312
382
9156
5445
1780
476
101
881
5962
1685
8582
2340
9944
4352
7926
7871
4938
59
336
4135
2169
9893
7878
6613
66
3556
766
8543
8312
147
4338
4875
4884
1083
9790
9913
1339
4325
7580
6612
9614
1580
6567
9440
6234
6601
1271
8626
6156
3323
366
7573
5332
8290
4031
4012
6842
2591
3927
9211
3049
5382
280
9962
9117
7903
5420
2075
5245
4981
6003
6597
5591
1866
7667
8670
3458
5100
235
1165
1741
7654
1124
2909
7279
8972
1248
6014
4798
8811
5651
5792
2307
2584
87
506
9660
6513
9422
3689
7744
7492
9111
2695
3034
7192
992
1093
8376
4851
7387
8367
4115
3199
6856
4957
7397
5083
6854
5559
1348
2391
9485
4564
3557
6897
3216
6176
9859
5971
2942
5528
1433
781
1680
5774
1537
9483
3968
1291
2261
6222
2738
744
5511
8848
5850
2662
9323
8905
3697
3859
1743
1672
7179
6062
2758
6810
4880
7527
3516
4381
2945
3975
4431
6109
4872
3979
7457
7519
661
2209
1001
611
2699
1700
131
3075
9195
3860
4987
8873
7531
2669
4360
3642
8917
5707
3244
1430
7702
3768
4489
8991
4869
2129
4512
8369
8253
7837
7299
4177
3354
2536
8889
1297
1854
47
1843
1751
7315
7519
4533
7159
9087
189
3556
1000
7329
5964
6828
9484
3053
1341
9130
6141
849
862
6237
9607
4916
9292
6792
4602
7454
433
2649
4756
4812
4859
2767
4756
4033
8774
1029
1499
3114
3839
3817
2518
2168
5948
2321
5480
3652
96
5594
8149
1820
9225
7529
917
8371
5062
1866
7801
2465
9637
4470
1067
4015
446
5192
5615
9633
1500
7242
5966
9766
7407
7496
6101
4685
623
886
9846
9403
7872
6833
8099
324
889
6690
3430
6440
4580
5806
8985
9440
8111
3254
6006
1363
6113
2889
7533
1247
4454
9127
1842
3386
5235
1898
8837
3281
4463
4630
535
6840
9285
1469
9062
6823
2954
5243
6898
9941
4910
8925
7708
5895
4222
7435
2694
959
7898
6041
7541
9961
988
7977
2671
2619
216
1730
4673
3757
134
1787
7092
4863
796
1524
3619
5883
7069
7734
4928
3141
5752
1592
7496
8052
1536
6181
9748
2218
65
6320
8890
3072
5896
3256
5474
7956
1804
1600
779
4435
1635
3990
2605
1712
5008
8672
9409
7812
5368
6548
5809
7563
4015
1002
4463
238
4752
9786
2327
69
9067
3256
5758
1142
7903
1254
6604
498
2394
3915
4053
6719
2121
1472
1096
1432
4657
13
3309
5678
7782
4257
3868
1257
4699
1876
1304
967
6025
7632
5856
5939
1430
5085
781
5576
5857
8727
3598
7334
6077
7580
8628
2407
5305
1868
953
2401
2236
5713
9981
8678
7586
7440
9995
5379
8449
4535
4219
207
5772
2586
4422
555
4766
4472
3185
5609
5036
8757
157
7291
2227
1970
7344
8890
6416
1707
9249
6198
2865
6931
4423
2520
8245
9760
4014
6029
3293
4651
9079
2068
3803
1496
9233
4492
1635
3324
237
4029
8163
1332
5438
6861
6795
8376
8219
5332
5048
3537
2520
9228
4882
7409
1970
115
1019
6493
2392
8471
5901
3392
3425
8135
7867
1862
1611
5750
2252
2955
5949
7274
4024
4143
4952
1977
4412
4007
3665
3856
5849
9671
5879
1845
8096
3914
8948
9964
3083
8246
8199
2570
9151
8938
8513
403
7075
85
3469
240
5296
3885
1065
2680
2815
3116
2143
154
833
380
9848
8088
7250
9750
4285
5022
2731
3893
7011
3871
836
7115
7878
4746
851
2761
50
9691
3147
4265
2475
2595
2033
4662
1942
2979
9975
3701
8088
7169
9439
6813
1700
9600
9960
6789
1261
7943
2645
8407
4346
9761
8758
3423
9282
4210
1568
1645
435
3741
6364
8305
3193
8489
8456
828
7381
3327
453
3900
9119
3093
306
8178
1108
9860
9198
5956
193
1108
7831
9960
3598
1238
2240
6603
564
923
8555
6278
2233
4656
8608
9575
197
3469
3986
789
1997
4608
6832
9286
1115
6474
283
5440
6314
6614
5663
1598
9327
7267
579
1417
1107
331
4051
4553
6408
7885
1350
6602
2338
6815
2507
9642
8
5244
82
6258
2005
1092
6308
1561
8274
5020
40
1026
5432
1590
2774
1090
3043
7318
9706
2075
5641
5244
5267
2807
3792
8287
7504
6347
7824
4960
5057
7108
4762
3817
4514
7667
6219
964
9216
4931
8903
6123
1955
827
9834
5532
2556
6351
9983
583
4065
8569
6357
9133
8803
6976
9334
7917
3790
3371
7168
9543
9018
5792
8871
259
9310
4177
6427
5686
3357
370
6401
6250
7827
9229
9560
7863
1237
2076
3208
6491
3902
6998
9523
7080
5345
7742
2465
76
3607
7237
3897
6487
9823
3856
2923
1695
2017
3194
7802
3126
5604
7477
4619
7199
2842
6596
595
6008
6824
1968
9551
1329
9683
4558
2463
4724
9687
6412
2927
7315
7654
7844
9086
5173
542
2641
3527
6451
2739
8870
4160
6103
7877
8058
2800
1578
7734
8502
2230
9053
4978
315
9208
7185
1978
6366
9937
1405
3440
8389
2920
525
5856
6580
4945
2955
6394
7775
158
4087
6091
7244
2195
1026
1608
4480
3345
1340
2924
8735
9704
960
3042
741
221
853
9255
740
3035
24
2911
5256
6056
2044
3120
415
9386
935
213
2429
7339
1038
716
677
8344
333
4755
1318
7663
981
2913
524
9830
4536
8750
1982
4725
4629
8452
7982
5915
1613
6165
1284
6700
3513
8976
3899
5340
539
1709
3582
493
845
5024
4953
8132
4387
2022
6379
6202
942
5876
4666
1031
9978
6461
6521
4314
9066
1649
9352
5594
776
4295
9117
7137
6768
6680
8894
895
907
9860
8284
9247
6203
936
4939
919
5535
78
5358
2367
8300
1337
3959
5117
4237
4882
9009
2888
3019
6885
5268
1323
7198
782
9807
2239
2623
1678
3944
4615
3962
7023
2096
4903
5299
6970
9824
9679
118
4476
1970
3314
4533
8585
9662
3928
1302
1136
4273
4678
8170
3877
3046
1084
8320
1246
2996
1466
7380
3818
4744
1526
3131
7429
3056
5890
5961
9484
2728
4996
2220
7363
8761
668
2922
8632
1157
7991
8275
6399
4647
4020
5880
6316
6950
1993
7906
2774
9239
6368
6776
3719
8558
2629
2918
2990
9936
6810
5904
7901
2746
829
6389
7879
7128
7630
282
6743
5334
3553
4142
8043
7895
9302
2214
6578
3844
7273
1667
8093
2369
7691
3052
7296
2019
4310
5974
6775
1972
1821
1910
9792
3968
437
3297
3988
6486
7594
3893
3754
9234
3729
9807
98
6707
1245
4371
3653
3107
7750
2381
5963
2439
1358
278
7435
8778
7250
5380
1929
1034
9507
4482
5149
7156
96
3870
7442
932
3024
5006
3472
7835
8472
8910
9037
7559
2577
2132
2082
9908
8410
4766
8833
9203
4195
9754
1537
2914
1879
3571
8228
4475
14
773
5299
6231
2986
9737
9151
7460
4968
477
5475
6675
9332
5262
8897
4306
3027
4185
8800
4781
9754
5907
5985
4379
6217
6592
3885
1462
3093
7834
9639
620
716
3521
3924
5235
7035
558
1565
3659
624
9452
8441
1102
823
6009
3796
9312
2375
4790
844
890
8781
7682
9761
3650
2015
5978
7581
1534
3822
4220
9560
219
9806
311
1710
712
2481
7951
2710
7012
4861
3718
8346
3341
2085
6603
3984
7713
6104
7620
8460
8651
7713
9901
9118
143
3166
4987
7772
4538
7267
4221
381
1651
6165
3865
6419
4059
7684
1431
3696
2561
5213
1123
4005
8106
929
6166
4660
7370
4907
3669
5494
1042
744
9478
8231
4720
2770
1848
9118
8263
6506
1669
6800
122
9791
431
799
6124
2184
7128
7470
4961
9759
6084
7701
5927
8178
7605
9672
2954
7673
8954
4
5066
1184
8703
6934
9055
5407
9753
9741
1771
1824
4153
9501
2523
6979
8880
3830
8009
2102
2047
2924
1487
2550
4892
4151
9850
7641
4679
7144
6289
7727
5325
5793
2715
9311
6812
1514
9999
778
7720
7799
5542
8074
9226
2334
2246
1681
7224
2705
4991
9923
3998
7504
1460
2671
4048
3067
4070
2909
9334
8887
8553
157
7283
8743
332
7848
3001
3911
1126
1979
3698
4109
7062
5411
3200
8801
408
8405
4178
6821
7974
817
2453
6002
7712
9033
4804
2035
4213
926
6151
4833
1851
9372
6100
6818
9972
4565
5568
3333
6575
2673
9408
3204
9492
6276
9950
1258
43
9937
774
7027
3644
5577
1319
2146
5257
5879
5112
4720
5342
2974
1593
8935
1140
9992
310
3472
6841
8633
6438
5016
4817
5582
6456
1784
1683
9147
4460
1909
1791
7184
2316
387
8173
318
577
6030
5808
2658
831
6661
5058
8485
1255
5671
9511
3182
8131
2405
8028
943
6186
7289
3624
6764
9523
4490
5954
2504
1754
1133
1702
8110
2006
8136
9197
4391
1375
4445
760
366
3551
4854
7099
7277
6364
7400
315
9903
2784
7332
5140
2632
3601
1350
4571
5211
3431
5186
2503
451
381
5416
7629
66
8416
2794
6571
9344
5522
5917
3049
2981
9228
9408
9101
3196
4753
3928
7324
2439
4034
5359
6207
3048
1735
9595
8887
2315
3551
8861
2406
1038
830
8492
5316
3390
6092
5218
4865
1273
2924
5847
791
4859
9250
3978
5511
1490
7051
9633
4929
7448
7089
9011
7697
4927
9308
9862
7003
6919
2835
9952
3943
8952
2519
9997
2449
4311
8471
9029
736
4951
1799
1525
3889
6378
7435
6746
1402
1407
9308
7867
122
3189
3843
7982
8916
7920
8855
9999
4361
5359
6653
5323
169
9786
2875
5230
601
7183
5825
4343
3633
2928
654
7188
4797
7903
3994
7930
296
4582
3659
5396
881
3396
4765
3441
7572
1305
2039
3601
3946
3716
6561
1467
3444
2096
1151
9010
7991
81
814
2081
4435
6632
2472
9335
3919
414
2327
8903
7281
1963
2983
7234
2905
5343
1675
9389
3787
937
1440
6475
2082
4815
1974
2036
9571
5467
4180
6094
3958
9900
8313
8084
6461
1614
1375
3900
1246
3599
9142
3254
9079
1081
9952
5445
1366
5385
4516
5891
3723
7817
617
4069
1018
5180
5525
5589
1227
2379
6435
1380
4708
4868
1266
215
6090
3726
8288
7274
5442
5209
147
2982
4629
3403
7273
3198
118
9489
635
5583
1623
4246
5966
9635
9869
9929
3197
7695
70
4659
650
4586
7242
3738
4263
1709
8780
6235
9024
1981
2620
9571
6897
2615
5954
9351
2500
7298
2220
6904
5448
844
9142
7947
9954
8864
9957
4646
9298
2824
3509
8762
7346
7766
833
4832
848
4007
8575
2413
3429
9350
3650
9602
1001
9673
4545
2620
7851
9362
9156
3
362
1314
4677
9062
8640
9188
1628
5919
9660
4716
9448
1476
3955
5520
5410
9801
1305
3395
2825
3984
4118
9090
9985
7868
7571
4032
6195
3877
8459
2592
1479
248
7089
7187
928
1243
7282
2553
6262
6874
4061
7041
1041
5188
6625
4628
629
2297
9400
1303
4910
3002
4116
7672
1689
6838
1354
5901
3941
8723
1547
5738
3331
3935
5043
8680
9573
1241
4534
9712
4764
8980
2739
6410
5511
5589
1550
3667
174
4935
9597
5654
7665
52
8982
7285
9308
2859
1086
6039
9999
8560
7633
5426
6911
7166
7113
6544
1799
6585
5561
6321
4663
240
8718
8540
4893
5550
615
5680
9100
1774
4216
6740
954
1535
1954
1647
1145
320
1333
8950
6917
1984
7465
8044
2966
8536
2932
9778
925
7723
6983
8094
4475
5105
4187
1061
8901
1233
4907
7319
2897
4092
5839
7987
4790
345
7140
837
80
1328
3930
9789
3813
6346
7418
3512
4139
1308
2490
8136
1288
6584
3865
4258
3398
4101
9066
6738
8430
1865
5228
4982
2206
5926
6714
6425
1275
9807
5902
7512
5592
7259
5226
3754
5908
2028
3609
9107
6666
246
7124
5395
8629
9626
3056
4538
7048
4538
1072
8041
5369
6712
3287
8795
2632
1755
3390
8109
1023
9723
3949
2850
3301
6865
4973
3201
936
8683
6213
5268
131
1193
1582
1475
8458
6690
6510
4928
2942
4419
3839
3457
4650
272
4050
1744
8189
4223
6814
6096
1101
2675
207
9871
7274
9729
4316
7602
1793
3684
3094
6329
5975
8381
9149
2865
1261
2985
2828
5538
321
2381
6657
915
9934
1504
7694
6722
13
9732
4204
2002
6661
3967
5107
6125
4018
7133
366
211
5188
6296
6068
1388
7751
760
8825
4882
8791
1381
5228
5623
3340
5343
2501
8170
8771
509
524
1582
7066
1381
498
8335
4625
4675
3924
6303
427
1033
3282
6799
4139
1293
7597
1390
7
2741
8768
9190
2748
8212
3824
7064
7832
9529
2547
9631
5083
2963
5333
2577
5741
8547
7958
5153
8099
3885
6252
3823
3363
8887
8442
6890
1071
1592
2241
7337
202
702
1460
3869
5217
4676
660
8198
6860
231
6268
1250
1691
9500
7892
2139
3769
9897
6033
3231
8172
4433
1465
7150
9535
3501
5068
3919
3330
231
7140
1661
871
8879
2741
2111
2548
2550
8177
6105
4032
5562
883
9079
2713
3206
5565
7331
9358
7997
7595
7640
961
6967
6628
5049
1769
9347
6971
7013
7769
9219
840
9075
9407
6503
5655
6840
1388
1664
8938
2494
8063
8107
3881
3828
6582
3954
3506
5954
4685
5259
6431
9594
4627
5647
3532
866
1468
9254
8190
7967
1871
3006
8874
2593
9813
6684
2184
2922
4824
9146
5160
6557
5277
6507
138
6636
7314
3477
3020
6011
1042
7529
8060
2199
3591
6303
6994
9646
5892
5310
9806
8512
1876
1203
8435
7213
2672
9584
5797
9977
4288
7437
334
5872
8482
1573
8800
7166
2673
4384
3600
1218
1673
3966
2453
7169
8572
130
4226
3010
7924
9518
6736
71
9507
1185
3249
5145
7762
2183
3093
5595
6890
2307
8300
2654
3897
453
5644
7528
3791
4736
2947
560
8493
6766
6405
9347
3145
649
7899
5653
2856
4841
3395
1396
2812
7251
2898
8443
6787
2045
8598
2518
6362
2717
792
5950
929
335
7056
4087
6022
7102
9523
1744
846
5825
4832
8975
4384
839
3031
5067
4708
7237
912
1681
5975
5942
5578
7787
7267
1228
2845
5583
2955
9076
1142
2668
7192
1388
9564
2092
5797
3564
5130
5204
7999
9953
6132
5672
7910
377
8031
9767
2328
8354
2868
8211
6667
9834
9982
2674
7457
6011
1189
4884
9454
8306
6878
5958
7738
8021
8687
4439
492
3977
4856
7248
4996
979
9256
8169
4009
3792
6515
1331
9509
2616
5814
623
3825
669
2190
5814
2198
2037
2877
5226
8301
3645
7979
357
1577
8420
3659
691
4843
3922
5451
7037
1712
3569
8334
507
2308
2886
5619
4639
2058
7344
3561
3861
7679
3929
2839
8488
5002
5453
3842
7411
230
7980
8326
2394
9602
2580
6128
618
4478
2158
3379
5231
2567
85
5452
3511
3618
6001
7439
1213
3423
3949
5621
8441
2894
3770
4594
7319
2935
8564
5366
9277
7367
5850
2565
3835
8269
7540
9460
1468
9031
4918
9222
3247
1991
8200
6178
5002
5043
3074
5360
1851
5955
689
7985
8398
823
4057
5204
947
2760
763
9187
2262
3960
6446
3135
4247
3816
236
8096
8869
9942
3780
2352
3090
3910
5185
1202
2442
7654
8372
6075
6857
7235
2211
3205
9188
6623
7296
5370
2555
1852
37
4366
2307
2695
6922
9919
1305
4681
6051
8562
7578
7150
2699
497
9338
1858
5888
8781
7175
2440
4913
9826
5017
9916
3893
2264
3572
151
2345
8234
2449
9100
6612
7666
9904
2027
388
5573
5357
3376
8853
8918
5906
6646
759
1666
3299
3306
9081
2591
853
957
1152
7610
1753
9452
270
522
8261
8660
4184
7021
4510
9094
5387
8870
9167
5901
3913
391
6852
7367
5258
5704
3511
6267
6118
6496
7304
3924
4002
1043
3999
5349
1424
8196
9006
4999
1641
1257
4601
7150
4110
6397
987
4898
8352
7753
8993
2346
3765
7484
2063
6237
550
8109
6815
9403
2193
6263
6086
3526
263
6669
5955
1631
312
7172
3315
8170
2268
6138
3510
3064
6753
2594
6371
5262
4141
8343
8872
1525
9757
5281
3912
2007
8725
6305
2064
5183
5826
2449
887
356
9518
8650
1778
8563
2288
896
8857
4606
9566
6208
7974
6425
7112
589
641
2896
9133
5217
5520
4839
7347
3328
1086
4569
9984
3168
3974
618
6789
413
527
8683
9714
2313
7933
9020
4408
6228
8486
9686
8335
1404
7394
1152
4789
6
2525
1137
9732
2351
8751
2224
9550
3390
2406
9461
9504
5446
8112
7904
2778
9855
7345
3631
7842
9549
918
7514
4844
8270
6004
5485
6559
9793
81
509
4455
4684
2262
1067
688
2130
3797
3642
7107
9863
4324
9359
9587
2709
415
5784
9655
3123
5607
7844
8314
2031
2715
5489
1600
68
7630
5552
6803
5231
1222
3754
1956
7614
8649
4215
3082
2491
3778
7035
7434
8754
1041
1004
8085
4252
996
1137
9333
4710
8754
6633
5930
9193
5529
7497
1306
3339
4382
9526
4395
8395
7607
6547
3685
5356
8426
630
2064
530
9619
7715
9581
7078
7065
3218
8672
7553
1948
3804
2010
1865
7714
2976
1291
210
6052
9640
9508
5134
513
6700
4125
5983
1782
485
8862
1844
8379
6528
1554
6916
6508
9939
7212
6573
9236
3205
8580
2484
8837
1108
8545
1003
818
2632
5970
1655
4800
1989
7316
3553
9463
5528
3469
1112
5666
2719
4642
6570
2471
9073
7259
7806
7003
913
2703
2645
5057
5460
1166
1749
2582
7490
2301
2621
7411
7829
5443
7071
7063
175
2451
7703
9208
1385
572
7627
5950
183
1155
3335
3033
7024
6642
1539
6230
3917
6693
6189
6766
9644
6126
2404
6958
3686
8203
8615
2179
6779
1348
6958
6479
3077
8635
5589
4621
9323
8668
8537
9316
2989
7489
7063
4138
9985
3977
9927
4423
7347
9561
9105
4106
4881
5530
6807
443
842
10
7853
4596
8849
118
85
8406
8974
3186
2869
780
7837
6920
2289
3542
5483
321
7380
6160
9403
6532
4972
1985
5860
8158
722
1245
8891
290
3751
4214
9926
9264
3913
7448
5446
1099
76
242
243
9918
7066
6793
5813
7909
9354
9847
5635
3970
604
9526
1761
333
7531
1940
2356
9894
785
944
1185
4328
8303
4442
5061
4884
179
9759
6355
4672
6365
8949
6514
7372
405
5410
9851
7183
3342
1336
1226
1112
1496
5215
6415
6165
4281
3240
6948
6500
6804
5145
3417
1985
1234
8672
4336
1976
7500
2247
1670
7449
535
910
8190
17
2061
7109
8383
3184
9095
1257
974
4095
3821
6356
7212
3650
8747
8854
1994
6134
6056
4911
4924
6813
8125
5528
9470
9675
9568
3708
9035
6710
620
2243
8242
9663
8931
4166
5827
1721
1509
520
8936
7665
6232
2191
9938
323
5364
7328
1176
1115
6585
1962
4035
1766
399
620
1096
7810
5577
7840
1255
1394
9537
4633
6392
5544
8615
332
4436
2873
2035
2753
9271
7664
4819
9621
8700
5304
7501
3977
3360
7035
5251
4278
1517
9023
1598
480
4944
115
8989
3511
6577
5951
1093
1126
4588
8948
9210
6419
5790
405
8719
108
650
2755
9600
2761
4859
4608
9663
4590
5288
312
6879
5509
3537
6661
3321
2442
4825
9651
5642
704
7635
3404
7209
7930
3997
1916
62
3540
5607
6756
6022
1205
5246
5135
7491
364
7533
392
4479
5676
6347
2648
5919
7502
3108
2705
4806
7832
8383
8690
7023
4934
5869
7682
6305
4354
5106
447
8690
8357
3019
975
7776
9465
5682
8742
3057
5375
1265
6916
4487
9459
5268
9262
7426
9949
8264
9880
830
4157
3804
2058
9656
4744
1964
4370
7492
1121
1653
7225
8551
1445
7253
1632
4510
5964
7892
956
2878
6268
1535
4521
1866
4002
531
7487
921
3178
7332
6404
7215
4501
4301
9829
5592
8003
3970
9213
2877
8575
5996
5839
9136
5341
5498
7266
500
4008
5025
4244
6082
7643
6651
1048
6109
2082
3564
6617
6652
1814
1203
5367
5148
5066
2410
9627
1893
34
5635
9204
9037
7212
337
3163
9407
7234
9073
4549
7581
6780
2614
2270
5535
7481
6581
5072
349
3695
3718
7344
6891
8221
6704
7309
3365
9567
4005
7418
503
5463
6540
4767
5684
646
1074
2597
2595
4776
5906
1440
6717
8500
1460
741
8745
3998
3408
6652
2531
4472
2770
4439
2960
8091
6603
3263
7120
2467
5741
8728
9289
9979
8404
7663
2285
4265
4144
3641
6391
6712
6486
1482
8228
1695
5525
5997
6111
653
4466
9620
4841
7986
6822
2832
196
9275
2878
5021
1311
521
8446
4261
8724
2493
4515
579
371
6970
4881
2273
5640
7644
1372
6161
8987
611
3601
6205
4849
8520
452
2542
3093
3575
3397
6311
6861
3630
2998
8932
2239
1891
3610
1348
344
5577
4758
2282
9806
5358
3165
2126
90
9619
6563
4558
1082
1870
5687
3221
1887
3905
7068
8212
8658
1996
5362
4215
726
4435
4886
5864
7506
6518
4601
1777
9876
7437
3666
1526
8076
1414
7846
3341
7747
6045
5676
8326
9907
5135
7005
9385
7925
4049
3710
1894
3744
4049
4506
2996
5921
3516
768
5453
3510
5507
6702
1452
3186
4055
7147
7622
6257
8025
8394
3967
1793
9299
5299
6656
6164
4626
8386
3087
5569
5409
8336
8675
4536
7189
2945
8606
5356
6931
6263
2121
9102
7180
2436
3035
774
3888
9787
8648
9110
842
7380
2381
2065
1720
493
797
4769
965
7568
8836
3752
6573
1845
1436
4851
2439
3890
6285
9277
1134
8719
4433
6886
2075
209
5098
8912
4230
368
7269
2635
6994
424
8511
5357
4197
8875
7644
3605
411
5208
6384
9354
5242
559
1312
6089
9210
689
4709
9989
528
3770
5140
6464
8700
2487
355
9455
954
2471
400
9160
3850
4595
2973
8968
9036
307
9195
1885
8425
5366
5546
2995
7639
2602
2221
2659
3676
2930
98
7675
7840
4032
7951
4649
5033
5248
5779
2857
7035
3740
3296
967
6497
8742
2064
3110
870
5616
5977
9984
5913
8013
1228
6899
1942
6140
8431
1418
1528
8406
5010
3593
3639
3024
8121
7410
8104
4488
5671
1817
2806
9305
6052
4052
3482
3859
8032
1592
124
7997
4310
2015
8167
6748
1134
317
1785
6540
4187
6809
9184
3606
838
1376
3014
395
7429
8654
6337
7348
8629
1365
9838
8023
2375
8270
6116
1676
4786
6382
4736
8429
6983
6400
6672
6947
3660
4792
5131
4736
236
5283
7538
3803
8633
6893
5249
3383
7631
1255
7050
1538
2746
341
1147
1088
7039
5553
2279
270
9456
9398
7670
586
8471
3820
7297
6787
1363
7755
2388
5596
4336
9489
9450
2709
6371
802
6094
494
489
8263
230
5955
5071
2885
3718
6523
6683
2962
3416
6496
9265
6348
4155
4776
4619
2044
9660
2283
4541
6078
2000
6501
9021
2944
7366
1787
8442
7302
2002
6669
6074
378
5611
1221
7557
50
2033
9706
7241
1032
819
9414
5640
218
6663
6326
706
9272
8299
887
8924
2232
5410
9412
1943
5242
1359
1601
3559
2212
788
1510
2038
6926
4191
2658
672
3168
4447
9351
9157
5434
9351
348
4339
8661
2350
5427
2528
5442
4052
523
1714
9709
2596
9712
5769
2467
7444
2872
4326
8314
2291
5431
6006
5664
9775
7990
1891
6416
2916
3973
8053
6769
3779
7288
6571
1098
8037
1260
3114
3856
4146
1965
3114
8312
9379
5646
622
5139
764
4497
6836
7487
5250
3048
3775
5824
5223
1914
2233
9329
5887
7381
5429
3847
8020
3918
691
9021
1897
9800
3787
9367
8583
4331
6782
2963
7551
9586
2563
3029
1011
9976
9735
8309
5898
1209
1417
9704
6523
3553
9217
8714
909
7880
1798
7079
279
2944
5856
6726
7774
3039
825
8515
9432
6474
9862
8979
4445
7245
7354
6475
8994
7551
9618
5473
1577
7808
4300
2680
2740
7681
8450
6273
7368
3172
438
8785
2100
5482
3623
5043
9613
4288
956
6344
3568
2844
8795
3426
5059
1033
4578
7548
8237
6127
3766
3703
6706
5661
1644
2732
9178
6829
682
5550
7890
7115
8880
1590
7704
211
512
7280
7899
1237
9070
5807
8710
8864
1005
246
8381
5131
4139
9288
946
5304
4237
8570
3739
7135
9572
3562
1280
1478
1408
781
8257
1784
3592
5087
8657
9494
904
6655
1044
1085
864
1474
6256
9657
7661
7934
53
673
1938
9109
469
5687
9738
2375
989
2276
1729
5262
1323
2690
7939
7238
1349
9071
8338
8629
3749
4373
8757
6540
592
7284
7153
7547
5056
5574
3715
3078
149
9883
7992
2072
9835
7369
360
9326
2095
1312
963
7093
5455
4207
4888
1086
860
3103
4030
8063
3345
2698
4379
4819
396
6476
2134
3063
5506
2199
8660
2600
5345
6255
5002
1369
4281
817
533
8381
1697
8286
6004
1379
5098
2764
6415
4447
7884
9416
1605
1347
239
1611
8563
6531
4662
6250
879
7129
9484
9476
6491
2822
9432
5741
4771
1858
7147
7501
7965
6903
9614
8735
7266
9028
9345
2305
5639
8255
9546
3709
4093
4433
4424
4316
102
3472
443
3306
3126
3262
3770
4268
2272
9470
725
8193
8401
9645
8564
4197
6151
6569
5912
4145
619
5300
6794
7163
4558
2843
2819
9605
644
585
3854
9736
5946
5983
3849
8112
50
58
8444
4208
1788
3794
9555
8449
5229
533
2507
4162
5757
4016
3565
975
6118
5362
9820
7464
6233
8118
3309
6744
920
9451
7940
1538
6866
9113
4542
8184
6244
8924
5917
9065
6706
5021
43
4582
7294
6901
9868
4621
2013
9327
7015
9732
9779
3656
6064
7814
3984
2426
4285
6618
621
4445
7628
4785
2950
9848
8746
7792
3868
1582
4922
4058
7183
2233
3686
4277
1193
5721
944
4808
5356
9487
6736
1362
1920
6402
8144
4628
6243
894
7579
3483
2705
3953
5661
8261
771
3463
847
4348
7132
562
337
5065
266
2687
8528
5752
5863
4738
6123
149
4761
3377
7373
7012
957
6774
4688
6094
6998
1942
5256
1125
1454
325
962
4913
4583
2669
378
1906
9534
1078
8651
2218
3991
3671
3311
5220
1868
5998
7715
5216
4423
1259
7332
4452
6503
419
1190
4675
8591
525
4926
8728
9126
8954
4091
925
841
2418
3190
9645
53
2620
8717
35
971
3364
4411
5799
1142
5557
4967
4113
3473
8530
3216
4445
2117
8683
3649
7041
2705
7463
5743
8393
3996
5049
9274
5778
7546
5220
3055
529
1209
3693
5642
3634
730
6941
6384
3302
9429
3443
6575
1611
1902
4133
5296
2057
4839
4051
4921
282
4792
3835
6683
5581
2020
2752
9394
7386
5643
8021
1998
8200
8346
7217
7230
1906
5939
4439
9886
8157
6890
5507
4800
6592
2035
6779
8688
8129
773
6690
4862
2109
4442
1559
4510
6516
8935
9430
7390
1377
4529
4221
7190
4923
4719
683
8596
9512
3952
9980
3667
9109
5798
9036
3041
2850
9473
4268
5860
3409
842
5912
6521
899
1664
5277
4149
6577
8500
7623
8494
4272
9252
7794
2195
9222
3720
5446
3885
3528
4241
6778
3994
5841
1426
3000
9192
6345
8413
2338
2004
8242
2886
5701
456
6511
702
5574
7582
2079
2180
6107
7965
2471
1335
2795
6329
2475
7386
7455
5689
3638
4464
7078
3754
4801
4881
2219
5400
5643
8873
1386
4677
7030
6601
1157
599
2886
8067
6088
9007
1094
9170
4982
3177
4616
5476
2604
779
7037
2188
2093
2462
2337
132
2449
2835
7746
4824
6471
3303
9257
7717
3602
2327
6384
9133
2226
6819
6618
2972
7331
3562
3358
8319
4235
58
1583
8598
4249
6700
1614
64
4075
8206
9430
3700
3832
7632
114
4864
3067
3700
8713
2713
9068
9879
2072
4704
1002
7944
3896
3112
9571
3759
2715
2548
9541
642
6379
8750
2221
6068
5536
3796
3207
2629
5765
346
8517
7094
7889
9008
6237
4676
9899
9937
3070
9154
2520
2587
9209
2688
671
9558
8639
592
8420
3435
142
756
1074
4724
1084
8423
3401
924
9186
5339
3902
2224
9953
4563
2907
2985
3841
5757
5219
3345
6712
2160
3818
5240
8946
1936
5726
2524
8141
1621
9104
6508
3785
5195
3452
9058
937
1526
1566
1804
4827
3443
5447
3807
913
5125
429
2628
6139
8978
5633
7702
2477
3776
3950
8849
8906
6808
1737
4008
2274
1199
7304
2101
3859
5257
3532
8056
3455
8119
4139
3744
4359
5231
6994
8581
5959
9348
2206
3349
7305
4617
9429
8004
6637
9230
5337
2673
8835
9887
8595
2959
3094
8358
7550
908
9695
2171
8731
2831
5245
6239
4776
101
9419
8964
6543
2524
4369
8725
3476
9430
1548
5758
1000
3632
8036
407
9606
6121
9302
9584
4433
4988
6692
6323
1596
5834
7863
8455
7192
8194
4047
691
8445
2298
8995
7297
1160
2938
5020
9319
6636
5572
3464
5554
9620
2434
2952
943
1941
9714
9857
8116
9365
4959
5991
6486
6180
87
2523
2334
1393
5641
278
3470
4252
6297
9421
690
242
7309
5538
449
5990
4243
5555
4114
9411
6094
6607
9567
6530
7245
7966
414
6226
4167
9454
6467
4022
7854
608
9885
3047
3140
4259
3574
6542
7048
3378
232
462
7023
831
1404
4405
1032
3811
4966
2904
4993
1806
6051
2599
6428
2039
9855
4971
5077
8341
2781
1522
4111
2863
938
6387
3194
6638
818
2661
7626
6575
556
795
8150
7574
1408
5543
1156
4007
6517
8703
6230
1475
195
9743
3810
2087
9999
7886
9144
1811
5352
5654
6757
1337
2946
8575
4449
1088
9407
5962
5200
8013
7113
1481
5467
6529
6025
4212
1304
2776
4425
9899
501
4317
6686
9432
4760
2708
4003
9514
3394
2016
2408
5830
8067
3602
2265
2115
5015
6921
3306
8302
1562
9046
5717
3068
4369
4437
5431
2173
7568
4284
4309
1797
6448
7294
760
5882
2433
2757
5619
9825
8682
5739
3528
6044
8618
1016
4447
8817
919
9452
6015
1901
5645
8262
1806
2273
5362
7680
9720
5039
7785
8865
540
3504
7672
5501
9059
295
3402
4868
9174
8836
3844
3668
9016
3071
4939
6249
5779
5864
3758
936
6045
9417
7590
4656
1578
6739
3376
6387
9256
3011
8646
4133
6059
8126
9535
6499
880
5908
5166
7669
4285
5095
8902
5339
852
7716
9044
8874
9034
9459
9538
7611
8394
5283
1751
1400
7068
8492
3311
155
7822
9233
4042
4040
501
7114
7895
2276
5380
1798
688
7054
6910
2007
5310
1939
2192
7376
4509
7907
8890
6355
1469
1928
1700
759
7182
4373
3497
6232
3291
7272
1777
9945
1456
7194
2700
9828
5027
7928
9242
4832
9160
1829
5299
906
4448
3707
1175
8926
6740
4528
1073
4398
2050
1381
9401
575
6360
3046
3023
1350
2261
9419
4713
6713
8123
1663
7581
4134
7171
79
6031
8054
9466
1701
4244
1971
8731
9424
8274
5395
258
5467
1977
2679
5645
9041
5126
9723
4063
5267
3470
9555
962
2862
53
1431
4647
8372
3882
9575
2546
3962
7581
1924
5896
293
5028
2614
9696
7788
2944
4899
4443
600
5620
4623
2257
5266
1580
539
2709
3285
624
4672
471
6503
9381
6348
1381
9763
85
1571
3494
1456
5151
6524
7686
5357
3024
6755
5051
1943
1017
6271
3488
3507
918
811
3370
2534
7774
8126
5650
7704
6607
331
599
6554
1560
1946
8588
8472
1505
5798
9166
6849
303
106
8948
1151
4630
5809
8274
433
8971
6830
6806
7172
498
6116
8498
3232
9518
242
4483
170
2626
7005
1712
5024
3117
2790
3606
7112
8454
5390
6741
925
6306
7529
7911
3309
2549
9388
8827
27
2411
4394
7556
5331
885
3723
9064
2765
398
6723
6172
9760
5365
3427
2452
3692
2948
3120
4344
4127
8880
7641
6650
3600
3998
6243
7016
566
5991
5961
681
662
5577
1772
5925
5875
491
1884
4752
8113
511
7981
812
1049
4849
8656
1046
6818
5264
7048
4699
2864
7868
6247
1206
2213
4640
8814
3087
1141
8610
3541
6573
4942
6474
7410
6377
4603
7230
7199
8559
8553
627
306
7411
8458
7122
3657
8351
6215
4485
1663
2278
5216
6183
2428
2439
2670
5514
2128
3021
249
3233
4342
4127
4744
7
8080
7979
8931
9452
2533
3359
7789
1238
3567
5699
1893
3436
7957
8278
7395
5435
4899
1068
8814
3362
4937
1754
4806
2089
1657
8290
8862
9349
4974
6867
9228
331
5107
2293
3850
55
5989
2573
8542
2923
6252
5659
2164
3951
9058
2921
4232
2591
2783
4776
8810
1724
7329
6922
3821
7966
7038
116
4370
6678
2647
4490
9933
3139
6500
974
2250
9791
6900
8828
7962
2187
4760
6195
1332
8670
2422
2867
3792
3671
854
7904
8857
2095
4845
1929
347
345
3807
1080
4448
9152
9352
5143
2231
6787
6069
5597
3000
9922
6017
1450
5428
7624
8433
5992
1839
9091
2682
6186
4654
6941
7040
3014
6028
8755
9166
7578
2277
4746
7757
8924
4414
6175
70
2782
9248
9390
2401
7587
1153
9507
4776
2972
7365
9797
2537
4132
9710
1443
2647
6143
611
8498
3487
6693
1366
5869
4127
6253
3530
3305
3591
7408
9033
3961
7648
689
6246
5938
9587
3972
92
3257
5971
3643
4216
2852
7178
4388
8825
7634
9116
2241
2575
6908
6367
4110
483
1479
47
7173
9620
8765
6098
5163
7564
7181
1170
1502
4196
6065
8087
9609
1735
8771
2245
2088
3674
2386
680
3866
1998
5442
8058
1198
1783
4383
3190
7143
6773
8182
5913
2027
5446
3890
4950
2478
3285
1974
2998
9328
5367
9729
4240
3224
6605
390
2977
1260
2644
8410
7592
1023
5118
14
2167
3734
7926
8296
9474
6472
1973
2850
6075
9423
1590
2179
3140
6126
6515
2418
9280
8124
4421
2690
1579
9133
4727
3140
3237
1209
7353
7230
4217
2291
9637
5266
4591
281
8486
7460
945
3638
6553
9369
8722
8580
5685
164
2909
774
1148
3849
6273
6725
5698
3247
6066
3632
5432
9143
7215
3663
4589
9702
8359
5671
320
9430
338
7760
4159
5255
551
5076
1077
688
6555
5208
7352
1375
2346
3990
6521
7602
9599
3795
1043
2116
2775
6068
5957
7799
3749
8932
3277
7956
7820
5504
3121
3250
7348
4617
5657
5448
3168
1633
7623
6265
539
6306
5104
5699
9888
4855
6139
4795
5931
2239
4914
6501
8413
2577
5833
8917
6558
4906
7134
3710
1747
5459
196
4921
1233
1979
7211
6396
7151
9146
4682
5755
8724
2825
7404
9905
1227
1885
1389
4305
7105
780
608
7422
9717
7991
3017
4357
9982
1335
4858
1346
6885
8036
7618
1016
4322
5731
9880
6197
1672
946
3313
3834
5985
9339
3142
6237
5568
3298
1946
4523
7944
8322
744
510
7069
4556
2178
4073
734
9769
3715
1894
6959
6901
8536
6793
7898
3504
7584
3563
8887
1680
4517
2956
7900
3405
7872
1778
6299
14
1359
7722
6662
8446
1953
2312
2219
2452
135
7978
4895
9494
2203
3578
2517
2865
6271
8809
1940
4093
6801
9801
4269
7559
2616
8742
1053
477
7015
2099
7578
9303
3297
8931
4943
9785
8979
7645
6674
5474
9298
8190
6767
4251
8265
890
4892
7831
2141
1435
3603
5715
3596
798
9469
9337
1679
847
3592
6309
4460
2111
200
1064
8261
1521
554
3298
3268
311
7087
5476
1387
7170
1495
3399
8919
7653
8218
6609
4335
7539
1833
1980
7571
5663
1386
2269
758
828
3211
9751
8350
5307
9629
4115
5651
2158
7929
8362
2786
8604
4767
4596
5181
2475
5265
6495
5229
3310
4630
2481
8660
5310
6059
9218
482
7448
3032
9412
2807
5204
4147
7293
554
958
4286
3258
1018
1617
4984
2312
6391
2649
6067
3279
120
7175
7901
5007
6248
6665
6679
175
1146
5732
8107
1840
9825
9195
3365
3228
700
4416
5580
1545
7760
3155
6641
8853
9314
1752
8658
3976
9323
9019
3965
5704
2412
3323
2585
8256
5661
8371
4809
1537
1638
6910
5590
2565
7190
1526
9692
5959
7546
1841
1344
6297
5756
1200
9298
4711
5017
9079
5283
7679
219
8433
8312
8044
1202
7752
3530
4324
9663
7823
7404
4937
3309
3349
2672
6870
5061
6123
5218
6822
8654
8388
5970
5629
6021
3244
5442
4569
8200
1800
2625
8630
136
6034
5251
6702
2951
1080
2073
7975
4619
446
1268
3410
90
2668
1625
659
9759
5790
2610
8315
3423
2703
9713
1944
976
4640
1057
9575
9153
2426
1898
5655
8053
2691
9840
7778
1243
6305
3374
6439
4318
5733
6865
6450
1524
9612
9950
9354
1544
1972
7447
9027
6683
4775
1771
6966
4344
9624
5725
5590
9117
9114
1207
608
4915
2943
4400
3631
8854
324
2707
2402
7124
4183
8318
8226
1388
530
6239
5845
9545
8524
5441
2818
6172
1304
9201
6775
9763
4840
8045
7205
9023
9078
6563
7428
4549
6029
1780
6499
264
8113
6132
9678
4065
1059
3765
4823
3488
9063
2355
3274
3439
1428
1026
7853
8375
6395
632
4100
4905
6343
545
803
7534
5309
5633
8336
83
1676
5184
7839
7404
2911
6742
1102
6002
2513
2727
9833
3440
7540
3009
7072
8844
2283
8600
6793
7974
3419
2815
1165
2962
2176
375
7674
7756
1525
6673
8613
6057
4191
3770
1440
4093
7893
5385
7643
8885
8692
9297
2322
2961
6566
9695
1639
9370
898
5795
4337
2856
2456
4373
3141
6486
8242
7091
9052
6438
1950
6316
4100
6962
4992
7036
3004
1639
5993
1753
5290
7231
9080
8045
4392
4004
3366
817
4955
96
2475
8484
1442
2607
1735
8037
8762
5167
7242
3855
175
8579
6695
6068
8783
7843
3130
3738
5166
584
3964
6173
6646
2725
6106
3987
3480
331
8546
5926
9074
8176
5302
5570
9488
6739
8872
6936
2750
256
7371
2106
7026
4497
6289
1093
7573
8833
4087
8743
6946
8982
8824
8345
4588
7710
4635
5202
5124
1509
6930
8682
9425
6183
8272
2423
227
3962
859
5239
5563
8642
824
8371
2620
8232
8458
1389
714
6326
5859
3946
9588
7720
9893
7314
6034
5246
8137
1508
411
8893
6600
9882
6662
6824
5378
673
1825
6383
3380
1744
8047
5199
9295
7409
4021
8702
9547
307
9745
8908
1342
9706
5326
626
9964
7857
1971
5564
4102
252
5641
7025
3819
9755
4399
3599
2637
2810
8877
7548
7803
9161
9175
628
7098
4501
1434
7300
3440
6579
468
1123
1646
6689
9582
6876
5019
6089
9117
2539
3205
1578
607
5154
5162
8299
4609
7382
7559
3140
5900
1607
657
9695
2613
7532
858
7497
9610
7830
2464
5702
2998
7363
278
5814
4762
4751
7786
6979
1294
1306
6342
8158
2304
9309
6314
5627
1317
2718
6699
3594
6539
5167
7801
5439
9043
3832
7831
3269
8243
2216
5450
6155
8027
4962
7378
6784
4275
5959
3134
786
9842
6941
2989
5490
6723
7630
3028
8175
698
4212
6411
7590
9904
4195
287
3242
8461
197
8843
364
7508
684
6163
2025
9437
6423
9754
9779
8652
2615
875
522
4063
7731
92
3418
8745
1072
5417
8162
2403
5379
5275
91
4488
682
9613
8452
7167
5352
9546
3864
2086
650
582
8266
2828
2166
2122
2550
3306
5661
7931
831
4719
6764
9529
1769
7364
6698
2788
9611
1019
2037
5032
6362
8001
5704
8997
6944
7864
818
1287
1792
774
9841
7390
4439
7136
4796
9640
6612
2305
6999
3116
6262
9672
5935
2372
7249
1798
9662
7579
184
5253
7274
2647
4971
4973
6924
1870
1231
9885
3203
3126
1099
4868
1675
2626
9083
863
2390
4623
8186
9613
3967
6565
8615
8386
9062
9786
8740
1879
5611
3834
1987
7597
4835
9536
9919
842
43
5758
8886
5003
6885
9254
1007
1078
4276
811
5836
1656
2250
1767
6100
6448
5507
6068
1754
5736
8874
4528
519
9622
2689
3165
6305
6657
4755
2411
4571
2566
7296
2933
823
4789
12
2227
6866
2917
6222
6413
5300
3010
9416
4942
3453
5018
3236
2454
513
8216
3587
5142
9832
7975
7506
7314
777
3813
2409
7179
5071
8923
3953
4603
6029
7638
8991
1887
9284
2959
5761
5928
8766
1123
4495
4850
2343
3420
3943
7835
9528
6949
7724
4889
7000
3035
1855
3573
1517
8394
4736
6615
960
2069
303
6328
1969
7877
7832
9993
7455
3746
7300
7383
3806
1324
4744
7587
468
6439
3168
1055
655
3532
5110
7172
7672
9684
9824
9817
6020
7309
6258
4279
3479
7074
1398
2255
1994
4782
2801
5331
9075
2496
8959
2788
5445
5663
7288
2289
9355
6038
1420
9797
622
6924
6728
3767
5943
7669
389
1256
795
90
4658
5470
6040
9541
9969
1224
4429
5900
5640
664
6335
9856
7812
52
2463
8037
3831
1228
5183
5519
1283
1718
2118
298
5689
1499
2191
114
3129
8572
7685
6935
4522
118
9136
9781
998
2645
260
6163
7925
1010
1295
7433
974
8789
423
5797
3528
9410
5576
4231
3173
4245
1519
3663
2773
5439
287
4653
1665
4258
9
4446
7922
9676
4561
3321
6804
5647
9173
4327
3726
6782
9082
5808
1320
9841
9333
5858
1008
1540
5056
9926
3415
7012
1455
6802
407
1501
2432
735
207
8155
8461
1724
7687
7362
5391
5079
6984
9203
5839
3440
3612
3750
836
7852
7437
7912
4757
5627
4160
384
6871
6534
6368
9563
8223
4591
6050
3116
1971
3554
6324
7118
233
7834
1605
3974
6616
2831
2027
2844
2411
788
1418
4688
6831
6938
4785
5148
8856
5000
8583
729
5774
664
4619
3297
4273
8552
1090
6485
1395
48
1832
8866
3266
5173
5043
9948
3257
7589
1325
9389
9918
9960
2731
7198
9908
7309
9037
563
6605
4952
8445
1979
7521
7378
9767
2558
3852
5029
4074
3250
9854
3665
9893
6851
544
7594
1258
1408
1877
543
8826
6351
6268
5087
3906
859
6801
5709
4897
1582
2225
2593
8033
2482
1312
5776
2493
959
4174
8231
1335
9341
8038
9496
5585
9038
6966
5864
1369
2628
1644
2618
2993
6320
7856
4331
3752
3672
6947
4318
486
9009
3010
1620
5385
9836
6693
9420
3282
4758
6332
3660
4157
4096
459
950
9282
9147
9664
5406
800
703
9770
6469
8275
8150
6234
286
2935
3857
7737
9092
1918
8896
5833
1104
3757
7683
5436
7133
1260
518
7692
851
9187
694
8512
2607
139
9570
3064
5147
381
2085
8352
8327
9111
1355
3865
3773
1856
8587
7315
4881
9303
4031
8986
9118
5362
1448
5952
9216
6737
4268
3165
384
9385
2916
8175
7504
2073
3871
2941
9690
4253
3732
8195
5001
275
3136
2541
9251
4567
8409
4188
3696
6103
6264
7394
6013
7949
4617
4446
9193
1849
1028
4806
4041
8606
4731
2449
5996
5987
1497
8130
1827
7528
9407
2953
4474
4136
8444
3448
6045
4982
4758
6031
33
5561
2718
850
2276
6879
1853
288
1082
227
8550
8095
5448
6333
1278
1203
2481
1134
453
5487
933
5028
1464
4943
6890
6626
8660
5288
1238
3119
1825
1463
1229
2887
1804
3530
9113
4361
960
7790
9685
2007
9326
6891
2864
7050
9990
1369
8524
6967
4140
6945
4638
21
9721
8212
2524
5357
270
5267
2650
3890
3037
3631
11
5710
7980
9845
8611
9559
6330
2098
1641
4736
4922
8185
5217
3022
82
97
4773
5252
5961
2325
215
9687
2331
2299
3106
3512
9813
7696
366
2564
7292
527
8661
7937
6429
6263
9861
9942
2936
7120
5021
4372
8576
5627
1449
1446
687
4211
8476
4525
3600
2624
2412
5311
2472
4086
5142
5066
8495
8673
6982
5805
5407
9072
5441
6591
9094
958
6794
2066
9917
6025
3598
4773
5143
3368
9002
5561
3237
5723
7861
6449
2712
3956
6750
621
4093
777
588
9963
6358
2172
7691
2472
9529
9675
7157
1692
3938
8992
2509
4785
6461
1498
5544
1727
4805
4318
7627
6340
9423
2952
2669
5754
4181
3498
6393
6611
6972
338
9092
9769
6098
4273
6922
4788
4015
8974
6642
712
7750
8254
4000
876
3665
5276
3894
9823
3967
2904
3936
5776
1815
2548
3414
2005
527
3578
270
1400
2740
7038
628
3280
6849
2137
6246
3574
7308
2040
9551
3627
2477
6019
505
143
2178
9967
9184
4491
8639
8291
1754
7063
6889
7545
1574
5576
7619
5675
23
991
5503
7397
6158
1120
342
6342
5092
2142
2008
4988
862
7675
3900
4452
5728
7655
4901
153
4744
377
8846
7198
4222
88
4672
7409
1113
7594
1667
2118
2907
5530
8438
2857
7138
3192
5269
3064
40
9502
7806
939
3553
2529
6030
4395
8736
2304
8192
9443
7749
4073
8487
3466
4389
2415
8247
5187
8542
3071
7605
3336
4727
415
1039
3459
909
242
207
9161
387
7034
500
1099
3407
1350
2018
5852
4451
4220
66
5894
7399
9542
5866
4671
2500
3015
8871
6600
2082
7324
6852
7849
6711
6328
6496
7469
4861
1553
4526
3315
4852
7468
4021
1925
