5910
5667
6959
5700
7391
887
1631
8746
8323
4766
9587
8332
9892
2982
8574
8539
3964
9664
9137
639
8966
4284
8148
1924
3512
3948
915
3026
2465
2543
2169
5912
3430
4403
1564
3338
1728
4982
9846
7563
7892
2533
9757
8932
4867
2203
6460
2570
2255
5983
1529
9389
9793
6515
9871
9557
1075
8880
8190
2870
8845
2653
2545
5601
2985
1649
3073
247
4664
4737
716
3531
130
235
1999
4854
1919
6003
6228
2210
3422
9560
7621
7141
1566
6558
5169
9205
8157
1660
736
1365
9430
5369
740
6369
2988
3347
9771
5350
1353
6363
5874
934
8013
9469
1146
5742
4404
326
8438
5941
8949
477
3246
2397
3051
9915
8179
1989
2747
6993
2777
6593
3222
4977
3175
6714
8494
4649
2869
3739
4834
5484
788
7475
7407
3380
6910
1775
8479
6999
350
9542
4424
1942
1917
2770
8214
451
9581
7218
2261
6490
8575
7236
6407
5608
2297
7715
6303
1703
9409
3320
4158
6009
9722
7950
5021
808
7039
231
2231
9040
7063
9823
7001
8947
1725
7369
9507
6906
3434
2477
475
5034
8152
8973
5703
5679
9707
8047
9811
6543
790
8435
9953
8150
8586
9138
5935
1325
961
4254
918
9730
6714
3621
498
9823
3406
8701
2428
9310
9711
8784
1920
713
5129
9002
3832
9924
4653
8935
165
6072
4093
2713
4370
6320
1006
65
5245
6609
7193
7161
3199
1709
1917
3134
747
2147
3340
7022
5125
9994
3916
9561
2779
4104
5352
5114
7510
8533
3338
2922
5417
5667
4170
2870
1082
55
8983
1323
843
5337
8965
9653
4402
8153
3910
6766
4035
1951
4793
8843
5618
5690
5976
3093
2150
6915
4816
6963
3560
8786
7888
8022
4061
5612
9614
1938
313
8662
9127
7662
4248
7446
7527
1603
9664
4425
1509
1527
8177
585
1582
2551
9241
5542
8310
8374
160
853
4296
588
9261
5370
1068
3521
5459
9360
521
9520
4511
1448
185
6886
4807
7677
6850
9154
9525
5883
8560
8011
6479
5484
4196
2208
5281
5859
5894
2064
5002
6157
81
3737
5069
2997
5897
882
1672
898
1839
1877
4550
8379
6940
953
1239
1337
7983
8183
4589
316
344
8483
5531
7790
9966
1345
5503
4846
2380
5764
2644
5756
9937
4309
6572
4623
6030
5698
3093
7083
5257
9384
6639
6999
4254
7484
6201
8407
2218
235
2728
5092
1332
9179
9649
2694
1830
6138
475
2890
4667
1686
4565
1084
778
6644
2871
6255
2709
7378
9308
9299
5396
6578
9286
6965
2547
2185
5770
2350
9749
3758
3360
7772
200
9807
375
699
2138
1803
1794
5671
344
7333
7922
1490
4038
7826
6470
4285
4785
5612
6372
3537
4699
7807
1891
1222
3671
7710
3487
7683
7984
2139
2288
6801
8669
5114
8294
8260
1982
4983
8653
994
6015
162
2103
7395
5553
4266
7122
4500
2767
1118
1380
5924
5059
8130
996
1141
7692
9308
2107
9275
2812
8774
7974
4679
6776
6637
8277
1080
8208
414
6352
1884
208
5923
7644
1090
3293
5267
1845
1984
1331
2055
6148
1910
647
4503
865
962
546
2696
6084
2357
4795
6158
665
6934
5562
3126
188
7471
6743
5196
7600
6230
19
9937
7413
9970
9570
953
2666
6676
7422
9530
7544
4249
3604
5211
7490
4430
4535
1684
2295
725
4682
6028
2803
4878
892
7115
9941
5139
6546
3910
1734
1407
3119
8307
4376
1116
2097
3914
3562
6927
5350
2649
8649
353
3410
2416
8753
6134
4592
6777
8057
3746
6368
6175
1450
6260
8062
6025
3574
7229
8004
8052
8134
2841
2561
6455
5483
873
1966
2445
4355
5946
1118
349
6375
1619
3873
1022
3329
6129
275
1240
3955
7234
8672
7491
6084
4108
5958
9253
7396
4841
2362
5391
3374
2612
3980
9674
2135
4306
8748
8432
9471
5234
6322
3542
9510
3306
1981
5827
6833
475
1699
3953
1465
6474
7268
3347
6199
7140
2842
443
5691
9678
8664
3532
2645
3482
6654
9991
6245
255
5752
7917
5115
2015
956
398
8012
7294
938
4227
4458
201
3689
1619
4329
3474
335
8009
6932
7767
6462
6295
9439
3885
9331
8415
692
8876
1835
401
1387
1763
5431
657
350
8908
9721
8856
3156
6006
1643
6428
770
8972
2651
5360
9619
881
8516
9960
6369
1921
2505
6505
4575
8806
2811
2411
9956
4465
8438
8652
7260
1532
2602
3075
8592
9677
5704
8794
593
3979
3375
1013
8778
7915
4041
294
7686
1854
7312
9140
5414
1391
8538
9156
9623
9630
2413
1291
5714
1132
2027
2446
3910
7193
1139
1154
3386
4209
5217
8418
5574
540
6170
747
9949
2509
1468
3877
9047
1545
8643
7526
3400
4959
1211
2060
6118
1270
4968
6488
6792
2221
5652
5589
6688
4868
4812
581
5657
3496
4917
5496
6154
45
4821
2847
9182
4079
4743
3394
2681
8891
2231
1979
3812
8370
9811
6498
3136
9238
6612
1697
3495
3668
1251
6398
8892
4630
698
5208
1826
9368
6305
4684
3594
1447
850
2589
6318
9673
8464
5011
4917
8303
1569
1959
1895
3729
1950
3538
7745
3955
3389
9207
5850
5791
2506
1414
8496
5755
7207
7326
1544
6972
7754
4239
4137
1117
8526
2161
1787
6083
2155
5780
9371
3770
6416
6729
6061
5299
1242
9546
4211
925
576
5396
185
5428
3494
861
177
4849
2872
4716
8125
6902
9189
2634
3049
462
8677
477
4133
8669
4700
4144
425
4802
6513
1978
5529
3433
5872
4028
8629
7953
605
1216
1631
948
7953
6076
5587
264
618
5659
7103
1478
6921
687
1289
7273
6901
2706
9638
9309
6587
8863
1098
3648
7595
3457
3870
7819
5650
8426
9520
450
8852
3819
6949
6112
1514
1352
359
6710
4545
4150
4456
5117
4383
3527
3819
5101
870
1261
9245
1899
3462
3800
5839
7723
9385
4226
3319
6385
1797
8754
4528
289
1211
4189
5779
2
9885
4050
4401
7624
1131
27
6411
9397
1013
6748
2740
1397
2278
3904
8829
2111
3431
8742
7425
1531
9487
9900
9993
215
3398
3508
6486
7490
2159
3690
8345
3009
3313
5540
9511
1000
9296
3129
4106
5520
8403
7773
9229
2902
9023
3658
1345
3278
26
2900
5272
389
5586
2754
6735
6567
9665
6833
8450
9136
8693
1532
4053
9075
1578
9781
5408
420
2746
5632
5045
5221
3008
3512
4234
2091
1465
8729
4583
6272
6543
9982
5034
8485
1822
1029
3601
5579
3445
3613
5120
2113
9731
3450
7671
2363
7561
5610
4991
7978
4252
412
3833
7072
2268
5766
509
4058
663
1744
4420
2849
2257
5462
4888
244
482
1120
3316
374
7096
6955
7107
5120
2462
7210
299
4104
9323
3924
8495
7522
9744
3877
78
1544
1840
4817
2900
4334
9212
3807
6245
7699
4690
8761
6525
6479
7629
620
3495
4536
2144
9848
7544
6742
4273
4396
999
8098
1757
6906
6664
1214
7681
8225
4330
9031
8681
5313
2196
9053
6525
1039
386
5585
9798
6177
8576
7804
4687
2720
8234
2492
6371
8344
6073
6508
7340
1823
8466
5507
3278
996
1458
8071
4802
6628
5359
4729
5674
8784
6844
4036
7360
409
995
8958
2130
9461
1384
7663
7644
4788
4619
6886
8064
3425
4240
6056
3407
5646
1167
9733
3383
5409
4464
6619
8411
6378
7049
39
6714
6825
1142
4800
411
5296
3406
7425
3935
8095
3390
6034
716
1989
8060
562
6353
4431
8351
7391
6865
7990
5323
5347
4428
2044
2906
2484
6604
691
177
3720
1859
1688
4522
2072
2045
9136
7912
5361
8487
1255
576
5911
2355
204
2820
7506
8621
185
2520
6106
8424
2205
9278
7870
1034
5531
669
7510
4108
9241
9101
1883
3034
2622
6812
6921
6483
4230
5079
8554
6335
5895
9623
2957
3187
835
4520
1823
5761
3742
2805
5652
8597
6878
3832
1412
102
9131
4825
9547
9553
4854
7761
9029
3718
7617
7379
9514
7353
6613
5150
721
8895
6481
2949
1907
1138
5089
5869
2110
1791
6854
9734
7162
659
6354
3538
522
4410
8927
4753
5540
3084
9274
4043
1664
1213
9424
5598
890
6749
4066
5070
3073
5830
1468
4653
3871
581
5591
4518
884
5079
9593
6629
4674
7493
3516
495
5051
8164
8278
9085
6731
4122
9170
4772
9624
5692
2089
1176
3624
4711
9140
5989
7008
1665
7066
8782
3865
8921
5358
9316
4537
4144
7208
6202
1449
1457
8737
9060
5688
9997
5681
4114
302
6903
620
4903
2902
5914
1225
4345
846
6824
5695
7265
9324
7205
1137
2661
2724
164
926
68
4355
9500
6111
2386
4641
7194
211
2237
9591
8782
6458
1470
8549
2593
5235
2540
9543
6594
1399
6659
1777
4552
4636
5615
8261
8782
3110
6664
2339
3620
1435
8800
8800
8894
4980
3543
1899
6084
1091
6401
3595
2075
3210
77
4289
1305
6929
8737
6857
3240
3395
9076
2680
9075
1261
3956
2826
6255
2127
2166
4982
8031
9532
6727
4957
7645
6051
764
9325
5022
3987
1034
8281
2964
8121
9388
2752
5410
7611
1165
2989
6051
9477
7538
3888
8657
2202
6296
682
8576
4623
7419
8428
4340
6318
424
5192
4058
6765
3942
2383
1147
5251
9873
8938
3671
7127
8333
3188
7854
3111
3211
4938
7779
8333
3186
2575
9065
1977
7804
5222
9998
3800
5797
8945
2115
3439
6422
6071
1625
1072
8606
3704
5149
3186
9275
5278
6213
8581
9450
3205
6804
1275
3567
748
3601
8482
1812
285
7891
6174
8867
3919
4532
4192
6309
5314
2276
802
7973
457
23
7639
5630
2178
9073
2470
9274
9795
6818
3205
4096
6031
6287
9227
8811
4401
8443
5888
8067
7181
1758
7535
6274
3170
680
9432
2895
7518
2506
4924
7193
3981
4146
3821
3610
3708
8735
1659
4940
3971
9488
6427
3753
3845
6291
3028
8514
7663
1645
9321
2671
1003
2359
8816
7047
4625
5340
2049
3824
2445
5458
2392
6821
5824
6860
9312
487
9597
3315
3729
4130
2782
2170
1215
7830
6110
8734
1615
8185
1932
4719
3843
360
6845
8838
238
4964
9020
6507
7318
39
2008
4309
4157
5304
9590
3093
2925
4337
1240
5586
2425
5246
3808
8034
1371
8909
8305
2088
7455
3538
7429
7817
3444
8908
1736
3800
3757
2231
6752
9112
6459
9202
238
5513
974
5947
3446
9542
8896
9297
4575
4942
2619
5248
8981
8882
5073
3818
4760
9369
4539
3134
4885
5991
5349
4015
3305
5896
2877
8999
5746
2623
1177
1930
7092
3363
4464
3868
2249
564
2453
3498
1788
7342
946
7196
802
2330
5163
8473
6717
2386
2603
8105
5230
4076
7622
2496
4379
6638
1829
3965
7147
5859
3754
8834
7656
6928
3578
4918
5504
2602
1506
1358
3792
8462
4911
8223
422
2930
7551
321
8921
6817
2119
665
9775
5487
5360
6769
4874
9469
6242
248
1401
9244
8680
1533
6702
1581
1910
3269
974
4635
9753
8712
1770
8301
9206
8720
1933
3380
4588
5326
8910
2162
2833
7736
9289
1607
9072
6919
4987
3535
1157
6481
6764
3870
7748
31
6151
7524
8811
8157
189
8474
2955
1900
693
3834
4967
3988
3749
6795
228
4489
7277
3140
6156
4335
4667
8904
107
3491
8466
1859
3709
3540
5148
2740
9818
713
8039
7327
4467
7209
2451
4637
9512
5950
3953
2216
2498
4511
4770
8619
5607
326
8511
5077
7467
8401
7336
5598
3411
9851
3332
5241
389
1376
5751
134
9166
4649
917
3625
6606
8073
5871
2554
4181
983
4823
8930
1699
2539
8771
350
6197
251
5009
3939
1484
4803
5410
8606
5071
8597
905
5456
677
7395
4582
7895
3903
3974
1209
5614
7113
7309
2056
6658
7780
4538
789
9080
6419
1874
9943
1193
1403
3348
3864
90
5424
1824
8006
447
184
2066
7123
6966
5707
5789
6108
7936
1228
6582
8620
9612
5395
4360
5098
9745
1654
8389
4938
3892
6652
1400
9707
7937
4646
3804
1131
5563
7927
1406
1661
601
8688
9738
4579
2459
3829
1905
6132
2368
3741
2433
3201
4854
7859
4341
5275
4953
4818
4742
6604
3771
3414
5563
3288
2883
1885
9962
1492
1285
3008
9390
7670
3949
2267
5812
9705
6795
4591
2375
8497
7319
9397
8822
7739
6327
2736
6197
6383
3605
6314
415
1686
1909
1163
4034
7223
2082
4224
7463
1252
5720
7716
7125
2533
5871
8411
6919
1910
8116
6657
5199
927
2416
1563
2441
8943
1842
32
3566
7857
1129
5269
6090
6675
9529
7331
652
5926
4923
4563
4103
5842
452
8659
8967
7038
1171
2733
1260
5475
9426
5165
9379
8551
9474
2094
9016
2144
4238
3025
7553
4633
9409
5655
2169
9647
3755
7165
9394
2485
6770
8343
2884
8300
6684
4024
412
6483
7922
4402
7130
4701
9144
7641
5871
4518
1750
8890
9885
9096
4330
4093
7085
1526
915
1519
2673
2806
7053
3357
3550
2717
3087
1145
9469
9455
1910
7022
5704
365
9813
9973
8017
265
6539
7281
5204
2833
9871
9258
2077
5639
3331
1535
424
2653
1159
3967
3145
4544
1054
388
5728
8134
6328
9480
4550
1923
5433
6573
7399
8024
5438
3227
7933
7337
1940
9944
6324
9850
2958
4170
9865
678
9390
50
50
606
2817
7640
3870
6642
2942
8741
7377
5996
188
8385
2214
3200
65
2272
2370
8105
9106
6510
5538
4839
1871
1730
5279
1803
1436
4553
1674
3629
2769
3560
2545
4524
6401
9512
9293
331
9724
7940
5026
3891
5417
5716
6674
6588
6780
3610
1741
6358
2788
3715
6064
4003
4104
2178
5454
3948
7433
2455
669
539
5505
9593
4740
2907
3294
6161
6368
8996
6322
6305
3987
2597
2828
5517
5026
7193
5383
4157
355
8354
4777
8990
8893
2396
2239
1939
863
1022
1092
7265
5354
5417
1881
168
165
4734
2861
8889
7228
7858
1056
4748
995
926
6106
769
5587
667
1922
2830
6031
2753
6664
931
3382
7021
2825
4185
6970
5312
9331
6868
2565
762
8944
9860
7099
9210
8776
8244
2818
7036
4591
8217
9438
6629
9079
9706
8487
4167
2974
3988
6889
5257
2620
6564
11
2530
6849
1938
1809
9180
434
5699
2330
4906
1179
5338
4641
7390
3466
4948
2524
3376
404
3987
6389
2992
1246
5574
8223
2142
1271
1252
3002
4659
2986
3976
5577
1273
6297
3003
125
2844
7886
3201
2128
2563
4940
5178
121
9907
4481
3588
1110
123
593
8433
3010
9200
2235
9732
5522
6264
269
2039
5580
506
5836
340
2389
1722
4583
9951
2262
5365
5516
7601
6802
6093
2900
6326
4846
4053
7945
9496
1732
1849
6754
5858
9762
4125
5248
8629
7997
6338
366
573
402
1968
1757
7939
9642
3558
8145
8011
379
3552
7878
9531
3423
6072
3091
9123
287
7159
1007
1613
1967
1732
7541
5403
6924
3529
9673
1591
3520
5810
9791
3805
6942
5870
123
7594
282
961
3516
2479
6572
3037
101
8871
561
7037
8107
2258
669
4549
199
2995
7299
9966
836
1116
6470
1827
4375
9924
9414
3175
2586
2736
896
8239
8528
6524
9551
3365
7349
1360
3578
6857
5772
5401
7915
7185
2661
1795
6741
229
4181
3645
3973
3976
4447
7805
1993
6299
4220
1899
4602
5699
3429
4322
5230
3056
9899
625
6840
4615
8356
3210
9657
9775
4964
2136
8634
7863
2919
2561
9996
3258
9935
7355
7846
6568
2145
6979
4359
6245
7262
1792
9724
5807
2438
2583
723
8072
9212
2397
5059
2784
8164
9909
2254
2609
9339
7009
6258
1839
6261
9829
5494
3409
2905
2430
6994
4845
2140
7973
216
8852
9427
5798
393
3408
624
5136
6944
7721
9876
320
4706
8520
2825
1283
5266
1307
6571
6282
202
3574
8670
4707
5927
4151
5193
2378
5227
4904
2866
4916
9243
2469
6328
8809
3164
1514
2538
2033
6996
7353
7661
2736
5952
4877
7521
2114
8825
7573
3773
3608
837
8668
4051
2294
6674
5420
9685
1701
8878
3682
873
3578
3612
5393
3958
4622
1149
9504
4340
2
6660
8944
8050
227
3862
5582
2914
4679
2197
4854
427
5533
2400
4023
8376
9342
3616
6297
345
3745
8292
9931
8208
4394
7182
2282
826
8009
5894
3179
7531
8934
408
1220
7213
3100
4750
1935
4927
6930
4600
189
3843
1610
6708
6382
3294
7602
3802
9193
104
5722
9760
6131
101
2828
7818
9136
8891
3305
726
1265
2152
6370
2691
775
3392
1225
5233
800
2542
7819
6805
33
574
9803
3035
314
3805
1106
5322
9682
6603
132
8035
272
4216
435
8416
297
5565
9235
8236
8345
9795
6860
4356
8685
5196
3258
3471
593
4610
9894
8657
7879
9074
9898
1258
7309
18
3305
5841
4147
1686
8906
7159
2073
8166
6107
1582
9110
8608
9491
4237
8951
5396
4880
9745
592
1637
5849
3383
5993
3418
6687
4328
5126
2689
9458
5903
2426
9307
1184
9583
1167
1984
9070
4571
230
8522
6840
6039
3777
5807
9624
7855
92
1573
413
4607
5216
2702
9975
1549
3875
4061
1353
9747
8106
2428
617
535
457
3457
4960
756
5792
5743
2511
6664
1099
7499
3619
2615
3855
6779
5077
5046
7493
7222
4310
4605
4721
8171
8083
4644
6528
5035
7150
6163
1863
650
7555
9885
9291
6958
3137
1349
2156
5181
8273
1751
7113
4885
161
3753
6510
1063
8188
4128
9927
9750
2099
3367
9910
2232
3770
3688
3505
3276
1828
3145
4573
7664
2727
8709
616
8986
2948
5132
2444
4028
9508
9169
9120
7237
3553
7921
7232
6514
8659
2679
4793
9184
6762
2721
6258
6186
7564
2390
6549
9046
7007
7051
5839
4842
6847
5606
3082
2410
7641
8296
1322
1356
9611
787
9552
6455
88
1267
1889
7831
9813
7917
5600
2028
4487
3868
2064
5804
6042
6523
1126
6526
5137
863
3665
63
4924
1677
777
200
3677
7625
8056
7400
3413
7849
4867
4112
2223
8858
991
4304
6227
3574
7998
4837
2976
5224
6735
5173
1704
8953
9271
1871
1631
5877
7072
481
4101
389
381
5552
8684
1184
8788
1019
5021
3016
2928
8594
7145
6231
3047
1646
1745
7340
4861
5396
9454
3542
5149
6605
7436
1154
1935
2374
5613
7414
4562
4098
5242
1717
5977
8839
934
6206
5184
4679
3815
2217
794
7383
8918
3692
2771
9238
4477
9355
7251
631
3640
4333
4285
3517
6856
4147
686
6431
5868
3020
1841
7092
2607
7460
3576
7465
5757
6251
2860
1604
5403
712
734
2565
509
719
9085
79
6055
4934
7879
7581
2940
6921
7149
1080
9446
9940
8598
3249
322
2639
4632
9339
706
2943
706
2682
2548
436
8176
2775
7941
309
4671
9086
2970
1426
2985
9538
473
5565
9817
8956
7528
5057
260
2474
1292
5295
9299
2425
2163
7475
2779
319
8190
3125
5480
405
2830
9654
7451
3654
3034
3270
3024
1247
8933
1441
1919
7914
5663
1845
543
9114
3195
7580
4010
1014
2947
3128
3045
7843
8560
8203
8143
9831
156
1052
5703
6848
1852
5799
4310
2848
7737
8177
5234
6914
8124
6350
2316
9781
5797
4152
7545
8259
6919
9161
7411
145
8423
4485
135
4449
3929
420
8281
6280
5329
8492
8350
5025
8534
4084
2133
4817
4369
9237
2150
3208
3228
5578
8937
826
3033
6287
8410
2516
3155
4180
6924
3242
9913
1996
3104
9499
4243
3473
4840
5481
5798
9315
8110
2321
4639
44
974
8328
9824
4020
5093
7091
4140
7685
80
5572
8426
3794
9307
1373
7934
3406
7903
1317
1106
5681
2208
3567
2931
7073
2233
3736
2314
5656
3659
7665
6818
8974
9825
1252
8036
5542
1852
3102
9274
8128
4165
9211
737
8654
5936
1285
1993
4857
405
4655
6361
4414
7349
1706
3950
8888
6146
1451
9892
5909
9972
314
7435
4064
5550
816
8719
1738
6827
236
5738
5186
8876
368
617
5650
5329
630
2497
3287
4599
153
3022
4546
697
5259
6065
583
4598
9080
9010
3675
541
7333
4891
5143
6101
2714
753
5159
7880
1405
4187
4478
1502
2732
3715
9122
1975
9566
8021
9462
5251
3744
382
6010
6708
2733
2395
1852
4495
5416
9464
4423
3667
5805
3109
8450
3529
4312
6260
9128
5676
2734
9804
1878
2431
7674
2379
9999
3590
3806
6754
8465
4777
2165
7508
678
4710
7207
4733
8956
5436
5973
8170
5968
3320
4435
5532
9048
3771
1362
4143
8245
3128
5987
1872
4644
2460
4293
5837
53
5947
5358
3066
7627
1992
2373
7299
5953
8196
2994
4240
8003
9533
1951
4652
4290
2488
5884
6351
3889
48
50
5825
3478
9417
4498
3020
1190
370
4815
701
6945
5232
517
3099
2595
4647
2067
4319
8233
8037
5716
8545
4232
6320
3229
8676
6437
4009
8946
9920
8221
8852
6421
2514
222
8024
2308
1479
8018
931
1670
385
5944
3325
9416
5509
1095
9268
701
3791
9497
3284
1457
2485
914
6879
2827
3562
9976
3736
3181
5936
3942
8332
549
9372
4182
918
2854
2702
9751
2684
2793
2043
2030
5858
5939
6188
6217
9555
2928
7462
9347
1829
9064
6679
8566
1686
5072
8107
7927
7249
3133
7087
5012
2561
1933
3131
5784
3654
8832
5497
9950
852
427
1795
3708
8847
3018
9887
2000
9365
8954
2823
1696
6696
9094
5889
3629
4471
4753
7196
4565
7556
6145
2157
5721
2737
8410
1803
9020
5683
3100
4526
8086
2941
7203
8072
4691
8075
3303
9284
6940
4381
703
6334
4804
184
6297
7719
4588
1399
9226
3672
3908
6526
2397
6706
4177
4413
5677
8936
1835
2467
453
8755
929
5051
8360
9032
1824
1665
8488
2715
1043
879
4601
3771
5681
9578
5091
8010
6282
9782
5731
2138
5000
6588
4990
1223
1454
5654
5774
9760
9037
6547
760
9575
4466
4833
3410
5332
633
4265
1415
5392
1237
9093
3518
7213
3778
9882
6422
6862
5778
1509
8196
5233
9570
9759
9803
3094
2014
1443
2169
2700
9066
2447
6263
3527
5178
7458
514
2066
7713
6351
2171
3607
3774
8114
6410
1837
1666
7599
4587
1269
3256
1415
1224
4890
1183
8187
2216
3869
2251
5607
6752
8063
2014
8954
4038
9010
9067
4058
8864
1523
8791
3651
6511
6997
8597
8951
6410
3437
5725
7989
1011
6024
9434
8905
5038
482
6430
4818
917
6512
4810
3870
3407
136
4270
1514
8078
9414
6170
1134
6464
1789
251
4239
6329
4407
1664
7920
7086
4564
9286
5650
5175
348
7109
1038
939
3575
3552
9726
2463
7724
6191
2970
1578
5112
7684
9243
858
7013
5140
4912
1054
9120
2885
9368
898
5997
6775
8687
6612
3183
868
9999
985
4090
3102
8765
401
6204
7924
1135
4981
3092
6573
7519
47
1467
1279
7195
5234
4468
2352
1165
7153
2389
5846
4079
6491
9409
7964
7976
5008
7612
4373
7777
5355
6270
1042
1379
3237
2474
5224
2665
4420
1328
8232
655
6816
6054
6964
3819
1201
7044
6419
5425
1025
9299
7688
5000
6603
6172
3983
4439
4824
2144
361
4144
5785
3634
4707
8227
300
3680
5981
6549
2441
3805
6990
1472
3193
8189
7980
7117
4533
1881
6926
3734
4347
7616
7393
4630
2822
8108
8174
2018
3471
1180
4427
436
2366
5796
3659
1530
6953
4593
6367
9328
3717
2557
2043
9899
1518
3234
2825
2341
1700
4338
6031
683
2726
1338
855
7236
9481
7483
9990
1648
5728
980
8663
7559
2628
1740
2440
429
8049
12
1865
7837
9489
9824
2222
700
2466
5673
4065
2323
5131
6679
6017
8549
5236
3774
3309
5148
7558
641
8432
2218
1410
732
1509
2775
8068
2260
6453
2090
9116
3085
3398
7459
5818
9915
4842
6193
8070
9742
6112
7297
7522
1256
5693
9587
9159
7264
7231
1442
5300
6930
4354
8899
2647
2004
8276
9857
6661
4288
1157
2394
2797
540
4537
7241
8897
357
3707
2328
4811
3577
6779
2524
6461
230
3595
1981
6531
7849
3127
4026
5523
9105
7174
7673
8498
7875
238
2879
6759
5564
2753
1515
4337
457
7918
3168
6885
1908
7962
1967
3374
8670
1449
2146
3110
2390
4659
4208
1045
8790
8908
3699
555
4686
7486
9026
9714
9248
2
8534
1928
2302
3311
9707
4219
3204
822
6789
1590
3015
6270
6934
1857
51
6314
8031
6718
7416
5715
2138
4108
3642
1549
6307
6450
9258
7233
2192
4859
4051
5889
2567
4298
1574
9363
3539
6037
983
7683
1182
255
1366
4011
1502
8894
7581
6179
9582
3778
283
7327
8649
6845
8436
9927
4993
7754
5090
187
8524
806
6920
1514
8376
1828
4690
6080
9143
8375
1136
2743
4161
1579
6004
565
5515
2930
7427
2408
4062
3218
7758
4647
2971
8669
3457
5209
5998
1682
8417
2059
550
8704
7814
4909
1020
2634
861
7849
5353
6824
8369
4062
5870
9524
8269
5152
451
8578
1084
3499
1743
1275
31
3024
5130
560
6889
2432
2971
6410
7960
4277
1276
7339
6557
7812
254
1897
5642
3184
7351
4667
3128
2580
7443
9072
4588
6800
1610
572
6907
3408
9842
817
9730
9963
3538
6581
2527
6964
9655
2719
9635
9480
5572
6392
8570
9514
7611
9870
84
7257
3010
8498
1457
7869
3629
5749
8060
2961
319
1264
790
5160
2022
2653
3664
3836
7883
2145
2865
2913
6829
2519
2114
5368
34
4776
5648
5268
332
9545
3857
6289
2105
1371
6785
4254
6580
5077
5768
7220
9127
4473
5267
9617
2546
5611
753
2035
7474
4706
4197
4637
2596
6894
3906
7497
9313
8487
6282
4855
1933
595
1334
2980
7038
4768
9040
2361
3787
4919
9278
9199
139
7814
9548
2273
3689
9401
2831
4899
3116
1495
2131
8555
1337
7364
6953
3616
4005
8708
9284
7054
6422
7550
645
4062
4073
7025
1862
7779
2827
9558
2770
4751
1345
9932
4769
7623
946
6676
4618
2592
3455
2516
3795
4454
469
3314
4938
5125
8851
9571
8398
1029
9328
938
7832
4771
6413
5322
9324
5650
1429
7331
8129
198
8082
3045
5551
8878
5143
8484
6783
3873
9543
5882
3863
7288
9132
6149
4807
7547
2584
3910
4070
309
819
319
8312
1701
211
2668
5201
7442
4795
3159
9678
7485
8761
3609
2883
2026
1718
9727
275
2546
3554
3701
2221
1854
1219
4376
3316
2364
4003
7501
7556
5616
9092
4161
4535
3751
9643
400
2584
2644
9015
5742
5054
2827
9276
968
2226
6670
2082
7433
6989
5752
9898
9920
1440
5438
4189
5176
2167
752
3009
6518
7907
3318
284
9766
7187
9818
6503
9632
2330
9284
5824
1638
9433
7572
6357
4023
1130
2783
7024
7569
4142
5423
6287
4637
2846
9950
6845
9172
7693
7785
4500
8011
2632
9736
5362
2638
3678
5306
8162
3686
2741
7734
274
1794
194
6169
4594
7225
4208
879
3160
7889
4249
2534
8230
8152
3297
6975
7629
9725
5830
8037
3240
238
7381
4428
6841
3473
9443
6169
8875
4790
9615
880
2116
92
3276
1930
4295
6007
6070
8853
4838
9727
7871
8296
9934
3164
5762
6668
6925
5769
124
8363
6583
386
8550
8587
3703
4474
7552
9725
6283
496
4436
3787
3411
2088
9197
6532
3808
8230
3342
8723
3128
8163
495
9574
3337
8419
1893
9274
2877
1866
6313
9027
6941
166
2923
8758
3171
6319
437
434
848
5679
6117
3048
5049
5160
483
648
1458
2547
2555
147
1176
2128
3317
4079
4471
5609
3095
4381
1960
3059
8542
421
5903
7275
3409
9673
2662
6170
5606
5931
90
1159
2429
1706
5550
382
3965
7626
6522
3739
466
7951
4949
8983
1201
8369
1436
6026
5796
9431
9428
8306
7568
5281
2082
8533
605
7932
6783
8759
3648
1211
2942
3791
4013
4032
7993
6724
7288
5469
6504
6968
4531
5280
7852
8213
1286
48
3790
8963
8666
6187
1730
3990
6982
7406
4145
3889
9296
3953
562
3521
6506
1737
5770
1719
5648
8411
1939
9928
6334
8916
7976
1053
4960
263
6274
9849
4048
8166
7026
5057
283
4093
3822
8365
1682
9626
5934
4222
6796
7099
1742
9750
1939
6411
98
1853
3393
9128
7559
7660
3064
1079
7768
1706
1784
2381
7485
8257
4543
3198
401
3487
9983
4705
4579
2320
8380
7434
1270
9012
1043
7217
3494
4593
4882
1321
38
6902
6417
3954
9118
2174
1257
7976
7307
452
7554
5428
9508
7301
9852
8458
283
3020
9753
7763
8611
6756
9523
7094
506
2788
1623
8794
8775
7947
9800
2136
4502
1552
2408
4759
361
6178
8069
7564
7742
1774
9463
8657
2789
5975
3822
3874
2904
8390
8329
6162
4147
4080
3732
2470
1495
5069
6083
6239
7962
4296
9554
2673
7193
6331
3786
8586
3482
4278
1103
5620
2412
1953
4669
8906
5917
7619
4055
3118
873
4580
349
3871
3630
2594
8144
7150
3492
290
6120
7063
6294
5088
2892
4461
3469
1631
3154
6876
9270
6946
3057
9114
4543
8053
6359
28
6708
4613
3525
9550
658
874
2470
5181
1660
496
836
5114
7442
3643
2796
8761
316
1635
5530
2345
8103
8528
5579
4196
6140
3592
7375
2700
6859
1965
1537
7781
474
2915
4167
4852
2766
8955
1487
6623
3387
772
8209
2150
8234
9403
1473
813
4986
7991
8222
1174
2846
7367
9410
1206
533
7888
6506
5754
9146
8676
2734
710
297
4251
3946
9957
9080
9897
6661
4204
3718
9431
6535
4958
3803
4258
5784
1777
4064
8486
264
8172
2179
1632
9082
8797
5105
9305
3614
2029
5301
2107
1569
6407
3519
6789
8957
2444
2482
7653
3772
9120
5645
210
30
5817
9239
4655
4510
9002
5627
4111
6395
2288
8336
5956
5049
1737
2834
1801
3904
405
2992
8205
8057
3039
8233
2359
2549
6074
9405
1972
6909
8650
3303
6504
3853
7552
957
1866
3569
114
8475
1230
583
944
4306
4893
2183
7528
1796
1486
6968
8948
758
605
8973
8087
854
490
3707
6541
231
4889
301
2375
4819
1191
1606
8569
2774
6147
51
4294
8615
8899
3591
3089
8533
314
460
2065
7081
5259
4810
4298
1750
9646
9275
8695
1798
2176
7642
5189
3981
3639
6332
672
1155
3687
3409
6719
4204
5725
4972
3497
4565
9451
6097
7335
629
4543
5455
390
581
3446
6500
541
3568
286
2095
4198
3382
8596
5133
9978
7544
8012
834
767
8425
1623
2833
32
2293
3695
9785
4858
2263
9359
5199
2280
8484
5618
4188
3885
5337
9080
5266
9523
1384
2502
5073
9825
4693
6934
4255
7610
7415
7691
5033
1473
3328
1794
2301
1708
6679
8648
4220
6182
5747
9345
4920
7669
6994
8051
3363
9549
5478
486
6292
849
5993
8465
6203
9747
5907
7807
2397
7239
2222
4236
2537
4436
983
1626
5598
2167
1096
1382
8379
4689
3034
562
194
2538
4936
6844
5290
125
6043
859
1446
1592
1219
723
6447
4599
4624
7825
2536
5262
7173
4797
2208
7392
8928
6054
5200
5632
1149
234
1631
8371
6300
6596
7869
6984
7531
6764
8085
489
6924
915
1112
8150
3625
9409
9085
4076
2119
2208
8198
8039
4100
8808
9054
6923
4250
1012
1385
1953
2988
9045
721
5043
3750
881
8594
8415
2365
7892
7660
1844
452
8742
1181
2015
6249
6192
7919
6498
534
8333
7526
149
565
8952
3519
2884
7861
6181
1652
1249
892
9502
2521
7303
957
1220
5122
4506
891
1924
2433
6186
1221
9886
6550
5508
5919
5424
2341
9979
715
8117
1462
2716
9816
9721
7452
2081
3827
1344
7710
4427
831
1738
7955
5545
6146
8318
9717
8577
6127
7266
9020
4798
4966
8704
318
4575
8565
245
7658
5717
8358
9361
1927
6509
9328
6306
7164
8173
4101
5063
3715
3864
8811
5272
1409
152
4096
9649
8207
6590
8461
5906
3333
9310
5658
7561
1919
4584
7224
5399
8880
2478
1847
4210
2803
1853
2057
9710
6191
641
8145
3849
6509
7487
4456
3115
8576
2944
5595
6539
4543
2314
319
6341
3351
5389
4242
3184
1991
2812
3363
1962
5492
2862
5902
842
8425
6020
9789
8064
2337
57
3474
5140
2406
8597
9968
5055
6086
3991
5868
1806
7536
2877
5674
3256
7636
7519
8144
2938
1879
942
4039
7006
170
7804
1528
2627
6067
8925
3120
5802
2614
4433
5758
104
863
3682
8276
5108
9408
1864
6039
7356
8812
4829
6001
8557
7182
9585
7425
137
5702
5238
3159
6640
343
1561
4705
6895
3551
8016
804
6176
5222
1651
5559
2604
7096
25
8464
6382
7081
5467
9832
505
8934
3671
8970
2324
3462
9947
3989
600
2985
7517
7211
6599
6370
242
7662
998
8592
171
5674
9742
9742
6242
6726
5396
1112
3872
4705
4896
9507
7532
766
7613
4467
5277
6090
8087
7328
8142
692
7094
3905
8968
2482
234
3481
2372
5830
4239
6188
7395
9657
514
7692
4175
5931
4673
7475
7019
9332
8199
6917
6202
601
1656
6350
9964
977
9385
7245
169
2501
9209
5629
3555
8317
8791
4759
7614
3999
965
1112
4151
4649
7889
4034
7877
3103
3520
9641
1609
3048
527
2675
2699
8124
2062
9621
36
2077
1600
8328
3460
6297
5087
6589
4820
2623
9856
8363
4347
9801
7693
2114
7963
7076
1839
4314
8626
3033
4543
7348
8193
7224
7781
8868
6208
4684
5859
5691
1776
9866
770
1124
9773
6247
3901
3049
5810
8676
5819
2159
4241
3842
8807
3314
9818
4411
3042
4656
1795
2459
5194
7864
1434
2128
7263
4469
5144
7032
6535
4574
4536
3909
8616
2695
8285
7054
4305
2507
7147
2158
3713
8890
5558
5931
4753
1686
6493
4644
1977
6897
6498
6565
8137
9562
2555
8318
3964
6039
8170
6013
3941
4994
6007
1687
7080
9563
7898
8504
5313
1551
7727
3984
9886
1485
1852
7436
9000
1593
6504
5811
2322
5741
1063
5738
4602
284
6376
558
3350
8624
663
6277
7064
3511
5315
5302
8157
790
8537
1196
9130
1048
9420
3628
2569
9684
7123
884
169
4521
6076
9778
8892
7662
836
8537
5623
4254
5495
8750
995
3992
1037
4745
7889
3554
5112
2614
2805
6254
5363
3348
9082
5110
1330
8700
978
9791
6856
7344
9856
3675
9404
2891
1056
5340
7652
1515
2805
6424
9508
89
535
4888
1396
1779
9088
9188
8763
4930
3181
799
591
6254
9703
4694
2188
1816
3816
14
8681
2686
3500
9391
198
428
5995
4765
7446
5736
5402
659
6022
2003
2936
2139
4964
3217
693
1207
5773
9564
9923
0
2585
6168
33
9744
4061
3354
2719
5528
2015
6302
3541
7929
728
1294
1318
5185
3128
2007
3017
2931
5629
3085
2483
2417
8266
8952
5921
9316
1164
2804
5327
4907
334
4997
6535
2989
3381
696
3131
3055
7098
8718
5346
3567
3713
7272
4587
5870
9134
8707
8559
7112
722
4881
462
6353
3700
7482
5957
3424
944
312
6115
8800
9549
54
1403
8700
5304
2194
7650
4347
2634
8626
9502
382
7116
8844
9820
6488
3653
5472
4898
2781
6817
4338
3564
2341
8237
4586
8325
4756
4092
9661
7073
3277
7975
6754
7722
7731
2793
6237
597
8556
514
9959
7920
1299
4151
2699
2198
2471
7480
431
8344
3723
2889
1512
8069
4611
6859
1853
1812
9560
2013
9054
1609
6058
2980
4026
1574
2562
677
3333
2638
3132
4602
7384
448
6443
6624
6190
2978
1008
1819
8452
4356
243
4418
5870
7167
3764
1930
5852
3297
9476
3847
3789
6873
7726
154
8669
4170
3319
1239
9191
9270
5982
5323
438
3331
235
8764
5525
4005
3548
2052
3943
2256
6495
2012
834
2955
523
6899
1871
2187
5601
8638
7596
5533
6428
9020
6388
1844
7413
5451
674
3807
7355
4216
7206
4282
174
8352
8205
9511
4558
7093
7890
2142
3450
6391
1836
9445
5739
5484
7157
5247
8019
5072
9002
6883
2771
5036
6721
5259
9303
2075
4927
1928
6594
7996
867
867
5166
1239
8411
5101
505
4740
5347
1391
2254
9325
4518
6896
6233
1430
7298
4943
1399
5802
5855
8523
203
4940
6484
4027
6454
7235
1632
9390
1530
9178
2565
987
1085
5504
8361
6526
1617
5562
3478
4191
1276
2139
549
7161
6945
5638
2127
4918
1696
879
7885
2983
4682
6906
5102
3318
6801
3610
1539
3818
3567
7897
6397
7018
8917
234
1286
7006
2419
3109
3204
8847
3194
6950
5926
7139
2864
1961
515
8995
9124
7338
1680
1117
9667
7538
3606
573
7448
2890
3747
1986
3043
9754
4363
5022
3521
8221
6705
2161
7813
5115
1244
1857
3334
6854
9849
2421
4396
6892
2442
5684
2973
8617
9081
1738
7779
1087
1292
1138
8715
5754
7653
2445
1214
2956
3902
669
5325
7001
1559
8941
5028
5726
8666
9634
7563
5788
8675
7194
5951
7667
4508
3132
4262
7671
4690
6538
9042
2428
5032
444
5378
7469
6891
3315
4458
9051
547
4406
2339
2196
238
4390
9526
2649
2995
2263
2070
3512
6911
6668
490
7810
549
1199
7557
6607
1579
230
8690
3077
9371
8202
9140
6837
3291
1041
5236
8938
376
7145
6546
5209
7804
5339
44
3778
7666
4746
6871
2263
7563
9352
695
2719
7224
4605
2039
5775
1523
5381
4562
3924
8177
3363
6744
258
5887
1372
8829
4620
3581
7228
207
4176
6092
6170
3789
4521
6658
5659
9896
3566
2371
1244
7437
9202
6479
7768
4848
826
7837
297
9963
9291
429
2237
909
6855
1659
3929
9331
5303
6067
7213
9171
1822
2569
4477
3853
2074
867
9222
2574
2257
6012
7466
8489
2322
7512
308
5756
563
555
6387
5138
9104
999
6123
9783
5028
6285
4525
5034
7255
5815
6121
4113
5230
7246
2300
5891
2535
6654
2254
1821
2351
2437
5796
8963
2130
3566
185
6940
7110
7466
9960
8321
3091
133
4171
9105
9049
790
5871
2074
3727
7954
3455
3373
5502
7390
5459
8737
6575
273
3964
9220
3037
2044
7793
4283
6342
2317
9058
9456
7451
4563
8588
4899
2887
3158
8189
1743
1609
2270
7429
1884
7211
9703
7026
8823
748
6796
9227
6383
7091
3439
8345
5787
5508
3542
3838
7696
3155
2860
3429
349
9320
6136
6743
4331
3987
5664
5863
1630
8789
2236
9427
9191
2387
6169
7024
4654
8179
7465
7298
4332
8084
6343
1573
9553
7555
5118
9918
8168
5662
217
3756
4813
4931
4925
1455
6973
6196
5259
6764
3753
3122
9088
3658
2781
1080
7096
6944
4384
3458
7011
5965
2902
4921
1947
5437
8486
1503
6112
9709
5300
4150
7505
9077
5457
101
6947
3924
3995
982
7793
579
8988
9780
3736
6964
7984
2369
762
1914
1631
4334
1882
5113
1439
1700
1640
9993
5916
8014
4649
2233
8573
172
7711
5712
9108
1669
8671
3361
494
134
4653
3909
618
8964
8372
4080
342
1165
81
6742
3177
4177
6549
683
9063
3228
7701
8005
3308
706
6195
1670
203
8916
2448
5430
1613
9563
55
6060
4253
2639
916
2884
8782
9988
6511
4267
5809
9813
5482
6597
3621
2720
6349
7039
9463
7664
5857
9742
5590
833
5570
3832
4657
5635
629
30
4325
6864
8856
3775
2304
9639
3907
5522
4070
6742
412
7382
7298
2051
5771
1385
4779
1305
5039
6056
7160
5473
8058
2651
4995
6977
9284
1882
3732
372
8738
5326
2233
8837
7065
7168
6412
8442
4047
2727
6065
8606
8108
8481
1252
658
9835
428
3264
7016
6302
52
2607
2030
7531
591
8392
1288
6755
4022
7624
542
621
141
4043
5798
631
9246
9434
4165
5415
1251
8741
5815
5842
2759
2167
2290
5264
3127
3483
460
241
3094
8689
1680
5341
111
5558
5164
5512
7769
2007
4800
8118
8764
4636
1514
8357
6431
5090
159
9782
2571
4521
5108
2791
6503
5882
8991
8
9081
2206
3225
6819
8603
1920
2251
3773
4431
7243
1267
3281
3790
7214
3179
3300
5336
6380
6363
8308
7924
5110
2739
7413
31
9717
857
6097
2046
5535
9691
7365
6875
9767
8976
9403
6912
7471
6761
2712
3888
5382
7103
8010
8036
2375
3335
8184
6623
2226
7966
4490
3564
7328
9343
1381
5012
1882
7795
9385
1804
6913
2584
1023
5230
4537
3443
7609
8022
8855
317
810
3227
1190
7823
7303
1661
6764
9806
5035
2659
6198
9895
2402
9031
8602
811
8970
5586
9988
984
5479
2576
9904
9437
884
7338
8838
1
8334
5271
5504
5632
899
5566
2114
9193
9801
7711
8573
1626
4585
6453
7651
9678
5297
3795
4037
1593
3318
2449
5883
605
7711
537
9501
8582
2744
5347
2560
9541
2005
6930
7805
4357
4075
1682
968
8623
4386
9196
2340
6048
7400
7324
9467
5028
4338
6719
3984
7337
1468
7759
784
3000
1853
3716
2130
3517
6413
7835
6536
2788
7524
7380
1546
1284
7116
6383
6352
7383
5589
396
7908
7643
1794
8669
4034
3958
1924
3728
3100
9752
9339
4422
7463
7187
9423
6486
8616
7841
337
2607
8433
185
3148
2736
2529
9493
3149
5194
6303
6807
8050
774
8514
5104
8697
9983
535
473
4128
8156
9905
9065
4084
6274
1415
5024
180
249
8816
9507
6057
6148
5117
4456
1799
7649
8257
2019
5805
8845
6721
6578
4023
475
6883
7333
3297
2489
6860
4392
9417
5460
2635
9437
3457
5315
965
3959
3006
1695
6765
9135
2095
9851
2772
9786
6528
8170
6067
4156
1625
1772
3162
9088
9879
1810
3352
2935
7356
9582
683
3773
2835
5202
3972
5566
7091
8208
1160
3364
7568
3327
143
8486
3012
5622
8513
147
8063
1798
8495
1478
8439
1927
7509
2527
3635
7334
5996
503
494
5948
5914
8622
5033
702
9924
6832
1927
3661
1539
7409
878
1177
1103
2339
8107
8625
816
1790
5339
5634
7562
9979
7513
6269
2145
6191
5537
4711
5978
1025
4077
4219
5910
9467
1898
8683
2425
7160
2375
5757
6251
1709
4936
4043
2809
9522
5262
7340
5606
6528
5516
9423
8963
9980
6356
8378
1897
356
5891
3568
4306
2606
6579
139
3481
7527
4346
520
864
9546
8274
5344
8201
4416
3995
5545
4975
2451
916
6051
3418
2415
2775
4959
5427
8795
8958
6260
3254
7313
5367
3764
6886
8925
40
2401
6705
7455
9111
1032
7117
1043
7663
1617
9985
7790
2485
6460
295
8023
5806
9889
140
8910
2210
2300
510
6285
2925
9173
8996
3943
6464
9896
7123
8267
2084
2683
1149
7854
3703
3057
6845
3442
2461
2315
8612
2882
8937
2269
6638
8699
7840
9355
5645
424
8784
45
2834
5900
4092
5399
8257
6552
4938
7589
1761
2339
3812
7782
5886
1442
5983
2430
4214
9013
2586
8281
4248
4663
4101
3519
6561
5043
4006
3334
7824
2048
2765
9397
3029
1818
5345
8277
3482
8270
8494
6663
1219
6723
6949
9444
4832
9230
8452
8288
8485
2981
2139
2844
4738
6499
3324
7732
8792
2484
3144
1001
2623
6046
6828
658
4374
4130
5414
630
1704
6380
1125
5353
604
3848
1197
3638
2299
7579
8031
2105
8012
2046
8701
7714
6805
2968
5009
2531
2028
1887
3660
8674
7671
9396
8633
9547
2385
8282
9017
578
7030
6211
2985
2649
8671
5765
5376
563
2180
6803
8829
8274
8165
5676
5702
9982
8575
9693
6451
4741
9125
2142
9308
1486
5995
6431
9423
1295
8057
741
698
3765
8312
5062
6094
1406
9446
2247
3855
1625
9866
2116
9448
541
8917
8805
5432
6567
7322
6321
5014
5835
9092
4058
1031
6748
1024
5106
2862
6645
1910
7643
8395
5818
9381
5143
162
3103
5569
1944
2250
2124
2085
3218
7809
1258
3572
807
3685
3300
8533
1638
4308
8834
9844
3875
2018
1826
7255
822
4009
2124
5439
6089
6469
6635
4727
7613
1751
4424
3519
9186
4009
1476
4947
4473
97
8611
7179
1095
5017
816
9785
297
3366
3860
2481
9653
3558
8289
2929
9771
5247
1542
2717
4287
3123
4310
3856
57
8318
3882
7806
6543
8679
654
8995
2705
1438
7314
3887
4860
883
1657
5119
125
6717
6584
2249
488
2162
7536
5035
9694
1976
4518
8228
5583
3301
6800
2327
5901
6222
5439
3106
1147
7
2767
8734
1743
6999
8366
4838
3305
1074
1347
8677
14
6699
2512
8663
1446
6499
8262
9592
8675
2873
4996
5835
9380
792
977
7433
8772
4099
3065
4960
8465
7788
4962
5631
3273
7962
932
6501
3090
467
5577
8203
6733
3863
9985
6279
3765
980
3046
3674
3063
2988
2090
5972
1678
49
2658
6540
6750
5364
7417
7840
8616
1504
9467
6938
3435
430
9418
9677
8084
9494
1499
3313
9600
597
5979
7511
3229
210
7185
3740
1185
6682
531
5508
6661
1418
197
9602
8309
1652
1844
9151
5398
3133
186
8722
3582
32
2805
2205
5439
2957
1758
1606
9788
7357
5293
5956
2540
3087
9119
167
3453
8001
4071
5062
5605
164
7280
4655
7726
6606
8983
5442
8538
2366
2711
2732
1578
192
4880
4181
2207
2223
3054
6006
2219
8192
8084
4500
17
4124
2993
5599
5490
4710
1460
144
3882
9350
4904
9974
1648
5116
9291
2417
2
1363
9009
1054
5041
474
7053
9234
7627
3010
1926
8837
3313
8444
6073
7225
6995
3395
8600
3518
929
7750
2315
8454
2882
8761
7591
8739
1406
1359
9668
9974
1193
432
8580
5906
6708
458
1384
6333
1912
6427
1533
7669
5396
5422
4304
7046
8508
2407
4419
6096
4564
3382
4430
7402
4100
7280
9877
9862
4549
7867
6459
9787
2608
5837
9338
2648
9354
6784
1356
4447
2253
2080
9201
9051
4107
2809
647
4694
9495
6811
4604
3046
5140
3688
4443
42
8886
4449
2167
1370
1957
5432
4988
9504
4242
1784
4034
3269
8030
309
1694
3049
1110
1865
9674
9084
8420
6034
862
1261
5100
3803
2592
9687
2613
9404
3304
188
8197
8975
2340
4367
8635
4916
3294
619
5710
543
5415
363
5206
4716
2616
6292
1652
4615
2272
8721
3878
1977
9529
7471
8234
9032
2189
5082
6242
6236
6490
6153
7053
3226
8814
3961
4358
8984
9283
9883
4875
8610
1036
3307
9811
2399
749
5355
6760
4571
1779
4546
2602
1898
9716
4138
7075
3597
642
9429
9236
610
8077
7344
8198
1862
3137
7047
4650
6736
4126
9442
1720
195
7783
4014
4852
680
6096
2602
6704
152
3717
6150
4188
1440
3209
6084
3965
1590
7333
5002
96
6285
2724
5968
7827
9413
5634
3906
9493
4393
2078
3159
7551
6697
3719
7608
6956
1270
7167
2134
6823
6514
744
1662
877
2496
9480
9240
9109
7548
1181
971
1889
8269
3555
6392
9463
8056
5570
1554
2727
3922
9499
2841
9435
3912
4073
699
9161
7372
6024
146
6715
7241
4123
7837
9214
1233
135
9446
5237
753
7027
8164
2271
3856
19
8011
632
3328
2300
9907
6508
5316
639
7292
3620
8590
3264
4281
5531
5231
5741
7173
491
4769
3201
427
4013
1243
2215
2732
9423
6920
1434
9181
7444
5275
9778
816
2535
3504
9251
3673
9006
91
8456
1866
8555
2283
9100
834
5371
427
9126
2569
2007
9537
1401
4272
8539
6095
5122
7332
9837
5153
6066
5357
1263
7711
875
7898
2774
3978
7034
7515
5341
3894
6035
1748
695
5552
2877
6366
1453
3618
8895
5436
6662
6720
5492
41
2800
1549
383
5582
2687
1823
4821
3437
1811
207
1692
5159
5403
2987
5145
2946
2132
6657
1743
4910
3031
1037
7630
9313
6299
3658
4340
7252
497
3700
936
4737
6602
9013
1335
6201
1669
8008
3956
5436
9996
2323
7643
1583
5630
3227
4842
4379
9662
7555
5223
6335
9758
3061
1488
8613
5833
498
1813
1836
7321
9476
5616
9119
3154
7196
5591
2668
2742
9950
3826
8734
782
7014
8815
4815
5671
3824
8339
1532
1808
8977
9757
5225
3175
2186
5046
1958
6443
4770
7136
2707
2237
1735
925
8696
6679
301
8513
1241
5777
8925
8723
2085
7815
6593
9576
6648
6017
7654
2794
1588
194
7725
6111
5027
5534
2721
3552
28
4470
2316
7634
6625
840
4961
1017
5270
2570
9457
4045
8807
786
4979
978
2846
2508
5243
6884
9036
1946
8880
4322
2887
3078
9382
8515
1664
211
4271
4819
568
4190
8909
4113
1237
5937
4122
8642
5140
5725
3862
6737
4552
8405
9006
9898
1388
1044
6754
8705
9908
3954
4594
2692
8229
4759
1856
924
5292
3042
3305
1737
4974
4204
443
3219
5971
3859
2547
1120
4170
8771
707
2786
3781
7760
3049
1232
1705
850
5714
7219
4853
2717
151
9450
8490
8892
5991
7087
9657
4320
4711
5756
622
6019
5765
6695
7653
4695
4759
6213
2235
4687
9805
6106
7457
2292
4937
9775
5239
7820
5143
9345
466
9289
5690
2270
7999
2407
2209
3022
436
2440
382
3619
7531
307
9271
8003
1092
1049
5301
116
4271
5482
1165
4157
6602
3460
6950
2764
4433
1280
4960
6773
595
5652
1362
3163
1656
458
6058
8334
4107
9675
5848
1334
8906
2122
5393
5717
5083
3571
8067
7170
2699
2178
2489
1797
3773
9781
7700
1005
5348
60
1007
2823
3089
7039
9268
3314
6046
3986
4367
6027
1576
2303
4927
1963
7544
6081
328
3855
527
6798
1303
852
9965
4414
3594
5961
185
1184
598
6040
9697
6834
9431
4653
9226
6441
1762
4323
9652
2584
5276
5500
56
6509
387
6756
7258
5700
557
1743
2089
5857
4509
111
9473
2835
8654
7942
4537
4449
9595
2789
5491
9159
5930
2592
3299
245
6508
6163
8817
1371
6771
841
5977
5239
4734
2436
26
9806
8923
4649
1634
1601
334
5453
6048
190
4643
2942
5891
2851
4994
1014
5151
3944
6750
1419
891
8078
9999
2232
1185
7901
331
7855
9348
1870
3969
6109
1713
2041
9753
7528
3288
2078
1850
825
9651
4370
7221
7994
3488
3880
3845
2427
6880
2738
8824
3733
1909
1703
7308
3740
3775
1300
8631
2184
5765
655
2840
5074
4141
8118
1771
9661
8990
6307
620
9494
9611
8475
1535
5906
4831
6050
375
1886
4958
7494
4540
1138
9670
3161
7327
1538
1064
190
9919
4622
6480
6737
8638
7739
9736
8575
1394
1493
3393
6622
3166
9564
2864
7398
5004
7785
6447
8761
1237
1646
67
6128
6586
9370
1259
378
8942
5187
3807
8803
3744
9733
7980
4105
3353
5050
6779
4860
10
3048
1733
9599
5430
1715
2228
4775
7826
7279
8421
2987
4953
6605
6583
7602
4803
9272
8542
9249
9093
7313
8958
3727
2372
9562
9749
7595
6927
2350
3898
959
3460
7212
5095
2813
1082
6466
9382
3782
6844
4989
4993
9153
7608
3603
5959
2897
6375
9844
8247
5105
493
8630
2269
1373
877
1485
6763
8480
8538
1415
1374
7642
9633
5649
3517
398
3530
7713
1033
2504
6752
5109
174
3095
896
1028
9232
2718
7281
7464
2981
1891
4484
9042
1587
8015
3928
7317
8932
1970
6247
9642
5818
61
7580
8978
4375
8327
7851
672
5649
6682
4033
389
6765
9436
7919
2646
557
6687
6278
1993
2269
4436
867
8561
3168
5488
3279
4551
7500
6688
6930
9789
9220
4619
8431
9786
7000
6002
865
1297
426
5532
8333
2071
4847
8837
6627
696
1175
4785
3128
2384
1550
5828
8662
2331
6138
7874
3385
4827
6552
4504
1524
2807
3595
4530
2975
5727
2077
8838
7942
1115
6515
5778
6967
1997
5119
3385
8785
4223
6501
4532
7354
3491
9419
805
8787
560
4811
8019
9615
447
9605
4840
5983
983
4509
1968
7773
8818
456
9296
6966
8049
1755
579
5527
1771
894
6649
9154
1141
5432
3230
101
7727
6006
6269
9516
4366
507
7350
1329
1942
8082
5500
9971
5335
4608
9179
6586
840
5349
8629
496
5945
5728
9608
2563
1561
7757
5930
2491
8294
2317
9499
872
9088
6867
5791
3027
898
9735
4304
7500
3964
7299
5019
7656
4957
8878
8339
3226
6392
3830
1503
295
7506
8394
2321
5188
4606
5142
6353
9279
8476
3767
1136
3526
4648
2464
1966
5967
2744
7689
6067
4391
7903
3122
8908
4411
6977
4798
7354
1821
1366
3712
2680
7212
4691
7688
6345
3934
3504
2936
3654
4095
5191
5368
9339
1971
4397
1820
740
9346
1225
3839
4094
3986
2714
473
5244
1787
4708
5560
4586
6004
3901
4305
6396
9303
5244
1902
7935
3944
3144
9846
2671
2085
2656
5571
6543
5722
7112
8881
7289
2598
7594
2360
7402
4896
6419
9517
151
9001
8874
6700
5111
6090
1738
5491
7964
553
2993
522
1824
2342
9405
3419
2146
4861
3173
5452
6317
9384
1902
448
4031
8929
3457
5235
9035
4906
1007
6427
8186
7258
7011
7979
8150
182
8323
9930
5470
8837
98
9417
7440
7934
6936
9735
7494
6746
5052
1699
3059
7528
1512
7983
3645
1793
4538
640
1564
2285
5026
591
4826
2936
9712
893
2270
4152
3064
9578
9562
5411
9968
7553
3858
8843
7023
6219
7791
4849
3716
9382
5915
128
9692
6751
5681
7328
5714
2723
895
583
7778
9323
7917
4499
2574
4277
6304
2376
9945
3808
5920
3540
2407
9429
9952
5406
1189
6295
4478
5823
6246
4965
7822
6067
3301
8135
4241
4628
3513
6795
609
3530
7831
9662
1100
2052
6236
6451
9555
9750
3219
3784
7970
6696
9653
2247
5677
5577
4755
3571
7479
72
9108
4089
5282
1917
4861
3751
9099
6052
2705
9063
7932
3952
1924
7673
7557
9076
3266
1075
8994
5492
909
3115
7896
9882
8313
3356
5383
3146
7644
4129
7709
9656
6216
5996
1756
4845
9202
5459
6355
3917
2697
1906
1110
6141
2691
949
2230
9259
2304
2600
5584
491
6775
1721
7434
8934
6041
7801
4891
2980
6992
273
1187
1923
4092
3679
9893
7271
119
2193
5631
1862
2483
9773
6513
840
8241
3337
3974
2758
4313
6548
6491
1280
570
4280
699
2025
2269
66
8491
3926
5863
4180
198
9480
825
2986
4416
4692
3749
6702
7600
5515
1206
4309
4910
4566
5733
3300
1623
5114
8231
9960
220
3839
9174
6465
7091
126
419
1345
4995
6794
2288
3214
8846
2995
1370
3857
7278
3149
3003
4146
7419
4447
1973
2542
1071
9133
6700
4134
9698
7677
6712
3615
2558
4515
2059
3526
5846
3140
8811
6916
3088
2281
3054
3438
3571
9287
8828
1325
1883
9919
894
6706
7618
855
6755
3553
3380
2747
5366
3829
9047
8136
9845
1080
3205
9765
1394
8824
2278
7416
5651
7494
3870
9819
7816
9221
6692
6826
3476
4830
1716
6997
9077
2064
743
2812
1714
5338
7734
5694
1840
5212
4173
7747
1018
1834
7826
2697
3851
8980
6494
7169
8228
8268
108
4499
6457
786
2607
3292
1080
4770
2347
3193
7802
9071
1784
5134
2406
2575
2380
6501
5671
6964
4170
9824
191
2277
2806
4668
8585
4161
8297
483
1585
6671
2654
5097
3232
3085
926
4041
507
4151
4763
2793
9462
6811
9343
292
443
65
3835
529
7912
6288
4116
72
1463
7192
1688
9126
7559
3837
7887
6382
2939
1551
2559
768
7557
9300
9188
2482
3089
258
4445
3013
7048
7520
6179
5241
9161
39
3552
5615
7400
7232
4069
4855
5209
2383
6650
9439
2280
1215
9974
6022
1775
1369
4009
2237
1842
9528
7370
4393
5848
1535
1194
4983
3084
2958
9776
8400
1693
3655
1308
4727
2775
3535
4279
5203
8908
2164
1956
1491
886
1279
9319
1867
6456
1112
3096
422
2261
6052
3738
9990
2550
25
44
3233
8774
3930
645
8605
8401
4694
3725
9944
7798
9347
8842
7905
1795
1941
4439
8213
1457
5037
9913
4024
9887
8626
9397
5495
6559
1060
8149
3109
1625
1476
527
5087
4766
229
745
549
8850
3062
5760
1198
8140
2652
9373
9703
3329
5592
548
2552
9292
4318
7221
8896
3355
788
9244
4025
6917
7291
85
9386
383
6531
9285
5544
7694
6327
4185
400
2068
7846
7422
32
619
5476
6194
5191
7567
253
2794
4333
9779
4878
9068
468
4729
6035
1335
6843
352
838
7673
8287
8888
3215
6567
5750
2980
113
9309
5149
761
8948
6019
182
7176
9842
9537
3117
2779
9411
8912
2718
2781
9993
2335
2494
2284
1133
8833
4348
4405
374
72
5566
5148
3231
3504
122
8311
5701
1648
5913
9704
3080
7990
9523
9879
8663
8618
9391
2284
5386
5922
5131
3645
1116
5394
4775
1288
8581
1636
604
6201
5796
8151
9890
5344
4361
183
6083
7627
6470
9542
8843
627
8494
5908
3373
957
3573
9577
9918
4754
3440
4861
9594
7022
5186
4972
205
7127
3581
6558
8832
3566
8810
3710
2110
6710
4871
9372
7875
2423
502
7894
6187
9911
4967
4299
5175
627
476
9067
958
9562
4368
2310
3950
5618
2232
7360
3266
8574
6642
9869
5283
5400
4425
4880
4551
6104
7459
2742
9080
2831
9509
9278
2977
247
5149
6828
7810
1798
5736
1548
7994
6772
5294
263
5342
2928
7215
4280
8796
9423
9488
1630
4411
891
5883
7918
4663
1809
5612
2470
7529
1730
7028
6033
8551
2214
2804
1579
9414
9826
7810
5455
8345
7065
6342
1445
3327
5550
9247
2747
9173
8932
7328
1751
6691
7002
2463
5449
270
2514
7492
9135
4006
7968
8996
4269
6243
9760
8641
5384
670
2374
2756
4640
2040
3355
2741
4056
4503
8097
8979
5660
9078
8588
6406
8988
4433
201
7031
4088
8465
9700
771
374
151
6475
6057
2536
2641
3457
8556
8981
6194
324
8746
2636
8991
7152
782
9055
9441
4582
8403
5699
1193
303
5158
3758
8248
366
5179
8953
3586
4316
8234
8870
4258
1570
4063
1744
2525
3049
4942
5881
4120
191
7357
8434
6058
7638
2373
8995
5958
781
3807
2463
2713
333
8278
8653
9071
8884
4076
5844
4638
9675
4956
3850
2913
1425
5808
6347
8449
1959
8010
5312
8422
4620
9327
2387
4013
1914
6830
5830
726
780
9020
6428
233
7233
676
1078
8355
1691
5604
6534
2753
7215
6601
3427
8219
1479
2168
8052
8690
7696
6915
8326
7663
6531
5887
3470
2735
7401
1343
813
8123
7985
3499
4124
5305
6004
1343
2936
4207
360
9932
5661
5974
9443
5014
2620
9292
5423
5846
6311
3891
9289
9506
1306
9960
3859
6364
5979
9022
658
5479
8925
39
254
5203
8402
6027
1918
5607
4083
1200
1833
2504
2040
332
3425
5781
4783
251
9661
8008
337
3428
6917
4232
2106
7286
9905
9397
6980
7004
4680
4361
4128
5520
6793
3059
2498
5800
7841
5658
459
5759
8441
4969
6225
791
2234
7771
5772
6670
1859
6981
7379
6554
4834
3624
9187
2079
5780
8461
2147
1705
7821
1570
2048
1938
687
2526
7337
236
1521
9475
56
3957
7284
235
5825
468
5658
3743
7355
3448
7042
8930
4003
8444
9235
9959
7946
6624
2650
3758
3342
565
2204
6869
846
7571
944
2875
6434
4911
8592
8349
4577
5479
5399
6968
339
2957
4961
8656
9305
3856
8133
8884
9626
1785
5619
89
8502
1429
7747
6170
9569
9732
7005
2943
710
9824
1997
5296
5713
3025
2870
2535
3982
4145
9490
8811
4496
2247
4162
1503
6189
3689
1235
5185
8339
8760
3293
9475
4465
7287
6559
5007
3396
3131
5474
681
6075
1656
5188
4422
8336
1673
4892
5137
4730
4787
884
1626
848
3037
4780
432
2174
866
5176
8996
5541
1404
3937
3218
3059
1814
7674
7614
5556
4715
4291
5648
271
4645
266
3187
2398
2347
9331
8768
7862
6938
6790
5144
6251
4966
8044
1478
8373
1839
2324
9301
7606
2207
826
2254
2009
1267
7140
113
5922
2164
5739
6334
9110
1488
1606
9058
1700
4304
4652
5587
8495
9138
2412
7411
4565
2496
7217
856
6894
5652
414
7636
6026
6692
4870
8133
2835
3003
43
2387
427
7901
2058
3483
2476
6397
1926
8928
7254
8633
4558
4635
7180
9977
8328
8550
7059
546
4754
4803
5980
1904
8658
6536
8730
2094
9709
709
1210
8251
4325
146
6719
155
2456
2193
4988
8989
1254
6637
134
2794
2435
1346
4962
1412
3225
8661
7032
7463
5687
9649
1427
4931
2716
8704
3829
1637
1890
4444
5056
9577
1624
1597
8389
3245
6171
6277
9897
5157
1835
9613
3690
4240
1924
847
5787
588
6626
9169
5162
8896
388
4349
1115
7419
2855
5591
9395
2983
397
6018
5938
1274
2447
9300
3262
7887
1563
3809
8614
8364
56
5766
4486
5899
4019
6713
4869
6828
9706
9058
