7846
7896
2309
4982
4652
9834
1814
5117
6036
2987
9632
8801
612
790
1382
1631
7968
6297
6900
8596
6243
6864
3871
6244
7079
2099
6720
7120
7642
7085
3633
3593
5719
6704
730
5261
8340
9429
3524
3789
3007
5701
7241
6832
4132
942
3803
2671
2594
9421
9496
6885
2026
9443
3329
1052
4439
7383
9210
8478
6436
5801
4984
818
5675
3029
9551
345
6413
8023
6681
213
9303
3439
7139
3835
9808
802
9953
4492
7408
6823
9595
6265
1386
9499
1852
9881
5609
5466
2666
6597
6942
7986
6775
6846
8678
6537
4987
3577
8135
7246
9250
3562
1173
8626
7762
2686
7793
3812
1894
7120
5004
7938
1179
7345
3724
2102
9203
9685
4008
1424
4383
7418
6894
4857
2400
9592
2479
1949
8149
8363
6887
7506
5246
8442
3628
6196
5808
1567
1139
6473
3100
7125
4548
3350
9806
6971
937
5832
8883
4439
7345
9844
9708
3114
9714
898
8630
5476
5211
7762
2699
2301
4533
7857
6002
2758
6756
4923
4585
1253
9326
8498
9223
6905
1066
7852
4901
7253
3542
8452
3246
2583
303
2791
2234
7258
7163
7027
6166
2013
2043
5818
7842
6078
6295
4840
8365
2331
3782
5583
9900
7411
7780
7075
4555
507
4700
9812
5567
7630
209
2212
7936
884
689
3315
9924
9806
9277
640
7667
5689
636
3696
9812
9957
1101
3384
1915
9438
4196
3030
3507
4762
3366
5520
6494
8080
5289
1165
5328
2299
7371
6363
4334
400
1407
8911
7883
4936
5182
2346
2197
2520
5065
5828
2689
1290
7140
9661
1853
5370
8753
3984
8509
9224
5555
603
8890
4674
6977
2904
7273
3026
5901
3713
8847
9477
6056
6444
274
3691
8276
907
1464
4623
6134
1418
8874
129
5048
471
1349
8584
5793
2269
8458
2144
8477
3924
9003
78
7482
5254
4166
982
6754
3971
3399
4505
6907
7622
5345
7293
6985
1699
7195
6492
262
9109
4766
1482
9313
4322
7842
2679
2799
7835
2870
7307
7720
7291
6630
9005
8412
9041
5089
8337
918
7525
734
7866
9728
2410
8815
5438
2498
8341
4915
6869
7967
2275
3207
9809
199
452
8968
1019
4384
7903
3520
9898
7396
3825
1101
2066
4996
2820
5378
406
2517
3169
8122
6218
4446
6027
6159
4308
1930
27
2603
5749
1441
569
133
3664
4724
6899
7814
9659
2320
349
2814
9929
1053
3824
972
1676
6479
542
8646
8358
583
9395
9860
256
5537
7290
9116
5928
9123
8217
8122
6175
8999
7046
5239
5586
6045
6072
4359
9516
516
5561
728
7524
3249
4428
5917
4783
5254
9994
6013
3366
8976
1046
8380
4267
5064
9302
9997
901
3880
3100
5257
2938
3892
2159
712
498
7372
2184
2925
3889
5555
5451
7798
4951
7254
8679
6611
6551
6588
9267
7441
3539
2204
5131
780
8118
6943
446
2763
3698
310
1514
5995
9319
4670
535
8546
6302
2441
9230
6860
2293
518
6060
930
6706
7920
1852
853
2389
749
8539
3147
749
7293
4260
9435
430
1695
1419
2353
3664
7563
7772
6292
502
4133
1398
5208
6738
6484
2259
6971
5995
9877
9892
5443
5333
3432
5668
4059
9627
8292
5620
6691
5466
9874
5506
6590
7146
513
5876
3315
8793
1687
7510
5721
7696
30
8030
4814
586
5176
8844
7803
2502
7803
751
7572
8703
4736
943
1886
9884
4654
1266
8594
277
9036
5031
779
5160
8873
9685
5040
3973
1271
8924
268
4902
2574
944
9186
9028
7740
5814
8866
7895
1168
1206
8144
4733
7288
8529
5698
9035
1627
3043
8085
897
868
2975
8153
7208
6884
1370
5428
3321
9436
2105
1466
2406
7651
3431
5414
2967
9361
1278
8572
5794
9926
2824
1542
850
1297
3289
4133
3834
2297
9632
2496
9842
1429
5960
124
4488
577
7478
3919
9986
9732
8235
736
8156
5204
4977
9301
8316
8736
9498
6746
1957
4581
5696
4102
6452
5070
3687
5560
3112
3517
3810
2548
3194
5676
2244
7810
5340
9134
6714
5343
3356
7057
9503
8675
1635
4055
6238
9317
6139
7419
9753
6564
9375
6120
5076
5687
2368
1862
6519
7486
7805
3796
8084
8049
4688
9132
9208
5771
7615
9338
9296
3857
3752
2499
5113
3799
6233
7222
6061
2269
2367
4162
6802
9807
601
5028
8425
1613
8616
1332
7227
8258
6966
454
2198
5818
2426
6299
2131
561
6593
5039
6317
7505
3586
7270
3665
8057
202
4245
9942
6438
6998
5398
9867
7116
9427
7518
4462
5382
3538
6566
1245
8890
7301
6942
9691
6640
9103
7814
7307
3554
4806
1927
9311
2196
896
548
9533
8497
4731
5367
4016
19
9113
5357
9233
8520
656
5035
4171
9137
84
429
8913
236
4456
5839
1185
8593
4341
7981
4440
1923
42
3218
2791
7318
2524
1761
3138
333
2695
5698
9786
3567
9607
3580
372
7223
8094
3357
8398
9832
7887
6819
5945
7468
8245
7111
6731
3474
7595
6839
4702
8716
4489
9694
6316
8604
9241
992
8496
7720
99
9856
7854
4112
8579
4065
3969
7622
1215
8482
1002
8427
3147
4141
3956
2146
2293
9002
8110
4011
7937
1552
3901
7763
1574
9238
3257
9810
5390
3162
8466
9693
3582
8991
9583
4912
3019
1550
6919
2485
4686
6784
4583
9954
1252
190
5871
9391
2159
6608
1364
8754
3079
3897
896
8205
3612
916
2806
2715
7077
5732
4475
198
8889
9411
9071
7681
580
9792
4643
8037
776
3506
2346
3831
2775
714
8345
9127
7856
1427
2762
7352
1781
3495
491
2478
5373
4495
153
3888
4419
5263
2870
4363
2898
3823
8387
754
9894
6344
9458
7559
855
541
7978
2635
9817
1283
1833
2814
3509
511
6261
7818
5871
5006
6407
8378
9837
404
5292
2162
8760
7000
775
4071
2148
4973
2766
4092
1614
5212
8229
5425
2339
3677
7554
9725
6033
8521
233
8795
9756
3147
9575
5111
4137
1332
5786
6983
9201
3562
9613
207
8699
1709
1561
6135
8389
4781
9360
4060
9777
8293
6036
4572
9612
1421
5597
8514
2393
1125
1465
353
9168
4610
4213
337
2017
8368
5393
4452
1479
4677
4400
3233
2178
4248
4741
8243
7971
9078
6117
2775
3684
6662
5637
4997
9034
9320
6584
7360
4734
7458
3076
8175
4197
8902
4750
3716
6713
6692
3246
2373
5339
3325
1083
8763
1551
9605
3938
2314
9862
5994
4914
7042
7795
9207
1212
9732
4798
6019
4652
724
6655
8236
2500
6551
3213
1463
8577
6991
1733
2522
7500
4163
6736
4108
8173
8224
9774
4564
2659
1424
2274
5258
1039
9282
5951
767
7341
5285
3797
2099
5729
969
3983
8152
6892
3134
5856
3676
7683
4261
6988
3467
2310
7068
5534
8810
1946
3644
5535
1229
3907
6797
7618
1359
9724
3059
5320
6595
7177
5100
3220
1255
3747
3134
570
4975
8103
1613
3888
3358
4875
1534
1821
8879
1032
721
7130
497
3057
4486
7979
3330
7704
9947
1676
9582
2262
8083
3847
9999
7477
1095
5344
8462
3310
197
7153
1841
2784
9326
9583
8210
4046
1270
8434
1610
4170
4818
4252
3498
841
9716
2920
5748
2056
7381
5035
667
4104
7788
4531
5054
7061
5170
4738
8809
1059
3725
8951
2540
5380
8681
9514
9641
7547
4660
1109
8076
8746
1919
5199
8588
8916
4312
8044
8270
6394
4185
3760
5646
5224
550
4171
713
5715
2795
8715
9580
892
4266
4682
5629
3638
5951
7205
5031
8462
4672
3102
8971
4356
5776
170
4398
7375
4796
4120
9832
5012
6867
1977
376
2130
4423
7887
1245
4758
9364
2706
2361
7179
152
4460
1208
4717
7012
5998
8238
514
2032
9189
5051
922
7136
3720
6108
1245
8634
6723
6120
1379
6696
8238
1373
461
2914
4375
7584
6804
5426
6981
3539
2318
8234
9484
584
6729
1605
2747
2584
2269
6314
7013
5906
2744
6135
8060
8768
637
8248
3756
9956
6527
6707
2610
9242
8516
5880
5112
5264
8389
3825
9653
8880
6912
5796
4528
5263
9939
9069
3795
738
2056
3456
7416
656
8286
9440
3627
5656
4823
6131
4164
1691
4493
4700
7901
406
4362
4670
8221
4317
7969
8133
5899
5762
4924
2559
1174
2565
6982
6170
566
6153
8732
7712
9595
8910
3183
5614
9872
7491
2204
2268
3685
257
1968
4759
7053
4977
4911
4147
7920
7880
3877
14
6469
3055
9535
4897
610
708
456
1033
9610
3870
8808
9082
2606
6021
1070
9159
7961
330
6760
9777
389
5051
7560
1141
9593
4526
5861
1188
8336
5857
2565
2734
104
8782
7310
525
8814
2326
223
5333
8429
3859
8777
8392
1807
7295
6659
7
3205
8129
6980
2962
4901
9195
8604
76
7360
5460
7664
8817
2024
8829
293
8149
4202
2151
2736
7388
6665
9053
3740
1326
9081
9555
7535
1344
8326
4654
4640
8471
1197
451
7937
6204
7911
6719
6199
2509
2890
4481
7747
3137
7761
8588
7071
4712
5457
8388
2330
3632
8596
7487
7591
5427
8832
7243
7304
9976
6579
5582
9902
6371
6126
8904
4255
9082
2082
1631
5293
3080
3803
7259
6412
6286
8478
142
9388
9457
4668
4844
5974
7143
1584
7842
8767
8701
8345
2609
795
51
2356
4115
1409
8429
7249
5628
2975
6466
2607
7705
2998
9769
4441
1833
7101
1029
8559
9158
9094
8993
5780
7181
6329
196
8230
6006
7624
2591
7946
4269
8263
9264
6631
1011
3180
7299
4850
1266
8618
2685
7554
2774
8819
4484
7567
2466
7482
47
4534
6412
5402
7474
3298
2485
3744
3533
3178
1353
5315
6974
9372
4025
389
904
3020
2388
4265
5720
4865
7694
4625
6241
9840
8669
3682
3586
7855
6402
4220
5830
4914
7229
3836
2831
2755
6221
6330
1945
8076
1768
3147
7015
8399
3984
8225
3963
1805
475
8511
4513
7838
5708
537
1601
4783
1171
1820
4735
5206
170
6838
1302
4536
7821
768
289
636
7919
7497
1729
2899
4614
8982
6325
5686
7499
6407
4179
1052
2
7132
6959
4473
3899
9618
8763
3733
6320
5793
6926
4562
3819
6147
9137
5525
2205
590
3349
6111
2900
9259
1180
9733
441
8892
1122
701
6179
8020
1021
4267
5548
9581
3818
6103
1586
7579
3102
1828
8505
1940
7605
1711
777
3506
3702
3862
5766
4262
6855
3626
3441
5635
9099
1283
6854
5595
9853
6854
2240
1008
6665
3563
2354
2591
26
9052
8759
3041
5856
7794
406
6634
1059
699
9156
8234
6718
7300
1650
72
4334
3443
6004
3595
1922
5935
9579
4265
8585
7635
1599
7854
3899
3164
6916
9662
3822
3915
2276
2661
7157
9710
2757
6310
7979
1912
2195
3969
7231
247
4449
3114
6923
4932
7024
5159
4585
6590
5155
872
1328
2840
4041
6602
6024
8348
3852
8577
8962
310
5173
3002
2831
7553
7835
2838
6555
1821
3325
9670
6583
3458
6956
5606
6649
7784
3637
3898
6595
807
3637
9005
3624
1191
3891
5184
4090
8298
2082
8915
1463
1770
3603
6464
2206
750
8617
6159
210
3891
1789
1818
1577
6275
4149
5219
3193
4201
963
1178
6466
8980
8064
8083
8728
5967
6591
9968
3691
1494
5709
4146
7947
9901
1063
8622
3797
5783
2978
4577
928
5435
5763
7637
4674
2177
1566
871
2412
8523
4762
3149
9733
6731
9090
9412
569
1333
7090
9281
59
2292
1216
9975
3702
3081
8486
2101
4113
6454
5055
5559
9936
4210
8556
9259
7083
6537
1087
390
8912
724
5684
4697
7059
8598
2650
1650
1284
3471
1864
3785
5157
6574
1898
7777
981
9499
2722
2568
8708
8606
8427
6179
5743
1515
8816
3703
7480
5925
1435
8847
4038
8226
8942
8599
9024
111
7680
5337
8565
3561
3283
4363
316
8875
452
651
117
8984
9198
7896
7641
6
7400
6487
6367
4939
9669
1914
1358
283
64
9146
7572
2362
4468
9879
9996
4715
6229
3359
1135
3178
3908
1683
1200
7233
3920
8821
7760
4018
6568
320
150
3567
2486
145
9706
787
6915
6806
6772
7972
2040
828
9995
9871
2843
5832
8484
1285
1314
6590
6793
1003
4398
9114
7388
6461
6035
8885
127
277
5932
1280
2137
2500
4890
787
4579
7625
7978
9878
8037
995
4687
6096
7789
1078
9789
7090
8029
2045
2280
8984
3980
134
8389
1946
3008
5891
6364
404
3946
656
6850
8326
2911
514
9426
9894
1795
1065
5795
7800
5832
2536
9989
3727
2582
6244
121
5183
9502
6788
2105
4777
2465
9455
3027
7103
1705
8814
3031
1304
3260
245
5467
5078
6045
2886
5433
9238
4106
6346
4712
3263
4803
2270
549
4557
189
4478
2530
1989
9881
8765
3468
2692
4256
224
2250
1861
4429
476
1966
697
5316
3653
7017
3584
3767
6535
2060
4276
1468
8875
3899
5270
7900
8679
6584
4000
8800
6241
4679
2296
8592
7620
2756
1144
2071
790
6246
4547
4685
4954
8220
7490
4711
328
4243
8111
6958
7970
9829
3029
8616
693
9246
7893
3294
7223
3041
8979
721
3106
6352
6067
2456
2972
6375
8821
6035
6272
2633
1556
7946
8256
775
8413
3498
9043
8491
6742
1185
1
8537
2701
4373
3030
8034
6950
3261
4321
1750
3525
7319
5020
6672
9901
818
1957
6841
8260
1705
9913
6784
208
2729
2530
3539
6906
1720
7862
8608
6053
3247
9151
3034
7138
7903
3212
4667
7546
7319
3087
7331
4521
5826
9424
8868
1723
1989
8982
108
2171
1408
5592
1240
6285
3430
7403
5129
6096
6600
7823
2425
6426
5145
3150
3228
1006
1831
5839
2032
3227
2086
1058
5479
9841
9698
8192
5414
1046
6919
4530
8233
8814
3891
3741
4663
9941
3756
2008
3844
1909
8104
8984
5731
1823
153
6616
1364
5938
2075
7734
690
5281
8477
2058
3418
3717
9308
8637
5165
5494
6737
5780
885
7068
7189
9373
4112
177
8919
6580
2556
9181
7989
7439
8305
7066
5840
7590
9866
8226
2076
9059
5181
2939
561
6696
236
6275
7909
4562
6743
7371
9418
8242
2612
6125
4586
9853
356
6083
9684
4910
7468
988
9375
7797
6157
4251
5604
4279
3204
7019
4216
2149
6737
2834
4444
5840
9228
2149
4621
6763
6386
8006
9326
1107
290
3457
8777
9890
2320
8429
3408
2068
8714
2822
958
8544
365
9177
9575
7915
731
9635
1729
9463
3379
3648
5944
8356
3783
3737
9545
4595
6099
1024
8802
3653
8649
5307
7317
7019
4248
5366
6699
6434
4346
6277
7780
886
2563
1449
7987
6450
7633
8082
2914
9432
2958
5856
5687
2952
6493
7209
463
4035
5832
8584
7697
1222
2079
3459
678
9097
8289
5493
4183
1207
7700
4226
8702
9173
1205
4137
6792
6207
8173
3576
6926
4067
4377
5915
9476
9117
3897
2970
8268
9127
9755
3730
7117
6249
272
1002
4361
1200
2915
6054
4437
7597
4897
4285
2381
6214
9169
5183
2833
629
3305
5363
5619
6312
5726
5367
5047
5298
2666
8799
8876
3787
4162
3796
8717
2596
3573
1624
2819
2170
6051
8507
5974
2958
5959
7635
5855
1290
8937
7328
2416
8044
6890
2396
7367
2789
206
563
9233
7029
5177
5587
1694
8347
7400
9278
6982
2660
6411
9780
9942
6494
190
3867
3654
6292
3797
5222
383
2572
7063
1847
699
5977
9956
1040
9400
3967
126
7635
8925
2738
1490
6723
7668
5731
7496
4674
2194
3237
440
5308
5712
3740
2517
2203
3403
96
4189
513
4567
9175
1001
7267
9636
685
2507
9107
3661
937
4422
1508
9100
6295
7783
606
3827
5522
1916
2290
8261
5846
9785
9262
6549
6195
5742
8735
2656
8519
3969
3610
5221
3704
5553
6045
8798
8040
1373
2479
4244
5346
8423
1580
2616
3070
4168
3040
972
1255
6514
2555
2027
8772
5163
2356
6935
19
9489
1068
9467
4683
3793
4903
2442
3021
8085
2562
6844
3278
3392
2671
1779
3434
1643
2493
5152
4525
4102
9623
1786
9313
8259
6323
9905
6502
1684
9158
8905
5602
2994
5284
9272
3832
851
3651
8707
4472
3422
2612
3369
138
6443
1546
1511
5556
9452
3560
2005
9768
1396
7630
3606
4820
679
2508
2642
4210
4145
5040
6305
7222
8995
4938
2101
5399
5467
914
458
3145
1098
1565
2431
8520
9730
1580
2338
3857
3450
3861
2131
3276
1428
5092
2828
9200
6558
6127
7378
5485
3062
7613
4013
4835
7428
9962
6024
6586
6970
930
6592
7509
169
3248
3156
3155
7483
9223
8689
5667
9879
8852
5179
353
3880
2
6036
3369
1622
9309
6556
6822
8340
8024
9959
4257
6562
6579
8247
3577
5039
1729
3595
1226
1528
1079
6911
9909
6938
7010
1759
9232
5407
7645
7753
7160
9360
3334
6776
5109
5761
5869
9097
4156
83
8967
6641
3882
6687
3970
1944
608
8675
9811
1368
1513
7132
8902
3007
6642
9592
3508
183
2457
236
6790
4761
2049
6094
98
9783
1702
8919
7058
5961
1495
5870
8240
954
7110
8997
1573
9355
7642
2058
7131
2288
9367
581
1373
1813
9754
9233
3487
9026
1502
4898
5319
246
3625
1673
3579
6330
1839
1525
881
784
7062
43
9042
6271
7543
7955
9873
5421
6272
1997
6812
6028
1936
4075
78
6420
3525
5963
6885
3857
486
7540
3948
968
3571
2503
7775
9722
4993
4891
9559
9376
7463
8763
682
8631
3845
2114
2447
837
402
6178
9374
6634
5123
956
2591
6410
6653
8921
2116
8848
1536
1716
7248
8379
1585
8208
3130
8576
4229
5706
9508
2305
5611
2428
4608
1021
4866
9777
6684
695
3668
5206
4157
6429
4359
6571
5150
4409
9735
606
9421
2914
1963
1813
6489
524
2426
4132
5403
6889
6230
9353
8626
3433
2884
7543
4262
3652
172
8957
646
4246
9458
7973
3619
170
110
7390
3257
4089
3988
3379
4432
5122
5840
1265
2297
4010
6151
9732
2497
3251
6095
2467
270
253
2645
2673
1840
6465
8992
1696
4269
7370
2104
6765
3855
6592
908
4719
9240
3187
5720
1745
1874
6454
3407
4110
3008
1313
941
1534
8221
2066
257
6491
1592
7509
11
3380
6824
5393
6189
3789
1029
89
5389
1599
4996
7544
6417
6189
2748
6083
6526
321
411
2552
2177
1892
3586
5959
3006
7980
4317
4959
7439
7750
1257
1184
1947
7066
7754
7091
5536
1432
7307
3336
4909
2752
5716
9266
1058
2760
7542
4476
1961
1972
4277
8082
8608
3952
9679
3379
9315
1021
189
1796
765
8698
1583
2927
2023
8199
9521
1740
2391
1645
9794
1346
7749
7801
3449
1484
9710
457
7518
8191
7875
5769
8863
697
7448
6292
6442
5408
1054
7022
2331
3107
4649
9902
3167
9992
3790
9226
9889
3902
2510
8294
1894
6117
582
1789
9707
6811
6716
6455
1165
5967
9979
2533
7756
133
2972
5814
251
1287
9792
2660
8770
9193
1575
9799
7552
244
180
4188
1902
3381
5893
9830
5504
668
8794
8309
4230
4678
9094
98
2366
6000
1633
2696
6625
1223
388
6070
116
8078
4624
7121
7538
8076
3467
1255
9953
4777
2106
2148
2663
8418
7131
9658
9949
6585
1599
2110
6714
7558
5985
8757
7784
1089
7918
7381
6528
5443
5366
8335
9309
4579
834
8260
9196
9024
6083
3443
7137
9634
8600
6078
1242
711
8783
9795
2764
8964
750
7652
8731
3393
3034
4922
7076
8422
3174
4528
5185
9756
4879
2975
6450
9212
7060
7299
3295
2797
5376
7692
655
6400
8501
4450
4487
9757
4663
6029
9588
7574
6092
2173
609
8330
7613
214
875
8764
7509
6377
2195
4572
5380
9294
7471
3032
9777
9479
4570
7809
938
3488
8610
3401
867
8993
6493
512
6087
8830
4697
1702
9654
4397
9100
5293
1150
8228
9908
411
3476
7987
1695
2837
6924
660
8882
5225
1011
9448
2562
2101
8781
4963
6872
829
247
8622
7438
6907
2109
6351
3204
2731
8179
1032
3085
3718
1208
5841
3844
7854
9195
594
8965
466
1077
983
9098
9543
395
5168
4715
4551
2170
7370
4986
4008
4892
4569
7977
5576
6668
9644
799
4198
2144
955
6542
4035
80
4554
2601
3086
449
5282
9655
3949
3966
6134
2418
1422
5649
7755
2237
5262
3678
7133
7420
241
6410
4051
812
7331
6622
331
7103
6970
4697
6074
991
2296
2065
4079
5027
9706
8242
1477
9093
9475
8136
3664
4167
4006
3663
3363
2439
635
694
8398
6027
4163
2762
1194
6998
2633
8472
9227
7915
5702
2790
9579
3635
9740
5557
203
8168
5724
7650
282
7198
9804
7644
4277
7501
535
4789
5282
7560
235
6849
8550
7603
3184
5204
5072
6043
4187
5004
14
4262
4374
7857
643
2801
2902
8601
1538
1116
7320
9145
6261
2988
6795
5171
1596
4639
6883
3647
3055
1622
950
8807
6039
4751
3331
1840
9680
2020
3197
660
2823
9920
913
409
5452
3979
3932
595
2503
2188
8989
8618
9411
5348
5166
700
9743
3284
3124
5517
7416
8723
2856
6936
768
3380
3963
9027
1547
1274
3391
4469
7238
4531
5943
5317
8563
5568
6663
5320
6955
4957
7005
7479
2242
5585
8355
1983
9561
731
7462
6377
9084
6054
4119
3544
2110
8729
5099
8713
5330
9400
1004
4720
3932
5310
3472
4830
4371
705
7295
1388
4336
3037
1938
4540
5010
2428
4719
8917
6919
8177
2906
8635
3180
9073
2592
1934
8289
257
3964
2346
1398
3680
4309
536
9431
3318
4721
2063
9091
6052
3739
6620
8984
4212
6481
3508
6305
6659
8531
7961
3631
2182
5568
3829
881
9947
1289
4871
9530
4908
7755
3650
1
1213
3550
4967
2691
4527
7789
6715
7617
3082
4929
6230
7266
8831
8109
5025
9119
7024
9940
9321
7114
7278
8091
8355
3922
1659
4040
4179
6900
8190
4476
1175
2004
17
6498
9460
8145
7910
5183
1324
5029
4185
7517
1319
7640
5113
3279
9566
5864
5696
1726
5933
2147
790
9490
7802
3222
2973
5360
9280
5356
383
1355
567
3587
2816
1575
5133
7745
2046
8096
2350
541
4972
4420
7284
7197
4446
3890
5978
80
4817
4809
5441
3432
5048
9014
3751
572
5386
4410
4060
362
7627
3898
2545
3867
7632
1206
8181
5236
8265
3112
3327
5867
576
6195
554
9480
3704
2248
1506
9794
4266
336
4347
2518
3864
4001
8599
2733
8939
9067
8267
3685
1214
3093
7827
1616
1218
5750
1144
2812
5263
3252
185
1776
8177
5302
1251
3809
7718
1491
7622
6696
686
4865
1010
3940
8053
1288
5202
9156
3055
1603
2485
5260
5092
702
6495
6244
2901
434
6676
563
5355
6224
9423
2609
2897
1333
4254
8417
2697
8844
9727
9857
9849
4423
4480
5124
6709
2417
1647
258
7413
491
9818
3331
8395
6366
6645
1046
9662
5574
5073
3602
4383
4903
5630
8993
3267
5289
7186
7746
8710
2866
8773
1694
8860
7051
1539
7759
8544
7714
5698
8544
3287
5201
142
51
4117
6964
3059
6663
4420
8453
9800
2294
8065
3712
3671
7213
9680
2757
94
2155
5608
2721
2127
9241
6586
7738
9032
6079
3718
93
7398
2714
7245
6144
5557
8635
6203
2626
9418
8204
7243
2655
831
2495
4153
193
1656
633
2824
4709
6344
8638
1357
591
2982
1618
2088
6892
7373
4624
1718
377
60
538
9167
6336
9966
7322
8144
6917
2329
5889
6427
1400
8822
3697
839
6179
542
8334
6495
5306
3752
4032
4391
1704
6052
9383
7337
3700
3348
7451
9427
3480
2354
1204
5458
5314
1967
6604
7523
1080
8907
2915
5432
3159
8357
1065
9430
9742
2140
6200
5302
3037
515
1581
3628
2087
1827
8511
3541
3438
8392
9385
2147
5964
5098
9956
5500
929
622
8830
304
7792
9818
501
5908
200
8309
6853
5171
7637
7111
5809
3396
6937
5380
5474
1713
8309
4802
5906
9536
9979
1193
7310
9183
2176
1106
3948
9229
648
347
8509
5834
9219
5115
8240
5261
3704
3906
5290
320
2213
1421
4392
4238
2030
641
8100
5224
922
1579
9517
4827
5857
4422
9391
6318
2554
3736
4152
2350
5299
4725
2347
7232
4662
2816
2595
8004
8336
1447
5896
1317
7307
6826
9882
6501
1722
4580
2621
8759
7669
5289
2796
6447
5146
1771
9943
6928
8493
6754
5598
1254
9757
195
6997
5258
3598
4457
5282
4371
4178
4313
6955
9820
1674
22
5642
679
2208
6108
135
8625
5127
8882
559
5723
5457
8427
7785
905
347
9857
5919
8708
5656
7585
1708
6922
4667
2418
7585
5215
6220
7362
8826
8700
9461
9803
9029
685
699
9262
4964
160
9185
4303
985
1115
1678
8017
2895
5003
6779
6409
1091
4337
4643
7443
3359
9105
6773
4093
5887
8638
3712
1495
2368
83
8527
8474
1012
8540
3097
4866
9715
90
6943
4519
4952
6406
5449
9052
5831
1183
6739
7952
5960
7507
5297
2364
3199
3058
6699
567
403
154
7197
3691
2512
1629
8444
4057
9939
2928
1713
804
8392
637
3123
6964
8526
5155
3308
297
8641
8857
3791
1384
153
1355
6994
8546
1931
7596
4174
657
5178
7735
7204
8027
4102
4249
9548
322
2496
609
2283
1509
934
8448
8849
2128
6497
6343
903
2582
700
3141
1420
9616
1877
5322
5297
9235
5699
7460
137
9109
9868
1359
1943
9746
9923
6110
6746
205
4106
2442
1487
3816
2733
5088
1964
3961
9311
2131
2448
2250
7221
4181
9933
1412
1646
7706
1847
2507
1252
9696
7529
4454
6175
2509
5973
7802
9542
3986
1221
8302
8241
5174
6706
1975
8141
1455
5555
595
5803
4115
4388
5156
4169
742
7018
7826
8023
9712
6927
8996
1431
749
9118
4718
9946
8858
2688
1770
4222
5654
5797
6605
7018
2653
7357
5329
2365
1814
7285
9141
7770
4221
2246
7622
8008
8766
8526
4157
3220
6115
3136
7092
5410
2453
8147
9032
9244
6302
2953
6598
9512
9727
2328
9207
2696
3407
1092
8124
6163
4258
2790
4755
2359
573
5662
7218
3752
6951
4355
5146
1026
1795
2167
1271
3544
6630
7665
7860
7120
2073
3489
6875
2230
1504
9247
7023
9697
9243
3731
4212
8544
5090
2840
9555
1051
7665
9171
4082
2085
9927
4264
2622
707
4079
9756
5275
9224
7532
3092
469
399
5253
5972
622
5550
3735
8320
3903
8134
7013
3689
3481
8883
728
1421
5075
9458
6476
3972
9249
2616
35
1731
8148
5550
5664
5653
1452
6439
8224
523
3156
6317
7131
2249
2545
7078
1487
7002
2556
4191
5729
3901
7343
4873
5129
2539
4732
6718
3083
5725
1079
4508
1885
7230
8944
4068
9267
9735
3239
3894
2135
9324
3565
5740
4672
3308
2070
3289
3707
237
9726
5714
9761
1237
1997
4817
8439
1517
2641
3527
9185
4214
9812
7930
1320
2421
7169
2141
2881
2787
8350
3672
1813
1443
6126
8826
8111
6989
6126
7654
8011
3998
2729
2954
4713
5917
5587
71
6356
8765
3584
1816
6167
7020
1972
8432
3778
240
8076
4820
9611
4603
2459
9150
5515
7283
838
6333
5365
7994
4525
7570
5844
2416
7993
8971
2084
9197
7085
2727
3527
5658
5398
9544
4278
5910
2774
8246
8773
421
4337
1478
665
846
3200
5642
4139
5836
5017
8409
7338
3835
4783
4792
5608
5788
7430
6998
8463
7218
9016
2608
9126
3744
3122
1019
3447
7782
4874
387
1462
2670
7665
8114
1775
7284
5666
4746
3113
5662
9067
6662
6089
1660
7346
3653
5471
9320
9728
529
2497
48
6013
6761
2036
8245
8624
22
3164
8892
5691
9955
4317
8447
8741
405
6909
6607
8096
1312
9134
7499
8178
1606
1167
1545
5475
1753
1635
4716
3192
5909
9489
6304
868
1905
1355
6803
4902
6161
5879
226
6125
6940
8458
869
4022
3726
1983
4957
4667
2667
8046
2829
6226
9810
6804
9655
5313
5395
1086
1776
7351
6411
937
4999
4046
8865
8578
72
9684
4204
9483
9501
8468
3133
4322
9248
7385
4254
7688
9125
8223
9884
6988
642
5713
4311
1044
1651
2260
8143
1814
2946
6311
324
7458
9109
8597
1068
8673
2740
8776
3152
7950
341
4723
9624
4032
1148
7342
9421
6078
3159
2606
3421
107
233
5518
8113
3092
5303
6662
2645
5179
6135
2936
8120
1408
258
920
137
6032
7015
4720
7096
4088
2019
9659
2736
912
2194
6359
8029
908
2343
8695
202
7210
9183
1826
248
3255
7537
6966
2110
891
1719
6910
5645
9882
5613
9771
224
1981
3790
5503
8497
7936
9230
2758
9598
9322
4204
359
1061
6776
9488
6319
8849
774
6962
8623
6321
8715
4326
7789
7423
9466
8335
9221
2453
643
4484
6183
1020
7745
1253
1555
4740
7987
122
1204
7666
1240
7889
9884
4590
7259
8695
986
9227
7085
2993
1062
3149
3939
2572
634
6745
835
5991
7072
7114
7713
2747
495
6368
6391
2683
5257
3843
1533
4118
1607
5748
1639
4488
1053
5881
2972
992
9310
7520
7634
6228
7107
5063
7156
6165
5597
9928
7745
2511
4945
4533
2793
8040
8183
9390
4067
3368
601
3275
2714
1073
8883
3912
5222
3443
915
5701
3738
5764
8611
6576
287
4965
9902
9299
5387
3653
3782
7697
9848
9429
2414
5031
4738
1601
6534
975
5086
9957
5795
7411
3716
401
9995
802
4635
9583
7713
5172
9609
263
5145
1401
5744
7674
9526
3554
2917
4190
6408
4831
1268
1243
2389
4109
7956
8557
7547
5432
6192
9966
1925
9843
9839
1532
5083
1776
1148
9607
3827
9562
8865
4452
5640
9590
7692
9441
6351
4855
124
9948
8335
3384
4457
4899
3001
6104
4542
649
8123
1283
699
5169
9363
4156
7430
848
8839
8540
6042
5659
7324
8175
6816
5449
4072
8585
2462
1868
678
3803
9897
61
7297
7531
8708
560
5868
870
7802
5684
5139
8400
3284
435
2455
8770
2771
1871
8394
4588
3316
7888
6953
3972
6466
1346
4628
7475
7938
2819
8826
8744
1365
5105
2371
6244
3601
8563
2946
4977
7038
3877
7223
7159
9882
4527
291
4598
3938
5323
2712
6738
4090
9790
3032
9779
6304
2809
8447
6068
4053
1213
59
6454
521
1049
9997
394
7259
2003
1349
8290
8841
8612
8172
603
6466
563
7437
9738
9506
6534
3366
5399
3010
5872
5353
1972
372
6682
296
4728
4867
227
2987
8101
7669
1850
4796
3044
749
9283
500
4216
1857
9835
7202
5249
8734
3271
4986
5409
3997
3995
7595
6871
4616
4194
4623
8162
2500
502
5729
1909
171
7737
3025
8209
6149
2067
9354
1999
8078
8818
8359
9286
9350
8865
7894
8506
3661
8701
8833
6728
4408
8884
2527
9624
7763
9598
2838
1834
1446
9866
269
692
6642
6777
7731
1660
676
2787
509
1599
8049
564
415
4401
1811
7064
9306
8470
3845
1618
2656
7539
5718
6731
8078
4372
2748
7259
9144
9403
1790
492
8902
1886
2972
139
6556
7120
3220
8568
570
3250
8548
9169
8945
22
9097
2775
4986
167
1108
6702
3679
9930
636
3389
3638
9932
7609
3673
6292
1830
3705
5939
6904
989
3664
595
5988
3132
2381
3757
97
5411
4665
9287
7766
1009
520
8474
3723
1334
1434
492
2952
4025
9852
8310
8852
360
2164
1520
8417
683
1291
3762
893
4922
285
457
6370
3078
5322
3703
5052
1678
6212
7147
4464
9419
4872
1325
7935
1000
7414
6179
6500
5009
8852
5613
8066
3001
7836
1116
6494
6452
4363
1399
5271
5977
8547
5415
4972
3219
5127
9109
1743
843
8890
3151
4407
7498
5110
6076
8870
2184
5940
3807
8674
1298
8017
7577
5716
242
644
2594
2782
9440
8
9075
7601
8225
9533
1053
8272
7734
9807
9663
9761
7478
7428
914
7702
3689
9340
7644
665
5460
6633
4484
1886
2905
5859
3320
8895
7990
1756
936
3865
7737
874
2759
7828
3568
6828
8139
4626
9493
2965
3815
61
4867
3242
9129
4206
569
367
8721
7604
9289
8526
25
1846
5200
343
7075
4309
9627
74
730
6087
7393
5847
7635
3913
1916
7
1473
7450
1390
2651
2047
3240
3204
8603
100
1918
6111
9178
2062
3191
2952
826
7408
9426
6316
1026
3866
4007
5518
8970
8471
98
8137
2726
9635
7137
9179
7449
6123
3820
7419
3204
698
6908
4167
3832
2664
7760
6653
653
476
7835
3704
869
441
7452
4894
9826
1273
2869
9873
5341
4447
3550
9027
4073
4785
8222
8180
784
282
8946
1674
4019
2128
9077
5751
2314
723
8040
5826
8993
2043
7410
169
5109
6074
3026
6536
4775
3801
6478
8145
6866
961
6299
5913
3146
4510
3394
7680
2569
5756
2462
1673
7995
2271
5365
278
9076
2341
3857
3508
5743
9389
463
373
5929
5786
4409
4248
3316
6566
3511
6970
9545
8519
3
7852
2512
6019
7459
428
6645
6586
6091
9376
3622
702
9935
4624
2409
4853
6655
9954
3082
485
1509
8962
4375
5077
1419
117
5882
6125
2435
1662
774
4879
5258
5013
9040
6500
603
2721
2883
7856
4680
5328
1187
3973
6714
6582
1940
2646
8401
5757
4726
8973
7161
9911
4867
3982
209
4384
3253
3089
4383
722
378
1461
2399
3300
1566
3372
3809
3305
7837
3772
4191
2839
1307
1918
3852
2577
8257
3000
4428
7204
836
4489
4487
2125
2568
4431
7051
1011
6425
5210
1600
9377
253
2002
3923
4141
7279
1026
4986
5085
6425
9505
4258
1362
7400
1126
6857
2520
554
4968
492
332
1174
7189
7946
2534
484
3497
7878
3388
8054
6828
9863
6998
3158
3188
4953
3013
16
3892
2143
3126
913
1681
6085
5649
7893
6426
8681
6201
9638
9896
4295
1015
3188
2684
6711
1395
2291
3987
5819
3691
212
4444
8921
4476
3039
2662
4118
3124
2623
9456
7857
6649
904
5745
5098
1037
6513
4250
4159
8993
1073
5413
2675
9144
6791
5874
5192
5676
6873
8495
9569
7570
1549
2262
5746
499
1394
7728
2421
5855
6207
9927
2039
4369
4941
999
8440
143
1914
2858
9845
6
1652
9497
3564
8578
3083
8362
7264
1958
7604
5165
5359
3744
3956
3476
385
4391
7743
104
2932
5577
3011
2030
192
2200
7798
5705
4402
1733
1452
4732
3618
7995
2238
341
2016
359
5630
9504
1642
959
333
9136
1574
1252
5565
5335
2639
3043
1135
8360
1858
5053
4274
2305
2805
4035
8018
8246
7834
3303
5337
635
6826
6923
5468
55
73
1340
1000
9719
6567
1214
159
3405
1290
2283
9710
8306
59
3738
7397
7019
2882
6764
5101
4885
4822
8723
3174
9518
5651
8499
406
2263
8941
992
4801
3719
8651
7176
2338
3779
8439
3472
7618
772
8407
5999
1171
4644
8882
4117
6257
2935
2876
3349
5197
1659
2947
389
6716
9460
2384
2448
9870
4097
8803
9538
4927
9247
9369
8924
7131
3599
1142
4195
3861
5109
8770
1244
5193
5127
1889
6577
3681
4428
5845
7168
1353
2792
9299
2527
5848
8288
4133
5233
7512
1965
7141
5661
7646
5553
7076
9898
1146
1421
1820
4439
905
2476
5631
8062
54
4905
2129
9570
2381
6056
1088
3396
1062
5146
4704
7448
565
1881
6570
5156
5098
6336
5072
4329
2070
375
3386
6536
5197
1175
875
692
7177
413
5566
585
2521
2928
710
5419
7327
3959
7459
9685
8148
7214
2493
4901
344
6031
6396
6339
3237
552
4395
4835
3870
1160
8676
7260
2466
8579
1896
8083
3751
1497
791
3346
2922
4606
3416
5365
5284
4487
7525
3727
201
9093
8756
3756
3709
420
1909
2087
8509
8485
5028
6634
3787
8842
8628
2909
8536
6427
9091
6596
3028
9829
2601
7478
8478
2190
395
9098
3618
1101
8962
9497
4415
4061
6950
4723
6106
3257
4602
6730
7431
2580
9305
4420
7309
6300
3733
7032
3381
357
8358
7550
992
8439
3129
6212
9851
1756
9346
9877
472
6720
3582
295
1160
987
2444
4644
7943
6605
4331
7623
3124
6249
9682
7471
5845
6890
1874
766
4777
3584
6959
4863
7180
1766
7557
1735
1437
4397
601
5972
5726
5215
6456
1966
386
5274
8629
1705
9468
9563
6944
7169
8652
6656
3812
7886
2151
4375
58
8572
5799
1791
9145
6980
1743
2426
8225
6475
2866
1693
7975
8461
2768
4111
1120
1909
7186
8851
5526
9920
166
8209
3566
7475
444
5938
5603
646
8574
3794
3185
5071
3121
7277
901
978
5634
9276
6425
2582
2459
3092
850
3656
9524
2287
758
5082
4730
3328
3001
6812
1074
2192
7627
9553
763
681
8656
3327
4721
4556
6538
6042
5103
5036
6991
4889
7954
7194
6024
5890
127
9536
515
7086
2758
3946
8952
1771
1961
2225
822
4610
6041
2416
4904
1442
3518
6114
8926
3835
2761
7426
4413
2376
4310
4753
7463
5031
7855
1250
2695
4275
6364
6580
8938
18
6428
3027
6611
7964
6246
1133
9661
7248
6344
9641
9187
9408
7629
77
6683
1047
1422
7509
9189
3288
1038
1754
4630
4376
3997
7821
7571
6858
3823
7450
6233
189
7386
7943
1149
3459
1262
5681
2754
9049
4831
1276
255
4859
9537
2024
1153
8622
3712
9951
4241
4944
2010
9532
479
6580
4128
7486
3080
7299
4423
2468
5750
5583
9510
1760
7407
4714
8351
2512
2097
3322
3459
6533
2253
460
7502
158
7065
5473
9784
8581
563
5625
1005
993
2150
879
3242
261
2230
9631
4160
6736
5643
2691
7698
6141
9553
3736
6222
8264
2048
1677
168
8002
6769
4566
3626
7809
3053
6663
6722
5363
5092
804
8987
9599
41
3658
4695
7957
1438
8732
6366
2200
284
5406
4263
1174
45
913
4701
8272
8943
5173
2416
7477
1331
4368
4171
9413
8827
767
149
6703
5102
591
4198
3601
7172
1018
8591
657
3856
4755
1879
9407
6030
9212
2166
5343
7100
3808
8012
7614
9177
2799
849
9356
1638
3113
9574
7952
3580
1730
8698
16
1599
5754
8951
3804
4022
5772
3132
1789
3028
7964
588
8211
8166
7400
189
8594
2293
9372
1678
5367
2587
7404
9140
2287
8122
4140
3950
903
2997
3698
6099
6120
3803
6553
6626
4216
466
2281
1016
3765
4642
1003
3407
7909
5654
1292
4209
5159
1591
7119
4285
8764
1271
6593
3726
668
7149
9305
6853
8585
4298
9921
464
4564
3377
9917
2806
3012
7334
3277
6347
1631
8435
3696
8063
2816
3368
1103
3571
2100
4159
3521
175
9190
7874
8700
9976
2679
812
1317
5604
1591
8950
3947
6883
2813
5665
545
8282
5013
6446
7115
1543
1483
3825
8089
1043
7363
1111
6254
9181
8505
3706
1676
4391
8058
9536
7703
2690
5703
6914
9035
3455
3679
4564
7357
1129
6684
2962
497
7997
3032
3063
2448
5098
9304
5343
272
1584
3487
8084
905
1890
745
9441
4635
4330
8296
6165
3831
8711
4273
3437
1577
9460
4769
7105
8605
4359
4647
9211
4027
1059
1626
3895
2248
8230
7184
8019
5453
9915
198
4789
9098
5822
542
3028
5782
5479
3197
424
7654
5162
3601
53
8686
4573
9247
6135
9139
6045
938
5526
8626
1416
6894
6731
2616
798
6992
7101
3227
8261
6835
1241
5738
836
1392
6459
628
459
215
280
4168
8893
56
1191
2671
9433
5938
3914
4195
8590
9523
6597
3467
3352
5037
8695
6947
5260
4450
3353
9434
2799
6680
5957
7731
8829
7148
8452
6250
9457
9997
6111
8205
1449
5185
4082
7465
4913
9857
8139
3793
468
6055
3590
5019
137
7044
3022
3759
2064
164
5845
6895
5139
8789
4288
6425
2559
7817
8549
612
1515
4493
3331
3103
6538
9369
31
2083
9200
2472
8155
9974
575
9992
4600
2735
8208
9112
3202
2619
2869
1875
2470
2960
7474
9261
7721
5134
4048
5295
1383
6329
4777
4304
1535
4738
9689
25
6401
8071
1379
3112
2786
4564
8557
6451
2183
748
4454
3598
8797
115
8247
9397
9480
9598
1576
1887
5620
7898
157
9541
6930
9912
4980
8222
4010
1128
2364
2074
8957
5902
8366
4039
6353
8614
9282
6946
7015
2899
9976
4746
4848
3508
5675
2415
6156
9591
4243
938
314
4352
5556
7616
3119
7511
9303
9095
2839
2138
9989
6069
4607
3432
4724
8840
9432
8233
7531
2371
9278
593
4932
2453
890
839
2034
4423
1684
6025
6805
6305
6309
7108
8689
7001
4876
826
8973
805
6847
5850
6137
9143
9637
6967
3473
165
672
8924
6511
390
8266
547
9190
5543
6490
2307
6852
5166
5006
1163
3484
246
7488
2209
6605
6326
2049
2240
653
9806
6771
5169
702
997
9050
9321
3323
6145
9302
7592
4224
4009
2526
3594
8298
4292
1801
2940
4537
9970
5127
7134
9553
4646
3110
5625
3041
9731
9498
5446
861
1960
5706
5342
7801
2820
8767
8709
5846
4705
7125
2019
8699
5280
5729
4295
4461
8028
6177
3888
387
9124
8187
8754
9023
4324
9528
1486
8382
8780
528
3737
9151
7183
2231
4587
61
9862
2069
2378
1972
3807
3291
9304
1364
2371
3915
1241
635
4430
5968
1649
2144
3016
4802
1148
7560
4258
8347
889
6154
2162
1663
1785
6547
2744
8411
9410
763
4508
7800
7602
4045
2086
7666
7016
7348
2880
4414
6030
6099
9788
1747
7067
3509
4498
2605
6466
6177
2131
7413
1157
8918
1568
9715
3525
4642
2147
9896
745
7259
9810
8292
4986
6850
3118
693
6503
9626
613
3978
946
9498
5658
945
2989
6649
4916
9891
8638
9826
8945
6434
6110
1239
589
518
3018
3851
532
196
1270
8289
3952
9832
6026
7520
1848
3326
4249
5832
1607
3422
5010
1677
1542
6058
3040
222
6674
8066
6693
297
4514
5905
4389
5261
5180
810
5953
9294
2049
4317
1582
8049
1702
7274
125
6145
7085
3587
9181
2925
3458
6706
8887
8991
4705
9498
6763
776
7763
6724
937
4821
8663
5775
5997
9547
480
6509
6148
1405
9581
7828
138
3616
278
534
8853
8847
3163
8236
4299
411
4570
6000
9598
2818
2838
2375
2493
2978
4636
143
6882
9578
8465
6453
9430
4819
1329
1745
2419
3886
7707
6977
7181
4168
4818
4637
6665
985
6704
1097
3802
2195
3426
896
1176
75
5184
1800
1241
4232
1906
8933
8231
5503
2987
1137
555
3270
8256
3723
2671
897
6817
2427
6973
6988
8166
3063
1393
3504
8678
1256
3086
6816
320
1397
9816
4701
4447
6918
7483
8208
4434
7475
2335
1978
8047
4756
3087
7585
3402
8296
3351
6718
4187
8637
3781
3580
269
9098
7633
4013
9137
3915
6152
9049
8182
5305
3443
6818
1338
4440
9128
5995
600
7098
8497
2225
6891
205
5549
3626
5158
3403
6351
1672
5235
3377
5682
7278
7906
8060
5102
2682
1888
9838
8269
4353
3849
2115
2127
6827
2620
7720
4767
7135
2609
5402
1242
8743
8770
5832
1754
6757
6696
1937
8137
2720
183
7796
1544
6965
7888
569
5993
3153
9828
9517
6664
281
6397
1399
1134
8115
7910
1888
3218
408
7563
1168
4007
2182
4871
4579
9431
3969
7035
8876
1849
9842
2261
6034
3531
5235
7453
9070
9967
3825
7724
3874
4509
9823
956
2422
2219
8917
6453
3442
3946
3818
1651
4367
3789
781
621
2654
6609
4502
174
6122
7983
5339
8054
9995
5171
9450
5845
5070
9371
6063
5037
8954
6929
4807
6075
5171
8323
4378
1005
9444
5240
2280
8293
5691
8747
3236
104
4644
4197
1115
947
8555
3621
5054
3947
8959
598
2747
9380
6434
4653
8327
341
7477
9989
4286
9697
4771
3742
9370
8721
808
9357
7412
8313
2506
4238
6348
8840
9302
5885
1002
4669
1937
124
4303
4545
7869
4599
4024
2411
6303
5786
4487
5503
6956
8565
8748
7260
9803
4844
3708
3696
9074
229
5971
5411
8062
3338
1077
3013
8141
2124
4864
6256
3912
1742
240
9141
5527
4160
4287
8238
2417
1070
8322
2789
7746
603
876
5130
6631
6066
9147
4572
7951
7101
660
6036
8198
4849
7767
1967
7066
5102
1326
2262
6446
9794
5538
9493
6641
4218
2769
2903
5324
808
7654
3190
1677
9965
3678
7257
2941
9434
8532
9420
6788
5753
6820
3379
4170
7393
3145
1326
5324
5219
5636
3053
8875
2985
5648
149
2205
7587
4485
1665
3867
3272
3487
8285
6410
7127
3328
595
6116
9212
5697
5904
3607
9679
4247
3091
3001
6506
553
8578
2344
9911
2651
5055
2163
3664
9976
4636
5136
1398
5476
4272
5090
3970
3372
470
3516
5064
9155
8656
3242
8162
8379
8976
8260
4300
5896
2199
8573
6346
9512
9462
9659
1456
1450
127
5148
3757
8888
7435
5235
8228
8840
481
4568
6006
395
6294
2938
8204
4802
3738
1506
3382
7411
2696
5145
7503
8093
9469
2257
8784
376
9051
5987
7622
4384
3618
9832
8504
1813
2855
268
6618
8428
6963
4818
5195
6500
2272
9409
2452
7748
2629
4512
9516
3034
9521
9034
7797
447
2855
8191
3148
4470
5985
9804
3329
8837
5738
5540
724
613
8842
8308
54
9166
2552
9798
789
7962
629
6485
6691
2417
8568
7005
4735
7603
9404
6443
8905
921
5802
5365
1827
1560
6604
8523
3016
1996
7458
6898
8287
5838
8161
245
7528
2517
5582
5615
44
2201
1098
7407
6884
7959
1548
3399
8489
9115
5793
9628
6683
1960
3254
8149
449
5763
8697
3213
3745
5832
80
6346
9873
8854
1800
2948
3823
8157
4459
88
700
4903
3640
4667
5724
1705
3424
4355
3023
5174
8770
1806
6071
5365
1431
6900
8376
8672
7892
4816
959
5955
9713
603
4752
288
4577
5515
3875
185
608
7896
1864
2585
1650
8543
1278
7066
824
2251
7908
1442
3676
7583
8126
6402
2764
5309
7088
5245
7218
9073
714
9337
9985
1615
57
6656
2858
4829
4884
4252
9866
4944
9338
9671
5321
3739
1717
1639
6643
5569
5103
2241
9656
7753
1384
7841
8119
5061
9620
6798
5218
6917
703
6945
2522
3509
7121
9716
1515
3779
1028
2084
9042
3296
2442
4620
5590
4992
8213
7326
2708
8040
4114
4506
3269
7400
287
5567
7056
9854
3510
5291
2520
5692
2895
1429
8159
2389
9828
2792
1802
9521
4062
940
4575
1708
6563
4894
6610
9353
9786
8997
7909
5208
3200
2155
7428
8088
7976
3654
3813
4739
2586
7492
1818
6510
5561
8902
6251
3292
9355
8429
902
6897
2099
7526
783
9338
4165
8382
5789
1303
3721
8877
5528
7524
2220
146
7718
4449
5827
669
8028
9834
6246
9459
4707
5267
4043
6908
6914
1060
3872
2150
822
8883
1447
9051
8383
7938
1878
5944
1897
2189
3206
6789
6883
7245
1197
5809
9157
4387
605
6356
2380
5926
7800
3343
9022
6639
8263
8883
8827
7067
9887
1808
5703
5925
7674
7073
588
7071
7644
2619
8054
9998
5657
9890
1946
4942
4800
9898
120
4249
2215
2607
9469
1279
2357
1167
6966
7324
3213
4475
184
3640
9861
8143
6082
5905
8610
260
7778
6274
4319
8186
7985
9535
4878
7162
5458
1873
6346
4213
4102
1625
9454
8849
7999
7811
8896
2677
6156
6123
2220
4400
9647
5703
2242
8664
4679
4642
1784
7582
4547
7720
3589
644
4866
8536
7366
4623
199
2467
7750
875
6750
5735
3326
710
7170
2838
4020
6048
9696
7267
272
5473
7513
9898
5060
1605
2654
3748
9356
6481
9869
1460
7525
1634
1856
2504
736
968
5387
6121
6313
9224
4374
1577
1867
2913
4908
9859
5130
5873
3240
4753
5869
399
5735
5965
170
8903
7858
9623
1819
9270
4263
4213
3335
10
3100
7583
8750
6403
3761
2676
8796
6307
3548
8094
5550
8318
9829
7370
8662
8971
2765
7649
9520
2154
7578
9216
4920
5747
232
9525
3126
5781
9343
42
3644
3240
3416
8632
6738
6469
8114
7408
2589
7371
4620
899
1097
99
9477
3987
3213
4601
9761
1790
7710
9005
9224
7015
7582
7125
816
4301
5731
1413
2475
597
4933
4783
7816
3421
9584
732
5254
3074
7786
114
3640
7527
2608
7700
9821
373
659
4668
2454
9908
1207
423
5664
4123
2327
192
7711
3853
9206
1950
2500
8787
6299
806
7889
6823
9343
2089
14
7241
7737
2365
4570
7190
4933
1814
8949
7393
3654
7978
1776
7636
9752
1140
5502
2084
5680
3217
2595
3010
5508
1605
6036
7984
4540
3879
8547
1821
4589
3721
9366
9216
4023
1843
4758
2242
4401
8673
5200
6573
7443
1007
2838
8068
15
1478
2892
5112
5301
5311
7169
5776
6023
2264
8085
4323
2155
734
5723
9901
5896
9775
6286
4907
9572
9178
2734
2351
3971
9915
4849
2928
3080
8738
6472
3666
1224
8472
5805
4436
8800
2826
7481
3582
9001
857
1693
6283
6025
457
35
6561
2525
8530
8741
9272
5916
896
9883
2575
2658
3906
1750
5662
1810
8967
1970
6888
2585
2248
2733
1157
4206
9834
927
9975
5407
1081
7463
7062
3865
7291
416
8901
50
1954
4807
5418
8706
4724
5316
5188
8517
8398
2726
1252
8527
4548
8977
9553
113
836
5377
4421
7362
7108
9202
8344
7800
8348
2355
2560
2396
5807
6874
4900
1564
3918
8097
6411
169
4252
2928
4283
1024
2063
6206
8356
1246
2181
2856
936
7797
2394
6633
9172
5148
4726
4451
4320
953
4564
329
3136
9522
7680
7569
6939
1406
8007
180
5699
1755
6073
7551
8033
4140
5019
3892
6174
6289
584
4004
5818
4070
3941
1429
9993
7487
3562
8353
1875
4790
7776
6654
5141
403
2180
281
7263
9161
3637
6871
2206
8329
153
8105
6886
1169
7668
4943
5647
2520
8842
6177
3711
4489
9793
1620
9827
5356
4968
1265
7987
3523
7944
1140
4054
3129
5807
5839
9327
5086
199
7735
8899
4198
2549
2420
8987
4357
1392
4231
7051
6829
1417
5772
6786
1503
4826
5969
4966
6565
3645
6369
4243
7132
1017
3468
8960
4168
8164
3972
3921
5994
1683
3415
2534
8958
7942
7591
2824
5631
7789
5639
1847
3797
2404
4545
4566
55
200
9887
5282
9373
2456
1736
389
6168
8510
5193
1681
9368
7795
6768
1999
4485
5071
1139
3672
3597
7844
5055
8393
1331
2734
9961
6869
3731
3653
3889
1763
5551
9268
2628
5772
6382
1819
8264
3504
7436
9156
3177
8437
3237
7423
6601
5619
9088
2125
7613
4856
811
6232
729
190
2300
7030
7577
7786
9730
8316
8040
943
1631
3800
6749
7722
300
5091
1669
9184
64
5278
3589
4682
5097
4643
7799
490
986
6308
6496
8659
9460
9512
5587
698
7255
5030
3511
6516
4705
6217
8462
5289
1544
8094
8977
9486
4961
1045
1429
6539
4985
8283
3754
3469
253
97
9782
5006
5869
8116
1498
6814
6778
7157
4792
2066
5001
4444
8584
4544
6566
7937
1474
3918
4356
8294
3099
4337
5261
8074
4011
6225
9161
3409
6788
5636
9548
9060
7333
4271
6236
4830
9274
2631
9560
266
5038
2801
9697
2774
8287
5513
2107
7604
5995
4510
9928
2820
3327
8634
1442
1014
8097
4831
9816
278
2531
4746
7906
5612
5701
989
4085
3181
1964
382
3602
4611
1879
9721
3033
4675
5369
6657
3974
543
6839
3622
1475
1706
7355
5542
3627
6722
3119
5439
4815
9370
801
7494
6149
1036
6624
8761
5003
6271
6645
2321
5293
8582
9622
6296
821
320
3808
7629
6506
5974
6406
629
2530
4319
9406
3808
321
7947
9427
8190
5417
9166
517
5537
3533
4729
9032
9222
420
8463
2653
6814
1837
6575
5046
6942
3969
3902
6579
8303
2771
7001
9936
1335
9333
1743
2360
612
2412
6097
8895
4811
2499
864
1928
2878
6008
9559
7589
8764
5128
5499
2790
7488
5762
941
3009
3965
4859
4719
2186
6425
3179
6663
778
100
7207
9712
4743
386
5344
9149
2361
8967
5042
9603
1562
2554
5805
6358
1957
2881
9624
4342
6746
7511
2581
317
4313
9178
6481
1004
5391
323
6943
4167
7163
2705
630
1566
4749
6017
1736
477
9206
6517
2748
1078
4320
6178
3355
1656
2622
6145
7760
7827
8064
4156
564
7535
1284
7159
4115
4951
8866
9067
2433
3009
1403
153
1107
3756
3937
2094
7086
8457
3645
8699
2540
2049
3590
9286
3145
2226
3223
9728
6410
4535
5588
4984
5972
9890
6607
4508
605
8591
3425
7573
519
9193
9922
1566
1218
3961
7474
7618
7032
9700
9208
4264
8898
7333
1483
2928
3817
1871
5738
9079
7720
1589
73
8367
8282
4556
536
2152
2277
5520
3036
7012
7720
9550
2234
2237
4771
4061
3996
1882
4366
9131
9944
3470
6113
8059
9156
8941
559
1071
3673
6457
7229
3831
9717
2023
467
5122
654
9643
9226
9776
4554
7585
7253
1492
6527
4684
3185
8391
9900
5989
2740
8392
2627
2878
319
2481
3067
1532
4115
9539
4556
9795
2184
3981
4843
593
666
2045
2662
683
5486
4331
3857
7566
4699
1719
7705
240
981
9380
5821
9347
9314
3437
233
847
6113
138
8568
3884
1663
4163
3722
1742
1166
8349
5593
5463
2000
3189
3558
4552
5308
7300
5345
6254
5244
5588
7530
7551
7221
9857
520
323
4770
8551
6547
1887
5713
6563
4040
2519
136
7744
654
2667
9429
527
7019
5185
6232
6427
6560
4850
5653
7753
3504
762
6876
9342
5952
106
6023
4003
4322
1511
7069
6866
4044
641
2097
9648
5304
8356
7867
8829
9591
7241
2360
7318
456
4819
6712
9590
6071
121
497
2975
3294
9293
5420
1489
9122
2271
5272
4188
7403
4961
6496
2997
8282
7541
4967
2735
9568
4168
3116
9588
3201
1573
8179
167
6345
1466
7157
4270
6921
8237
1608
3163
8572
9518
2372
7346
8252
7249
5275
3598
6295
1968
1617
1446
6456
8469
3931
9251
3429
4756
4340
3536
2183
5119
5820
4315
8246
4152
6354
4023
6041
5916
1441
6914
2367
5508
9086
194
7051
9991
3257
7297
7116
9035
1819
4707
6310
5907
855
6797
1786
3215
9097
8017
2488
1576
9542
6146
733
9391
8660
192
2602
7344
5521
3825
5944
7763
3208
5962
2157
620
5400
3286
5486
2459
1662
6426
6446
2286
1565
4812
2783
1385
5658
8465
4774
9741
9560
812
2059
3192
326
4698
8264
7743
1875
6719
7914
9726
7285
1255
8661
8509
3772
8947
5310
2608
2645
4112
7400
8630
3830
7186
100
2669
7503
527
2075
3346
3200
5145
3494
9507
8053
991
93
271
8434
8345
7131
4101
5936
6908
8437
3846
6421
4181
4702
5889
4477
6373
8800
5222
3055
6258
9033
8103
9390
3162
3794
439
18
6329
2880
4047
4043
1354
8886
7369
9785
5549
9423
8223
1625
9894
7313
4985
3313
8577
7002
6896
7801
9911
7928
6744
9369
6566
9735
6134
3755
9828
6310
7594
1079
3673
6003
6409
4996
1064
7507
8489
3868
5841
4999
6121
4035
1154
7256
7011
9288
5227
9463
2012
642
6447
1322
7709
7151
5550
9758
3929
7591
4399
9020
6279
2761
3773
3034
5905
3094
5511
4036
5754
2028
5463
4186
9996
8923
2685
3484
621
1358
9495
643
8228
6788
8931
5148
4507
516
472
8556
1839
3855
5010
9590
8537
4999
4494
2463
6402
2755
8414
8779
5063
1333
8155
3226
3650
9518
2160
4620
6173
334
6096
4622
9893
9611
3183
3316
9352
2982
7809
1001
7722
5604
7285
995
3098
4105
679
1561
1612
1976
5822
1690
7480
3731
909
5672
7001
6664
5726
3579
5733
1322
7647
3611
1513
3218
203
4298
8196
7504
9718
873
7088
869
7200
430
148
1854
4198
3734
8763
7180
6683
7326
8139
9422
3124
3929
1625
859
5541
1115
9697
8093
2160
6038
452
6988
4599
3151
8801
2509
4087
2910
7298
3932
8351
6325
3751
2367
5256
9644
4045
8758
9536
9900
1770
9628
4127
1585
7239
774
1425
9619
5796
159
4703
904
9549
7551
3171
5767
1798
3087
3601
7946
1436
3485
4877
8325
9088
4636
9692
3173
2175
9950
6509
9563
5026
8168
5339
5954
9878
8892
2706
518
9839
1944
701
2567
563
601
954
4671
9408
6712
1562
2550
878
1703
9358
693
4232
1655
8434
1144
8158
2987
4968
3357
3729
6195
2466
8112
8500
8016
938
6288
1435
5181
124
4230
2916
8580
5393
2251
4465
5959
4313
9983
8297
926
1922
2661
5480
2756
4088
2136
7585
6936
943
287
1694
5349
343
279
4698
1716
3355
3295
5424
1809
8135
4495
4125
2365
746
9740
3172
9785
5330
3125
7003
7477
3818
3771
1322
3533
8502
3545
8536
5718
7059
9068
6912
5912
6738
7253
9732
4067
3182
185
5823
8904
3960
7304
5608
7933
7765
3116
183
5595
7133
401
7453
1043
3677
6217
1361
7836
9103
5850
2428
2398
9536
3362
9867
7111
5382
7280
3035
6244
8068
675
6172
4923
598
8889
1068
8217
7214
7740
9107
5552
7180
7813
3744
1351
6416
1223
4552
3597
4116
1065
4463
4165
1593
8955
3964
454
6920
2519
858
7614
7534
8552
7928
6019
2340
7913
296
1029
4867
4072
4432
5071
4861
3963
2985
7380
6818
6551
1178
5219
4734
8482
1607
154
2203
5969
1780
4720
7861
462
4944
2491
8207
7724
2102
3894
7450
4620
4418
9636
5644
5454
3674
2284
5204
4122
9959
4187
6309
8160
5253
5366
8022
923
8313
2789
7020
2464
6655
6997
4608
7026
2396
1294
5505
5677
1719
9381
7857
7882
9590
49
6550
4800
147
3062
4724
7303
4949
2775
4735
3268
7332
7429
9860
1859
3043
5468
8147
8494
7254
6909
8465
6819
7810
9923
8286
3575
7963
9855
6842
5121
2729
9028
3930
1692
4465
3098
5049
8934
1116
1758
6540
157
5646
5482
8976
1465
2282
9224
2147
6307
6932
1323
4376
9928
72
9393
8952
5329
1473
358
6627
2932
6997
795
5744
3464
9925
5517
7147
803
4885
1815
7575
1479
2673
6151
448
847
1933
7603
7159
514
7591
9337
4639
1296
2865
4128
4512
5241
3024
6791
1025
703
6568
1855
5771
8732
4520
7943
3848
8345
8353
7005
9357
1891
8958
1656
9014
3316
2579
7895
1544
3111
3566
1544
4347
714
9
1966
1614
7306
9302
8167
6538
7922
5536
1266
6974
6901
2275
7115
4381
5476
487
2556
6760
489
641
1841
3699
7507
1848
7130
4705
8280
7740
3380
2345
1122
5061
5979
4150
6351
9327
5428
205
1503
4389
3569
5377
3658
5912
3846
1591
5812
9142
2135
8366
8611
1993
5871
3771
5686
7559
8843
86
95
8099
693
353
6896
9114
9097
6521
6511
4723
3197
9141
3100
186
1059
1914
7853
1103
21
533
793
5247
3139
6298
3927
6788
3322
2143
818
8747
4805
5054
4984
7663
8730
9158
2576
563
9836
2728
6354
788
7576
568
8273
2566
1168
6653
1064
8134
9473
6642
1837
9682
6627
9103
3628
8976
701
1604
8242
6926
3317
8547
5969
2475
302
6791
5770
6557
3831
6746
2018
7377
7958
4668
5035
8260
3095
1010
5142
4545
1686
6879
735
9617
2880
6993
3667
2372
4369
5588
1546
8013
8298
3573
550
2378
8565
738
8882
2769
1770
3396
1780
167
6161
4552
4297
3288
3500
1347
5500
9487
2225
5205
8132
3243
7031
5199
2185
6721
4765
3359
2124
7508
913
4369
1535
2922
2107
8592
1737
6098
8285
6101
989
5770
4158
837
6914
6430
2643
1058
5427
7889
8849
6530
981
8970
9423
9750
7467
3764
2623
3920
3035
1031
8297
6369
1224
8692
4622
7480
7871
3910
1072
6204
6020
9270
5833
3549
1011
5877
2819
5686
6153
1466
3565
2011
141
5646
3328
4683
739
3887
3534
5459
3153
2742
9139
9004
4154
411
8551
2468
5466
1986
7135
7159
8986
96
2564
9711
3208
5136
6708
6289
9730
5891
6138
7541
3541
864
2204
5540
6624
2690
3402
5258
8163
209
1389
6965
7427
783
3391
7243
7296
9087
4568
6367
2230
9154
6261
5734
6863
616
94
5297
9169
2960
2158
7262
1349
5030
2802
4342
4198
6956
6952
2361
9910
6169
9066
2216
4802
7566
1422
9725
3241
1598
593
7804
6250
6099
767
1940
4015
4087
9652
1192
4760
1265
5170
3249
8092
8963
6600
9506
8512
2014
185
963
9337
492
7254
3103
2278
545
1713
528
4718
2733
9005
8124
2627
6086
6625
9146
7970
9867
596
9904
8126
2457
8654
3376
6137
3177
2341
3128
1475
5576
9268
3765
4621
2374
6997
4208
2711
1723
1595
1931
4098
4693
5523
1005
6130
8188
5565
1859
5087
3955
6545
4088
1100
4416
3848
3949
5622
1849
1467
5863
633
2425
