7528
5748
4682
2651
9885
109
8951
5751
9333
7075
2197
6852
6403
6313
4553
4231
9183
9866
2980
4286
2241
3999
1757
246
2796
6170
3622
8706
6255
6818
5003
3383
4335
620
3598
4129
2029
1339
7392
7708
8148
8618
7333
3051
3887
5988
490
5512
3968
916
1520
800
2862
9155
160
7440
8807
2531
8143
5778
7490
1408
3430
1279
2507
1061
8918
8105
486
1956
2472
7481
8533
2432
7825
4314
1763
1101
8480
2423
9871
2066
6061
9467
8941
7184
7080
4771
8500
8555
267
1484
445
2440
8132
328
8319
1493
7564
6365
1086
582
5222
2506
9323
4399
6714
2369
4883
3931
1351
9897
2829
5950
4954
3161
7024
8205
7450
796
451
6778
1352
5316
7015
3227
6011
7323
8715
2010
2604
9631
3399
5596
3071
3817
5228
376
1325
9983
5622
8864
7339
8365
5757
2326
745
9152
9795
6651
2698
4342
2146
6220
5068
3062
1691
1882
9551
3706
9945
5727
9552
1750
4724
9216
4115
8716
7091
3650
1161
1770
2268
4279
1458
5043
4520
5846
8592
8500
8693
2685
6462
6072
3936
6591
1523
2887
4754
1223
9999
8793
6286
2454
8451
3861
9812
8355
9145
8399
8736
7160
4816
3842
3335
7710
3241
5969
9558
1019
6453
3169
4818
6433
3371
61
3558
9386
6228
73
6395
1010
1851
4462
1363
8652
2700
416
257
5282
6748
3772
3790
5335
7535
4633
1000
4954
5043
7450
2525
7784
5980
1299
2761
9505
8217
9746
8952
2198
6351
4226
8303
4522
5442
1252
1834
5576
5212
251
1664
3861
8011
1939
6286
6087
8554
6736
5940
8680
5776
2591
2403
395
1661
2861
1546
4637
9405
9217
8589
3639
6924
9709
262
2020
391
8523
543
3656
1655
5311
4196
9419
721
5274
8699
7646
301
9082
3868
9891
9524
6796
7589
4543
1614
7143
2100
4494
1864
6695
9262
2526
7832
1499
3884
1702
299
8356
4739
6267
4702
8586
1516
1761
5327
5027
9257
4909
8139
6508
4959
1038
4664
86
7889
8973
4616
3606
8231
3041
9720
7286
6940
2130
1847
5600
8876
9358
3508
3108
7366
2253
3005
9624
9539
9411
4167
1047
3120
6721
5111
6509
9340
619
2308
7434
8909
8270
2373
1933
720
5206
9594
4633
3132
7650
5008
3441
8866
7869
7326
6417
4353
7955
3132
7874
3297
6404
5742
3361
2350
1286
8223
680
1089
2526
4309
8262
2483
7731
7172
6271
4977
4472
3009
4245
8875
6700
4085
4044
9274
2547
5479
6849
6460
6155
1513
4134
2821
2757
7262
9527
7053
4271
5389
6002
6753
6153
6303
8285
2383
4807
4893
5340
4721
3526
5242
2969
7353
962
2508
1401
9332
2195
7726
3134
7824
2602
1599
7702
3184
2405
7026
1061
9454
9682
1213
8967
5116
5869
2682
6219
5664
4569
7426
4999
8285
5461
2546
7177
360
7729
4331
9705
8710
7533
655
6526
5495
2662
9657
607
2531
4988
8535
1446
2098
4271
7460
7415
1528
9299
8489
2791
6701
8942
51
3715
3835
5299
9349
4918
1245
3755
4277
3803
5568
8562
9211
5274
9216
1143
5158
6766
3560
4123
655
8154
7395
9245
2908
2504
2064
1436
7811
1577
405
8945
281
369
4306
9874
3501
2918
5413
893
6680
7746
6839
3282
3923
598
9989
5212
3830
4724
3496
7193
6138
5392
1267
7748
8808
9791
5141
678
1106
4881
823
9961
1064
1930
2546
1976
3168
488
823
301
6407
2905
435
9662
606
5370
6128
8623
2831
5507
8455
3097
4183
9897
4799
3486
4126
1891
1935
2213
3473
4790
1726
565
5919
7247
8463
3401
7196
7316
3295
5585
3936
2716
5614
131
184
594
3691
8410
7946
6252
361
3626
8625
4122
999
3831
9190
3668
6332
8167
1477
9538
8496
4385
9681
17
9219
553
7595
2678
1278
8393
3760
3196
2654
4072
24
6830
8613
5064
5027
8678
5400
1876
9538
9672
206
4293
9828
9285
8311
3079
9932
4991
4184
2164
5366
1020
8905
315
7562
7712
2736
4843
583
4630
7461
5514
5835
398
8340
7639
2619
163
9364
7969
1651
7845
447
1566
37
5122
6323
7368
6630
3463
4798
8943
1707
4646
7587
7212
7980
3371
1322
890
5496
4442
1712
3728
5136
1911
8949
260
3377
6780
6577
3824
9164
5401
1697
7479
9186
7623
42
5295
7567
6275
2057
7204
7571
864
702
3455
8643
8781
6347
5284
5730
8961
7730
6082
3767
4021
2514
821
6556
5252
2929
7448
6458
8717
8557
2396
6419
1133
2
1727
1568
2606
6068
8184
9062
4687
3535
3763
6316
9925
4068
9967
2417
3053
8741
7690
6456
4150
3729
6182
5116
9972
8493
7676
5041
1361
8307
9954
1211
8234
8669
280
249
3938
4441
3976
883
6227
7045
9609
9760
3613
6996
9177
8855
7244
661
3271
2377
7087
6995
2797
6013
4377
4150
6557
3772
6674
7059
2346
8640
4648
7846
7345
8571
3315
4071
8341
7058
2564
7269
2955
11
1315
7681
1025
363
4365
8107
1436
3184
1471
9138
1044
1386
586
8622
9039
4136
4042
8220
4871
883
2151
9268
1845
6067
2550
7328
1274
4065
1253
6266
1085
2908
5046
1220
1506
891
8011
4844
6275
2884
2121
5
2873
6585
3943
4041
7624
9173
2335
2521
8545
5747
91
3394
8560
1051
3178
816
1363
4613
8491
5210
4860
1657
4632
9456
9853
4135
893
8657
3476
121
7267
6186
3640
2761
3511
2966
9478
9051
4824
6900
8903
9578
9894
6125
3259
3595
6008
3188
6380
2402
8165
1243
7548
6143
7268
3047
9636
3021
9001
113
8251
3515
691
7861
7510
6034
9369
6708
4690
7760
2313
2556
9789
9417
1970
1923
4601
8864
7278
7493
1890
907
6502
7907
9223
9926
7250
7694
1041
6876
2369
3405
4333
3445
6797
4229
4583
7034
2565
7142
7465
6391
8466
6934
2412
5347
6637
6571
5591
9292
7241
4971
4210
8582
8238
2199
6432
5697
8251
8192
6316
9853
1080
7693
3507
8421
2929
6636
4923
4389
921
8756
9779
8978
7320
375
2719
1385
6358
7248
6261
6636
8723
7192
6773
1657
6486
3500
2082
7632
9819
4188
1114
1011
9916
5028
6112
4435
3353
8977
7375
1458
1386
4348
7549
8952
505
7948
9932
2706
5814
2320
9707
8015
6597
707
1579
7652
8325
7044
8883
7679
462
3970
6630
5356
3864
5464
6671
8264
849
7144
239
869
9839
620
8392
9178
436
7597
4775
7367
4046
9024
5693
2046
2463
3599
7480
2691
3188
4925
6377
1909
9639
4390
6883
2821
9272
1588
5167
8136
7962
2277
9843
3401
9798
4793
7928
4202
3327
260
3489
8889
2175
4926
2486
5437
6954
628
259
532
505
4487
8254
7367
1054
8622
2042
6595
2067
9458
8328
9452
27
4401
6466
7106
3701
1883
926
2382
9405
2158
1357
9077
2143
4895
6650
9006
2886
9828
1357
2967
3686
6012
1366
6303
5879
6315
6181
615
7500
406
1398
5726
2946
4735
3770
6598
6710
1744
1383
5145
1919
1689
5909
5105
6376
4082
8884
5974
9315
8767
5846
4345
7440
3655
5991
4245
6273
8278
3053
7618
522
3364
194
7232
7902
1257
2708
5765
3346
9241
8747
6414
8169
3672
248
9328
2350
1680
8898
5692
9302
2278
7044
5888
7410
1172
8022
5806
5156
3301
4670
3012
7931
4295
8035
8015
9622
6272
5727
5729
510
3231
1713
6889
1130
686
9339
5596
7438
6502
6427
757
5705
8211
4780
3130
8526
6945
2612
5588
2383
4104
5674
9608
5777
7679
6443
8142
7860
9731
3144
8850
1405
7320
1463
7437
8252
6935
8102
6327
607
675
4036
7199
5239
5208
675
6482
7816
9779
9172
215
2942
9329
476
4175
2862
6253
4194
1752
4468
5331
1786
4042
4759
3382
6224
8704
7445
1283
4123
5646
7865
4736
7966
1324
9858
3088
761
1826
6692
7145
5764
7611
8563
5286
4701
148
9831
7172
2622
2583
40
459
5653
5262
5128
1036
5969
2883
4002
5395
784
4355
1263
685
3164
2312
5772
6908
3084
1885
9377
6949
2620
5582
3321
7955
2145
7579
705
7154
7075
8764
491
9759
4455
618
2556
1735
3168
1978
7421
9078
185
6551
2468
7801
4209
8162
2166
8114
8579
1135
3959
2355
5315
7764
1072
2872
6663
5440
2898
9604
3728
1383
9602
572
5003
8219
4795
5720
4103
1926
4286
1670
3916
5127
1813
5893
1194
4474
2951
132
9439
3050
356
4118
1496
7401
4516
9931
5378
2453
1558
3821
9421
2989
9203
6220
65
9757
5691
8214
6163
4347
820
8762
3118
5925
590
9227
9787
4482
7503
8671
1616
7382
9855
3379
7159
2886
2665
1091
8327
5628
9254
9578
9582
4632
8237
3207
3759
1084
1044
503
864
8510
7702
9843
3102
2246
313
9349
2719
5589
1958
1937
1646
4678
3772
265
3471
9067
6516
9598
5746
8491
1808
8029
1781
5187
6687
7908
4356
5557
2128
1815
3985
9464
8748
9395
5487
6083
1199
1598
2317
7882
425
7741
5264
7296
7068
5488
1914
3752
6955
9651
4490
8576
7804
9955
5557
9118
1787
413
878
6510
8121
1295
1504
8569
1073
4941
2611
2392
2623
4534
7554
3462
8742
877
181
8126
2679
4617
7886
4446
6907
6247
9850
8712
318
9146
7477
385
9932
8733
3991
7386
3003
2455
545
2025
9473
1240
8184
5647
3131
8993
2361
2593
5595
8466
2850
542
6239
4294
3103
371
9047
9494
9795
4678
1806
3585
2533
237
2778
3570
6834
583
8256
5465
2055
5927
1453
8775
9790
9427
9519
6085
7924
4261
2913
7620
698
2070
6752
1092
4256
7088
5861
9253
7372
2393
1699
9302
480
5925
5860
5686
4663
6510
7914
1045
1071
7906
3140
3521
5235
7096
2018
3066
4486
9335
281
2340
5219
4857
7458
4351
482
5111
1129
7188
7921
4295
6176
57
5766
5687
6836
3682
4254
3213
5387
9714
4670
4122
9468
8485
2712
2376
8775
1768
9257
7529
312
7459
9093
9677
9329
6453
2993
2296
5998
5622
9631
4296
2442
1244
8506
885
7997
1224
6430
9102
3432
1336
3171
3742
1191
545
6519
5780
4729
364
8530
3100
1254
2444
4628
4926
8764
3126
252
1405
9738
5108
3715
6888
6539
8937
7625
1122
6840
835
1669
9223
9440
6439
3480
4613
5714
9371
2613
9506
1258
711
1431
4467
2461
8844
1168
2609
80
1609
1100
4335
3795
2164
4693
2772
6876
524
2977
3989
7975
7544
9205
699
4465
9723
218
2130
173
213
9722
1222
2333
7622
5366
1102
2437
489
4750
2388
6273
3908
1160
3288
7146
2959
8447
9661
9891
6386
4045
2440
6435
3428
7822
7661
4044
8360
8234
1638
2031
7770
7543
4573
1111
1804
7781
3299
2814
7098
6610
904
1154
2833
4754
4221
9735
3242
8745
8666
4538
2480
2060
5122
3777
4912
207
3299
399
2281
3265
7803
5826
4103
3912
7815
3034
4750
9978
5001
565
4673
3009
929
4758
1756
109
1778
8339
7496
4607
6222
7136
1440
5368
4156
8523
8755
3622
9577
5848
4769
9728
9179
3761
4025
4881
7445
6226
4623
8415
8246
1137
399
1262
1529
180
7316
8637
5898
9734
5105
3255
9861
2951
333
2229
7746
2211
8019
1246
8514
1605
6780
4823
4671
2096
4663
2836
7436
1267
4596
9443
5661
4090
4102
8906
9793
2782
225
7686
8885
5661
7470
2958
3341
2026
3244
5193
4972
9318
6719
2017
9475
2389
7957
1092
7693
1797
5270
5870
5751
1666
1328
4401
4285
3573
3367
2441
9610
4139
8090
6582
3039
7990
9234
1823
8505
2877
6351
5816
5066
1696
8181
4303
7547
4502
1725
1947
1582
5805
6481
8204
3723
7107
8999
6503
8038
8628
8332
4028
2494
8831
6856
7908
5101
4808
2687
1305
2396
3937
2378
4351
8634
7194
165
8940
2012
6787
5685
3933
9827
1307
7657
3834
8339
2688
8213
5992
6248
3594
716
361
426
1996
7709
8641
7718
6137
6711
4931
3178
824
1598
5196
5141
1182
5479
8
9043
2934
3113
6049
9727
1843
7219
4172
9351
4071
1327
1362
4521
452
9503
5004
6188
7948
5120
873
9462
6945
6925
5440
6964
2780
8539
3202
8620
4074
2154
3026
2581
7979
3716
3313
3840
9486
4937
5939
3661
9774
5692
5784
418
8466
9343
6696
2455
5955
9413
3688
5465
5881
521
2045
6079
4419
186
8682
4232
3587
2421
7018
2231
6244
2625
9262
3810
5680
5850
4243
3520
7745
4539
1979
6725
9592
7017
695
1456
2425
784
2243
3190
3917
3745
4851
8699
3148
3709
5450
6181
3593
1702
2294
3403
1589
3656
898
9922
1941
253
2993
7522
6949
1540
4995
4305
4508
2406
2643
5673
5354
6132
5484
2122
3583
3014
9137
1152
5792
4591
218
2822
4911
9598
8060
967
992
9535
8853
3857
9763
2
5103
4145
4505
2759
2066
1626
9584
9664
5822
6430
5661
313
5754
7349
6076
613
2845
99
9138
6270
7488
6124
9867
944
2782
8970
1391
1626
9709
9208
3502
5615
2175
4829
1435
2381
3599
6108
3829
9247
1361
2092
488
6307
5649
4304
7659
7537
8055
487
8652
6482
2286
7956
1071
4575
8379
923
8669
8133
7775
7497
8806
3692
4085
1894
5294
5979
4694
8049
3330
3771
9766
8808
8606
172
2538
3695
1284
8565
8182
8299
2358
317
9374
8402
1335
5336
2209
9952
8167
9620
4300
6038
9577
8552
368
2180
4732
3943
938
8510
7981
173
4907
1286
4451
7938
209
4982
3875
1188
2697
2456
4962
7498
3999
8824
7730
2183
6155
6681
3372
1083
9028
1358
8847
3387
7872
4906
9220
2448
6109
9105
9921
694
3259
4007
1473
565
3304
5350
7995
5485
6769
9346
3723
658
4062
1828
6953
1988
4954
5891
7779
7412
5940
7095
309
299
446
6333
2676
3825
3653
337
8786
1360
4728
4435
8631
8123
3587
6618
1766
317
7429
7472
5727
3266
9668
2068
4703
8735
9469
9380
227
5296
7845
7389
9639
1666
354
5901
5614
3848
2268
1184
7951
6999
1168
7494
9217
8482
2384
2982
1115
9694
6390
2336
912
7561
5094
1671
7265
1824
9750
3981
9865
2158
1393
2602
8702
8859
2346
8570
2472
183
9505
308
3365
4149
5176
2447
9681
1713
6024
5560
4226
4401
3868
6535
7058
7095
8661
7754
9646
1284
3534
3837
3929
362
8011
6299
1373
5922
1033
3231
787
292
7813
4546
2427
18
4103
2104
8883
3870
7170
3356
7600
3778
6933
4063
3467
405
2866
7528
5112
7876
286
6988
29
1295
6664
9372
2156
8289
4735
8796
3682
717
55
7987
3925
4408
1658
2641
5142
79
5729
543
2755
3449
1910
1474
1498
876
8980
552
4627
4105
6828
8496
9691
7050
6486
4766
5231
5036
1258
9168
6533
936
5385
9549
8185
9393
8593
1452
656
4749
4832
7069
3207
3156
6474
5084
3363
1454
4024
7669
3924
4366
6820
3042
9651
708
7985
6134
5291
842
1487
9028
8672
286
5898
3621
1151
5137
601
7455
5178
3362
3292
2987
338
1981
6192
6858
1376
9984
1949
5656
6098
7191
1391
3578
5043
5331
7446
7563
4151
3197
4793
707
7298
3362
7601
1969
1490
7726
9149
450
1057
1965
4591
9630
7508
9517
7464
7411
960
9988
9248
3062
5485
1419
2150
3195
7546
5955
9776
696
7946
8776
7350
9734
7794
1280
2080
6684
8594
4589
3849
4123
9435
5850
472
4945
3824
8723
2359
1998
1627
3883
7925
7631
8239
7699
333
9409
424
6343
7836
1856
7782
9525
683
4831
95
7986
2290
2851
2961
8046
8748
6750
5901
5979
8670
4801
808
8929
1213
1144
6804
7191
436
4985
2012
7972
3318
6421
1851
8996
1691
3596
8282
9941
9825
6222
7767
7671
2220
8621
8835
9416
8594
9035
6308
6589
6091
2032
6214
3764
4447
5447
1347
8448
8608
5371
9021
4452
1136
6921
510
7371
8541
369
9713
7840
6430
449
4840
769
5327
9437
3725
8064
4846
51
7046
7687
3901
4730
9541
3408
4654
2173
5612
8036
6789
9272
1685
3226
5271
2323
4890
2515
6181
8179
7073
2584
7669
5246
282
3120
8247
1327
1481
4980
7222
2296
9370
7638
9945
5675
1537
9889
5210
4147
8322
967
4386
3609
2158
6212
263
1742
9340
9408
9678
7936
8204
4205
3235
8811
4818
1049
1740
8955
8716
7464
4054
893
8903
7561
2605
7456
249
3470
4648
2415
1539
8632
659
9366
7785
7791
3841
3758
9606
7978
1821
4330
4266
2243
4661
7296
4087
9679
338
4857
9158
6635
6309
9408
135
3125
1617
5869
4245
6738
6449
5576
6395
1498
8085
8855
5638
1321
8543
7799
5435
2584
2058
2734
2639
5562
2421
2826
6894
4279
7775
2528
1686
3887
9702
765
8015
3744
6697
520
1012
7789
6513
4035
7566
3141
4894
9547
7105
4255
3036
1986
9034
6240
7354
8575
4887
5319
6121
680
8024
4875
606
1779
8375
1153
4540
4582
2006
8573
544
4279
3842
4568
9953
675
9678
9974
629
6110
1041
2712
1531
3829
1646
6676
7438
5507
631
7059
1377
7907
8178
7486
8417
6920
3756
3383
1635
9602
9543
5769
8597
5700
8753
4170
3071
9621
2021
2593
6852
5247
4934
8372
367
5833
8131
4275
8195
531
1844
3250
9348
8841
475
426
7599
8806
3268
6334
473
376
2380
4242
5090
1161
6706
3773
2776
8883
5513
5838
6291
1530
4080
5470
3801
4033
2043
2891
300
2298
5393
5256
5578
2686
8129
1417
1667
8975
5055
5751
3480
5693
6699
8760
1550
7838
7950
811
6645
4108
9241
9175
1172
1632
5272
9416
1205
2836
199
356
3627
9526
8992
3617
8251
4084
6359
1690
5256
9175
4497
3441
405
2167
429
393
4083
7880
4956
4394
6479
6062
941
3911
1140
7807
5266
2053
5358
6118
1345
4002
9538
9680
4894
3676
3724
1701
5549
7166
2949
8628
1859
2566
5570
9781
205
721
2465
4956
3181
9217
8681
3410
4288
8880
4151
778
7255
3800
9409
9794
9479
7770
4678
3657
9729
8395
5030
1761
2807
2915
6933
2675
6925
3420
9054
6184
5146
2815
5913
3435
8678
4996
2254
8477
52
1185
3128
4666
5129
6880
5090
8476
5207
5559
7959
7704
8887
2012
943
4900
7634
1056
1184
9864
7122
5933
173
2142
2687
8489
6515
9729
84
8522
2018
1255
1152
3461
2975
2276
7003
1739
6984
9697
8583
5931
878
4356
4511
2119
9377
2585
5331
4487
3813
526
5450
3007
2747
8417
2718
774
6744
9531
6118
7320
7907
4852
1532
9710
6667
6580
6311
7137
1560
9799
5681
118
9688
8671
2162
2555
8095
631
9813
8538
6860
1540
6996
4914
8392
18
4567
3763
5296
565
4516
5642
6191
5185
4170
9268
3230
1688
1169
2672
4214
1466
5354
5481
4897
6078
5567
7741
6853
4939
423
7615
4683
1622
3489
2310
4416
9240
1961
9530
3896
4003
4739
7712
567
4070
6698
4043
5878
1729
7594
4124
3944
6483
8054
168
5489
7082
3475
1650
8413
5992
7542
7871
3130
8788
134
297
775
1074
1920
8131
3789
3022
9109
7438
1535
9865
5764
1295
1093
3490
7172
2871
3853
2466
3141
6794
4228
5244
98
8167
7725
8406
4390
7138
3819
7313
7080
3124
1511
7615
9196
3809
2501
8348
1911
4498
7429
3923
9051
1259
7977
564
5683
2931
2991
3476
5605
7419
9146
8856
2222
7157
8043
8728
334
9913
1330
2040
5997
417
4693
8482
9235
1364
5965
7069
4185
8859
7299
5931
2283
5211
3583
6489
9452
6076
8007
8432
7764
489
83
6534
8425
6803
486
5762
3797
9399
7613
8009
1472
4912
2360
7079
4237
4993
4297
2303
6467
1542
9932
9643
3177
4768
8540
4881
110
5292
844
7226
6038
9847
6919
7726
613
2508
8025
6126
3595
7535
1814
4402
1370
7289
2764
9065
2891
2889
84
2334
9706
3808
2017
5814
8625
4617
2058
2486
1904
1830
4794
4385
5578
6439
6031
448
4087
6287
3721
2424
6457
4630
3181
4297
8246
6855
3490
475
82
1089
2273
938
6915
6070
538
4437
3086
9089
4373
8696
4224
7375
6836
8798
602
1010
6173
1333
926
5779
9812
1224
4366
1494
5205
4742
2980
7675
6167
6550
4687
3954
569
8432
1063
9285
2768
93
5351
4330
8173
4786
5187
4899
9119
5481
5271
1261
4528
6591
1028
1145
3478
1593
1090
6763
2832
3330
1456
6806
6167
9303
6384
1138
4352
3020
7086
1536
1691
3741
6550
2109
6522
4181
1724
7441
2327
2487
2328
8580
1992
8124
8598
7488
8269
7610
4176
1897
8667
3652
3552
5280
8133
4608
9807
9091
9356
9308
6897
9494
1686
305
9734
9897
9319
546
9299
9201
9331
6
1775
8259
5690
8525
3255
3721
8870
2311
3796
8646
3403
1641
1550
2513
2435
9911
6557
2405
722
5249
5549
6226
7924
4002
8735
748
2104
5989
7486
1005
1748
7631
9114
2238
6003
9452
1624
5443
4799
6509
5187
3718
5330
6271
2451
7313
5088
4535
4479
4256
8923
8882
9279
3081
2277
1804
8409
8295
8565
9283
4488
98
5201
573
7752
2315
2325
7527
9478
582
5796
4311
6417
4216
2487
8943
6896
1727
5615
3052
2848
8075
8753
22
2184
268
1228
1856
5932
7886
6088
5843
2976
5824
9626
4331
6136
3619
1248
1542
9420
4397
5937
827
8992
418
1003
8925
1016
4612
4490
2187
8023
6937
1990
892
2520
2255
7241
3448
8307
3713
6782
7137
2479
8666
4963
3322
3259
9297
8288
8972
4112
3592
4118
8399
8963
7292
4774
8905
8261
191
7637
891
196
9374
2021
2115
2113
7914
8803
777
8240
563
5293
6171
9951
2194
5653
4043
8645
6646
352
9879
1669
4552
2552
5759
8841
4853
9255
6858
4350
5309
5068
6111
4866
2837
7349
3387
2578
6180
6666
9326
3928
8091
8654
6007
8577
2243
4631
5140
1261
6499
1124
4934
1977
2224
8252
7881
4325
1655
1287
1013
7369
5386
5352
1577
6667
3313
8772
3631
5241
3548
324
5133
1159
277
5371
9122
4035
6264
4042
9610
2812
1436
3258
3061
6737
1239
2315
3253
6297
549
3086
1509
400
8131
7027
5007
9288
7540
1544
218
6110
5129
9513
3816
8238
9819
4525
4653
8679
1591
8133
3357
175
755
2470
4611
5807
5197
6838
5421
2762
8263
1688
8738
775
1896
7176
7031
4490
1183
2489
9615
8015
6671
1259
7612
9912
3577
6046
7608
7227
185
32
141
6743
5308
9059
8609
476
8094
8589
4744
5559
8186
4091
7839
7098
992
5108
1443
4185
4563
6053
1232
6345
3212
6334
148
2589
6924
1815
6247
5471
2819
7762
8977
4783
705
9571
8971
5807
1092
3747
3690
257
6985
3836
2004
8650
161
4532
3880
4000
8242
8817
7499
6666
8662
7886
9195
2178
8600
9529
4153
612
8577
7018
9728
2138
4242
8416
2555
4483
4617
7523
7544
5982
364
4153
4621
3760
2911
2952
8987
4199
1415
647
4187
2011
5249
752
5670
6051
9350
8284
949
9943
4253
1463
3244
3169
8255
9777
7710
9566
597
8713
7188
1345
7162
2321
9698
1101
2282
4473
3361
2747
4131
7485
2221
3123
9212
5921
9308
1707
4461
910
7207
679
3388
6677
7701
9766
2864
9534
3527
1059
9494
7784
1511
8364
2141
9193
9494
3761
7884
8416
4021
3233
2066
5760
6151
5309
5389
3116
9409
96
1636
9619
9717
3728
7890
8561
8022
6755
4574
4875
9821
5014
8076
9217
2740
7913
1844
6899
1387
5731
4620
7227
4026
6903
8012
6887
8832
8458
6668
3578
4069
3749
219
7979
4120
6675
3035
9222
8040
7923
4721
9802
4147
1568
3465
8663
9050
8957
1395
3273
902
9590
1853
2439
37
7597
2972
6150
906
7948
1148
4191
2298
3434
2741
6034
5307
3933
5919
5200
4738
3006
652
5007
7969
7551
3871
9602
8491
6755
9009
5583
6235
3614
409
671
1476
6500
1646
8344
5289
4707
6889
9828
4524
1424
8622
1298
5502
2578
6533
9230
2740
8996
32
2960
2111
5523
1622
6398
3789
9544
3688
2225
9536
6976
3845
5474
2708
9896
1044
9453
7379
8402
5881
563
7116
9779
5930
6123
8457
6308
4079
9544
3173
5446
760
9359
4694
6496
1129
2447
1800
8080
7881
9932
2073
8085
7464
2522
6271
2446
8651
8164
8431
9396
4228
4290
193
3760
4437
2463
6600
1309
6552
5484
2065
2871
624
4616
4240
4265
3351
5468
8182
6327
7431
6074
806
6939
1707
3869
4658
478
5761
9067
7117
7304
1056
2730
4651
4936
6656
2592
9655
9421
1073
5714
1123
277
2295
1102
5770
8777
4856
1274
4500
8358
4199
3273
3802
7645
4936
3401
8939
8015
2826
4531
581
4714
9739
5258
6512
6190
8742
7569
4228
6629
4972
2270
42
3275
3229
8661
7989
5143
256
8349
1631
2423
3647
6327
5825
8803
9835
1907
7006
1714
9898
2833
6215
3192
8152
5170
4676
8855
9824
627
4523
8438
9500
8024
3200
252
6881
5101
8004
8461
1661
2663
8943
3317
5795
4949
8781
8033
2778
6006
2807
8468
6527
7591
8542
8339
8587
238
6213
8147
7906
4089
6815
8586
5883
5412
8788
3160
549
4347
5361
5163
2731
3074
5974
8395
7241
1972
5296
6295
5527
6297
1456
8926
1001
1498
8362
9437
3926
6890
9934
2133
9682
5742
1435
7927
6057
4392
8623
5648
9392
9019
2634
7269
9931
5058
3294
1635
2551
7527
8731
4053
5143
8853
2880
2471
2535
9922
26
4441
1085
9246
296
7364
9043
9819
2200
7179
6440
6642
6517
9156
7141
3838
3541
1444
2270
6359
8962
7423
3251
2200
612
4112
1499
890
6575
7722
9898
1520
7478
5822
5521
1364
9789
9773
2803
7176
6580
9114
8802
9158
2006
4518
5682
5780
9658
4853
627
3951
1174
9098
1738
2111
4173
2313
7093
9413
5873
2228
939
691
2669
8252
9806
4110
9554
6665
238
6499
2521
5643
59
7680
1877
8688
7706
5077
7605
9181
7107
3209
1022
5886
5455
1374
7776
729
3644
4652
6383
8057
3717
7949
6772
8807
4448
2968
4218
1017
3253
1969
5334
2846
2066
9991
1141
2208
913
3124
3056
4743
3493
2394
8845
1141
6923
6680
7766
6701
284
1747
9968
7165
1784
5356
4228
7647
8363
1339
1583
5133
8374
5688
2405
4780
3027
71
6244
7379
2408
6903
4447
9430
3238
4418
3886
5824
1158
2855
8103
3742
3658
1224
9735
304
8152
6560
4976
6100
254
2149
2649
1302
5463
5962
7070
7018
9848
2924
9961
2151
7880
7010
3596
4004
5305
7585
7999
3872
6073
4999
2159
237
8850
2017
9658
2631
7871
6033
4089
8146
4619
7980
6078
8726
8048
5548
550
7746
6559
8148
7419
658
4440
1919
9896
8062
9511
3743
284
8970
8631
5322
7904
8541
5112
3833
9163
7542
7246
2087
6061
5110
2811
2990
9135
5100
5026
8844
2733
2909
7685
4830
8644
4730
1276
3180
1520
5548
8084
925
4451
5438
3375
8358
1393
3430
3131
9231
8858
622
5523
7972
3731
3738
5131
3538
184
3671
3697
7974
1118
2379
3387
1147
4014
7387
375
421
5099
6021
7053
1568
6115
3268
7426
9349
9672
28
1747
1867
8269
3361
3648
9815
1846
4450
426
39
817
8695
7479
8175
1303
1208
7629
9599
8391
2913
9377
7252
7201
4735
6544
6354
5992
4455
9130
6615
5675
4899
5521
5293
9559
1543
9633
4590
8752
1386
3327
6489
5161
6404
6446
1250
4014
1512
6546
4100
8245
164
5974
5664
1464
910
6312
4872
600
3034
9795
9169
3394
5912
1631
2586
3996
2494
7720
9759
2113
4372
6161
1857
3128
3752
3203
8672
6905
4984
5314
4598
4204
3132
9299
249
93
8722
9671
4078
5312
8494
7519
6960
2525
7512
9171
1053
6487
260
3988
814
7097
8451
946
2928
7077
1136
4134
4752
2407
5407
6422
1918
2605
7319
5276
5716
266
9372
5667
8501
9477
2236
6274
7683
1416
1241
7815
8514
1208
818
6622
2579
6618
5771
3972
1411
1393
7310
1747
9168
4481
415
8358
8430
711
7938
1675
8674
593
1058
5099
8460
4090
2120
4077
344
8853
4545
796
9315
8660
2461
5690
228
9337
1218
7744
4586
51
8114
3024
5346
7544
1426
2170
8216
2736
3566
8240
148
4077
7830
3242
9700
7495
4327
4689
5083
3301
4144
8002
9799
9306
8312
2318
4301
597
6835
9412
5494
6030
2982
9905
456
168
9293
1788
4013
70
5430
9628
9928
6450
1731
9539
119
2638
8828
8257
208
311
9777
6771
7367
2657
6379
306
1553
4818
7769
1441
7471
4575
2965
8647
6353
3350
9822
5079
7842
7084
7391
2182
9267
7432
9128
39
263
863
302
7992
8621
9835
4856
3236
6412
3068
6083
2268
9693
2292
6160
3879
1364
1629
1795
7653
7835
7385
9953
5516
8800
3859
2101
9164
2113
1079
9174
880
5616
5680
3008
801
4641
1728
4923
4828
1296
6594
4325
4645
781
3594
6828
7290
6171
5711
7425
86
2866
6100
7807
933
2274
7766
6325
1407
2207
8514
5461
3536
6353
5748
5904
8867
7808
5347
2369
6363
4329
512
3120
4400
9592
9661
6439
7117
4868
5475
1254
2150
7822
9994
3444
9736
435
5217
6157
1178
5513
6550
8163
5019
639
4293
4327
4338
9183
852
760
7319
71
8261
2017
9740
358
2029
5447
9979
1474
7828
5358
233
3343
2889
3874
2310
8074
8608
1992
6292
8910
3593
5810
2944
8778
5563
2169
8641
3982
6455
646
9321
8663
9248
7436
8454
3533
65
4571
7062
980
372
2384
9922
4847
8717
7068
2977
6380
2220
5547
3963
3135
9539
5953
9654
2135
2156
4359
8061
3896
4953
5344
8740
4569
6787
8875
863
1045
8409
4765
8053
5145
9470
286
8368
1287
9950
9785
1261
7527
4280
4657
8963
7143
2075
1048
7492
2797
5416
976
2810
903
3796
2023
6598
8900
5075
6211
7988
4929
9784
2050
7206
5403
4225
4486
2373
7814
3674
6058
5913
8744
2441
3526
4882
7229
2767
4632
474
725
4273
7148
2978
1678
6348
1788
6633
8943
1429
5155
5016
6217
8660
5907
4012
1404
4677
2076
1578
466
1203
7168
4640
8581
5532
7424
2774
856
7849
5142
3995
7127
7613
4742
6612
2785
7267
8772
4336
4164
7710
9990
6997
5142
7937
2651
4601
303
4368
2642
6966
6245
3237
8437
5078
8734
4193
7252
7653
1588
1711
2511
7385
6093
9153
5032
1382
9568
3706
4905
5667
4386
6023
3408
2501
8893
3202
9161
6303
2410
8051
8545
8204
3703
6883
6148
5845
45
2905
4049
7914
183
3656
6986
659
724
8808
6036
7800
2355
5178
828
4558
8536
6681
5359
1900
6493
7719
8441
1207
8558
5854
9251
170
1952
5591
824
8356
4383
1447
3634
9520
8430
7773
9486
6586
7146
4417
8773
3172
2202
3460
2831
8948
156
152
1619
386
8357
7199
8092
7630
3581
2560
7702
2127
544
2800
7351
7822
4264
6586
4743
8578
5636
2115
1494
7316
3655
4072
9476
7877
8992
5760
9238
6601
1436
6578
8758
3236
1729
1589
41
7849
2885
3657
2008
6444
9436
7211
9182
9356
5044
3296
9152
9644
6597
3418
4245
4023
3763
2820
4058
9962
2080
4526
8747
5804
3951
9014
6267
2149
3528
4979
5121
7382
3522
8410
2309
3142
3260
4126
1340
3545
952
1384
4663
4390
2897
9575
8334
5442
3924
365
9140
784
3298
4772
2831
2132
9247
2444
9768
509
4995
4990
4494
9428
2336
2922
5515
6506
4017
3486
9478
7819
1071
7865
9207
3594
644
3355
7914
1747
9704
325
8628
9923
3659
5661
6407
4230
2276
9505
9165
6947
4886
6693
8567
3123
696
5265
866
4996
8147
6887
9156
8348
3908
8141
9353
3535
3116
8974
4925
1502
7570
1691
4810
4765
2025
3592
6695
3930
4113
4831
7676
7543
1779
8012
9680
2199
3813
8072
4523
309
5875
6245
5685
4084
590
645
8107
4781
9976
9925
5736
1256
7042
4185
2577
5423
5400
1731
2331
2671
2762
8636
2400
7559
9235
1256
2617
5095
1142
9908
3337
6000
3604
3498
6910
9150
3214
4488
4005
9232
3646
2231
6694
8403
886
2879
4424
9882
9261
8736
4028
2135
6110
3640
9644
8222
9181
4871
7205
4277
5325
5871
8738
9000
807
5294
8853
9065
4331
4360
3241
7464
2727
6530
6709
46
2875
5090
771
9622
7400
6296
914
3840
7544
8090
7270
9874
1873
3937
9216
8953
7388
3054
2698
2793
4480
6777
9119
7742
4012
8355
3178
9808
3165
2402
5901
7602
9211
8181
9415
9477
1610
7890
1147
5956
1358
3891
799
9428
8518
3000
5820
2632
4291
1521
4931
7496
732
8491
127
4701
4082
3903
8867
2358
5525
8093
62
7471
4574
7470
4945
5375
3228
2927
4481
5476
834
1931
2697
6735
7025
2302
9871
191
3028
7978
3388
6687
4158
7548
4456
2497
9604
6106
6369
3744
4631
6781
7354
8920
3402
2468
9849
2180
4828
1510
4117
3348
633
7896
9918
3862
3373
7707
2002
5468
5320
1899
6119
7154
3166
2920
6541
6167
2834
8878
783
93
1216
9611
1736
6319
9982
3026
5296
1648
9760
1966
7940
4436
7607
5561
7427
6754
4846
9457
2543
8253
2754
9231
6054
7208
7169
4080
3641
7521
9380
3327
2560
3012
1770
1295
8527
5205
8958
5056
2774
9875
6053
6198
4155
3916
6138
6448
2265
9489
3357
9664
4976
3263
1762
5097
4099
7778
9519
9482
8561
4325
8624
9090
8453
5627
3686
9689
5867
9904
6839
5917
2155
6409
5758
2756
1261
5564
8057
1795
6020
8620
181
8091
6300
145
1773
9381
6562
3816
8758
7764
1697
2440
263
5317
9018
3461
9370
4050
1167
8682
9560
4756
1294
5334
7975
4573
6446
3864
2971
5284
1913
2096
2971
6007
6671
3
8332
3639
8539
4494
2615
350
553
1980
485
1013
6006
2888
1766
9108
6579
8219
711
5372
5556
4706
2055
689
7652
3869
1374
7610
910
2767
7961
8505
5034
3146
6958
7306
7351
1350
7499
9182
2750
411
5380
710
9230
3046
8976
3717
8739
4107
2189
2949
9146
9878
208
4493
7523
9304
8197
4181
1069
5743
1454
8721
8332
6539
8520
8004
5073
4628
9133
8252
5694
5416
8873
9432
4512
4322
1659
9495
1850
8454
6918
698
5754
918
6617
9354
1138
9519
5979
8517
1183
5365
1167
8036
6947
5115
6
7570
8786
5006
376
9565
300
2786
550
1867
411
649
4060
8967
7082
2739
5145
6963
846
1654
3598
7749
649
7434
7117
4549
9830
3752
8455
9456
4789
8281
8438
8614
4464
5308
8419
2145
7608
9396
8283
4091
3988
3583
2792
1189
4543
106
8633
1371
6408
5244
9354
3752
7670
6126
1066
2608
820
7632
9335
8715
1892
5185
8593
2422
3037
3947
5694
2245
8329
6928
3702
1777
5933
5320
1945
1722
5339
7545
3113
7478
8363
5672
238
4704
7356
6267
6500
2484
3050
7444
5878
6454
656
1358
2990
7277
1236
2431
1655
5777
8300
3340
9954
406
2122
7060
710
5994
8672
7255
475
5822
6255
6256
3506
6360
3777
9444
9868
1270
8291
834
2504
3892
6918
5331
6314
8755
2420
3936
1591
1787
6130
6590
4508
6885
2375
6090
9484
3046
7597
6724
5133
9205
23
2548
7005
6981
7616
3685
4963
9040
7803
1116
964
6091
1212
8805
4066
8672
7324
4595
1016
8645
3849
4806
377
4148
4408
1147
8917
2294
2004
2128
4984
3220
6913
6149
7315
1336
5106
7734
97
911
2911
2351
5454
5228
5568
2235
4447
3119
6179
3550
7974
727
4470
2108
1828
2584
7136
8986
9619
283
3775
5662
6186
5412
2972
7840
2461
5806
1232
3535
2603
5626
2862
6025
4203
4664
71
7025
639
8504
8907
3673
2571
8079
2132
6426
484
2686
4267
7929
7437
9148
3877
2320
9473
6856
9097
8793
7555
8348
8330
5649
3226
4615
7347
1136
9696
1916
3974
3335
4524
7056
7380
8874
2570
2785
9082
5527
400
9403
7188
1343
404
5925
4788
9332
7941
1211
8908
7266
3934
80
4552
7247
8888
296
7828
1259
1310
2193
3091
2559
6807
7520
4642
3259
9115
1107
9702
7983
2563
3830
163
3945
5838
9782
3619
2574
9532
9965
9572
8891
9568
5799
3694
1352
2748
3593
3604
9641
3632
7351
2176
9326
5184
4330
764
3916
2410
5983
9512
5795
7534
3014
3614
3909
3950
2908
5647
9464
7297
3363
8516
8075
7799
1951
8382
8942
8610
4037
9862
9487
6002
7514
7557
7450
7930
5097
848
6741
4383
2885
544
3481
3620
1516
2101
7009
7650
9343
7357
4428
9490
3073
3959
8089
248
2340
1874
7200
173
2354
2961
532
3948
1398
5899
5725
964
2457
6829
1173
4488
1606
6127
5148
2460
5106
684
6727
2854
5227
7323
2812
812
3457
3003
6175
1632
7493
1858
1750
8426
972
5447
4875
1494
3827
9364
6064
7084
4732
7324
7324
7797
4032
6805
4910
9473
6685
7695
2657
5683
4488
1835
7789
8859
3964
7341
5201
5065
6989
2886
3584
5672
9620
5197
6157
4198
9278
2748
7304
825
8011
1499
1751
3225
5556
8399
8029
2924
2537
6992
4645
2701
6530
7121
2354
2159
3536
4212
4278
3545
6141
1783
4905
2754
6200
1082
3130
6016
5884
9665
4529
997
769
5148
8020
1775
1142
1121
1854
9587
1678
6262
4954
3850
9221
5143
1818
4946
5521
8563
3030
1164
9817
7584
8175
3862
1913
1271
3299
6513
6912
9558
230
5002
132
6141
8691
9888
9010
5075
8278
4366
2171
429
7698
4126
8972
3227
5994
6407
3843
6956
8686
4296
1710
3805
7723
5350
1396
9756
6641
5324
5088
1572
7079
9150
2641
7350
1488
4200
1299
9081
3246
5608
5510
1947
3012
2648
7165
4030
122
2470
9098
2551
6749
3610
54
1311
7750
1177
9393
3605
7562
9077
3246
6844
2942
8500
8150
3909
8611
4711
7780
7746
7201
3432
9233
9968
5026
212
2910
8713
1227
9327
4061
6804
2769
102
5801
7785
2114
6418
3991
9890
1059
8915
4586
9628
2729
3958
1
9131
24
7096
3867
1487
3232
4311
6284
6214
2175
5263
7480
2660
2456
1435
7651
7807
6443
4386
886
2710
3264
1312
5266
4916
257
4272
5730
3873
3
1811
3721
3640
5163
3637
4739
9665
3077
536
1602
628
8867
5432
9010
9307
4359
9689
6813
5385
1333
7019
9583
8481
6667
5249
1435
3062
1315
9218
1405
3354
5119
4507
7721
4357
172
9345
8185
8872
2184
1173
6096
6336
5206
288
976
2289
4058
5345
8647
5117
4416
5473
9648
8235
7298
5700
6163
2522
5768
5446
7383
3076
1120
3238
2577
4360
7040
845
3660
2954
3281
1933
557
8682
5535
6402
656
1668
7273
1336
2955
5719
6302
6805
4683
9037
6093
41
7678
8151
6118
5475
9012
9869
9782
6574
9741
5858
2806
408
2066
8092
4329
4539
8144
2778
4239
7781
4121
8969
4318
4229
3878
2907
4813
1571
133
1361
6011
5214
1281
3595
1078
3725
5316
3338
1276
6547
1530
8226
4143
7880
609
4711
3725
3370
4613
5780
6659
9674
5271
7056
4025
7123
5283
8531
7925
4706
7491
9692
2271
8823
4733
1898
8742
2669
8651
8072
8617
4079
4200
2515
5548
4871
7759
3483
2444
4609
947
6300
9850
1796
4283
189
6910
87
738
1481
7814
1956
2882
3321
2527
4983
9588
8752
7960
8916
9009
2273
526
3996
6184
8156
906
2335
8304
4780
7298
3889
4048
5026
3403
9639
6773
1297
3418
8026
9593
2115
4972
629
2169
9783
5461
4992
3819
8627
1418
328
3299
836
7150
6308
9297
403
4246
8827
346
5567
4845
6669
2773
838
2170
6450
447
693
8281
6735
615
9534
7398
7186
3452
5220
9597
4558
6839
7055
7157
7426
3800
2652
9609
6965
5789
7831
3443
2427
9793
481
7951
9696
3395
5436
8180
244
7533
3963
8713
8319
8122
4093
5890
2360
6320
9857
9528
4174
470
1627
4444
1891
189
9840
3879
1600
3021
3361
6979
373
2402
3614
3446
5001
2694
6408
3773
769
6686
3113
5693
9630
5553
7736
4160
5095
515
9365
7098
6692
3126
9857
2684
3508
5087
4718
5959
6150
9010
3397
7156
7787
3893
888
3253
522
2992
2219
8972
5075
6987
1036
4531
2611
9878
4033
5854
7962
8689
7348
4114
5683
1265
4284
4473
9407
5531
9168
7352
4257
386
6040
5330
4042
4190
7268
6227
1751
2279
5353
9654
3338
677
6823
7808
8286
5175
5578
4333
3514
6572
9017
8785
9425
8836
9967
2776
5064
8532
9244
988
4420
7959
947
8550
9874
5387
2074
663
1902
5607
5651
3734
8962
1221
5807
6812
9394
2554
7234
8458
263
2181
8302
4703
5051
4108
246
489
9507
1376
4518
1532
4510
3302
3678
2413
6359
5810
4917
5374
5661
4772
110
9947
7907
109
2745
7594
887
8675
6076
4837
5969
4094
335
8632
9978
3301
8842
6036
5717
9788
4113
5115
513
4257
6576
5261
3222
7980
8633
3266
9892
7720
9999
2763
960
4812
4648
5566
3378
2084
1463
7488
2873
4748
3677
9712
1890
1372
6497
2079
4522
1739
7459
4998
5795
1786
3900
5284
8948
3912
1335
2856
4946
8720
7350
4649
9296
1120
3868
8347
8471
7082
1229
6934
4815
9278
6827
9545
1958
6822
4302
7003
1224
1763
3777
6996
7216
358
1464
129
3746
9921
1878
1933
7911
6157
2738
9167
9973
2989
9752
6334
1322
3090
993
1272
1625
6783
7303
705
7893
9627
944
4032
3236
4044
7283
9930
7849
7103
3503
1019
5100
7599
6814
5640
9198
9195
6881
2478
4734
8422
7410
4723
490
6150
9908
4406
2382
58
3558
2429
2545
5211
235
1013
2135
6889
9717
4596
1040
9102
2293
3721
2266
3691
7074
8091
3007
8615
7152
8159
6811
5018
6995
7457
7196
964
662
3452
9749
1500
7369
9319
2874
4923
9191
1007
9971
4846
1836
4988
9538
9123
5896
6766
812
8221
7246
9980
3819
8561
1909
6059
1283
3861
8356
2274
6903
9566
2949
2979
8684
9202
9506
3143
1433
1456
83
3763
4142
4514
7160
7580
6566
4649
3283
7071
3055
812
1636
4164
3029
2629
5219
1263
779
1680
7978
2701
3282
4170
4822
7263
6269
937
4842
5617
7799
1985
2985
1621
4025
7294
7690
1577
9628
7063
2901
2065
3760
5609
1201
7224
9437
4083
3318
4801
2223
4401
1068
1020
791
2165
5476
6309
5916
8505
1589
4792
6106
5479
8353
6849
3127
3767
3831
8609
1658
4369
3932
7579
3319
7535
5432
5500
1585
286
4229
8090
3894
1060
5917
9960
9860
7685
2033
6642
8906
9682
2617
5746
669
3050
157
7564
8385
9891
8278
82
7193
9412
4495
66
8756
9246
6716
3047
2365
7430
3072
6749
6928
8085
4048
9442
2797
5651
7083
2164
6709
6504
3079
4889
3685
5158
8888
7149
3017
1820
6809
9322
3907
1312
2280
7340
639
1208
8977
1731
5179
1577
8982
3038
6599
7532
3810
8867
8579
1272
3651
4993
612
923
7766
4608
1786
8094
7843
6008
1911
8708
1611
3580
513
2214
2918
1059
1835
4276
2995
3194
1601
1454
8986
7132
4062
111
8254
1980
4243
7830
3345
4877
5976
7520
2054
1375
3404
692
9451
149
4866
9643
1070
7073
6300
8306
9868
381
810
3617
9444
9517
6364
3010
7241
3997
5610
3567
4612
679
3996
4141
8632
3496
1775
3102
8208
7279
810
8189
4470
1774
210
3760
2924
810
3998
2505
5122
8394
4011
645
2743
7737
3130
2097
8166
1948
4044
5014
5303
8749
1006
9452
8299
7552
159
8699
6052
4106
4219
645
2700
9121
671
4678
1520
4289
647
4511
9814
3042
1221
9839
527
5855
9202
4534
1153
4715
4784
653
3090
4440
6156
6254
3124
6079
5491
728
86
7444
8249
3239
6863
7623
1773
6649
9906
5434
5962
4880
1856
9950
2241
3414
9837
9083
4641
2224
1918
5441
3485
8450
2137
2124
2787
3120
2418
6277
7494
9985
2636
3954
610
8107
1891
7043
2619
7874
2181
6578
9197
318
5070
2213
2059
7024
4034
7851
8844
8612
5324
2302
703
2261
8806
145
5677
7914
4705
5153
4260
4806
421
7281
5545
5297
9552
7619
358
1590
536
6963
1582
6434
2370
7579
4926
4438
7262
5689
5047
5804
6634
7545
4987
1963
4790
2288
3378
8109
6627
2907
6813
8097
7307
8904
4413
5878
4754
2116
8015
1835
8937
1472
834
831
7043
5662
1305
1995
4410
8784
4158
9996
2259
6953
7559
9911
310
8823
5968
6898
1013
7001
3790
1318
1499
6191
7646
552
8954
4220
1311
7032
6067
732
1518
8564
951
7454
3867
3082
9244
2972
5940
321
3808
9484
699
8000
800
4302
4448
1545
212
8657
8443
1999
3262
8385
6101
6920
4150
1615
2997
7358
6161
2443
5554
8041
5867
6702
9113
4627
3380
1111
5986
21
9215
2287
774
522
538
1824
6888
8240
8805
5314
4190
2400
8351
8513
3383
1003
7664
4554
9166
2664
1012
3951
2667
8688
8474
3307
4160
2652
1200
9006
570
8938
8961
358
4769
1317
3308
7542
542
5133
3851
5301
4808
5779
9199
2943
9837
5743
2679
5974
2569
4863
4415
8980
4542
5454
9917
2954
8299
1539
5718
814
1439
2234
5690
6579
4087
196
5042
4153
2442
6773
7275
5332
113
1766
3345
8205
9299
4975
4795
9831
5398
5889
2233
1383
3873
2041
4267
1294
8691
1378
5059
7976
4614
118
7919
3771
1564
2254
4688
5334
8592
6166
2451
7591
5108
3225
7410
5658
5704
937
2343
3916
4040
3233
6956
9237
5183
358
4203
5314
3655
2354
9494
8490
2289
1593
1188
9079
8071
4595
207
2132
1355
201
3868
1107
7114
2283
4881
4558
748
7423
7893
666
850
172
9776
4438
5060
2222
6977
1383
3595
2071
1262
2388
6219
7424
7672
6169
2859
9558
2460
8073
2275
6245
8900
7832
8647
5018
7342
855
3333
707
9622
7811
6666
5350
5138
3896
8589
520
992
3472
6409
2700
8326
7162
372
311
7338
2332
9905
4313
3218
6756
7133
511
8496
5600
1257
1387
7790
9216
951
8194
2121
1351
4785
5190
8027
2528
2576
3162
6459
4194
148
9622
1735
8703
9780
1518
1140
3893
5781
2015
9261
9685
7393
6886
4989
6722
795
8803
1435
2226
592
2140
7548
4438
7812
4069
2210
2843
3208
8766
8941
1363
9221
466
2469
2059
8570
7337
8590
8728
5988
6403
5743
8551
5939
8966
2004
2833
7549
4348
9463
1997
3763
5820
4933
346
8423
6377
2906
8224
654
4815
423
5520
4991
5771
1504
2514
1080
8130
5875
4573
5736
8919
5597
5233
5406
2593
1872
9831
7000
8686
724
6847
7198
3631
2397
2780
5495
4316
624
5563
8544
7152
9227
3468
4098
5018
1774
353
9849
7083
6955
216
7943
1740
4778
7421
6678
383
9864
6453
7450
6783
9772
915
931
1947
6553
5068
3667
443
9471
3548
9676
3680
4320
3696
5288
9175
7714
9255
4337
8225
108
2403
303
1135
9351
3162
5390
2895
3126
3789
6531
4883
3348
5339
1362
7675
7790
1756
2313
8471
8078
3946
5434
5500
4763
3320
3903
3542
6137
7672
8334
3297
6304
8619
1526
5360
577
2517
7582
4958
346
1833
9257
5440
653
4867
1931
872
5822
1448
4894
8044
2905
881
782
768
9477
4617
5834
4202
2369
10
4027
6692
4710
505
3864
3005
9955
1313
3616
9946
6263
6096
463
5654
8324
3789
6402
1299
3947
7117
2138
6621
9145
7381
6410
5793
1229
2362
3899
2992
7125
1570
1560
4320
516
2350
1356
5304
8303
4673
8839
1064
2388
7629
8427
8902
5051
8375
2749
4287
607
8496
4311
1719
1373
1286
7306
4985
3167
2283
5276
4054
3504
9389
8585
8874
3611
9178
4258
8555
1190
649
2099
8639
2221
1093
542
4723
6871
6351
9419
9290
3529
3154
1735
4879
4483
7559
7148
7215
9429
4218
3146
6952
2795
999
8326
5316
2257
6370
1001
8036
2154
8157
2113
5083
201
920
8083
2160
5179
4728
1699
8830
7173
4410
97
4261
244
9428
5497
2774
7897
958
5542
8610
8581
4309
9703
7574
3434
1871
1927
750
3332
5774
5414
2284
8243
8025
4196
7532
1379
6273
6824
6367
9927
1387
3102
6510
1511
9756
1964
5761
3866
1993
6268
5456
4910
4973
9838
1170
7035
141
1719
5696
4318
7840
3018
1330
7254
7935
2818
9438
426
4314
6817
7062
1809
6028
9950
4815
1454
3064
3760
8172
552
9305
8981
2787
8311
1976
8022
995
6111
1448
9852
5363
7212
5607
4440
3322
654
6539
7220
571
2748
9338
7955
8737
5818
6508
3083
7722
3539
4308
2543
3296
1813
5238
587
4691
8332
517
7516
8693
3719
4271
1024
7392
2333
9619
2066
6189
2911
3743
1298
1077
6876
6920
6095
2068
4362
9578
4524
5010
6479
5974
5608
894
6201
2028
8092
5996
21
6611
3606
1172
7448
2182
5478
9304
942
6507
8898
987
7962
251
5806
4413
2051
3282
952
9539
6780
6967
1972
2491
6069
8958
9514
5486
7542
5460
9207
5117
5517
9508
9320
8762
3278
9230
3572
8309
1731
3730
9783
2215
6404
3086
2947
6509
1700
179
8772
3836
6140
6997
3833
5580
291
6842
1864
6544
3348
3224
5700
4000
3880
4951
8021
3277
5986
7837
3330
4530
5895
346
5078
4242
8056
7720
8490
4403
8769
3175
3428
6645
7954
2625
1816
7169
8140
827
8649
8497
8686
5457
53
5300
8851
3298
2875
8948
3034
3236
1243
1651
2406
9926
4846
3602
3531
2041
3209
3544
1141
6812
1528
6994
2543
4471
2425
8361
2032
7074
1561
276
6246
9663
9033
2576
1731
8281
7038
7204
5115
9793
5854
351
704
7100
6554
8679
8380
2826
820
9089
101
3860
6523
2100
4730
4893
4013
4217
6789
3060
1114
2965
5191
2728
2700
2169
6405
5977
1570
5515
6336
9473
1744
9254
2239
7356
8589
1817
6165
8768
7149
8799
9771
1956
5675
6320
2149
3782
908
8158
6862
2487
1189
7293
4283
2490
7596
8669
8957
8443
6682
2665
8403
5872
9583
3580
5360
1765
2216
7565
3499
9343
2747
8363
2427
4604
3102
9470
3760
6777
2112
9243
9629
7101
4078
4179
4327
2297
4756
5568
7506
4194
5971
9647
4959
7140
9823
7186
6775
7565
7244
6522
937
3255
8791
1247
1095
8428
9983
5345
7414
6849
4164
720
8194
6795
5151
5227
5571
9284
2689
9526
7991
1414
8731
657
6337
1041
2246
3674
8137
5120
3048
1331
7976
7851
5189
6789
7728
9749
2588
4296
634
1076
918
8917
8920
6590
8530
8343
3365
4484
9914
9434
7960
2920
8060
5046
4969
1234
5941
6882
6189
4022
5282
5239
3823
1099
8854
5347
3441
8855
55
1751
9690
9325
5253
8321
2915
2658
8016
3313
9536
5386
5003
6101
1360
241
5624
2828
7255
4595
6361
8239
2532
8717
3542
4190
2481
7984
9725
1534
7404
476
8162
6875
2408
6997
8808
1411
2167
9932
6735
5610
5339
4719
5214
5192
3574
4670
8902
81
7130
1285
2424
9768
5175
1823
389
3709
3780
6646
5547
1328
4526
7996
7725
6112
2272
402
1989
3783
8284
752
2876
2062
3744
3447
1416
8637
2378
828
5178
3657
8970
9181
4645
743
5424
5113
7996
6562
2139
1769
763
6245
3965
7848
2904
1769
9830
4223
7494
3109
9736
3240
9399
9050
7990
6966
9886
8541
1165
9316
9849
5806
7901
8865
6877
8986
1422
1142
1912
1025
676
2548
8351
8082
1896
2339
1142
4453
2744
6322
9713
614
2504
9298
207
1051
9670
3601
1101
3659
1243
3437
4893
8392
2948
7521
232
7989
2482
3131
1625
8198
1658
4058
3550
6538
9335
3354
7947
9925
8695
8697
152
7391
4798
254
3043
9817
648
4494
9519
9080
5867
9294
3458
4864
7812
9321
492
3838
3573
7124
8278
4083
700
4159
3517
102
4476
5825
1932
7656
9388
5881
9619
9826
598
1981
3765
4687
2912
1031
2852
8979
4608
1603
1766
120
7709
6347
2683
9218
3115
7357
651
7355
4245
2394
9124
2164
7376
1380
4455
9840
1813
1432
6787
962
9925
3170
5838
913
2003
2954
3483
7945
6490
7279
6092
5167
5490
6571
1543
8158
561
5732
4463
9208
9636
5022
2148
7809
3237
3335
1559
1320
7950
7796
9196
1847
858
422
204
2388
8396
9532
5583
6298
1197
6651
6843
6164
450
6891
2849
5178
3401
1379
1414
5496
541
8671
9773
6996
3309
3833
1963
4930
4710
1414
7475
4256
6695
5761
5770
7554
6074
7329
5340
1017
9425
3662
7181
4059
4739
690
5862
939
9788
7002
3646
964
2811
2744
234
2067
1856
9660
7474
4441
5028
1171
505
9503
7319
1959
8057
6172
7045
7322
6130
1134
5713
1253
3995
930
4101
1756
8491
8213
819
4195
514
5158
5104
4017
5494
4047
9968
4540
5892
7294
5970
8893
7494
7834
896
9340
6387
6972
5665
1021
4402
3662
5542
6977
2637
3100
7623
3199
9969
1086
7189
6477
2087
2146
9963
4042
9158
6739
8880
5427
3568
5424
4623
6872
5946
9351
6214
8960
884
6231
6158
6384
2091
1697
8250
1312
8952
1832
3999
8857
1307
3298
5769
9563
8854
7218
9601
6630
9681
8508
4516
5864
5605
7938
6228
2832
819
5924
789
6551
4546
2818
4213
7528
5445
711
5079
3519
4209
9181
906
8146
6279
924
6571
1764
1026
6776
6431
6287
6224
5741
3938
6801
5824
3059
880
9616
2610
9301
2843
8741
8339
799
2073
3113
8620
1290
5493
6450
6244
8505
5861
1793
784
6098
6654
2317
8881
3221
8578
7602
347
228
498
2879
5323
4485
1688
6789
6906
359
5170
6195
4505
3904
6767
5837
7662
9031
4833
272
2144
1494
8276
7897
7103
9345
7137
211
1113
3404
1199
8227
9146
8135
7144
4422
7914
8285
2830
8575
8047
8220
1087
4587
2669
8016
1788
9911
2114
8119
1477
717
5305
7771
175
7970
5277
9496
280
2090
6507
6434
4691
9712
1077
1021
746
8830
6154
9657
6491
5830
2511
3479
1962
9931
7787
330
5615
496
3329
7782
5867
7656
2253
8611
3877
6017
9031
1256
79
9530
4780
1332
1082
4595
7142
2692
681
478
7279
1130
9286
5393
1677
212
5846
7813
4085
5939
5021
925
638
1815
9018
3146
8363
5963
3778
9524
4618
4497
9106
4942
7440
5660
6907
3090
3639
3196
3708
9006
238
1458
3078
8356
5540
6545
5552
7053
7679
8448
3722
5122
9949
6924
2290
400
7019
7499
3546
9777
7001
9302
9585
1095
7252
3668
4107
3793
4641
9200
3867
5086
5156
3061
9369
3815
2290
4854
721
8257
8128
6043
448
3111
9027
1176
604
3947
1834
9274
1654
2615
5312
7170
1138
985
5872
8347
2029
1996
7833
5052
7796
2677
9579
3320
1910
5849
7936
1883
2731
2372
6772
4802
6699
9188
6276
7146
1867
4015
4022
4916
3968
5687
727
8155
1569
5386
5718
4840
8658
3555
833
3984
1880
9147
5801
1528
5162
3592
4662
3347
6523
2354
6888
7471
2007
2716
814
484
491
7949
478
3630
8775
9379
4069
3811
8967
3758
3036
1258
9269
5120
8580
5691
3015
1559
7056
5820
8481
3617
796
8928
7986
5741
6401
9462
8727
4677
201
2148
9017
2203
8941
4559
4429
8371
6036
3185
8800
8300
6548
106
6881
8333
9998
9485
4758
1160
5767
5683
34
4876
8326
9662
2689
5320
4507
3420
401
8456
6310
9969
764
9310
1813
1445
1090
607
9089
5461
7454
6262
1330
399
4866
8946
4060
6603
741
2673
8742
3352
6159
2124
2667
9351
4169
3021
8805
565
5143
9226
8296
1451
731
8609
2385
9940
3613
4084
9279
8812
971
4689
1503
6591
3179
3103
4640
9663
7589
3732
9151
6788
4102
8439
2209
9990
8068
428
4101
1887
6217
7490
6823
3430
3555
2989
8428
9027
5992
462
4550
8269
2585
3874
2700
3744
5792
5084
2439
8188
6244
3413
2334
5321
4594
3718
4380
1332
7016
3487
5173
2138
3907
2730
4811
3804
7596
7996
6154
2118
1688
7719
9841
8431
4777
6759
9109
6864
4849
6157
5033
1074
8464
8786
7982
372
2089
9990
9139
2418
1788
2586
7149
8704
7709
6453
7918
3514
9916
9857
6226
5926
6501
4126
1907
6875
8884
4267
4260
2752
4237
8703
7009
7108
3886
9203
9225
385
4692
2093
7955
5561
9536
4026
5730
4191
2700
4925
8847
7304
2919
391
5864
9139
6601
3203
5138
5519
7176
6348
3935
2659
6463
9082
2026
1414
1537
8121
3415
2539
1915
4519
8827
9982
6283
2930
5501
9400
393
4481
4808
329
7017
272
2105
997
3218
6888
9999
469
3706
5190
4854
6321
8757
5000
8929
6580
1090
9556
9539
8746
417
2210
3153
1328
7002
9184
4790
5595
2278
3867
1133
4720
1963
9755
6021
7463
8509
4707
7758
6465
9066
3957
2217
2565
4080
3474
4771
387
5256
2584
505
428
4477
2254
3267
7932
522
6566
5171
8297
752
1748
9298
6021
6892
6665
8845
2016
9652
8923
3661
1163
7699
9489
180
1937
1485
2315
2853
9867
9050
4157
4977
1226
1945
1252
1456
6754
2504
3004
7721
5767
5089
7270
1767
6903
2128
8288
5935
1166
2922
5458
1197
1660
971
6574
3786
5415
5225
9270
591
868
9269
594
2368
7288
7477
1065
2957
4521
1747
5452
5562
1363
7167
7307
3306
4161
2283
6771
5417
5510
2385
1242
5740
8558
5261
8510
7282
8648
1548
206
3578
1253
3190
7972
4649
2673
753
6303
1417
7836
6293
7229
2054
515
8653
4084
6127
4632
3347
5574
5406
6403
5906
2192
1186
1899
2199
3190
9312
3779
4911
3742
5180
2645
4714
9779
7760
50
6391
9645
4625
2224
8691
3300
1792
1633
2467
1364
5565
2459
4742
7506
897
1560
8914
8628
2354
8970
7825
5890
8203
5177
4094
1997
6893
5349
2178
7195
4823
4220
7508
7490
6988
7081
6610
9347
7154
1016
4239
9112
2390
7568
3325
6818
1066
7467
9931
3810
1991
6416
5379
190
3027
1663
1670
9223
2248
7002
2811
3847
6367
5183
492
4702
1809
8399
4831
5460
2941
531
5128
7063
2908
9921
3028
7529
470
9702
793
336
213
4101
9163
1555
5943
6564
918
6572
2715
7565
932
9932
3536
2795
5020
4259
8394
5393
6683
4579
5158
7512
2410
2819
989
4798
8998
5134
6767
2320
1454
9275
9734
5920
264
6015
7669
3161
2055
6593
3022
6291
9582
9623
1882
9670
3416
8380
133
5754
4125
3809
4952
4390
7483
1403
2745
6373
1848
1016
2085
5880
7738
3977
5986
4216
5701
9846
9320
1051
9063
486
5276
3909
670
9570
8563
4222
3419
8267
6173
3503
1511
6519
3356
6052
8586
8103
7921
9758
4238
647
3099
3607
8634
5765
3422
4625
2593
6417
3247
8865
550
2637
2208
9799
5340
1787
6845
984
8341
9746
5623
2755
1984
5439
8892
2725
4460
1806
3229
3606
8454
2335
9997
1251
7045
7985
5210
1063
8099
6857
2169
2311
1284
9175
612
6438
8381
1926
82
8996
210
1412
2382
2361
2187
7171
6500
3319
7364
1081
578
2468
8046
8716
9909
1002
9629
6630
7999
7695
220
4840
9731
4915
55
2431
3866
5805
447
9662
2341
4919
1513
7120
7142
8051
2358
719
8639
6817
1391
4904
4823
482
2958
9875
5256
810
2173
1072
4087
5761
1011
4065
6914
2358
230
2292
9669
2384
8218
6285
8281
7815
3590
7620
1983
6707
362
8735
3917
9369
6148
8202
9620
7257
2777
5211
9182
1801
3669
1072
8977
1
2965
7406
6356
9606
7567
1760
5766
2692
2559
738
1561
3019
468
240
1197
4670
4775
9483
9802
1606
2568
4496
3962
4836
9200
581
430
9508
9939
92
2247
4848
4292
9496
3592
2407
945
2994
6322
9290
8489
9806
3194
7297
8936
2001
196
856
1630
4615
1391
5164
7648
8358
409
2445
9571
187
5136
4484
2358
9765
809
3114
3580
2790
9522
6024
5732
4069
2059
6130
689
140
5503
1999
3304
8634
6504
5397
8747
7991
2889
9552
8897
910
7396
6655
9623
6737
885
6866
6103
5023
8183
6136
7566
7333
6314
5774
4665
3309
1439
7515
4036
6016
1003
4677
1680
3202
7124
5124
4948
1464
2986
4551
585
1968
1472
4234
1656
899
2500
3066
5426
2107
8679
9475
3739
5617
8249
3180
408
3995
1720
9571
1376
