8043
5951
874
8768
1307
9034
7747
1831
5959
1980
1431
4464
8579
9754
3938
4815
847
3593
1405
4115
4103
5896
7322
5030
8180
3442
158
2891
8279
8390
6774
7009
8770
7585
4803
2415
9238
739
9054
5031
105
149
8353
7728
3989
3465
4813
8837
3079
171
3914
9051
488
5657
209
9844
2640
7622
5291
570
888
880
9477
761
8250
9611
1847
3681
5566
7110
3924
5464
9550
1267
1661
1358
2351
1884
7137
5015
5044
9462
2938
8587
4716
8045
7838
8708
4697
1192
214
7954
8632
6820
163
7883
4509
8699
3974
9613
9414
208
4071
9066
9507
8487
4844
3179
6084
4067
2471
9171
4776
8970
7460
1876
9281
4721
1321
9594
2080
156
5717
7494
2223
2334
2079
3049
6880
7563
2706
8464
1141
4616
3867
210
8558
6226
6263
7779
3459
6804
8424
8346
7870
2501
1495
8381
3283
6431
8334
7792
6839
4158
4402
2576
4996
7307
7562
9959
710
6016
8255
3822
3786
8949
140
8194
2997
6150
3273
3827
9808
6123
6322
7713
7293
5445
8259
2650
2925
5757
9981
7680
6342
5520
6281
6090
1481
2946
2155
5154
3845
8226
6536
2157
8865
5443
7136
6067
6404
7179
4751
4771
9947
5113
7847
9967
3221
1822
7804
1119
2315
6059
5652
7203
3924
8789
2888
5886
7292
7772
8865
4695
6649
3707
8819
2886
4732
3849
8879
7052
7258
3348
505
9923
9411
5449
6586
1092
2697
796
5715
781
8057
6024
5378
489
2574
8341
9113
1895
1764
4725
3303
3395
9426
8044
6975
6657
9192
5712
8379
543
5802
6137
7460
8058
6973
5788
9181
6708
9991
8448
6538
9394
4493
9910
1484
8481
6363
2202
6517
6346
6600
585
100
3514
7205
2479
4203
7643
1490
3465
8103
4445
6705
2522
6987
3265
9301
754
3210
7444
854
3595
1395
4084
9814
1428
9410
3599
8794
3566
4562
5653
5624
5494
1689
1050
9772
1935
7504
6479
4706
4029
6408
6273
4515
4770
7367
9243
2012
6608
210
4660
7953
4942
897
4883
9783
1388
2011
1342
3955
7748
2388
8005
6998
8689
7242
3256
750
3454
7574
6722
7156
6850
4358
2936
342
5073
8819
4861
6691
6912
4295
8073
770
392
6812
1720
7448
5328
5834
1145
7376
7074
4852
8315
1511
9208
9079
1277
473
2315
2167
2702
1359
2918
6013
1430
5956
7751
5654
8588
7155
7595
9590
2223
4813
8675
9193
8630
2363
1516
608
4585
9310
2806
1169
7614
4506
3988
7664
1179
6659
5017
2441
9348
6529
3372
712
2313
6877
3318
4742
7668
6294
4438
3744
6431
8428
8593
8517
3807
4595
4697
5679
764
1960
3697
4330
6258
9099
1516
4389
7401
7381
9508
9849
8067
2329
2527
2198
2874
4546
8095
1460
7472
1194
6213
5120
7662
4390
3236
6095
2352
741
4995
3768
2096
3262
4117
2920
4853
8362
5743
3201
1469
5323
3933
4639
7459
3647
7689
5164
4847
3723
4595
3895
685
6260
5624
7228
5096
7748
4293
486
8737
3902
4774
2549
2382
2535
912
1230
2376
3663
4703
3851
2260
7946
1794
5017
7423
4302
3264
8248
3034
5581
365
6718
619
1650
4025
5671
3331
7815
7780
2932
138
9400
8931
5636
2432
6458
8095
3446
5808
3274
9534
9458
3037
3679
9997
7193
12
239
3421
2021
6496
1575
7015
8056
2764
2925
6919
1734
7001
8003
8717
6124
1214
9621
1216
1620
9751
201
8822
4375
3988
2523
532
5290
6572
8857
6485
4262
828
4047
2003
2414
4503
1889
5651
5542
455
8581
4627
7170
2213
3118
8793
2466
8611
2260
133
248
1242
4857
4253
6335
9531
6607
6769
8836
963
5348
9606
8842
6001
8230
533
5824
1555
7164
8565
8619
6519
8650
3033
6478
3980
8516
5
7
5087
8434
3017
4093
601
8259
1010
4675
8287
7175
4515
4329
1442
1209
2794
3645
9393
9880
5313
3704
3654
9113
6841
3908
2597
1399
6581
5737
1755
3973
9330
6090
1776
2728
8245
143
2612
244
7756
3498
1744
1593
7517
7871
7810
1877
2637
6266
8385
4847
822
3030
7026
3945
1696
9479
5559
9991
3550
3327
7720
4759
8252
5717
1064
471
9785
8633
2567
2179
2459
1749
1056
787
5540
3901
6489
3593
229
1943
4037
9540
1379
9469
2392
2456
794
5504
4573
9383
8881
1448
3951
1686
9228
3589
8344
3854
3596
9975
8891
6055
4119
5742
7201
5686
5109
5236
5177
6602
1982
6164
6897
7437
9540
5189
7492
9500
5846
3155
167
7827
1110
9264
8299
8049
748
5265
5059
8440
6196
7576
3026
5427
6784
9158
3434
7678
367
3012
1486
6530
2721
638
7568
7777
7834
6467
4834
4662
8872
9370
2927
6500
6636
7318
3910
2014
558
8109
3388
6508
4130
3615
2473
9965
2599
9308
8890
2093
4698
5425
260
4601
7268
2676
6428
9915
8401
9231
9036
7207
9630
9999
1148
6197
9557
9058
9000
5450
445
1951
4365
2040
6442
4588
9091
5194
7641
8678
677
3560
1948
9639
9623
2976
6222
6648
6060
14
9430
5480
5117
6360
7652
577
2615
1538
9687
2041
4485
6277
289
6680
4500
8198
4374
8948
9910
1938
1802
1816
4905
9892
3764
9748
3808
3728
9422
1998
5580
2663
9322
4522
9745
9707
3787
3425
719
2872
8392
8990
2752
3374
8169
8520
2866
151
9087
6810
9009
1678
8053
2878
8091
9739
8012
6646
8714
4358
6611
4361
7299
6268
7152
5281
2234
665
2778
9548
2880
4393
8906
8491
1224
2221
3090
1455
379
2697
9123
3920
5569
6877
3569
9915
3521
4193
9094
1342
8177
5456
5673
2940
7233
5223
4365
9493
6350
3453
5509
1641
2683
1946
9802
5338
3935
3227
4205
5543
6878
2860
8860
5081
4308
1786
8475
3060
973
6529
9520
1553
8901
7108
1641
3714
2378
4263
5917
6430
8754
1085
9875
970
3648
9198
2304
1839
487
4392
3961
5499
3238
329
7164
6247
7051
418
5382
2390
6134
1318
9600
6879
7259
8114
3710
8089
7634
179
1033
525
1159
5072
4658
6247
3365
9079
7670
7963
2544
3840
9781
3996
6998
4608
1178
3783
1474
3736
3881
389
9484
6076
2331
3424
6860
6780
4377
4498
9106
9070
8519
6357
8552
7815
1756
8453
7198
1181
9965
7587
8266
878
4658
2923
1833
6927
7579
3802
6739
7242
5635
7555
5772
7448
7721
6106
678
7529
7541
757
5096
9566
9766
7267
4146
1213
4201
133
4354
7388
7529
6023
4017
6565
9061
7221
4874
4992
8912
6787
5656
587
9458
4219
126
8586
8421
4303
487
343
725
4676
1700
7604
1087
4822
3822
673
396
7710
8576
5665
3046
4429
4211
7782
3480
8064
368
6556
5367
5942
559
2825
8802
7042
8420
6806
9453
5212
3841
1377
5774
4082
6082
6101
8935
1661
6907
6874
7883
9854
4996
478
1644
4975
6339
3215
2351
8451
1278
1427
2941
4616
4677
764
8787
9702
5823
6010
7641
2692
5426
8290
1384
2872
7959
1731
7814
9508
3807
6102
7205
125
6923
6760
1331
875
306
1592
3865
9859
1256
3994
5937
1941
528
9032
1694
6069
3680
3300
5768
2508
4330
5850
6836
6676
577
3308
5085
9578
6841
8280
7398
1934
5010
3417
348
4375
2555
2047
7083
5170
2783
3528
558
1509
3221
558
7374
3018
3300
5695
840
7530
6537
3615
8931
3005
843
7569
1901
9702
3568
2930
1022
7178
8680
4486
9294
9416
9874
8334
4094
4211
1022
8725
1355
275
4688
1659
6219
8832
7277
8298
528
4427
6579
4663
3189
4584
4571
3068
4304
8445
3511
8586
7725
8181
7271
3044
9362
411
3328
1769
2276
9616
4964
4630
1654
3043
7063
8919
4286
4615
3577
5523
6305
1429
8542
7552
1923
573
7142
2346
1863
8958
6658
5162
953
8695
3980
4268
3828
8892
4114
9431
4273
267
7027
6423
105
1299
8179
544
1465
593
2172
1310
5491
4894
6241
6251
2254
9428
8577
8263
4588
1897
9178
4517
3388
3022
4395
9039
7623
4815
9211
3681
1942
5987
9446
2596
2805
7265
2842
6297
6015
5668
1354
7721
8860
4372
8369
2566
372
5585
3208
1307
3
8373
5883
3316
4002
1133
1750
4285
3066
7996
228
4682
9549
4328
811
2528
8091
176
3631
4183
2244
1855
907
4431
6487
2845
4769
8147
2373
4874
2944
9133
4357
7951
864
1426
8510
9112
5316
9703
8149
1632
2481
3085
558
5718
3399
3752
6348
4011
3372
9472
6716
8802
4613
4493
3077
4099
2958
1977
8076
6306
1625
4651
195
3658
4877
3528
9524
8382
1856
6554
2884
3588
2030
4788
7258
4607
2576
4709
472
1347
1477
6744
228
1307
9493
5632
1783
224
404
3427
9751
1674
7635
6847
7204
7997
2551
6477
9745
3178
2916
780
2276
9415
7793
917
6448
6325
3829
5790
4969
7852
8359
8072
2456
8899
9238
5285
1101
8925
4619
4876
2341
3696
8646
5745
758
1383
8904
4448
9284
9139
395
394
9926
245
6714
2445
2235
4439
6860
9366
1559
3410
2902
7765
8671
3215
3358
3614
6135
1166
6386
118
5403
2483
161
9409
4530
4685
4158
2278
2348
7851
3223
9302
3800
4384
387
6262
8771
2773
6478
8910
1760
4909
6882
1062
3897
9591
7323
9287
7371
9665
6375
6062
1539
6890
3770
8413
210
176
3348
4724
2375
8725
9049
7469
7524
7271
2875
757
4282
9970
2738
4530
7317
4891
2417
9706
9337
5994
8254
4395
89
8269
5305
7260
6328
1315
1287
6205
6547
9904
2040
7322
1252
6330
4270
7788
5554
2887
5824
1219
3219
866
495
2286
2849
1475
1126
6117
4217
5475
6614
2491
1728
8459
7664
387
5137
1453
5495
9642
8723
8344
7271
8358
8668
4982
7611
1999
9224
2636
9920
409
1242
512
1067
3929
9484
2583
7357
1372
7138
6327
2605
1640
1536
9827
7747
212
8106
9681
691
6408
909
3894
2977
2877
7237
7315
4944
5645
9348
3654
4055
8897
8644
5619
9497
4460
5539
842
9881
8543
8152
3938
1913
1345
9617
7623
5471
3059
4618
6224
8328
8031
1317
5588
3264
5712
1344
6653
2599
8948
7720
3051
3536
4966
5048
3292
8769
4779
93
7940
3221
7756
4550
93
5606
7455
9489
6451
3081
4181
9549
4863
8726
2063
5146
7526
3519
9980
7577
2297
7487
7617
380
1149
1776
3513
6288
1353
7718
8208
4813
6476
8040
6977
6779
8109
2650
84
2503
5218
7759
1994
79
4065
8715
6981
3383
1787
5661
988
4431
9501
9635
8958
5666
6967
9961
8813
4692
3970
4309
2812
5817
6395
8128
8691
7574
4405
6059
5321
3801
5318
3444
623
57
954
9045
978
3624
1121
5844
3493
3802
1043
7429
479
7539
1241
4831
4272
5028
1683
8757
4130
6038
2273
1552
5559
2005
2909
5920
8271
2252
3202
3843
1338
5120
2877
1281
6277
1405
6297
104
1883
5898
3087
2941
676
6137
7043
86
1843
9646
8161
2705
3766
5800
4331
8404
6995
8470
9472
8729
6571
5377
2875
3692
4760
7912
5968
4465
7211
535
9386
9957
1178
9324
181
4383
215
9711
2596
3711
9368
3477
4535
7941
7481
2133
8292
1776
5978
2920
4060
6292
3824
251
7410
5042
7987
2305
1195
863
2821
4364
5687
1153
3506
3706
631
1006
2580
9974
1534
5764
5574
6293
6961
7412
4439
7477
3715
3874
3336
7156
1840
8676
2039
1274
1552
6404
9319
3091
9457
6100
4217
4328
1359
4702
2653
1902
2991
6294
165
4447
8452
8847
2466
4574
9462
133
4772
2078
7520
8590
6788
2359
1351
4916
8733
4742
5001
9676
9914
9237
936
4730
4042
8436
3133
6286
5379
4732
7548
3457
5077
3064
2964
9902
2618
963
448
6958
874
3469
1320
2955
9054
3533
1745
9164
4692
4034
4097
2122
3548
4550
4472
5796
6246
9461
8770
7055
4192
7417
216
5223
4375
8371
9858
7285
4979
8402
7009
8783
5497
1356
6617
1473
2433
196
5289
1230
2900
2177
6598
8364
3202
281
5144
6114
960
4001
5084
7569
5333
1255
4066
9472
2271
8105
4959
9347
6700
9427
2339
616
9991
3742
59
1287
617
6974
2913
2283
9636
4664
8041
8431
8729
1953
7906
332
5533
4685
5387
3474
1396
5828
2908
7501
9092
5593
7707
2896
4841
428
9399
7372
4306
8840
8361
7116
8542
4068
3157
3387
6768
754
1894
5636
9220
8335
4189
8376
9318
9502
1037
26
8869
1451
5872
5454
1384
1785
5113
8471
8032
9628
1417
9363
177
2180
979
240
9901
2593
2476
2398
8392
8928
8315
4110
4305
2503
602
4988
2648
3337
835
4355
1129
6749
8039
5955
6058
7280
2781
7586
9836
6315
3190
2074
9521
348
7205
6082
4331
2334
7022
5330
7889
5715
2465
1890
5785
8986
8776
2121
3454
4334
8250
7552
3202
9689
2888
1354
3707
3710
5900
4822
2843
6259
9439
9756
548
3678
3349
8314
7547
8524
1057
4412
6494
5397
7698
2023
2378
1504
3107
4986
2514
2039
1335
5270
4512
3625
3537
3686
5618
208
3327
9494
8906
5883
9328
6597
7714
3570
6396
8550
8477
8984
4955
9537
6021
790
397
7134
4873
8500
5670
6452
1771
7842
4816
2285
2054
6088
7484
7971
6744
7149
2608
2612
1810
6195
5190
4166
680
1682
1380
1067
7721
1668
7140
9944
1830
1716
7129
9205
6468
8869
1446
6247
3910
3175
1205
9138
8023
4506
8693
87
1256
7055
4487
1083
5724
8382
3652
5380
3626
1776
561
3902
4559
5850
4478
7006
473
1645
6239
4889
4981
6308
1580
2623
4220
1615
2176
1937
7877
8650
4480
5800
2628
2693
6907
5954
4896
1010
8476
8431
5668
7539
5348
477
1453
9132
4942
9547
3304
2815
627
1231
7445
5103
2574
3216
7568
1466
3471
3333
7303
1619
8024
975
2702
2561
2200
9128
3193
1242
6449
6260
5537
5733
8602
8772
2626
1969
4046
6020
7797
3937
6729
6931
6054
7230
3817
6363
6652
7019
1812
4458
2800
2930
1986
8894
6189
5539
354
9632
555
8340
2363
2809
7361
3903
6928
4130
4059
1752
96
5541
406
8456
1706
4356
2814
6717
263
1498
5715
5045
2939
2592
7451
1955
2760
8775
5939
1500
4072
632
8118
6372
1254
8948
8751
2650
1776
2748
2637
5497
2592
3147
6719
4961
1603
7836
4978
8461
5408
5484
2399
8416
8746
1256
5566
112
4561
4863
139
9302
2542
5981
7285
5069
722
7415
7357
3536
3179
191
5942
1096
191
6510
6645
3289
9737
114
5849
2816
6865
872
4323
3990
4436
7048
7810
6502
6646
8604
382
8203
1943
3769
7921
5441
7673
8867
1405
5675
8644
3173
7586
5525
5865
7081
4881
3423
2959
4085
8750
4696
1195
3608
6307
5954
713
1137
3598
4314
7092
1597
9927
8981
7462
1082
2867
1271
4991
5379
7825
9186
8757
4981
9491
1805
8635
9665
6968
4568
2655
6476
695
7205
1214
8931
4939
3394
9897
8841
5226
1188
600
9817
5432
4340
9840
275
3132
2555
3694
7551
7925
3114
4574
2956
4732
9566
8441
7917
9403
1147
3629
8914
4800
7413
3394
4408
3483
3295
3815
4660
6744
8250
9225
9919
525
8656
3516
4539
4969
627
4373
5673
8655
3081
4553
6413
6073
8591
3742
259
7483
1454
1766
9840
7695
9649
4604
7464
1930
5314
4147
4557
8372
5364
5879
8188
2270
9055
3716
4511
7141
4645
8918
4800
8858
186
1966
7074
9410
1967
7999
9174
8874
8918
6994
4774
8533
9414
755
9690
1825
8919
4555
2442
3700
8987
3497
5277
992
4081
6680
6004
3283
6093
2542
4859
253
7884
8134
9853
6806
689
2389
8159
5594
9605
6777
7485
3653
810
6615
6232
2648
1411
1278
8228
8991
7457
8301
5139
6912
8633
2083
2706
3980
6990
9766
4836
408
4028
4443
988
3915
2370
4796
582
4622
2978
2584
389
9137
9980
4330
8726
9132
7235
38
7570
9600
8374
5458
7482
5788
8520
2831
939
3254
1515
5862
6894
6812
7456
179
5764
2235
3854
2447
9758
1064
6315
5627
9570
8025
9170
3482
9786
4730
2112
9311
974
6178
8636
9569
2777
6769
8029
7650
9662
8339
5227
6480
7434
2817
1120
9626
7948
6914
2896
8481
8190
5928
1731
7662
3188
4430
6757
3123
5122
4463
6385
1414
4603
7885
8264
4977
7865
1707
2548
1371
9055
9698
3283
5330
6642
77
4833
9751
6472
3664
5532
5036
509
76
8365
7618
7836
6937
1777
776
2634
4911
4386
2402
4936
6919
2962
2083
7281
3292
6117
8108
5164
1597
5751
2879
7025
3535
511
4832
365
7067
3434
5206
134
447
3039
6781
8438
6575
677
9732
1753
2609
1033
6650
5416
3263
4649
4332
2638
434
9544
5218
78
764
9053
2160
1809
8489
1544
5761
2448
9393
7779
8355
487
9229
4314
3918
6907
9348
6183
7099
6310
8546
332
851
9614
4579
5778
8641
1618
2236
6861
194
3049
6493
6578
9279
264
7522
8034
4113
2690
7054
8786
2787
8795
8927
1700
820
3344
1934
6575
3097
6649
2886
1227
1458
1165
4488
8961
4885
2240
7811
2771
5782
104
8807
9632
5396
2830
156
6535
730
7384
607
2257
500
1959
6573
5231
3054
3471
6575
7629
6045
1439
1508
9436
7049
7005
3796
3126
9219
2972
1953
4398
9810
2615
8877
8610
2070
5595
7318
8397
6480
2969
7086
1106
7933
675
2430
2300
1265
7797
6312
6733
8386
9601
8358
5479
8681
4495
2327
5398
85
9921
5233
5013
3922
2685
121
8171
7005
1213
2947
6550
4696
7039
1111
4012
5305
7946
1972
1881
7561
6885
6417
4146
2208
4893
8406
2796
8339
6383
4987
1648
9260
1740
2763
1671
7482
2233
6249
2417
9576
1788
3925
7675
2243
3482
3930
4032
2361
9345
8594
8663
8660
2833
7713
7936
6417
9461
9167
6068
2700
788
29
154
8338
2829
3551
6623
6549
2752
6813
1097
6026
8577
5704
2386
6551
2208
9064
8258
5248
4643
5973
8421
9464
8698
8803
9109
8967
3851
2799
3901
7555
6842
8352
3344
8978
167
6240
1052
625
3435
3116
8179
7538
4355
1572
6311
7418
6810
2142
5665
6587
8486
5338
3758
5896
4799
844
8512
7266
1738
2843
63
9081
3204
4721
7064
9492
4646
3418
2414
8459
6081
4849
5611
9267
2749
7237
6638
4830
1614
8226
435
6370
4159
5202
3412
5201
6118
6329
6091
7361
7608
5047
7929
3090
7523
4774
8388
7623
5978
3325
4836
6787
6142
3445
105
5609
1379
2541
9226
3020
3315
6083
5803
2789
2891
8667
4326
414
8456
595
7850
5585
392
1487
253
4901
3642
6235
192
748
3146
7988
3674
7579
6095
4802
8174
1248
2766
1422
2909
1914
6507
2748
1566
5237
781
9876
3120
5058
9918
6528
6067
5534
4805
5136
1493
8942
3441
8974
9443
5365
2038
1173
9760
817
1859
4404
7634
6692
6888
7391
5339
9731
668
9066
1567
6652
1869
691
8525
4236
9159
630
6701
3037
1612
9295
9216
7005
2087
9730
6832
795
1265
200
9696
6813
4412
4902
4440
3027
9436
1519
7640
6039
1855
5412
4171
3981
4153
3549
3205
6086
4120
5463
3580
2446
5144
8190
8677
2185
3873
8468
5465
3441
6047
144
1043
6861
4309
1767
3604
4477
1861
3369
9504
9428
2568
7643
4574
5447
7169
1169
1369
6121
1924
6713
5507
7905
9
5765
7355
7360
6399
8928
8644
5478
5750
5346
9811
1716
4404
791
2383
1067
6359
1962
6392
8466
5389
3212
3538
1655
1799
5637
6612
9549
9867
5160
9566
4250
3530
163
970
6798
6132
8340
1523
39
4544
2043
7541
5941
5276
9543
8310
2616
9808
9885
8684
6330
6280
7218
248
9250
9563
8830
5065
604
1729
9255
9269
1745
856
2482
7617
3485
2128
8589
7577
9507
2376
1288
1190
6913
6028
6950
3563
2886
8759
7893
5643
1625
9691
5814
4896
162
7318
3071
8621
4874
5166
531
254
476
7920
5694
3604
629
3957
7719
204
7042
3621
7403
8920
3911
6004
3518
5108
7343
5943
4773
1753
3257
9243
3836
6595
4360
9769
2700
8333
3939
8914
7149
5162
4862
406
1923
4443
3850
1366
9428
1832
1879
492
45
6989
8503
9696
1142
4139
9030
8846
6083
7117
9463
8843
1647
7533
7782
8643
4674
1907
4832
5308
1891
3281
942
2586
5578
8044
4060
3569
4231
342
2291
6249
4142
2680
414
868
4531
5439
6920
8116
7765
9332
9137
1303
7368
1297
2384
8448
6606
9688
5571
6277
5454
8667
3624
6351
3543
2901
7464
8323
5968
5990
7586
7656
1516
8906
4005
890
8415
9709
1811
8947
5448
3347
5331
7691
2953
6822
3104
4088
191
4450
2244
9405
1465
4578
7936
4890
3201
137
4047
7624
6890
4696
7161
9066
256
3104
8896
3775
1235
6608
7127
324
6907
5682
7671
1403
8058
4632
8490
5968
4908
4079
1058
1943
8165
9864
6034
4021
2474
4288
3978
8540
4033
2471
7199
4559
4281
7193
9670
3867
9272
863
3341
586
5441
4560
4440
6891
8603
6277
4710
8461
752
8416
3833
5458
3925
6501
2526
888
5025
4482
5736
3394
1314
9864
1490
502
910
7606
6677
9159
4077
5208
3647
9867
4616
8696
3061
7147
2566
4904
1942
8083
8472
1433
1786
9856
2378
621
2795
1679
5762
9175
2983
8518
6449
856
3611
6278
6355
7603
5660
3992
9731
1640
9142
473
1771
6566
1734
5627
4568
9557
1636
7354
5652
2504
5619
9482
1655
5294
8718
6450
9842
7840
9893
412
8524
9859
5178
178
6298
9288
9089
9772
9563
4793
6446
8692
225
5461
9021
2100
6486
5143
3035
3360
4371
5669
2424
3879
2343
2984
5842
4707
4870
69
9875
7962
1034
1051
7392
5675
153
4148
5883
1135
2932
9470
9838
8684
4883
510
8803
1153
1700
1777
9727
2788
1940
4847
4015
7133
4356
411
6911
7161
6186
716
3235
7209
5792
6425
2020
2430
7321
596
7452
9194
2666
891
6383
3212
9083
4352
5927
118
4741
9594
235
6249
307
3573
95
3074
8184
3511
2566
3062
3403
2310
131
2898
3471
2635
2527
1778
2556
966
589
4735
4799
7205
6103
9511
6285
762
4842
9405
3569
9554
4751
974
5289
9362
8067
999
6113
9860
8641
3563
8631
752
8016
8816
2598
5090
494
7810
9911
2196
8193
8738
5269
6302
2163
2574
4388
5973
6729
8755
5804
5067
6729
6426
7918
3676
4034
3898
4019
9505
1312
7457
2810
4794
8466
2834
3140
9358
6451
2638
2197
3958
2618
7083
7408
9456
4329
9693
2381
1199
8063
3761
2287
5438
2404
748
832
6852
2338
8671
4204
3475
6915
5970
3908
9594
7552
8803
5204
1966
5089
9730
2083
7880
7758
7127
5808
2033
6912
3788
939
7272
7192
7082
8929
9851
3631
4826
3805
2037
1382
7550
7436
6260
7463
999
9482
558
6077
8603
2550
7
8687
487
7749
535
7682
6534
836
3907
2117
8283
4139
3060
6603
8300
7280
9236
4310
2037
1685
7423
2119
1355
1061
2265
8337
4274
9576
2329
2055
6131
5547
3170
8166
322
6918
4846
1505
614
2398
3373
6650
1435
7663
6170
7091
4622
7073
9801
2691
7482
9223
1869
35
1328
3920
1954
8239
5683
2970
1088
3776
9668
7652
9057
6819
5210
2380
6854
671
6905
7673
4555
5069
5266
6939
9847
2186
4872
1405
7521
1176
6240
3149
6411
6312
6214
8586
5552
5002
3646
636
2630
5755
6582
7459
2404
5109
6329
6205
3129
2212
3014
8370
5775
9656
4472
6079
6541
1466
3109
2594
2499
5772
8706
146
6871
1204
6273
9323
9080
6892
4400
4980
3992
6553
1739
6711
8034
7750
455
8213
6542
9977
401
115
5871
9472
313
9468
4295
5761
4643
4784
8433
2729
241
6474
4757
8712
5045
5545
7076
5214
5156
6584
5501
2015
2752
4615
8781
5121
4758
1557
2798
6755
4467
559
7671
4421
3850
1256
9028
7899
7386
2790
3477
9333
3772
9770
7611
7208
172
1100
6938
1589
4594
789
5488
5245
7040
7922
6912
3142
3270
9068
1725
3588
7052
2931
1139
6284
9965
2345
5550
5794
8485
4284
6251
5255
5892
9891
7683
2542
8321
9619
3496
7508
3749
8247
3547
6493
7308
2145
7947
545
584
8252
8635
9781
5404
7862
6441
5342
412
319
1016
9783
5845
1131
8968
3420
9341
416
302
5977
1928
7952
7448
7605
8554
6422
3542
5992
8503
3979
9864
2027
1094
2557
8143
5276
6078
7057
7826
4222
8163
9897
1968
6374
9275
872
2898
3217
6910
4948
2978
4383
3248
5132
5867
813
1077
2518
5091
8754
8094
6830
7157
5183
1984
8180
3928
8011
7532
2113
6049
8923
581
318
1097
6903
4216
3350
6536
8820
1619
1178
4122
2503
340
9724
517
4628
5715
9574
4661
2336
9735
5499
1163
3978
4163
1609
4192
2233
5732
5384
3010
2799
2815
3821
5232
9627
7888
8778
751
3079
1383
5948
6836
1381
8983
8175
4911
8226
67
2062
6003
5139
3960
9532
598
7829
4828
7276
9594
4204
6851
2656
3453
4302
8694
6351
7714
8816
3609
8280
5636
2864
2480
623
3882
159
5984
5007
642
6030
1634
9863
9046
6866
7724
4136
8251
6539
8124
4197
45
1271
5028
1446
9047
9034
7701
7592
9125
9625
9990
7110
5798
7114
5257
6362
1718
3972
9691
2364
6497
3224
9075
374
7953
7669
9633
8811
8265
5184
5303
7810
9797
8456
8360
1824
2385
827
1847
6085
2812
3454
4515
2373
5420
1413
365
4473
1557
8601
6175
1066
3479
4252
9108
6473
7162
7881
8813
3423
1310
546
6387
4612
8206
3826
348
7238
8145
7167
717
3777
7933
1998
1214
7126
5233
5443
2094
6459
6281
4007
9269
1361
4955
6868
7141
2823
1573
4195
5706
3456
2410
6836
689
6798
8660
7125
3295
9472
9331
747
7208
1454
3397
1110
4819
6627
7059
4460
1664
4460
7649
1451
3144
1583
7268
2775
7136
1343
3420
9080
6094
2581
6679
9523
4003
3270
5124
8813
8401
7547
30
6166
9415
710
3973
8914
8767
5643
796
1780
6714
7417
1766
8049
8110
9304
9051
7362
7498
3224
5214
3183
5446
8637
5116
764
5772
3594
5798
9656
6358
1252
1767
2577
6149
8618
7489
8581
4006
3975
1436
9930
5159
3234
2771
8037
6038
5730
2590
3696
8225
4196
8923
4283
8000
7840
9220
5011
8119
9814
3147
658
2192
343
8916
7527
4382
324
494
1436
4505
6627
6947
6269
5164
8975
8110
8550
3515
6676
5880
7010
4316
7444
1997
8709
953
6008
9137
4929
7042
3154
7884
8465
3975
251
8393
1111
6715
5983
3213
1097
4464
8269
1240
6695
6392
8830
7222
8184
3559
8026
4899
1247
7105
2096
7388
7920
5940
5940
7675
4860
4476
7332
5889
2563
1545
5754
2706
8685
8098
5828
2212
7994
5227
4734
2486
5027
3152
265
3204
5804
7883
1206
452
6424
8285
5404
1133
6331
5405
2661
1480
3928
6092
3341
2365
1515
702
3729
52
4697
5597
1698
2956
9278
3856
2371
6647
5229
3324
9953
4363
4618
5121
628
1025
3138
4610
376
2997
8828
1539
6342
6058
9376
9903
1697
4887
7721
2606
5477
2690
1471
7792
3882
1741
5623
8893
4857
5778
4737
9539
4764
1575
5363
9567
7143
8420
4957
899
8914
795
2925
2051
6664
2983
5642
6325
1202
1287
4930
6784
8247
6101
2011
5404
8241
1623
38
5757
8559
7820
4807
6257
4017
1082
7664
1685
9413
8388
5250
5088
4241
1410
780
7547
9266
2284
7352
3530
8432
5142
4622
5741
2315
4762
6130
1710
7255
4711
6710
9271
15
6625
5071
3145
2483
4559
281
4989
9100
6392
6340
2830
3627
9855
1966
5821
2443
2990
5520
1033
30
5291
4077
1896
1726
607
6722
7230
5849
1561
1514
9365
467
3143
9223
2381
2591
5501
278
1176
4577
8492
3215
1097
544
3189
5712
6932
6533
1964
6732
1249
9170
4609
7285
721
5729
6948
623
6834
2177
9807
7403
4861
9417
8780
4442
1347
3269
8155
9261
6544
1148
2722
746
2858
113
3550
3009
7320
6015
9780
4035
319
9263
4514
5757
755
5633
924
9159
5749
6710
521
861
429
6621
4808
9183
6676
6832
9344
606
3320
6492
6474
1966
1018
1509
1875
9308
9922
9671
5859
2738
1950
9973
2467
158
9134
5811
5113
3153
4679
9675
1504
8153
8595
7553
3607
3288
2137
9580
5670
4091
732
7578
3435
278
7063
5510
7398
1120
2971
3163
2395
5463
6988
6432
598
4495
4293
1217
9635
1169
7675
800
1004
8409
5689
8433
3486
5182
1695
4981
5957
8243
9506
6597
8804
2973
1988
1
1247
3858
9614
143
761
8242
7558
8739
853
6679
4444
4344
1263
7385
9931
5437
50
4121
8912
8741
4642
5304
4480
7952
5416
8179
4067
7200
2057
9717
9798
8695
4931
2571
8930
1778
5608
5415
5607
2792
9081
2762
7519
4832
9715
6239
8336
7263
6607
2063
9658
6975
7107
6814
6981
8443
3436
1731
2947
845
173
7890
3930
6646
7639
1358
1257
5394
9035
1379
3167
5857
4469
8039
8
6360
6218
8864
1386
8867
2786
9046
7435
3952
5283
3048
3698
7637
3144
1238
1379
4115
4469
1086
4200
7407
142
9420
1985
916
9578
6234
5107
8012
9890
4147
3904
663
6589
1548
3685
1630
4089
4357
9476
7485
988
4558
7449
8169
955
8390
4573
4352
3582
3938
9373
2754
5409
5181
3271
999
2047
2452
6203
268
7321
5236
7195
7862
2334
2016
1548
7599
2916
1850
220
7615
1293
2135
583
1883
604
6966
6592
2311
4125
4307
4630
1300
1599
6282
8199
3830
6276
9697
7807
6852
4197
3829
4592
8678
7718
2202
556
223
8974
9466
6376
23
7425
5623
2838
5055
6916
6314
8948
5210
3588
3204
2964
8792
9401
2881
8631
2569
2722
8071
1032
789
3498
9917
1081
5259
1173
2493
8231
2131
2868
1064
7319
804
1365
5852
1534
4237
3112
8219
2005
4324
4913
4186
1833
4602
2717
5109
9134
5170
7979
4764
4690
7390
1188
2142
273
6407
5092
5448
8770
9061
3781
1287
5343
8215
7258
3978
635
5870
4104
4610
8371
6549
1136
1636
5632
7333
2482
3143
7641
5578
6207
1420
1498
7900
835
9919
3460
2852
1211
9256
9202
6641
9969
2274
2885
3886
9524
8382
1015
1131
3812
1531
9220
8685
4808
3687
6570
5116
9257
3092
5885
5998
6140
352
7255
6759
2795
6967
533
7201
3384
772
1902
3822
9584
2280
3014
3311
4774
3248
5312
311
2318
8658
436
8057
7984
3440
682
5322
8083
1277
6324
8294
1983
7049
9957
5374
1848
7251
3277
1460
3723
2007
3919
3585
1617
5781
9998
5593
7256
2614
4419
1399
8342
1815
3226
6603
1215
6842
8223
5080
7898
695
1762
1330
3315
4735
8650
7896
909
5448
9736
6694
6
4063
4488
8227
7077
7802
7138
570
866
1013
1901
5371
2751
3549
2201
798
9871
9598
724
4723
1059
525
2790
9538
3603
2079
3681
2636
8062
5278
42
6456
5663
3348
3856
1313
1330
826
8488
4494
2421
7365
2130
8265
6889
7003
455
4289
7878
6260
6881
4476
4679
8401
1057
8850
9892
2866
1153
2769
9496
6561
7534
2012
9989
5415
2943
3356
5489
9911
3625
7949
7567
3916
55
1371
39
830
1871
9822
7508
407
2640
6491
8909
5554
3736
7096
6218
1588
8601
6086
7258
7822
2368
8079
6725
1494
3827
9626
8764
7833
8671
9086
8908
6
3162
5503
8149
8889
2954
7318
9455
9843
9342
4478
1780
3754
3858
2649
3585
6308
7706
3280
5652
2526
8459
5515
4284
8689
881
8625
7109
8305
5375
8486
6325
29
8670
4738
5517
6352
8804
781
3221
1404
8233
7656
7914
1618
2312
8064
3760
9990
9225
7205
6299
6581
1233
9306
2487
8697
5686
4592
5073
6324
4877
5344
6225
8469
9394
7612
6119
2454
6159
506
3060
7250
7452
2166
7724
171
9169
2422
9260
3477
6730
4826
6610
9746
8933
1997
9213
7077
8651
8812
561
5796
1916
9000
2169
1710
4526
7204
6303
4034
2233
7641
3527
4964
1073
6915
8455
6415
7633
2285
1835
7368
3287
6236
4066
1859
8196
1918
2001
8971
6984
9231
6610
6061
7616
3934
7200
1043
2803
8731
3246
5188
3915
671
3428
5870
5916
6846
1840
8144
9128
3130
195
5694
3941
526
8781
1875
7604
9965
8703
3555
2877
1910
1380
9101
9662
7746
2841
8196
8524
5298
8209
5917
1644
590
9448
1003
5989
1266
5279
5133
9986
8323
4068
6768
9469
6564
4016
1428
3410
8943
8032
2483
217
6893
6001
9187
1666
5435
7916
217
2917
7703
8524
1444
7727
1539
4673
8719
4702
4048
2354
6117
447
7686
8481
2416
2182
3296
413
8168
1780
4004
1919
1884
2646
8401
9972
9424
6648
5562
5836
4744
8615
3297
3433
5602
7596
5467
3161
7151
364
7693
6579
9093
4759
1128
850
2276
9757
7935
4340
311
1174
8208
693
193
4400
2296
1623
2032
2682
9344
3938
4051
5801
8782
370
7242
1426
4553
7277
5951
9506
3137
6427
8590
7831
5235
6822
1511
9125
7230
4266
571
868
2247
4810
4804
4450
4504
9738
5381
1547
4340
3863
6027
1778
423
4927
7873
1736
2198
9087
7394
3535
3050
4083
4204
2217
782
4948
6805
3150
1971
5177
1268
6337
1755
3538
6257
2717
1417
7617
903
9767
1545
7174
5094
4636
9796
7307
4896
7464
5870
995
2209
5646
9411
1169
934
5618
2498
4883
9468
4369
3444
1115
424
8896
8347
3850
915
9349
170
2295
1469
9290
1617
7631
1651
7288
9412
7068
2506
3801
4761
5140
2991
8427
4142
3248
1055
2144
9601
7127
2473
2791
8699
8734
8557
3517
6689
9799
1909
2420
2183
5151
9542
5965
9723
9574
9804
1993
8842
111
5654
5438
4826
5263
9468
9315
2192
9577
9882
4471
1753
3833
6695
2741
5314
5674
3771
8049
2506
2393
7550
8013
8524
5796
6191
6537
3585
1398
7680
3500
5847
6784
4563
9448
20
7595
6017
9512
2003
3518
8022
4783
6332
2372
6318
8167
4681
3975
7068
837
3444
3715
5278
1141
2440
6559
6806
7219
9591
9328
2854
2324
1554
7316
5431
7230
6554
9110
2160
5638
7157
5570
3632
1359
3691
5264
4091
6023
2372
7115
1570
4233
1638
6418
3804
7229
7167
6986
2429
6617
7010
4311
3960
3987
9048
6118
7444
4164
7143
5415
7253
634
9662
624
4603
2145
2601
5535
9896
3284
9595
102
3675
4950
8776
8241
1826
242
2029
877
1860
9091
3314
2512
7799
7084
559
4089
9718
5427
7361
2044
9948
6637
9610
5078
6806
7223
5395
940
809
5082
216
1842
940
3156
9147
1982
7828
9904
9725
1235
8315
640
2716
4860
6678
9784
9209
5541
7942
7941
6168
8663
7355
6325
6656
7314
574
6707
4499
9423
9914
5759
9761
7892
3560
238
9656
2204
7713
4246
5771
6557
8966
6332
6236
4382
1100
5648
4614
5577
6895
1813
4061
1124
2273
7819
7518
2194
2133
4421
3647
5574
1958
347
8265
5876
3668
3463
6543
3428
2135
7425
4203
4358
7229
9651
1025
8685
5345
3349
4518
9491
1196
668
8585
8887
1315
4448
3159
8836
5766
2051
4997
7641
202
9333
115
4779
7186
8335
8436
6363
7835
9624
7258
2155
2073
6106
3865
9853
7554
4261
1726
9940
8513
8279
9691
2332
9205
2106
5220
559
1815
3371
8196
7699
6332
8284
1243
2617
9341
1404
3642
3561
6255
4138
6594
8903
3081
5626
7091
5902
3341
4986
1158
8237
1850
9243
2787
5977
5156
3588
4674
3741
6698
6371
1656
2543
9690
4880
4002
5436
1879
6486
7234
8783
5070
4546
6843
739
8514
5883
4966
3876
5532
3408
662
5907
9027
4743
2787
7119
1423
1679
8496
7440
5814
6400
2504
4737
1099
2895
7104
3109
6829
7348
8637
9085
1695
4488
7820
6277
2356
4448
8216
7566
305
3656
3841
909
8278
6277
2817
9189
9900
2776
9586
7866
6335
2231
5763
3549
2825
6914
6163
1600
3554
6415
9635
972
8704
354
1702
6448
8515
3287
6198
2057
9599
9414
4847
6698
8833
6666
2057
4266
6029
6805
5243
4157
180
254
3068
1721
6777
1030
7019
9543
5298
8352
5880
9124
9723
8852
8868
5642
4323
5439
1641
4575
1237
1296
5095
3172
9500
3763
2938
3897
7386
6372
700
757
4196
5007
4876
7982
2112
7728
3245
807
4673
6387
5031
8526
9854
9647
9230
8527
5875
3172
1599
5486
3485
7876
3976
2401
297
6953
738
2494
6252
6084
1433
57
6796
3109
9154
7142
1318
3082
9378
7989
1971
789
2639
2816
3657
5216
8524
6627
1662
8063
8168
7294
5573
5417
3508
9179
7035
2659
9163
4655
3570
3664
7963
4622
5343
4276
448
1468
7588
3137
5950
2270
9144
2569
7514
515
6676
3746
5591
9176
5192
3807
333
3600
1775
8487
7611
9355
4122
1137
3841
9510
7338
4654
7588
6593
3491
7914
992
6459
9732
3772
9363
5989
9773
5125
441
8536
9285
7212
5165
5360
4071
9610
4218
2132
6026
9511
337
3859
3251
1281
8717
4436
3433
750
8407
8225
5749
3562
156
1589
2677
3666
4597
1737
63
5319
5445
669
3131
8548
3758
3523
5393
6907
6076
9741
2691
7495
8042
7168
2532
7504
8317
8854
5791
9742
4202
5249
9285
6248
5167
3345
1265
5369
5019
1525
4094
3736
707
2239
7538
2786
2741
4755
5862
3779
1495
3053
7543
9179
9683
9243
7017
4875
7400
4958
8052
2072
2252
7603
9288
3969
6340
4891
5252
1208
1997
1207
3258
2253
7376
1312
9003
538
5400
5345
9837
7203
776
7501
3697
9354
4239
1335
5764
1604
2347
4180
2441
6468
3007
3276
1767
3540
1735
7545
4648
6260
1274
2605
1749
9055
9085
372
1565
2464
6155
4948
5235
4610
1719
4198
403
946
500
466
635
3331
8269
7487
7884
9683
5187
6675
8264
6228
2092
8520
821
5685
8073
3273
7897
9718
3379
9861
9941
7362
5627
8004
7433
8447
6457
8052
6658
749
2366
604
3746
2701
1921
8527
44
5647
2230
2719
2613
6766
5191
4315
9028
2170
6278
2272
7578
8688
73
2240
8889
7068
6533
8748
6940
1637
3384
7955
3055
1508
5492
4167
9900
4622
4198
7061
9063
1045
8661
6833
2961
7102
7001
9260
1292
3393
3317
8686
2764
205
896
4996
684
9726
4108
8066
9917
5597
3341
4494
4048
7755
2838
2590
5439
7543
9498
2733
2545
3084
576
1855
6114
8839
7548
5465
8184
1400
8822
1842
9112
304
1486
4216
3513
5727
9669
5390
2287
7093
595
4749
6447
5388
4875
5760
8999
3257
1955
7894
9332
9692
7767
9955
6687
360
6774
428
5800
1699
2655
146
6518
610
759
5354
1364
9141
214
6664
6821
9836
3464
4396
2545
579
4162
1440
3554
2615
517
9239
4218
5244
2998
9514
5246
4630
8358
2781
1572
7228
4677
9112
8392
1593
1284
1604
7750
6534
5578
3971
1756
3943
1006
1511
2141
3913
6762
5058
5628
2694
5958
3675
2235
4724
8926
3786
8310
8046
2128
4788
1152
9104
5565
5730
7681
9034
257
6214
816
6442
4227
4201
3176
9640
8063
1407
703
4872
3004
7044
9045
1195
667
5028
1926
7541
6782
6807
1937
7350
8143
4870
8074
4603
7708
5174
5771
2451
4838
57
4563
7145
5474
4447
7336
8777
5359
1634
651
9226
9916
7371
6776
7230
5856
6198
1161
4659
1375
5612
7714
3759
6774
5623
8428
3674
480
7226
4085
7670
3832
869
4592
8360
5794
4591
391
3515
5570
3799
3157
5791
1690
4718
8731
5842
9496
6571
6118
339
9865
7904
4910
7388
1790
9435
472
9055
9806
7176
4708
361
3163
5549
1104
1664
4984
744
4388
2018
3660
7083
1024
5026
8177
2478
1219
7500
1488
9785
5642
6391
4459
5945
6080
8424
1902
9983
4892
2707
2799
6283
1318
1930
5347
3558
6333
1669
1709
7621
1548
8686
7369
6387
7790
5702
1283
9978
4649
8238
3992
8775
6369
2411
7497
8606
9075
8115
6246
8718
1572
7148
6774
5947
2663
708
3212
727
6718
2327
5512
1235
4743
3286
5350
5616
1450
1903
130
9106
1787
1192
2028
14
4090
5671
7182
809
2411
2436
8053
8603
1527
7591
5291
286
2998
4041
5652
8658
5478
1384
5325
5222
953
1549
6540
680
1788
7166
8072
4473
522
6587
2134
4605
1330
9696
1788
8067
7565
8685
627
5918
8240
6347
7951
1638
473
8054
8903
8421
9391
4728
3777
1419
5207
6361
2728
2568
296
496
6669
2314
3877
2027
8209
8229
8280
1040
3
4244
3133
3689
5791
6656
5900
7142
2087
5439
4914
4104
5640
4101
1113
4982
2358
6459
2987
1479
1782
3723
1827
9254
2680
3849
7054
9445
9475
3698
8245
1309
6973
50
9489
9541
2978
1875
2789
3702
7578
9633
7307
1811
9116
2101
594
8863
7756
9260
6170
5909
5207
6736
9650
4770
6507
8225
9446
5256
9860
9447
7283
6063
3035
2812
8733
9587
3197
7637
5838
1811
7054
3460
5975
5835
3068
7819
6728
4271
7
1653
4320
162
7372
6169
3251
3104
844
4517
5213
6781
4487
8278
9447
5152
7530
6942
2365
2552
6038
9005
339
5972
3766
2004
4883
3368
4829
631
2681
7078
1716
1274
367
5552
9327
4171
9647
6345
2090
5000
7284
793
5621
380
9796
1506
5359
3891
3525
9028
8673
1085
98
8868
4206
394
3895
89
9466
5467
6392
2546
4727
2000
9783
6279
7071
6534
1906
2315
2503
6541
7158
5784
1608
393
7859
7168
7070
6087
8145
9390
9491
649
8949
9721
9482
171
4065
9175
4857
3373
723
9773
5140
3483
1361
9323
7094
409
4663
8950
4491
3012
3078
6533
5293
5151
5084
8774
8810
128
4864
9972
4403
2297
9454
917
2068
5466
4394
655
4730
6529
7846
9999
3261
5870
218
9187
3659
9574
5973
9365
2200
1302
8117
2960
4598
3062
6796
3631
7501
9193
224
9994
3638
8217
428
4830
9159
6765
8879
6153
4074
8004
1426
3796
8105
6020
6983
7648
2506
4155
756
3738
8220
466
991
6108
7161
1943
434
8348
2907
1997
9054
3513
6467
7756
748
4899
1658
4374
6382
7115
5840
7096
6957
5621
9762
5194
4404
1072
4593
9931
8701
7849
8405
7360
516
4224
3133
8330
9705
880
388
980
2160
4236
884
4421
1823
112
183
7892
8833
7432
38
2467
4049
5073
1191
162
558
6231
9741
3691
9550
9349
4008
567
2596
821
5562
9508
9986
1652
9067
3568
7330
4291
9185
9036
4359
4838
719
9410
8887
7105
1632
6922
8389
3707
2620
7665
70
9944
8167
1017
250
9995
9313
6895
3647
2523
1383
6099
3523
1525
2306
9668
3045
3670
6758
2155
62
9379
4045
3178
9780
3055
9174
5648
7196
2768
3501
6511
8208
8923
4568
4430
2421
6386
7586
1328
4221
939
7255
9642
4173
7754
4165
9954
1199
7009
517
1116
7445
8792
9624
9300
5422
2526
4194
5141
6803
4179
1787
877
2845
7399
5403
3617
5589
659
7906
929
8918
1768
1054
5963
385
8759
8471
8067
3291
7312
6959
6476
6781
9733
8867
3081
8602
3991
9938
5351
8365
6254
295
2479
4946
9202
500
4399
5209
9926
3061
4669
8259
7112
4165
9660
8262
6807
2344
9580
3989
2581
6417
9861
787
6595
5891
5894
4555
7679
3992
5275
3325
8765
214
1234
9961
3921
1052
7915
6195
4717
3135
9667
6253
8448
1157
3282
5956
9555
3709
6029
7987
716
4923
7338
8434
5937
8758
3423
3975
303
505
2427
7675
7688
4039
3782
5350
5587
1579
5465
517
755
8271
9006
6139
1647
9963
3186
196
8613
4251
515
9518
2390
8890
7185
4193
1127
1597
509
9943
7284
9764
6561
8792
2406
4709
6548
5039
47
2718
9007
1983
6706
7996
8786
5355
1416
8247
2179
1867
6247
6711
8326
4701
3689
7229
956
7693
265
2859
1522
2520
8206
4484
7648
8221
2894
8012
8701
6642
8194
8428
6723
2018
94
7315
8259
6682
7273
4059
2783
5709
8736
6742
2195
8222
4275
9824
5469
8342
1856
6001
5278
5097
6453
9589
4439
3275
8695
1255
6343
4882
4337
5691
8616
148
3231
5325
3352
2294
4227
4797
8940
8238
1229
9205
310
2595
7836
3144
9318
6291
8823
2083
9605
9323
1407
107
8053
3433
760
4701
4078
1802
9177
1204
6303
1738
9166
3988
5685
4974
1144
7634
5216
421
3709
2042
1427
2776
8597
8729
9012
2512
4394
1553
5566
6893
7578
8243
8641
7201
1847
5554
6423
176
9107
6675
5433
8917
5059
6815
2301
1283
6961
9695
9840
1637
7062
6044
6016
3616
568
2098
8687
8060
4101
8443
6283
8927
6819
331
0
4517
5972
2681
7757
3419
7370
7181
6510
8068
376
6787
171
8496
4802
3598
662
8857
7178
5995
1326
9617
3257
4971
7577
8970
3918
7283
9962
9253
1259
1643
414
6237
2002
9151
2119
3777
8388
4622
6915
6936
5767
4066
6934
8000
9640
5048
7704
5470
7735
3178
8870
3441
4573
5149
6267
4234
4925
4664
9072
6878
5951
2582
5378
6576
1782
5705
8057
4559
2620
4456
5050
6287
3662
3081
1178
2355
2420
6937
442
5562
6069
3150
8563
1247
9171
7462
9473
3881
896
3482
2124
310
3034
5817
6824
4055
3933
2426
1216
670
5774
3318
7800
2286
5717
3461
4688
7664
3509
3245
3315
592
4059
9872
3236
9661
545
2654
296
3837
1758
1851
1426
6600
2689
1681
6697
2096
7223
8739
5287
8632
8797
5498
7319
5201
52
7425
2286
796
9509
2821
9838
6935
2567
9813
9950
9765
7810
9185
9402
4545
4360
9404
6650
7153
1848
1564
8054
3651
3741
8933
4658
7020
2377
8661
305
5260
955
2836
3096
538
458
8923
2350
8546
4144
9075
5245
7288
3111
1347
6388
1541
981
5713
6603
1439
6662
2025
6584
5657
4002
4424
5036
4175
5009
1088
3642
4428
8175
3280
8715
15
530
4445
2731
5385
6092
1567
3554
3389
8291
2555
2294
9146
7989
51
3066
8181
546
7180
145
9313
9962
2085
6606
1149
4914
9867
6726
1821
2547
6537
2254
7156
9719
2731
6954
7486
8350
1640
9438
8257
3552
5261
6585
3278
2748
9735
1588
2227
3524
9383
1097
6463
4877
9112
3417
754
8038
721
5860
9549
2711
7257
3183
5885
9085
6257
4707
1431
5149
3068
5259
4579
273
9105
9822
2268
1825
9900
142
1298
8923
8077
6198
7973
6513
2903
3829
5867
9116
8348
9437
8114
5593
498
5983
2911
6109
984
3536
4533
9357
2440
747
9992
4751
8146
4146
1181
1538
7035
9167
5331
2404
4533
7618
4690
5936
3696
4963
2247
3224
9145
4545
8036
7128
8299
5965
2045
8677
4357
3244
8345
6856
6958
3630
849
6126
6317
8923
3662
6207
6568
8034
8663
9426
3936
2046
2348
4301
7472
7816
7632
7785
8536
2962
3343
7426
8165
8684
7037
2028
6305
3877
9128
9854
2371
2149
1927
5759
9490
657
4314
2424
8555
238
2510
3261
4970
7232
8578
3145
203
303
617
2043
5163
2551
3209
4700
1737
2783
3209
370
4369
8281
4965
8838
8737
523
8441
7259
2209
5466
9654
1326
9573
9621
4483
1787
2995
5006
3509
7568
485
2782
8907
7512
1479
241
2726
6817
5023
3389
1140
6147
8875
256
6830
2363
5235
8248
3079
2107
8776
5366
9045
3216
1296
919
1186
8161
7525
2099
1941
5668
544
6393
2111
3005
1275
840
1300
6555
4910
2369
7132
8825
2325
3639
798
3069
3363
6178
3577
9309
6751
9226
151
5043
2163
826
9148
1992
1625
7844
1462
8804
5872
979
8934
2465
8489
7681
2432
5421
5679
7019
3493
1166
6767
618
3618
9264
9317
9044
671
8337
81
3678
4019
1976
7356
9165
4981
1808
70
7409
8245
7962
8646
6734
3264
8633
6719
8377
1014
1404
2093
9824
1089
7376
3356
3385
9240
1427
6730
836
866
2283
2731
5932
7657
126
6150
7355
5107
7141
9374
1791
6474
5353
8758
4613
4807
8193
7866
4013
3030
4720
2899
2418
6426
2142
1031
9376
1539
4003
8944
4300
8960
5966
5484
7255
6031
4162
5413
9036
1859
4493
1732
2874
2133
8446
1438
6639
8304
6195
7061
9562
4488
6430
7015
2992
9914
3203
3695
6822
6226
6732
9358
5475
2433
8319
7076
9050
6218
6121
9468
5775
9246
2699
384
5452
3635
2545
1140
9922
8220
2635
1362
6165
9290
3865
2310
4272
8667
5671
7925
7911
6146
4128
5208
8663
7234
1227
1652
341
6645
5914
6465
88
3787
1788
9168
7968
6897
7792
2125
5827
6331
8426
5270
3154
8161
3952
7410
6352
6098
3331
462
360
9434
8786
9856
8481
832
8711
7015
158
3429
276
2167
3648
2125
3128
7983
5927
5738
8946
7946
6712
4368
6999
9061
1289
2860
6070
6769
7010
9997
7022
7057
2032
7603
3477
8126
8749
3770
3025
5187
9083
4032
4994
7414
8507
2416
8698
8405
1931
2729
3509
3004
8873
4653
4053
4507
1284
9477
8407
2554
2050
7261
5388
9303
3516
83
3258
6652
3244
6487
2038
3274
1802
1570
7895
7970
7297
516
4104
7531
4848
7733
9357
2203
4180
6834
2746
7812
1782
7563
2819
6900
3787
9747
5933
4263
4893
4294
580
9877
8200
401
2672
1252
5680
9124
9649
2609
2881
1748
8877
4982
7511
2187
7134
9747
2678
3869
6222
9060
1696
9331
4513
9863
2800
7674
4251
5957
1379
5127
5511
7770
2723
6354
1270
5039
6250
5094
9714
4382
5561
8175
8702
4903
3673
7399
9095
8764
509
6419
767
1837
5831
202
5578
5462
1348
5525
470
1754
3754
491
7155
485
9346
2005
560
2243
734
2562
3482
9126
9162
3677
6889
9937
7579
3965
2774
8623
2558
8709
3556
5016
5323
7308
3721
7224
7808
8923
2397
9354
8412
3529
987
1430
3388
7638
7035
204
2033
179
9086
258
28
8231
8821
4881
633
4866
1550
1449
5159
7317
8681
8822
9333
4542
325
3735
6771
370
7209
1503
8729
8213
4470
1544
2544
7384
5258
3499
456
8139
9467
696
7015
113
2752
1361
7648
8037
4521
3639
8638
8259
5901
5967
7971
6780
3586
1564
1051
4382
7788
3621
1167
4835
1853
1207
6179
5395
4120
9716
6300
4842
5306
1713
6308
6602
3549
9963
3416
2622
2061
150
1768
2635
3638
9924
4248
1620
5992
43
6088
4975
8909
4106
5212
3093
9108
2204
4798
7227
6884
8801
7673
6640
6538
7268
1166
4825
8263
1893
6947
8468
3180
4333
7648
1653
3228
8135
740
5071
60
674
4390
8664
4527
7357
9399
8664
4460
1554
3846
143
9628
3357
9951
8638
7917
283
2320
77
5231
2737
76
4847
8525
8605
3425
5187
3028
6116
5375
7364
60
6641
6826
3333
7145
3709
5472
8093
3939
1622
6431
9719
7073
4033
1662
4284
9502
3327
5610
238
1234
8071
7454
3672
8032
383
5662
4238
5151
1461
3298
5435
9496
8747
1401
359
4086
2722
5696
2631
1613
8052
8928
9027
6966
20
13
8261
9820
4276
8734
1201
1482
8031
3497
4442
9449
2996
1278
7347
8424
4413
5361
1913
47
363
7445
9517
3883
6711
319
575
7346
2494
1342
3808
5480
9367
7016
4757
1463
4525
2770
9692
5013
2225
9357
1599
6211
706
3033
2188
2610
6442
8634
7229
9093
1819
952
883
2308
5922
6910
8088
2494
8830
5514
4122
2775
9074
7159
7603
2589
7411
803
1854
5644
1326
5902
3513
8497
6175
8285
9856
4236
6262
4587
7948
224
2416
4186
7231
52
4767
949
5026
8554
8423
216
6687
5406
17
1909
606
6672
4940
6122
9457
8984
5888
1351
1071
8445
5397
271
777
4141
8347
7489
8148
8882
1942
9508
9040
3537
7208
5402
2334
151
7845
429
7054
9353
2308
2650
3852
8688
6197
2156
454
7197
5663
375
3503
6590
191
7047
96
9629
3846
241
4493
1971
5953
515
7408
9611
1659
265
6933
3961
6765
6648
810
1350
9895
8794
6831
277
9945
4767
5859
8670
2331
8102
7714
1889
5840
3413
4049
6756
3557
7988
8789
6233
3776
1478
7866
5968
9276
8786
4483
7266
5862
5246
4617
4028
9101
5946
2706
9494
7593
5766
4849
983
9833
8131
1834
4748
5974
2078
199
395
1088
422
4771
1394
7379
5852
8553
138
257
8557
3083
3665
496
3208
936
1029
1322
8204
8589
3240
8060
5556
200
5009
2212
1026
9597
6833
8784
1890
8443
7377
9428
8463
5669
1792
6028
3135
904
6902
3759
1779
9609
1470
2845
7299
9957
8107
8929
6295
822
1831
7765
5497
1446
4650
3958
6450
8145
1584
747
9049
9929
835
4224
1622
7689
4642
1304
889
5355
2228
8919
6438
8404
5389
655
4619
5805
5360
1030
6297
8319
8310
6766
579
5205
4923
2880
7310
6863
3295
7242
8348
3911
1280
1374
1393
5706
883
343
8300
1172
4750
4915
5313
7636
196
3312
6381
6870
2915
63
2558
7361
8642
6867
3410
9016
1443
807
666
4973
2790
9142
9075
7322
3465
4077
1792
8703
6525
7444
6828
7365
9067
4600
8965
8278
8086
742
5140
7126
3479
4533
8407
5135
7171
3883
6172
3109
2556
8952
8453
5260
9422
2736
5397
5793
4087
8871
8634
7433
7194
5605
3318
2095
3916
6024
2817
5855
2305
4756
9365
7081
6674
4506
2377
3154
4350
9455
7119
2168
9758
5439
971
1279
6417
2827
5867
6630
1296
6880
6394
3015
5534
5789
8005
8006
9943
8427
8206
7915
4034
5531
7006
1225
3284
2069
885
6407
5163
1684
3942
3352
118
6557
6850
5497
8435
4415
8543
6496
8942
964
6918
6445
9250
8802
6677
8589
5990
1574
1152
3918
3483
507
6620
9776
4487
9935
8213
1583
3483
5164
6700
1866
5315
4606
6585
4124
2901
6496
8310
3502
8922
659
2390
4955
2916
3286
1746
1156
7137
3170
9554
5275
5935
6002
6560
4855
2056
7637
9887
4077
682
1567
8774
3235
2589
4309
3297
1127
3408
5779
8632
2962
1613
7550
8428
8719
4663
1442
1753
7665
9163
4966
3492
5753
353
2477
4128
4193
3720
2181
3492
4541
8495
265
8841
6514
3940
7405
4688
7928
2253
7787
7825
22
9415
6310
5778
5414
4323
4005
9227
6171
8970
5196
6812
8627
1555
5765
7073
1941
9262
1675
6122
9352
749
4592
5288
4319
8833
5061
2901
3630
3625
245
1781
1064
6715
6759
9076
3407
4547
458
2898
8939
2225
7001
543
405
100
8039
907
2419
5893
2017
3401
805
2983
3838
9012
4533
8369
6094
8102
1543
3183
4672
52
8169
1843
4495
4034
540
2328
2071
1111
254
4377
3824
8618
9686
637
9079
654
4025
2417
1813
9372
8838
9258
2167
3874
4909
9645
6638
6426
1616
2778
9356
8357
1282
7676
8654
1268
5850
8552
4190
8388
7505
6469
8011
7321
2786
2684
4332
4815
3084
9062
716
2074
6753
3956
4885
3385
1897
3691
9192
3213
7376
7356
9400
8729
7743
6169
3028
7654
9588
9953
4089
6208
85
2515
7059
2709
8236
7163
3791
3798
6334
4088
5816
4896
5802
7812
6539
793
9933
6117
3716
6639
1663
8411
1715
9771
9361
4540
8952
630
667
5256
7801
5723
7064
7661
408
4877
9296
6020
5525
6782
9492
8431
4709
4170
2403
409
8677
9461
5886
3507
7468
5768
6089
1965
7503
3400
7975
8899
4508
686
5899
2613
6140
3691
9806
987
1142
356
5262
7857
814
2844
3953
4779
9058
5267
5598
4026
752
7372
9211
4078
3836
6757
2386
524
6989
3467
5255
704
209
2447
6159
6460
3530
4158
5759
2079
4899
3219
8291
3903
5557
9152
9625
8538
9692
9937
2674
5397
659
1902
6349
3920
9143
4357
4955
4056
5490
577
798
9883
5846
9547
1999
1935
1462
5270
5049
3249
7340
3686
4572
4396
445
6871
378
8373
3959
1608
3224
4851
1149
6920
9214
1450
1832
6439
4922
8539
7229
2921
618
5558
4474
4885
5162
8541
2507
7617
5095
4615
1029
5704
5644
1144
4993
8173
2260
4982
9440
5326
8777
9787
4674
3602
6615
6013
1164
2690
5783
4457
4530
9096
2604
7885
3651
8487
9694
8832
6715
9336
8696
6078
1875
5365
6565
2792
5799
3293
6136
3465
7418
9978
9999
7551
7799
8033
9935
4952
974
7129
9668
2443
4382
5858
3823
8927
3553
8930
9211
1070
5725
7616
5738
9420
3333
1814
5012
1458
2461
5083
4739
4375
4995
5785
904
4491
5901
4789
4419
9425
6641
8090
7493
7427
9765
138
9375
7929
5792
8554
7737
8961
8565
2910
1736
6799
2316
3740
7588
6935
4952
7789
992
9356
3674
3560
7676
8852
1348
6424
9705
2724
4929
5458
1559
499
6821
8905
4051
7915
7978
743
7640
4279
8231
9646
7749
3429
2722
4894
2118
5868
9832
55
137
9782
6292
1951
5422
617
6846
26
9103
9050
4363
5973
8238
6090
6043
4845
3843
222
4051
8520
8603
2335
2198
8108
5702
6569
575
3526
7214
501
6170
2991
5047
3757
9319
6664
9661
3936
3148
320
2666
963
1170
5947
1030
3833
9102
2785
3096
3601
4731
7945
7779
2479
4812
8022
1553
1462
144
1165
2594
9004
7764
1461
6629
8863
2100
2462
8894
360
2036
339
2098
2169
1522
9883
4566
1034
6352
3537
9469
8221
2304
6208
2864
6856
201
5374
7328
3190
227
2886
2880
4760
7916
9517
313
9781
8311
5936
7022
7205
9743
1278
980
8898
5784
9744
7976
7379
4954
5600
5562
9082
6452
7612
1567
3745
5897
543
9151
3181
5119
8847
9013
9755
8218
8992
3376
7522
1353
609
5406
6870
8817
2500
5456
3707
7762
5321
4246
3429
2739
272
8090
1125
554
4003
1442
4686
211
7848
5208
9387
8459
134
6562
5465
4705
9331
8246
6816
6420
3152
1507
6524
1642
2209
5425
6956
1499
8404
4268
8237
48
246
6809
755
1976
2269
8345
8759
939
7671
2413
6273
322
5327
1272
2420
5934
9062
5880
9900
9909
2205
8199
9031
2859
6567
7914
6688
1594
7742
1828
8949
5425
513
4252
999
6362
3816
6745
6159
8620
8564
7901
1236
5086
1884
3198
1049
2921
6648
2988
4089
2641
6201
6817
7037
9050
9441
6984
6745
4790
570
4594
3830
4615
8049
3921
237
3281
5477
5206
2152
3133
6525
7286
8927
173
1537
6606
3512
2680
3304
2107
6900
1705
1714
132
3942
2746
6228
5199
52
8096
9509
9265
3237
251
3115
9325
5897
5402
7338
9775
4623
8245
6303
7023
9711
1861
3315
7379
3792
4144
2911
8184
3763
6390
8960
1880
2443
8099
6278
5328
1925
5901
6191
9307
3870
8009
1026
3307
6086
1136
6609
5371
1422
2170
7435
1508
9015
1657
8976
8872
945
8935
9377
6776
3019
1954
8197
7842
9140
9570
4893
3437
8832
3935
2441
9129
4221
6727
8814
6923
803
8860
223
9586
3442
7393
503
2825
7742
1295
1387
9429
7692
4337
5684
2370
2838
4558
6976
1525
2373
4917
4016
1739
5589
6249
6017
7127
7393
2058
7060
5584
184
4692
9386
9382
2641
6444
3233
7115
8004
4565
1325
2163
2009
961
3238
1801
6933
4357
9844
5350
5625
693
4744
414
6119
4475
9673
1621
4413
8484
674
2757
3578
676
9830
7282
8840
4314
6540
8084
8741
1522
1662
6103
8617
6124
9321
9858
6834
5374
7029
7082
98
6860
521
9543
5985
7081
2897
7714
6285
9366
6546
5205
6787
2086
6387
6961
8177
6835
4528
8013
7847
6744
7374
3956
3827
8731
7195
8679
2769
6367
1174
6884
5973
1772
5811
2725
4078
4686
3824
4976
1902
7318
5253
697
4512
7757
41
2481
7896
7197
3583
738
401
6346
1734
3559
9330
1345
2428
3910
343
3697
5088
7202
9656
279
2296
3093
6956
5135
959
6220
393
9293
2607
2174
4487
2917
5037
6025
1795
9719
3135
9388
1641
7959
7573
3507
6932
1707
2898
6383
3218
4407
5750
5097
9169
2184
8778
9274
3343
8988
8315
6168
2474
276
5173
5117
420
3456
1800
5586
4009
7731
8437
2893
1406
4212
1903
3398
1256
4231
5270
8126
8363
5123
3916
7537
1498
2211
4237
1462
3683
147
6017
197
2839
8846
7190
3098
3775
207
9781
3690
8481
2612
6254
7528
4553
2881
3848
3601
5217
7440
7970
4239
1300
4244
4465
1468
1810
9830
9758
9984
444
