3864
5501
9908
946
4764
6035
7530
8540
4480
390
7499
5812
6744
1884
6283
2102
4303
6399
9927
1074
1153
4317
4828
9363
3815
5167
6971
860
665
7692
9365
559
4774
713
6871
9071
6097
1660
5299
3082
2510
9589
6336
9737
5549
3341
4983
1975
9660
7854
3282
9552
5070
6481
5112
6407
567
1865
3890
7459
9232
9695
372
8307
7032
7767
3771
7805
5385
6876
7458
5022
7496
9812
5003
3583
1810
2397
6130
1617
4593
1951
2559
2978
2695
6634
3922
4917
9384
6695
2710
6019
4286
7652
6913
1793
302
8061
3091
798
3659
9689
27
756
8989
4726
463
5589
6274
3630
4897
177
1695
5408
7907
3473
1648
8278
9020
5574
2261
3702
1250
1829
4005
6826
1976
9623
4160
7678
7646
5551
9299
9482
9799
3845
9084
4144
1190
5198
7632
8263
7061
4262
3330
6183
1952
4869
789
4774
3123
1466
6968
9757
9446
6583
5027
6977
1254
1663
986
5852
2937
820
3558
7481
6417
9936
5604
1230
7739
3722
8957
9001
9991
7985
4643
6570
9139
1152
9871
3635
7397
4933
5676
3415
1826
694
5698
8896
7139
8940
3578
9204
9937
8243
4537
6145
7421
6450
8131
7269
5229
1592
1973
1248
2429
410
4217
8819
6358
861
386
1744
2786
518
3048
7411
7769
353
637
6813
14
5003
8305
8080
8434
5575
7476
4442
9405
2825
3615
1446
9130
9484
93
5126
5509
8711
599
8422
5230
2165
5526
2389
9974
9861
8586
3438
494
8723
2618
8093
4518
8498
8814
4106
6023
7317
7224
5027
2997
2633
1802
4072
6575
8185
8070
2648
9800
133
9890
8766
4635
4447
1177
1843
5665
8577
5131
5961
5700
9904
3469
6373
9187
2920
7384
6686
5547
1648
5183
7038
1496
484
8229
2574
9490
3539
8878
5098
4102
6440
5266
9305
2438
3664
1648
6377
1444
7124
250
5189
9778
5130
7469
286
9517
1971
2508
6591
6330
5239
7522
6524
3104
8704
1311
1117
9764
5403
9134
6348
9508
4665
6995
9824
3129
1256
6556
7903
8936
8741
5507
1305
364
4358
9297
2420
5923
3446
190
667
2125
1664
1274
4218
2006
3672
1164
6184
9553
3076
8044
654
4972
5286
2390
3426
1961
5461
9364
1556
9371
8392
6335
8519
6973
1574
7151
9453
4074
4053
121
9436
205
607
5458
4244
2483
2091
8246
3044
6193
8184
7968
3059
8234
6764
2731
5451
1824
2064
7868
7229
1062
9433
4076
3824
5575
8256
2667
8318
820
9381
4069
6904
805
5480
7593
290
1626
8382
1646
5458
2749
7058
9659
1968
5043
744
9900
3165
4609
2166
3851
2321
7694
4922
1513
5387
6922
8714
290
6522
8600
8663
1769
9392
888
2587
5281
8151
4072
9050
453
9211
6257
181
533
7954
1604
9477
2588
8869
4579
9978
6024
5518
4723
3198
9195
38
8930
6631
3375
8540
9060
7481
3454
1590
582
4401
4399
3295
3016
9491
6370
2390
9378
4287
8389
9915
7068
9374
7925
6934
8494
6161
5087
6450
759
3763
4352
2288
5522
519
3573
3878
869
6361
8135
4091
2860
7304
5523
9457
9596
9186
8950
1327
5777
7688
993
8378
4732
9271
4998
1565
6376
4343
7257
6398
2339
4763
7378
1972
4626
4911
8314
573
350
3525
1399
7681
6938
9008
4657
5544
8944
3823
8396
3406
1233
9292
4082
4552
4228
9410
1972
9720
3204
6329
8544
4305
2477
9521
1318
7135
6770
780
953
5206
9138
1898
24
6095
3881
377
7963
6320
4486
8845
679
2473
3723
7152
6850
9751
1331
8507
2472
6851
9432
1756
1702
794
522
9903
6719
3010
5067
6030
6889
8838
2292
6149
5925
5415
6788
3850
604
2541
8114
2191
9700
9982
2074
3608
1275
9336
5478
4753
1345
5733
4095
7915
3584
9208
1456
2740
9957
7368
2952
182
2156
4130
3829
6230
420
6106
7846
2228
5190
3390
6008
4035
8243
9853
4153
7956
2439
4574
8023
3544
444
1600
5274
9284
217
3465
32
2549
7880
9958
5220
6697
8985
9888
425
3379
397
3703
4386
5782
7486
1758
209
6060
4064
6247
5944
3066
586
3818
9527
7869
3789
949
3395
9751
3063
4330
1302
4858
4860
6438
7690
5543
360
1316
5693
1437
178
7729
4740
1896
6578
5329
6283
7202
8349
9637
3822
5987
474
4034
348
5681
179
7522
8703
5129
1311
5668
504
6299
5132
6559
8922
9541
213
4758
7850
8093
5225
793
2406
5031
4124
4850
3179
9474
138
3644
8980
2900
8194
4681
3063
9266
3734
25
3344
74
631
1449
5869
8619
2757
3138
9638
7068
1511
1881
7040
9477
3988
2165
2799
3703
7441
2620
758
6343
1994
1304
64
7339
5119
9333
7772
6246
7471
2303
7349
1633
8383
5323
4367
2454
2540
7659
3873
7531
9709
6846
1067
2653
6834
6553
8868
582
1075
6482
1761
5274
4214
3783
7664
5186
9355
9449
6969
4640
4970
4256
9393
8069
7790
196
3248
1810
8467
4080
5467
2962
6771
8182
6302
6641
6698
6454
5828
9353
7905
1169
7811
8321
8130
9691
1571
7070
3399
9538
699
126
9103
3271
5013
7008
6751
9543
2691
3118
5458
4622
502
2004
7168
2171
8509
9535
8904
7945
2231
7045
839
8388
1612
6156
7201
9062
1469
606
1325
1513
505
2973
5981
7589
1291
7085
2017
2740
4229
6744
5570
8222
3208
5338
4347
5196
7871
2443
4395
5094
340
6243
6921
755
7427
3530
1527
8823
7845
2876
4310
9858
5021
162
1738
444
8170
9332
1203
5560
8420
5180
6263
7376
9795
9251
8735
781
8120
9031
3561
4816
2072
8856
7062
8029
6715
8010
6532
2423
6160
4358
488
3378
9095
2795
7282
7431
1167
3769
7909
7692
1981
6583
8657
6192
9287
2800
4294
6019
8846
5510
2946
1460
6109
2091
2248
3949
2252
5781
9964
9219
9308
3435
6739
251
8931
7655
2809
1695
5709
462
2620
6560
9863
3733
4784
7851
4678
8441
7151
9267
4926
6963
4902
233
1060
234
6481
2820
2920
594
3016
7500
8064
7613
6602
1621
9068
1530
5372
6485
8730
1703
2536
5019
8425
880
3199
8266
3777
7366
7460
2701
2134
5284
8695
2304
6524
569
4135
9307
4318
5141
1379
3645
6743
7537
2220
4387
5525
8159
9361
9797
5865
899
4084
8864
1331
6890
4902
1986
9069
205
129
1956
19
5640
1532
6510
5378
689
3738
7456
2507
7053
4493
3866
7172
8786
4240
5995
383
2176
7976
8041
9978
3402
2364
9770
5407
981
3152
7318
1006
7887
7593
8744
5455
6680
2173
8195
4168
7630
7601
4183
6197
5857
6823
2992
5048
4158
318
1184
274
8665
5093
5177
3908
3931
870
4763
352
2372
7010
8895
3530
9477
4404
6209
603
1104
8421
510
5486
553
7823
2554
8207
1166
8118
8032
2247
1340
1850
1261
8785
5347
459
6151
9121
5051
2904
4956
9808
9159
9790
8042
5232
8552
3567
8876
9261
8643
5104
8493
5347
3274
2340
4840
7858
791
8955
6750
970
1141
5864
1029
7216
1130
7519
32
6659
2887
4182
6498
8737
2096
3861
4036
7188
6546
5737
7158
2072
1277
7984
1182
9820
8703
529
8403
318
8712
4938
2061
5333
7744
4936
1386
9720
5745
4546
9396
2948
4895
3573
2559
8223
6727
168
8552
4529
9322
6635
7462
1967
1850
5528
5009
2635
1451
1403
3862
3079
226
4302
1280
8590
9237
4772
4711
7220
3402
2640
7982
9234
4574
3252
1112
4785
6396
1866
9754
199
6808
5922
5412
2507
5637
1721
7720
2963
2350
5364
3085
6780
3765
813
989
6822
8195
1773
3497
5647
3707
7639
3782
8139
4239
1780
8451
8182
2557
601
2031
3577
7844
9969
2827
4225
6589
1470
9991
6910
9273
4799
3728
7577
4057
8038
2888
5137
2997
8005
2790
2213
9896
726
3191
2387
3395
2918
8304
2726
8333
801
3751
808
8224
5991
6023
5300
4858
3075
7009
7124
5146
4567
1990
3165
9932
5767
5907
4120
5437
5786
8478
2417
6923
3492
2033
9580
9313
9044
3906
5636
9701
6357
4767
7528
2154
1096
1846
6103
713
7796
2793
5717
1697
1927
669
8823
415
7684
7974
2109
9003
9148
3636
3949
8311
837
1419
7704
7810
9028
574
7194
7249
9402
9301
9586
8972
8292
2039
5288
7965
164
4406
8638
8067
6396
4701
4135
5155
4862
864
3953
7514
4226
6293
1231
1233
965
5937
2246
842
702
5405
9637
2352
3730
3286
2259
6305
1513
7783
8808
1139
8204
6273
4699
2666
5480
8734
9777
7120
3889
9189
6141
7954
7549
6886
5694
8747
2742
7895
9553
5433
6118
1265
1888
8003
4562
9711
149
5034
5085
7799
4933
5649
1525
7737
15
3176
6670
5952
1415
1094
8458
6513
3991
2772
8572
6972
168
9163
4939
1604
4788
7281
943
8790
3102
542
3251
6968
9653
4877
2547
3690
1646
4961
5733
2794
3156
8761
8571
4179
2061
2295
1258
6675
5823
8862
1092
8939
8266
5218
3619
7998
6140
9330
2986
8860
3637
870
9818
2638
7717
8698
108
9671
2584
628
4511
9810
3952
8608
3579
1036
6149
8892
5714
7029
6950
6470
314
1879
3015
6191
1331
3614
3836
810
7855
6313
6585
9234
3633
779
895
9151
2763
9377
101
1661
6037
9720
9211
3381
108
1800
4924
4061
8047
9161
7670
4090
615
7781
8745
3976
2021
3643
4876
3027
6602
5632
7950
2066
511
8165
4654
2700
1064
506
8228
3460
410
3758
4328
1126
619
9351
1821
2145
6650
1443
6453
6028
7024
3177
8930
3004
2345
2767
2888
8424
1238
7897
4019
7136
2790
419
4911
8110
3250
8192
7565
7628
1975
6166
868
65
7328
4342
644
8338
3934
5870
1234
5009
7429
1614
3996
2666
2660
855
9672
2325
8050
4576
7931
6581
3713
3715
493
8296
5877
2839
5193
193
4222
2919
4305
255
7590
8222
7032
7808
7183
1411
8920
7200
7967
218
3246
318
8054
3103
7592
1157
7133
5166
3846
2123
9204
6958
7426
4911
940
6735
3152
921
9428
5645
9341
1127
2541
5237
8608
26
4759
7330
8434
7347
6738
6033
7975
9654
8716
5892
7683
8787
8915
8050
5273
8061
8271
6215
3418
5730
5317
666
2442
2959
4036
5460
6939
1785
1973
824
5560
5681
7004
5677
5151
8953
8349
8862
3272
6258
2288
6782
9012
1318
3334
5165
7617
8675
1820
441
6626
6575
3556
7023
5247
6269
2856
4112
924
2079
2527
6551
1301
8336
8485
8412
7112
2595
7653
6529
7781
1278
8206
8807
1133
3341
33
1326
9024
3504
7350
4011
5128
6363
3826
6294
7438
2480
7130
9787
9835
88
6110
9868
507
5166
7421
8173
5427
6032
5326
5854
8826
698
1640
6519
2256
2666
4126
3689
7315
6439
3843
9850
8289
625
9580
4086
3264
4817
6471
1745
9884
1418
3260
5777
9930
1878
2066
4782
5296
6788
8031
24
6360
5874
2109
8944
2884
7604
1742
3889
2754
8099
9715
309
7607
6307
9576
3149
9370
3452
6792
7711
2773
6410
3297
1204
9203
6746
7880
5321
8700
6629
2405
9897
9796
2643
1637
5212
8150
2529
6615
1922
2845
7899
2612
5290
2945
4380
769
6432
4617
1220
4906
9666
3973
7195
4168
7155
9666
8129
1175
1487
1908
3836
8534
9100
7386
6666
9942
6530
2753
5704
4078
4620
2390
8877
4648
935
35
7596
3575
8511
4085
8333
6535
148
4707
4081
9167
9739
962
9253
1140
7798
5162
472
6247
7975
4086
7923
1258
5584
4618
4844
9490
9568
2446
9634
1885
5219
9572
8950
7397
71
6464
5955
5325
687
3537
3546
2470
2575
8090
9495
7567
5593
282
4458
8695
1407
3803
2835
8923
9245
1566
5157
9817
2049
8620
5474
4131
407
8814
4678
5442
605
4714
1577
9189
4058
168
7229
6612
5657
6920
2851
3060
1984
2723
5076
6460
6275
9745
5855
6443
909
215
8359
6412
9027
5192
1642
4956
2838
4891
1186
6890
974
4838
4515
2026
7611
6152
8760
9193
4468
5291
4864
2610
6337
1957
3780
5798
6966
4200
7859
2773
5987
5469
6256
3365
8400
5410
6002
3591
1110
5626
9287
1718
5375
580
5508
9135
4076
101
5396
1143
3911
7764
7910
2655
2732
729
7330
9800
5065
456
2376
637
8304
2086
7293
8263
9954
6572
1119
6479
4239
8563
1497
3222
9669
2436
5960
1591
848
7772
6578
1435
6859
345
2173
9380
745
169
1973
2051
7924
6853
7666
1923
7679
3096
4542
2632
5743
6176
7140
179
3141
8007
8435
1492
8729
8371
9005
3204
3051
5924
4121
7545
3626
9820
8244
640
2811
3397
8142
661
7299
5086
9634
3396
6276
9684
9036
7068
2671
7919
928
7909
5467
9591
6462
4702
9506
5520
9502
3286
2094
4023
3684
6775
2298
6258
9857
8742
2444
5391
9800
7192
2460
8645
1561
567
2220
1192
1775
5789
1435
5797
579
7151
9589
9337
4595
3931
3557
4184
2319
5896
3081
785
6142
8704
2163
6618
7289
3270
2853
4195
685
9918
9344
5686
1373
250
6794
7112
7445
1400
3861
5903
8710
130
7903
3360
9998
9243
3734
5037
1315
7208
9964
6075
8669
7982
5365
2781
2680
8389
5234
3080
7097
1039
4535
8979
9045
7335
1222
1007
4286
5403
6584
2847
8285
4602
2119
6592
7403
2497
3796
1162
3829
4244
3026
5281
2436
7999
6115
2172
49
4981
189
4490
7621
4995
2136
2842
6763
61
7632
1922
9747
1751
7080
5305
5295
9425
5312
1546
5573
7775
3632
3352
6123
290
1630
4891
4124
9803
5171
4023
6362
1759
6927
8216
7798
9298
5179
4994
8931
389
8629
8037
8779
5595
1686
97
654
6718
5212
7177
6950
7452
355
4466
4358
5018
9017
7927
5320
2559
6381
5886
7535
1693
5293
4563
7110
5746
923
8115
2973
4286
6630
3952
4596
2593
9231
4623
6553
1372
9508
4197
6365
3032
7019
312
1328
9029
4489
4272
8688
4908
7
5925
466
3978
1741
9143
1945
8996
7561
6575
503
2558
9819
7837
401
4065
7607
1252
24
983
5506
4584
8722
138
7846
5370
2318
5726
6517
1864
7392
2115
8684
7992
3443
7515
7733
6005
6004
2149
7076
922
5732
2927
5944
2878
2468
4312
4908
1928
3949
1737
4334
8631
3796
3188
1457
8451
7315
2661
878
5052
2455
7458
9215
6758
7779
3817
883
7876
7759
8790
3869
5432
9080
2472
4323
2161
9248
7944
8077
4756
2509
2266
7255
2567
8011
8772
7706
2119
3678
2417
3783
9799
6222
4113
6353
5286
2529
4901
4057
7764
319
4002
3106
1065
6598
7195
8976
7581
8073
5339
791
7424
4132
1475
8239
6912
7671
9137
4954
1950
3215
284
279
8217
8702
6618
9822
3464
826
166
9153
1281
4014
6877
6170
6462
4625
8861
4826
5599
9709
6916
5887
4826
5081
1124
4889
1759
4016
6089
6346
6642
7112
5645
1246
1993
8654
4784
1587
3562
8334
4745
9018
2374
5802
4642
3959
5581
6340
1304
5575
1319
3215
8219
8959
2909
9945
4966
1074
639
7438
8539
4866
2311
4418
3303
9016
366
9123
4359
901
8483
8113
2772
5691
2128
4633
7989
1909
1396
6327
9525
4152
2539
5
981
5617
9487
435
5415
1444
4942
5601
203
937
7796
3462
3073
8566
5864
9925
9747
5839
6398
3430
13
2324
3389
2016
1940
5608
5834
2213
8908
5447
9750
7526
1692
7004
3170
7963
6849
3966
1107
5248
9535
1314
8865
3587
351
3597
7530
4070
5523
6499
2138
1179
6842
6498
3649
2418
7497
2022
2939
7137
7572
3682
1693
1772
4002
743
4408
7495
1847
8513
6736
6838
5646
3088
9462
9142
5845
9614
1195
58
5738
2899
9378
6141
8325
1697
6337
5834
2146
536
1411
2341
5186
6026
3424
5986
4127
9806
3980
1689
4605
5786
8861
8506
3330
5472
2336
664
7844
5283
2368
977
3399
7742
7097
2471
930
2669
4829
140
4134
8674
2193
7931
3238
8926
645
8501
7651
5042
6518
680
7764
3465
8301
1126
6516
938
6064
2620
3604
2932
4046
6837
3307
3847
2267
4048
509
9447
1048
4082
210
7263
6621
918
3612
6366
8075
2557
6670
9439
3826
8054
8175
5873
163
9843
9985
9474
9567
8970
5702
3944
4775
3142
409
7888
577
5909
6856
2677
9339
5469
7926
8689
5618
7291
1261
8016
6504
6421
7947
3898
1588
4260
635
7773
1757
9914
2843
3002
8367
5005
2290
4331
6132
8114
3247
1644
8380
669
2597
5637
7180
8786
1241
5988
4176
6793
1104
631
9909
9458
6328
5900
2329
1526
105
7528
737
3758
7153
9375
7457
1334
8073
3185
7242
3624
5301
2683
3216
853
5189
4927
911
6240
3787
4299
8378
4346
1303
2344
4693
9068
4628
8390
7317
8055
9025
1617
3514
3286
8643
1825
1152
9091
712
5486
7289
5224
4259
88
396
7552
6745
5104
6561
8770
9786
3886
2232
5433
7398
3841
3612
4497
6430
5380
2756
8923
6122
4698
2033
4598
430
5403
2840
5304
466
6419
5456
5281
6010
6574
5630
3464
622
8793
3682
6470
462
6061
162
8059
7911
8071
4947
761
6733
9447
1944
1565
6292
9051
6934
5791
4037
6359
6157
7276
2884
8104
2065
6947
6472
5437
4140
9158
7378
8735
941
4345
9539
9743
3057
8925
607
3513
8601
8960
8952
3106
9687
7000
8909
9880
4780
7736
5344
8483
9241
9965
1746
3138
4848
4591
5341
4618
9842
7553
1536
4828
7910
3363
6689
7790
5101
9578
596
2456
1564
9558
4330
7561
7958
7602
8294
802
2550
5921
7606
5245
1014
6088
1311
7905
5570
537
949
5874
6815
7377
9913
3100
5724
6194
8248
8628
2657
4831
7492
2621
655
4969
4058
632
3649
9601
8192
4174
865
273
9405
9975
4411
3899
2022
5157
6732
2593
6084
2883
3392
1848
1704
3615
6699
1103
3758
3134
1361
5248
9388
9891
5431
1878
4360
8587
4003
3131
4867
7171
6367
8566
8208
7169
9089
9750
1557
968
740
5221
3073
3926
8711
7007
4027
6439
4903
3037
7183
3037
1854
8757
8644
675
7261
5215
6260
6068
4106
585
7235
7761
9003
2945
4878
5252
8545
4129
2311
3221
1361
6019
6042
1425
9935
8524
7682
6407
7774
4253
0
9055
7840
3058
1157
5536
9865
7293
9968
1295
5018
1982
260
5314
3714
9756
6591
5430
9125
686
7862
6935
2749
975
9525
7286
6271
4408
9949
625
9693
9548
2095
8106
8706
1257
3696
4915
9415
501
1238
7606
7482
9916
4298
111
7677
3659
5158
345
9011
6793
658
8750
9331
5010
2411
3958
6709
7469
1880
9925
3881
9587
8522
6208
8592
8365
6338
8486
3696
3713
8306
4777
8384
900
9562
3348
7155
5078
1200
7870
2752
442
6136
3118
9026
2422
3549
5702
2830
6376
2259
8042
846
3139
3461
4981
7914
3821
9017
7139
8430
9046
6821
9449
2763
2580
6993
8224
2377
5217
848
7380
9269
2553
6062
128
4865
976
5742
7288
428
30
9466
7664
4443
584
8300
3644
4705
488
8065
432
3683
598
3826
9019
1251
6237
332
926
8844
1363
3108
9577
9878
3264
8134
5779
6548
9966
9945
6355
1488
997
4077
4
2979
6356
1498
4591
4239
7183
6654
4309
7529
2049
6104
7519
9418
6617
9692
8470
2610
4254
8259
8692
6914
1758
5643
9084
4722
4888
9525
4942
4795
3366
7651
2883
5905
3715
725
3264
121
3522
4943
9564
1926
1773
7405
5122
3616
4669
4893
3072
7296
2935
6778
1828
4131
3714
5858
19
1914
5384
9936
7583
1040
3713
5003
7969
5845
1159
2756
222
9970
6706
4771
3909
6914
8346
1650
347
5392
6657
1635
3767
5410
7413
548
446
5946
638
6864
1122
4965
8911
7051
7269
5919
3217
1864
8637
4757
6754
2926
1577
4753
885
6429
3717
3773
3293
265
1896
2427
7256
502
8534
6421
5375
6972
6936
8720
391
8917
5753
3925
2573
1437
2873
4060
6719
4721
426
2501
9944
1948
9549
7724
1784
307
1501
1378
9703
7198
3323
9824
7542
8265
9733
4827
8203
2132
2453
4626
7769
4797
5150
5714
14
1170
1152
2512
4557
778
7549
5911
6146
7632
6030
4503
6733
7610
3113
6982
4854
5660
965
1185
9119
2112
8932
254
2670
8379
1072
58
4681
6747
5804
2662
8105
8823
1311
3947
4814
1074
7336
1453
2332
5664
8904
4152
1967
6014
1062
6039
6505
6041
8330
3809
6754
3917
9385
4746
733
6234
8795
3480
4894
1907
6502
7449
1778
7736
7834
9327
9057
8798
6467
9171
2077
1082
348
2898
3470
5793
2456
580
2254
5904
1922
697
8798
9967
2350
5212
1627
5488
4417
7753
8675
9104
8782
6270
5309
615
1955
8261
2285
6768
5001
9160
3518
9548
7596
3656
4274
5176
1791
5905
7638
3825
1684
3489
9982
3929
2147
8020
7479
8166
4141
3319
3805
5040
9844
6419
3817
7844
2511
6197
4015
9616
1292
4552
3970
5325
8883
2487
102
7776
8067
9154
7636
75
8411
4129
5346
5246
9837
4972
6243
3257
3276
3473
1882
3427
6094
252
2609
7030
912
9662
3100
7485
3059
813
4682
2731
9901
4379
8417
9094
6145
3553
164
4292
3396
3461
8049
4433
9466
6954
4751
1157
9378
3215
2598
2126
1699
5435
2633
9122
1231
7990
8687
5921
4264
5601
2740
6143
4306
4204
7636
9724
8129
665
5189
2147
6534
656
6614
1660
101
476
9233
2849
9759
4671
3893
8379
1662
8072
7346
7671
6621
7897
53
8483
7375
8462
3534
3734
4393
8181
4167
1932
2088
7606
4438
436
3677
8220
6239
1128
1452
3449
1531
846
5074
9809
8847
2188
5347
6863
3415
2099
7990
8658
31
2401
6460
7183
9600
5917
7392
2156
7649
6506
5290
2984
6632
1199
9798
1297
3966
8413
1730
5494
6972
5942
1816
7842
7839
1652
3780
2999
4664
6147
682
5296
1918
6800
8447
5896
7423
4959
2932
3451
25
3914
3972
5376
8858
1631
9182
6645
1737
6559
6427
9908
8826
7661
2777
9201
8874
9377
4349
8329
5935
1460
9686
5100
3146
3606
3179
1199
2081
635
5619
1966
3318
8402
1672
8100
4907
677
7229
4611
8869
5666
5186
7355
46
9765
585
2548
3505
2103
8615
6975
5359
4605
8390
2904
2003
4699
9075
3398
8060
6508
8207
671
7861
2915
5738
4052
1174
3507
1536
5135
3336
5127
7461
750
9243
3689
8310
2699
1772
4512
5555
9006
3369
237
8094
9706
5040
7237
2860
2870
4828
7746
2875
5493
1875
9307
370
4636
6517
4150
4861
9464
1570
2287
6005
6758
5608
8575
4125
2895
7597
8129
3495
3180
5849
9340
5341
9884
6671
6122
476
6191
9183
9577
512
4129
9919
3682
2563
7388
8210
7592
3684
631
4997
3717
6105
3410
1338
5385
4867
5917
2697
4552
7645
3172
806
492
119
160
5654
4754
2370
5273
4112
829
3673
2603
4950
6510
5816
1922
3823
6225
9283
5935
4780
5791
2287
5968
7947
6354
1352
5398
7303
8300
4902
3364
4131
5468
6427
8400
2999
7468
9305
640
6324
9733
9808
4837
4258
5498
7642
3705
8101
4909
2601
3055
3659
3350
3668
8942
1350
8466
7605
7355
9426
5661
5565
4746
660
9867
1113
4379
1001
523
1630
6356
3336
7599
5079
8636
6196
8787
2084
6003
7479
3855
3830
8551
5086
348
1698
8413
8433
3943
6162
7039
4436
6107
3478
3247
5748
2936
7831
8572
6124
3760
4630
9023
7245
5485
732
1055
222
8966
8947
6389
3588
8214
3860
869
3536
543
4155
1494
7948
3337
3282
219
2439
4553
2234
7747
8685
5766
351
5619
2990
1584
2226
6593
9633
5653
6172
8153
4671
2281
8094
7236
5384
1233
7650
3047
9452
1470
734
8594
2799
918
3494
6334
9576
5800
4889
3123
6668
1301
8067
6243
5103
2796
847
4624
3957
3825
1200
9464
4307
4896
9165
3773
3952
8568
4469
8979
742
1895
8045
3350
5514
5299
9116
9492
8520
5771
6062
6239
1420
3119
701
5405
4132
1075
1377
327
5297
7072
4789
7893
8222
1112
6728
1127
6151
6116
8692
8267
5938
9827
5410
8835
5482
1340
4329
556
9493
5821
1238
7473
526
1422
2612
630
9880
958
2600
1894
6148
9135
2428
793
1951
3849
3702
7292
6302
6431
3110
159
5798
7947
6141
8219
81
3854
1432
8277
6617
64
6
3063
3883
1712
3573
2303
6414
3027
3859
8616
621
924
7633
9654
6831
4903
7247
8216
3660
683
5480
850
250
5678
1889
3954
4892
9336
5013
7719
5498
2053
9818
4660
9219
4156
3500
1894
8887
3384
4099
789
9057
9415
5464
7039
7544
4839
7458
3626
9183
1239
4521
1944
7922
5863
6097
9965
7267
8849
1409
5395
6612
2590
3102
4719
8556
9455
3732
8676
3661
8489
2062
7924
9021
3547
4699
9051
7124
8096
2703
7734
4002
9452
1235
5144
2691
2712
2821
9848
9099
3924
2805
3336
679
8173
1837
4829
4517
8520
4930
3590
2276
7163
7591
3744
9986
7588
4207
3402
4716
1306
2492
1004
3004
7098
1279
6158
57
2728
5997
5642
1709
6286
8208
3634
6662
3957
7934
5316
3634
4706
36
9646
3018
7539
9330
3415
7273
9961
808
1586
5799
3737
3555
1818
6231
3479
5918
1548
7681
6826
452
2738
7986
3582
3184
5959
3200
2321
8532
2436
7718
6089
3328
6094
8274
7747
7750
2814
48
5175
9259
3346
586
2257
6565
2946
5067
6631
2195
2143
4620
6053
4148
486
7750
4929
8386
3810
7027
4370
2560
7278
1577
8155
4716
448
8467
6920
8763
4910
7224
4977
3743
2737
5531
1369
3945
7499
2621
3754
8852
8576
8696
9471
8335
2490
8693
1147
5855
6241
911
3092
2658
7948
6138
2509
2307
3548
8181
1921
438
6985
6854
4092
664
2680
7895
8174
5298
761
6032
4786
4401
7243
373
4640
669
3439
23
7261
8840
710
3608
8857
8312
4624
9765
6752
8351
5447
4547
1065
5176
8318
765
3498
7213
1817
346
3083
835
7246
4
6289
9539
5992
3385
2822
8317
3604
9253
1753
4683
9030
634
1493
5046
4696
2265
5278
3173
6943
4365
3277
8070
9467
5069
8828
8020
4339
8019
8712
3299
4101
3488
4819
4168
1626
44
9672
9045
9109
6820
1967
9087
323
8115
9658
9627
8512
2549
1218
7899
2299
2960
3372
2152
1764
9885
1277
3405
5953
7200
9885
7659
9646
44
7882
8245
9394
3620
9012
7564
5160
3586
9135
4683
2675
7101
2073
1716
960
3783
7231
7568
5195
1052
5137
3007
7691
6001
5678
6984
6101
7284
2715
1486
3653
5805
8471
4507
1814
2446
3962
7358
8285
296
985
6485
8845
9938
6034
7682
64
8881
4422
5988
2626
2373
576
1961
3279
4811
1873
5203
6569
212
8768
1138
1015
8902
5568
6418
5228
9186
3437
720
9964
7093
3706
2445
3215
4262
6135
6521
6909
6661
1926
9443
2032
838
1135
3135
3085
916
1796
725
6536
9094
7157
1862
1867
4844
1706
5522
8301
9020
7731
17
7540
637
7417
6322
3596
3145
9437
2011
4638
1773
5703
5701
6217
5739
4920
9942
5139
373
3214
6075
7072
9382
7306
9045
5595
4873
306
3972
4848
6540
8201
3077
6807
9377
9727
8906
1673
1080
1375
9340
1261
7523
4962
6049
4864
4464
9164
5652
6602
1650
7984
1721
2767
8938
3574
5811
3636
1114
6311
1915
974
5882
1822
803
6057
263
7676
7703
4851
2124
3666
625
3014
7140
9929
2634
7514
6376
7619
605
5110
1413
7852
4133
3921
2568
8130
7158
9724
7801
1927
8684
4301
5721
9899
8504
4605
6323
6728
1325
5402
8099
7380
9719
5640
3228
4843
2152
3658
9459
1426
6393
9841
2731
190
4515
2616
5962
7147
4254
6721
4923
257
8282
5135
8173
3445
7923
1851
8780
7010
7677
519
9808
9629
6004
91
3963
2322
5457
1714
2309
7746
5727
7086
867
1625
7967
6710
2860
5676
3176
5898
6679
5819
4201
3371
7361
6665
9988
3195
3733
5329
2424
7171
3102
4104
2784
608
2538
7309
842
70
1237
6365
2328
290
8836
2715
4312
9198
3515
1045
190
1854
7285
3197
4049
6406
5721
138
9336
4100
2833
3036
6072
4752
3146
9974
4206
8981
539
5311
460
7391
8498
4203
6627
3368
2861
6478
1290
193
881
3089
7189
8881
8054
1582
513
3395
9733
9486
4280
5972
6814
6103
8600
820
6998
8752
7648
1346
9195
583
3640
814
2645
2109
8083
6237
1236
5235
6547
1379
8427
1355
6435
3149
3012
8752
1159
9708
5572
9440
8352
6476
9539
4059
1589
113
4760
3251
44
4646
7530
535
6378
125
8006
2636
4626
8398
1757
994
6280
3200
1162
1680
5764
4193
3233
2423
2018
9327
1893
3130
5005
8457
8611
1813
2988
780
6888
4280
3726
897
1934
1730
4500
2454
4359
2464
9583
1166
3488
6413
637
6288
5141
9296
1927
9721
5805
4255
3933
7069
886
1082
6650
693
6100
9241
9413
5525
9821
7363
516
3675
6461
2724
2120
1037
2516
2106
4535
8286
2964
3803
3231
7796
5843
6992
1302
6471
7901
6649
2548
2437
5125
8389
5589
8556
6348
2326
720
8929
6185
9777
690
4928
2872
2766
4152
9527
6867
9197
8801
495
4628
8731
7948
7523
3372
3844
6563
1028
8295
6049
1447
7990
2558
6958
515
9719
2268
6681
1221
4971
1741
595
6140
2247
2610
9328
1687
5285
4307
223
9131
9341
9886
7961
8960
3521
5994
470
2078
2152
4149
7455
6868
3614
5798
4825
5684
6499
8747
7623
260
7286
4438
1691
2380
9908
1829
1580
8874
8602
6068
4060
4908
2149
397
3673
8027
9300
1431
994
5914
9003
9363
2138
9212
5242
976
8999
8532
7821
6212
5549
6179
3751
9840
6919
3830
8693
1687
9131
3440
7537
6160
1117
5776
6687
7332
5206
3345
3461
1205
1775
9372
2214
5459
884
2509
2778
6926
674
4284
1980
4387
2090
2359
4665
1956
6744
825
6911
6268
3736
9219
4624
743
9681
3307
3579
7831
7877
5858
9230
1333
4878
8271
23
5299
8479
781
5521
6740
8116
7871
1542
5751
5970
9194
5084
7974
2743
457
2271
9426
335
7394
2805
3116
4699
9313
2215
355
2307
975
3395
9280
6415
2488
2639
566
5342
9498
6189
883
9286
5619
9085
9599
146
7509
3055
2957
9550
2104
4855
9720
4241
8844
5004
2478
7533
5167
5657
9461
1190
553
5382
8712
8370
9654
9580
5037
7978
629
757
5736
1531
7560
7929
6338
7039
948
3319
7135
164
1316
4270
9046
4772
8080
1482
3724
4355
9597
497
7002
2876
742
6340
4041
6377
7698
5761
2664
3560
6077
5890
384
1486
6646
3749
367
5613
1933
8081
2279
2666
7149
2954
2926
5797
5746
4990
6631
5874
7600
8957
474
6474
5759
7884
227
4645
6694
9849
7258
6989
8980
7193
9686
2548
6975
2482
6527
6452
5063
3542
8807
1109
4118
7725
7845
897
651
3332
33
8305
4522
219
9211
3218
5432
9255
853
3803
5762
7442
1958
8305
9263
9348
6256
1752
8629
6910
6911
4522
8289
4949
318
698
2910
2346
8823
5536
2882
6169
67
1024
4206
9308
5443
7484
5390
255
4777
4714
4801
3518
165
9425
1472
6432
1559
6624
127
6223
6169
5466
6704
5270
8179
9509
3953
1117
3544
8317
7747
5790
7792
3204
9404
8298
4215
1257
1939
9955
8652
7381
6821
9613
4287
4826
5335
4904
9890
442
3489
7204
5728
4526
1381
2896
8770
4203
4403
9866
8405
8145
720
8757
874
8737
5719
8742
4727
2704
9910
523
2417
728
7542
7442
9547
4349
6384
8746
5469
526
7638
667
7033
4635
2900
9383
4196
2921
398
3411
5089
5657
4294
5177
6992
5149
6560
9454
1987
9019
7485
8045
4483
1931
6477
5590
7947
8637
9323
4846
6206
941
4427
2120
6479
7164
1205
9309
6388
3143
6817
135
3329
6374
2088
4796
6102
2342
4429
922
4275
1929
4401
2313
9172
4303
5193
5275
1692
8533
7071
354
7316
6489
304
9490
9585
7427
5919
4549
5
9195
5390
6388
5580
3002
3445
3608
2234
9230
8181
628
3113
9943
4364
9814
260
3060
9064
4656
5539
4257
2708
3807
122
3484
5859
8641
9111
6796
3024
1152
2277
4977
304
4507
5897
961
448
6955
6888
8521
1489
229
3443
7279
9880
4152
6091
1358
9231
8743
3750
9937
1779
9094
6354
5730
8743
5638
8622
5099
1025
2121
7133
7099
1753
729
968
2290
5931
9780
3439
4954
9947
980
1674
7106
52
8306
5260
8714
3538
216
2264
3938
9392
7547
1325
6833
8928
6683
4312
9918
3264
3906
3672
3875
3475
7998
4339
9205
7114
6886
9615
8683
9049
865
2800
1612
7290
2761
8377
4621
3806
4573
9188
7001
4899
4450
4240
2312
7332
3962
1214
5158
4545
1963
9281
325
1025
3734
2531
8975
5111
3728
3099
2125
2227
8194
4242
9206
503
6929
5311
5915
5987
2430
4275
2973
1697
3198
4516
5532
9122
7292
500
7190
9252
3771
8283
6930
5490
4409
3978
7394
6341
8571
4507
1593
1839
8062
6299
7330
2959
6729
5552
2785
2845
3648
1811
3119
9159
742
9263
898
2756
3517
3291
7127
4237
461
1351
9204
6862
2771
3128
8745
91
9758
5855
7125
3617
6796
4107
357
3754
5883
7691
3485
6068
2990
5317
700
2660
4648
7652
1328
1344
7277
1394
5724
6658
569
491
359
5470
2002
5358
1525
928
6350
4867
1287
4343
2656
664
9977
3843
2097
8585
86
9562
116
4233
3637
4337
299
8848
5266
8572
8637
8345
3051
8392
7118
2256
3964
3345
3697
5456
9691
6143
5097
1923
4155
7721
8077
5025
2848
5607
9742
5985
7117
4996
6514
438
5933
7332
6980
5547
295
6466
1124
380
1191
8438
5871
5319
3286
3846
3477
7629
3084
7936
6149
5864
5273
6272
492
5159
4072
4968
8256
9880
1342
7632
2997
9310
9147
2455
6230
2215
2880
2446
2906
3472
8333
3847
5057
9830
8522
3106
500
2693
892
6787
5879
1295
8554
2074
5771
6462
9383
8925
3959
713
8589
9708
204
6154
5682
6517
6793
897
6162
6785
2520
2070
6693
5513
7979
7682
5615
2334
6595
2757
9038
4866
2721
4873
8575
2040
1696
1361
636
8387
3739
2065
3600
8268
376
4541
6499
3566
2882
1070
9158
3945
8582
6086
5230
218
3472
4568
675
1388
8061
7644
70
9513
4903
6333
6940
7137
8536
9381
3881
9339
5432
9650
76
626
3102
4445
5000
4659
262
3166
9847
196
5941
8273
3529
8676
5484
289
8801
2921
4703
3887
7163
400
6541
229
2494
6948
9252
1991
9753
3678
5560
9578
746
494
5880
7366
8025
322
5161
106
5269
4917
4872
288
2054
922
6078
2778
8717
7036
4095
3904
9234
9893
3954
3851
6097
7313
9507
7457
9339
5861
8550
8174
2446
8023
9752
1627
4104
2815
3258
3828
8494
5058
8574
3776
6298
6320
7258
3171
8957
3084
6714
1255
6349
60
3881
3327
4193
8538
2201
8552
4136
5027
8677
8704
7390
9776
7060
923
2084
569
2971
6163
2419
1821
5443
3863
3220
7407
2135
7556
669
6047
8933
7705
7868
296
2536
2522
3572
1944
7655
7215
2431
1366
7734
7991
8744
1115
4447
1276
2774
2593
1041
8712
9764
6730
8305
7497
5932
1662
3660
1532
8466
8711
2482
4197
7871
776
7266
9172
7457
8024
8401
2710
4271
5356
53
6063
6291
9677
9649
9861
1445
7875
2531
9409
3798
5215
2229
4037
5121
983
9957
3521
507
2175
4375
2416
9077
5320
7925
6865
4961
8439
2059
7353
4923
1079
5915
6753
2543
1125
9399
9275
1226
1609
1488
4122
7733
7530
8088
4824
2419
2970
5924
7429
9473
5324
6142
5293
7994
2884
508
943
7170
8006
1444
3455
5994
6267
5290
1289
6511
1655
2275
5127
4349
1039
4145
7757
4092
1538
6258
2859
5178
5849
2439
9271
119
5571
1619
4208
464
5255
850
1892
9705
1242
1808
9228
9943
3343
1291
6602
6181
1192
9578
2411
9380
1026
8881
1987
563
2473
1054
2050
6077
2102
5331
2980
658
7194
9978
6700
3120
5114
6188
8892
4895
5567
8066
6677
8241
8550
7832
2877
3588
2275
6891
1697
3516
7518
764
5672
7444
5118
1101
5787
5869
2156
9388
8870
556
4486
5421
4591
5143
5849
8296
7314
1651
5942
3032
49
8523
4305
9090
5818
1080
5121
6105
8819
2611
4684
5862
5926
752
3395
5629
5056
9498
2388
6080
3880
5410
4361
40
3414
5919
8335
7831
7270
3979
278
2713
8741
6185
6361
3831
5387
8038
1998
2335
6852
6075
4665
5981
6261
7603
7696
1973
753
2874
4423
345
4626
2443
5329
272
5980
9236
7646
7571
7267
1937
6194
3681
2983
9453
6020
9566
2890
443
1423
1799
7
8369
7080
4661
6166
7277
525
4044
7806
6836
9715
5932
1792
6475
7157
5574
8701
6747
3883
6224
280
7824
2982
574
9474
9599
9677
8870
8497
8444
1359
3997
7777
8438
4631
7738
2421
4440
995
3616
270
7765
5186
3596
7491
4932
7658
465
2522
8235
7663
7320
1011
2732
3336
5249
3243
9734
2615
744
7215
3687
2141
8546
6761
5958
3994
934
8379
9881
4657
393
4646
5796
1535
5993
1615
2842
8137
8744
4715
348
9918
9506
7440
7641
8571
6099
5502
9596
457
2862
1322
1746
6589
6977
7665
4482
9454
2744
7387
6278
3005
3176
5863
5464
950
2270
5196
6496
2823
4493
6227
9786
6695
8465
5238
8200
6169
2701
47
8326
3923
378
9836
2094
4278
6128
4421
7952
2788
3578
3906
6194
6261
2381
1417
3551
9946
3228
3210
6864
1188
4649
6652
636
8489
5369
1643
8362
1553
5141
8782
6072
5865
336
2247
1448
6297
5970
4837
7429
3551
773
9910
7337
3840
1233
1462
6801
6668
1885
240
4723
5697
8560
495
4806
8735
5812
701
2415
6392
3053
1283
8312
5726
7620
7033
7554
7794
5177
3196
2376
4314
8864
8228
5499
8703
4848
3828
151
4239
6611
8795
2278
5837
1858
4369
4654
3061
7787
1465
6461
7654
7502
6699
4174
2211
6874
6347
2254
9869
2718
9742
5600
110
411
4673
3215
6251
840
5959
7952
1211
1517
7518
2906
1732
9840
3968
3476
7035
4537
6416
1686
9519
9540
4510
8444
3847
9053
4997
2841
8538
7553
4512
3451
9166
2516
1530
5339
2071
4907
917
9878
766
4504
9660
7647
3047
9710
5715
7157
1069
1271
9259
2102
1699
1750
7131
1642
8178
5209
2309
6430
4326
8134
675
3146
339
8003
8310
9014
8649
721
110
229
9620
8828
8272
8411
3092
9705
9467
3925
3592
9773
4277
5728
7675
2674
7699
3430
1568
6661
9282
2579
7843
7565
1598
4436
7637
2247
1631
3863
2795
7767
1616
585
8356
3196
5489
3179
7613
225
9329
1892
8076
9193
3497
5149
7790
718
8247
6747
8066
7261
3302
3149
9860
972
8706
2926
6573
3475
4129
6315
1466
7899
6639
9965
2438
7894
2019
9397
1307
1994
5475
9872
1856
4986
2471
6602
5758
2363
8598
614
4635
5315
3326
9036
2651
7950
9490
5300
6450
7039
688
7319
1555
5957
1120
5366
9278
5584
6149
6430
1737
5457
5362
8483
8410
212
8782
908
7386
6005
6655
5691
5372
5986
118
3437
7540
3791
3914
7608
3020
2938
5621
3146
8921
9061
2244
52
6263
8335
7988
3906
641
2513
4429
5877
6271
8638
2204
9270
2553
9215
8975
351
1371
8820
5756
9740
3907
4412
484
7415
9315
9421
5359
2896
5074
7361
2799
9095
6329
6129
2789
3807
5458
3598
6631
9214
2899
2199
9917
638
3888
6744
3584
6968
1676
2273
285
8570
8277
2361
6060
2395
1012
5046
603
3171
787
2367
573
3551
2219
8811
219
8151
3182
8285
2982
4413
5542
8775
54
3496
2830
8510
1077
7196
8861
3875
4663
8484
9942
9035
4304
1607
5534
1817
9903
3954
8499
1227
1339
29
4653
8552
8974
811
6054
9394
3775
6814
3125
4437
7068
1470
4099
9357
1133
8614
4207
8061
8440
9091
8083
2101
7329
4496
167
9920
3499
3031
1221
7710
5376
2236
6916
1374
2970
9767
2506
8111
2076
1783
5598
7838
5149
2113
3949
4673
6356
2962
9150
716
7091
281
9233
3302
3250
6324
8132
4685
3606
9909
4117
1181
9833
1624
1983
8133
9081
1201
9720
3179
7466
4581
2835
9133
4869
6408
1535
1322
8644
5417
1710
9463
4059
1721
3782
8517
5141
8545
9818
8392
6202
2283
1082
8096
3895
9818
1697
852
4405
7094
1137
6978
4801
4523
8429
3664
2150
7741
4341
633
8463
4866
4615
5327
7927
3074
8332
516
6783
936
5088
663
2929
2480
6594
6297
8232
585
9633
9365
8273
5021
7500
3909
4455
4707
2275
1619
1368
8690
9858
5967
797
9608
6224
1980
8262
2178
8077
1088
6045
8208
8991
3987
7322
1949
4151
9498
4859
2979
5941
2258
5140
6553
9085
7325
7434
1129
9093
6578
216
490
2440
8012
8147
2002
643
3897
1499
4343
9076
7963
4251
3145
227
4951
8415
6641
1088
7827
4865
8254
5044
5370
4943
3130
4036
6692
5753
9580
6079
1718
1612
8771
4673
2032
6104
3420
9032
6592
6007
1762
7604
6694
8988
2792
9369
3319
555
581
7721
6606
9172
2466
8427
1796
8245
2370
2394
2080
8047
1641
381
840
5779
281
818
1121
5671
5314
7757
7386
1189
1458
50
1774
2887
3136
6338
9891
7
2111
1467
2538
3337
5889
8616
3047
3774
6940
614
1204
8269
3600
6731
6823
5462
4481
2870
1950
9290
4225
2310
4794
6857
2055
2065
2552
2690
234
2884
1866
7391
2216
6012
5793
6408
9887
6763
6888
5043
7899
7025
9562
6181
7574
4842
7333
5853
6517
5255
5610
2955
9402
8097
9975
7062
9532
3296
2287
6431
7467
5298
5289
3249
4541
1592
6402
5333
8762
9349
5829
3520
234
4245
9299
510
6689
902
5944
549
2951
8159
8300
5463
160
3139
878
2373
6057
5771
6123
5312
2086
6735
7062
7451
7270
2034
9677
84
4447
2562
4350
9269
5011
5791
1063
6620
7367
6935
8331
7475
8439
8003
7312
5449
4575
5476
6641
7649
3912
3445
1841
5636
8304
3250
3291
6270
5442
5015
1723
7943
5636
4489
4992
4137
4124
559
4144
3160
4278
2332
6848
3402
5480
5780
8248
1187
5465
95
1871
7153
9556
8240
7693
6085
8279
8144
1393
3715
84
4890
8186
1114
1783
2697
2404
1677
3764
614
9620
8079
9755
1063
9237
2687
7
8532
3885
8292
3387
4692
3382
790
1996
7091
5675
8914
7542
1776
5866
7882
8391
4910
1593
7909
249
8283
819
3617
9970
3624
2197
3150
2192
5735
2516
1443
8616
900
5518
6788
6201
7771
4168
6071
592
9590
8480
8553
6328
6167
8236
3165
6901
7795
1198
7506
8067
5732
9618
4624
6073
7672
2766
564
2587
8563
2876
2674
2727
5985
3703
3188
689
5880
4279
9624
88
4727
3033
5726
2027
1248
9394
6845
8602
1474
1083
5624
33
648
4632
5881
5992
8835
4978
8001
4393
7465
6297
3756
8287
2291
7859
1806
2246
4640
183
7166
7144
3056
3991
6675
779
5426
2928
6375
2025
4944
2286
4389
8535
1871
9858
2894
9138
1914
3743
8258
6246
2052
3913
9797
5765
9973
3167
9841
6668
7741
7262
892
9170
6628
3659
5531
4972
7420
414
5321
2215
7087
4514
7057
5340
6672
3284
8446
6102
1737
6993
1698
2303
2041
2474
4137
8632
142
9216
2624
4883
3873
3723
726
7708
4045
3767
7380
6708
3542
8861
5219
5353
5449
8915
5556
8901
990
7632
3951
1210
4330
3887
1013
3864
2884
2741
1383
461
6454
1477
5230
3379
3082
9286
3137
9223
4803
376
3892
503
970
2409
9114
3693
8211
6809
3689
5225
2548
8621
6894
5136
7428
4168
8781
4934
9949
6260
9874
5363
5685
9654
2786
84
4477
5564
5065
4286
7326
1778
6710
767
7034
2754
6515
9905
6156
6497
7179
1140
8165
8113
441
6574
8215
8176
8424
3481
332
5631
9530
4522
3008
6513
4061
3972
8717
3847
9994
7127
7705
439
2585
5812
865
9394
6421
2779
4047
5496
6506
8604
1505
3126
1029
4743
6154
6959
7279
9964
7206
5944
5635
4430
8652
4405
5927
1492
6119
9601
7941
6360
9015
9436
8510
6769
3221
6310
8106
2253
8993
1232
7099
1507
202
8248
8496
9832
3959
8657
8469
7244
9042
7794
1170
2249
1684
1904
6788
9832
2955
6938
4140
7894
4348
4188
6618
2009
392
9260
5649
7600
5837
7920
189
828
3368
2727
2668
7569
3813
220
6916
4336
7728
4397
8221
7291
1420
8498
219
2912
5430
7757
1555
3874
8190
7393
205
5271
7145
3196
1314
1348
4780
6067
3535
5432
669
6851
9037
781
8417
883
6115
1333
1844
7701
1968
5031
1646
569
8568
8048
7836
1613
9850
3958
5135
2767
6096
3002
4184
3616
127
5028
9437
1425
8582
1510
4708
8103
8585
8358
8700
1546
351
2468
4362
5173
5559
4357
5615
1844
7988
5187
8226
2832
4514
4181
2224
4633
6420
5021
8129
5658
8955
4439
7487
6483
1867
3371
4071
6215
1423
7633
8689
7448
4226
291
6643
3001
1655
1096
2256
774
2056
283
6397
7025
9446
6554
3754
1593
5165
7660
7084
8342
197
268
1911
4786
5279
2092
8441
6028
969
1624
2563
5610
1593
2519
515
6558
4157
1299
8780
881
4165
4005
9343
7779
3703
8194
3474
7489
7313
2217
1515
9464
682
9723
6062
8349
8561
2468
7986
8174
3290
3823
7284
9147
7568
2008
2769
2074
6734
6117
720
7749
420
8550
1116
6550
4775
5656
1403
2773
8344
2195
9651
7676
6714
9268
4416
4960
6098
4998
5805
1749
3615
6560
5249
6898
3004
7454
1435
8938
2700
9173
4831
3457
1709
5511
7628
2971
5063
563
932
2724
9179
5903
9032
4243
3448
4722
1276
3549
6843
6394
4144
7173
6807
4404
4131
4700
9441
7025
8621
7083
8615
8129
7462
4141
42
9234
142
923
807
7998
3108
9703
6297
9834
737
8174
9358
6303
5623
5442
3384
1691
2244
3819
636
1217
5265
5748
7123
830
3490
9600
8132
1570
675
3690
7697
4333
5140
8365
7422
2229
2254
3455
8602
6933
7296
9699
7642
5095
1596
2605
7379
8990
371
6893
8290
9729
1409
2894
8543
8891
6929
2518
5515
7344
4136
2935
5744
6588
8583
89
5376
8639
6192
1562
9206
2981
650
5589
1923
688
9234
5368
1123
524
4264
574
447
4481
9910
3418
4632
6793
7273
305
9300
3718
1859
3935
5617
5452
3056
3360
155
7813
5344
5039
5062
2400
7440
9648
139
5887
4941
6257
2543
4672
2508
6897
1678
8030
6806
5481
5703
5971
4848
7808
4055
5256
3571
3017
1968
8342
6487
9477
5909
2279
7342
9158
9865
9064
533
9490
9366
5803
884
2592
7682
7101
8609
7988
9565
928
7415
3688
6042
2368
201
9677
8379
1778
529
4594
8725
3176
9673
4332
3643
3522
572
1639
331
2667
791
5021
4327
8850
3963
8951
1125
4857
6991
6760
781
7895
5820
721
4071
2763
4359
1708
8175
2955
6752
6670
2842
7468
3927
7700
7214
1179
3020
8638
1389
1835
8022
3229
4557
1876
9946
3432
5142
2285
614
5964
8092
3110
4752
6370
934
9804
8861
702
6525
7325
5990
9258
1356
2613
8309
4729
3721
3465
1248
7560
2633
807
3287
2102
9755
7895
5107
6833
8827
6502
7556
9242
3579
8298
2035
8172
7258
1286
3862
2313
1230
8523
5476
1500
6914
8536
3100
1724
9769
4249
9942
108
850
2536
5921
7409
4458
9033
9282
4478
2031
7108
1673
9200
3043
5864
5098
8351
4217
4650
6345
2673
7233
3021
1200
373
5306
562
6864
1838
675
7268
3416
1124
2775
4237
8434
4694
1521
9953
6171
7743
630
9863
3881
8581
2783
4061
7919
8515
1750
4
1190
3403
3168
4704
3216
9649
1464
8539
150
6742
1509
2109
677
831
3858
7207
7051
688
6088
2518
9656
6146
2255
8582
8819
2788
7936
6223
6548
9363
511
1945
4982
1556
112
3632
4558
8480
5930
1392
6860
3690
1783
7899
8758
3158
5745
1114
8390
2966
2656
6104
8377
968
3118
1602
970
8080
6304
5623
2449
3756
5208
3753
2867
3438
1234
7635
4690
1286
8013
6442
6141
1842
666
7333
912
8430
6338
4636
9602
491
1677
7280
9682
3226
1458
6798
7954
2579
4834
1913
5681
1038
5340
8670
1508
9381
5797
1003
770
9334
3363
1315
1440
532
160
1263
5470
2474
779
3424
9487
8681
2187
2404
9253
572
208
2438
7461
3063
7302
4709
9585
4926
2419
479
1993
7147
5914
7097
7543
2164
5640
393
410
420
2164
5776
5953
3076
6218
3327
6064
4900
916
5036
838
2590
1624
918
1317
3975
8751
3193
8195
5164
8861
7711
5818
9577
2887
1925
4022
6936
107
5934
6329
8266
9739
2851
8054
447
6976
5065
8776
4027
2282
836
3256
2657
276
1510
734
3914
5337
1880
1434
8356
582
8235
4650
8608
8514
3564
8010
9605
4271
2750
4744
2551
5858
1346
7655
5313
5061
8042
9048
5857
8120
4955
7090
5179
4311
4423
6413
7744
8059
4948
5232
5213
9644
4133
5690
664
6110
6101
5275
8571
3164
8896
8499
3908
8052
3143
3490
8017
3523
7348
2035
5478
5246
6915
7870
1845
8403
9719
3007
5147
6166
8201
3378
3879
7655
6359
6574
2454
2247
7824
2540
6216
2741
3789
7220
9524
5353
940
4894
681
6895
3697
8298
8677
8202
2295
4579
8851
3402
2104
9480
807
7212
8438
1891
7375
2275
3350
1648
842
5604
7537
972
6327
3983
8880
8035
5997
8904
2026
1602
8682
6807
7865
8418
4401
4955
9325
8832
6284
4
3829
4059
178
2332
2238
4586
8040
4261
4327
3950
9195
2886
2505
3970
1307
856
3510
8420
1719
4612
2881
4133
4583
7312
7975
6530
9449
5285
9833
6769
7533
5030
6716
7455
9938
9775
8229
5250
2365
4740
7163
3642
9050
57
4736
2658
1802
4871
2419
9948
8735
5823
9495
3121
9657
4868
251
4506
5808
8054
4932
7198
5572
5021
4249
3338
4442
2115
6071
6
1723
1322
2355
151
9325
9649
9409
2816
6054
8146
7497
1570
3038
3626
2137
2829
4058
7756
442
7292
3423
626
7530
157
2553
232
9952
325
9629
7586
5595
189
223
9765
1920
4679
5028
1369
4407
1299
2257
6072
3770
4857
3976
503
8007
7945
2925
7803
4510
3528
8598
2087
9048
7224
762
285
9520
2044
3373
7129
7778
7892
8638
7487
7055
8214
9472
9886
4530
8350
4717
9483
5132
3991
692
429
6739
7331
4768
5968
6951
2827
4106
2384
4682
193
1693
477
7094
5333
2600
6085
8005
9110
4863
2872
4188
4736
2960
9746
4733
7207
3173
2959
8321
4096
6115
7095
7406
5040
3735
7982
7839
7388
6751
7407
4547
725
5637
333
7880
55
8358
1452
4574
9339
6716
4175
5388
387
4139
4025
3508
7775
819
5807
6046
2652
9902
3089
6894
4993
9368
749
8375
3343
4810
784
1315
4784
5805
1293
5008
6570
6612
7887
4958
1837
9343
4179
3234
4915
7396
1517
4766
2801
4721
4709
7765
9489
2764
3888
6549
8037
2915
779
9941
3240
4186
9709
1316
6648
7033
8558
362
3532
8114
5243
3508
6051
6535
9010
1348
9046
7185
9961
3226
1223
2751
3661
3974
721
9997
4017
3244
3920
1257
2175
6784
8076
3660
237
4932
8709
1681
3940
5057
6187
9274
7264
4045
6632
6154
2882
2078
1142
639
9812
8025
178
5997
3140
2498
4247
9063
8082
181
8843
6378
843
5116
388
6253
3965
2332
3042
1327
3847
5337
3196
8436
7560
8458
9789
4931
7308
7226
4954
1773
6013
7722
8168
4844
4961
2765
8191
1469
1177
8512
2265
9545
4552
8799
1445
9902
1692
3879
1979
2530
5263
8517
5481
9289
1724
7646
5479
6967
601
3188
8464
7791
2061
759
6057
6481
2423
987
4603
1150
6551
4918
5610
2052
6385
9580
1098
5803
4145
714
8379
2058
511
6494
2135
335
6012
1981
8762
8891
7159
2684
2097
6552
2071
3606
7195
3598
8693
5304
8068
6043
2393
6095
4927
466
3252
8112
3570
388
7272
6402
3597
6964
9382
1373
2166
786
8868
7863
8536
7612
1823
1386
3916
8772
8252
6169
5602
6903
1938
3249
2140
8653
6104
8118
9437
5406
1588
1965
1061
5089
8083
5232
1147
2954
7804
4818
3348
613
1337
1677
4700
6306
5572
3338
4620
7805
8592
3522
4655
1511
1836
6
2784
212
567
3868
4356
7682
873
181
8919
1927
1053
8245
2589
9630
9299
2671
972
7458
4120
2671
8982
5684
2712
9436
7584
6188
4546
2729
4914
244
3787
6239
3322
7699
7753
7800
7259
4679
7892
6805
2485
4971
2245
677
9826
3943
4822
2898
7606
7135
5187
7547
9418
3617
9518
9212
8996
5175
4184
2072
9592
8848
9526
9283
2833
9065
3104
209
6193
4483
722
5540
8082
3817
6768
99
3075
3955
4433
6775
3421
1118
5001
4198
7291
6831
2474
7623
6447
3584
7495
36
967
2004
3236
9295
8005
3062
3394
8777
7565
7803
8693
3206
8723
5713
7677
257
9470
1708
327
9165
1841
6372
4520
1547
7926
3344
2385
3263
3114
9717
1490
3259
8333
7934
2721
3734
210
7555
6896
3091
4775
7179
7958
4746
1665
8633
1877
3980
137
6023
3862
7971
2899
8740
3771
291
2130
5103
1138
4592
131
8475
2817
6423
8194
9106
3307
2190
4687
5346
3396
4120
8052
2901
9393
2551
4934
4917
5049
6039
318
8789
1353
4793
1968
6516
5132
1026
7917
6903
727
9459
8907
1788
3591
6345
7126
5683
5949
2069
2902
1631
5838
8774
940
2264
3257
5619
1497
3785
3503
4728
706
7478
1852
1320
8243
8429
9311
9641
4104
5359
3863
9333
3074
690
6804
6199
5714
5385
8052
6909
7997
3756
9485
2269
69
5504
6718
7279
6481
7310
3391
807
3042
8333
9554
3975
9975
8740
93
7813
4545
5565
9669
4111
9596
6092
5615
3823
4349
6173
7609
5859
9545
6350
9542
8902
7406
8939
3154
9833
9171
1218
8144
3227
4262
1316
2102
2343
1133
5203
8337
1793
8464
5910
6581
2773
9746
6867
5632
6480
55
2560
7515
5959
5706
2200
8871
1530
651
8636
2757
8929
8936
1176
4532
7393
2629
2388
5700
1004
57
8020
1866
5852
884
2161
8685
7508
603
8437
1197
2282
3026
9770
9343
5236
3721
7168
414
7433
8343
3634
3912
9737
2045
5052
5289
875
5274
7711
6996
7817
9437
7652
1694
8407
886
9643
3668
2397
1171
926
6681
2953
5683
2001
8826
5360
8055
5901
5857
9169
985
9277
3689
1980
4991
2200
9811
4406
4567
8775
9217
3471
5063
8802
4415
6509
9013
5927
9794
4724
1509
5363
8812
4724
8185
4284
3637
263
8380
9192
2863
8992
9590
5699
8489
6813
5527
4592
1425
7122
221
6179
4822
5600
1003
2601
6664
5252
4648
2388
7359
4233
837
3788
7520
8177
7084
9721
4734
500
5127
6563
6797
6828
6098
7868
7618
406
597
2468
326
6136
4698
6459
3897
5122
9081
2497
9490
9474
2274
7884
9194
3331
2032
9673
7313
2199
6536
6495
2718
9278
7322
8367
1121
5778
1338
4825
4014
254
602
7635
1851
1517
2701
2622
4128
9311
8864
7217
9988
2921
6830
7005
5574
9836
3446
9871
7459
936
9964
8278
8774
5049
8416
5150
6934
9649
1691
2619
2247
9863
2687
6532
4408
2441
750
8847
1772
6774
1651
5931
8843
1895
4285
1862
2667
279
8760
6873
7096
1551
9207
8951
4158
8279
8162
5302
2646
5576
2283
54
8361
4674
8418
8792
3574
7143
6951
1079
858
2140
3576
3648
3561
9558
547
500
1261
278
2948
762
2681
8766
275
7182
7205
4822
5412
6659
4242
1178
3012
6723
3187
3644
599
1305
6174
6725
9626
27
181
9853
1991
2993
248
5006
6626
2369
9157
1233
1049
852
499
9393
1725
9740
6745
7109
6694
4703
7618
8446
6538
4280
6480
1068
162
1224
1606
717
3686
4125
8521
8156
7428
8452
6186
8891
3951
5464
5989
9159
5416
8778
4349
5308
4979
8751
4963
9638
2867
1269
3475
4828
1534
6893
5834
1699
2297
8771
3912
5292
9072
2656
9393
6817
4556
6115
3113
3112
5809
2102
3290
5662
4424
4818
3905
9533
9545
5556
8850
9816
6064
2569
4175
9964
4287
4156
8042
6586
1613
6776
3404
8924
9833
9385
2129
1583
6006
3022
517
5061
9511
5424
2892
9990
8230
6959
2662
8374
1005
1369
3522
5198
2400
7392
4638
1897
7233
5491
1729
2416
4642
9454
8685
3899
1378
7971
7243
509
8336
2827
2985
6432
9907
9961
9859
173
3033
342
1357
989
4614
2858
7136
3999
1464
3601
6314
1526
3994
7966
3780
8704
7431
4411
9276
3133
389
4303
3732
860
8511
1616
2919
5355
1786
7740
284
891
4784
244
6775
7154
3495
4843
3021
7125
6783
176
5077
914
856
1222
4079
2063
5346
6459
9334
3876
347
8065
3645
8188
2938
3950
4544
114
5135
6543
3269
5950
9999
2774
591
4476
2983
2452
9446
7694
4741
2767
4884
1544
9605
4785
2355
13
6683
9824
1407
4144
331
4273
2021
2382
7190
3012
7145
1715
3599
8866
1431
9954
8532
8654
567
5302
7001
5558
4285
4996
6568
7109
6686
8080
656
8929
360
7400
7291
4340
8611
7718
5796
9583
2673
3030
3351
1099
4949
1151
7734
115
799
1565
9523
5604
2404
6189
7569
3042
7918
5942
4739
2879
1992
3995
4380
2762
5835
3749
385
5304
955
9468
3621
7513
9601
1684
1790
6674
4996
7675
1375
6307
7073
5007
7632
3552
6753
61
4464
4795
6668
9374
2966
3903
8931
7096
9925
2762
522
742
2999
6120
8078
9966
1097
5176
6184
7198
151
5514
5314
8866
5546
2748
733
9358
7026
2115
5257
8253
5920
5436
2772
4285
7280
715
280
8556
7980
8629
5714
65
6199
7824
3291
448
6724
9545
5902
5831
7207
4047
8712
9368
5197
7861
3559
1014
7848
4924
3317
8768
6982
9330
9175
8594
7495
4203
8090
9738
7624
7078
4302
8413
8675
1361
2051
4549
9909
1609
5316
1506
1263
1018
788
4861
8337
9661
3835
5429
1274
6621
7371
1664
8026
4263
3975
3813
7171
5493
521
9981
7533
8138
6436
746
3927
8207
3557
2411
145
2752
4568
9861
6999
7951
9182
2653
7305
4568
7658
4384
1487
8379
8240
5332
4894
276
1324
3371
6979
6972
4137
7421
2446
7986
898
9799
9565
7196
32
7431
7482
1864
2281
5043
5135
7552
1833
6687
4341
6916
4745
9448
52
5012
5242
7986
9428
7050
7660
9500
9979
1140
4610
2857
3369
7592
9244
1713
9174
58
5742
678
3216
4395
6138
2912
8201
5414
8574
9784
6039
3719
9018
2631
9466
3875
559
4963
6804
7243
7557
3512
6038
7962
4838
3904
9580
6956
3362
4290
8937
1720
7697
1429
2601
3779
8876
6289
9301
2252
6943
5536
7049
4490
1017
676
4841
3212
2282
3675
246
3073
3784
2306
6811
8687
1054
6662
2805
8058
489
2847
5405
4522
6807
3486
3360
2632
2357
4845
9323
7096
4836
401
344
7663
7474
7047
853
8146
4700
4002
3433
1593
7966
9792
8496
884
9469
5841
1257
8691
4128
2884
77
4298
2227
9327
6581
765
4105
4255
3563
3206
2837
6388
8090
4007
6768
3302
4136
2009
4221
5655
5677
3146
7636
7734
7188
9096
42
3725
4179
1286
1724
1285
8418
4045
4503
2862
6262
9141
3496
3547
6162
269
1445
3820
1663
86
5806
330
6530
390
8163
5501
2848
2753
6798
6123
2669
4018
182
1098
6950
258
2489
3743
1939
9438
7586
4140
3904
5117
3275
3534
5971
8013
6914
1862
6725
6718
1436
338
1676
4164
8477
244
6444
1823
5032
1890
3131
5478
5233
4479
8409
3140
3940
9734
1298
1632
5061
1301
8859
2151
7474
2961
212
9803
3886
5968
2243
4972
5999
4634
8086
3741
1797
4682
5242
6948
6538
8711
4156
7682
2536
9029
9107
9706
8029
2049
1539
100
3244
728
2969
2775
6484
1263
1571
5747
5639
9488
6054
1526
8052
7698
1184
8902
7449
5256
2159
2559
8804
4803
8407
3298
3446
