6363
6074
2110
9168
1190
6567
2575
4080
6801
3576
4194
8015
3975
9986
3847
7860
6165
2673
2707
2914
8472
2711
4656
8874
848
2906
3839
4162
2071
5380
9136
9950
3127
2751
9571
7857
780
5107
3348
49
6841
8703
5730
9976
1937
842
7028
2900
2764
1830
7937
314
6674
7835
5557
3844
7926
9214
3182
2913
7699
9065
8643
4121
7040
7794
5184
1417
9786
1557
3226
8139
6831
4012
639
2957
2957
9718
8980
7676
2770
9903
1301
6916
9324
1395
2189
6967
5699
6664
3418
219
1922
9693
6265
1029
6476
4852
9366
982
9053
607
2668
4073
6795
5591
6524
4633
3284
1230
3945
6995
3834
4064
4910
8497
4278
1552
5405
6353
2604
5288
1694
6117
9576
4784
8486
6173
2285
6985
8975
1840
9863
8114
712
2001
1244
9737
9880
6781
9379
7908
2256
9687
1984
942
6445
424
2403
1751
925
4162
7861
7531
4049
4633
2517
2984
6400
2244
7035
8643
6678
6365
3159
8735
529
3364
6928
7753
2692
3653
4567
6270
9472
6092
9340
7167
8453
3018
8051
3227
5670
5485
214
247
1730
3892
4009
1260
2443
226
7043
229
9973
1891
5654
1164
1236
8672
8560
6661
1945
4262
3605
6228
7393
6366
9746
7585
8339
6165
5670
8999
8387
591
819
6969
3909
9087
9409
9316
9094
633
353
7204
1361
9699
5445
8830
4495
7020
6426
2373
735
4800
2864
5218
2681
6710
2383
5448
1789
2329
2932
8719
3991
5867
7631
1464
8031
751
6130
2734
665
1142
9477
8694
3250
3568
5379
235
6013
5913
2044
1783
2262
5957
6576
3351
9221
6441
7860
3175
6779
9566
6293
2774
2235
9235
2895
2081
4587
8986
5715
3058
9
5238
7748
3337
9856
1152
103
9438
5001
2121
402
556
7281
4060
7955
2630
8555
1149
3970
3378
2069
9334
6895
7337
8419
1088
7637
2432
1907
6936
8175
839
6545
9785
3748
2749
4916
8970
8911
4983
7389
3749
2296
8193
2889
5038
3953
8668
8491
6812
4635
6295
7131
3523
5075
320
7228
3718
7039
9425
8552
446
2629
5560
6956
8695
3530
7083
9751
38
4827
856
4873
6037
6509
3292
9280
4148
2875
5150
60
8423
758
7730
246
7132
5623
9391
4072
9689
7714
6826
5939
9492
6505
6097
7946
1762
5462
152
5939
5311
608
6478
3208
3719
8844
5645
7826
6473
7162
7286
3190
6025
1194
4698
6691
9799
2129
5300
9095
3069
8910
16
1461
8445
2553
6245
356
3136
2656
5308
1645
2184
1564
3184
367
3582
8791
45
8274
8519
2104
8828
4577
1919
5431
3107
7121
8526
9902
7132
4005
9972
6969
8143
5124
121
9415
7011
4804
397
4189
4772
7100
1369
3955
7965
4210
7257
3630
8707
2385
7224
2526
4564
1124
2411
1383
9460
1779
4255
3005
7016
2002
6219
8362
1502
7012
278
8042
8706
2448
5305
7855
7890
8708
5724
6297
6377
3727
5963
1613
3586
8464
4786
3222
1440
1528
3052
4687
2394
4021
2842
3133
7114
7303
6487
9174
8084
3267
9954
6974
5470
545
6178
4858
1402
279
5702
9044
52
4425
7430
9954
8894
7109
3806
7953
182
6944
8608
2283
4280
495
2409
7855
215
3183
4361
9515
4050
890
3783
8612
3020
5788
2379
2267
6758
1926
3350
4519
4919
1119
1382
4650
8265
9249
2536
6079
7743
1085
1376
1585
4173
2179
3098
6554
7292
2179
1195
9522
1346
7728
6381
1928
5035
7617
5883
7754
3487
2016
1590
7597
9503
5097
7924
3402
2974
713
3578
1366
2371
4117
7366
1824
7605
1403
5436
6569
482
8271
3896
2182
492
1392
6341
8667
5968
8330
8967
3886
7921
9651
6116
2534
4378
4481
3661
2583
6547
6564
1635
4
3967
3874
2268
3002
1273
3478
406
3566
8471
8571
4618
7455
2161
7293
8161
9926
4270
6585
1486
7960
5273
6795
6071
4329
5534
980
730
7942
3909
3858
1889
8544
6156
8762
9676
327
9401
3709
7127
8305
2595
7856
5012
7357
8995
9521
4711
2107
4082
6086
9921
7680
6370
5713
6053
3517
3996
5729
5866
3638
384
2293
2520
5888
2839
1431
6779
3794
5549
7430
5008
3862
1691
4882
8362
7304
3545
7726
5507
1610
1839
8133
1732
1704
7853
6743
5840
8483
1367
5380
7840
2657
7959
2951
4663
778
3873
6813
8240
5430
5976
1336
4606
5220
2045
7565
6580
647
6705
2068
6674
2226
9103
214
4155
8280
7945
8697
2086
118
1091
895
3649
3319
122
207
4970
4627
8090
4674
496
513
9993
1780
8620
7971
3550
754
2718
7276
8192
7292
8398
7157
1980
2137
6984
8489
3189
5891
6546
8249
1256
1438
3926
2724
6260
5519
1802
9967
4455
2772
6232
6167
6371
3814
8237
2778
3247
2929
3765
2070
1955
3739
3324
6935
7220
6141
4923
4517
6760
4572
6439
5112
8429
4077
8440
9303
3801
9337
2273
3880
5164
5395
9732
9808
662
3096
6059
5150
8461
4578
4553
6120
7464
6845
7389
303
7703
3729
760
2591
416
7843
3514
4194
8927
1331
8778
9272
110
7927
6490
3880
1081
9943
9945
7760
9549
8606
1309
282
4730
8967
5964
4199
3501
9266
3548
4116
3808
7633
6305
6128
2773
2438
7909
5975
3346
4089
4870
6381
1555
8326
7313
3750
919
1690
8706
2921
4876
8199
8588
3465
6034
3911
8475
6388
7994
8301
9810
2106
9248
5017
886
3679
5706
9421
1674
1097
7426
7258
3958
5138
7296
1015
2918
6276
6261
9126
5504
5349
214
139
3341
6259
7844
9026
8757
9586
8747
2410
1160
9767
2284
3374
6742
3529
2468
6234
9235
1973
1224
4673
9417
3869
1110
119
9811
2330
4684
787
6685
7392
3488
9024
2245
4934
4650
907
9988
6170
7119
3534
8106
5460
3702
8422
3355
8172
8351
9198
3075
9223
1789
6382
6365
6786
4683
550
4053
3325
3193
7921
9956
6812
6470
6594
3095
2933
8134
6937
3340
8969
5109
4924
7671
6996
181
6180
622
8431
3223
8662
5627
8551
8548
3844
3500
1293
4057
4375
837
4847
3547
333
9099
7521
5820
2799
2221
8591
3920
3525
4463
9643
474
6812
5366
4317
3668
3177
4640
1613
8612
7465
2536
9777
7091
3006
3397
1323
2674
4594
1494
9742
4870
8519
4667
7061
4154
4455
6358
2547
7411
7443
3447
8232
6425
2470
9944
4585
1566
6104
3651
1478
9386
2005
834
9187
6838
2876
6357
6661
1760
3383
4718
8421
4250
2134
7367
9622
6873
5889
3933
5103
8584
1764
3532
2213
804
8593
6025
2044
4007
4236
9311
1456
9488
2874
3185
3583
5752
3159
9673
5139
9589
9724
3106
7583
3411
144
4239
9023
4753
4579
2530
9531
1367
3122
2484
1319
240
4326
3223
1774
8965
2353
1624
6181
5658
6113
6265
9415
8113
3278
5835
9521
888
3250
853
5452
8845
1164
4034
3944
9800
2314
4735
1329
199
7058
4290
9940
2931
2536
6559
3437
400
7025
5940
4474
8753
9689
4230
723
2614
6337
6280
5531
1730
1837
7956
9513
228
6660
4506
5707
5855
3965
4449
2291
8758
179
2476
2359
6310
1268
200
8033
8096
6574
7663
8321
9174
1183
3765
1592
9855
5580
3485
1367
5895
5139
76
3218
8806
6047
9344
2202
7631
3428
8859
9732
818
9660
90
5724
2567
8210
8154
5530
987
8369
5191
3176
4397
5937
5286
8498
9321
1331
5325
1815
727
4543
4095
4067
9927
6724
5040
1984
6943
7851
8629
7749
1719
6571
3011
4423
8190
1416
7947
9546
4284
7193
2560
6143
5499
3356
3659
955
1405
3739
8538
2005
4885
6454
7200
9438
2607
3677
7368
6837
1258
9901
3353
5387
2688
4400
8997
7915
6694
1736
1857
599
4019
8780
3694
4928
3182
2949
5991
1325
1000
6131
9282
1927
800
9224
3995
3568
8114
1502
9539
6226
4782
417
7099
3279
476
8431
3568
8082
3969
2805
2506
4038
5738
6938
3760
8899
1460
7661
8728
9310
2245
7451
2791
1878
5309
3547
3494
1142
8423
2718
5204
2949
6104
8279
7323
3548
19
5370
6544
5535
4455
3867
1808
6023
2438
1588
9592
4191
212
7810
8505
9406
491
2463
1624
2786
976
6258
496
4838
9339
2725
7414
2706
1454
2302
7941
2004
6309
3636
4545
1283
4561
609
9950
8024
5168
4533
1446
6701
869
4445
6715
9663
7370
378
1631
1481
9341
7537
3653
9621
1728
9161
8219
2440
2622
2298
1197
767
1280
6795
7392
3022
7050
7510
8419
1788
4886
8842
1904
8483
4356
7827
9323
5738
8737
5893
1716
1680
2379
7792
4610
9099
1110
1407
7244
1019
4897
1368
3282
5858
3954
7829
6324
3519
5672
8452
483
3357
560
2383
3085
6638
6978
7852
3479
7712
82
8705
2875
5011
1463
1162
6016
2723
2814
1143
9605
5498
1627
4888
8004
6266
3049
4529
4020
4209
2105
2251
5281
6792
2556
9104
2245
8733
544
9738
874
6065
8149
1405
8145
6971
7884
178
7626
7774
4035
4612
1519
934
9741
3597
3108
9359
523
6922
1373
7078
5322
2651
1323
2837
6781
6884
7316
2319
1216
4379
7681
5341
2074
3227
6852
5285
4739
9157
9444
2365
4246
3381
1527
2670
57
3835
9226
9474
1360
9956
4864
8802
3065
751
1884
1171
23
5600
6139
343
8603
1582
6263
4704
2538
1142
8332
7686
3058
6529
115
6720
5803
9509
6533
7344
4440
237
6141
6451
5387
647
8407
5288
6262
7436
2253
3289
5092
7375
1704
2808
6661
8027
942
529
3677
6496
8620
7614
5019
662
7552
3503
1302
6212
4936
760
3730
518
9679
571
4922
3941
2555
7547
6155
295
66
3021
7284
8081
6209
909
205
8612
9707
8193
7665
5010
338
3099
769
4338
2635
5434
8682
1925
2797
5258
5101
8435
6538
1648
8405
383
697
6891
1968
6875
8867
4270
5710
2333
4324
7749
5069
1014
440
8057
1525
6287
201
1937
7145
4200
5014
6646
8153
4611
2620
5073
5993
6140
5408
258
8550
5722
4457
9997
2405
346
9105
1085
5653
8733
2533
2138
6963
6401
8586
4652
8627
5006
9401
7660
5241
8419
6046
1834
5699
1763
9690
3815
3787
742
634
7598
7300
5834
9260
8111
9552
6175
9275
6152
2919
5310
5844
393
3650
1379
3033
1131
4316
6932
2696
4312
2302
9347
812
7379
3950
6405
6003
147
2507
319
9694
1652
4933
7640
1283
291
6002
1165
9794
7480
9019
5018
4001
5494
6872
6221
4550
3080
2048
2959
6837
2611
5025
3724
6827
3072
1730
4037
5465
3414
7949
5676
6711
8214
2886
2555
6095
1326
598
9684
6699
9246
1829
458
2098
8772
2429
9493
3390
6843
4970
3410
7212
5597
8146
9732
7847
7651
7196
4963
2331
4704
2025
9446
9347
8382
9121
7885
309
7502
6380
9041
3206
2713
2272
4043
6566
7544
6259
4213
5362
5673
5731
8805
1889
7636
8762
5623
7194
3932
9492
5667
3112
6386
9808
8472
9761
1787
5823
734
9815
7798
8675
2950
9243
4708
8789
6209
9305
3016
8839
1133
1844
8349
7600
862
8912
1258
1647
5587
2292
8670
1701
2486
7008
6912
8029
1994
439
3254
2572
2389
150
9797
3191
5798
9267
6725
5335
2941
5817
9137
2657
4377
8786
9875
9992
3998
3144
243
663
1375
9957
1458
2666
3934
617
6891
1264
4058
9663
9159
4903
6374
3433
4998
6303
6903
8713
5080
6841
6192
5847
1596
2377
1335
6473
9089
5671
3680
4283
5957
1638
1852
3878
3409
356
5714
6736
2322
4002
1195
7959
1206
5525
8283
8763
8161
1371
7880
8609
1890
2821
8371
5980
6405
1048
6198
7182
5736
5317
7204
8753
5508
9791
1589
2353
8387
5443
5155
2392
5437
7481
5929
3769
2323
5459
5551
1559
6482
6525
1446
4470
5394
8262
8700
6949
4094
4742
7516
5377
8590
7874
9347
5280
1636
6893
1948
2157
623
6676
4892
5026
6539
9427
7463
5941
9710
7625
8173
4642
1789
4216
2109
8265
8708
327
9347
5309
7841
3151
6304
5160
7636
2477
5863
4921
5273
6602
556
4355
5828
6780
987
8832
9596
2704
6403
7837
3375
1377
8512
2106
9002
4366
6
2274
300
3070
4549
7767
3790
7351
9261
3523
794
1474
3224
2680
110
6227
8524
9786
6922
370
2083
2431
6651
5426
8247
9182
2354
5873
5089
5970
8463
325
6636
7893
3867
7155
5159
7348
2365
7532
2701
5014
8
3156
2736
9872
2898
1995
3894
8974
9226
733
2006
6203
7268
2497
2035
8387
1864
7364
3492
9026
1654
327
9071
5909
1503
788
7322
905
3311
1438
2991
3397
1406
3158
8718
1451
1905
9794
3516
4404
6187
3083
1660
421
877
3719
9501
3881
9880
5120
4811
5796
4113
5115
9484
5429
1116
9662
7778
7225
3155
5818
1938
7216
3842
8082
6706
8341
1279
630
8365
9522
9634
2531
276
779
9196
1565
1487
9835
7230
8635
2698
2349
735
9905
5533
8749
8773
426
911
1529
4354
1421
3090
4859
7463
6234
6613
3479
8214
4354
4457
5142
5291
1439
3480
8984
7868
7432
5879
312
5060
6889
1951
3485
7046
9698
2826
1290
7308
570
8299
6260
9530
5989
1618
7683
7984
9482
6379
2494
7544
7952
8655
5670
2501
1791
1013
5521
8411
8637
6012
872
8035
5361
4237
9020
2108
3130
2676
658
3774
6047
2989
9993
2362
452
5434
678
3223
5361
903
5662
226
2679
3552
3230
4413
1139
2417
6923
6267
8504
7635
8025
384
8609
6789
8527
1082
4457
4242
6803
6626
5394
8899
2673
6222
592
8570
3836
4529
9215
3528
8719
6543
9615
469
377
2882
4649
9278
7196
7160
9336
7754
2829
2424
882
723
6068
8667
1268
2015
1758
2580
7744
360
2200
82
8921
5361
6048
8400
6719
9027
5517
9911
7651
7349
813
3018
820
4071
243
8085
5240
3603
1519
5443
6072
1237
4171
389
2085
2613
1373
8237
7570
5829
5278
2007
7730
8073
7563
8534
9999
7469
8462
1827
5987
661
3584
6832
899
4569
4361
5209
1047
3762
250
9365
3796
5544
4432
3764
4950
1069
7968
7853
1771
7114
2043
5013
3904
8514
3758
1898
5104
2684
1239
5130
6776
7493
1464
9254
6611
8627
2630
4483
6570
9877
8248
9735
1780
337
7656
8328
8475
175
550
7432
4583
3789
3833
2150
9901
2700
4912
8539
3644
3637
7721
7762
1434
2419
6979
4891
7388
7883
433
9746
9984
7054
8174
6571
6608
7856
2105
4053
7501
8885
531
1505
155
8386
9377
691
7447
8021
4744
2266
379
6259
6872
9518
5941
2135
1923
942
989
976
5546
9881
4599
9415
2819
6495
2668
6129
2015
7820
8116
5484
7621
636
9565
699
7294
8528
4288
6
1898
8886
6739
9985
460
3443
92
3351
4510
2575
4728
6110
2617
3035
9791
1041
3851
5140
7091
4464
6172
2367
7454
9773
1386
7442
5835
4570
9532
8872
2187
4053
8261
8182
9220
8413
9635
6663
6688
9938
322
3046
6573
4941
7763
4072
9440
7818
3808
4251
1376
3774
4773
6396
4681
4747
2780
5330
722
9997
8167
5190
6021
7779
3015
265
2787
7288
3969
8711
2148
5856
979
1648
1717
7374
779
3856
8518
5857
975
4204
6361
4493
5680
4274
1144
9670
3696
5567
4521
5173
8116
9182
7785
5411
6027
3680
6554
629
1285
6469
2179
9531
5326
4622
6434
4978
84
2607
835
8480
4517
8786
8060
3787
8602
6838
493
4878
2823
9753
4530
4262
7087
6163
6024
2788
4817
9282
2056
1403
5775
2747
5599
7305
9815
8964
5509
141
7684
4270
7634
3062
6100
8565
8867
9581
7236
5017
5200
1155
1237
8481
5165
9698
4522
8588
4931
4431
4961
5009
9472
2574
1153
6602
4037
6168
2148
5696
9141
5614
695
1568
872
8191
905
1516
2472
2497
2900
1115
986
788
8250
887
12
9156
3712
261
8763
2461
5433
3260
1167
2030
5036
8250
6835
3575
5490
3477
3137
9734
954
6391
3840
8444
770
4445
2511
9342
5904
8990
2009
5920
8860
5607
8432
3390
2061
7729
319
3725
6380
9739
5138
8244
2385
8827
945
9390
4712
3614
604
4423
7798
8257
8501
8422
6446
8971
7888
6151
2395
2671
2124
6204
3652
3951
5788
1664
2272
5467
1344
8649
1321
4583
7363
9517
1211
501
4946
5961
9884
7622
873
9838
5165
164
2557
8488
1498
2079
8215
7201
2626
4848
9684
3655
1196
9165
2689
8895
197
7156
1881
4419
7645
88
5631
7918
7246
2630
836
6542
6121
8931
4936
9545
3433
4052
9614
6915
5012
9368
7321
962
7027
1996
5874
2563
4521
5402
7529
8998
9882
9097
8468
2808
450
4498
6028
3404
5401
2512
725
4471
6106
8104
2093
2283
6887
8560
2576
8811
4184
7346
7972
1444
1224
967
1467
4337
4305
2142
8040
8855
3569
603
6491
167
6457
1455
5040
4136
4126
3595
8902
8609
4894
2627
399
4076
7549
6112
753
1849
8910
7944
5514
1105
4919
3060
8724
5498
7392
141
1792
8208
1114
8661
9296
4733
9070
2123
468
7215
5522
2070
8138
1631
5157
4713
2668
5498
2840
3277
4647
6526
2035
8744
5159
3896
8163
6416
6411
4314
5448
2033
9250
5902
8102
4924
3522
9962
8279
2840
1813
6796
5383
6
5332
1849
683
4985
1134
2784
4048
4815
7877
7342
4070
9680
698
2575
9306
1220
8158
2613
1959
2943
1791
9760
9837
6276
3236
7300
6798
6639
7415
9710
1606
6745
4641
9338
5457
6097
6762
4844
8482
3912
149
4524
4891
6244
3247
8992
5351
9016
9052
672
3719
822
941
5683
1668
275
9691
6927
351
4997
2629
9868
4164
4865
9215
8572
5950
5186
8628
6448
7571
466
574
9555
4372
9406
3833
6752
528
6157
3726
5657
9328
5215
8377
1923
1089
9135
3983
3165
9855
9940
8478
8912
57
269
6451
5905
451
549
4704
2616
4120
9112
9891
2914
287
9182
4750
2051
3717
1276
740
1934
1666
9495
8824
1915
8931
7909
1629
6905
4142
6744
2729
4659
8302
718
9460
1270
3922
9583
2371
7403
8175
8886
2427
7467
9607
3473
9397
7212
5961
1093
1000
8374
9237
918
6687
9144
9592
6590
4056
9967
6223
626
822
6942
6341
5525
1115
9233
5856
673
9189
5420
8639
235
5848
5317
179
7324
1715
9493
7335
482
659
6750
2746
9521
4747
4288
140
583
2094
363
6505
8323
26
6433
47
68
1397
7716
4921
4897
3694
3865
2632
478
2740
8673
8482
4795
523
6604
260
4544
9924
6702
5866
9706
3894
4128
8704
4847
8587
9145
6596
8060
5695
1446
325
9216
6822
8920
9991
488
3836
4943
3579
4517
4760
3345
9103
9202
1708
3273
9570
8881
1667
4874
8708
6090
1986
1031
6147
3171
8690
4346
4369
6361
5967
4565
852
9657
4148
9948
5455
4194
1902
6031
1021
9339
6631
9480
1412
2842
3599
8206
7724
4818
8290
1849
56
7732
2935
7839
2142
7157
378
2871
7324
7611
2423
5220
3222
228
343
317
4012
6946
2200
5357
7246
2804
5257
5646
5738
2802
8363
9382
9557
4535
6110
8072
5706
8098
6071
7741
6606
3890
2304
248
1500
1863
7984
8225
6501
4227
2645
4795
4978
252
5070
9858
5530
4083
8882
399
2553
6435
496
8362
9315
4010
7694
2227
9311
3115
3760
8374
4607
8388
1214
6636
1970
7577
2076
4812
9193
1886
7864
8378
5316
7688
5401
6658
4912
4200
4358
1909
5172
5769
435
9769
7217
7340
582
5444
2792
7465
8118
2253
8332
3182
3486
9049
5470
4164
5317
2775
1346
115
6943
5016
4711
9430
813
9842
8155
8663
6564
2411
9489
3238
9698
7548
8602
7622
2365
1502
2213
2936
9975
4898
297
8362
3384
2092
9783
6276
5721
1065
9540
3670
4116
6109
9660
8605
3101
4594
3175
9182
2959
2268
8039
4487
8904
1849
6535
8839
8055
9547
4915
8142
5029
5715
1712
1203
1652
2876
8088
4016
5362
4010
5540
4034
3824
2088
2985
4271
903
1101
1707
7893
3881
6107
608
993
7527
4121
8224
2302
2858
6423
1041
8664
516
912
5435
9368
9408
9826
3059
6917
2198
5734
1448
6142
7994
3244
6518
7019
7638
4715
2591
1171
3889
3295
2163
9633
6970
6343
4597
3584
1930
6595
3687
5114
9178
418
1754
512
7889
4563
6720
7714
891
7462
9077
289
5121
5944
8419
4231
6431
5605
7569
4565
4619
3953
9765
6128
2042
6925
9194
9768
7443
9651
2007
5058
9157
298
255
5870
9794
3895
6867
6550
8752
5054
5372
7131
9288
1021
5146
9504
3955
4605
6538
9859
4131
9110
8936
5873
3871
8480
9926
3673
86
8324
1680
2116
2819
3585
6964
2905
5891
4233
4879
6209
5320
1569
454
1807
5241
2411
644
8861
616
1515
4311
129
7664
9089
6751
3669
146
6198
36
9232
6085
8564
3179
8114
880
5068
2852
1124
1589
8227
4904
9070
7521
8700
4292
9476
6488
3498
5255
881
6959
8161
7775
3893
7272
4493
6346
2098
8263
654
582
688
5453
8734
7723
7322
7468
9133
1680
620
6272
964
7894
5734
7625
4892
8907
3164
1795
4104
2218
7697
1424
6952
8096
9945
3343
8706
721
1766
2239
3832
2974
4040
8344
3057
6810
3582
1608
4955
214
9125
620
5019
4377
8593
6986
3808
8804
9323
1516
6086
6507
2059
3019
7015
2237
5333
701
8030
1455
5629
9795
912
1131
9329
7240
591
2531
3183
1813
1281
7467
4504
3174
3876
220
7317
3944
3886
7839
1031
6741
5143
2602
687
8035
3969
3736
9966
3394
731
5202
3311
5146
4867
4523
4476
4938
1794
7961
9263
2574
2372
9566
8194
8855
3288
727
6353
3682
5653
1564
7283
4547
5922
1730
3181
3536
6213
4642
2492
2394
9498
7848
6143
537
8383
6746
1564
2419
5879
198
9211
6699
8822
863
6537
9301
2160
2939
168
6338
3821
3971
6761
4216
4259
9604
3264
9044
1260
499
9854
5704
5281
1152
7864
8749
3508
156
9013
3421
5486
4859
6359
5513
9901
5016
5610
3924
7944
4898
4437
1090
9590
7554
2332
3352
5653
8104
799
9920
4003
4531
812
7317
6222
9784
1464
586
462
3048
8475
552
9127
6625
8485
9414
5035
1565
311
9151
3914
8724
8682
7998
8695
6147
1433
5789
9268
6556
9663
1459
2932
6990
609
7857
8373
3585
5828
1528
4285
868
2115
7782
8178
3475
143
9672
680
6770
8772
6572
1479
1921
5667
7839
8484
5050
8709
9797
5648
4136
5556
7107
5073
6727
8630
6010
898
1333
2590
1738
1396
270
7532
6755
5891
3909
6876
5247
6502
4936
8355
6007
6736
4286
702
3236
6338
3931
5155
2441
9105
9184
4374
6416
3521
5382
5428
4298
1012
2025
7534
9717
4135
1417
3087
4909
3171
9172
9161
2173
5559
75
5719
9753
3142
3177
4971
5589
4811
3202
2936
4948
477
6423
9298
2174
9394
3352
2182
2459
2427
1511
3666
1866
5441
7116
4430
4760
4655
6091
9004
1809
2839
3143
6062
7840
2677
4907
5660
3743
3961
3886
8618
7924
4322
5293
9708
9917
2126
3180
2900
9936
7280
9332
7703
7066
9406
6278
170
3793
831
6101
8788
6072
471
1876
9873
6201
196
4107
26
7884
7143
6963
2403
2645
8697
5563
9500
6601
5107
2948
242
5477
9121
2782
9268
5051
4183
3039
2849
8776
4311
4990
8809
1986
4166
4034
6568
8884
2277
6377
7442
5596
7235
1062
3177
2596
9579
8637
2497
6948
4599
5272
7917
8854
2224
4389
9547
1931
8914
5270
4927
1206
3514
673
3441
445
9895
1775
5834
4703
5037
6530
963
7108
4882
7429
1764
4422
3121
9356
7032
8791
2713
7562
6851
924
2684
2518
9385
7014
2642
4773
8676
5783
9458
764
4607
3609
4676
1804
9085
5575
3596
569
627
9819
4909
2415
3400
2266
4213
6506
9447
9684
3628
6504
5780
7501
1617
4687
1412
624
2069
4106
875
6551
9394
721
7223
4126
6210
7866
5676
6770
3028
6289
3013
2325
1879
5974
7753
3180
5397
496
9290
2810
532
9479
3565
9859
134
8017
8081
2631
181
1808
2049
627
7775
9037
6348
7180
7478
1080
102
5423
4030
5203
6790
4230
8043
4465
8104
2023
2714
9933
4114
5169
178
7488
2673
1378
4211
9275
6510
5051
1992
5378
8682
9519
6565
9251
4952
2400
1887
3300
1718
1526
9721
9692
689
919
5392
2999
2709
2504
6733
4544
4453
6939
2661
6658
7397
379
100
3136
6945
6441
549
9035
9759
4437
7924
3481
4295
3945
9986
2912
436
4403
2195
9715
6585
6739
9830
2075
1152
7937
9523
6853
4866
9228
8257
1003
9808
8257
4224
8558
2703
6670
7848
7241
6417
495
1565
566
3359
9826
9914
7226
5349
9244
521
4887
2199
4567
619
5316
415
6509
3143
8236
7963
5526
5203
7098
7840
3335
6395
4334
4062
3856
6662
4109
3328
8966
1888
3963
6361
6428
4293
3269
6691
1368
5509
83
6169
165
2535
3740
965
6560
633
2653
531
1855
1192
6597
2354
1143
787
7835
2974
8123
9604
7184
2681
8999
1022
2619
6571
8647
6325
4830
5595
3289
338
9667
3464
9429
4096
6718
5572
1205
2382
7715
8236
9612
8979
2658
9807
1074
1555
8573
4711
6745
8427
5161
1308
9309
8705
3136
9595
1451
4617
2938
2312
1153
2765
4427
7123
8848
8847
3480
8556
1791
4871
416
3558
7761
773
5642
5841
6568
3177
1525
5602
1249
5003
3001
5536
368
9748
8055
7378
5901
945
973
5982
2708
2442
2659
7015
3240
5003
8697
3470
6900
4881
3437
397
7151
6829
8373
4486
745
4908
1820
9744
9402
3065
9276
3140
7733
5633
320
3796
2945
8219
9170
1362
8838
7541
5136
5405
2788
6580
42
7507
2593
9356
4849
7791
8001
7854
7203
2463
3707
1394
3248
9649
6579
8268
5504
199
8084
1864
9929
5593
6246
8607
5562
2595
1761
2797
4852
8663
4582
6370
9099
5101
5289
1290
8785
4834
339
2075
5712
9531
2962
2287
5151
5441
2504
7386
5991
6857
6817
7568
6465
4176
580
8820
8436
6552
7925
9603
7600
8787
7526
3994
7607
6249
6927
6982
7140
3665
9797
9340
9529
4014
5557
6581
7675
6630
4838
9682
3156
5791
135
4391
1616
4452
4383
2210
4108
9455
4074
7948
4894
7752
8713
8288
442
3670
1098
7252
7016
668
1889
3240
5341
3842
1521
2102
5022
6112
8914
729
4550
5213
5782
167
1789
1730
6311
9065
4108
4486
8832
3119
9892
1035
9988
1242
912
9197
5759
7115
544
5161
4584
5196
6932
2428
5752
4517
7481
8465
8358
2332
1108
4355
530
601
1751
176
2201
7801
1637
8718
1691
594
4355
1346
2051
6094
2434
8172
2051
705
4565
4726
8999
4853
772
3653
4095
5058
4723
8371
4675
7823
1084
2140
9213
5395
9590
8603
58
8907
8178
5240
5168
6514
1997
6173
323
8699
913
1416
8459
4462
4640
9918
371
4540
137
5643
6397
4077
7824
5728
1166
6703
6288
7793
865
4135
9447
7032
7580
5084
2434
223
7853
9495
6016
5204
6802
1570
5865
4751
8090
1094
1071
5018
1776
1459
4613
781
8420
1661
4277
6688
2970
3590
7510
1774
6663
3858
3946
8392
6609
8704
5731
7299
2673
6318
2265
8369
4455
8426
6756
6225
3177
7981
1216
8267
7788
86
3067
7034
4192
8146
8064
5301
6723
3444
6386
1303
8485
747
8959
4021
5797
2728
2618
9630
8596
4012
1357
7951
3008
385
4656
9123
8114
4389
7369
3339
8638
3108
5896
7205
1523
9774
9023
969
6294
4196
4262
8716
4908
5152
8240
8253
6489
3281
1162
979
125
7079
7802
2916
7814
8316
6625
5317
7001
20
5654
4747
4076
6846
847
3926
7900
657
6654
8772
4538
7503
1714
8851
7737
6791
99
3174
590
1085
1446
1710
1938
739
7543
9834
2952
4965
2502
350
162
8881
7864
5619
920
4324
5097
5026
2640
7245
1758
6586
2240
6108
9085
9256
5101
3298
8794
8885
1756
2328
7409
4285
369
4001
3842
4363
2978
3166
3228
4479
6267
3837
2723
274
1473
7784
8991
6109
5957
2129
3259
6435
1295
3896
8377
1721
556
7896
8677
8849
9920
6626
5512
7867
3756
7137
9988
7390
9084
5526
9388
5708
8956
5452
523
2381
5363
6801
9814
5370
9986
9989
772
3670
8525
3476
2410
499
1852
1847
7279
2739
6604
8980
7456
7952
7541
3544
4633
351
1890
132
4861
8789
9646
9141
4384
7976
530
336
1258
3915
8519
8103
3660
2203
8777
1267
8687
2676
9707
2906
6639
2458
8370
8065
7748
2620
1626
2566
6274
283
7594
8339
6812
8352
7157
791
8683
7301
2992
6162
1703
7798
336
8819
7907
6598
9636
9222
1138
4091
8710
8108
282
7253
7837
51
2456
7051
1539
8873
2692
1117
5984
5927
392
6177
8327
1016
7079
2939
5179
6733
4618
8361
4356
7255
8381
1958
1692
9399
9145
3496
9804
8190
184
4172
2483
8027
9735
7291
3183
6413
1685
1771
6132
5329
1490
2863
1977
2583
6376
256
9653
5062
8295
3374
1547
670
9355
4799
7840
8246
8640
1752
9085
7732
273
9061
8548
2321
1871
4601
8271
2292
9044
1993
4627
5608
2751
4871
753
7260
9251
1648
5664
6449
7243
6606
4042
71
1358
2178
7411
8564
7201
3485
7384
7138
7883
2050
3997
8715
5052
4037
1420
6421
2433
677
7780
1715
6297
4241
6671
7323
1131
5345
2960
4612
2951
3900
7862
2623
246
4462
8464
7491
4229
2080
7702
5803
1406
9325
2921
3126
6379
978
7480
5422
5374
1654
9057
793
8959
3945
3065
2543
2690
2880
1993
6207
1206
569
8446
8931
7039
8088
1721
9344
8591
8403
90
6718
201
9141
2487
9488
6526
1142
2011
3743
9185
7807
2483
1403
1929
4372
8970
9830
647
1528
4545
159
2992
3911
4131
2986
3393
6848
3603
9987
5817
5554
4524
2008
2481
2270
3889
5111
4838
9821
1347
2367
9504
9473
7372
8969
9716
2239
8978
8048
5343
906
2604
4143
497
7583
7562
4531
3328
5701
2167
8416
4041
1477
4716
5324
6140
2489
2875
4775
5817
4217
6831
8063
2344
82
4619
2154
1422
9019
3252
2549
59
375
4269
9216
537
465
9132
3994
3300
3219
3442
6125
2625
2769
206
418
9511
9982
3371
4767
8385
45
6315
9069
5239
260
5883
6669
6215
4190
3268
3074
9734
2967
1646
2926
6757
3299
6665
3254
2349
7285
6273
8143
5774
9298
9869
3904
5315
1648
6567
3810
7757
3413
6558
5472
2448
76
4465
9939
8018
6800
1363
6717
72
7414
2811
717
2128
5348
5803
6326
3264
8173
1000
9061
4744
5993
9659
5092
4901
2426
5541
6169
4854
3690
5500
5992
4508
1108
6493
8929
226
2282
6592
8108
6105
4916
644
5299
401
8574
8548
9214
9338
8322
5054
26
5946
9720
525
1486
2768
6516
4085
7161
535
6360
8555
9316
2893
1774
1579
9140
8334
811
49
233
4857
706
5465
2696
8562
6267
6060
8111
7446
8463
4167
678
3289
1219
7618
9713
3316
2184
6044
5431
6034
5985
9926
3872
6542
4756
5100
8770
4803
3757
5138
9030
9459
1863
4380
956
3650
3930
1274
7039
5356
4150
4671
7776
8142
1223
8429
5103
1162
8792
7003
3957
5371
734
4558
1571
8200
9264
8575
506
2576
3048
8010
405
3392
9982
8672
7707
3056
29
2751
7047
5573
3755
1012
2563
394
7445
9499
9308
481
2311
7431
256
9725
8702
1692
5849
4054
2301
4362
2157
7546
6050
1285
6023
9995
6265
4740
2323
451
9186
9575
255
7573
4127
6784
8263
5291
4363
8208
6433
8070
140
2099
3078
3749
8787
1962
3846
3239
8721
6331
2353
3385
7980
29
7937
9993
6623
8324
781
1081
2347
7903
6331
5006
8327
713
6381
3240
1238
177
1957
7376
7674
828
3009
9269
5384
4237
2473
749
64
8263
5177
6094
5534
6254
8614
2969
8866
6214
6216
5914
5092
8751
7204
2487
8164
7318
5944
3510
2120
1842
1027
6778
4023
882
5661
7495
257
4052
5515
1098
4125
7287
4536
6045
1455
6493
2973
5291
9338
948
3309
424
5821
5513
5928
8513
2537
2487
1535
2430
1469
5345
4841
1628
988
3425
2205
1469
708
7843
5925
7425
1469
7340
4203
9068
110
9727
8699
2213
2988
5323
6219
6833
3786
9924
927
6070
1990
6541
2732
9197
9565
5059
1015
681
9068
7694
8953
5218
8381
4890
8356
3880
5753
2657
6897
4750
5827
1490
4759
5389
4468
2559
6050
1047
263
3015
3666
1082
3250
1259
3616
156
1836
3227
3671
7980
5593
1513
8841
7243
3182
3542
4176
161
2347
7726
9089
990
2358
2841
9845
6319
9578
5358
7647
3592
9645
2571
9260
7983
5039
6268
5827
9239
7933
5511
7822
3110
5989
7723
5766
8909
1962
5930
7986
8657
5647
4801
5579
2558
1418
2331
4963
7631
4127
9857
670
9934
7017
2514
4398
2933
1679
8366
2471
4551
4165
4797
5051
6915
4224
2732
119
277
2146
7118
3058
6330
5985
2342
8963
7382
6374
5269
1634
1355
9702
2505
6024
3395
6488
5402
6501
7846
4021
1234
5468
2536
8066
1406
5994
6893
7928
1211
5101
6758
5069
1406
1915
1016
4557
8498
9916
5397
8720
2196
4796
1389
6675
2863
6834
6932
9570
9847
1779
2843
6313
7875
8482
808
2782
5016
6274
8081
3602
5290
7338
9460
7164
2733
1729
6027
871
2173
8747
6588
2127
2435
4757
6838
8071
471
5703
2637
3506
7933
6554
8851
2172
4800
326
3119
7420
6637
7372
4875
9735
5762
1476
6919
2913
2793
6606
7851
5129
3581
7388
8632
8393
4554
5925
8197
4476
4949
8523
778
1857
433
9221
8830
2617
6488
7674
5789
9295
7174
3014
235
5377
2558
2529
4958
112
5943
2302
132
6544
4440
7690
420
1040
5557
7797
4663
5877
9887
2028
801
2180
8282
8988
5417
1685
8372
1349
8609
616
6873
3334
2437
2097
2190
2593
9507
805
2172
4539
9687
4857
2079
7364
8662
5173
7292
8830
837
7311
5641
45
2629
3437
6707
7057
1196
713
9474
2646
204
6332
3885
3711
3006
7593
2968
7263
2115
388
9838
6051
9589
3071
627
9906
2045
3871
6270
3587
9502
5477
6293
3746
3342
7381
7758
9828
6858
4255
8764
2146
2634
115
1164
9785
6300
9875
3614
9711
3594
9017
8385
2213
6736
7515
5694
484
5395
9717
6842
7315
434
5734
8846
693
1583
3484
8261
6582
6092
9695
3800
9411
7514
3866
4063
2189
8993
1701
5879
927
9216
5302
6841
8355
4297
1835
3733
3268
8084
4531
3392
7602
5732
8791
8838
8793
9005
2528
3248
2251
4035
2657
2207
561
5023
3932
9273
9366
7891
9048
5354
4626
926
5703
9209
4537
1090
2820
5793
7572
395
8517
978
8478
2813
5584
3893
3764
1660
9180
4206
8372
4370
8299
5993
6825
7740
3949
8529
6003
7086
8293
8006
2350
6010
8912
1214
536
2919
8663
620
8706
2704
3014
7283
6243
6885
5968
8429
6332
6216
6288
4321
2969
8532
3361
1921
3732
779
6731
6457
4309
9810
5163
3376
8435
4520
5967
3278
7266
3829
9346
500
1333
1905
8146
8738
2019
6454
3439
8251
8296
1321
3225
7393
2889
8894
4823
4342
3502
6228
8133
6235
3878
3742
4224
8957
3318
8247
8806
1923
3174
4632
2418
460
4469
3227
5796
5691
7858
503
785
6531
6225
3567
2426
165
445
9469
8799
3926
2581
2833
7411
9723
6207
2238
7589
4552
8803
2454
4173
7580
2799
2773
2837
7525
4046
9255
473
6535
6703
9487
2003
3518
4865
3160
540
5905
8878
7549
4088
3840
6968
5040
1329
2029
5791
2375
2336
8606
7601
5751
303
5374
9321
7893
4504
9398
2215
4006
3287
9456
6730
2512
1299
5400
7881
3869
750
2541
8035
8826
8329
1580
5678
1533
792
2716
1959
875
6714
1229
2877
9387
5486
700
7805
7231
1049
8859
82
5182
419
5494
8199
2975
5362
2553
1818
1783
7180
2592
687
873
9774
7187
4487
7898
5232
2102
873
5763
265
5838
6669
8815
5108
8935
5328
9984
2551
2878
4419
8316
6876
8856
5572
6613
3901
2942
1541
2036
6510
5237
5363
6479
7501
9744
1151
9779
6705
8851
2036
8871
5374
8510
2750
1853
2988
530
4022
8662
7453
7782
498
6009
3130
9114
3498
7452
310
9980
7903
4230
438
1240
2616
6423
3560
4407
4040
7294
3591
2201
8538
9230
5116
3271
9111
2706
9761
667
8810
3799
1962
3152
3634
4070
8369
8287
3467
400
5407
2435
8839
3205
5825
7918
2172
5654
230
4484
1538
3912
8588
9165
8359
7923
1440
7924
7812
4751
6662
6544
7502
1602
1656
4155
8304
9148
3543
1038
6469
635
564
7013
5295
4785
1399
1109
6996
4713
9025
1632
6494
1080
4957
1453
2900
4474
7669
9391
2094
1784
1225
3768
5261
2911
6359
9819
9433
2799
9511
4153
13
6822
4060
4667
7260
7759
834
819
8855
6487
2438
216
8300
6365
3178
7393
2381
2732
9800
7902
3350
987
432
1633
839
8657
9673
7874
9773
7074
9393
7321
2619
8295
6861
758
3538
2145
8125
5184
4074
6512
7545
3799
1989
3077
1850
6411
8614
1034
9395
266
5087
8569
776
7673
4863
8013
9068
315
3279
8133
6742
9777
9000
8405
604
241
2685
4793
1996
8547
229
4916
5922
9241
264
6123
6325
965
3811
1559
7531
5609
9005
6747
4208
1719
7788
1609
7120
416
6809
9048
9411
5648
2580
4116
6878
8112
2313
852
1180
71
9646
6794
5860
5409
78
7693
3498
6635
4862
4729
2170
6390
1022
1973
3590
3853
4969
4508
7970
1194
5248
6935
6020
4569
8562
2832
3970
9380
9531
533
2395
4165
8413
5919
4759
3634
8662
5722
4358
6458
6668
4376
4950
9936
4601
3298
2389
4009
5686
5479
7204
4492
1745
3616
8557
2566
3850
3755
1898
2686
3025
1553
676
530
2330
7340
1362
4212
6127
3244
9872
4138
4727
2187
704
4292
1456
6636
6670
7918
2483
5170
6872
950
3152
4385
4366
2008
900
7906
2049
7823
7807
2266
5329
7798
2305
7552
7217
8987
4067
4520
2736
4619
2724
1664
1266
5020
1586
2571
1704
2410
803
3239
5201
1583
6411
2844
9005
1534
1563
3040
6626
7186
9563
5310
9901
3473
3084
5127
7901
4229
3929
9420
5772
1268
4082
719
8433
5392
4336
3735
8261
5082
3171
7100
7378
6770
5175
5283
6742
5357
8404
4005
1451
7024
6424
8150
3837
5339
6928
2914
7432
606
1226
5284
2625
8344
5902
1950
1682
9443
3529
439
1033
7822
4580
7284
463
470
4866
7148
2149
6278
378
8750
3900
5901
6902
3198
3052
3683
9199
1379
3573
9774
3933
5443
145
6782
5101
8220
4404
206
5439
1503
4895
425
2021
9614
8642
9832
9076
9784
8201
2282
5434
6112
9140
2574
9725
2369
8645
6389
36
2499
5533
8225
4174
5142
9162
1566
1152
9205
9783
565
9396
7318
350
9460
4856
3474
3792
18
6204
6931
6938
7503
1821
7032
8149
9457
9404
1958
5320
9867
7874
7784
3722
6302
7374
4762
2472
9383
839
6451
4176
1006
8417
5003
484
8185
9284
2459
3158
2346
4667
3645
7420
5667
2633
4419
9350
3379
3302
467
2744
8124
3702
525
9884
1052
2226
8198
1310
1440
65
7685
4398
245
1359
6240
8843
7312
3743
6787
8165
5323
1091
8824
6285
8479
2926
6302
544
9704
7358
2737
538
7140
9870
7701
7578
1083
46
4684
6080
8026
3815
1400
7872
2293
9539
9833
387
5804
5174
1667
6112
3852
883
1985
7255
6836
8695
2321
1879
5573
1404
6921
5657
4020
3559
3855
4752
1624
7566
9005
36
7208
2737
7346
9968
8583
3533
8012
845
2007
9276
7420
6938
2480
3467
1170
7403
3107
4711
6404
3780
4764
6888
6388
7338
7531
2041
2790
6065
1646
6059
3655
2920
2828
8462
3490
7075
6368
4270
9497
2409
4212
3879
6212
9059
9418
594
6272
2265
5917
9447
4872
8624
8604
6318
7280
1082
2361
4722
7913
6465
2681
1228
165
2324
6273
2470
1018
9718
4779
423
8055
2952
5813
5151
8605
8077
105
3701
7715
3206
8465
7209
2936
9552
3520
7899
2478
1677
9623
9235
3981
9863
9581
3675
9319
2955
3246
3288
6813
4011
2665
8496
4548
4303
8275
8836
3052
4505
7021
3202
3522
6113
7202
1403
6229
9698
2314
3303
741
92
6843
1221
1456
7095
1560
8143
9871
408
8747
8761
4048
5766
5991
8345
1917
1278
6114
7398
8305
8824
6023
3310
7567
4712
2132
8029
3394
9347
9133
5301
1151
8981
2145
2989
1174
3121
1987
481
4616
9694
8518
6538
1974
4864
2255
5510
1389
1382
5557
2747
4930
8132
9753
4780
8423
3216
5728
5813
5703
3540
9922
7007
4087
6859
8207
6121
8883
7884
806
2676
8085
7721
1554
326
6678
4983
1615
7435
4882
7879
6292
5222
6589
9538
781
7953
8673
5917
3858
9825
9775
4684
839
9543
307
5166
1297
3943
4281
8743
4231
5568
2971
2620
3051
515
4234
1482
2099
7600
1024
5138
4056
7295
9218
2740
6750
929
3177
8462
3834
2854
1539
9719
3326
5066
6446
2679
5948
9476
6252
6378
767
5917
7315
2058
4888
6726
1884
6936
413
9625
5111
4811
1715
9986
1038
5401
2150
2553
5087
2492
334
7794
1093
7989
5761
1625
6221
4781
6382
9587
2188
5898
8301
3964
8275
5644
7417
7607
1894
5221
6137
2625
8095
8524
9113
4535
6429
5684
6382
7255
6606
5032
3998
2617
1225
1469
2047
2989
6797
7416
7645
5230
4984
1806
9447
5817
2988
5545
2296
7738
7865
8317
7259
7614
1076
7064
9062
4567
2466
5423
3590
7516
4346
1324
7643
8273
6712
299
5575
310
6510
1019
6160
7409
8866
5682
7568
9616
682
2592
4132
5618
3531
7556
3748
7732
6610
2386
7097
9220
8773
4730
830
3127
4026
3397
3860
8956
3185
4523
7621
1310
9468
4355
8431
3704
2572
4385
4130
983
193
664
1946
6747
8307
8605
5350
5853
1652
6791
7384
1422
214
1699
8871
9219
8197
7821
1073
2952
6393
140
8908
5052
1734
6785
6639
4860
7378
4607
9002
4716
151
7347
2365
5777
8275
3224
7071
4628
4084
7049
8471
6599
3488
4865
1502
8197
7646
7504
8787
8859
714
6516
5536
7239
6359
8940
4311
3429
7089
7032
1835
8809
27
2323
2455
9837
2349
4262
6445
8039
3410
1114
2706
4367
1501
5434
2965
8239
3129
5820
510
8619
850
2100
2632
9177
3629
2523
1662
1755
6044
2531
7182
4181
8702
5479
4344
8903
2990
9740
3580
8438
394
4205
9771
1108
4011
9202
7393
2212
6274
6953
9850
737
8676
3313
9927
3037
3027
5144
6316
776
7489
5526
3342
9800
3840
6599
8501
1208
8586
2506
1264
3780
2249
840
6070
1756
4484
619
5344
2443
5222
38
4386
3785
340
2792
6266
1737
1773
9112
5154
977
6534
497
951
7038
7481
4563
5309
6146
3350
8679
1
7013
4444
9132
776
15
38
5759
9861
2323
1605
5825
6217
3428
1116
3376
2984
7289
8824
7020
8215
2246
928
2061
262
4916
3353
3464
7728
9176
4357
5076
3520
9078
9856
7602
8122
3447
6732
1635
5110
9658
85
1258
2275
1283
5573
1183
7702
2665
1257
786
2064
1247
9488
7269
7320
5467
6212
6044
394
1485
2931
2392
7092
3932
4216
9752
9214
8064
3580
2415
6727
1486
9257
993
3239
2272
4369
6677
4714
1404
1436
5774
6392
6484
4752
6604
3662
6345
5840
8861
541
2144
1589
707
9858
9747
1084
9351
6863
4104
7070
3011
1464
1896
8416
3909
6101
2272
562
630
9353
1374
9073
5278
9112
1789
5025
5110
7917
633
4879
2215
9987
5215
7782
1470
8088
6676
2483
341
5481
4231
6002
8497
3586
4967
7213
1929
7707
9322
8489
3190
9152
8859
5319
2291
255
5808
1938
2989
7864
7836
6470
1824
6226
5990
5949
2093
731
5666
1290
3238
1304
2623
3622
8305
5147
1103
132
7469
9824
116
7368
3757
2744
6679
7737
2132
2506
9350
2497
1762
4949
5672
4069
8312
6437
360
9173
4947
2826
3962
3041
7236
4661
7303
2001
3559
1587
8278
3780
2494
77
2483
7234
7085
8160
1108
3283
5833
1918
5359
836
9531
1696
8503
203
5534
633
8909
2460
735
3984
9545
4705
9138
9237
3724
1126
1977
2485
2868
9157
8281
1014
4097
817
2969
9283
5785
1072
2655
6096
5542
2546
9488
9929
4416
3899
3805
2342
439
8859
2934
709
9239
175
407
7804
1059
9926
7594
1323
185
9928
9185
5623
4779
5213
4420
8947
6450
9962
9268
3601
9405
1065
3303
4880
1475
6459
1990
8204
457
421
2227
6315
2674
9269
9216
8831
7752
9069
6121
8861
1935
5555
3480
2197
1794
8663
7369
9048
618
6202
3863
6066
3858
8125
9557
6933
6071
7009
6772
6849
2723
6965
3145
7399
8401
5242
170
6654
6163
1908
3901
6960
1723
2550
3924
454
5272
5458
9252
6415
2046
7662
4436
4431
2518
4965
9652
7358
3129
5070
9318
2338
1598
6813
7129
2371
2422
3524
3342
4163
700
2264
6080
9158
5676
8492
4260
994
2933
4488
4759
43
4715
8033
8615
9181
7428
4501
7395
7647
1112
5506
739
4439
2000
5387
3775
1047
4330
2647
8863
6924
9723
8001
3260
6045
4061
1835
699
7623
875
7686
1304
1130
6460
598
6398
5144
4763
5411
6316
1307
9346
4829
8576
1048
5815
2442
2471
883
9097
6537
8960
1123
7434
5187
8737
5173
9947
1585
8285
1195
1497
4421
2435
735
1129
8376
8755
1268
1817
6556
3916
9368
526
3271
7627
3259
6388
288
7126
9856
2721
9002
1467
6050
5387
1743
7269
3844
4300
2506
2340
3882
2569
3373
978
5164
5483
3617
732
8721
2399
4584
3464
1260
2910
6521
3321
7035
3595
2490
5843
4927
9174
7626
9246
5867
762
1238
408
1924
5962
2403
3234
8163
2684
8118
1833
2189
1229
5197
8776
6667
1533
8094
1668
4577
6696
925
7224
5950
3371
9812
4354
7923
3340
4152
7726
8620
3481
2581
665
8954
253
9049
1915
2618
4009
6219
4887
5805
799
6974
4738
86
6500
5939
3499
1998
9394
1886
2978
5833
6850
657
4497
2911
6581
6201
8298
2874
1617
171
5440
8479
7902
7861
4304
2205
3289
7433
5362
7519
6634
9556
7693
5045
8646
4561
7726
1029
2606
6686
2590
9045
9076
4229
2781
9002
1131
3209
9356
1399
5545
6140
7090
906
8971
9345
8024
4660
4130
1442
6705
8370
8742
2276
4456
1475
6459
4054
1656
2515
6813
9013
9495
9744
8005
8295
5279
5961
3552
4882
5471
7004
5050
975
3420
7561
7961
8143
7256
5549
8597
3298
8608
1176
3260
959
8926
4888
3350
7855
1484
7103
4581
3252
262
4519
9965
5671
8820
978
3560
2833
3839
5392
4046
9925
1467
3542
3822
6037
6458
8235
2052
986
8708
2517
2883
337
5249
6957
5747
9332
2785
1784
377
6425
5537
3179
6837
5838
5382
4489
6475
7719
5263
5617
4773
1141
8092
3346
6412
2062
8417
9282
1687
6625
1007
611
370
3119
1621
2433
2476
6084
1701
1008
1495
7411
2904
9315
2507
336
1510
7183
1292
4118
2093
8352
3810
1204
9445
1567
6105
570
291
2400
9503
7793
4251
3157
5609
2554
9155
9135
1000
6454
7872
4386
4466
312
5615
7319
6791
4843
1462
7584
5058
3933
4167
8032
3374
9870
6864
4399
7904
6120
5614
523
8525
632
9822
6249
2168
8965
3003
5900
6044
8164
86
9069
3712
4418
6772
6115
5328
3176
707
2961
2313
3928
5066
4593
8123
5063
7956
379
4780
445
71
2588
2371
1317
5816
7042
8109
3829
3521
3196
71
4183
9512
256
3304
1379
2694
1098
3407
3365
6756
9394
5269
8134
3146
8275
4161
3357
7040
6199
3198
6515
4522
8859
6997
97
1108
1989
5110
7333
9802
4772
8714
4251
4716
776
5112
888
4072
7587
5912
5305
9036
5553
3037
152
1030
5626
2177
7837
6398
7399
3908
1663
870
9050
943
6611
5606
4194
7289
9985
9138
6988
2097
4367
4930
8414
3735
1274
9608
9553
7160
4123
4763
7902
7259
89
10
7333
7726
2283
3983
2225
2195
6273
3005
3184
9901
548
5044
925
7833
6556
8334
7160
7577
6319
8917
9741
9075
8820
2067
1272
4197
2189
261
8748
7642
9378
4637
4177
3321
5548
5641
2730
1170
3307
2429
538
784
5373
9091
5181
227
8458
5366
2027
9740
2894
3655
3351
6816
2097
7993
2219
8125
4130
6097
4188
1093
2198
3520
3531
1280
205
6206
9285
3480
2161
2078
9762
2540
1920
7439
6068
2870
2118
286
8746
6524
7256
7753
4162
9854
2247
7002
6901
2100
6771
6795
2810
7483
6897
9600
4543
861
4946
7449
8424
2517
3830
2826
6489
7693
7264
3626
273
4346
3190
3889
1007
409
4074
868
3580
8467
8235
2035
207
9149
2903
3505
3842
8356
2002
748
4739
4352
6143
7811
4453
589
9347
1457
369
4213
9029
813
9975
2231
9510
9669
6080
6942
6510
7005
7110
9257
4425
9071
397
9975
5639
6822
2958
9973
4295
6553
311
5492
4888
5995
8333
3927
7324
1622
756
9223
5618
6785
4575
4063
6065
8365
8313
1060
5069
5660
1196
8272
764
5206
6648
5774
5269
4583
2088
7607
6462
5032
4959
544
9467
3786
8568
4672
821
7670
1434
9436
3699
7155
3279
1737
9117
1890
5828
5304
4879
1477
2158
2465
633
5839
2537
4712
9687
8103
7936
7419
5446
2095
2346
1407
4498
707
2680
4022
9411
1815
9157
5926
3658
5974
3067
2161
7366
7358
165
8258
780
6722
6639
4836
8948
820
9702
5688
586
4815
7722
1152
9541
671
5753
1049
362
6137
6194
2412
237
1171
2044
5607
409
1619
8508
4312
6433
1628
1787
8024
7675
5118
6902
5207
8896
1365
8577
2047
7995
5422
2427
863
7942
3193
8153
915
211
8918
5615
3048
7764
4007
7010
9156
6486
5602
1654
4933
8203
1285
5373
1015
7977
217
6106
9159
9824
3443
9828
5787
1878
2506
1941
3793
2545
3951
9504
2059
5784
5041
9020
9945
7037
7115
6911
6314
866
3069
1097
7415
9625
5689
3366
5025
1432
4403
7803
1300
5155
2009
3253
5257
4288
6233
2576
6263
1666
6922
7757
7250
7612
199
2923
3715
68
252
3296
2958
8047
6967
1021
9486
6785
460
3741
6330
5903
5746
4732
7796
1363
7429
5827
1779
3497
6763
4601
6153
4995
9953
580
1620
6480
3897
8386
1764
5985
6656
1453
8106
643
4797
3655
2050
573
5690
6511
3669
6304
2280
1347
5048
3494
7768
8336
57
1489
9028
1572
7
4598
6135
7301
8338
2601
8
4619
9746
4002
6551
8448
9869
8422
4574
5393
1005
821
8591
1194
7111
4783
3350
6281
3804
3311
7979
4747
7091
8619
3800
3246
9099
6745
5889
607
9202
3094
2433
7046
4064
6314
2635
9206
4014
5919
7334
873
4806
6343
2427
5037
917
2321
4393
8243
6494
6716
2424
5642
7921
8637
1898
209
3998
7487
912
9386
4093
7573
5110
4705
7705
4202
2259
4482
8394
9890
1262
9989
3380
8676
4616
1320
4969
604
8937
8932
3500
1873
9174
3309
8749
5481
8048
6450
3515
9516
6195
7860
8124
9539
4222
7747
7702
286
9316
2673
4126
6678
590
3832
1092
3802
1232
3848
1707
5254
8394
9821
3989
8675
5540
1154
6252
6840
6627
2729
6537
8809
8498
1264
664
1797
6729
4869
1362
8715
6782
2311
3362
3490
6794
8862
2141
5737
4411
9032
8139
5876
4387
2243
7563
6896
1625
1059
7039
2260
6579
5118
2752
5010
2465
4598
1826
237
6311
7339
3940
2700
4072
1017
2968
7049
1022
8269
3746
3606
9059
2495
7319
2086
1426
2694
2917
9443
3860
4932
3590
9202
1538
5806
8357
935
9176
2284
3810
3655
2930
1529
3956
8951
1209
8487
8344
6486
5575
4919
3432
748
7391
4599
4843
8358
7306
5498
8492
1252
2649
6912
5010
1127
2328
7287
6554
2390
8461
3061
6606
4241
1071
702
4870
2109
1736
1601
8659
7792
1816
4951
6025
8974
3775
6011
6378
2021
3645
4592
6956
2351
1433
2203
8378
6355
5300
5271
2012
8946
1563
6587
4146
1299
2201
3790
8199
8818
8841
581
7158
6583
8639
6187
2504
7908
8231
1283
5510
7907
3499
1935
7562
8184
5449
4774
495
9078
3149
1481
6191
9300
1397
9291
9827
8156
3714
3578
7193
3550
1385
5607
6885
2369
665
4677
8603
5877
4905
1921
3073
6653
4476
1911
574
56
8412
6632
5598
6087
3912
4042
1860
9117
6366
4711
2708
9574
5911
4440
990
8768
3989
3231
9990
8624
9108
1346
20
1566
617
5510
4084
7965
1025
2434
8115
841
8378
2950
6509
8637
4057
1107
4050
6437
4031
7596
8005
9803
2622
4168
7822
6334
3329
9646
5228
3023
4219
3729
9350
2928
3667
2941
9365
7026
6657
6234
266
6640
971
911
6319
2821
3088
2837
7515
1042
3694
9715
2703
1348
3585
5235
8193
1747
1866
5432
9133
57
8612
4050
5464
9984
2619
1173
4636
5825
7723
6942
9190
6866
4849
8418
7489
3010
1540
7637
1414
7101
1243
6484
4675
4960
2965
1712
8228
2728
8104
4424
4954
9959
6952
4905
9416
1718
4063
703
8868
6310
8150
6403
358
6483
4469
6846
9875
9405
9977
289
9363
765
3971
6178
5390
4296
4854
6868
251
8150
7074
5504
51
6111
1464
7144
4157
903
6136
7740
4288
4021
7640
5178
8890
8752
8420
6314
2496
3908
9490
3881
9532
3452
335
3934
6980
6841
4118
4364
5790
9219
3802
8938
5098
6185
5891
6819
8584
6889
7612
7612
1436
9770
2935
722
2750
6256
2601
9213
9009
4432
4200
5235
1495
831
3240
3808
2426
6324
6354
5071
4679
7502
286
2278
1917
9968
6169
9979
7786
6209
2498
575
8575
8028
7865
76
1394
8711
5088
778
4993
8643
4100
2154
1843
8380
1578
5562
7390
6231
7419
6740
378
5956
988
563
3859
8247
6171
6460
9261
4821
7010
9011
8948
5591
4583
9972
5232
6866
6974
4660
9089
564
1400
8119
3541
7923
7551
4132
276
9981
7410
72
3635
5717
3065
2172
5034
4324
4201
6248
4277
7134
5723
8271
8451
1632
7683
1252
6913
4794
4942
1846
9279
4813
6241
2568
6555
7173
87
8070
4685
6904
2651
4615
9361
5989
2790
6544
2532
3860
5905
6403
4038
5645
4884
1371
97
56
820
2153
1410
2781
9781
8697
5410
1328
105
1061
8953
2296
8072
1245
4307
2156
4644
5127
7100
7197
7692
1160
5499
659
4309
7470
8093
8477
3927
9282
1940
9590
7202
3372
566
5074
5824
1694
3917
4029
3835
4368
8252
3614
4218
8916
5402
5625
5544
4615
7046
3403
7717
4495
4039
7271
866
1773
9893
4083
1928
8857
219
7032
683
5517
5804
5004
5356
9500
49
1563
1727
6568
3871
2334
3862
6826
2605
1469
2818
7987
4594
4300
7103
99
2707
7765
5461
5148
1996
5805
904
2567
8069
3495
3246
1773
8866
2091
9100
7021
5242
71
1283
5018
4230
1758
9558
8679
2283
3595
5881
7745
3728
7264
2885
8077
1011
9700
7101
510
2575
3440
6915
9488
8719
5443
9413
5635
2978
5849
8682
4874
7331
6660
710
2819
4226
6121
1931
7857
8556
4884
8655
5515
6100
164
272
39
9016
5257
2549
3460
1496
5377
7961
7287
9849
6260
4966
2179
8956
715
5591
6499
1349
5940
4749
7468
8319
74
1031
9752
3003
13
6885
1931
4908
9543
8816
1085
2688
2834
5949
5729
1319
2327
4061
6434
3118
9119
4701
5656
449
8017
9062
7308
5299
683
3
97
4554
9469
684
8934
3141
9753
8821
9963
1670
6920
2984
210
4098
317
7659
6738
7347
1063
7811
6497
9080
3811
1088
4018
5576
15
1903
4744
4229
3826
3700
9096
5345
4584
5369
281
6126
6391
2641
1034
6692
9441
5772
583
9564
9446
2457
6293
9827
4125
2674
8479
1042
9949
7547
5633
6093
9708
482
3771
4904
985
8136
5438
3037
8492
464
4035
2649
2600
5310
6363
8364
4986
4163
7017
7624
2104
722
5045
3700
8150
2809
9034
52
6171
3035
1414
5916
5992
7942
3369
8132
3796
5594
5223
5392
3420
6409
7140
687
4432
7340
4555
5853
8777
4349
5087
6082
2478
5675
4448
331
7227
6653
3565
317
8826
8936
268
2757
8765
5658
1686
1849
3705
432
6890
642
6762
866
4018
8500
1160
7295
2300
2900
2470
9334
90
2668
5728
6191
2949
1291
6952
9651
1239
1686
1498
4068
2670
7242
2479
3710
6745
9958
1707
2998
8670
9655
275
5802
3254
4295
4988
9186
5533
6627
8192
6431
2400
2863
1798
4059
1708
7760
8668
4448
9937
8007
740
5043
7724
4385
6338
9128
8723
971
3836
2213
1781
3213
532
395
9509
3486
9033
253
9186
2680
1821
6661
156
2213
3686
6092
121
3206
6782
6172
3633
8393
7307
1700
3187
1498
4718
418
2293
6814
96
8606
4698
658
9927
5927
2388
5198
2210
1480
8383
8053
7680
9804
4686
5524
5489
3779
9744
5011
8347
7730
4169
6251
1173
9796
6419
527
5276
8738
8876
8883
293
4608
1353
7727
6474
7492
2672
3783
731
6493
3053
6519
3699
546
9144
776
5636
9126
7623
7053
2194
4320
3662
4669
774
9952
7626
2073
3053
7195
1365
5065
5390
6698
3252
6385
5956
18
4209
1794
6151
5298
3934
3851
7316
3457
3076
4526
7467
6341
9912
6614
5048
1491
3598
399
4172
4915
5885
3544
1537
7088
979
5462
2019
6285
6917
1411
7254
6705
7504
1719
9122
9572
7003
7228
1528
3598
4369
1649
8136
9160
4751
4421
2550
789
6391
227
8992
4929
278
5087
8877
9350
4840
1552
7295
9566
3717
7234
8393
7469
3568
3838
5556
5097
9394
2445
5508
1727
3376
2488
4861
8925
7884
5761
7281
1197
8780
307
689
5324
4733
9490
6028
827
7479
8958
4401
2052
7568
2467
8660
6056
7045
4721
1224
3652
2682
1505
8649
6638
5996
3085
3968
2740
4581
5712
7678
8631
1603
5953
5914
8431
6841
3443
5704
8409
3444
6596
8848
2096
3847
8839
6882
8367
1316
2917
3763
230
9027
3829
2278
2191
8141
717
7322
1231
3616
5787
1541
963
2399
5526
8507
1126
9532
1385
5628
1560
1367
7635
1393
8025
4634
6553
102
7946
3604
7730
9321
7043
6577
7518
9649
5228
6181
6986
7902
5188
5425
1713
6602
7703
1786
8575
8501
8237
9379
3310
7456
8365
8338
5862
7252
9787
171
3388
2113
883
4344
5363
7149
2813
7298
4400
2497
1459
2416
2199
5740
3021
8324
1324
2563
2871
2390
4139
4822
599
4451
3416
1345
2894
860
3679
4354
765
1538
3935
1215
8264
1049
9800
4406
7930
8802
7686
8324
7323
8501
2667
4796
2682
4651
1701
5990
2501
8322
604
3191
2122
4980
5766
4313
607
578
5171
4843
9852
3434
5232
5725
1562
5084
7274
2600
6260
5265
3095
9080
2683
9710
3374
7878
6278
203
9883
1422
8665
4798
4707
492
1239
7207
95
3967
3002
6523
264
830
9339
5997
8712
564
6102
7677
6281
6808
647
797
2400
30
87
6089
3207
1349
9383
1710
507
3763
8003
7644
7573
6543
4892
3017
9553
1624
9577
3318
2598
1056
4368
707
9300
8399
7589
3391
1085
2629
7168
5197
130
6415
7591
5467
434
6139
1749
502
6554
4671
7670
1444
6341
5276
4170
1446
8654
5772
4882
5646
8294
1443
6307
2815
9442
5848
2447
6879
221
5151
1274
5559
7596
4451
5115
6027
2648
7300
8299
9584
6285
9750
9167
2860
3061
6145
1038
6188
1824
9249
7031
7451
704
3286
1876
1458
1748
5946
9141
3174
2117
1603
3095
8598
5960
878
1503
1676
9882
2819
4078
2114
7864
3926
9875
1190
3751
7966
3135
6743
5061
6776
6575
2816
3561
3472
8400
6621
3971
6578
1200
6574
3685
9232
4344
1151
3377
7314
6464
14
1589
3632
7271
6312
2098
7580
295
4340
3037
1098
6190
9917
1666
5074
6035
9999
3365
8764
901
5091
3983
8938
7193
2788
6865
5153
5922
3100
1158
8317
5520
8475
391
5230
9599
7659
8344
943
