9626
3214
7409
2998
7378
1847
12
6050
6651
846
4463
6875
6416
8902
9226
2511
4760
8868
8892
4741
4249
8639
3952
3549
6061
6856
1532
4625
9657
3246
3409
7668
4450
6257
375
7368
8190
2474
3455
2691
8218
7413
5088
4159
7138
2609
9673
5177
4357
7627
6005
5159
7550
2535
7701
2072
2679
3222
3381
6301
6497
7555
4311
9870
8601
9464
3307
6501
9826
6476
4543
5658
3743
6788
1445
5717
5544
350
7398
8202
2362
9027
5416
4883
7166
3334
5131
603
7048
591
6638
6631
7104
5383
5448
9464
3874
6361
1480
746
5281
7176
2327
1003
3168
8402
1840
7987
7246
5717
7716
3681
5268
8592
915
7231
5472
2926
5232
1676
3063
987
6342
1778
4435
5356
1339
9990
1905
2934
9471
2766
1984
9214
2336
7864
3228
1073
7587
6356
540
1823
4621
9165
2230
9096
225
9298
5376
3776
5606
4581
9310
8826
206
9791
1789
4958
5252
1897
6409
6144
4619
3437
969
9412
1534
3019
3708
4827
7650
1571
5538
1061
1930
8443
1051
7472
8114
8767
6839
5656
3852
9314
8868
9318
1067
5500
1151
5056
1104
1674
1028
4190
7873
9395
4846
6662
3882
7309
3694
6365
2279
9570
8554
8929
160
8403
8338
2311
76
218
3049
4065
8079
2357
871
6006
9394
1246
9232
6192
9785
9805
8733
7127
1901
9821
2400
2733
5936
9631
8897
5038
4520
9923
4081
4763
4955
9903
5145
8991
6804
361
5051
8661
6320
393
1132
5658
9384
2913
7267
9080
4015
2274
381
9758
968
1351
2355
1583
8894
2856
7835
8203
1355
5843
1416
3713
9330
7830
8505
7737
4854
8153
1001
6357
2999
3843
4172
5807
6524
3270
7153
8133
4976
8598
3450
6079
2734
4382
2674
1784
8864
8050
1794
6665
9643
353
8764
6464
5957
2721
7618
6707
7398
1106
3640
873
1370
408
6274
2586
5819
2530
8823
4080
2418
6385
9624
5622
4045
5127
4043
4703
6486
3763
2045
634
8738
273
9480
5160
1792
2430
9704
9208
4629
7392
4111
950
6002
3265
5843
333
7575
8990
673
4966
2095
2550
6377
8478
2745
141
9231
1982
7611
914
162
9930
9234
8191
9668
7927
9630
4488
5135
9133
3417
72
4226
7452
3934
6109
645
495
4673
6706
4777
2815
5352
354
2387
9560
5156
3667
5496
8813
1367
78
6971
1530
6888
3095
1366
7247
981
1228
1875
8313
1450
219
5959
923
8155
5078
5725
1266
3355
2601
1353
8688
5254
963
8575
8446
8149
9935
4397
2992
1063
8915
1261
2255
1686
9645
5435
9553
1583
116
3235
9335
8659
1422
9265
6164
3149
3770
2028
8528
9780
6295
4585
7049
4008
270
8716
5930
1291
7770
3654
5324
6440
6025
5421
6390
9000
5879
3529
2393
9604
122
775
2130
9164
2202
9115
3928
9661
7355
4532
8671
7791
9897
1972
199
8038
4387
3387
8771
9300
9786
6965
5096
6355
7836
6774
5948
6415
1381
9829
5836
642
4835
66
6795
1116
5342
3108
2925
1625
8944
2193
2311
8416
6025
32
4898
7812
9105
2476
1968
8348
7741
1606
7177
6648
8332
2476
7310
6289
6056
8698
4332
6772
890
1077
4547
9479
3773
2220
4946
3255
8372
7303
3355
47
9541
665
2988
392
3800
6939
2765
1982
6735
6732
4045
864
975
1983
968
2108
5634
8122
9763
1023
6088
5624
6525
8775
1401
6595
7475
1601
3631
7793
1883
2906
5916
4091
191
4585
9035
7012
255
3032
7037
2951
5276
4763
866
2059
8657
4301
9687
8477
6143
2272
210
8191
9842
5961
1915
6476
2884
1054
2990
5881
5378
5796
8705
1964
983
4612
3662
8462
690
9965
7743
5220
1575
4905
2716
274
9734
3625
9195
6766
8858
8941
89
1341
4584
9380
9821
5906
3123
6174
1675
2356
9722
1237
9641
6959
4184
2317
5957
8847
8731
1237
8471
5403
615
2333
2881
9239
7136
6725
8989
4427
7771
1885
2592
7549
6237
3487
7590
6896
3673
2614
2360
9468
4412
1099
259
5000
4738
2663
979
1045
5201
19
2971
2225
5741
3894
4025
6096
4644
8697
4881
5341
3795
3691
5555
883
9317
4805
263
2507
9409
7159
1566
4627
8035
3083
3260
2209
2414
687
9431
2612
8137
5453
1884
7945
6224
4783
7792
9719
1121
4110
1708
484
7299
548
6939
3930
4922
1297
6373
7355
132
2475
2488
4929
8239
2887
5553
2543
3835
4355
4038
6502
2272
2083
4195
2605
5779
1653
794
227
4649
2356
405
6299
400
4976
5822
5535
9208
4253
1810
5807
5336
4897
682
9003
1760
4220
4902
9358
9728
3683
1525
1597
9629
4068
452
5872
1632
6131
3560
5264
6511
3331
3907
7502
5970
392
2260
1837
5352
5728
4925
2128
2283
9179
6462
1521
5848
5657
6574
7867
895
3205
2576
9333
7766
3299
694
908
4596
1843
7078
6657
3281
3536
5393
5895
1335
567
6757
2462
6357
8156
5375
5018
970
5543
7260
513
4571
8623
338
5055
2022
1675
3649
6082
4329
468
1437
2255
3177
8987
2086
9568
9612
1317
6401
46
1647
4721
9521
5930
9546
925
1006
3379
1345
2695
5109
1400
3336
6152
4129
5212
711
2360
4965
4246
8271
5254
663
4369
2540
3833
4522
6491
84
43
8066
8456
8171
9484
6117
5945
9432
6289
5661
1894
2158
6461
8179
5277
6244
1891
3699
3173
1482
6007
2941
4983
1826
3704
2691
5878
2761
7600
6656
568
2660
1174
848
3753
3389
2924
9540
2840
1970
806
9495
789
7408
8563
420
4666
7483
1726
948
8165
2525
3223
3843
2276
4327
5899
8872
4367
4207
4417
5442
3013
1091
7628
5758
8340
1145
6275
5778
1402
8842
657
9195
2579
5202
4816
9580
4892
4985
3972
2611
9729
4864
3824
1606
9336
437
361
5452
2252
3436
7206
2052
2983
6241
505
8042
5088
439
4406
9912
5029
3821
1745
7407
1697
8134
8122
5109
4864
3208
6182
2295
3935
5432
125
7845
4579
2573
1908
9856
6273
8804
3004
8323
1818
7729
7569
1158
2898
1972
6225
349
725
3824
566
4836
7545
1822
2380
3167
5362
8794
7960
9168
3353
6769
7802
7718
4466
8766
8094
362
3576
7543
1659
7432
8446
7844
4758
1762
3006
5019
9905
4833
9010
7512
44
7271
8100
1805
8281
6798
917
4367
8357
9846
9687
9724
5967
8848
2601
6578
1236
1738
9072
9373
7675
9353
3384
9720
5052
1659
5868
9838
309
2427
1674
2517
5657
2122
6414
8209
9649
1457
7194
2015
7484
619
9426
3113
2559
190
9472
9997
6587
6188
3794
5821
8144
1823
8236
5768
3176
6672
6638
9757
2615
2676
5081
5931
7997
4570
4447
2685
8793
9391
2725
447
3634
1306
1810
6914
4576
2427
1947
4040
1159
9552
877
1695
7947
8910
9323
3718
8376
4775
7385
6328
2328
5249
5975
4377
9597
9768
9057
1099
962
5832
2177
8355
9402
3634
9474
9649
8173
6419
3238
4393
3250
371
1068
1456
480
3472
6905
5089
3494
4491
7260
7423
1835
8947
8399
2359
7015
7677
9579
7821
3032
256
4473
8017
1625
2796
6177
6898
9996
8379
6366
4209
7484
8695
9234
1761
1867
6789
8586
5490
2309
915
5402
2219
6773
1399
5227
1629
850
147
9687
3134
4990
919
9729
6058
171
9580
477
4909
4854
6223
8485
6124
6548
6653
9365
2021
1090
5232
537
5516
2988
135
9470
849
4267
2319
7500
4884
4491
787
1330
4604
7691
9502
6852
4441
5318
9725
2677
1742
7629
2137
4814
7772
4704
1201
2813
5635
7938
4793
3962
6927
9835
658
8131
874
1776
2663
7792
2016
8564
449
2594
4424
6931
5763
637
758
6756
7672
7312
4022
35
4369
1859
775
6033
959
2180
201
5775
9121
6890
615
6550
1424
1665
3758
9722
8113
4447
2908
4616
2117
8080
3579
6533
1523
6419
9368
2389
6062
9298
7465
6274
6936
2769
2206
7830
6258
8027
8783
6349
6696
7152
5561
5563
237
892
3886
213
2394
875
17
309
8952
186
304
3673
2710
8257
1834
4542
6618
6570
9936
7845
7439
5250
7997
6155
2221
9268
9065
5272
1832
3337
3098
8448
3411
8141
2915
276
9870
2219
5551
7679
5790
2239
925
2365
9852
7088
9503
9429
1172
5223
2848
1345
3601
5711
8527
5213
7385
2694
5425
5065
2626
9249
6702
3533
3328
4656
6919
3427
3703
7094
6106
8205
9409
1262
6512
5121
7533
5987
7149
9594
7856
1092
8979
9441
7953
4633
2359
3357
6802
5128
459
1625
1316
7410
518
3424
8460
370
5294
4108
3019
3357
3008
5154
1441
1935
9590
2766
1842
8141
2090
1097
4119
5734
2531
3237
3169
7133
9462
9424
1362
5561
9192
6007
1683
5549
9362
8551
1752
3440
783
7965
2951
1878
514
853
4029
2824
2878
5280
2159
7897
3304
5321
422
7270
5389
9681
2353
3516
1734
7346
9976
9139
127
8572
1238
5440
110
2335
6098
6246
99
1710
5911
9437
3631
890
5856
6152
6815
1837
4895
8378
208
1798
8207
9872
5563
7998
9380
1335
4625
5596
6404
160
1211
6
4827
5655
6156
3749
3857
3339
3574
2648
7973
4170
7182
7667
2037
3589
5298
6265
515
1489
2554
7619
7661
1829
558
8961
6749
7384
8414
6656
1580
9792
1984
9626
1610
5554
3603
1881
7078
6334
2574
5917
7068
7474
6058
2229
6229
5579
909
7880
7854
5560
2591
9572
6951
7357
5425
4557
7745
9799
2661
1090
1276
6960
5256
2130
6835
4706
6269
3065
2068
3107
2004
6618
1331
7247
1341
6706
6997
9747
6105
95
8845
4019
5862
2843
6316
3324
6336
3897
6888
860
8741
6338
9402
8590
5732
3725
9467
4859
9255
7037
8844
1421
398
3199
7921
8896
8535
1414
4712
4141
1975
3693
9265
4370
1224
4797
7217
5131
2037
4897
9574
2515
8644
7933
1265
402
7504
8519
7791
6337
3838
8258
8281
1209
9491
1176
5860
7287
4650
5729
1712
5090
9577
7137
8802
2706
3506
7116
1682
1292
5364
8651
1553
5020
990
6156
8016
6460
4584
1886
5681
9330
7727
7785
7887
3244
944
8421
8935
7487
9474
3984
6564
8134
9553
934
4440
4259
5964
1236
8384
9259
7352
2735
2038
7916
8993
7544
1347
4279
4992
6429
974
752
9042
8303
5235
5116
4408
4287
9860
940
2467
3672
4114
9732
7572
7077
5997
5815
9438
215
4561
7848
2758
9199
9691
4392
1704
7654
5092
6915
6947
9916
5722
7027
7453
3855
650
6972
9076
1815
5363
6063
3919
5530
6670
8086
3077
3937
444
3185
4622
4938
4524
4534
1079
6742
6290
5799
5791
9722
6626
5760
5511
9771
7654
6008
3585
384
7112
1499
8225
2191
1348
7384
3556
2500
452
8154
6352
2262
7437
2127
9080
8787
4724
2585
4062
5084
8998
780
3148
6013
7117
5188
4810
395
2183
219
2348
4744
7408
6071
7092
6550
8332
8163
8068
6766
8801
1177
8751
2839
563
235
1621
248
1188
9759
4197
9430
3973
858
6455
124
4427
7725
2871
8801
79
3812
4271
7450
8704
2448
9687
7171
3929
9071
2621
9858
8535
8386
8523
7057
965
5365
9485
7980
5450
2995
7266
6182
1482
8811
9940
9611
3724
7770
4353
6215
6571
8109
2587
5880
5792
2897
2759
2104
9550
517
1552
2285
1752
9871
2185
9947
1857
1079
4454
3801
4724
9903
780
6024
3455
2306
2283
2697
216
5553
1295
3044
2924
5159
3355
6976
829
3129
7513
2332
1394
776
1065
8605
6917
4332
1608
1004
5020
4517
2674
9297
7489
8675
8879
3227
3552
2849
7128
9437
838
7652
6818
5900
3720
2810
9554
1685
5290
8962
5236
1042
1073
592
2251
7351
8030
5525
8752
9218
4606
9797
5636
4542
4782
1517
3761
7869
5677
644
4505
2157
689
4668
8025
1708
7734
9428
3011
6273
3405
4360
9742
1110
3127
6884
310
9485
3706
7892
6312
3865
5633
5438
4544
4649
1208
6171
6955
8183
1507
2284
7247
6423
265
5354
4448
194
647
1140
6864
1112
419
8509
8404
4224
86
9528
9969
8122
7941
2066
1443
6884
2253
1852
28
5599
3657
834
1107
7922
5422
5134
2973
6600
726
679
6877
5147
1748
4105
3657
6814
5058
5113
7909
4387
2672
2543
1560
6026
6647
770
8399
817
3789
537
1829
8167
7482
3005
7954
2417
4895
5705
5904
7057
6414
1563
6335
1315
6027
8384
5415
7881
1002
8463
7958
5647
5294
5097
7280
3365
3131
9794
1974
8353
153
7178
4951
205
5280
3302
2134
4763
862
4569
2420
5235
3717
8926
1099
5375
7382
6387
8882
3347
7606
8400
1162
847
1333
787
6065
1860
9151
7390
9292
823
4224
7643
502
343
4717
743
500
6029
9872
9066
1864
5791
6620
1917
4374
21
4380
7761
2645
5744
7616
4647
8797
1181
6205
1394
3923
6375
7578
573
7122
4231
2302
1524
8108
8739
4930
634
6962
1425
2950
953
7671
9813
6493
8721
1906
8022
2851
9644
5873
4842
785
9385
8618
362
2726
785
5919
7007
1122
2660
5746
3416
2748
7964
9475
1984
5262
5673
6237
5703
8622
7550
9496
907
1011
9588
7300
5564
3993
5077
5681
6849
940
859
458
9195
8785
2159
7531
6339
7162
5522
3636
8338
9519
5289
9608
9964
4101
6697
1196
3008
6499
9000
624
2162
8837
1132
8615
6193
649
9122
2226
3927
3688
6512
4692
4426
5944
9344
6646
1719
7371
8993
711
9487
9108
4375
6475
8152
8760
4892
6261
6380
6096
5230
1720
1612
3089
9702
5355
7554
8634
7559
8299
1739
3609
2093
6234
4170
4966
9993
4825
2603
4792
6653
1625
3686
2764
6754
5994
390
5921
703
1851
7779
2341
3666
9373
302
7680
4240
4925
771
8491
5976
1847
8190
957
4525
5294
3344
6132
3823
9693
6136
9387
8022
5758
6597
1689
3383
5659
8519
6728
6440
1443
2532
9432
9241
3995
3219
5352
5088
9632
9924
2105
6802
8399
2153
4373
3812
5577
4134
440
6925
6883
7889
4173
7258
3154
7322
9678
7555
6416
2884
1049
9440
218
5120
6609
1178
1608
9135
3062
2477
4238
8606
9204
3385
5213
7738
6888
8307
4684
3645
4661
5452
3192
4290
3700
3158
9961
8720
3446
2103
9213
5171
1663
4010
8901
9793
2315
3143
7085
4570
4032
1348
8587
1852
5915
7677
2768
6522
1095
6609
9116
8898
5630
8911
3945
1609
1249
4401
3640
9567
1295
6252
1171
6931
7528
7711
9613
2755
4132
9824
2713
6850
7684
2708
6824
4107
3368
286
9520
8129
4358
5930
2804
4743
9224
7921
4705
708
22
7362
7043
3436
5412
9151
5003
1901
753
9953
5724
5405
8985
3155
9383
3780
8679
6475
7103
5147
9010
5512
4872
1717
4479
7069
8203
7265
4137
1075
6079
4593
7392
1854
8662
1675
4101
7388
8738
5877
2577
9987
6831
2755
3170
2061
4865
5809
5247
9656
1250
8250
857
5219
2769
9878
39
6745
1523
4911
4080
4521
2831
9463
4149
7857
6512
8484
5517
7038
4091
5695
6366
4632
9540
5832
7670
103
8039
1765
3634
7362
1133
7891
7662
8743
7492
6578
4141
4268
3836
2772
5628
6547
5259
8483
7454
5215
9739
4487
8056
4892
4436
5925
848
1095
3472
2073
1618
1158
5851
4368
1058
8410
3670
5625
4566
3774
7603
6663
7142
3113
39
4504
6574
8779
7146
8092
2500
148
9782
1110
9733
1349
9807
8292
8352
7743
5115
425
120
9026
3694
2079
2870
9997
2508
558
9606
5393
578
6813
6567
5428
3615
4775
3536
1116
5552
3999
3548
38
511
9958
5918
6447
8735
4301
5756
798
9390
9681
7038
5764
156
9332
5370
1415
7543
1409
4682
100
7495
1005
9440
5337
8530
3581
2667
1586
9179
458
847
7559
7859
3755
4738
610
405
4541
2020
9678
6573
525
4724
7526
2195
2889
7776
1704
1104
8738
9552
4816
1734
8072
5282
3769
2934
9264
616
6222
3149
2920
9658
1018
9030
5995
7244
4585
6434
4103
8406
2052
6216
8460
3483
9731
4915
4170
4255
2872
7167
9143
5393
9917
5676
2224
3148
3081
5852
3601
4203
4162
9750
2548
6064
54
8003
7425
6563
7879
791
1894
5811
4016
2766
3851
2874
2612
7878
4418
8830
8511
7227
4917
7509
8134
5179
922
4439
2454
3652
9122
4540
126
1668
9455
7855
7463
3196
7259
483
5999
3231
8908
3534
5169
4239
8274
4472
8587
6038
9163
5288
1932
6445
1119
4273
7033
4682
1016
5842
1761
9659
1689
45
9991
3574
5913
3658
2130
8919
3218
5836
761
1483
37
5637
9568
1199
6221
204
569
7801
5048
2405
3984
3019
5968
7356
3947
7879
4003
2247
4480
9002
8623
2986
857
2124
5229
5935
8382
6357
8697
4154
3410
516
9829
8275
7058
3648
2838
1415
3814
4140
7460
9580
666
8999
7066
3285
5737
7879
5226
3394
5996
5813
2444
6344
3176
6032
2274
7633
445
458
9915
5521
2033
828
6269
1147
2878
1403
6471
3153
8651
7920
1517
530
9006
2799
3372
1201
8157
490
2780
2303
6241
2197
1946
542
8616
8386
5397
4240
9829
2714
6641
4450
5093
5863
540
6887
7409
2106
5690
5737
6384
2099
2989
2740
7623
4460
1364
4703
3382
564
8923
4404
5853
7898
7425
8665
9732
9595
7760
469
7920
7617
7933
2081
8535
2292
892
631
8726
2380
571
3059
4763
2548
3397
9349
3844
7725
8501
6188
6533
3678
1771
8900
7024
1193
3171
5878
3873
5612
281
9316
1560
2849
9028
4539
851
5162
7907
5321
1216
2225
8926
2449
1822
220
7577
9122
4370
1494
6284
5045
6516
964
602
8876
7316
4907
3176
8264
3334
5829
1215
5857
1321
8679
4200
5986
3671
8361
5688
7797
9946
3307
7413
8786
2331
8944
373
225
4748
6906
1787
6654
696
2688
7172
5642
5957
445
7413
6058
7245
8956
4919
3477
5954
4639
9027
4964
1898
4602
2307
1156
2277
6839
9045
6474
6597
2750
2308
5112
331
9734
9774
2740
2770
8198
3632
6034
9734
3952
4628
5714
3401
9569
4363
3349
8789
4478
7324
6981
3421
7459
7614
6628
35
7442
51
1939
2309
6865
3855
7456
8729
633
9766
5541
2162
5546
644
3697
373
7879
9911
193
7603
1404
2000
7964
8214
5867
3889
2615
4473
5207
4534
8529
4228
857
3972
2721
3911
6637
8691
4700
936
7959
2939
8628
8546
4263
7878
6771
6891
7588
2804
4960
6855
2466
9145
9044
1317
3031
2260
7374
4341
2377
1621
9925
715
8482
5631
4414
629
1358
7861
5735
1681
7916
7859
8132
9455
768
4295
6529
5133
7435
58
3680
5484
7247
7593
6586
9210
5153
9850
251
1440
7336
1143
4882
2702
9615
6714
2569
9124
5008
2377
5078
3638
5569
2644
5225
6914
2332
2445
1000
9120
8487
5022
3806
8102
7204
8391
4682
2302
1348
5035
9510
4949
6039
3757
7839
5686
65
2910
6305
7605
517
5965
1324
5444
7728
8432
1842
5520
1340
8838
2080
8428
4771
7210
2415
615
3919
2651
2302
8523
5306
8772
3161
4273
6855
2383
8036
4895
1401
2739
1728
1028
5242
8179
8459
5056
5256
675
3606
2912
4870
8032
8902
9713
2583
1318
7722
2059
2328
6576
1572
1676
6602
9967
3478
6203
1267
9304
5270
43
4166
7390
8022
7366
588
8684
1120
1561
3190
8854
9287
5680
8055
2534
2581
6617
9126
2713
2240
57
9075
7725
6686
9374
2627
394
5813
974
5214
7378
17
6908
210
3047
8656
135
4470
7778
7620
6675
3209
3051
2037
5674
3626
5667
3971
5400
1883
3120
4156
4462
6669
6218
7028
2812
1629
9868
2880
1336
9791
6485
8528
7165
6056
3068
7155
4334
7763
7436
6574
1621
646
1949
9659
6840
7086
327
6826
5137
1589
7478
1464
8893
547
4301
9333
1973
277
5799
5670
2405
2479
123
2683
3022
1235
1046
6396
5106
1652
8954
1473
8814
2546
2705
5003
8627
9082
4056
588
6780
2918
5135
3024
4473
9021
4891
4993
5130
3691
6830
3127
206
895
7510
518
3888
8287
3038
8816
9078
8998
6236
9004
1642
6180
7506
7689
8194
5367
7454
3333
648
9101
9524
7057
5873
3220
2931
3374
8485
9050
4548
4929
5784
3011
8561
283
3213
3624
672
4839
4447
7978
576
3096
73
8330
1823
7220
9713
2381
3686
5395
7238
9431
4058
8568
82
6742
8198
6920
7666
6606
6745
2177
4876
5155
5896
8351
7833
3398
2229
9162
6630
1161
6153
5324
274
3000
9920
5927
5030
4395
9199
5292
8993
8701
7325
7597
5287
1916
3984
9604
8612
5715
7893
4247
7733
3028
4743
143
1357
3925
1056
5686
1876
9159
4351
2322
274
9855
1316
9546
3558
7727
6400
5039
682
9863
2703
5202
8600
6279
1723
845
2585
2947
960
8060
6561
242
6818
6153
3933
8452
3124
2515
7065
9384
3236
5851
2378
4380
4406
750
7224
9028
1807
6590
6824
7910
6141
5674
8902
6397
4629
8535
6377
7026
2716
6180
8521
7225
2607
6843
7044
9868
7985
5705
2683
6706
2097
4358
3811
4260
5593
8668
8519
2101
292
6864
6167
864
6533
1782
3321
6006
7471
3625
3784
5683
2008
8670
4824
5355
2480
4185
7360
9367
6873
1293
1258
3917
7212
280
2273
2861
6815
9730
5161
373
718
9972
4784
5969
3427
875
8303
761
8381
3284
6511
9319
9159
1913
1960
4948
2188
7495
9556
7068
7136
6760
3050
28
2556
4466
6052
3421
7859
5144
3028
6406
9438
313
6893
7401
7918
4286
6817
2900
2121
2432
1999
3750
2196
6001
4836
1861
1653
7287
441
1630
3639
2137
8862
1628
3038
8953
7631
6815
2007
5441
2948
2386
2955
8681
3616
5509
7235
6507
9642
6438
84
5932
9335
5313
8241
4885
2912
4372
5485
1590
448
1139
8198
1888
8293
2953
3667
8097
8777
5117
916
5989
4004
1999
1067
5018
1825
8947
9097
8939
2816
4729
2983
1514
2617
9453
4902
9001
1634
2389
4073
7056
9391
3405
268
7091
4146
8092
3553
7582
348
4698
2510
626
3641
7127
5148
2918
8791
7794
7365
8089
3060
4121
1194
9979
1479
9978
938
9506
1431
8903
6997
330
5933
3734
4212
5802
1704
28
1956
5899
181
2519
4005
6920
9812
7381
2323
6550
2125
5567
7651
9408
9430
1919
2142
3694
9435
4240
4088
8338
8497
8599
4865
1448
1980
5443
4535
346
8519
7450
5949
5645
7691
7890
4947
4952
3832
5336
229
739
3215
3788
9689
3662
4521
4482
8505
6474
7824
3131
9041
4080
8379
713
7405
4571
992
1551
7963
6368
381
2
6215
7087
3099
9375
8405
5550
8496
5059
5299
8253
1615
968
9403
5421
6242
1696
7578
8027
811
7540
7470
9238
5447
2676
3240
9284
5428
3660
3424
4400
5290
9636
2137
6598
9648
9303
3878
6871
7543
5104
5861
1219
6508
3969
4787
2326
9678
9702
545
7209
3266
352
4585
842
487
1998
4701
4083
9905
7765
187
8726
6147
6117
4951
3853
4754
9963
4532
2544
6055
4092
2752
6261
6471
698
2664
3853
9096
624
3124
885
3496
1864
8783
294
5315
427
613
1681
8232
4024
542
5808
391
5088
5003
3458
1266
1643
960
2503
6496
8383
7219
7110
6738
6884
5982
4418
1353
6220
4098
2296
4547
3746
5799
2407
4300
4713
5414
8212
6070
7855
2369
3093
4457
5544
2399
4079
3962
1723
6124
8435
6056
8647
181
4396
5691
6860
5178
3790
1059
8201
3644
3229
8789
8293
8884
5631
8815
3034
3231
3507
3665
9724
8903
5816
1612
1419
9123
3452
1906
7623
9336
3034
7482
4463
3954
5199
9267
5235
7897
9802
2229
3250
2786
2904
5568
1656
5568
5658
9365
3865
3179
349
5708
4339
2796
7681
7296
4570
5709
5446
1337
1141
1043
1304
1898
4435
2008
1594
3186
7835
9521
8900
3453
5117
6345
6038
1085
5483
4672
7178
7076
4243
6766
5418
529
263
921
781
1458
4135
3829
8834
3120
5895
1018
9839
5190
4530
2283
4953
668
9036
8373
9848
7828
6912
2966
8228
8003
3917
7837
669
9988
2678
6755
2089
8936
6794
1516
6397
8521
7848
4266
776
2875
152
6210
5813
2929
4673
4887
6224
6785
1986
3018
9341
1956
6235
3906
5882
6756
7814
8990
6138
4506
4025
7764
886
5551
8342
5261
4091
73
471
7132
387
2926
1518
1851
6549
2291
5698
4563
4026
6431
150
9967
874
5811
8169
6116
1971
1682
3537
3492
9004
1695
6347
4522
2049
8756
5696
1970
67
6963
482
9256
8510
7804
3295
9773
1507
4091
4167
6988
1808
607
3090
4851
6854
282
4765
9346
8309
123
183
7942
7324
4818
1176
5160
643
5907
4304
5091
3222
884
1589
1583
5585
6430
975
802
5379
7819
2300
3422
9346
2233
797
5457
5279
3908
4333
1702
999
4022
9494
7565
3325
5415
2721
8598
9863
7133
3128
7675
6188
2355
4570
1901
6854
7873
5937
8923
434
1666
7432
5710
434
6594
1600
6670
6083
2393
6475
2445
8171
9587
9733
7709
1905
6745
5108
2653
9005
497
567
2029
1598
3310
6787
6784
5236
7798
1089
5724
2694
2786
3233
8886
7322
6632
7399
2168
3216
7473
7338
6347
9749
1472
3711
2762
6309
281
6194
165
7728
9993
1994
2445
3786
390
9867
3360
3491
255
2022
506
5981
7799
2587
5467
6917
690
9045
6006
5545
8254
2155
9011
8122
8547
6625
4589
1727
5736
5729
8888
6773
7881
4705
5076
8749
839
671
9098
7169
3198
3473
6987
2590
3540
3465
4769
3510
9629
443
6268
939
1873
2917
4828
9107
5738
4173
351
2731
6982
3138
9017
6394
9289
3643
5385
2177
2568
9923
3579
6850
8147
2843
9136
6002
8407
1650
388
4016
6892
2118
2688
7125
909
1520
8715
324
8571
3139
5674
9330
1165
4038
9866
1082
4219
4899
3798
4730
6829
9765
7614
8964
9589
6135
9621
2703
4761
381
8144
9334
2761
8121
9952
7667
1328
2017
8061
155
9430
7818
5195
8205
632
6101
7155
117
2878
3819
2994
2368
8486
7156
3292
6003
8989
2006
7331
1781
177
2271
9237
3833
4770
2444
9153
2632
5836
793
2924
5601
4417
7341
8965
6336
455
7357
6238
4018
7767
5266
65
617
4715
2219
9014
819
5468
5769
6683
1347
4108
2037
5204
1908
2189
5146
97
3358
9817
1159
8982
4064
9054
8698
8027
5590
9588
2296
987
4065
6046
3935
2352
7044
4482
5597
1303
4891
2043
8976
2177
727
3943
8747
5478
4618
5981
2454
9904
5341
1348
9057
5971
5380
5522
8522
5774
69
3159
1135
6807
7605
7091
9709
2715
1277
8834
4833
9890
1447
701
1814
9316
2859
3877
3921
2214
9420
5079
3478
1353
8135
9153
9785
6450
8584
3620
6142
7730
3267
7028
476
6925
5015
1568
5113
4934
7999
3520
1863
4728
7347
7553
7308
9864
5681
5567
3455
7241
667
4495
5317
7645
8123
8779
5695
5750
6345
7330
3034
7943
4873
5839
3628
6713
9833
1444
7675
8242
2507
924
1537
7683
4011
8299
5531
5504
8857
9874
5207
2504
8500
2361
3026
4249
8448
7082
7841
263
8972
6730
1392
4307
3234
9682
1430
6532
3406
3708
7892
8675
5290
3946
878
626
3034
5223
5427
6330
2431
7842
2407
4894
3694
2739
4087
263
4971
6034
9689
9598
5341
3600
1027
9536
4011
1533
3556
7126
7558
1322
7549
2600
2947
9549
2362
9695
8666
6413
114
1826
2692
2828
3626
1176
7682
9485
1256
8400
2873
9894
8401
7510
7179
2745
8790
485
5900
3804
4716
1304
8989
4643
2543
4360
7791
6534
6307
6175
7004
2249
7979
9883
7891
506
3947
7279
5229
8227
5525
2204
3401
7574
7534
2200
1687
8284
1095
7747
2090
6075
8756
5359
5387
7445
4653
9917
2970
6367
1951
1142
468
9322
4630
3876
7173
5624
6808
4376
8703
326
4680
9824
3547
6354
3210
4513
2671
2988
6109
80
1862
2560
4259
7148
1997
8873
3643
5869
1708
3161
6300
4615
1919
7417
2554
7797
965
1515
2173
2591
9726
158
7498
4392
984
8628
8115
8219
1193
8725
7476
7978
9407
4976
3349
7269
3863
2685
3235
694
3437
1721
4923
2453
2161
4128
6894
9713
6173
1636
8729
2616
3100
2362
8624
7875
5422
5638
8061
1387
239
7259
1941
6178
2601
2979
4657
1098
7484
3929
4591
6963
6877
7060
9132
1423
4053
8319
9191
9661
6532
153
9975
6038
5071
14
7161
4790
2670
9282
2357
6362
3034
6377
2598
1782
5650
415
6815
3170
2163
150
5302
3299
2343
3037
9844
388
9326
6266
5322
814
4624
1534
3329
8584
6273
806
6737
7910
6668
9909
5567
7360
2438
7798
6433
2538
9120
7831
3696
8606
8397
8614
6923
6782
6893
7342
5467
198
8907
1595
248
3634
7757
5851
7581
8847
5840
9226
1485
3886
6544
7556
5723
112
435
2873
8074
256
9824
2615
9206
5228
9872
464
384
3698
3773
7902
854
3448
6813
1628
8675
5367
1685
6873
4021
4077
6703
346
4640
1502
4734
939
4682
1133
7436
1787
5938
3647
2826
1325
1380
8159
8448
3160
4820
5037
2555
6159
6889
1871
9452
77
7435
148
5295
2109
3370
3148
456
5129
3219
6368
150
8499
1729
511
5560
4496
4180
2794
7386
1091
6280
2344
6951
1915
8444
5005
1395
1953
3455
5540
4197
9762
8109
5824
3197
1254
5596
4978
4228
213
860
9294
3290
2819
5942
3216
9102
9213
2977
864
6380
5210
5110
4698
2008
8493
8734
5456
1394
3847
1758
2925
4585
2291
1
6863
9769
3279
4639
6479
567
8271
2409
7578
8843
8717
776
793
9113
6791
9725
6977
5511
6115
5719
3468
1334
4481
9661
3017
9493
4517
5506
276
9061
7516
5036
1512
9665
327
3903
5103
3162
8996
4766
3495
3766
1731
7316
7535
6616
6850
5538
3570
2100
7689
5574
1174
3922
7691
4621
9185
7361
4763
6658
3650
747
91
4681
8793
2084
6012
813
8559
3946
8167
2144
7608
1448
8615
7237
5132
6339
1994
5814
2723
2243
6670
885
6468
3638
8397
3821
3089
5246
2917
3552
8583
1366
6387
6823
8541
5228
8191
9242
1230
9554
3077
8969
4572
4967
1953
4924
4891
9416
9952
6362
729
5193
2379
7704
4928
2562
7605
8604
5849
8182
8233
3470
3285
1624
1153
2250
7568
6585
205
2586
8069
6294
1191
3147
2244
8699
1887
113
3171
4133
1930
1769
5549
574
106
8886
7690
5183
2052
185
5608
4528
1350
3681
1476
5219
4145
3307
7627
781
8477
5181
9003
6089
6393
1846
7372
3473
2794
1133
7537
6960
6762
5463
9283
4464
6291
7244
7077
2478
2428
6456
7742
6127
8463
3424
2169
5565
3702
6315
3479
1959
6247
1404
1007
7434
9213
7773
1563
3129
9400
465
2538
743
694
6095
992
2957
2217
2132
2979
8872
8764
5655
3535
5804
3796
9724
6626
8047
9233
2088
4528
5941
5123
1925
2679
6114
6670
2930
2401
356
767
4465
9182
7976
9488
3154
8876
5753
676
1180
6774
2181
7325
7783
2059
1983
1497
9723
9564
1254
9835
9455
2883
3278
8069
9720
3380
6429
3954
7152
1724
4536
7223
2173
9593
1885
712
3095
7488
575
6482
9624
7966
5981
5677
2305
5586
4510
6310
2065
1585
5962
1015
4878
7358
3792
2181
7231
2362
937
1956
8739
5353
4368
7889
1555
8965
7911
4937
3888
4725
3911
4093
6101
2447
6957
589
1802
9379
9895
7680
8483
4966
7773
4445
9947
4993
5255
8322
7341
5636
7124
2074
4161
828
4484
6700
5406
9805
8712
3909
2156
2690
1710
2044
2160
7099
9603
678
4713
8332
7931
1317
8062
8054
9131
8844
2686
7566
8773
9825
6722
355
8870
4189
5146
3152
2913
3649
7252
3670
2959
9529
9447
8641
248
8616
8482
1970
2608
5619
716
4466
688
9164
3492
8617
9579
4316
8252
8999
7667
4202
6673
404
8692
737
8089
877
7749
8030
2726
7241
8206
4041
8910
7527
9289
6869
7869
8186
2672
3194
703
9396
3493
9279
1847
6428
8535
9288
7871
8202
6044
5299
334
5640
2168
7424
1879
4526
4003
2102
1658
4731
8240
2613
2280
3158
9648
8683
9264
6457
5866
1912
2584
7044
102
3914
7120
1035
2426
8768
581
1238
3747
2395
5721
4718
2780
6016
7364
6717
9276
1686
1495
9879
552
3585
1441
526
3764
9617
8523
4892
2981
4596
7164
1100
518
143
3476
6832
1202
8449
5899
2929
5296
4429
7400
6208
5742
339
5229
7888
9503
8186
7865
8265
8308
6241
1003
7678
7769
3741
5605
9130
8079
958
4182
891
77
1935
6450
9629
1350
2227
6040
6260
8826
6727
6583
9147
4893
7528
2365
400
2586
6026
1228
6643
2202
8535
1414
3998
5471
1341
5222
4157
3317
2283
5744
4562
935
2842
1726
6217
8924
5501
1214
9738
3546
2855
7276
7372
736
2833
8986
4762
5274
2896
9769
2782
766
9457
1203
8322
2342
2582
1439
9018
9556
9254
6399
7673
4723
7523
3137
5197
9729
3771
9553
7692
1233
1258
9099
9834
2734
3528
8778
9640
8598
7606
8128
7752
4824
3881
866
3930
5807
5815
8451
8473
9743
1527
4943
7488
1222
8981
5958
577
6725
3011
2892
5606
7390
9817
1104
6134
1797
1358
6399
6649
3625
8922
1112
6835
7366
3516
7518
9792
9994
1511
8614
4300
5865
3052
9363
7365
9380
2507
6623
4846
9811
9966
3475
1687
9681
2428
6076
6381
7996
8351
7752
156
7676
9035
7589
7387
2254
6149
9349
1663
2040
1254
4702
6025
1340
215
7143
2480
2541
7413
2335
2714
9114
5100
4824
2502
1798
7965
1048
8896
1762
74
4336
5592
9042
4791
5921
792
7989
2607
9
5008
2787
2064
455
6291
562
2829
8134
6821
1485
9190
5141
9732
4825
6873
4338
8541
2533
1971
8329
7701
9690
6739
7690
8597
8400
4196
5985
5977
4332
2624
6493
9624
7507
6098
4812
1063
3592
9960
7725
6955
2020
5698
283
1471
8668
4322
4127
3381
7942
6034
1717
4048
395
8320
7897
7604
8999
9950
9999
4009
320
6672
1277
8200
8845
3255
1668
3290
9460
275
1280
1928
8506
8086
1545
4216
3831
4989
5420
2998
8027
2502
1349
5926
5824
5215
8799
8396
7532
7646
1668
2719
1903
606
4031
875
7192
1940
3483
1420
552
2225
8132
6698
7035
5633
7380
2611
8417
5430
8891
7727
6102
3607
8818
7149
3406
9585
7885
2806
1436
8258
4061
808
4589
5928
5762
8276
8298
1104
9621
7427
8181
2459
2258
9808
9661
145
9239
5126
7675
1413
3491
9959
9696
9872
852
5308
2664
4491
2209
9744
6121
7674
356
6126
9595
4805
724
945
7176
154
6355
4674
4543
6439
9774
7956
8671
3045
7927
3257
735
2700
7382
1059
7730
850
9186
8371
8780
7759
8342
2368
8070
7072
9441
8917
5174
8859
6308
1137
165
1670
1267
3588
5944
8752
9491
7263
5333
3611
1534
5460
8051
7596
7037
4103
6795
932
4337
8422
8082
4279
9209
7689
972
6365
3931
374
2889
8506
7990
4314
4904
9407
7176
6376
6451
4354
4676
8999
1933
803
7587
4403
6559
6968
7014
1384
1809
4929
3437
3409
4553
2090
3757
7941
1049
5324
1653
8804
1600
2763
3502
2474
1089
2980
5143
2981
3276
6847
7439
4337
5778
9695
5514
5730
3378
8013
1440
1415
2404
1785
8892
5653
1871
2632
1118
2293
5296
4749
1411
1349
9368
1625
7524
6502
1028
8146
5592
7258
8347
2807
6141
3423
7198
8103
4640
6261
4470
7640
6476
9806
1218
3003
3765
7812
3436
3442
8212
5666
1926
3242
3607
5683
6965
6397
4185
7965
8290
7061
9053
735
9240
8698
6538
843
3802
1034
1009
9017
6531
1620
5803
3144
1041
5272
4707
2715
7432
5727
6846
5733
312
8706
2005
6804
535
4267
2572
9632
3550
5247
2634
6112
1321
2144
9867
2272
7457
9339
4019
4567
9061
8787
2359
4211
6535
400
7475
8583
8665
9159
2242
8623
4293
1571
9148
8478
9805
870
6501
7618
2900
6164
1066
2718
6819
9607
5454
5873
2179
4133
3834
7239
5581
1464
8165
2767
2325
7264
3985
3329
6490
5862
5715
7784
3043
8300
6196
815
220
8105
9590
7851
6765
9907
8213
6005
6170
1905
7683
1707
5807
4806
2371
2153
7018
6777
9506
6783
9318
3572
2684
7008
8154
1347
8865
9487
882
5905
5259
4559
7048
4484
1300
9467
9385
7560
8698
8920
502
5527
4720
443
5481
1904
2345
4047
6094
4806
7100
3108
7161
9457
1622
5803
7757
5732
6629
7204
6219
4310
9886
2013
421
8743
6415
8329
506
8167
6770
2881
2539
1135
4080
7888
6735
8756
4178
6132
8647
2401
9298
1587
7930
4
5245
5133
1388
2813
4709
8903
9682
3461
7492
9942
3973
2327
5363
1749
7169
3310
3317
9643
5468
7344
5320
8035
670
2632
5971
7974
4723
779
1173
2617
1298
4463
7676
4642
3074
2599
1684
6732
4974
5648
5830
5098
1677
4010
2882
3113
1911
1989
1578
9510
1061
7954
4549
4102
6371
736
5024
8444
9652
9325
5115
5298
8486
7990
4736
9969
8966
408
450
4312
673
8037
175
5494
7436
1143
3231
7799
4837
9759
3054
9150
5788
2594
2110
8651
119
4548
5324
1240
4765
1107
5074
7731
5027
4426
8523
358
1046
3730
7898
2113
5381
2227
7272
5507
8924
7524
2187
3521
2695
7971
1954
5229
9189
3113
4333
2852
8601
1180
8921
6583
7349
3332
750
1882
2164
8124
3163
7665
6446
8626
9053
2861
5364
4756
8582
337
3260
4622
2704
4880
8200
607
9329
743
3024
318
6684
699
3768
5999
7417
2335
796
3221
2039
8626
7752
1260
3005
2207
3132
5884
3381
454
838
5853
9754
8798
9565
514
9098
7211
4125
6398
6583
7351
5163
5202
1045
705
2723
4940
9060
426
8224
8290
5934
5511
7239
8606
8306
6290
1785
667
3103
5975
638
2714
1517
2816
6296
7934
5510
240
945
3544
5891
7904
5430
5601
6580
8424
8698
1137
6672
6692
7470
8050
3287
8481
8540
6566
3470
7814
4586
6412
6340
8966
9744
2580
6339
7204
5961
5031
3544
3021
6783
8
2095
4667
4295
9280
8443
8236
2654
8928
2691
6656
8745
2097
5984
3691
4358
3936
2355
8804
1750
8976
2788
8576
7857
5588
3439
4099
5502
674
3009
6858
3312
5504
4830
4375
6929
8919
9284
9323
6892
8452
181
2494
549
2581
390
6613
5065
2738
8282
6467
919
9615
8145
7605
8978
7859
6921
483
4359
4390
3231
2779
7997
744
2872
6467
306
9479
6821
7596
1097
7103
1138
2580
6514
8866
83
7039
4265
7805
3059
7457
9599
1067
150
4574
9581
6074
268
4016
1550
8337
3805
6182
8702
812
3032
7288
2463
9235
2867
6823
9988
46
5332
1965
2788
6928
9764
2366
2201
6690
2464
8063
3318
2456
3673
6797
5614
8536
3678
9564
5438
4998
3341
3101
3847
3826
216
1400
1294
8907
8610
1449
3149
7266
6757
6811
7
6286
9704
7384
4022
4406
6052
6237
9647
5536
532
7289
1053
8002
9095
9746
6586
9797
7194
7214
7913
3243
9292
2009
4026
8795
5960
8047
1992
3482
2791
7843
8543
3463
1318
4536
4763
5000
6361
6946
3256
7706
8712
6271
564
5010
3035
4037
4466
4190
3294
3512
2370
5059
8225
7253
867
519
6838
8356
9109
8789
3203
3674
9712
1496
4639
2345
9462
9270
5098
1118
3139
2649
540
2907
4568
882
1586
7590
5339
8963
1924
3716
6925
3643
4315
282
2643
8793
5021
9325
5695
3303
1966
1649
3994
1022
6569
727
4373
5368
6414
7500
848
45
3020
1004
7002
4704
6050
185
5969
5539
4318
9343
4186
1523
9066
8613
3267
6033
5825
8944
4186
3652
9132
5384
8541
5879
2127
9699
2765
6048
72
5514
592
8318
9296
2511
8079
5861
4658
1493
9023
3890
9766
6511
2454
9783
3816
4889
4429
3480
131
8767
2233
7495
8270
866
1415
5219
1199
2503
219
6567
1207
9865
5565
3596
7180
4699
6861
5299
7669
6361
1024
331
7397
115
9373
8837
6197
84
3891
828
5687
1424
1045
6581
2295
532
8245
6540
6699
692
1274
8770
6060
6528
8154
1614
1131
7624
7343
1216
1948
700
4699
572
7471
5193
8795
1853
96
8321
847
4504
2055
75
8881
5575
3429
3818
363
472
1982
4990
8985
1369
4202
7247
2158
230
4849
2667
8676
7763
7991
6514
6136
8177
9537
7723
5014
1808
9112
6344
6003
6817
6694
9422
155
3178
8234
327
3600
8693
8259
7258
8402
2642
8034
7875
7544
5199
4350
8950
7731
3864
9874
695
5972
8062
8543
8619
619
3226
9288
2750
168
290
847
9620
6748
1512
4042
7688
8256
5506
9197
2652
8840
9879
4569
6541
1094
5891
3605
1811
8093
9389
1547
2983
9522
5569
9523
822
129
4737
3368
2993
3931
5975
5079
4071
3393
1707
3055
3899
8644
8558
3923
3111
223
1117
3100
5398
1605
9673
7355
294
7498
2636
578
5402
8657
1266
6229
7702
4498
1405
7341
6641
8576
5983
7666
2549
4551
2917
8459
7227
2912
3133
9831
470
2423
3095
7427
2489
6783
7649
3998
8765
8857
8580
2449
4274
4002
9250
8635
8578
2094
5532
4984
1388
2481
5222
5599
2961
1941
8244
8471
5709
2556
8827
3359
6712
1865
3086
4367
7187
3504
9412
8854
7912
9122
2792
4903
7963
2899
2197
7105
4442
7149
8885
5441
8407
1764
2899
5312
1488
414
6974
4252
7636
5906
8599
87
7094
908
975
6056
8338
7648
3406
2759
7654
1894
9195
4157
9586
2461
6759
7204
510
2467
4489
8687
4148
5496
9603
877
266
3800
7800
879
6714
4652
6820
6476
5208
5759
8042
3893
6722
6362
9230
1059
2066
4124
4384
9903
4554
2993
1924
9905
5923
6613
2331
17
2902
7635
4074
7566
8379
8932
5310
7478
7823
2448
3591
2215
8081
8567
1084
7932
451
5494
1356
2250
1106
9374
7245
1823
6475
2964
3769
1577
7592
7885
6850
2135
9235
4870
3820
3321
6503
5943
2831
5784
2710
5367
3138
6235
8147
2565
1822
3264
5111
566
946
4314
2911
5526
5137
4910
2649
9325
2802
5148
7951
7751
9193
5627
7024
9853
1057
547
3227
1415
716
9151
5291
3814
9023
5317
3571
4213
2774
7253
6959
4371
7018
9172
9606
2089
4754
8816
8303
4092
5244
3779
328
2718
8705
3990
903
1647
1140
1618
7035
179
3398
6611
312
7111
3150
6239
3049
8488
7546
8411
4092
4200
8857
5022
1362
2686
1114
7612
5869
8572
1724
4628
8104
2856
2327
7936
3647
6236
856
269
4057
9549
2707
9595
7354
8680
4306
7492
336
5490
9119
8019
6629
3981
6372
7805
106
1874
9669
9183
9844
3923
2646
2897
9637
8851
5448
436
5052
211
4260
5108
3187
1842
5883
6353
7342
4078
6445
6995
5925
4903
640
1348
713
3137
2155
815
4740
2582
9422
168
743
4013
2259
8915
8681
3137
3686
6991
1644
3547
4138
4715
1230
5918
2265
3636
9465
6078
7300
2045
3230
1347
9120
8064
8757
274
3939
6956
2454
7150
1043
8842
5639
4345
1571
5736
666
2831
1409
4989
9440
5281
9148
9168
6658
2532
6987
7483
8448
4045
6073
4467
1138
1861
8104
2167
9136
3003
8070
6229
3144
6479
5783
9583
2280
223
792
2000
8157
1795
1112
4618
8866
877
8467
1883
647
4141
1696
5540
3080
8649
105
385
7107
3868
2299
2127
3726
1794
8190
8447
6957
8924
9619
1587
4265
8073
7355
5347
181
4166
4398
6278
4663
8861
5779
2883
3489
4272
75
3801
3902
2538
4512
5663
4266
2955
4505
8890
572
6529
7855
3550
9124
7938
6084
9839
23
6084
8608
2703
2777
7079
5801
9214
9373
8738
2372
4646
2383
8629
6667
8094
7292
519
3858
8668
2119
1349
4631
6522
3041
1364
6858
695
1301
1456
4926
8430
7680
6346
5790
2704
532
6727
6068
4781
9777
8273
6568
8366
860
2080
2805
9108
5971
4008
1798
4383
5337
1357
9715
2500
6113
533
3752
5645
7490
5994
8588
2993
5871
5064
402
3753
5188
8460
4418
248
9168
2596
8542
2872
2116
3401
9410
4286
3009
231
312
5989
475
9236
1612
9379
2339
2366
6570
8944
3349
5033
4834
1031
943
1647
2601
4736
8500
9041
7797
870
8512
8025
2649
4627
4214
1868
7629
4738
8941
4134
9107
8320
2127
7292
7462
7509
3249
2676
7552
8518
4204
6704
7631
6104
8438
3808
4460
2274
7843
8107
6528
766
2112
9
635
2393
5994
8839
9758
3935
779
4119
6561
6095
5396
6957
9894
5264
7387
3111
7420
6140
20
5810
1877
7647
7035
3798
3137
7151
2443
8600
5610
4010
6367
4776
934
3031
8929
7796
2289
2118
1151
6140
3293
7134
7422
5958
8997
1691
2944
737
5500
7726
6928
5165
3318
4241
9393
232
7474
6276
6440
2143
4800
6222
2903
4399
7964
8208
8826
3937
390
2331
1218
2811
3125
5834
9473
6006
9619
3151
5138
697
5154
4691
3252
5456
3174
8149
9239
2487
1213
7299
7144
2477
1021
9727
1188
6915
1755
7014
1173
3879
2703
339
6334
7896
6798
8222
7818
4122
1104
5466
923
3032
6247
5141
3759
7953
1725
284
6604
7770
5285
3360
9015
3596
9473
8366
2488
905
6104
7979
8216
9911
6068
2194
6
500
1516
451
245
6731
6067
8447
8011
972
2882
2227
3368
4943
5924
4626
6797
9239
788
6292
4724
2083
667
2222
1742
9870
954
4656
9464
9850
8766
9130
2929
1646
1596
3269
2455
1837
2723
658
7393
1433
7850
6967
1663
922
2294
227
2856
1456
5217
1792
6553
7430
7597
2260
1487
110
8618
6648
3130
6392
6883
5694
6201
2867
4117
8453
1354
7394
6365
1015
4298
3406
9319
3937
4412
2211
7250
5403
6282
87
264
432
2960
8407
2519
8385
7320
3024
2540
1045
8908
8584
2877
156
4365
2174
8390
5085
7833
3045
2736
488
8697
1709
190
5211
4118
4565
6517
4670
7531
9607
3640
5919
4530
245
9227
2715
2296
1067
7345
319
6776
9956
1728
9654
6070
541
1841
6656
6461
2657
6507
7930
5028
6773
1089
8816
9341
2309
719
5167
4345
3449
9232
5175
2120
5692
5644
1435
7662
3211
8693
6260
2386
9355
7937
4965
9782
7339
2736
2022
8230
1757
9045
1353
7657
1954
5205
3319
3618
3877
6002
2926
1199
120
5754
7228
269
6283
9242
8949
7732
8784
9379
6073
1880
4819
9336
2039
260
3851
398
5874
4688
1152
5060
5113
2456
5160
995
2417
677
1654
7281
2517
4028
1108
8860
1155
3401
1104
1649
8889
8364
2027
2481
8035
137
8305
5955
8667
9601
7444
2700
9262
1587
6144
753
7037
140
7976
5674
2695
3256
9264
3718
1281
6135
8783
9107
9132
6220
7026
9694
3920
4510
5208
1243
3419
3805
6940
7033
8828
2729
4940
7827
9525
547
5702
9438
3601
6118
4369
6918
2207
7502
9916
6880
2028
6164
2823
2490
550
2500
740
3279
913
6573
2015
7566
280
2310
4824
6217
4994
1085
1930
3289
3537
334
9610
6864
4325
3333
7103
9272
7862
8124
5144
5038
1653
4112
7994
571
3637
5735
4623
9375
5171
9404
9262
8498
7409
8662
836
5140
9043
7127
5182
6138
1768
9474
1932
7829
3434
5421
8418
3216
9736
8338
1668
5072
8764
641
8389
1208
6775
7845
2005
2241
2383
1744
9888
8773
9600
338
7224
8132
3784
4013
9338
932
146
7317
754
7462
4695
1069
5602
8576
911
6807
102
1912
3504
9711
2654
3455
9457
4218
648
4353
4574
1157
4263
9176
7286
9748
131
1975
7634
8203
3629
6174
537
2863
4366
513
8042
3474
4340
6292
7406
5599
7025
9745
3986
7268
9826
335
5942
8290
914
2030
7825
3835
3610
3575
8677
9443
1655
9010
3897
7833
234
8313
4919
8462
2975
9086
532
2110
8644
1834
3035
9100
1163
3004
5632
5678
7146
4697
8568
136
9763
2931
3467
1089
4243
8211
7548
9432
799
9163
6170
7048
6241
8059
8629
3284
5022
9833
4644
6886
2385
1720
267
4473
8567
6798
9436
8784
6489
5314
5988
8141
1822
9919
4825
6162
3657
4502
5530
162
1846
5198
2416
8674
6846
6091
9085
2459
5041
9131
2258
1470
2839
8088
67
4729
5739
7208
6901
8404
8242
2215
7630
334
8244
1243
4268
8619
3248
6275
4871
6001
8955
5378
9041
927
3591
117
3241
2956
6982
9299
6207
4772
2297
5573
7355
1295
8616
3148
3894
4249
638
4741
6155
4666
8605
1639
8155
7845
5978
9400
2386
1048
7637
9397
5502
4006
1683
7297
6929
637
7511
4793
7277
2751
9886
5050
4972
6126
5230
3360
1066
2096
3504
7125
7609
6311
3754
5891
7848
2875
7475
153
8037
3195
4964
2526
1465
4411
7805
2348
7936
8778
7711
2383
748
3804
5378
8822
1620
6676
8657
477
8243
9239
1353
2863
3645
5769
9190
7647
1849
761
4217
807
955
2573
537
2562
514
6261
6900
313
5812
6205
2205
6417
9433
2237
4826
4648
127
1734
6294
2299
7269
9334
6933
8413
793
462
1227
6811
9085
988
6943
7489
3418
5758
6993
3742
9730
3468
8785
2608
9456
4936
881
8502
6624
4609
6306
1642
302
3150
4753
3995
6730
7176
9314
1807
914
8956
6485
5082
3988
2954
2361
3482
8598
9979
5959
8882
3844
3703
9702
5702
338
7136
1934
8989
6671
226
926
5476
7166
917
8390
6603
8220
463
7713
7550
3299
5977
827
2891
6575
945
766
3988
1688
7036
6625
2044
8720
6196
6165
8140
1165
6263
4169
6489
7936
2756
3905
7602
2348
454
7026
1684
5702
6222
4440
1002
4542
5478
7989
4638
1489
4477
8925
3937
4888
3478
1019
5111
7218
7406
2062
4815
1584
7166
4871
2038
1868
3600
4050
3238
7051
5712
7745
2709
7449
9117
7369
7877
5893
4192
4115
568
8063
45
9377
2219
1364
8409
3414
9735
2190
2925
2016
5810
9174
1117
5081
5296
4243
5704
3560
4067
3450
2216
1224
1160
6921
107
9210
4564
5008
857
3989
9266
5452
7159
4200
476
9256
9053
2306
1611
8689
3702
2125
4297
8857
5669
2110
1794
9401
2219
3577
4052
9826
672
7674
4203
3274
1225
2022
7859
2751
7998
8273
4612
73
1476
9233
7839
5886
4108
2609
1450
2260
3797
2405
2100
606
69
1249
3364
2161
3293
2894
2467
3613
1657
8492
8297
7675
2202
7074
828
5854
874
736
5102
6090
1690
1793
197
2112
6983
6848
6321
1242
4071
1258
277
4428
7771
2195
1284
8656
7314
8966
6905
2895
8945
7451
5487
9742
5125
2749
8345
9324
6469
9909
6119
9221
409
224
7872
1007
1266
9167
2149
8069
9124
9519
2440
6501
529
621
2742
2751
6380
5821
5746
9490
5556
9260
9691
3634
9224
6990
3564
3783
775
9318
5621
5201
1873
5738
6582
9075
7044
9570
6697
237
5278
4427
9718
922
9733
2173
5469
142
9444
440
4351
2834
4440
1716
6703
3036
8610
3017
6772
8465
7944
1391
8259
9965
3439
9211
4551
9923
4576
9764
8155
2826
8887
2202
9214
2423
1608
7036
9704
4492
8793
7398
3537
8614
9312
3751
3358
4509
7607
6253
9747
4372
9267
2895
4046
4960
6492
2481
4950
3585
2409
911
4287
7634
8172
2125
2518
6996
8746
1012
6673
6591
6135
2647
6023
1314
6159
4757
2633
6407
2057
552
7723
507
5109
9863
5644
1511
9877
969
1041
1021
6752
139
2306
466
5857
5602
3243
6601
3938
522
2544
335
2889
2087
6890
8789
8380
8146
3144
2778
4491
2460
4162
5918
3361
3667
5251
3683
2511
3999
8024
1297
5357
5508
210
7757
2849
562
193
9341
1483
4103
5463
6465
6599
7303
2985
3533
8469
6651
3275
587
4744
6780
7327
3985
196
5952
7306
8253
255
7232
1344
3664
8154
7425
2326
2913
8609
4934
9640
4463
1259
3917
2280
23
6761
3670
4222
502
3537
2528
3373
5838
5722
8490
1421
867
6900
1115
1490
3248
4282
9259
6661
3452
7221
3935
5369
5867
4203
7910
6668
8769
5275
7518
9274
8225
5753
8435
8700
5640
2221
8880
6406
9496
4156
9204
6307
1746
5913
416
436
2713
281
9555
3134
9531
9794
1303
4562
7119
7570
9839
9981
9147
4376
2682
5740
1265
4134
9021
2065
6420
5238
9341
3090
5446
5384
4057
431
1292
5350
5453
2143
9303
7781
4799
8661
7198
8435
645
762
567
6052
723
7947
1437
5237
7169
9205
6195
4575
6413
5148
9426
3758
8381
9936
474
8803
818
4897
9042
920
5183
4677
2454
9196
5225
7507
5591
2343
400
905
6567
3805
4378
2911
1556
6849
59
5791
7833
8654
4961
4757
2120
6274
6843
170
2345
5607
8424
3053
5541
3492
351
8593
7831
6816
9203
3145
561
3023
6328
1693
3433
8095
1613
4561
551
7477
6715
6810
6353
1518
6024
2916
9685
5194
6437
2581
436
3240
7216
3528
3104
9688
9135
6040
2067
5293
1884
9341
6730
5552
2323
7429
4845
2680
8479
3132
7280
2923
5024
1405
8497
4301
1815
2275
2104
7972
8327
9305
6242
1663
5365
8540
8111
2707
9088
9429
2537
6756
3169
8272
8864
6177
9282
5153
605
8559
6643
3592
3379
4158
8808
8231
7425
1414
6485
9475
2531
2016
7623
2015
4359
2577
6116
518
4353
405
5648
9923
9231
6605
4809
8410
9242
2443
3206
4191
4294
3392
3390
564
81
8205
5562
2131
8158
5359
5920
6631
9959
5837
6341
3205
9351
2230
7177
9135
8830
3924
6656
1566
9206
2886
2509
3184
448
437
9642
212
8294
648
3831
6849
1453
9721
9970
1318
5626
4331
8183
5542
7327
9337
9190
856
5541
4283
3749
8381
8328
1821
4223
7456
8064
2930
7312
9561
5094
332
6526
756
2558
738
9461
159
744
1988
4485
4407
2825
4362
6266
6208
489
3154
1336
5600
1182
3770
3485
8725
1523
2934
5873
549
120
131
5402
5398
4811
9864
8592
348
9095
4845
2815
4036
6753
9025
5583
9353
4001
2911
7402
820
6581
267
7855
3180
4414
2732
3820
7666
4945
362
7397
7065
476
1943
9799
7730
2666
9811
6020
7676
462
8832
6159
8017
8758
6784
7236
1719
5930
6021
4129
1211
2365
386
2525
9215
7370
2084
6295
8823
3636
9141
4640
5802
9544
2505
3157
3415
9209
5129
7266
2956
102
1240
8988
7005
9374
643
3052
1952
3663
1831
1968
4426
2590
8196
6182
2370
5140
3501
5082
5794
2928
4493
2811
9195
4579
3743
9432
2721
5056
2382
5360
5991
5120
8060
8808
4507
9067
8472
9086
331
2806
9523
4538
3708
4673
275
4927
4104
4129
4380
7015
3094
8910
8249
9081
2052
6543
5295
6606
2538
8873
146
5948
6933
5733
2960
6159
398
1466
5250
1485
1471
3887
3737
269
5804
948
5807
1033
6247
966
5615
227
5560
9379
9314
9291
7596
2609
7230
2237
7270
9970
8978
5466
8075
7510
8319
1167
5065
1061
5499
696
1184
9292
9977
9069
9877
8190
4347
8927
1481
1463
1964
7768
1623
5231
1732
916
7961
2637
3931
2547
8630
8945
6152
4046
3592
3461
5899
716
656
8337
8137
4476
4733
7744
6734
2849
99
4652
3788
5559
2446
5909
119
3597
2231
1388
570
7348
1354
232
875
2251
7866
2161
8799
6313
8128
4392
5419
9679
4657
9154
3860
2658
8901
1670
6928
350
8727
6225
6432
5143
2953
3156
4109
6636
8094
8328
6692
3269
4581
853
7752
7537
428
837
5420
9508
9766
9790
9431
96
830
8041
6213
8733
1415
6729
5401
1824
3150
4913
2822
8819
6749
560
5459
4456
3589
2794
2672
6858
1038
5581
8366
6019
6666
555
9670
6882
9597
211
2315
156
1315
5846
6114
2005
5369
2387
3027
6428
9220
8002
1207
1411
8257
792
132
3591
5656
5911
4227
1529
5790
4226
5565
647
3575
9221
7682
9586
3544
3902
4378
6429
5392
2810
9327
5449
7265
7789
4924
2523
6511
5810
2786
4970
3901
4266
2315
8711
9448
675
5927
8183
5614
1262
1328
6677
2609
5962
7837
4446
4288
2139
7312
9516
9995
3409
9418
5032
5116
7805
8105
1603
2712
3140
1975
8646
6030
3026
7105
4289
1516
3973
9677
5603
5242
7647
6144
2728
6586
9600
682
4757
3479
3142
7681
4557
5292
291
2903
136
8233
1136
3251
7527
3509
5496
4810
6743
2274
3708
3245
1182
9158
8590
5537
6941
1695
549
1080
3103
2630
1675
4009
4540
1701
6770
8637
5212
2824
9535
4996
4751
1177
553
3773
9067
7835
555
450
5993
5705
5207
7693
6105
5952
4446
1629
3042
9697
9861
3908
23
7081
5679
2323
3258
7981
3521
7087
1472
9737
4753
8577
9571
4591
3708
2565
9123
3181
4923
1135
3588
3963
8576
7240
6337
4340
6872
2650
1752
9418
9910
1582
8004
5087
8586
79
4424
3409
9250
5335
6718
3639
3238
5988
7745
2417
7953
5151
3368
4972
1419
1277
1441
8612
7941
3929
4365
6697
6213
6163
4902
1623
6125
7579
1526
1187
5955
5744
8110
5235
805
372
5787
4414
382
2246
1080
6025
5519
2487
7269
4212
7743
5493
9063
2567
1365
4293
7820
5015
332
6440
87
6932
4491
6539
8866
4429
7963
3933
6093
9729
3766
1746
3924
600
9708
5832
661
1888
7520
2744
840
1036
4021
4889
2772
6422
7145
459
9366
9546
780
9843
1985
7039
9305
9984
2237
2590
8042
3970
7194
8387
3746
638
787
5294
3085
6292
5335
857
388
5945
9297
8556
372
4784
599
5389
9125
798
5997
5158
671
3778
3654
5257
1000
5976
9878
6472
9098
1287
6583
2761
6276
2238
1184
1922
1628
5167
3734
5718
1112
1601
6339
6768
531
7585
7829
9840
9061
7803
893
7121
7548
6046
1247
6469
1401
7358
1976
2246
1629
4862
8997
3115
8136
2888
6639
6816
6461
1238
5206
2985
2270
5133
9435
8985
7208
9186
979
9810
2808
4707
8994
338
432
1403
6956
8371
7340
9189
1117
6768
5251
9281
607
3156
7037
4410
9716
3946
7276
1028
7663
6119
4138
586
7652
8439
7457
9508
4548
9452
930
8634
4848
3121
4439
893
4690
4745
2219
753
6416
7433
5650
4270
4755
5858
4615
6913
3426
8398
5329
2560
482
9869
6329
5661
4848
7341
6370
610
5375
2255
6569
3233
8010
7126
4374
5765
9585
336
8904
6364
9873
211
2542
7996
1218
1189
2985
7642
7930
8850
1174
9101
6539
5464
3572
260
5265
8136
2439
669
8591
9192
3705
7025
8509
7724
614
4523
329
354
9519
7567
9890
8577
5743
5326
7511
3692
5250
8729
6458
5316
1431
1036
5384
7829
1821
1518
5232
7674
5547
596
1022
7589
8381
1566
165
2302
8029
78
9753
9615
8033
9618
6312
8665
1267
9062
6446
1825
8256
439
5509
4420
4584
8185
8066
7017
3891
7705
2555
4368
3978
365
9088
9902
4943
6995
7500
3815
5516
3328
8248
2139
8701
8092
8448
6912
6942
7265
4396
8499
6661
1469
5821
1058
9906
44
9447
8757
1457
3979
6430
9162
323
298
9556
4456
8645
6141
8518
3139
5211
7326
5187
4100
7223
1569
2716
7590
6293
5794
1677
8255
6413
4119
3858
2062
2381
574
8548
4913
1624
6654
1668
8047
7033
4453
7628
406
4015
2700
6095
1770
1678
777
5276
5527
4248
4914
4972
6868
4292
2437
4240
3592
7283
6756
4276
864
8091
892
468
4173
1345
8894
2628
3268
1145
3427
6536
8227
4055
9307
7301
2212
9397
5159
8854
4132
7751
4565
5449
2189
1375
7164
6646
2891
1710
1130
9146
1020
8316
7671
3665
9492
6283
6977
727
6591
3896
8336
8546
9525
7007
4974
842
5042
3570
6372
3160
9014
2393
7288
402
9145
5720
391
8014
211
2425
5135
1704
2159
1580
2075
1035
2492
3374
5401
7094
5275
2711
988
4041
2753
3815
7530
9034
5119
4028
7432
371
5324
5517
2212
4147
5973
9816
4922
1709
7042
4379
6849
9029
7871
9615
5435
31
9227
5749
1607
1890
9801
7262
2689
2654
8286
1715
6459
5636
5904
1919
1132
7852
7715
8342
1845
2352
8541
3051
8309
4313
6987
3222
8435
1350
7651
3714
5829
8174
5781
7432
5406
1644
1592
5297
4027
8567
