4493
8780
6134
916
1494
4506
8307
2239
9765
1148
5595
2661
1241
7528
6734
3667
1739
5819
4222
6335
5628
2307
179
8195
9914
5884
639
1405
4597
724
1238
9490
5398
645
7357
8213
4748
2923
5993
1537
9808
4616
1024
8557
3652
4494
1294
1613
8372
5632
4224
2757
9546
6024
2226
2590
4152
8585
4528
9140
8450
6943
7306
4856
8077
7799
647
6881
4874
7245
6860
3441
8860
3006
5248
7293
9094
5578
434
4345
4406
8955
1549
8647
390
9569
232
8353
6403
5745
3008
5503
8794
443
4059
3239
4920
2704
8063
8271
6364
587
2403
2481
7513
6985
3271
9319
2256
9368
3454
3550
1850
9384
9809
8037
8992
9437
9804
1921
1018
6073
902
1938
9443
577
6345
850
4859
2742
7528
5065
7424
8269
8184
54
7742
7113
1131
9360
8714
4573
6023
2575
3707
2057
5996
8491
6205
8771
3143
17
6458
2670
2953
6833
2689
4539
7848
7288
6229
1595
6294
7397
9592
1192
5855
4193
117
5883
7553
864
1509
1488
2459
7918
2558
4742
8890
637
9228
3348
7851
3413
9369
4500
5382
6424
1783
7611
4779
3962
1285
8044
8975
3488
3201
8402
8100
5593
3810
6264
3139
4621
8037
7071
4995
1590
6131
8549
1721
1848
474
6734
6203
1165
490
3647
9442
135
6774
287
490
7456
1171
8824
4038
668
2741
5201
8354
4295
5757
501
7064
1679
2742
292
8674
120
3260
4264
6906
9903
7882
1252
246
4217
4792
4048
6351
720
1984
3353
9338
1971
6627
6712
8211
1791
2375
1237
8088
1042
379
1487
4427
6161
1928
4779
2246
6913
6677
2273
2948
8982
5431
4080
7184
6428
8764
9377
5256
3261
4882
5614
6854
4780
3784
5706
8473
4834
794
1787
4568
3449
6900
8312
587
6965
1809
8237
702
1132
9511
6347
9075
6801
2931
72
5214
4705
2777
7033
3330
800
5987
5864
3393
9309
8713
2152
8717
888
7672
1260
5865
125
7140
9297
9857
7453
4627
5194
2864
3568
5831
3215
1712
8804
6892
7000
9523
9850
6162
8659
6290
140
8455
6842
4688
3795
1125
1992
4237
6518
4687
3949
5548
6522
2716
1493
388
2284
4364
5876
6544
6023
9418
2050
4233
3001
7925
2267
4501
5683
6246
5427
4103
8474
8850
6995
4022
5783
1930
885
3139
4154
5270
7271
7347
2665
605
6419
4023
9058
7503
1943
1756
4244
5995
9540
7715
8147
8623
7310
7204
286
3028
5194
8634
2502
5127
1173
3638
3778
9109
8302
5072
2662
7632
6966
217
7062
4074
6181
3048
9387
6498
991
9100
6890
7302
437
6272
7159
9431
9640
260
8748
1722
1207
1216
895
3106
1749
9047
7716
8380
9693
3251
9247
8702
7659
1946
3967
4649
329
8357
2265
9011
3542
1654
1691
6215
3380
597
5645
7885
6169
2956
9803
6308
264
8569
2093
3865
4402
3308
8050
3357
8135
8556
2256
9226
6783
3303
3861
5657
5773
8272
2528
5195
414
2497
6434
9627
1998
291
8883
586
4296
9600
6974
6171
62
6715
5360
9853
1690
2427
5094
2025
3212
4974
2841
1721
4839
3523
6344
20
8648
9448
5562
8743
1478
7405
8354
9504
100
9213
8837
3066
5253
2314
5140
2355
6728
3090
4028
7014
8466
6585
9167
765
2416
4476
3569
2620
4950
1117
9134
4651
8850
3212
5112
8848
9180
9148
7369
4656
6813
906
7070
8856
418
8929
8432
9437
6989
5321
4644
4473
5493
4105
9770
5753
7513
1796
2540
5479
4975
254
6533
5090
1166
7643
1464
6196
6140
4547
1718
8000
9072
7012
9870
2943
3867
8653
6363
3179
4543
1375
6881
2439
7722
2056
2566
8470
160
6554
3893
9056
8442
3500
9819
4463
5614
7282
8982
1685
9168
9436
9523
5049
9873
6410
7963
5141
693
5589
8198
166
3345
7985
5888
6882
4364
3464
8971
6022
6990
958
1043
380
5980
3673
8511
5834
5762
4650
6525
756
6123
2993
9592
8806
7646
8257
9566
4452
7652
3565
421
7359
1016
7708
3842
7717
964
4881
2460
2888
9610
1472
1753
3639
1194
6396
365
5572
1700
4653
2095
8271
2813
7203
3041
2521
6469
8586
7197
2007
7957
477
9464
5663
3100
2860
6696
6200
9851
6082
446
2150
9584
9479
8539
2017
1564
7332
6233
2080
5060
207
3266
7974
3108
9499
5076
613
2805
6526
8210
6000
5132
4493
5810
3020
3215
7684
5652
8634
9594
4965
5628
3310
5739
1473
267
9239
5465
1197
5406
5279
4506
5293
5443
5934
6653
2354
521
3005
4800
9622
424
3218
5130
8452
9648
7120
192
4538
9408
5653
3010
6994
3732
128
7673
3000
8045
3171
9028
8544
2630
4377
2394
6376
8752
3144
7193
7282
8574
8894
6135
6930
3766
5802
4315
9804
7779
5267
6593
4496
3797
7106
158
3529
6763
1928
8935
2740
6316
3911
9117
3269
4127
9575
4611
7913
975
317
822
2421
3832
2404
9648
6220
9958
452
2688
9819
6448
6291
2420
7059
9286
5030
2722
4834
4113
285
4715
2425
6701
4544
3865
1810
4446
7042
6167
3643
2259
5942
5210
8945
8159
5668
3709
3228
5616
6016
4896
6170
1884
6690
9388
8132
4648
2058
6377
6419
5622
9714
8119
8820
4172
180
8829
9509
3434
9508
5633
7
5491
1485
3791
9327
8481
3705
7591
3514
6556
4291
5830
2553
847
7683
5082
7752
549
2739
3513
8115
5740
2559
783
7814
8583
4291
9971
8820
6735
5032
9951
1104
9083
9126
6946
538
5797
701
2484
7238
9389
9611
7028
8980
2153
6356
6634
3803
9976
940
5571
5606
5086
2694
6467
7044
8669
9751
1012
2705
5753
5527
4596
4234
3347
8724
6357
8211
1489
7436
8280
9141
6134
8601
9367
4227
8328
3448
7973
6289
8715
5842
1486
9430
209
3118
9567
2620
1831
7118
995
4208
6615
8464
7507
9003
8991
707
3959
2861
6230
2133
2453
750
2844
3817
3044
2853
382
9037
2662
7192
610
8976
7475
1308
3292
8776
1679
6949
5137
1287
2441
4602
7377
496
8279
7728
6009
8994
1207
6407
8187
8499
7608
1372
2673
7438
8897
4538
5628
3477
6923
3133
8250
4968
2426
3199
8739
9806
4864
8628
8904
1565
6201
2762
4957
3489
6786
6751
5009
2994
5049
8157
1135
1172
5741
7578
2463
3795
1554
6219
2531
8747
2299
5030
3574
7671
5530
9841
9240
9151
6477
3193
6900
2782
5179
1773
6118
8655
8161
237
7751
6945
8701
6652
3418
9379
4413
6642
1499
9913
4886
6803
5426
701
465
7703
6118
5459
124
2921
1063
5306
4989
3050
3169
1407
5353
1648
140
174
4606
1819
7487
5185
1228
2979
5939
1968
1837
7686
4427
8162
4412
2199
3921
9614
9224
4591
339
4362
872
8942
1020
1201
258
9527
6861
9874
4425
1381
6308
6007
7735
7087
2047
6253
1278
2097
1848
1877
9354
2672
3730
2098
3607
2607
3824
8499
6992
8186
7944
2232
4589
7613
5431
7741
1516
4070
8546
2729
4669
8659
8648
3139
1014
4468
97
977
2908
1612
4844
4343
9177
6499
1831
7118
1869
1170
4923
4541
5245
5778
544
4332
5576
313
2993
2007
2177
9910
873
3548
4706
7092
5597
2907
4433
9369
2822
6092
3943
7714
1989
2026
5431
4248
4124
896
9860
8087
4262
7446
5328
2503
9518
5625
7022
5587
210
7872
8381
2451
3291
9174
8791
4242
7696
1722
9644
3932
3204
9750
3609
213
1706
360
2281
8601
8692
5640
5155
8578
4832
3352
558
3124
4075
8728
8159
7749
3195
9606
173
1998
2533
2144
9102
5519
6175
4253
5742
211
7090
9655
7996
3762
101
1203
2409
9647
9303
2864
7310
7101
9241
1464
928
7254
3492
916
4159
6575
5501
2035
617
9589
6900
5372
3401
7700
4008
1700
1325
7680
5138
1158
9432
214
3722
2843
9733
4279
7648
9578
1006
9646
3618
792
8504
7896
5526
2378
5439
79
7776
4138
8002
1704
2702
729
6727
1002
4965
8829
9177
629
7201
1538
3974
424
4542
743
6710
4454
7140
2819
3429
1702
6213
4240
3254
5217
8153
9480
7639
1942
9970
4359
8339
1329
9814
4418
3422
7453
3207
3774
2667
9300
9509
6671
5089
2386
4617
6973
7700
8832
299
6958
1937
4849
797
3632
9277
2092
8185
8977
3250
2233
3677
1771
7632
1239
6228
143
3123
2975
9335
8568
7789
7423
2807
2795
5199
1611
2418
7417
1681
5059
8077
221
6751
8271
7541
9999
5264
3959
4885
1335
7028
9466
7367
6490
4055
2161
2474
4047
4322
4469
8968
2932
2749
3917
2657
7286
5874
1288
7381
9846
878
2445
7344
7922
6331
1597
248
861
7587
2280
8954
4998
5893
500
5010
8750
1453
735
6357
5310
4501
81
8318
245
3916
4929
4990
5011
7999
6572
6778
1855
9813
4113
9833
2962
8193
8171
3751
8431
9274
1995
2549
7036
3472
8227
9008
9126
5713
7392
3055
7059
7160
2350
2612
8536
7965
8476
2068
9611
3888
1847
2191
8931
9260
4287
9560
2279
7317
7633
8392
8052
9132
2367
4171
2404
1568
9494
5988
8533
6853
2757
1413
4523
3123
3450
608
3553
4772
632
7215
7710
8558
6641
5512
2002
442
826
1854
7496
7128
6111
7474
6401
2538
138
7950
5648
7178
279
5652
967
8156
4410
2256
9903
6561
778
3374
549
8268
8245
6662
41
8108
3749
4475
6603
5507
6394
3524
5180
4967
3726
9286
3931
9346
2848
8611
6627
8235
2630
9999
9666
7676
1535
2004
1642
5955
2024
8104
823
8557
9993
1883
6268
6664
5170
272
5301
8364
2797
7155
8764
5776
6097
8313
8059
4760
5757
8556
154
7363
6489
161
4190
7605
8916
9292
3368
9365
5810
4081
5786
8489
3545
5711
6198
4047
5059
8995
4081
6608
7000
4309
1735
9770
5620
6422
8747
4826
3167
596
9167
8623
1912
2641
9521
7872
8807
1279
6680
9003
4529
5775
4152
5517
1215
2474
8803
1070
9568
7875
5179
3879
964
324
3402
2801
5447
4439
6229
6685
1027
5024
1915
7364
8648
6472
8365
4599
2773
9002
4553
5063
6145
2882
9590
406
6623
6659
8954
9658
9544
3500
5328
6484
7909
6473
2044
3350
3296
3253
4750
8632
7706
9686
7016
2456
3523
3400
8232
8983
7300
938
3362
6482
1558
3438
9340
8665
3424
3080
6344
7743
6095
720
482
2808
5434
8220
3699
6585
8480
6065
1720
4054
876
6040
6559
7111
5583
6501
923
8578
9106
8833
5693
4447
8265
7361
983
6005
6660
9097
6805
6093
7967
5018
2924
1043
9000
7747
6358
1618
7618
7825
7928
365
8678
9162
6592
7026
4923
745
3334
1815
7042
4488
9773
5613
8558
3218
65
3407
1677
8502
4476
3646
1430
7759
5853
210
3784
5738
9286
8208
640
31
4299
6492
7630
1873
6710
5161
6595
2933
7336
7859
7383
7299
6787
9000
9857
3827
2854
9068
3201
6396
775
1960
3549
4327
436
907
4727
9139
6723
5368
4943
6408
9377
578
2297
5200
8657
2442
8229
5654
2269
9259
957
2079
376
9701
1240
4684
1939
2419
5762
670
6091
4223
3894
3207
3751
8458
1353
3903
600
2644
6525
1821
8418
4896
9418
7439
2585
8006
5108
1998
1113
1905
1644
6330
9281
4866
6693
8818
7604
6526
206
4842
7892
3764
2056
1189
6451
6691
4487
2183
3242
8846
5001
8833
7177
6357
1819
1804
488
1582
4503
9291
6197
3776
6274
5340
8156
8586
2908
6475
1966
6201
8259
9723
5496
2722
468
2358
6032
7959
7636
5130
1794
8390
5775
5526
7972
8434
7072
8385
5045
7342
1631
2217
4874
8250
1001
5357
9131
8584
5649
5882
4769
3468
7862
6124
4209
6946
8755
9786
8700
320
9940
8805
219
3448
8573
8176
7470
9370
1456
7392
7486
6099
210
5614
8577
8076
8683
1551
2535
3914
7821
9616
9318
3529
5201
2932
3613
1390
8820
1782
3091
5120
2129
2469
5515
932
6280
4660
857
2384
6322
7630
6523
2735
5887
299
611
3752
1319
8649
9738
2315
8426
6193
8912
7325
2210
5167
6540
9799
502
9096
822
9520
7825
3075
9359
2434
2896
5982
4737
8470
7035
7808
278
4311
115
3934
6442
7036
809
5975
9645
3053
2431
304
2747
656
9762
3525
4455
5604
8564
6627
5978
5413
9308
5440
1443
9262
2603
2480
1534
5725
4071
1633
4256
5749
4545
4901
232
989
6905
2579
2694
9176
4194
4484
4381
3191
7533
2884
5141
7137
1350
8728
2428
7710
5761
5980
4045
9829
5896
8141
6173
4626
6781
4355
1070
3767
5551
8527
8551
1588
7097
3733
6006
3285
4577
7833
691
392
1895
1299
5261
2801
7727
5399
8269
9999
2764
4018
7016
2527
6406
8492
9201
8432
6617
6212
7735
7892
6092
5990
19
7497
9765
4874
4909
9481
332
6099
2744
5858
6077
6657
852
1521
2870
5274
5409
1414
3643
803
4408
6550
5600
592
3514
8096
4049
7756
2978
4826
1923
4153
1676
1778
4451
1408
7903
2491
8325
1219
8293
1308
689
8795
6227
2582
8004
5286
6692
6432
1242
9353
6581
6280
9082
4530
7881
771
4423
1910
1728
1354
2964
6597
9550
2820
1176
741
4145
9871
3817
4258
9182
9928
3004
6214
8573
9699
7229
32
5345
1028
6105
718
8114
2075
6042
1132
9212
6337
4877
7151
8215
2957
2614
9353
2066
4490
6813
8373
551
965
936
644
8727
5360
9429
5617
6938
8204
270
7632
231
1771
6364
5021
2504
9382
9833
1764
6647
9397
5091
7562
6697
2661
4749
2157
3946
4410
9632
563
9493
3884
5473
8719
5263
2189
6952
3084
3495
1827
6274
3763
2975
1189
7075
9524
9324
9873
2892
8148
9024
3230
8113
9735
5911
4206
1383
7681
332
1944
1037
680
5963
6260
3239
9036
1390
1036
8151
3646
2754
3413
6870
4733
4498
4443
5620
2970
9255
8394
9383
3497
9581
3628
7456
1685
8840
5692
3802
7229
9168
7460
2150
4596
70
2666
7137
7684
2270
7077
2606
8176
7302
2402
3922
6024
9134
1097
1263
2667
5195
6418
8657
5264
881
7471
6805
1575
4412
254
3925
607
1514
5593
6104
6953
4059
9247
5145
8048
8687
6740
4694
4290
1546
6849
794
8157
5004
9614
6586
6251
948
215
1799
3077
8985
1447
7308
1443
7173
9189
2659
9507
3166
953
2000
139
2292
4674
8069
8470
8385
6765
4172
6718
1601
1504
8187
6042
2501
9187
2413
7299
4700
7830
6257
3320
4558
1226
4656
3525
7416
3633
2953
7692
3408
4381
6488
9615
9087
7063
3255
1425
4974
3988
47
5723
361
2453
701
9859
231
8693
2771
3667
2864
6690
1132
4836
8147
9020
4298
7883
6365
2093
8097
4689
5473
5127
2581
6492
678
7369
4893
1341
4132
7100
7260
9336
8915
6259
3998
2994
9631
6964
4520
3022
9870
3436
6515
3555
6004
1997
3658
1867
2230
841
847
3183
9022
666
601
9229
5763
6268
7316
5653
4748
2145
4161
9557
8335
6041
9673
3039
8896
3998
4651
6178
6220
9183
428
7337
3096
9328
7200
2006
9155
5009
2495
3120
3588
5989
8365
5411
2163
9278
5902
3514
7986
9335
3733
9812
168
7586
1928
6890
8057
2704
4994
8441
287
5885
5357
948
9207
1041
4161
2589
9348
3769
6522
794
487
5711
9026
7601
6386
4359
2594
1625
3245
9727
1018
5096
4995
2114
9819
2866
443
5587
9258
8887
659
766
7657
3484
6392
4336
9928
2896
8536
1694
9830
3235
3773
6014
2047
2372
8259
5211
8548
3019
9940
3651
2362
1796
7743
7823
1996
5988
8115
5525
9372
2948
817
495
565
5777
6024
4623
3358
7488
8906
4407
4773
5191
2787
9076
9291
7525
5919
1461
3529
3685
2170
3659
4800
8219
5035
840
1139
8667
8636
1899
9569
2333
1747
5166
280
3853
2497
2900
7664
2747
847
3913
8268
4879
1410
1730
507
6210
4147
8805
8178
9799
4281
6855
8543
766
6525
3380
1047
250
5039
4924
3288
8722
7952
940
7887
6897
6946
3199
8845
6181
2916
129
8096
2739
7370
6506
4915
2529
4196
1513
2787
2194
9449
4090
422
2633
4300
868
6841
2951
7942
1621
5846
6828
932
5962
7739
1561
2513
8503
7606
9746
8559
6523
2038
2863
7771
1900
1261
6812
7102
8941
4635
9603
5946
4361
4158
3704
5515
5338
6922
1730
4237
3324
7158
1585
2372
5917
5664
3217
6310
2910
6467
6768
7932
5949
3173
2673
8938
4491
6485
8670
1669
1905
674
9947
9423
6650
1670
4214
9304
3024
7644
2280
1323
451
5210
2551
8812
8252
3062
4854
1376
1481
27
8004
3725
5775
2873
6210
9131
7936
3708
2702
4941
6904
7214
7983
54
9627
6419
1168
7628
7174
8982
2224
2309
3975
220
3027
537
8392
370
9943
5290
5558
3286
3126
2155
2606
2736
983
9581
3613
9551
8011
3645
2058
9310
6760
7495
6727
4205
1788
202
8103
2219
7454
186
6942
5778
1305
6284
7841
7851
7692
2512
1493
5100
5585
9281
2256
8549
507
6448
7441
7890
2291
7455
1974
7338
7285
8540
9122
6768
4488
905
353
1554
7374
5199
9655
5056
1758
7772
9199
499
4677
5946
9459
2213
1008
4642
5029
3331
31
6097
6139
6364
7124
139
5908
1115
9713
469
5563
1567
889
2771
3737
9243
1156
2661
9413
9460
4403
4666
2618
5022
324
920
4158
1938
7024
2956
291
2210
4172
7240
8498
9122
7326
6006
5684
4599
9593
5641
3312
9414
2301
8311
3898
2563
7716
8649
5193
3915
4388
9763
8607
9665
2383
1996
1347
3930
4611
3943
1126
415
7886
8635
8552
9393
8503
2982
7139
6133
9072
6917
3985
327
7161
6909
2758
1708
9658
6428
1901
1338
6299
995
8191
3334
2668
3471
5250
1771
1101
463
6781
74
4536
1369
9469
7453
8678
178
5448
666
9761
9262
2916
681
2832
5338
1482
1907
6117
2712
3163
5609
1659
8386
3442
9220
7265
1527
8001
2961
192
5271
226
7151
8067
4141
4345
7539
5378
2506
4509
8078
559
5597
8445
2185
7216
7747
9541
4981
6319
8800
3279
7182
4107
5006
6950
3841
386
5904
9707
9918
3620
1235
6262
7202
2373
8301
794
3649
8210
6891
7450
6370
2741
2272
99
7290
7183
6868
9597
6244
9096
6424
2152
4142
188
949
9791
3007
3442
9208
6307
8823
189
8625
9321
3703
3953
7218
9028
4510
6189
6613
4194
5338
4159
4235
4377
5979
6625
4826
3435
7651
7561
1376
1134
2342
6183
6301
9656
1994
6979
8348
3431
7322
1430
7949
2051
5326
5608
1064
4163
3286
53
3469
5384
5724
4057
2257
8670
7017
6097
2487
5909
2771
2609
8950
5126
739
8150
9032
1043
9679
545
9208
1075
353
4722
3427
7674
3765
1363
1751
4410
6953
6226
6162
2701
7370
2576
818
8442
222
9994
8215
9623
4045
3402
4277
8189
2084
3075
5597
556
9664
813
8393
2737
795
519
4776
4258
593
8727
2943
5239
9241
5122
3073
4498
5705
5319
1562
3252
3926
9335
2247
2300
5525
2847
2732
9123
1065
2253
5816
2038
7898
4470
8470
9114
2881
1574
9773
8868
9884
4557
3027
6300
3642
6416
6178
7731
4572
9333
7045
7331
7290
4250
9430
748
4377
1080
14
1824
399
7432
1527
5497
3528
7753
7863
3581
2825
7293
9538
354
5728
3906
3590
4859
5921
1981
844
1766
6674
9642
2388
5986
3974
1403
5003
5810
4185
6812
702
1278
4392
3887
4873
5600
578
4560
1963
3805
2823
9722
1582
1285
505
6760
1686
8221
198
6625
3955
7668
5849
6130
7514
5788
7890
741
948
2141
7289
3691
904
1083
402
2645
4515
6817
8269
7103
7215
6013
5895
8321
6349
2455
2639
4079
8159
8227
49
7388
7755
1069
4157
6429
6103
4492
2624
9034
4690
825
1979
5979
6809
2504
8505
3553
6890
7613
7835
603
9558
6414
4530
9115
4565
130
6390
7524
9149
1070
7456
1903
1261
6488
3068
4649
2435
9031
8866
5854
6749
9444
7848
8973
7240
9930
2843
7257
7221
9796
9132
1398
7665
3038
5441
4104
6806
9107
1768
306
9265
9427
6236
7839
3399
4590
8281
846
470
7984
8012
5839
4005
545
2574
1389
3639
6032
73
758
451
2930
5141
9012
3649
1414
6
824
9689
6692
5902
5077
3780
9867
5063
892
2768
283
4826
9259
4890
3569
2653
9219
8233
40
2712
5476
6361
4570
4031
4675
1870
2650
5198
6187
3034
812
1590
2225
251
3999
8199
2969
4870
4306
7559
3118
2268
750
9773
4829
1006
2707
7817
5159
4897
509
4790
2156
1633
690
4867
2375
3693
428
5343
4207
5945
1138
3670
5486
7211
3538
2987
2566
5060
9922
3222
7875
6891
8753
2410
364
1520
8574
4940
8007
2691
8999
4670
6635
6839
4876
3462
7452
1958
9827
9990
9178
2700
2770
6467
8976
7252
7330
9337
5079
9104
764
3613
8947
6688
8871
8419
928
5016
4451
3883
207
8664
5614
4909
3592
3953
8723
5844
8647
9624
3793
4625
6514
4874
5224
5892
9384
85
2933
7743
8773
983
2654
5090
708
7938
2044
2960
5058
5885
5487
299
5241
8601
1693
4909
9003
5870
4212
8844
5701
5890
580
8028
4690
7618
7641
4136
8509
563
3490
8966
8686
8657
1787
5947
1071
9788
5826
4807
6799
6627
1715
6970
6570
6091
8597
5308
2591
9523
5210
4348
7822
67
5026
9054
7255
4047
6725
9819
9383
6388
2652
8539
4773
1852
2417
8604
2102
9263
6814
9094
2606
4714
7824
1867
8858
6963
9355
7099
4837
4598
3627
8132
4343
4621
5444
5102
7278
3554
2152
8171
953
1292
5941
1310
5391
7806
3385
4284
5660
5085
304
5360
1748
8161
6938
8686
119
5346
1809
1139
1855
8519
4616
4743
9177
4956
797
2866
8111
3284
1362
4562
5188
7613
7739
4125
4736
9254
3622
387
1509
4706
7432
8849
6413
1380
7748
8364
6737
4794
3289
7205
721
8569
7110
5901
5035
7840
9217
5371
6802
8964
9560
3929
4648
9773
9312
2365
7582
6340
5526
1646
1594
3862
153
5911
6233
8340
4073
6044
5056
799
1995
3316
6095
9895
8495
5761
1706
9715
9344
4643
2242
2391
402
2038
2526
4862
1791
8325
1355
7175
1919
2906
6240
749
5044
6234
3148
1220
9594
8663
6620
8653
6651
7511
8750
3607
2461
7607
3290
9026
9955
9344
5718
2556
1054
7998
84
1129
7498
3196
9009
3114
8262
3265
3919
9922
7868
7067
7023
6980
6653
9267
2444
1063
8569
1543
7649
1544
8324
2194
725
8818
8340
4613
1444
5221
4534
3072
3809
9894
1006
421
5200
8706
9095
874
2866
1062
2996
8473
7467
4693
5743
6808
3232
5081
205
8906
9089
7883
474
7056
2930
7688
9878
7917
7891
2306
7013
4654
7957
6382
4426
603
7995
9260
9999
6965
7171
956
9396
1199
6559
3376
2242
4493
4840
5617
7289
8660
2079
404
2228
8014
4006
8860
8575
9617
8846
1266
114
4132
3400
7363
1584
1030
714
11
4779
1721
9848
9753
9455
2914
7939
1228
4245
4380
8687
4299
1171
5844
32
9902
1231
2803
2957
9576
8168
374
6251
6925
9524
2672
492
3172
6831
9525
3606
525
8238
6296
9348
9626
7907
2819
2084
1512
6429
2644
3697
9729
1272
4904
5764
7029
7919
8049
2033
7086
7412
9015
2501
3894
3119
1427
6346
7268
7698
1669
759
7531
4783
6262
8600
1494
8253
5386
5079
5852
4434
3669
7556
8765
8645
1224
645
9820
3719
9621
6775
5356
2229
7059
858
1050
1988
439
9829
8743
4564
5629
3639
2797
1954
8297
9348
3585
8236
9074
7335
9779
3496
9332
3112
7965
3889
7311
1343
7650
5831
2571
1731
4323
4299
9364
9100
2686
9409
7369
2391
5252
4434
7816
7066
5690
6991
8020
2324
5668
7932
4800
3914
4718
7671
8396
682
2440
3368
5695
395
4028
661
5829
1203
8608
8743
3618
9199
9476
6353
7571
9527
9425
9901
2008
1781
4221
7084
2587
3486
8238
6521
3739
8095
2142
7137
3945
4546
4927
3629
5559
6689
5820
4395
4088
8849
5155
1164
6652
1599
9506
8438
2409
49
662
5342
7183
6668
4820
310
2222
7139
1131
648
9218
6035
672
7193
3800
8973
4348
4628
5
5628
4713
3680
466
6948
7427
6114
6768
665
7638
7531
1580
3602
9525
4931
5071
2516
5987
5834
8094
8259
8262
2138
8673
7503
3154
1640
7653
8088
6987
1215
1599
4151
1930
9699
193
5579
1127
2871
3815
1275
3871
5032
7888
1139
9177
9074
1176
2780
338
1229
4969
2959
7002
5963
9087
9131
4406
9180
1547
9738
3969
3597
8190
946
1143
2983
3250
2471
5482
9719
4017
1384
55
203
4462
1641
9766
5288
9135
4877
2375
5545
8040
5803
4846
3846
1566
7140
7964
321
1262
4177
3765
8418
4058
1658
9251
9358
2208
9754
3825
1049
7028
6333
7512
2846
6281
1615
5421
4250
5189
2074
8023
2575
7613
6952
2517
8651
97
2599
7922
6269
3778
328
6401
5877
7735
1066
6573
9450
8875
1121
8973
2413
3151
8017
4981
9039
2627
285
8277
6980
5376
23
9614
6442
1288
547
163
4511
2605
2542
4298
3206
4851
1914
5770
9965
7186
9755
9364
7953
4491
6306
4150
6748
9750
8857
5809
8117
7056
4374
7828
6624
4475
7012
6783
4354
4841
7689
9374
8637
55
7695
70
5043
4907
3649
9802
7534
2676
5751
9358
1861
2104
130
9769
6448
3594
2533
9063
917
6099
6711
2762
2420
9186
3282
4022
7925
6249
5105
4074
2831
4558
7076
981
9903
2234
8752
4953
4840
7960
1916
9173
500
9003
7106
3434
8441
6865
3037
9084
9141
8131
4496
2787
9444
3467
7340
4752
7232
6551
2928
1447
2621
6367
6600
7147
2731
412
1005
6836
4311
7802
6466
9688
7614
6042
6883
8738
9365
5710
625
5942
8498
1879
3507
348
2394
3089
4829
9770
22
5010
2784
5793
7586
7817
1742
933
399
6925
2163
136
5328
3121
1826
2262
8090
3460
5703
8380
6593
2550
5694
7516
9229
5666
1659
1569
3994
380
6503
1585
1128
4468
3987
4949
298
778
2709
1248
3009
7668
2306
2608
2856
5928
1047
8730
2334
403
2507
2423
6976
9897
9754
3701
9427
6357
7383
2609
8254
5137
9899
8797
3015
8545
3148
6724
222
3265
3111
9319
1932
7925
2685
1800
504
3721
6868
5302
9722
8128
8780
3488
408
7939
6625
9838
1624
2359
3742
8259
6007
1462
3413
4924
9699
4734
6605
8857
5191
9244
2824
974
7988
8042
1571
4707
7425
1621
1005
5025
5256
5666
1972
3730
4816
8669
4033
1547
3914
9059
3382
9673
6874
9626
3240
3454
8068
5400
9470
8249
2711
9454
720
6692
399
4609
1495
5429
7024
7603
5228
5789
6618
5052
7206
3488
1835
9121
2444
6170
120
9058
6274
953
8676
1089
4222
7785
8769
3601
1457
4136
7181
3639
1992
9918
2219
8256
8527
4922
1672
6821
7503
2764
256
7410
4978
5817
3201
9040
4603
2841
1706
144
3345
1802
8871
9286
8418
3413
6899
5295
5143
1272
5077
9692
4669
3460
6107
4566
1884
2382
4430
1811
9696
7244
7471
7137
7834
6478
251
3697
3512
730
6120
195
2934
882
5097
2781
6779
2325
7015
2872
2054
6342
8121
8176
365
5175
9259
5849
5128
2612
8559
5008
4902
3396
1356
818
3980
465
2708
5957
1848
8296
5314
3068
3803
2659
8778
6990
1377
8969
8954
6881
2079
9339
7278
3611
4615
4191
1307
1399
5403
8534
678
2710
2649
127
6129
6730
577
4879
7727
9407
7414
8426
530
1701
5144
78
7378
5177
14
3253
6522
6218
9397
8294
8216
6753
8797
8396
940
4330
6119
6718
459
6575
5548
9464
8389
6851
8559
4447
9357
1756
4674
5490
8739
5169
143
7318
8585
7285
6516
482
1793
6864
3092
1228
6286
8526
4284
6441
3338
7882
315
5424
5906
8602
6348
278
8198
1420
8838
4481
1146
5586
6617
9935
6364
2749
5845
4839
6792
24
6787
167
9609
2283
7741
8980
5354
8666
7452
7480
5174
1030
5769
2506
9798
4
1392
8794
5501
3997
394
1133
4175
3746
4097
1557
5724
5065
9280
6369
6590
8302
8840
8027
9749
3491
8308
8707
8479
9275
3733
7611
7936
781
374
4465
618
2383
8667
4235
513
1682
9890
8947
9878
7483
5224
1515
2212
7694
6685
4703
8503
5179
6763
6904
8288
3727
1951
2264
4359
1588
5416
4047
7443
1418
160
1695
5651
4045
7995
5156
8274
733
7775
9483
1044
400
8096
5513
4215
1687
2228
6654
3026
6291
2159
7640
5451
602
4274
9229
1604
1419
1208
2623
2708
1512
6133
485
204
4895
6667
3417
6271
4953
443
7832
7258
4322
9616
4704
2437
351
5289
8132
368
3894
4276
4204
8154
3990
5990
4914
1165
1257
6963
1036
9611
6009
4036
902
3642
2304
3572
5161
378
2589
5600
9753
5538
7756
7800
9041
7711
5809
5000
9641
8803
8028
7052
799
9355
2356
3471
8243
7519
1059
1147
8701
6421
6429
9661
8257
4993
1958
3856
3511
7815
8164
4861
5283
4524
3240
5414
1738
8851
3512
1317
5032
4354
2502
1679
4281
1291
8437
9327
5746
1688
1782
2766
6627
4492
8469
6037
7852
2639
9865
3241
8722
8927
8202
2721
1159
6924
163
9676
3449
6987
6567
9781
5029
4145
4493
8247
9340
2648
1290
8189
749
828
4853
5661
7208
7177
4181
5133
384
9518
4086
1532
9688
5391
4807
414
8289
7665
1400
4327
2492
7415
3925
3294
7827
4060
9713
4427
8239
3861
9574
5776
9991
7591
9873
7155
3457
9382
4712
789
1614
3528
3405
2367
9144
7324
751
7174
6127
1948
6603
8758
3694
3750
4187
259
6908
452
3917
456
9479
8902
6020
9902
1111
8437
1778
3630
3136
2204
7428
2710
6376
4675
1216
2556
4430
1521
6862
2333
1147
4348
6973
1791
9374
8844
9341
298
1437
2538
7427
334
1474
8955
2575
6640
4720
8018
6092
9852
5301
6456
6090
498
1549
9477
3890
7886
8430
4459
4742
3972
942
6956
8300
7750
3661
2561
9573
1252
3152
8957
9091
490
5985
7798
2866
6322
5952
5846
9505
8128
2416
3889
9960
4997
8164
4208
3526
6088
2907
1598
8594
8379
1305
4208
2912
850
1850
1701
7515
2301
8994
6388
7166
224
754
244
8359
7808
3223
2964
1996
4697
1298
8264
213
4517
4348
5049
7146
7101
3270
1484
6096
6842
3363
8
7433
1309
2713
1568
1308
3577
6695
7026
7770
6258
9747
1323
9157
1975
9444
1673
6030
7759
4797
1895
883
9017
8707
7856
9947
5180
7379
3619
9426
5064
7092
339
1693
2823
7650
1374
8244
2306
2918
3447
7588
8424
989
2095
4462
9475
4750
5218
8163
7924
9203
1486
1747
3591
2282
1717
3354
6727
236
6265
1685
6641
3113
5917
6249
5633
3500
2134
2032
195
693
8809
266
8272
387
2346
3270
2140
5817
1142
1421
1344
1100
369
5374
878
4091
4609
1803
1894
5316
5845
2393
3286
6340
3480
3822
9927
8083
2591
5792
2807
188
2500
4364
2012
8965
2755
9939
4170
4544
8563
232
6973
8723
8991
1771
2876
4781
4810
9543
9141
6662
8157
3358
5664
3446
7515
829
7478
339
6731
4610
5335
4180
8249
5684
9058
3019
8386
2471
8379
2405
355
5002
8308
1480
3380
4779
7275
7825
7004
954
7134
3150
9299
8105
5837
6807
8302
238
5873
7348
9287
8247
5904
1056
5543
2852
6513
1691
905
9942
9382
5961
4639
1427
7454
40
4061
8692
5284
1507
5663
7358
4594
297
9787
4911
703
5887
3068
4870
5931
1148
3609
7642
8464
845
4173
6179
4214
986
4911
6722
9249
4050
5060
3039
9272
7763
996
7279
4725
6664
4120
4645
9346
4906
8145
6047
6275
6991
429
2644
2184
4080
7711
8987
9961
7441
3132
1701
1247
1949
3483
3085
1770
6256
2308
8347
7757
5470
408
2662
42
8078
1908
8922
8082
9438
3215
1981
4098
1270
7149
6048
6935
1339
6550
6099
8073
7377
9436
1661
4823
318
5242
6745
7619
801
1763
1311
2705
9587
8281
3212
6776
4284
248
5781
2859
1938
6631
450
3043
6092
3337
5022
1254
8348
9793
9382
49
6926
5002
2757
8141
920
2347
7917
1589
3252
1609
4318
4191
5283
9413
1265
4405
6084
3550
435
8688
69
4948
283
3196
6485
4143
7120
3217
3896
197
1695
7006
7440
4581
4988
8961
1502
9500
5354
3563
8604
7192
2689
3312
8962
6275
6522
2797
4498
6420
7674
3912
2154
3153
3233
8752
3364
9936
1380
8924
1881
8967
1969
991
9891
5769
9245
3122
2076
7713
7150
8358
2490
4087
4763
1679
9124
5404
5958
9915
9225
1691
2853
2405
9196
842
5933
9462
187
5278
2823
1272
8858
4749
874
4611
9597
2249
3801
8809
9349
5007
8854
3539
283
8240
7389
1104
1047
5487
7180
780
9537
8463
6632
575
423
9243
4574
3239
2745
128
3945
6706
3095
1285
701
1374
4598
1757
8852
7588
8906
3119
1328
8748
4639
2465
518
7025
275
4142
5093
1754
1038
3510
6813
3789
6552
7416
3983
5258
4369
4274
5132
7601
9827
1376
5952
6243
9594
9290
7510
8980
7462
674
4298
4257
4747
206
4024
1598
8381
321
2708
8470
1590
9819
6264
5617
9028
3179
3540
1783
8814
5494
3510
8248
234
57
390
7870
2608
5981
453
8499
824
6048
2611
7565
3944
5035
9194
1662
2620
6085
5798
4300
2456
8975
2097
532
2944
8495
5200
7007
193
8105
482
5569
616
1855
937
5530
2662
7287
1205
3256
642
1672
1881
7471
1638
3453
4875
8561
999
2006
22
9411
5071
9437
6966
7208
1001
1932
1804
9376
2617
1158
6854
8310
7566
4927
3614
1752
4972
5403
8754
8238
4674
6250
5671
9915
8422
6015
9118
8853
2442
3285
5428
1103
4880
3874
2405
3973
4239
9633
2570
818
4325
7836
6888
4808
1251
118
2403
6235
8346
9341
7084
7206
4838
2768
9457
1391
7502
8741
7455
1919
8081
1664
4727
1236
2962
9267
1708
4804
1350
1587
931
2790
5521
4799
6508
1315
2123
6724
6286
180
7198
4339
7977
4101
576
2384
7092
696
2158
1594
9005
5165
6064
9830
9427
9832
2488
2893
9510
2078
2520
4773
8430
9432
2676
2775
994
9622
5123
8503
9310
5881
4152
4587
7009
5606
4545
993
9435
5902
1934
190
7007
6708
1182
585
6490
8036
414
2362
3784
6092
2301
1513
5873
4085
577
4493
3975
2806
6454
4166
3893
3198
190
3539
3205
4274
5286
2908
5889
8748
6278
1691
5409
5478
3227
1552
3623
6110
9670
5365
3206
6157
4881
1056
1489
4935
1916
1218
1153
3789
6584
387
7684
5512
4149
9030
1667
2633
8692
9280
7031
6579
2141
1498
8322
8728
2934
3653
2437
8492
6936
9105
2088
6961
8238
4490
7860
6768
9505
6132
8652
8239
6661
9859
2076
7507
2374
2993
1357
6145
5777
3975
7494
6632
3742
3877
3084
5825
1217
138
5379
5263
6033
7488
9861
3515
1968
5183
148
6630
344
626
5029
9902
8742
2545
3975
4552
34
9323
9075
8052
2729
8208
7633
8338
9313
9150
7051
5962
8537
2950
9414
6686
8369
5052
7153
563
7914
7081
3146
1609
5046
34
4427
9358
1562
418
6642
6582
1291
2730
7674
6237
7684
2690
384
9606
9472
3538
299
2120
4051
7785
7339
1818
457
9219
8552
9642
4621
4443
1445
6608
989
7555
3703
2315
9317
9555
5629
7966
5544
7935
9620
5583
6161
1860
8647
9015
6450
3593
5268
5133
4142
7063
2284
9960
3325
2344
6606
4320
8160
2326
7857
9158
9129
284
4303
9956
3452
1802
9196
1718
9159
4987
2722
1848
2384
4476
8834
6188
4641
8607
9633
6004
9881
5744
1884
5462
4846
2340
3542
7402
8691
8450
3346
9604
1101
1654
1759
6113
168
3535
8591
9337
5022
389
3097
8766
399
7559
5649
2183
9852
2491
9899
2700
1999
242
2646
8377
2547
4379
2878
8371
3619
789
2996
5552
6716
972
822
9314
1780
4154
7091
2841
6325
4020
3006
3115
145
2108
5524
4487
4451
4744
2185
4947
6229
9180
1708
5411
6722
7977
172
28
351
5473
9095
2511
2431
9449
1429
6273
9947
4134
4199
9252
1006
1623
5361
1927
5925
4826
9257
7564
4758
2895
2328
4936
6432
4597
9028
5799
1741
5633
8409
9917
3778
8291
7566
3803
4350
5622
2061
1708
2478
3853
6949
6172
5116
5650
5687
6639
6507
699
1048
8579
9286
7108
9048
7294
6298
6506
9006
7127
19
8037
250
2104
8440
5095
7547
1891
8769
1304
2899
9204
4119
9365
9287
3963
8875
3728
387
4908
7317
4644
1233
4338
6603
5549
3692
9824
6675
570
9611
8048
9896
1498
1128
1049
3178
1055
8497
2320
3902
1257
2962
4001
782
2671
5204
4571
5053
4606
7834
8135
9832
5976
3426
4396
9887
3628
811
4830
8281
9135
5725
6526
8986
5306
2288
2885
9816
9802
8408
3270
872
8619
4574
3600
9740
8017
6035
8767
2867
9352
699
8470
5644
7397
4061
7172
2961
2170
1078
6054
7342
8595
2747
7386
593
2971
8700
845
5917
1278
4350
2624
7937
1546
1846
2308
6849
8914
9204
479
9284
5456
8525
5512
4074
1262
9753
8522
4809
633
4206
874
8422
8657
8762
1929
9458
4321
4000
7172
8684
7955
3818
5028
6918
1664
8135
8745
6626
1019
6888
424
4675
8860
6956
1854
6125
2531
561
2833
9259
4459
2692
8995
9903
8857
8637
6193
6903
9289
5240
5821
3676
8388
8144
4489
4977
6229
4365
889
5080
5037
4300
6809
1172
7404
2904
5848
3915
5428
2694
3345
3731
7608
1823
9342
4760
8181
8458
2567
3746
7326
1113
6431
5577
2754
8030
5569
7254
1398
4358
23
2486
3120
4066
5280
9228
8393
5207
4137
8438
8167
9196
5914
6781
3490
1272
756
4101
6283
6289
1413
8425
7210
5403
1301
4629
7118
4053
6144
7968
8501
1719
3198
2061
1260
3377
7595
5444
9322
8060
9134
7879
9843
6263
6688
1113
6927
4229
415
1553
5093
2206
5073
1508
4771
9190
5471
3377
6607
9622
624
4816
7379
1960
4602
1671
452
7763
263
9865
555
4860
1431
524
3423
656
6764
8704
141
4518
3927
6962
705
4061
5460
3133
7604
8862
6170
6116
7085
9594
676
4061
3237
9494
7291
5856
4394
1406
7352
3890
1223
3771
8971
1048
2703
4383
1856
3782
1381
2107
2776
9928
2171
8300
1414
4164
7326
6376
8756
4632
5764
3103
9520
4237
3746
4287
2591
285
9391
8405
1444
1815
3904
3968
923
8048
6088
9935
6112
9802
4177
1923
5910
5687
1890
53
4403
1320
4601
7926
9532
1768
4082
5083
5197
6422
6440
3360
8213
1306
7886
7269
3741
3801
4974
3268
2100
6718
6464
2663
7214
6074
5369
611
1010
7482
5823
3226
9520
5208
8492
2673
5048
6921
2056
6586
3454
6034
278
5265
5817
7234
8572
8656
322
893
8554
1980
4010
1463
9584
7371
8244
2007
5854
1869
4228
3258
1824
1818
3844
4441
9971
70
1241
3954
3098
2098
8926
4555
1116
2413
6406
3107
9442
9131
4039
8855
9295
5136
5162
6114
2173
4627
5685
2473
1727
2928
6322
6921
1639
2079
9475
7325
8981
4069
3393
4216
5104
7164
4586
3525
7644
1967
1417
8099
1110
3387
3224
8658
2333
9321
2232
5197
1215
5981
3552
6215
6898
5212
5060
9311
5187
5557
4626
947
1694
3362
3256
3420
4889
284
2921
3915
5289
1849
5087
6265
8407
8634
2720
6100
2248
8585
3155
6044
9450
4664
1502
4892
8123
7060
4247
2572
5726
1747
1333
4519
2573
3445
7914
7393
1972
5221
448
4804
1936
4257
2075
9077
2962
1606
8776
1007
7560
9746
9304
3064
1136
8256
5819
9347
8534
1381
3435
4455
5992
2453
2
1910
6624
9905
9359
1217
6262
4777
7767
3898
9027
4780
8487
3750
277
6189
6032
8525
2334
8226
947
3474
9270
5446
7932
5171
5467
3326
6349
3792
6532
3630
1718
4967
9013
3069
2734
7776
7696
5742
2848
8000
9181
5933
1793
6791
4795
4054
9634
6257
968
4590
2120
8157
6123
1461
548
8438
8060
6616
5040
9059
5255
1532
2023
1243
7742
1012
9473
8694
9314
9119
1857
1263
777
9105
897
9520
3920
4291
3211
178
9051
1928
4844
8634
2128
4614
9583
7239
3477
9029
9826
3236
157
5879
3884
6915
3789
9256
5342
4472
1546
6148
5098
4461
7421
9749
8689
1515
637
2000
9504
5037
7
2146
613
262
5346
9466
8427
9518
2297
4662
5948
1697
3669
7670
8327
8308
7180
6745
9573
690
2350
2570
3522
475
3476
7689
7700
6524
7108
7724
7973
3572
4991
1513
7098
5450
5999
1691
1499
464
7875
9451
540
1641
9936
2083
3596
698
1590
2687
7093
8002
7921
7907
1061
6986
432
8016
9832
1286
25
6911
1194
4071
8518
5823
6978
9091
2498
6281
6342
1951
8837
2156
6217
4998
7902
4899
3079
5387
5069
8124
5536
2578
7910
9347
8754
3378
1098
8343
4484
7495
8512
2827
5947
718
9723
9916
8925
965
6957
6606
7653
6035
3842
8508
9113
6742
5701
9707
2221
9440
7622
3388
7972
8240
6516
7329
9972
5501
2709
4841
8235
2637
9225
8391
2650
6746
5888
6280
7197
7904
2213
3475
2121
7580
940
4551
8284
691
5454
3911
2489
1059
7597
3651
5783
5234
2577
7934
4979
5451
1781
4920
6463
2358
4273
7556
4372
1038
3543
8117
7681
5005
8908
4951
6242
7752
7824
4148
5992
1613
8162
4798
6583
9547
4244
169
7873
4138
1750
3149
8989
3283
5569
5052
1593
5887
8370
1918
1718
5618
7043
8463
4381
9796
1791
3577
3604
7322
2366
5709
9772
8047
4862
5061
4119
9490
576
2835
1597
1559
3823
5440
2896
2138
6223
5072
4776
5597
9411
3397
9608
1217
1324
8663
5325
2006
7009
1862
4657
6468
4199
2004
1552
3455
2846
8855
8884
3567
4360
958
9141
6250
2521
1532
3168
7746
8755
6660
521
2386
155
7960
2093
9656
4494
6699
1365
2576
3131
5662
4483
4044
4967
7404
6641
7619
3632
2949
1063
5934
7231
7132
6401
589
4975
7876
5573
5809
7514
4611
5736
5012
9062
1371
5910
9302
6872
29
6614
2778
7582
3998
2363
9232
8873
1297
3723
2440
9751
5314
8754
8231
517
9226
5174
2567
2387
9245
1420
9137
8784
923
497
6501
9331
2417
3461
834
6447
4508
3313
6271
9932
935
6571
9618
2478
4930
9808
7449
3717
4702
6680
3247
5866
3544
2344
9171
6761
6908
7989
6507
9217
285
1497
8270
425
4771
6321
9050
3271
8056
1302
9325
8371
5713
9097
3553
3328
7518
7035
6707
7437
6698
5603
1369
1413
8060
343
9489
9199
8859
5252
3320
295
4392
6804
8428
5618
8264
986
4723
5369
8321
2512
497
8644
9419
4075
6037
7381
9323
9688
1591
8672
7116
3606
175
6552
8032
2212
1856
8616
5366
7507
2327
1393
2793
5267
7658
8734
5220
5382
2675
7151
688
4494
9676
6310
5625
7565
3701
1375
5941
3320
7320
7958
7499
1821
7863
550
9561
9428
2046
3398
1607
7206
3303
1165
6565
5708
6563
8917
6441
544
920
9120
8882
1851
3621
2705
279
3732
1557
2032
1186
3745
3595
188
1163
3791
3130
6361
3898
4090
6451
2575
5012
6784
5523
4164
7561
5982
2813
5081
4430
1534
3074
2079
4158
3641
5505
1294
133
1294
6807
142
3003
9079
6144
7337
8750
8939
8227
5597
177
6202
8960
5516
1097
2668
9229
7508
3521
4418
7996
2499
5154
8500
9100
6133
1627
5042
8458
3711
8087
6784
759
2789
9515
4286
3207
7430
4021
9899
4489
3396
1671
5232
2789
2605
6699
8388
2762
4035
3246
515
1768
3057
3732
8085
7733
3609
277
9113
5251
7969
3156
6312
613
7630
3395
2532
2150
5807
1136
3034
7644
181
5539
9595
1927
2718
9369
9229
4201
2878
9048
2729
2073
2320
5416
6663
5561
9755
3088
9898
3244
3541
6003
9082
9927
4644
5443
7796
1039
8627
5543
3303
3140
1334
3339
6074
2522
8874
4002
7088
9989
2235
5079
8225
6296
8776
2755
3611
3142
3681
8309
135
898
8489
236
4901
1553
6228
3968
2840
56
6085
1266
1426
6532
6106
1085
246
6453
5487
2495
5753
1071
231
4821
19
8118
4154
1080
4259
2302
4414
7826
6012
598
7364
5942
6672
6583
1781
755
8622
5171
5872
9879
5431
8947
9062
6566
3434
5494
9547
1785
7069
9577
9280
9244
8109
1385
1194
3820
5188
4394
9180
8516
1257
9821
1108
6171
2961
6293
763
2621
6226
8250
4142
3535
3448
2695
5051
7378
1766
787
4698
5262
3084
9266
5762
6980
2403
6950
6089
597
3023
6615
3302
9369
4819
1349
6972
5516
1518
5409
9347
3451
9585
7925
1682
9103
3336
7708
2667
3065
8446
3211
222
517
1294
5545
8586
8587
7852
2471
5416
3849
8033
9687
2731
5624
3941
4439
3954
6891
977
8053
1141
3823
817
9524
1101
2783
409
3014
9779
5259
3388
5894
2842
2667
3146
752
8565
2452
7088
4691
2793
4639
5222
7988
3976
4052
5023
5002
2816
1016
1722
6455
4435
5623
3641
655
5845
632
1945
3334
3990
2608
6048
82
5914
1129
7705
2539
8596
7352
696
2415
8098
6494
5214
7247
2344
6344
3108
5908
9599
950
8010
3060
2189
7304
8838
7280
6741
9886
536
9181
3453
5642
6468
9195
7811
239
5279
3900
1265
3754
5393
5159
8324
4952
5982
9412
3477
7281
775
2887
3955
5272
5739
5449
2071
3212
253
4988
9029
2010
5738
1544
2828
1576
1365
8063
7193
7139
7948
2025
5015
8101
3525
4793
9440
9066
3704
1061
5804
2622
1982
3982
4733
3504
4866
5170
7238
4280
7018
3620
6340
2236
5293
898
3469
7615
1493
2797
4402
9689
2707
4086
3042
4007
114
8875
3552
8673
4808
7767
5499
4740
9448
6215
4710
7909
5825
1005
929
9323
2229
2614
3788
9792
7146
6637
2182
1505
6906
5942
6717
4777
2032
9251
5871
9701
4899
9023
1458
864
5773
3830
9995
635
5614
9094
8240
3954
7493
681
1632
2202
4952
6460
5229
1520
1161
8475
5374
4426
3998
6798
4428
838
762
2361
9770
5088
922
4126
1427
1683
5699
9342
8974
4606
5276
6584
9489
280
2347
1611
8755
7801
2315
6489
9563
6257
9648
691
980
8862
9845
1096
9844
1332
1892
5004
2216
3382
6520
4529
3293
3751
939
5410
9003
7938
7787
4780
3648
269
4050
5705
1070
2072
2455
9818
7536
6844
2198
8980
3944
4002
2217
6230
1198
6385
6847
4159
7868
6888
2823
1174
7569
460
8174
1306
909
8281
9980
6996
9537
3192
3579
1637
2967
5623
9256
7481
9139
5619
4642
5861
5768
4914
8897
8945
5925
9636
3621
226
7742
347
2825
3093
2750
4361
5775
2656
9030
7891
3211
3117
5755
7504
510
246
2295
9854
5817
7291
183
9553
2484
2457
6083
2349
2564
2131
1913
4887
7629
1355
9839
5062
9974
2011
7621
2590
2121
1844
4454
8188
8259
9154
9324
5213
7951
7387
5082
8756
9726
2436
266
2947
3829
4088
9006
4903
223
9728
5327
1502
2214
36
7784
8105
140
5444
8514
3395
4902
4503
1791
8645
2090
2902
9013
5293
8721
758
2146
4526
5081
8332
843
9303
8384
4665
7649
3112
9913
3864
9726
9452
6487
2404
8466
4821
253
581
3096
7469
7099
2772
6594
1441
9557
8742
3725
207
5310
4334
6006
9681
3861
5599
5762
755
8550
6339
2115
345
1298
370
1137
9688
8892
3371
2598
653
1741
1194
9490
501
7782
8298
3535
3953
4227
8246
6123
9199
5698
8401
5105
4909
1139
611
7347
5420
152
6133
9908
7976
7085
6388
3762
8553
1376
266
9908
2512
4500
6101
6961
971
8386
6352
7968
667
6872
7419
1060
8605
6170
4881
5
6493
8401
3051
8612
1715
8084
3553
2466
7513
7567
9442
9391
5693
6570
6656
3432
3988
7059
9696
513
8081
792
7036
4370
7826
3822
4367
2082
476
7774
7972
3984
8380
6462
6512
2672
604
6176
8431
9013
5999
9087
1041
8122
7347
84
4294
8286
4179
3828
2570
9467
6194
7539
2291
1251
2552
3154
7513
4122
8248
1486
2107
2217
9495
4576
5220
780
1375
4225
295
9175
7899
6606
6226
3028
929
6113
1555
8275
3583
9203
5947
3130
3555
9215
3730
4533
9201
9133
194
2537
7513
1231
119
2354
2454
80
888
6921
8608
1191
5905
7236
3952
274
9147
9902
7622
6657
5871
9484
918
6359
8486
9190
2162
7092
9907
9381
3316
989
6940
3667
4568
3557
9941
6621
3920
6014
5134
3015
4532
4855
9494
6835
237
6026
4222
9102
839
7724
2415
5217
8685
2549
2389
1446
1535
2169
9270
5408
9070
2832
3604
271
6162
1534
6490
7288
9530
3226
4189
914
8316
8724
977
4292
618
1969
2970
2940
7953
6534
2258
3885
6079
7102
9330
2953
8707
1589
8035
7574
2542
3366
95
9489
4533
65
4321
4082
1360
9786
2420
5570
3717
5347
4295
7393
9898
8652
3512
532
5184
6619
2671
7793
6263
8223
9551
8567
6856
4408
3094
5280
5955
7590
7048
1335
7307
3455
4182
6418
7265
7009
5498
7660
1078
709
3941
2928
2277
4176
3309
1660
7018
6456
8160
9123
2034
4714
3862
4144
655
7539
1297
7180
5218
7022
8620
8395
2792
8422
9799
114
4484
7109
5866
987
6155
5872
3108
7333
3847
7555
933
4096
609
3317
3010
5880
2848
5833
8264
325
5767
6577
2838
4088
6650
2977
9403
6102
3278
1802
1873
8387
3841
1209
5741
7953
7310
2701
3557
7666
3806
2814
3344
2730
4121
9673
9710
2052
3237
2282
9549
2081
8895
8524
1815
3915
7074
3670
9275
7276
7028
244
4237
2075
5027
5681
8426
598
8495
152
4009
9861
8142
6221
5342
3717
5210
9412
2830
2126
4578
4861
5348
3730
2205
4832
8111
1467
3227
4516
5727
6395
5986
3389
3364
8938
3262
5908
7143
1759
2467
9547
6704
1930
9238
516
3831
7721
8420
4698
9736
3366
4102
7513
4798
7088
526
2167
253
6770
5127
9661
6955
4188
7216
8008
911
5387
2228
5970
4495
5212
3106
1100
113
896
1895
9202
1317
2947
9554
9523
3938
7745
7458
9322
3049
9011
5013
9329
6373
7056
7046
7981
5508
2227
6459
3871
3824
5100
708
8038
3294
3910
164
9408
5148
5204
4068
6013
6282
8909
2220
7273
6783
2655
9109
5817
2805
5057
6930
7264
6352
6016
8339
8839
8869
3321
6326
1220
5535
2903
4608
2625
6997
8667
9740
9104
5136
5521
493
8638
606
6139
6545
5322
653
2298
6530
7959
3989
496
5423
6874
5246
4838
7738
4364
9714
2028
5473
3968
6679
9184
7352
4145
2454
8813
4223
6942
542
9500
3371
3176
221
2176
5653
4055
5529
514
2511
6472
4733
6552
4967
6095
2995
8063
7668
5384
4890
5993
5732
9306
1056
6200
3161
5061
5359
9341
5156
8333
3533
6634
7965
2100
2664
2594
2401
5283
4493
7249
1739
6338
8463
4589
1690
5222
6554
8207
440
9249
5807
9264
1726
3966
2043
1784
5970
6872
594
3896
3249
4816
8228
313
6327
3347
9851
8792
5385
5135
3331
7537
6761
7044
2550
6512
7244
3807
5954
6848
4375
1757
5823
6384
549
1979
257
6448
1135
4142
6710
4991
2841
9468
1766
1558
6578
9567
3823
5909
7522
2259
6287
2479
2036
5249
2889
9035
8748
465
5259
1675
5252
9570
8863
7826
812
3737
3460
1690
6583
524
5591
6301
7790
23
9331
145
5042
8258
659
8217
2242
9117
205
5475
7300
1175
646
1873
1249
7612
9943
5471
8544
2118
6861
2215
5857
4827
992
6798
1084
9004
5648
2761
3554
1074
598
8258
3097
1429
1579
6705
2324
5159
8353
528
5301
8410
4185
5713
2599
6068
6649
8110
4203
7113
8640
5958
5940
472
1104
1948
1323
4599
3479
6800
9338
3590
4808
1677
3493
4498
1995
2702
6593
3615
6419
2965
4304
6986
1083
9970
7545
7621
2216
4114
4180
7670
2977
8814
2316
6714
9607
2410
1054
3976
9801
4789
7443
259
2133
189
4463
8182
8007
3538
825
4109
9885
7120
7017
7959
3269
9848
5325
4454
7670
5917
7251
8974
8283
3785
6082
8761
6818
8792
6672
9787
4186
3236
4835
9811
2269
6278
5014
8240
9644
978
9786
3361
2946
7306
1675
3046
2938
9125
3945
776
8759
9785
5170
4575
4848
8748
2372
1777
214
8707
334
2299
8459
1699
1750
3410
1088
3827
4429
6300
190
7143
6026
1072
5124
1597
184
7967
5454
8943
6025
8050
4620
4182
4310
8971
8714
6748
7330
3059
3613
8810
1746
4082
732
6790
7134
5334
48
8895
9514
2583
8395
7888
4945
3134
2001
5564
421
2091
3762
1543
8084
2325
3192
3091
9147
8185
8019
5536
2913
1431
5026
6557
2729
2475
2477
1402
1498
7251
150
7348
881
9548
1671
9933
4598
2022
4800
8018
7325
1555
9206
8727
9881
3037
1819
626
2007
3146
3095
2808
5529
3071
426
3359
7267
6198
649
5483
9245
3094
3805
3757
3871
5534
9505
4233
5219
7084
6902
138
7508
1614
6188
3067
5351
7837
3399
4242
7079
7256
6196
7981
8813
9501
9655
7928
5008
1038
9611
3681
7438
8965
2136
936
9522
4033
1145
7736
3890
6985
6728
3372
8669
5640
9763
5227
2252
9903
364
7044
7011
2302
9077
6017
9863
810
6634
1566
2954
590
2336
4206
6703
4545
2241
5953
2611
9856
575
9910
4345
6527
9778
7825
8350
7769
6926
1415
7371
9165
3388
8473
1556
9968
8725
4176
9865
8713
6624
447
7733
6025
9623
1392
8581
7650
4541
6073
8956
3895
825
2917
9200
8241
4640
4605
9736
8221
641
2060
6544
7442
9829
8939
8096
8988
4587
6740
1744
2854
3503
2976
3471
5864
1631
6218
6677
2623
5700
8718
8056
1909
3927
1691
6054
8131
5498
1830
5058
6161
1571
1775
5240
7808
2624
4342
4235
1623
2687
6117
1125
276
7504
2564
1473
3530
6461
8973
1506
2660
2320
8424
7558
691
3099
1080
4889
3436
51
8983
7674
3550
8012
6470
7546
4286
5261
9185
8375
6601
9391
7407
7081
8279
8466
483
5802
5801
3428
7434
3737
404
5300
4505
341
6222
5906
7063
2720
4253
4756
2248
8916
5432
5241
7408
7705
6522
5384
2312
3742
5950
7779
7442
1417
7167
6085
4528
6014
6636
4030
3222
7200
3475
4540
3923
4946
1337
339
3490
3935
7631
9313
8761
2018
7452
7234
9523
9370
2119
2780
1421
4471
4337
1114
6565
5808
4894
3055
2560
5058
5679
1786
9130
2118
216
4197
2365
1287
3627
9562
7791
5203
3149
5992
8184
8505
8958
5682
3240
809
6513
8479
9748
1154
3659
6008
7089
8026
368
4385
2880
4555
5585
6018
4617
5971
3343
5892
6356
7569
8490
8556
6832
783
4786
7266
361
1956
4761
7191
100
6249
9132
8567
7424
7198
2539
7208
6042
5920
336
2666
483
1417
2337
4449
5902
7862
4802
2090
8429
1865
7067
2621
7686
38
6064
7027
9177
5383
6537
6293
1569
7932
822
6095
6391
2324
9600
9349
783
1773
4706
3123
985
2584
1281
7631
2929
7760
4343
1274
7063
488
2102
6762
5751
4966
1023
7716
4266
6785
561
2537
6485
3435
3528
662
9544
573
650
3004
1942
9632
5804
8130
9184
177
1618
6185
6061
4102
574
7740
2505
6815
9007
2998
7421
2215
117
6832
6002
8775
99
3888
2622
3620
9558
8169
6086
9506
1630
887
8130
3996
8356
2203
696
2736
2676
407
9256
1980
2240
4465
1211
942
8299
7222
4727
437
9501
4339
4844
7722
6026
6332
6019
2575
978
6226
5742
7814
8790
1111
6774
5880
3899
6544
4866
4245
9931
6052
7285
4454
1608
7670
2861
3664
9164
7266
6864
9406
4571
1289
139
2463
1162
212
5686
5896
4163
4141
4104
7217
2323
4237
396
5144
2637
896
7033
8906
8465
2494
5485
9583
4523
7810
5232
5560
8281
4643
7936
8216
4519
6722
4550
691
4698
9542
1259
1533
117
1260
2712
7755
4212
5794
7076
6082
3734
7405
1167
1114
6744
8684
3756
25
6489
5925
260
9723
6017
499
4501
6459
8605
6567
9637
7316
161
5628
3847
2619
1486
1315
6238
7862
4192
8940
7621
9307
4603
3163
1620
2724
7472
2817
9038
2086
2631
3788
2395
6669
8929
1819
2334
8298
9434
5372
6001
2421
3994
8292
9173
8857
2634
4656
8748
2846
4317
726
3110
3867
7618
4500
2251
8860
5961
9416
898
4005
2377
9746
9326
3045
1646
4019
5130
3953
1146
2692
5893
4513
5844
9134
4009
1299
4893
3291
4731
6742
6043
9511
9888
4763
6218
7828
9545
8496
2961
144
1948
9016
1800
1411
5994
3311
236
9219
105
6975
9688
610
9855
745
8651
8007
2587
1363
2817
8574
4136
8228
9176
2338
6000
6895
2157
8536
5612
1416
7834
1980
9275
8647
4009
9546
9116
3750
9578
977
313
5734
3446
6310
7814
6812
9574
414
2824
4274
3015
1883
4047
7603
2764
6922
8159
9237
3952
7595
4023
8938
7297
6206
5243
6375
7534
1321
3807
3297
2607
2515
1380
892
6927
5968
4444
7453
3615
9289
6220
7003
3683
9659
3676
9918
5545
3197
9257
8425
8467
8277
5274
740
9537
8221
2667
8457
1170
3180
2310
1098
1785
1885
4182
8483
2419
6822
3547
4093
7420
6472
7074
2724
7766
7591
9059
3099
2572
7959
1365
8760
5777
3123
6925
9214
7602
4489
9704
2214
4225
1643
8378
7669
6112
1415
250
6807
7917
9044
6342
4100
6648
2594
6636
1345
4123
4287
8582
1526
6066
5135
8058
5413
6428
6555
5250
8545
4839
291
2116
6615
507
9672
8619
1766
2480
3078
9940
3356
6278
7698
2896
9068
2217
1776
4087
7116
4819
6114
8538
724
2928
5216
1937
8871
3044
5123
3615
6685
8924
36
463
1095
5934
4533
8980
410
698
7945
8001
431
7182
3462
8513
2935
4243
9504
6900
4107
1301
9079
9452
4107
7907
1222
9174
245
8804
213
4586
2672
4623
2194
1021
8604
8902
6039
3992
746
4940
9999
9463
3144
3735
5710
3304
1384
6794
2343
190
6044
594
4704
7187
3282
7870
8727
5713
59
2711
3514
1694
6056
8800
1169
1011
6830
7789
3941
857
2167
1698
3005
2724
4887
5262
8046
3453
1186
1867
9457
8017
2125
6879
5758
5885
5510
5651
337
31
2028
7957
1227
7394
1203
5663
7135
3987
3865
7114
7002
4845
8971
5307
7626
3819
272
3995
8304
3988
3316
9201
2727
3508
2241
4663
9162
7980
9562
1162
4507
7661
8557
3959
760
9955
961
6829
2423
8821
5277
5648
7281
5626
9198
5407
6936
4274
4069
1894
5985
6480
8811
4062
3888
242
9415
657
5789
4491
1078
7048
4368
6924
5956
8584
4320
898
8289
9005
4086
1957
4466
7025
2366
3504
3628
3702
3951
8876
7447
8255
2196
489
5691
4346
233
3985
972
954
5442
9150
701
965
65
7015
6875
8688
3982
9134
4384
5932
8951
4959
2128
1638
7270
8404
8814
7316
1892
3743
2915
9125
6868
2121
2717
8775
5183
3072
886
6088
1842
2651
8579
5333
9904
1082
2620
722
6013
5232
4545
8397
7864
877
3997
4998
5898
9259
2261
1251
2368
3902
4815
7089
4004
7996
9158
8260
7268
1403
7867
4771
2575
7452
8174
2468
277
397
4525
9926
7926
6394
2132
7505
8257
1493
6181
2844
8491
4533
4732
4170
7185
6110
4899
1001
5859
9144
6634
8670
1738
9647
9897
5271
419
1771
4270
2044
628
9218
7664
8888
1880
4423
4802
7106
9813
1138
1421
5080
5398
8358
3264
1729
1338
429
1998
6071
2657
5768
4287
5357
3321
137
5294
1891
1309
9026
6852
8235
3900
2249
5516
2755
5370
4520
5820
5472
471
6293
1973
2057
763
6525
151
5982
9281
8956
8434
9201
3028
5063
6333
8835
342
2896
5701
6003
505
4530
3246
8049
8981
7784
4906
1520
9547
9989
3460
8160
7524
4185
9464
5984
7467
9256
5337
3334
6926
2872
6449
9471
6692
5086
9701
3070
2753
8543
2686
5248
6001
7249
6621
3559
4331
1259
3859
6593
3275
3602
6730
4873
1294
1599
7399
3881
9386
3632
2341
1263
