3622
9361
6382
4315
9609
9464
704
5504
5350
7170
6684
6250
6169
4635
765
9437
4036
5563
1343
5863
4265
6684
7634
6444
2410
8667
8352
6036
1047
8373
5078
3748
7343
4568
6602
1574
8649
9220
3517
7818
7916
7034
5798
6631
9314
6354
9516
7939
454
5982
8450
6113
6595
7320
1312
3167
7429
8166
1284
3249
3752
3125
1639
8367
598
5539
308
6262
8581
642
2284
4471
9166
9613
8094
2455
780
4382
3989
4850
4963
423
1104
6249
9137
2957
9930
6306
683
8499
9673
5544
7432
4099
1104
9169
3303
6864
7777
6036
6476
9883
7149
1675
8836
3182
8476
5969
1370
7266
7378
3480
9268
4959
523
6725
6391
7969
9999
8305
9604
5529
302
571
9535
8332
7363
9170
7457
6135
5598
7112
6576
2510
3248
6222
3224
1876
4721
2913
9626
5701
1445
5398
3040
5988
7980
1506
9201
7853
5786
1137
2407
4710
208
5511
4987
4935
4892
2550
2034
1360
8546
9192
8630
169
3828
4167
2429
9625
545
9581
7387
8735
859
5696
2170
3102
1443
2299
3047
386
3151
7016
6544
7939
4320
4530
1690
6742
5378
3945
5020
967
4386
2918
8543
2091
4598
4995
9245
1366
1039
1558
5699
3938
6171
5875
9887
6844
7533
840
2838
1816
155
5955
9919
208
4482
9575
6101
7067
8218
8160
9366
3066
2118
1405
9761
1100
1721
2391
2875
7473
8508
5422
8515
8485
1283
9195
2039
4434
5673
2289
4497
3800
3415
4105
4203
9264
69
9946
2863
705
8707
8354
6772
2141
6167
3385
7143
7161
4088
4160
5744
1818
2756
4271
9254
6457
1538
1886
384
654
1847
1332
8054
5924
1904
5241
4762
3910
1542
3281
8494
4393
9775
3626
1962
4444
6511
1573
8790
5830
6783
7004
7831
5910
8322
9839
4906
8714
3294
9719
2563
5707
8255
6454
1333
1146
4604
5648
7624
4391
1783
3026
56
4480
5675
1546
5418
7051
2444
1150
5463
927
2142
1577
3125
1353
6846
2267
5831
5930
2251
6372
7822
8164
8202
6057
894
8321
5732
1193
5924
4914
7825
8253
7241
6965
4970
8804
9718
1194
3618
5386
3310
5899
5630
3689
2359
4753
320
6055
5715
6917
2916
7759
8386
9582
3866
1424
5497
8786
8541
5562
2480
376
5345
8284
5715
3055
5633
7458
8487
9264
3345
8252
3313
8840
8653
2225
3548
9034
2197
9665
5971
817
2102
2896
4820
1450
4432
6824
2015
4316
4281
4961
9077
34
1843
3833
3778
2020
6589
6053
7707
6843
2865
324
9866
3088
4336
3470
1376
5138
6686
5822
7892
1603
523
6438
7042
2373
9671
7664
4874
5895
4429
2658
8145
2597
7757
9156
4655
7016
5860
4285
9376
5137
822
814
4057
6193
8761
6388
2772
1602
4695
3319
6155
6156
3991
6745
6757
6169
7825
716
4196
5693
9956
8574
3174
8097
1917
7595
2405
3006
50
9083
4895
4245
1486
3407
2347
2387
3616
1497
8294
8728
1118
4162
7655
8234
7174
6572
5286
9231
4539
4106
974
6530
8397
786
3394
7448
3244
5534
1857
8587
5285
8558
3538
9265
5657
9255
8473
9895
6468
3290
2442
3425
1536
371
5162
6555
3008
2096
5408
9960
9561
6980
2412
3469
3778
7258
7746
7887
8062
6377
5543
7388
7595
5853
1343
4671
9365
3867
1184
3286
1265
3111
5632
4048
5826
448
452
9063
3287
806
4802
2741
9760
3984
5302
2009
8973
7093
5512
3138
5672
6730
8901
6871
3011
7731
2995
7293
8152
2522
4014
1805
7118
4892
347
2542
4538
1076
3575
6533
2735
3863
4097
223
6627
9703
7640
8566
2497
6217
4170
7249
5869
8898
4293
4666
920
8507
1384
3858
5022
8535
2140
286
382
5308
9273
4425
4640
4741
7111
8194
5524
9210
315
5505
6322
6082
1933
906
791
4292
9998
5484
5034
6151
9453
1419
2510
4033
9710
9883
7640
5213
4697
1781
2517
3591
8225
863
3691
9795
4089
5549
6336
47
7037
960
555
4106
634
4537
6393
7114
8518
7411
8280
4715
4991
620
4275
8342
8302
1616
5446
6013
4031
7694
4198
9458
6851
8934
9844
1166
2506
4249
9085
7056
8347
4657
759
1476
3434
4141
5001
352
5969
4393
6832
9617
1816
2909
1080
4089
6322
3348
5253
3238
1725
2757
8369
4361
9599
5791
1147
5875
3793
2196
7441
5044
8862
7972
8607
216
1134
9840
6615
5077
63
6791
861
7689
1864
7431
3772
2748
7843
7143
6711
5099
5202
3760
2668
5986
7770
9899
1965
5553
3777
890
9273
1771
3224
455
2624
534
9879
9820
2834
5521
3387
9577
934
2875
79
2650
3057
7270
8261
4809
7727
4346
9681
2937
2818
3381
3391
9095
7798
2698
4045
4549
3987
5514
4196
4137
8063
4965
35
7457
8052
7938
8068
7940
7135
8583
7788
481
9597
3265
9144
3746
3914
8715
2597
1300
1605
348
4513
8535
7020
6602
4620
2453
3158
9361
8691
8015
6233
4870
4189
4071
9104
5683
5219
5350
7618
9446
6292
4773
6116
5608
323
9674
1425
9131
9659
7771
8497
1142
9008
4072
8489
5700
7503
5811
4748
4947
2365
9704
7524
7943
9358
6910
7263
3447
9531
8210
7639
8241
1248
6692
86
6664
2237
7783
5416
5893
8349
8243
5155
8452
4802
2245
6182
6187
9022
9063
2595
6663
672
9875
390
7214
3581
7820
7896
7210
68
830
1198
7509
4818
72
854
3566
7629
6917
4581
753
5207
4036
8777
4661
2678
8486
7461
4630
3473
8810
5124
3919
4627
7737
5894
8509
6154
8616
7745
8989
1737
3244
8690
4362
8116
6660
1326
6837
4531
383
5630
7593
6814
742
7048
8162
7968
3905
3613
1524
1981
1543
271
2416
4741
7810
28
3018
9125
5879
4974
1641
6997
4511
1731
2199
2457
637
5058
3634
686
5856
3173
9557
3336
2752
1509
1477
2072
2517
6163
3539
4666
7022
9797
1082
6316
8669
7363
5033
2917
5866
8289
158
6844
4712
1909
1512
1417
9410
2546
5188
8650
2496
2265
1351
2338
2024
4801
8067
1022
2488
475
3512
6760
3035
4880
6033
9109
2701
517
1496
2920
9041
6376
4682
2154
1070
2686
7658
4446
4070
7686
462
8283
7990
7207
8090
6724
8852
3241
3286
2812
2630
8444
9634
7968
4251
4927
3600
8352
1412
4742
2808
6876
4888
582
1829
4011
7669
5666
3371
9369
5965
9206
995
644
1103
2167
5266
4820
450
2881
9302
6402
4432
8190
3487
4890
8280
6658
757
2488
8813
3773
7591
7313
6037
5014
8481
8544
8929
5046
6003
2397
9348
8558
1153
8895
2246
5371
1786
5357
5466
9068
3003
2396
3443
7289
9710
4640
9583
2453
7141
6987
1527
9234
2195
3648
5644
7399
2362
9080
8424
4824
6992
4160
1378
4071
1560
4739
4486
7773
1807
7371
6478
4856
3307
4351
5485
1832
196
5090
8215
1536
7799
3024
5372
2769
3565
8589
6769
748
8001
2373
5157
2088
5438
9519
9893
4092
198
1869
1334
8940
5584
3433
6337
6040
9154
3170
2505
6848
3539
7242
5487
3668
5669
4150
1932
1287
4953
8041
4994
3731
3509
471
2668
1194
5899
3139
9482
1405
6657
1565
1347
3801
6540
4102
7556
3117
2376
5072
6265
4219
6363
6689
6911
251
2863
7115
9411
9502
3988
3782
3398
8007
7874
2752
7066
9157
3364
3417
1617
3792
422
1604
9681
2380
9108
2899
2925
568
9361
8356
5712
476
9693
1994
6087
4590
6972
8667
5305
9649
3618
1441
2708
4544
5075
8769
9018
4616
6353
7578
8091
5310
4604
4296
5083
3981
9014
104
9797
7340
9816
5298
6056
314
3183
1363
5846
4488
7100
9046
4599
509
8309
1462
651
8957
2832
8327
6174
8187
1586
7695
5963
264
184
6510
4061
9964
8960
8671
7595
1458
2386
6973
2355
6923
6906
5765
2434
6291
1401
2969
8794
5302
3316
4239
8664
3330
9897
2155
8632
3744
4985
4035
5675
2374
2705
4197
9008
1145
2304
900
8700
3174
3975
8071
7405
6041
1298
1575
1352
9260
5103
1586
3687
9550
5508
4958
4184
672
8254
4579
1736
9607
5900
4435
8083
9160
2671
2856
8202
2836
1381
8507
8381
7286
2635
9619
5798
6739
6920
5556
7361
2841
5846
946
4002
7052
9157
5999
2469
5436
1002
9787
88
4771
1312
4909
1580
6691
1335
4043
6516
5236
8275
3991
9637
9086
8999
3526
1180
6218
41
1763
5960
7082
4670
5728
7895
2004
3318
4873
6982
7060
4642
5297
5147
8770
7539
3212
3593
4409
7808
3890
4561
9493
7901
8587
1694
9068
3541
7276
5296
2955
8042
4266
8845
2480
7091
6917
8992
5892
4131
3941
4511
3521
1434
1715
8964
3345
2188
195
3487
2978
1471
8381
8595
4056
8141
9505
6890
6407
8048
115
2750
6515
4347
4457
7892
25
9590
4528
8162
2851
2768
2439
7408
1393
2414
7199
7390
4927
4357
8373
2252
8994
4407
2659
2202
1720
4930
4299
9274
4405
9904
5454
4323
5865
5744
5716
9510
8907
5771
6843
9717
5241
7250
7825
5561
5946
7027
903
5951
1379
1347
6954
7266
2232
6523
1371
9578
3769
8127
7506
8267
5505
2301
3590
5317
4416
6483
5029
2124
4123
7281
1637
4476
8116
6175
6384
1323
242
8820
7659
7620
7080
3783
4710
9852
3674
3995
5448
1032
2388
2880
425
1930
6053
7382
5191
38
233
2605
2400
2705
3424
6271
8957
8770
6750
3824
5139
1301
7284
4227
1219
5150
5283
6080
590
3554
9396
6240
9781
7530
1453
49
6296
8032
7747
2526
4143
3007
3422
1051
6025
943
9566
4510
8453
6886
5911
204
2259
3594
6086
208
1606
3641
7126
8219
2131
1353
4749
7552
1995
9211
5783
4215
3633
757
6118
101
7982
3935
2729
5709
8648
8795
7817
6733
8139
1664
9613
5898
1329
6060
8810
4046
548
5874
4189
1997
6849
3027
8874
1201
3599
3174
38
3467
8164
2930
9933
7599
9762
4492
9721
6879
7914
5010
8387
1493
6053
2454
1949
4903
9896
7250
9570
1548
3211
7525
2702
3444
2119
5917
5152
9113
2508
6184
8989
3701
829
9405
1054
2945
5703
2083
2818
6109
2028
677
2149
8343
5317
4909
3501
5686
1265
2445
4027
3018
2444
6732
8134
1862
2619
8263
3183
6953
2087
4902
8587
6669
1672
6481
2389
4313
2684
7514
1777
9336
3991
6549
174
3647
3684
6239
1042
9538
1264
7779
1614
348
2750
3333
6587
7820
1252
1356
3114
2381
3889
2940
7134
7259
5963
1135
2547
4882
1101
6171
2137
4799
4284
3272
8344
7387
646
5151
4625
8593
6882
2940
5712
2195
3162
5516
461
990
3100
5487
1484
8454
3595
4285
5588
7562
5895
8976
5398
2727
4337
7244
4964
3434
7106
5942
6775
8546
6247
7974
2995
9531
4408
1077
1525
3372
4838
9324
4391
8541
8945
8390
8554
54
6068
223
1148
4392
6847
4902
9032
6450
8647
172
6971
3985
6489
8540
1740
7312
6228
3203
1519
4365
4981
5908
7124
5064
5079
3325
9657
7388
2335
7167
5368
1771
5691
7227
3313
9987
1704
4323
5248
8502
9129
9198
1543
7267
9515
1889
2351
1422
1971
6195
2212
9991
2962
7538
6158
8971
6076
5659
3616
1406
950
8782
7421
8466
6063
8695
5235
3426
5614
5649
6198
677
7793
8282
4307
1743
1066
8236
1909
2894
6137
5396
3782
9114
4409
5150
8005
8947
1450
7373
9342
9453
6296
135
4577
6002
2036
8712
4895
1009
7731
7849
9770
2744
9473
1056
1700
9031
7818
7284
9763
9585
6537
2849
2933
1793
1360
776
1864
7143
3489
5923
8634
6530
2237
9540
9269
4019
8748
9445
9362
2968
2646
7354
9999
2104
1325
7388
5153
5347
155
9694
2036
3923
8310
5752
4875
5123
9318
7208
6012
5165
3222
4636
8199
1436
7186
7242
5198
9426
6931
8632
1695
4911
6588
211
3271
8691
5817
3932
2067
420
4364
3106
5407
7833
2427
9244
2741
7186
9953
1623
1401
7844
4240
7398
3447
6674
6216
142
6459
6228
4607
824
8966
2693
1778
2710
9075
2459
2374
4465
7277
6687
6246
1420
7490
3253
8585
5751
8000
445
1168
4593
7984
8457
8489
6906
228
7568
4572
123
6914
8616
7706
6395
5919
6208
9855
1406
9727
6539
1955
2104
9031
9208
8569
2349
4614
3420
1326
7471
1446
1765
6874
9165
4428
8931
7285
8099
4943
30
6486
8926
4341
7598
1185
9633
9624
5129
190
1545
3895
7896
4510
7135
4535
3951
7029
5765
8732
8315
8031
2158
9108
4153
1427
6773
6944
9417
464
6944
2765
4626
9649
3633
7458
7751
879
4718
5809
5590
7340
8299
1004
3089
4367
437
5723
5537
4029
9576
1446
9715
8264
1456
9822
7177
6833
7324
1853
7056
6066
6783
6935
5711
740
7268
669
3299
1936
904
375
3825
1811
1858
155
2410
4979
7654
7331
929
7011
4701
7202
4945
8572
7630
2183
7460
9084
2173
8380
4066
5199
8991
742
5505
2255
5
4434
7590
610
3023
3168
5533
9032
9879
9356
7432
7389
7660
9973
7595
4067
6889
8634
5344
4914
6032
9093
3335
3581
3821
6535
1463
8853
9267
2358
3294
5033
2316
9172
7927
7599
4592
2641
1010
5629
3601
881
9785
9542
1173
689
8068
3037
2076
5181
2850
9012
4064
2538
8772
8649
605
7495
6973
1990
4576
8832
1566
7474
3776
5333
7602
697
7989
6813
8036
5886
3866
3181
6066
5757
5000
5434
854
9706
8780
2900
9271
4289
5219
6338
4981
6067
1579
2779
4093
7257
5594
2303
7774
6614
3215
3540
9009
4824
7832
2560
6298
3459
6870
5898
2450
3011
8551
7458
816
6281
4514
4919
1675
741
4169
1846
7391
8756
3886
264
6034
1167
5809
6247
6996
6968
214
6312
9384
7493
748
4736
2951
8870
6101
6308
5315
4157
8361
5711
1586
9632
8324
2851
247
7913
3297
6367
9698
9990
6233
6422
8490
3984
9422
9112
4541
8958
2361
7931
6162
6718
6437
4913
9565
8071
786
4956
6146
2005
4925
1233
6235
5585
1697
177
1884
7916
33
9600
1344
309
2831
1322
8949
2730
4594
1370
2385
5738
6879
6503
8666
3060
8605
2908
2800
5353
3942
4561
338
7659
3488
979
4201
527
6129
7936
9675
9431
5406
4028
3407
9876
4546
8804
7905
2210
935
9814
1900
1239
1426
6477
9066
6439
543
8514
7145
4749
5190
4881
857
5582
1570
9057
7642
5939
3872
7204
848
1808
1617
3358
4777
6682
7747
5463
6057
3164
6728
3352
9771
490
2002
671
384
6547
4261
2670
9332
8969
1490
9962
8094
7967
7469
4145
7171
7592
6102
6950
4604
3515
5929
2441
3077
8198
9269
2369
2822
8388
951
3102
2695
1266
466
5943
4462
3213
6681
179
2983
2827
8809
4254
1468
2819
2637
5706
7456
2532
3310
3908
141
9367
3487
3703
9818
4194
5691
5431
6546
924
9457
5369
9174
6640
3075
3658
4677
3596
113
1030
1371
9196
6692
1377
2281
4662
4667
2457
8706
1807
4095
1294
823
1851
7790
105
2111
6788
8516
3416
2507
3114
6711
5445
7221
1841
9165
6228
4510
4395
1873
2987
2431
7265
5820
6561
5154
6814
2794
9552
6983
7603
3935
9003
5297
1880
1231
8677
9271
3590
2779
429
8981
5243
1786
1072
3422
2185
2892
3101
9094
2217
2145
1160
1433
8017
5132
8476
872
8773
7469
1804
888
7417
8865
3579
7011
6960
5290
9708
6724
4496
7627
3338
461
9479
283
7946
2220
574
487
9646
8288
7833
9005
2943
9220
8308
5328
6759
7727
9870
8836
8046
9415
4369
5059
7843
3835
2545
2077
4973
9821
563
8359
9624
9832
2092
3651
7785
1853
5224
4077
1683
7455
3843
6115
8857
1900
4937
9019
5282
6780
4698
7579
3313
5431
2306
6072
4277
6725
5881
3906
4602
7039
6120
8003
5083
4119
3984
5374
8482
5921
1033
7808
3959
6716
6413
7724
1190
6515
9306
5892
8546
9020
7302
7845
7611
1368
4946
3423
7125
148
504
9305
4481
7486
3643
2355
154
4434
3007
8434
8595
9673
500
7045
6190
5202
3648
1547
7421
382
8794
8392
2797
1719
4164
4424
4279
2699
6938
3626
793
9406
5280
7468
6608
4958
5497
4824
4349
2215
206
5845
7777
3923
4500
4446
8007
8388
5130
9421
6604
2905
2934
7179
7400
4108
6156
5420
2690
4963
9607
2535
1927
1275
8712
4578
7140
1599
5971
9910
8822
795
1464
1214
4226
2464
2067
2153
9969
9313
8994
5506
618
1562
1231
5133
5204
6424
8611
1058
3658
8741
8267
4616
297
1755
385
7277
3443
3027
1549
282
4408
8032
5407
255
3214
9228
4693
7878
459
688
6887
7835
8122
7814
7835
5994
3994
8953
1473
257
7128
4072
8954
2843
8585
4507
5460
2826
9918
5315
4771
2214
3838
2859
2179
5656
555
8908
1166
2222
9225
6732
532
240
6807
8189
4747
129
9506
2634
1481
593
6609
4008
7565
2266
7877
143
6235
8799
1813
739
8101
464
5668
274
2146
4001
742
9866
9750
7907
4983
464
6884
8087
7543
5608
981
635
5861
3121
5127
9722
5282
8494
6842
3058
5347
4344
2119
8465
7467
5273
1936
6086
6535
1001
5566
2058
645
2680
6197
7278
8065
3926
6020
3981
395
9004
6654
1313
2397
7172
2953
268
9094
5744
2068
5469
5935
7378
6893
8647
5837
2841
7533
2531
8673
8858
483
426
7686
8923
4596
8807
5755
9323
7000
7403
9500
8695
7828
7014
7985
6486
5619
3536
4276
1721
7964
9769
8205
739
2914
3658
4796
6335
7175
3143
6181
4738
7786
2532
3657
4464
930
927
1954
9866
9316
7064
5118
5142
6998
3019
122
5570
4654
1247
701
5578
3181
2698
3087
1041
123
8753
2689
3981
2822
1414
978
9623
6882
7549
1443
7915
5721
9791
5202
4621
1906
9795
8156
5777
2792
9010
683
9967
8225
4235
555
4119
353
600
4986
2989
3447
3819
5696
3833
6532
3581
9344
8644
9534
7592
3388
4228
4195
9009
8873
818
6008
8301
5721
8105
6726
5789
5970
6114
5169
9056
6414
9161
9541
9074
454
1649
8555
2639
1957
2679
4795
9953
2986
6762
8168
4792
1538
1714
5966
5843
5198
9863
7923
3276
7999
839
712
6933
9449
3114
8947
5573
7484
5215
8192
3878
8318
9532
4354
4603
101
5523
7887
3163
8593
6491
7717
481
8193
7309
8886
3867
1753
5191
3889
4759
6410
4823
9058
3
1005
2478
1022
585
7781
5847
8871
757
5540
6381
7478
7664
9211
9224
4155
6867
6858
8025
3667
63
6547
5801
432
647
4536
5939
3922
6523
7934
2135
8744
5714
8049
6102
7168
8495
3303
6217
6927
3360
3941
7295
5502
5394
2258
1930
2237
6683
3631
3284
4630
2572
9967
3730
1053
1493
2285
6111
5226
1123
8992
3740
5437
7936
3394
3037
4571
3036
11
9467
549
1955
3806
9346
488
6080
8003
8719
7493
9107
9171
510
8567
4159
9999
1788
4028
40
5577
7507
6863
58
7883
8213
9377
4474
8481
6389
7767
9164
1744
2678
967
8856
4474
3730
4819
6969
2704
4302
9729
5703
895
2342
8143
6548
8078
1028
8979
7209
6814
4022
8457
4754
8195
8842
9080
4589
1224
8776
2477
2789
2315
6451
1558
171
7481
9557
90
2880
8915
5850
4895
491
4850
3235
9381
7919
9110
7205
915
332
4519
526
1665
4912
9654
4224
2019
1603
834
6994
2090
7044
9206
2230
4469
6232
9662
7532
5905
7611
2945
6919
5312
9074
2699
4836
634
3009
4334
6000
7465
8984
6139
9500
5619
7689
3552
6325
9295
9043
1642
8518
9411
1471
3288
4874
3313
3341
113
1626
7375
8643
2766
8379
2551
3117
1336
1991
2133
3564
1540
8050
5714
7717
2017
7371
7286
4342
7891
7773
1715
3583
1614
9374
1112
5721
2297
5346
2766
7400
5971
3925
6651
6722
3127
630
6368
6341
9269
9309
8454
4202
7822
6210
7499
1849
5782
9558
1901
5945
2520
556
9298
9299
5258
4230
3947
74
3997
7090
6374
6341
6535
1148
8717
2585
9165
1300
2787
475
2260
9386
7756
8181
9056
9275
9384
3609
2787
7691
7611
5439
346
1273
6978
6213
9896
9693
1763
5939
2016
1442
9928
4223
7008
1360
2752
1874
8723
2970
821
2642
2513
4240
1801
1218
3457
6081
9296
8518
938
7815
5104
3561
4485
3883
9835
6943
7460
5260
2126
1336
1138
9650
2049
5053
3804
3365
6580
9374
2483
6456
4254
2492
7874
9284
3725
2832
109
4531
9652
7451
7391
6964
5699
2712
633
7172
3344
7632
2972
216
3279
8783
1176
1596
6196
1672
7855
2304
9661
1744
73
6215
7881
1098
6397
4995
3334
653
2166
5588
8320
8003
9306
8077
698
5718
6905
7594
9601
4041
4439
2776
7359
7542
6129
1986
7391
7830
7694
9237
3105
6311
1169
842
3859
2801
8602
6573
2725
9338
7068
6711
3754
9040
4
9196
4504
1665
3679
1077
121
8315
3965
4825
9614
4175
713
567
9403
9117
4705
4895
50
1565
5272
8159
5020
2738
9507
8628
6642
6096
7277
6454
6186
9138
3757
4325
818
7917
7836
6710
227
6038
2788
1088
3758
2173
5108
5827
7428
1796
186
6597
1896
9313
8322
4385
9282
8390
5506
9461
9752
1293
9395
4708
8383
6442
3658
6159
6761
6672
6004
371
2953
355
6202
3757
4878
7536
1205
8326
243
3986
1758
8664
3853
7748
9977
9095
5951
3494
321
2832
4038
48
5403
1832
5243
1546
3441
2864
3242
2798
9103
6953
1148
1075
1528
9499
2311
4448
2603
1631
2185
7016
319
398
3432
3446
4928
5670
8096
8821
187
7571
26
9827
704
28
6718
2586
5207
9725
3457
9902
6991
3340
7696
9055
7430
4997
9307
9329
1861
9940
2511
5506
4058
9600
8886
7312
3735
7808
8479
8125
8162
3877
8826
2065
8964
5426
5051
8736
144
5545
3769
3429
9044
5682
8240
5549
6148
3404
7677
3157
1008
344
4097
966
4268
6805
3693
2345
214
4700
9470
149
8991
8113
4134
8713
3188
2050
1993
9614
9244
5260
855
8139
5417
7922
2240
7294
1886
6338
424
5572
2076
46
6081
7882
1728
2508
8716
5555
6413
7759
394
5938
1851
3191
1499
5868
9708
1685
7617
9803
9981
7487
56
7066
9448
8334
6771
6325
372
4315
5728
9288
6484
6273
2822
910
2205
3900
1130
7051
915
1457
9347
8997
2386
3664
1744
2289
8207
5167
7784
5301
7781
3514
1953
8431
7631
6170
9999
5808
76
8012
7959
7670
5510
7874
9307
2947
4034
5452
5678
8888
2356
738
9962
1154
357
8634
318
8044
8411
2612
1375
18
7961
1124
8240
3530
1016
7405
9441
6261
2914
954
7745
1906
6980
2775
5359
9355
7278
5334
931
5501
5988
1789
2028
8012
1418
1110
2770
2658
9104
1713
6412
9485
9218
9158
2924
5681
3152
1345
26
4055
4178
1374
1068
9432
7461
2474
4588
7768
7930
3542
3783
605
4813
991
9730
3786
3232
2813
4304
6889
1396
1902
9736
7559
8499
1440
8283
1924
6151
4774
2459
5814
8521
7287
2584
5
9858
5697
4505
954
5594
4567
1400
6039
5593
8662
8515
8321
5961
2968
4782
9600
6946
5831
6733
6743
2613
1057
307
3747
3104
3612
6665
2749
2336
2798
8493
9622
3852
5492
1034
4417
4889
7951
1602
8173
463
958
5677
7281
4148
4864
747
8493
4367
1743
5584
9110
1314
98
5967
8733
9253
2060
8996
9985
5774
3610
4373
9293
8821
6919
5232
9952
8395
9331
2516
7173
4194
242
557
3770
2188
2737
4174
7105
8560
3455
105
9772
9053
4911
73
1389
4275
1667
5871
3651
3295
1413
7089
4366
2705
5541
767
7490
1671
935
1989
8906
7762
5203
7806
2711
1783
2741
9698
8089
2655
8848
8645
5257
2051
7467
3589
473
3301
5359
853
7633
6855
7146
6503
6072
3845
6325
6154
5474
8763
7041
4553
8453
4065
9378
5672
2721
6129
1188
7350
9436
3102
7218
9241
1065
9079
9871
5721
3474
3356
2411
6193
2117
6226
8009
6525
8481
790
59
801
1036
5677
733
6527
5787
9382
6225
9479
342
9216
6986
8326
4496
3548
3294
8638
8146
5020
814
7427
2515
3251
82
7124
5683
1344
5674
462
7328
5880
2418
290
8296
2057
7853
1521
69
162
4498
6445
2907
5716
3194
1715
7969
9719
1032
889
2335
9418
9230
3187
1856
7210
9331
616
3179
486
402
1121
8638
676
2973
938
4180
3855
1732
9883
9590
6144
6966
3760
6615
9670
9085
1679
4792
2178
3917
2791
1253
6551
3709
999
5100
5452
5542
8462
5843
2243
7059
3966
7447
7232
8080
1581
6436
7253
1398
8447
4556
208
2329
5237
1907
3193
57
1628
7554
2120
9724
4029
6370
6715
8204
5021
5718
1150
3797
3599
6713
6938
8927
2766
1480
3430
4858
9087
5665
2273
5107
5991
2380
1683
2835
8598
5064
4395
3215
3480
743
9084
4871
4663
8390
2270
1360
2543
7282
2453
1510
4423
4136
1571
1552
5647
2385
898
8299
7126
5671
940
6724
8796
2913
3925
4081
8719
6175
5067
3249
4162
5097
3399
915
1895
6842
4021
8999
7274
2302
8266
5549
6027
9250
2184
3564
6162
1549
646
4605
2872
6698
9842
6444
8131
9519
1248
580
4131
6061
9120
1901
9620
2573
6403
6009
7072
1586
3315
8034
5587
1511
4975
1618
1090
68
6279
5521
728
7198
1334
1074
1897
413
3593
7703
5341
2539
4160
6151
8850
2508
8128
9131
4060
4097
4551
3215
7872
468
595
9210
9363
2549
6594
5294
6268
2372
8069
7770
6678
9923
4023
7648
1387
5487
4693
292
5548
5699
1098
927
1158
896
943
50
2826
8698
8770
5287
632
4509
4124
9165
5174
4996
624
8979
5689
264
4054
4963
930
3817
2648
6256
9380
616
4306
5446
9112
178
3085
1261
8557
6239
7204
8419
1956
7092
7708
8872
8617
3372
8874
2697
4352
6176
6842
6644
800
3485
2851
9504
7063
5828
3830
5806
7947
2991
5912
7370
2904
1614
9063
5258
8382
6167
9908
8537
9655
7646
7867
1668
3827
8999
4537
1382
4658
7651
3363
5293
2395
8041
7993
6676
9345
3444
1925
6434
9289
7136
7145
5486
4926
9035
6182
44
8441
9871
4686
3221
8175
3692
8235
8300
7808
517
9131
8009
8896
6108
341
2597
2200
8123
644
4221
9570
6305
459
4910
4391
7277
6909
5499
6172
591
4473
1706
6603
3142
9808
3493
1551
1978
1039
2027
7176
1028
7045
8847
7936
1066
9787
9807
1494
4700
5077
1413
2163
8528
6389
9146
6439
4162
397
423
1831
517
9899
5293
7937
4735
6115
6504
2474
7175
1039
9867
4801
165
3269
5079
9605
1671
8425
5484
5627
7852
8155
8804
7818
2924
2894
5384
4228
4748
9297
4278
956
6044
7863
4877
5964
6026
7768
3559
9476
6900
6542
8637
8895
1365
3382
1323
6501
8709
5012
3928
1952
9584
201
5153
2508
9379
6887
3461
3212
3483
3416
9830
4168
6484
4363
306
5023
3494
8339
8173
4808
2628
5688
5155
8614
8971
7845
9919
6872
2279
1047
4890
1570
4430
2629
6912
9687
5113
5803
7804
2151
321
1418
1292
9503
6098
5322
1614
793
5074
6647
2301
4474
5004
9340
8004
4054
5920
6406
6478
4128
7239
1317
7299
7014
7914
9136
4777
2896
4936
981
4022
8418
6848
2038
7752
184
8909
2896
7430
9457
3705
9658
7398
8770
612
8176
7020
3571
3207
2001
8537
848
378
6099
9857
4995
5007
8644
8598
2242
4534
7573
3672
5886
8613
7854
3605
5784
384
8150
7009
5159
5497
2106
4082
9220
1341
6966
8512
4583
2607
1765
762
6216
727
164
1770
6916
6691
46
2849
1657
3697
1363
9624
6460
1485
305
7221
474
4171
9390
2151
9216
5983
4566
3433
7857
4251
7413
5968
4778
5069
6150
4150
5635
6934
4108
8177
2238
6800
2859
7122
3574
4610
9617
8377
8927
4958
5715
1607
1437
502
93
42
6764
204
351
6260
3082
7263
846
4443
3843
7079
1172
4385
8022
7412
6651
5040
6991
9987
4187
3007
1478
5832
9657
6888
1590
1241
7129
3758
9527
1720
7893
7885
3165
9661
6447
9602
9108
1530
5328
8613
8741
3377
7011
9460
2637
2120
4386
9253
2745
9518
1913
2385
9831
6780
7802
4407
905
6796
8638
6262
8868
3339
8434
567
60
7639
910
3369
3525
8537
7907
8648
7855
5813
5126
7649
6118
9992
4193
8591
7675
3757
142
5156
1856
7610
8488
7302
3995
9662
7062
7294
8149
1185
6079
5920
8147
2487
1668
2275
2535
5044
6211
949
3958
7448
2619
4000
3797
6405
7535
1961
5119
9684
9907
6047
2109
275
443
4571
8385
1739
9383
1764
1821
8829
6498
3827
4443
2427
8124
3813
4704
2714
2222
5494
4432
7656
9427
6774
4981
2659
3526
3187
756
8132
3241
2932
2370
2566
5443
9041
5149
9312
2585
750
6288
9425
3393
3109
388
1823
3807
1675
3272
9637
7715
5957
8143
2097
1573
9240
966
1888
4907
4088
5710
9157
8049
3273
1314
7039
2386
3981
3812
8025
236
9477
4977
1764
2383
6164
4834
6584
8191
980
5686
6059
3406
739
89
6727
8596
3952
1347
1372
6496
2052
2234
2973
719
6375
921
717
2536
4390
515
4022
8044
3036
134
6889
7893
8364
7240
4264
6684
325
5582
2464
5826
7928
6304
7504
9399
9379
7302
4687
2407
837
2062
723
7917
8791
5231
9333
9107
8268
1125
2413
8290
6741
4083
2333
6836
9569
7762
9081
1717
1213
7073
439
1989
5076
570
8248
9429
8261
9325
1581
5753
4508
1260
8027
6659
5704
5387
1679
8633
5717
3508
2209
5012
6690
1618
7655
5512
2391
3023
2665
8706
8699
8569
8779
3626
7747
4339
3613
983
413
1836
4498
8407
5463
3412
1918
9310
2714
5185
6264
1197
1411
3024
2230
6175
1918
6896
9871
1343
6125
7923
8904
5058
689
3275
6976
5862
2579
1299
2904
8768
3749
3027
9231
8061
2466
2133
2231
6488
7576
5225
7971
3482
1755
213
8117
9749
941
7272
9896
8567
9587
7269
8142
4430
2102
1824
919
1964
5881
4883
4556
8401
4705
7984
633
676
9785
7748
7757
5403
5059
7525
4497
9373
7513
6696
146
6429
7662
9290
292
5175
2439
3238
6688
219
1913
5841
398
9339
1756
71
4115
9930
939
3643
440
9012
3926
4496
9390
3855
2894
8452
6483
5303
4391
3378
1951
8625
3559
6860
5653
6641
9087
999
1223
1221
5315
2973
73
9215
9186
1678
2786
9656
6199
8538
6415
239
180
4142
9122
6954
6367
2493
6770
1646
2266
2423
5856
6016
6526
2291
2812
8788
6310
6049
5610
823
5834
6295
4853
2994
4144
2768
145
2846
5606
2820
7924
2513
8235
8618
7128
1817
310
6749
3458
8583
5246
6954
5090
4977
2723
8765
350
788
5769
4780
6179
3682
5100
6248
5855
202
245
5098
4764
8689
974
1011
9835
5231
1392
4262
7705
3720
8901
7027
2655
5177
7846
6342
6558
685
1646
6177
1255
2386
6598
8402
7305
8228
6215
703
5241
4928
7326
1991
5755
8954
853
4566
5873
4856
4744
9612
9620
7369
1166
4111
2056
531
8930
4098
9289
6248
4017
6193
2834
960
782
4111
2224
2073
2549
1503
3058
2884
8815
9971
7213
6758
623
9156
6647
9432
7479
3493
5099
5191
9784
7933
8467
8087
7818
3252
2410
5946
6117
7750
3362
9830
2149
2729
8409
7274
998
7778
809
8349
7407
7430
5341
1584
7162
1966
831
4035
6355
1497
6636
7931
4318
1537
9409
8378
530
4269
9690
9973
7312
7832
9848
7586
9201
3300
36
4608
523
4336
9418
2017
5960
8601
7303
3697
552
6613
9699
8872
8188
6398
2553
4582
5505
144
9284
3137
4943
73
7952
2357
9344
1833
2929
7017
4393
7619
6269
8899
3575
5605
6552
6627
9305
9208
9855
4269
6692
261
343
8030
7006
1685
6365
6972
5639
3314
4588
6133
427
6151
7967
5658
8634
1317
2599
491
6667
9429
8408
7249
249
2208
3263
4865
9282
1815
824
1313
2544
4566
1993
4098
697
6993
5551
7171
617
7213
4443
9232
2098
3982
5701
900
4249
947
3308
8677
4182
6330
6229
9503
3144
5349
9576
6095
7343
3732
4344
2629
8691
7026
9157
8463
3665
1582
8618
5758
5345
5677
5972
7842
5661
4446
4951
1857
4294
1963
6350
6945
4406
6139
4761
6887
7757
6847
4266
5046
2948
5856
2553
6069
3731
4417
2283
6057
485
592
8335
9070
4102
6709
9627
7271
1466
8269
3760
9361
5374
9171
8970
7487
4148
7746
3162
168
7625
3885
3636
3669
9610
9211
9184
5661
5903
9537
4022
2602
5693
1609
4671
9127
3603
5952
613
7239
1587
4070
3942
3499
7192
9920
3112
2874
9445
6933
7101
7546
1031
4983
66
3404
5772
6608
5860
8744
8414
7990
4220
307
5210
6537
9654
4412
2424
4043
6748
3527
1840
1701
6308
300
7697
3835
6924
1015
4701
3402
8842
3372
8818
6341
7338
1175
6151
4896
630
41
8148
9654
9385
9236
3841
7103
5098
1204
6500
4853
2769
5018
8356
7781
1835
72
1222
2466
2266
1582
2204
7071
7271
8141
5677
6707
9147
8818
4384
665
4123
5866
1823
9485
4053
542
3892
1812
7272
1548
378
5027
7633
666
3637
4388
9395
9668
5025
9401
8027
9557
3582
4212
3146
8942
6849
9288
6726
277
580
1972
6416
6448
8772
2629
6327
2470
2488
6814
2103
1084
7328
940
9327
4171
3304
8021
1354
1990
6708
5415
2327
8166
6165
5821
4107
6588
8093
8710
2146
7567
7902
6912
1786
2715
4227
466
5726
1836
1175
3343
6741
6344
8814
1393
3523
9544
9439
4220
389
3678
7453
828
6827
1375
3739
9877
9309
4137
3601
7879
6817
1851
1852
2654
8520
3744
1733
2335
8162
6541
3719
4511
4462
4598
8524
5313
5673
4641
9237
1626
8866
245
2871
1615
7907
4024
7092
8708
7239
3059
8350
2943
2787
7167
2617
9650
5173
2953
7193
7306
7443
5370
3852
4996
1590
8032
7060
1569
1877
3657
6824
607
7597
5046
2597
3173
1151
3157
2623
2908
7102
1668
1154
2409
5773
4727
3408
3115
887
6391
3217
3986
7149
7352
307
6509
1481
9866
2005
3683
7753
2536
6184
1630
3673
7100
7378
631
2562
8218
37
2697
4031
7049
3613
926
2533
7547
8882
2364
4441
7703
9336
5616
2380
7284
9718
8066
6138
2852
2659
296
452
2302
5466
5029
289
7850
6148
5545
2566
2621
854
6310
6999
1116
7694
6339
9725
8408
1292
6138
552
4808
4387
1435
5464
3493
6178
4716
7869
3552
1495
1392
2839
410
8374
7046
4433
3573
1916
5149
534
7300
6537
3328
1329
4667
401
4650
4541
7378
7903
5810
7720
5294
8322
2836
9542
5159
4667
2051
8948
9051
8144
7681
5130
6919
5460
6272
9676
9957
8590
1046
1263
7677
852
5951
8213
3838
916
5895
5813
5901
5919
7475
9678
8656
8330
8876
1667
9126
9675
7479
1327
5781
1943
7390
8187
7806
9874
7480
3422
129
1347
7346
4073
7642
2754
2197
9069
9905
2860
6917
5893
5394
8072
5125
5679
932
3667
8566
1556
1707
2215
996
2924
6938
3019
2498
7746
7090
1908
9324
4128
8024
8256
560
7702
6950
9580
337
5484
5206
6021
8412
3971
2825
4519
7715
3154
8123
2333
9430
8508
963
7339
876
5007
1450
1075
8679
2348
1457
1324
8889
5330
3310
8171
1748
6535
999
9805
3360
4035
7630
9532
4931
1994
5676
1949
4781
4052
5434
8961
6674
1493
8440
9581
7539
6563
1974
6690
5650
2862
3693
7165
2703
8806
3284
9221
1365
408
2684
3801
8056
7333
534
4597
711
8401
1880
1545
2623
5836
9682
1090
4093
1886
7848
4432
9085
1874
4755
6966
1545
4437
8492
6741
8563
5705
5187
3510
9385
5095
3128
3765
3552
5263
4808
4340
9653
7563
6093
2040
7346
7748
2210
3905
3405
8131
178
8849
1678
7190
1921
170
124
7959
9277
9121
2685
9043
8951
5081
1200
7822
8379
6808
3469
2027
8220
8415
8115
4700
7399
9758
4932
9083
9803
4045
2638
880
6189
3998
614
6177
2008
4823
419
4575
740
6193
6136
2442
4834
2824
1952
8924
6918
3400
1451
8866
7033
6824
4968
1039
2093
4015
1558
2167
3988
313
4659
3408
2985
7104
5491
9623
3169
5236
9599
4181
2113
7638
702
4482
2159
2821
5936
7813
4502
3536
641
6696
3876
9912
7554
753
1778
1103
2161
816
8618
8108
7638
275
5838
4820
9731
4197
1236
4699
6947
6991
5686
6751
7173
7071
4404
8320
7225
5700
1865
7781
2590
2140
4772
7088
1901
6908
5220
5114
9817
2673
9974
8820
330
6395
6617
7019
3257
9480
4520
2778
5102
7664
8418
5881
3675
2427
1311
7264
3162
6280
7759
5674
4142
3773
6355
2588
6068
9487
4902
1996
3512
2069
4891
4669
5650
7068
7775
5898
1455
4117
6571
5249
9659
3993
769
4035
1918
4651
718
2700
5115
8365
3510
2996
2843
2891
9922
7323
8022
5294
2858
625
7575
2233
5050
922
2489
2692
8822
7974
7347
2166
6398
872
9466
1307
4717
6928
8048
8009
9951
2737
6767
5038
7086
5757
7065
4470
1969
378
2172
4765
9251
1998
774
5976
6806
5698
2560
949
4169
9170
8374
7914
8398
2943
9436
1853
6053
5576
2453
6509
1663
4254
8935
3456
7415
724
8974
7874
5040
5808
4127
2022
3830
4436
5208
4461
1928
9755
632
7728
6219
4893
4440
1103
9306
3351
3469
7551
9789
2
4554
9755
1694
2354
9793
2415
3514
6407
3612
8230
245
4087
7383
7592
1278
4036
6378
8320
7849
6177
4631
2088
9003
2739
7444
2781
6353
8641
5659
2
2105
3824
5373
9663
6063
8404
360
8492
7195
9000
1741
7425
4731
6749
4683
9931
1127
4692
2235
3945
4368
3709
4539
8206
7706
3493
3317
664
8691
5809
9570
1229
1675
4281
6143
1880
7647
7065
816
7547
6588
7152
768
5923
2066
4922
5869
7439
1588
5487
5130
7765
7216
6712
6571
9654
3556
5713
7540
7134
9223
7220
9922
893
2917
9720
2063
9180
4113
2508
2271
9502
7627
5011
6657
4879
220
941
1748
7942
5034
6588
6599
5614
2597
4175
5066
6978
1190
1618
8698
8420
2096
4492
9195
5225
426
5975
2549
2871
1143
1331
4738
1090
3128
7624
9553
8351
5971
3867
5940
8711
5347
3562
8047
1437
3869
6321
2737
5681
8715
5380
3699
7415
5386
1897
2674
6548
9778
3697
9380
7049
1186
388
7439
3806
9879
5576
7239
9551
4068
278
5636
3387
6805
6940
1016
5712
8949
9441
2503
2551
3432
6578
8256
2552
1001
107
1320
8977
5182
2226
6834
2967
2463
7083
7430
7560
809
6818
27
5935
3823
4195
846
2451
2769
7919
659
2532
2276
2416
5831
101
2666
7339
3335
9975
1290
8609
4684
5648
1192
6833
4662
7930
5900
4048
8162
6413
3041
5074
3225
8918
5507
4449
1697
8521
8088
4550
6524
9004
960
7219
3970
1660
1524
6184
6351
3194
9079
6729
3446
7766
5682
8095
5360
2525
6119
4628
9803
8160
3614
761
8276
173
6519
9944
5785
8549
152
6055
3709
3935
8708
8648
4653
9705
2171
5303
5199
8560
4669
277
364
1359
6896
5501
4303
1895
7288
8290
2062
8414
2421
2795
2451
9599
945
3136
9966
1050
5986
9752
8866
8200
7953
4009
7157
2283
7686
7229
8182
3312
8288
582
5151
6098
9283
1412
4369
3999
4066
1255
8181
949
5987
1011
4341
2325
4632
9169
7837
6596
2765
6176
6572
6209
5750
5487
4358
5597
7146
1489
8148
4856
9766
1500
834
3602
941
2306
4851
6179
8775
1439
457
2493
1708
5953
2691
6168
6042
1426
1214
3023
6576
5470
8907
3873
9404
9559
2446
3281
2997
9424
3484
1797
8651
4400
3776
3806
2105
8361
5741
4775
7993
9945
1346
1789
8573
6185
3641
4407
7533
870
2951
3723
9050
9565
1272
6082
1882
7264
7089
2093
4529
1631
1877
5943
9195
1254
2529
3746
7174
1203
8073
6484
9114
6799
2532
5490
4174
1988
4914
7298
1934
5101
927
8955
3583
2160
8412
1567
5526
3947
571
8924
450
6098
5839
1182
8156
308
2843
5835
4324
6707
5062
2152
2741
4501
4691
6325
6350
2915
6419
4195
7792
8341
5895
2341
9192
6466
2911
5686
1390
9610
5157
9888
4048
5255
5897
7537
3250
8184
3689
6574
5814
7947
6564
1285
517
4216
2641
9642
8487
3027
1238
9623
5075
3716
478
4899
5244
2422
1925
6627
3881
6075
8406
1823
5156
9215
5304
513
9191
3408
5647
622
8261
9124
2248
1804
9681
9146
2461
6725
7302
4735
9751
2377
3912
1593
2242
6745
2573
4676
8789
5610
9464
3993
6406
5220
2218
605
3334
6922
1696
7909
2710
162
2539
6420
9702
8579
4689
942
5367
3879
8993
3694
2630
7479
5220
2685
3784
6558
7733
971
2667
9973
3909
2486
3461
9284
2613
8413
9323
5080
9346
7907
2481
3081
1415
6625
8995
3356
1736
7328
9557
5526
549
9586
1575
393
9317
2319
8300
5759
6009
295
8248
5637
3067
9875
4107
137
3944
9184
6537
481
4168
932
1880
1113
6091
3620
4996
3930
5680
2573
5731
9341
7861
2680
2241
3681
9623
5988
8659
9454
6857
5593
9168
4845
6503
5501
7927
2259
948
659
4852
3577
722
8870
4670
5601
7655
9101
4790
1946
942
1780
3943
4277
4662
2851
3166
8561
6492
7318
1575
462
5063
371
8864
9825
3149
3072
3231
6254
1139
9670
5589
2274
6342
8673
9067
2835
3086
2503
4589
2868
3494
7669
3917
9168
6709
6511
8346
9720
2934
5503
709
3484
9479
5655
6406
1270
5246
6739
1110
49
1406
7196
8303
3549
2243
9934
928
1616
2422
450
1346
5907
8645
167
4138
7079
5370
1113
2502
5480
3923
1051
2009
5669
2329
3778
8063
9678
245
22
1893
6078
8947
2890
883
2411
6926
7705
8315
4181
5129
4042
4439
7203
5921
6157
9966
5382
3692
1629
7210
4874
4055
8371
6837
2196
944
7383
789
302
4399
9167
8456
9954
8163
9629
259
86
5766
253
9340
3060
341
486
2283
8875
3037
8059
9586
5042
5649
3930
7282
6123
9432
2136
4771
9472
7772
7656
5788
4494
9997
7134
6852
4827
6903
9681
6541
5736
855
4663
6511
4704
2784
6649
1971
8435
2072
4484
8945
2986
1517
4383
3927
6909
3729
107
9739
7764
4222
3594
8791
1343
7250
1037
2984
3742
5916
1037
2899
1205
5200
7690
6926
3671
5348
5973
7554
1317
3292
8727
6889
6115
2522
4017
4934
9788
9818
7350
6234
7600
7862
6602
2090
8049
9441
852
5908
1340
7235
206
9333
9926
9651
2978
7851
747
7901
8276
7909
4675
9011
8151
6221
3264
4142
4268
4711
8969
5515
673
7272
2531
9405
4047
2455
7322
541
3820
892
646
2322
8711
1239
7269
2388
3063
7811
18
7655
5786
4685
5141
1724
5637
7369
9821
4993
2009
5121
1327
3482
1480
5896
3781
8154
189
8970
7502
2607
6535
262
4620
9332
7259
7697
1264
2696
6286
4043
880
5443
6999
2831
6944
5326
4352
6304
2620
9285
4520
8170
8418
766
5899
6936
9706
6771
1014
9385
7155
9713
8038
9482
194
4290
6577
4996
1879
4321
3381
7858
1251
4012
6208
2188
6332
4438
4020
9482
5206
7937
6251
7633
7995
7265
8223
4836
4256
275
6254
8723
7469
7444
267
3861
7927
6204
4349
1544
4210
5313
1427
9717
1220
2567
6830
3422
6782
3786
6590
4560
2199
8469
7419
1451
9971
1653
4694
5106
2170
5661
9137
9668
3633
599
6701
8091
6915
3329
4083
4649
5575
4065
7301
5220
6478
2765
5331
8202
7312
2038
7268
8880
5180
7881
6284
4166
7094
7199
7534
9985
2159
8174
2109
3324
7670
5233
1546
7193
4473
2134
507
9074
9733
4589
4186
513
7305
5700
3674
9000
8656
3860
3770
689
8828
4878
9160
7409
1727
8651
4791
7075
8146
311
61
2427
8935
1951
4818
8505
8139
8042
5148
3138
2491
6380
3388
5064
7025
5546
6830
1130
9049
5334
8499
9329
5572
3355
8979
1606
762
7304
8087
1124
9332
989
37
2997
9808
3625
6825
8511
2774
4208
4499
3255
8538
9247
3826
4715
4622
6606
4287
5374
5067
6926
4517
7008
8655
505
8087
1409
2729
2628
8975
6350
323
8776
1027
7886
4311
1701
7711
6315
6522
509
9574
3636
6722
3715
628
7466
7709
1754
4974
653
4036
3845
9098
552
2993
1874
184
5415
5058
9976
8152
9025
7830
4185
3663
888
1524
4959
4910
5426
7299
3751
7732
7141
1741
6833
6424
8154
4216
2704
517
5718
272
9791
3502
7951
8836
318
2911
5955
6978
3440
8977
4997
6644
2741
6237
3321
5097
2676
9065
5094
773
6118
7859
3017
2823
306
8339
8784
647
9508
6129
8394
1990
7786
1599
3422
2879
64
4140
5856
3512
4809
9795
8173
6293
7465
848
5219
2722
3370
976
6262
2849
912
5843
8520
3689
9154
7793
4668
1715
3857
9106
7182
7497
2612
5373
2119
2379
3454
3461
9806
4883
6803
6217
3295
4658
8983
7542
3027
3563
732
7807
1910
1317
5203
2590
9983
264
5980
3869
953
9033
9495
7664
7453
8470
8519
5650
8029
7182
3228
8743
4269
6948
2227
8041
7425
5647
763
770
333
8184
2638
8264
9365
1120
9194
6453
6272
1285
642
5765
544
7438
6480
5251
8191
4426
4105
5672
5934
15
520
5606
8002
6473
5768
6567
2529
7457
8383
4827
671
434
7304
5822
8951
4531
6815
4659
7548
8570
4221
4727
7126
6040
3133
2572
7814
4308
1631
1808
7832
2201
1960
4437
5421
3368
8575
3822
3218
6556
3296
1251
877
9354
7299
3183
8534
4916
7660
3109
1588
8003
8333
9470
3920
4819
5738
9820
5466
8713
5127
6851
9664
347
487
7957
8447
4602
8801
9735
6224
3685
2492
1742
1303
5346
8907
1037
3922
5833
1985
2119
8006
3158
1700
9258
6969
9884
5155
9717
7434
6831
6893
3414
2527
9836
804
7157
4472
8339
3742
3942
2838
5786
8839
3243
6500
2805
2078
5049
9179
3467
4405
9189
8594
815
1180
6617
7119
2426
6844
9893
1226
1480
3252
3364
9165
594
8521
6729
2228
2286
3218
6506
7164
7487
8230
9484
8089
6327
2349
2368
3157
7798
2268
1981
4654
6294
8025
6194
4977
1672
2406
8548
759
4435
555
3689
8100
5971
9437
6953
1719
963
2728
1126
6276
6177
5548
2723
6996
8583
85
5031
6651
1640
4422
9070
9327
1564
1731
8003
496
3476
4505
5997
1661
3342
8203
6144
5504
3857
3659
1458
4039
1822
1470
3966
3573
9089
6955
4056
5180
8433
6801
7606
4224
9364
4714
3715
1217
9777
3345
2660
7956
8201
4893
5313
5333
8306
7074
8983
3636
8566
9205
4098
2405
2832
5280
9793
5842
8824
8129
9510
1922
7532
8872
861
8605
6354
9311
9435
3854
8969
4750
9707
3730
768
7585
1519
878
2331
2857
2963
7618
5665
8538
3410
6466
3316
6360
555
6094
578
1410
9714
8622
7927
7135
3376
4407
7904
4413
3043
6617
4009
189
1102
4841
5495
94
9244
3130
8080
6119
2786
7150
1933
6463
6207
2226
5234
229
2188
8282
7088
6913
6463
7911
344
1659
8467
6759
434
8440
2554
2306
1751
407
1
9877
3267
5588
4212
2661
312
8821
6340
3771
8835
7642
3764
9441
3240
6806
5148
3564
5346
720
5996
1062
2524
6414
2797
3332
5836
9207
9270
7994
1120
1420
6185
8387
5037
8721
9619
1365
6171
6673
1559
9045
2268
7886
3744
2033
5510
6699
4777
9362
6312
3017
5935
8795
2386
1298
8608
2039
8251
9171
2272
9374
1950
8192
1070
6497
4286
7997
6367
3352
9793
1516
9768
3161
9761
2463
3743
3532
312
6508
8002
166
7956
2610
9632
4820
5868
9602
4620
6802
8674
51
5562
1729
2482
5032
3479
7094
1820
9334
393
9476
1485
1710
5296
9469
4391
7411
2801
1705
2655
5109
2913
7143
8808
2286
4570
5549
5464
4587
3669
6671
1638
5608
2659
8105
1019
8764
8571
2178
1575
6800
6877
3684
2173
5465
961
1836
7209
445
8902
3771
8188
5022
539
4670
186
1895
2644
4338
9029
6422
5036
972
5955
9830
3256
6633
7955
8362
5449
5664
7925
8099
7399
564
6629
7510
2952
3011
5622
692
5846
6051
1638
8127
8511
6750
5146
5965
3918
4264
9557
7401
4189
8292
2649
7551
9472
9209
368
9882
1147
9546
1143
3117
1186
3477
429
3982
446
7191
9044
9953
917
3972
740
6337
5866
7163
2993
5585
3703
4934
8824
884
2588
2425
6424
7871
1089
4597
9582
3401
5339
7625
3870
6966
1441
3313
8881
4323
2011
1123
3013
638
2933
9334
3997
2677
6604
667
6310
6657
501
3935
3840
4841
6130
1220
2351
4941
1673
4492
5859
1188
4983
1780
8466
2489
4803
72
3004
9885
7586
5390
5483
7787
8723
3361
1683
5766
2929
6516
5843
5652
7671
1384
8811
7893
6286
1116
7109
39
6736
1059
2386
3928
4134
1863
6610
6465
3755
5508
1466
3429
5325
4891
4732
1433
9507
3121
4332
3784
979
2158
7171
2002
9866
2636
6769
9626
938
8511
6017
8174
6155
1544
9074
1020
1847
8657
9441
5445
8167
5685
7986
1581
7354
1751
7985
6798
752
5863
7217
5036
5669
794
8660
7316
6440
4713
9649
4621
4707
2772
5881
5336
1381
5774
426
4299
9303
4804
9974
6097
725
6492
7810
2037
2082
6084
2238
5192
7204
3614
7086
1792
5781
7097
9346
9103
3309
9270
8049
2921
18
2689
6428
1510
3758
8825
8985
878
1866
9710
5911
519
7729
6952
6206
4806
1765
7931
8357
6270
3647
6831
81
1061
5259
2136
503
6760
2205
9625
6461
8185
5879
1464
3849
5747
6480
866
9813
6925
6356
1834
4766
4133
9839
8696
6204
1730
3713
8220
1523
3707
9005
1536
391
2599
4238
5965
6694
6574
9954
6245
6404
8800
7233
9312
4344
6775
8833
1872
2553
3566
9950
2681
8079
6157
2218
6968
3889
5756
7082
1076
9685
6757
9588
3395
459
6046
6248
7829
9643
1780
3816
3430
9644
3071
54
6190
3720
952
1271
8312
2974
6866
4787
5074
4727
4162
7425
2900
3206
8082
7394
587
5119
8044
5636
9843
7248
3744
9799
4972
9877
9108
3819
2875
4420
1921
2780
9402
2208
2162
2190
2470
2135
6613
9789
6526
5172
6035
4
5165
1127
7007
2656
5840
5927
2733
4347
2211
2071
7378
9647
2666
8649
221
8265
2836
3643
2923
2187
3600
3394
1746
6896
5885
3863
119
9466
9860
8469
2075
8815
4907
6490
491
3187
3626
1255
5575
7122
228
3350
424
9664
7384
8843
2252
5658
9188
4860
6648
5973
432
8836
8557
4260
5670
979
807
8073
700
3207
202
2063
8756
2952
6253
7173
6986
171
6086
9390
6145
5968
3359
4744
7396
6499
7072
4010
1408
5831
9315
6901
9634
6701
5489
4456
8340
3073
1502
8536
6122
6331
2889
5567
1924
744
5223
7639
150
8987
7707
7413
8887
6660
4509
1367
5536
1679
1732
9130
9190
6854
9062
1986
8281
2954
3384
6481
6947
8117
6666
7616
1081
3257
601
9953
650
7751
2612
2341
2826
6695
7980
790
3213
7573
7697
1448
5865
3481
9157
7215
9035
7533
5998
3533
9757
9145
1448
508
4955
4897
5190
9340
3988
2036
8551
8388
6829
9188
2329
2760
440
686
4797
5266
2996
4509
2281
4650
9742
7884
8510
7959
5362
5023
9360
692
9206
2034
5001
8125
4606
1543
1698
2254
7764
282
9433
1163
7236
1659
888
6131
8512
9464
6233
6616
6884
7373
1776
2099
4780
1580
9466
1157
9365
7477
1380
2914
1083
128
1778
932
8274
9659
5812
1786
7616
6066
6168
382
7153
1486
9365
8098
8954
2975
8663
7664
969
1012
841
1214
420
7503
1500
6015
7544
7855
8889
2172
5494
983
8075
5458
5355
4292
377
72
1970
5895
8480
3231
2762
4426
2687
5149
9272
3451
3501
3971
6855
647
34
7672
9110
253
9255
7545
1702
1626
8564
2996
2672
4675
9244
2088
2030
1644
822
7383
135
8623
6478
3699
5945
8054
8333
6908
4240
9523
6967
814
206
3167
3411
214
3608
4582
4829
8622
5935
2766
6534
2258
8072
2425
4353
8127
3320
2196
1377
8775
2176
658
7186
6921
2911
8170
1920
7115
2886
1789
2434
6185
6858
87
3072
4262
6822
6922
3666
4896
9206
6970
2294
8781
6816
5334
3088
3585
2210
2059
9839
9191
2987
828
8059
6851
139
8579
4649
3340
9136
9867
4428
9729
2191
552
7548
664
5433
4425
6333
3060
8786
5766
4877
6234
5438
4928
2790
180
1292
4713
98
3967
197
8416
7544
685
6160
4737
30
2829
1997
360
7769
6004
81
7095
3421
8560
5468
7371
5375
2953
4861
1573
6504
8184
8764
922
6165
672
6024
7441
1748
812
6417
1047
2632
1079
4068
5505
2001
8022
4360
7519
6982
132
3002
4486
9633
7301
9275
3979
9953
3833
56
7705
5672
1589
6431
5882
9812
2602
5068
7714
434
5513
5655
8930
4921
3370
781
9460
5630
3521
5762
9060
3369
1127
6997
8242
3920
2871
2299
3986
148
7206
476
1657
220
2645
4438
6327
8385
2312
8457
2131
3507
6250
6293
7879
4662
8074
4039
2511
3352
364
2222
3807
2181
7220
7496
8372
8830
7566
574
1395
8027
1811
9630
2298
6960
7160
5922
5047
7041
1587
8525
3859
7215
4368
4934
9403
8935
3351
5791
3205
8828
6368
2854
8062
6326
8511
7912
6329
8613
2813
8140
3827
7371
2864
3130
521
8203
898
8635
3798
4758
9244
267
5771
7967
8248
4093
8845
7615
1790
8965
9209
3903
2324
7571
652
5652
3671
604
9908
8159
2962
2163
2141
5274
5862
7666
8369
2572
1988
9610
3724
8348
7827
4593
2369
3067
1615
4465
1435
80
1486
3831
3128
653
5854
8241
6598
6243
2319
8498
229
1782
6063
5344
5191
6119
3380
9329
1859
6246
4415
2555
2005
6899
3886
9592
3130
7594
9765
231
5424
3884
6602
7033
2694
5759
5267
9159
6378
6930
5532
521
2029
588
357
9253
164
3429
3923
1028
2271
1920
9133
7203
4141
534
4439
3466
1749
4041
9352
3072
8219
5966
2041
7946
7165
2562
924
8184
3126
1163
1370
9210
6240
5881
2839
1232
6352
2405
7358
8048
8117
755
8107
6815
5410
9731
1328
2141
1286
669
8582
552
7951
3022
3761
3078
546
1391
5343
9572
3916
6607
7336
1013
4302
2040
6134
7762
4551
8183
9316
6676
5782
1315
3879
228
6265
6187
1881
2287
1812
7424
8196
3032
8924
9115
3208
4681
6521
8431
4608
5953
5346
6012
2848
9990
6885
2616
3124
6579
8594
9383
886
651
1829
7872
5490
2205
4360
2211
4622
6991
9571
8801
6783
8460
8442
8503
8698
7245
2062
2720
3950
2480
7136
3165
7318
5104
5154
8019
9475
715
4540
7460
7345
4266
3529
6120
5043
8236
6658
2835
4589
4818
6324
3101
5349
2195
9344
6653
6028
2824
3625
5560
3609
4094
4852
4942
5557
5845
8459
4055
3514
775
2978
8958
4954
2646
5948
2162
5935
427
1157
141
334
9700
2823
2198
6372
4284
8076
4954
9684
7396
6029
3970
3171
5248
6710
4762
1282
2226
260
7199
4140
3700
5032
5409
3769
5402
9403
2181
7570
4933
4440
7035
564
5822
1153
1461
6727
1885
2189
7688
6870
1628
8588
8773
8144
7537
2888
7745
3940
608
2794
7228
5668
6851
6892
9311
9122
3562
7187
6378
8112
7940
6835
8160
4450
1736
4044
4734
3576
5316
7360
6946
5307
4566
8120
995
4390
3574
2923
9271
2605
4077
9183
8768
8067
2555
9929
7197
2809
9610
8276
1225
2367
8141
6325
7205
9746
806
4009
2697
3913
1884
9674
3171
3373
7405
9620
8494
4516
4162
2275
7740
9038
885
5348
4810
5651
5975
3789
1509
1333
3060
7668
53
452
7050
422
756
1463
7869
7901
4319
6575
5130
2631
2287
5360
6303
8860
7227
6489
5338
6801
3503
4796
5764
1950
486
1790
3762
7129
3560
6519
8852
5102
8821
3419
8220
9974
6511
6929
8855
5144
2951
2480
8840
2575
5232
6397
5518
6700
7810
8505
8159
7924
3590
6599
2201
9796
1873
5474
949
8552
1396
4156
7400
8913
7722
8028
2976
8814
9791
1395
8176
8450
948
5466
6371
6531
5116
7204
3662
1264
5959
9858
8607
5865
8124
6613
605
3528
2137
3044
7344
3842
7222
1825
1565
8223
1053
69
6995
123
1588
4053
1642
5864
5180
9495
1730
4060
7240
7072
1780
1725
1871
605
8902
220
3125
9539
3145
3198
1501
8081
2912
9932
5637
5884
3354
9786
978
6914
143
5636
524
1435
6676
2632
4547
7710
4116
644
8643
9280
1507
5634
2162
2357
2085
7428
6077
7099
681
5054
8005
5949
985
3485
8858
825
6465
2006
2742
2591
6606
647
2557
5728
9038
5067
6002
4124
1739
4287
6669
429
3533
7850
167
6877
1032
6
3182
4313
2349
4910
9972
9631
2642
8742
1191
7137
4904
562
8563
2894
457
937
8706
9430
8398
3976
9872
7010
522
4500
2523
692
667
1708
7220
105
5824
8217
257
7436
186
399
1040
8426
3457
8751
1122
2293
5246
6746
9295
2069
3736
6991
2090
9410
6573
328
1709
5143
5417
380
4771
2148
3720
2050
6640
4035
9383
1172
6280
8160
401
2012
8356
9600
2109
2946
2658
2053
2283
557
7014
7296
7264
1405
3743
3211
8723
4300
8061
5061
756
8255
3108
1552
8265
894
6624
7578
3367
3929
2967
3668
8715
1188
2085
9601
8521
709
9907
4840
7270
2959
4363
861
4511
9645
5184
700
6738
8993
1859
2726
3837
9592
4347
6577
6006
9453
1924
1607
7918
6278
2947
7870
1035
6288
3505
5947
6342
6603
3103
1593
295
7602
3589
71
258
1608
5859
1194
8078
6466
9705
2112
2289
9040
8742
7682
690
6566
6463
5703
9078
7039
8214
1513
3320
4347
6116
8175
173
1579
1753
990
5825
872
7879
1897
9005
9901
3430
4571
1263
5774
941
8459
6819
1522
2453
4335
8645
5671
6061
7398
704
0
2729
9102
6753
6975
9288
9439
3519
4441
1363
674
1659
515
6156
4153
7179
938
7186
9404
1728
9601
7404
9265
7868
1832
6216
4654
8879
9130
9502
8893
1156
5206
2489
3957
8824
964
9939
5150
9705
3175
4529
3347
3453
6091
9741
929
2436
2516
3481
9019
7838
7215
2883
2203
6366
1326
2622
178
9261
3581
197
4752
3602
8856
7509
3961
8198
2697
1286
5372
3444
6636
5459
3116
9805
1982
4868
984
9402
1333
4101
9171
9063
4588
614
8705
6706
7666
398
7644
3311
5339
9369
2355
3607
8966
6189
9852
1499
8335
4763
8920
283
457
5849
6653
9562
8610
8634
6698
354
3875
1860
2107
7529
8608
7819
935
6017
4376
9363
1654
1711
2802
2455
6263
2431
7752
490
847
681
2617
2042
3917
2055
9213
760
6115
8352
4024
2747
3196
5345
6326
5244
1899
8776
2282
9010
4528
1277
9870
3281
3209
8950
171
7029
8936
6767
1724
8351
8817
9818
9369
4406
1207
8434
4058
2198
2566
9125
8528
1347
9628
5397
6248
2572
9852
7455
3278
2775
8237
6167
4141
3692
7281
1881
3194
8334
681
8897
6423
1559
739
5254
3547
6996
3362
6811
2077
8297
1801
5424
5960
299
7646
7849
1168
2498
7157
356
9802
7300
9021
218
8147
3790
3242
9455
1051
6592
3809
1790
7296
4564
6757
6778
7878
1522
1350
1727
9859
5089
8338
6873
782
3518
2780
5550
7152
3743
2670
6555
1971
6400
3695
5560
3029
1281
975
4919
5780
4484
9252
3339
2533
127
6975
3353
8910
579
1648
4053
80
7266
2751
5134
6854
303
5434
4532
2506
7956
5148
2172
7611
7170
7467
2589
602
6708
5473
3134
8685
4798
7812
8750
2315
5053
3252
2003
5270
3882
4942
8332
6012
116
6266
8079
4315
2180
5844
5432
7320
2286
8275
6235
3701
2141
721
6287
1706
5975
5491
6311
8322
8103
6598
5321
290
2480
1144
5183
5164
3112
7284
2285
8705
2002
6151
7675
5454
4882
5159
4500
7580
6372
7506
1699
1725
3836
8086
1440
6814
685
6835
722
4741
9791
8015
