7610
7508
7312
4719
5935
3819
8448
1129
2794
380
709
5764
9783
1294
4700
6415
5745
8512
3182
4175
7121
756
9683
9356
6157
4690
5159
4483
9472
8701
2219
9677
2193
6474
1401
7254
4243
6719
8827
3098
9780
8478
7986
3873
9524
565
9792
2242
574
6239
4843
8848
7641
6624
524
9188
8927
6722
4056
8099
2761
8217
2351
1588
3430
737
3352
7393
3673
687
7752
6628
5948
3554
3430
3631
6733
9192
8560
2043
7035
6147
6773
1887
2091
7199
2968
504
4369
9129
5800
495
4172
1851
6074
3127
3839
1504
600
1943
5546
756
8196
6608
5059
2662
9080
4441
9437
8412
8515
5831
1776
9359
6731
7317
9771
9889
9144
5659
1967
153
8116
7020
6633
9851
6660
5449
6876
9114
3432
8384
7407
6368
2861
6108
8883
7034
1573
117
4842
1455
1461
869
5417
6285
4928
4309
3577
8892
1717
7866
9422
9645
3941
4478
3233
9497
3392
1415
4211
1046
8884
9740
510
5089
5671
4732
9413
6900
652
6399
4670
5772
6695
1972
7442
4315
8637
5004
2682
2099
531
4527
45
7278
5468
5640
5891
1480
1297
8630
8909
3634
61
156
5927
4578
7597
2214
4598
6198
5053
751
2015
9907
1820
2984
6824
4972
9151
381
8190
9597
9360
8914
9715
9819
7271
5378
2558
8002
7266
5709
2515
2604
4659
9461
7361
7915
737
4305
9574
8173
6859
6182
2937
2027
3602
8734
6550
8503
9870
2216
8023
3390
7530
1187
5686
7987
7367
2335
1220
7263
8054
4473
2265
7133
3379
1509
1287
2919
5217
2020
5088
7021
465
9175
7449
2296
9296
7513
3175
7336
8478
9933
3001
322
7664
9877
8247
1996
9709
4485
3742
5597
7238
4724
1380
1865
623
8827
8796
4036
1791
3121
9221
1793
6105
6454
5447
4572
3139
2794
6823
8582
8836
733
9352
7418
5740
3374
3988
2368
1474
4430
262
2394
6179
1516
9349
7023
7834
7249
164
983
8613
4315
7902
797
9136
1163
3650
4490
5800
2315
7411
1878
4545
8885
106
869
2118
1022
6318
8481
4153
9162
2393
1520
9614
9467
4266
8615
4115
2469
6570
4889
7997
6458
8185
6285
7136
9866
4197
2829
389
1632
1048
5769
3112
9735
9837
9303
4506
6544
8217
3595
4453
8891
9099
6314
4008
4504
6551
2547
400
1591
7030
8852
4883
3457
8736
4464
3464
1440
6776
9955
8230
6591
6464
9581
604
7796
9365
257
9479
7763
2379
1129
3376
7309
131
2388
5865
951
3274
3596
6142
5568
2129
4171
7374
4331
3983
7957
8393
2731
9133
5854
9970
1616
6438
3503
4477
2398
7191
9602
4865
8365
3430
7022
6217
6606
5860
4008
1056
1312
7153
4734
2017
1471
6210
5090
6997
2334
9580
9927
4605
4885
8982
880
354
2843
6583
2799
6300
1084
5814
9846
3869
3036
1564
3672
1010
1847
4194
2331
1199
2873
5214
4569
9492
7173
6141
5841
7111
1673
2263
9753
100
1889
6373
8906
7687
4840
8069
1311
310
7458
3497
3983
7036
2277
1587
1740
8971
3047
2486
9633
6887
5681
6555
1696
9349
7701
110
2503
4911
7994
6294
9199
283
7143
3586
8223
5242
9512
236
2839
9967
3965
3336
4216
8287
2668
4846
9564
8561
3018
4409
8784
2937
9370
2508
3869
5155
7757
4357
9778
3642
7163
8148
5055
9925
3376
384
1104
5003
2948
8505
1438
8143
3824
3721
1233
2801
4648
9909
6290
4315
8322
859
1654
6087
3167
7555
6520
9255
3957
9235
2401
83
7260
1746
9835
3835
1370
271
7431
3617
1919
2141
7477
313
1008
9310
8870
7561
3949
1607
2403
3975
659
1118
5360
5102
4234
1369
2403
8919
3333
7416
4677
8573
6241
3198
7139
418
3457
4112
1029
5014
548
8076
4540
6246
3994
5466
5253
3695
6412
8783
6328
860
8587
4774
1301
5527
1536
5225
689
6576
6157
5774
4710
8607
7704
4410
7413
8837
4899
9742
2982
786
3370
3484
4049
5213
3495
7420
3169
1658
9867
6365
7373
7191
833
8861
6831
5613
1822
2120
612
8531
2707
256
9502
496
7347
2429
4139
2294
3804
7645
2330
8623
7174
2405
4288
555
6655
2871
9667
5093
7374
9856
6472
6185
4546
6626
5791
2930
9932
8075
8975
9156
6435
1099
3035
3542
2846
3586
1165
756
6679
6755
1151
2644
9189
9598
7445
8151
4138
2351
8554
7293
1934
2665
1300
5569
1136
486
6365
9012
8199
6543
6022
6815
5825
2362
4340
5384
3705
5417
2130
768
4808
473
9384
729
8548
331
8225
2599
1303
7131
2248
438
7619
2192
7495
6696
8720
4724
1733
3456
5861
5017
9348
5847
5676
5798
5121
4335
6394
8780
2627
3645
5997
6070
8518
9081
1386
7806
420
7159
2339
1546
8350
4030
6623
5888
2291
2934
9394
2092
466
3418
107
7486
437
2087
3853
148
4862
2778
4338
756
6189
5855
3890
6276
6695
5331
6884
1608
5581
1200
5554
4187
2580
5153
6926
4516
475
4146
2916
6481
2196
3967
6485
2076
186
7434
2821
303
6242
6002
3128
5439
9736
5342
2874
6989
3858
4040
3359
6173
3929
3912
1102
4311
6398
6437
5418
601
6814
8076
1709
2469
5320
7433
583
1614
5945
2591
869
504
5666
2517
9192
4998
4670
9886
2161
7359
4451
9368
6568
6419
7834
444
4076
3600
7204
3513
7211
1497
4854
5457
49
4460
797
5333
4909
6733
3617
9554
9040
8352
7243
3998
1496
203
8549
5023
8910
4261
7444
4084
4881
6351
7527
7845
264
534
6961
3573
6757
4921
1015
4231
4345
6864
7759
3485
5402
8216
3158
4680
673
9865
7866
7394
1393
8241
1666
9157
6261
758
3303
5506
165
4087
1542
8470
7811
7145
2007
5367
5953
5028
9826
9185
9965
4852
7484
8767
3386
8441
7107
3099
5945
395
6508
3751
3773
6326
3185
4962
2187
214
6575
5487
4672
8316
8468
8796
4124
8117
8654
9631
8283
8359
5318
6372
3252
9581
3059
7663
5773
9244
1183
2770
9075
5786
4474
3868
3170
4653
216
6887
2292
6391
2434
6841
1966
5947
5950
4601
3263
8905
1052
2967
2338
4042
7332
9008
572
4669
2862
5310
5232
9204
9055
6266
6053
2461
4876
3430
4745
6254
944
3530
1079
2752
6868
3381
7028
7012
8810
4957
124
8983
3092
3465
2040
2913
981
4660
2415
7531
3590
9470
7703
588
3986
15
7627
2730
7197
5066
2244
6106
6151
9577
3691
4744
2784
1777
8686
6808
4335
6611
4877
4719
9019
2542
2947
4233
1097
2353
3796
5592
9937
7509
5762
6912
3972
6058
1423
9453
7658
7226
5677
12
1883
1117
7305
5991
4312
3245
2091
5197
9951
2197
7958
1137
8406
9097
5852
7722
1264
9226
4231
1922
3443
2555
1376
25
6541
8112
4554
648
7139
2355
277
8413
732
2162
2720
6776
2352
7747
9229
8609
570
284
5846
3978
1584
8646
6668
5109
8517
7451
4235
3149
3012
426
2927
3150
4906
4604
4157
5432
6637
3969
340
2062
8700
405
9449
2690
1875
2889
6221
6159
2218
5355
5483
5042
1567
6061
6341
6774
7349
8492
9531
3386
1242
8311
9573
5464
2181
2371
8167
9691
9179
1214
2444
4230
349
5093
917
6259
9777
9371
3773
4098
6757
5388
1245
8876
7455
9920
1463
6588
1329
795
666
7571
457
1526
52
2904
6970
2574
121
8512
7555
7829
4343
502
7869
7416
2018
7917
9695
3243
2650
849
8083
3764
7569
2977
1739
2880
2639
5220
6436
5846
6107
654
2617
598
6780
6553
1514
2135
3933
3893
4198
6293
9700
1456
9200
9310
6296
5028
4959
2852
3739
8226
8969
2897
684
4134
9827
2175
9466
2209
8476
7079
3577
4771
219
6095
44
5487
5391
2317
255
8377
7878
2085
3392
4340
2734
59
9649
111
4083
7161
418
6600
3261
1220
2142
5247
9873
2763
9177
8766
5692
6216
874
552
1916
3615
1222
4146
5545
2973
932
875
4576
8060
7060
25
5996
7906
5379
7242
6655
9696
4813
4238
5394
4285
8314
6202
3123
7428
9657
3399
8185
5675
22
877
9193
1360
9457
2548
8553
9175
496
8338
7541
4825
2872
8012
556
5387
8404
971
4257
6054
7356
3483
4053
3300
8559
1562
3041
6536
7833
9817
4352
1672
8871
8202
1216
3969
6360
8145
1453
6354
502
7873
2582
5863
5873
8729
1691
3088
6008
1326
1472
2474
4240
5249
7182
1599
6641
3638
8540
448
1222
601
5887
8839
1193
7570
1840
4878
3181
6576
7675
6683
6635
2288
4894
9758
276
3095
1747
6612
5300
8873
9305
8909
4588
654
8212
3048
4934
4203
9831
2227
5990
956
987
6821
6874
5409
1171
3170
5094
2457
860
2005
9227
1288
5514
434
3881
3314
5922
8139
7162
5116
2056
3344
4141
3094
5997
518
100
5719
6461
9277
1769
7170
3646
9628
3347
78
7328
781
7452
7567
1132
4244
647
8651
4721
6114
8479
8566
4175
1867
2553
9494
1013
6884
831
6615
9559
9734
1750
3017
8125
609
4224
68
8383
38
1520
5547
2284
8392
4983
384
8478
9857
6898
6122
2134
4724
2057
4950
2805
2525
5448
1378
6117
9060
9836
591
6691
725
6248
9990
2564
3019
2273
6694
7191
6813
4643
9136
7006
8789
2057
8444
9277
1529
6529
1309
7459
5005
7580
98
3432
3800
7399
3819
4690
8287
390
3250
9753
6292
5252
7201
4335
794
8188
3997
1990
1743
9557
1268
5864
8010
5781
9222
2025
7259
9636
6427
7003
9640
1281
786
9942
6621
6107
1227
9748
9239
1347
6641
2978
6637
2990
3018
2165
3837
779
8301
1347
8943
1356
4176
308
3731
9815
9503
274
3147
9914
569
298
1174
4562
5433
5493
8548
1289
7721
97
5106
7043
8594
2676
8393
1461
3224
1890
2958
2735
5008
5581
5168
526
9248
9833
9198
4852
5865
6922
1269
5551
2306
4983
7719
7934
857
4973
9272
9349
170
2479
1684
8285
9602
2362
7580
7877
1738
2770
8547
2408
6257
7866
6229
3382
9793
2042
2366
4425
7764
5451
1296
2206
5947
5276
972
7677
7433
482
5882
5259
3393
525
5441
8339
7855
5823
1655
2170
8952
1436
9473
2871
8131
2739
2015
855
6034
6212
7025
345
5889
3150
5669
3265
9660
9396
6831
7300
3635
6373
8710
4399
6139
6018
9641
8955
9797
8603
2355
5170
6299
3521
8687
2856
9212
2785
7256
8547
9954
4553
8478
1134
8788
9326
2800
1036
1940
9391
9934
229
9880
936
1802
755
3076
5847
2256
8891
7862
8525
1148
2436
3055
6298
5291
9841
7856
9032
2668
9255
4473
8987
9202
6746
7567
7252
4298
5753
6672
1110
2286
8986
4034
5424
3770
9120
7202
4320
1834
3060
5996
3820
4575
7882
8293
1067
5008
7798
4046
7378
7255
7744
8992
6148
3222
5412
7703
3025
4963
6318
7238
6516
2278
2509
6446
1428
9547
3802
1992
9857
1676
512
7225
4114
9543
4545
1372
8037
1145
3070
4780
1819
2235
6900
274
4555
1592
4797
1315
6575
263
8882
5827
6089
1131
138
1013
8182
6329
1227
8684
5843
9257
7035
967
4566
2665
6647
9628
9901
7588
3951
3666
3322
6551
8650
8014
8264
9804
9402
9919
5320
3532
3822
216
1464
3939
6783
7398
6379
9403
5058
2876
2089
9667
8101
3463
5288
9592
6729
6922
6688
5671
5435
8485
1356
9192
2717
734
5826
144
9622
2805
2465
8964
271
2611
1845
9417
463
617
5908
3412
2244
5537
9003
2920
6502
1651
6683
3128
2879
785
2212
5858
7000
9440
1688
8688
1568
4281
5244
2986
6183
1542
1302
779
8932
760
7405
9229
4553
7710
1362
8318
1905
5486
998
8554
7044
4046
2184
2547
1118
8411
2477
9946
8572
6320
9757
5266
8211
4827
4263
9098
9826
2123
1013
7514
9297
3031
1709
1720
2543
124
8290
8884
9517
9246
6547
4454
8834
2706
9546
3548
719
1468
4166
3090
9148
9212
1315
2952
8842
1286
6467
2811
6168
4869
7928
7591
6523
3161
6508
583
3601
6185
4833
9411
1163
2375
9951
7814
8887
6610
7454
8580
6654
2606
1717
7421
4514
8213
1357
1218
5552
2899
7741
9623
9293
6663
9575
2554
2508
8374
4553
4520
9284
5385
965
1275
4420
1609
6870
2302
8917
581
8876
2299
2684
9525
3945
2897
1380
4156
3904
4507
3404
2962
7275
5330
3456
3085
2006
5233
5522
6381
8377
5354
2336
1244
1125
7382
2766
6920
4358
4018
3704
2825
3963
6768
9245
900
8860
8861
8260
968
1442
6968
6042
9605
4770
8348
7345
4140
3877
5300
6848
5516
7772
7865
2683
9599
9626
7455
1619
3359
9048
4649
5515
8372
2781
1189
3669
7604
607
8300
3680
157
5490
4435
648
8843
5659
801
7045
9332
813
2814
433
8462
4349
1258
4587
600
9860
7873
405
6982
8291
7111
14
8810
691
2477
7569
8173
4902
4823
7273
6998
7096
9399
9416
953
2530
5609
5633
8402
5551
5042
4050
5399
352
9886
599
1012
6941
92
6048
4726
3336
6389
4929
3206
3411
1225
7979
2304
9097
4372
8571
4434
8030
8367
3934
6376
5018
2944
3795
1880
2449
7005
6780
5619
419
7785
942
2090
3504
858
5433
1006
2425
7049
9621
7443
7549
7787
495
5118
6556
9627
1365
6599
7868
1099
2992
1529
1550
7350
7051
3296
4325
3117
4298
784
4868
3185
9289
471
893
5025
156
2579
3586
7991
2150
4301
9816
2150
9005
5843
475
3347
6310
5128
1041
246
6004
7170
1292
8149
895
4062
3623
8900
8542
4258
7774
4401
7446
5285
4922
1377
772
3736
3550
1260
6574
2170
7648
543
1677
9115
6967
1339
8283
3104
9265
1967
2583
9302
2977
2190
3641
1262
1698
5762
8081
6128
9789
7784
9197
7379
9674
8272
3525
5392
5224
5324
2771
6992
3181
7191
9642
1871
9002
1310
6539
7054
6078
7476
1049
6410
2273
312
7941
8093
5220
7965
8773
9525
6735
1238
8384
6263
1638
1814
8436
9195
4808
4989
3875
6228
2875
6089
6528
3041
9229
2118
7852
3279
1553
1190
6915
4288
2927
4584
8886
7123
5746
7209
8706
9346
9419
1172
4015
1975
681
2037
2503
4026
6698
6270
1759
7251
8427
295
5856
5954
1425
9947
7576
1414
7002
5544
3147
6591
3587
8354
6321
6393
8604
8458
1174
7288
1940
897
6107
8490
866
5448
214
7221
101
4764
2913
3503
2272
7617
4278
2010
2160
4344
9729
4133
9998
1002
600
7124
4367
5003
512
1790
7296
6052
6061
5162
4002
8681
5932
3961
9325
979
5614
6862
3344
5737
9325
7444
2989
121
2707
1815
2912
7772
9383
1644
5525
1005
8048
8194
8915
6773
2927
2494
4662
8827
8948
281
6881
4573
2783
3451
5080
872
8527
3945
5332
8584
1875
1661
3812
9285
4191
6676
8441
3022
8619
4737
7
234
1422
5658
6493
1669
622
9071
8477
6311
2817
6354
7357
5597
7220
9217
3016
4832
3103
8291
8796
4624
2764
5429
139
5091
6335
971
2317
8864
9236
1943
2819
9151
7858
8917
9586
9088
7444
5703
9879
1058
5823
5599
2561
1443
6315
9504
2567
3372
3479
1844
2189
8848
2226
6608
1855
6961
7946
3024
5524
3955
4496
7351
8391
6153
3467
5736
723
7903
4100
123
5413
5017
4073
3364
4900
6510
9711
8821
851
8976
2906
7175
1013
1901
4571
6433
5793
4311
5442
4933
6677
8187
7352
1910
1314
4769
4992
4684
3893
9892
2781
6954
8669
9880
5892
8457
1911
5135
8312
409
7430
8387
4244
623
656
634
1856
3964
1200
9512
4534
8084
3733
404
285
4602
3368
6791
7805
3718
2536
6298
7827
2498
3698
9569
6526
8409
4543
4868
6568
3551
9580
7839
1192
2521
232
9746
2548
2722
5119
9592
9174
53
5533
1926
8396
4967
4833
928
8800
3399
8925
9288
1464
6199
433
681
3208
8516
9575
1181
3251
9005
6588
644
215
142
8247
6179
9635
9167
8412
6849
2705
7756
7039
7587
3382
8367
758
7432
9309
9356
6057
4469
6316
6075
1112
7882
7282
4925
7679
3509
144
8955
2028
6697
2589
8548
4911
7358
2386
5044
2071
6124
959
863
8622
4557
9396
6363
6494
8829
8512
6595
919
6678
1375
4198
3402
98
9661
6985
6867
2763
5010
1051
9256
6860
8484
1041
7328
5941
9778
7136
5363
9714
5038
463
6046
4675
4408
830
9082
7970
8760
2775
6628
4290
881
8026
8526
4209
9301
7606
5627
2917
5629
9305
6640
6879
4341
9161
7346
6216
1164
4121
7316
7630
6080
5973
5546
8420
6535
45
8698
5474
4750
5026
615
2746
829
4366
8110
9928
7364
9439
5448
3780
4431
3948
1430
5557
2172
5430
2981
4260
7967
1422
7377
8869
427
9879
8049
2056
3526
1728
759
5386
5923
8502
106
3059
228
8790
178
4353
7922
5209
5737
4718
6938
2675
2852
6183
4245
3547
1175
5688
5608
4813
3023
9049
3024
4842
5088
4672
9885
3408
6050
9380
3506
6290
9999
4769
4818
2274
209
2874
6069
6112
75
2285
8871
3132
9796
5246
6980
6771
4906
2138
252
753
4526
5285
7910
6645
629
9373
9767
6805
6328
8195
8116
8566
3332
9783
5802
599
7252
4833
289
4467
2551
3838
626
8136
5679
6823
7602
9738
5765
3494
3769
7777
5675
9706
6989
2046
4479
81
5163
4368
626
5129
8124
1076
2445
8740
6018
244
6138
3662
9035
4392
9119
937
3030
6006
6628
8752
4922
8130
3178
6537
2935
6678
885
8353
1568
1420
982
7118
9079
9258
9101
6490
5741
7147
3676
1306
2018
7394
8167
1168
5155
9916
7755
9943
4684
7775
5512
6170
3042
3276
1371
7948
2838
3362
1353
8973
9273
8041
8234
9122
2552
342
6794
6760
5300
648
3044
3200
7049
4003
1131
5010
5524
6384
7787
8319
5698
552
9734
372
3809
8318
4146
6039
3889
5193
5905
5834
38
3535
1952
8448
2933
6950
3060
867
4170
4907
8258
4687
2370
4948
8788
7972
6506
9701
4189
2194
4621
7539
765
7824
7236
6671
2066
2558
2094
8818
6794
1897
6590
4899
7349
6292
4588
4343
9011
5881
7153
2525
2505
6143
7102
3343
9863
2843
100
9777
3308
6947
9861
377
5759
6305
2585
4269
9532
1472
306
4241
1082
5797
9492
3743
414
446
1612
6827
7642
5657
6447
9503
3064
1253
9940
5821
5180
6211
1012
7159
6700
5130
2304
2409
294
4905
3742
7567
2504
3196
4096
7086
7899
3824
2810
3157
3505
4214
4145
87
7217
9501
37
3174
4461
9965
3264
1605
1963
7814
1143
2815
3460
3197
6389
5913
2208
9915
3303
2538
293
8019
4544
9247
9095
1876
1778
2799
8540
4983
428
5270
3761
1297
1591
377
5111
5825
3229
3884
2133
772
3768
6194
8655
9900
413
1393
6567
5256
2825
6423
2449
2825
8502
855
2083
232
2515
2982
632
3199
1775
7528
4810
4901
7647
2787
3612
9765
6272
3480
8769
3802
5291
8545
7033
1366
1827
6555
8145
1610
1972
6039
6058
800
1426
8358
8255
8266
6082
7291
2677
9113
3865
1580
953
4416
223
4898
8151
6544
9272
2258
1801
1386
122
6466
4158
6193
5693
9217
3600
855
7734
4459
2572
8175
5315
137
6761
9975
8252
4173
9191
7487
2743
1127
4427
1486
1596
9247
6065
8245
6976
5717
223
3338
7767
1774
2898
3876
5253
1824
1511
1116
5191
6790
9838
4945
6387
7998
7487
8314
5723
7882
5808
3235
5238
245
6057
2296
2460
8311
7947
8249
401
8376
8406
9218
2155
3326
1078
7103
677
6397
4870
5179
1901
7715
7148
2379
873
3773
608
1083
977
9365
2854
9624
2566
9858
1832
4750
7198
2731
4252
5711
1521
8599
9981
1566
5552
1429
7958
5130
6967
3584
8006
4937
9785
8001
9281
2124
1370
3578
5915
9976
664
2733
5850
4349
3398
8878
1852
6986
1691
8994
3902
7785
2313
1433
3096
1556
9867
3514
1950
8050
965
4686
234
3275
7815
1817
9671
207
8224
1910
3864
7753
3167
512
414
9603
1728
1383
231
5111
9632
1004
3296
1016
739
1503
9673
73
587
8695
4311
1503
2671
5560
4395
9423
972
4281
4126
8919
3081
618
5643
5316
9952
2832
7553
7264
9472
5632
2785
3421
2017
9422
6383
5265
8251
1890
9431
7519
1294
3839
3637
7522
1670
6757
2029
5511
8833
8043
4024
3243
9173
5606
9879
7228
1950
4892
8037
1444
2311
5191
842
7343
907
175
8498
4845
4167
4946
2247
1308
4610
9249
6518
5606
8270
366
516
2909
20
8511
1085
5309
7707
2109
6493
6354
7325
4017
9836
1463
3163
4979
8179
2126
6955
8201
6578
2619
8579
8866
9749
6536
9059
7835
6256
843
6801
1410
9327
7337
6064
5138
5872
2484
3622
5778
2287
8523
41
1510
728
2634
2663
1634
7595
7737
3573
1059
5723
7493
3582
3949
5023
7418
6477
1374
7160
1243
141
7643
4147
3908
725
2876
2574
7744
2207
6081
958
5753
808
7781
9340
3376
5331
6663
5665
3192
378
8786
3117
5764
5916
3193
2243
5333
8075
4544
9221
1989
5844
9516
5873
4864
8044
8088
6294
8202
4926
8539
6902
1285
2092
2037
806
807
3572
7299
7116
6516
7896
1955
266
3573
446
4458
6088
3129
4558
2001
9327
7204
4718
9597
5208
659
7857
4281
7478
6853
9735
8258
5092
4563
4881
5635
2024
3807
3570
7568
735
5954
2187
9844
5115
560
6281
5743
3358
1311
3960
8399
3299
3042
5124
5425
7293
9630
2105
4426
6782
8821
7311
4274
1352
6576
6599
2075
136
4973
1740
2119
933
8629
6892
795
4498
4515
4343
6202
5847
9927
2746
9762
869
9042
905
18
534
8605
7568
7951
4014
5521
9829
671
3055
7599
4015
5458
3111
129
5241
7913
5383
9955
8454
375
5176
2131
4701
3359
3165
595
8904
6237
1046
4269
7792
9192
5503
1848
4134
5979
2552
4249
8376
1636
2897
1425
5703
2401
1387
8069
9788
5929
3257
7651
6615
347
7032
9208
5581
293
2305
216
8492
2239
5191
8625
3164
6697
3043
7959
4270
2481
2152
4376
3912
7734
8584
5120
1510
6319
2513
5459
9616
8116
8561
1289
5389
5493
8563
9464
9222
8288
6626
2297
5243
6324
8271
1967
1871
6720
6442
7860
7505
8428
8497
5965
7581
5922
4398
3459
7304
7808
689
6132
2437
1907
6963
3167
2017
851
7265
2486
3979
1058
4807
8320
9620
1180
689
9237
2585
6581
48
5382
1729
6383
2885
3796
5867
1396
5814
6977
3262
9398
2660
437
6930
1330
7594
2894
1541
6108
3246
7858
7915
1069
2527
1632
8024
6636
2780
9029
3290
3444
9438
7302
5690
5948
2397
4547
7729
8686
9
5514
8050
8316
3081
3442
7386
1827
4229
9979
8180
8452
5834
5086
5784
4483
9933
5364
5150
4712
9847
729
7393
2772
3386
9987
5774
8760
5031
7026
9441
6379
3213
2213
8801
9637
5290
3128
3217
7144
3121
6407
1399
8773
8878
6240
6498
7540
2608
8878
440
4099
575
9301
6271
3177
7186
1354
8214
3964
7675
2661
4828
6322
607
4874
6616
5590
8965
3580
6400
7474
2913
3896
1642
2943
4025
1382
434
7106
2209
8834
3369
3446
7109
8332
5051
2801
7995
3496
5454
6979
7974
2578
4572
6678
3969
4414
4422
2864
8288
1939
2991
106
7787
4246
9388
3014
468
6024
658
3439
5272
9620
4381
8909
5269
8314
2803
6958
1873
725
4832
9772
1433
5756
1035
2039
1984
4827
1479
8426
4098
2215
8853
7536
7932
997
5926
6593
817
4348
9329
4216
4366
5403
5339
383
4212
9644
7149
6684
8025
5225
2990
2233
4836
5169
8817
5579
3580
1445
6821
4957
6446
7955
3016
1469
9373
8306
1929
7691
8678
3490
1997
4465
7469
3092
1067
4964
7687
7958
7899
6553
4840
496
3523
945
2930
4754
6002
4360
2883
9616
4686
7654
5807
3862
2155
780
9623
8561
9997
4629
361
9343
9297
8639
2376
7935
2683
2545
2651
4927
9074
7980
7299
6589
3654
9592
3435
8349
2370
4096
8893
3131
2460
6790
7760
2196
8025
3347
4593
8981
5013
4565
3356
3838
5059
8867
4749
8361
6213
2703
1727
6886
5628
867
8895
5835
9039
5003
3653
9587
4575
4484
472
3432
2088
1238
3642
1889
6271
3920
5173
1441
4443
3662
5911
3915
2382
8902
4412
1019
8270
3334
8427
9750
9469
1209
1015
7128
1870
4140
5294
552
2433
6760
2058
9623
1592
3918
3274
6533
3989
5593
9058
1497
6796
4901
5810
4174
4605
8693
8218
9536
8814
2745
1944
8598
2662
5712
4640
8033
6932
521
2449
4899
7146
7540
9556
8455
1063
1969
1792
1040
4227
2441
7039
3537
8656
2628
2249
5506
4409
884
9335
8604
1558
1523
4453
7791
5358
2843
8229
913
5658
5908
5785
4034
146
1889
8811
1697
9306
6131
5297
2260
9006
5756
7884
4894
3861
2950
8849
7202
818
1635
4726
8762
9381
1370
9651
285
7900
274
5877
2784
4080
3667
3713
4893
9274
1773
9918
8157
9037
9836
5014
9570
8673
3079
1812
6711
2779
3568
8949
2700
5332
4082
8895
3643
6948
2197
6488
4528
9391
998
2655
6125
1502
2847
7937
1018
3979
5211
3645
3842
9124
4607
5809
5923
5592
1687
7632
1570
8589
2997
467
5736
4850
9863
7908
7263
4891
1282
1467
5936
8702
6769
271
5535
5022
6358
6242
4123
6489
6503
5756
3276
7552
762
515
6061
7611
9431
2006
1899
6533
4270
3710
6283
7948
5703
1237
2828
2996
5964
6552
4341
4843
6493
8975
2260
7183
2204
6877
4680
9060
3979
1698
31
7862
6473
6246
7814
7263
6062
3554
1484
9126
6006
2908
2294
4384
8355
8465
2308
3896
1282
3842
8361
5877
6800
3679
7101
1974
8623
1494
4591
9057
3314
1820
8286
5167
239
3594
9255
4366
1914
9213
1791
2944
7891
8038
4823
1070
9127
2702
5893
9946
6372
3210
3822
7201
7783
8902
4763
9323
8726
9984
7762
7306
6668
2274
7353
7473
3498
2420
2925
379
9546
2350
3473
95
2027
4470
7027
4581
4014
757
4936
4105
4655
6222
1089
7989
7533
1906
9614
4335
9024
639
4115
6021
8876
7305
5477
1886
4690
9125
8194
9965
3816
1111
2253
6923
8277
1112
4465
511
5763
6486
5290
7971
7311
9258
9289
8793
7918
6445
4040
1199
7130
9099
3707
7341
8582
1064
6579
7615
251
4981
1274
9023
9263
2672
8
5034
6833
1597
3484
701
6566
6653
2321
4701
4219
4239
1390
701
7534
992
4911
5695
8248
7432
4832
5222
9865
8526
980
8769
9463
5700
897
9041
7449
5599
5775
8359
8615
1679
2153
643
9393
6412
7590
3155
8423
9455
8635
1241
9155
5549
5771
5658
6975
3730
8728
9135
7300
6878
6938
5855
9134
2373
2629
8557
2292
4186
8020
3674
7335
9769
4028
4236
3506
9717
8711
9446
4493
2876
4284
1362
6918
3527
5542
6487
3166
2073
5966
8688
8854
5404
8027
5641
5585
7171
4943
6586
9595
3252
2014
6096
3458
5067
2957
4110
3801
3541
8393
2619
5658
3071
272
843
9595
8071
4144
6357
448
490
5658
3722
1535
5943
6287
8423
8736
7659
1943
9811
2095
3432
4962
9728
6691
8493
387
3750
4568
7460
7213
1330
8114
8131
765
7369
844
7282
2222
1858
4164
3723
2125
6177
4678
1219
7236
2594
733
7555
4217
5496
4266
3227
2217
5653
8598
4006
3553
6649
1912
253
7803
614
7150
9958
3956
9249
2298
867
7752
4852
1708
760
7601
1989
5133
6411
1575
3918
2329
4787
7580
1765
9734
7057
6868
5365
9974
4872
1158
2810
5744
1154
2586
8572
9976
7606
2812
5140
5392
2227
4443
6231
4815
8060
9417
959
2778
2303
1791
476
7594
3564
4395
9378
4937
6891
1146
2374
6450
318
2908
1333
8822
7003
5934
4522
3378
5181
2622
4609
7539
8256
5197
114
9865
2607
5715
292
813
511
9589
9656
9000
8083
6841
2953
5768
8647
5275
5605
8861
5539
4437
5835
668
9321
324
9519
587
6222
7140
4952
3101
9474
9313
8483
7025
7708
4487
7274
4934
4844
4004
6877
4518
3829
8533
7613
7340
6485
9823
2171
5863
8371
6118
2900
9608
5427
7327
5445
2767
849
286
2703
6572
6204
648
6968
3456
7625
9618
9568
9993
2933
8879
6218
5916
27
8098
9153
7862
1402
8196
9190
6746
6678
5873
997
9186
2822
9935
7734
9163
9365
1626
3667
5424
3168
8091
710
5117
7367
7097
1216
6729
7016
1912
6444
1053
388
8156
7798
4855
1260
876
9489
1591
8222
7959
2237
3737
2907
8046
8230
3962
5385
3435
4949
4385
3879
6809
6498
4180
7117
406
8477
5309
8355
130
4305
8197
5845
6286
8244
6246
8254
7782
2015
7371
4651
4412
9131
7214
5484
2856
2421
9060
5531
2046
2587
2068
3244
2689
8539
5481
1433
3890
6029
4936
6555
2472
1649
7924
8076
888
7289
5066
7763
5458
5054
744
1774
3901
2303
7975
2159
2153
8497
1124
1449
6809
8088
6444
4337
9599
6785
8922
1352
588
8386
8617
624
6622
7446
5043
5640
6768
3149
5236
1947
1537
3997
2519
7864
2019
5348
676
4768
4871
4121
5361
7164
9981
4351
135
6057
8514
4437
1660
2333
6979
6080
3210
8988
3527
5331
2708
9642
3583
8387
2187
8425
9341
2111
5764
5379
3219
2907
3755
404
1714
1574
4533
9726
9579
570
9759
1917
9939
3403
1281
1208
4493
785
3445
5194
1445
1392
7349
6030
1955
353
1225
5191
2140
1591
8050
1077
1342
3678
3559
7110
9972
1631
266
3997
5684
5990
130
5354
4280
6368
4249
1821
2245
9808
7710
430
2085
9305
5033
7551
2962
4110
8255
4492
452
8909
2399
9087
1734
2419
26
6824
9470
3200
505
2470
8985
1489
9355
6574
641
9885
8077
9843
1194
9666
8678
3296
3354
8029
5931
7256
6546
6607
983
8502
584
5273
8802
5230
1266
6743
4802
9552
3842
2
5774
6263
7407
7978
7583
5239
4509
3194
3186
8429
1455
8005
2486
9746
9537
9654
4501
4185
9107
8690
4287
9689
9319
7125
9906
2641
2422
7513
7086
5565
4761
4392
3905
1476
4172
2946
6882
1633
9102
6009
5315
5261
4808
3197
4957
4945
5119
7206
4634
8827
7091
4036
449
5760
1347
8058
5395
3572
9993
5566
2179
1976
9352
5470
3425
7053
7929
265
9795
3827
303
2945
4842
2637
7136
8674
2957
3558
6746
9465
956
7734
7525
5296
4620
6125
2444
5289
3811
5014
2755
9367
7340
9477
6677
4189
9521
150
2563
3579
7969
6614
6914
1787
2957
3310
5373
6329
9627
6835
1496
56
5756
2809
9440
1997
6218
6766
5099
1551
9548
6243
3936
4791
4071
5904
2374
9821
52
6691
5407
4051
8847
5029
2637
1168
6918
697
7567
120
5163
5834
5687
9356
2445
7515
5649
6508
4761
7355
7314
760
9572
5537
4338
6948
8798
1350
7296
9508
1020
1582
485
5987
1696
6897
9357
4037
4618
1466
6198
2505
8837
2819
9847
1208
8495
8620
7218
6116
1494
7516
808
1633
2965
7933
8548
479
2427
9895
9186
1901
5352
7271
4790
3944
6705
334
5457
8300
3903
196
3316
4651
9776
5200
1171
4517
1659
3894
3888
5716
332
3149
4243
1568
5618
2074
1997
7759
5169
7917
8912
2971
65
5908
6023
1434
109
1532
1959
8341
9678
9766
3575
1241
2233
2373
7270
8138
8774
4765
6233
3720
3327
6814
291
6353
3577
4149
4123
8741
4112
3204
988
2574
2179
4424
6712
6589
615
9382
2167
4938
1913
5386
7777
6683
2063
7035
9284
663
2658
4019
1263
2571
7742
2622
1355
9096
5240
9240
4553
8087
5695
6334
871
7167
7989
4559
6500
1996
311
8903
9706
186
902
6061
3125
9937
9853
2805
8793
858
1532
3672
3242
9385
4404
3400
8887
1039
2090
3600
4951
2837
8066
4388
1198
9909
560
3175
806
2544
7970
6520
251
1015
1272
4052
8186
4418
5317
3770
9262
2034
9705
9470
4537
9744
1678
3291
2845
8916
5065
6339
7347
2462
123
7820
3122
3884
4204
3983
6452
7578
5160
9741
8034
6589
7668
7429
1167
1677
3622
3196
5587
6102
4846
4828
2053
4590
5457
3435
4448
2172
3978
5631
9552
139
8089
8802
2677
8561
879
1072
7204
3739
8899
4439
2145
1577
1745
7100
6966
1114
3335
388
4664
412
4158
194
9600
766
1056
3922
312
8389
4923
3101
7922
3923
4351
4299
6070
1229
3017
2642
6480
7429
3309
3045
3427
6358
3881
4511
1813
8862
5849
3210
7147
4722
6972
6957
9628
703
5298
6222
519
1007
8791
4704
2737
9363
6696
7486
2961
1490
4735
1358
8302
1233
7668
971
9935
5318
9126
2875
1841
2702
4776
9475
1565
529
4598
1353
790
5772
2745
257
3638
1217
9511
1035
7151
7958
2161
7838
6412
9199
4763
4179
2773
8411
9914
4448
3642
8268
2135
948
2713
1733
5583
8360
5449
4028
4752
3458
993
2752
9107
8408
7888
9604
4491
1977
4049
2782
9716
8774
9423
3496
9210
4423
4699
4434
439
6243
1300
2482
2890
6676
7367
263
5269
1408
695
9190
1794
6196
1747
9495
2966
2045
9081
7977
8639
8332
4565
9073
7073
4993
3310
4125
377
4009
8785
1112
2391
4696
443
4728
3464
6156
9171
2350
6580
8744
158
8969
1685
4046
6364
1295
4670
4010
3494
3255
6649
7967
6813
853
2244
3637
3870
2259
6413
7216
3912
719
7580
6210
7997
7337
9453
3550
5591
676
9643
9305
4326
5992
3904
4629
5601
2483
3717
3927
7974
6314
2166
3790
5580
8523
900
802
3714
9514
128
7070
2516
4131
2396
2272
4456
8412
3357
6295
1837
3267
1659
1270
6824
3216
3562
5382
2493
8061
6785
8466
3658
2770
1030
1745
7020
3272
3733
1836
4327
8428
5647
6557
6272
9265
2455
143
770
7909
3590
6466
4
5660
2725
1326
9390
6166
2532
7812
8012
1569
4463
7831
5537
9374
8238
2399
6461
5853
7556
1618
872
8875
2217
8449
4612
848
7315
1770
5926
5546
8267
5876
9817
7298
1538
2405
2052
5614
6628
5010
8708
2214
1026
8397
6383
3993
1554
3343
3835
9397
831
3579
9615
1797
2959
4295
1552
8564
9213
3454
925
1675
1591
4321
6822
7041
3185
1790
6628
9687
2058
776
2576
390
8270
9886
9885
1668
4793
5867
2981
7917
8039
3206
6207
349
8757
6945
8412
1098
3024
2201
7206
6609
5013
1622
7887
4558
89
100
2464
562
5418
2570
2605
5926
9506
5282
2059
2225
753
6922
4705
1886
6169
8440
7554
8165
3373
2489
3460
4555
3293
7947
1814
2315
5746
4429
7530
9154
4848
4511
7238
2243
3073
3034
3694
5078
6386
4415
1531
6250
2287
3750
9346
3087
4761
383
5073
3698
4533
8473
4057
4714
3112
106
5527
3691
2830
1192
88
8592
9744
4675
4346
4097
8103
6965
3387
185
6573
7129
291
1085
4789
2646
7590
5590
18
2859
5529
1122
1117
3976
3501
7653
1583
1366
4277
8719
4327
796
3436
4961
8995
7054
5400
4429
200
2456
4280
7798
4036
5895
263
7400
9824
3680
9491
4427
6493
114
2654
4834
1129
3396
3524
2477
3260
9596
2129
770
5987
9793
3430
7099
8220
3503
131
7559
377
7360
1116
5709
382
4171
7740
1303
3679
1064
4544
5212
3114
915
4559
2211
7651
8730
3900
5939
993
9699
2690
7225
5271
7746
8850
9406
745
9743
9980
7192
1530
5087
7389
1218
1528
6196
8126
6204
8739
2826
8188
2827
2255
237
1606
5989
9773
4579
2317
6365
7333
6565
957
2155
8408
654
4839
9206
2893
1912
4318
2700
7571
6645
2408
6297
7473
8251
2125
2380
3728
1181
8865
1047
3788
2480
6597
6773
6580
8655
2241
3940
6637
4488
8273
2961
4957
3110
5090
6686
1326
815
9591
4316
8373
6484
1094
7071
1627
1453
1663
9590
1811
4111
7978
4542
1904
9902
8515
7739
2260
7263
8676
3771
6182
2338
2414
8297
6725
5994
4466
2195
2778
8710
9169
2919
4012
3000
1941
4713
3800
782
9523
2294
4703
7609
6316
9175
3658
4466
3988
2494
2317
9030
1045
9288
6853
4676
116
3653
3098
6848
3542
5122
6922
1984
3926
340
3853
9908
3492
9875
6164
2473
7133
9958
6951
5078
3680
3995
9242
6574
8099
4747
4293
6064
4082
6271
3601
6878
9529
9703
3580
8325
443
8859
2490
2471
290
8762
5628
6456
1247
1230
3033
3993
2478
7045
8184
3195
6651
3335
3805
1728
4813
2835
3015
949
5899
7612
1250
6799
1273
2508
4577
6176
9656
8422
8927
9802
4153
439
9640
1391
7748
3922
2312
1451
3264
1562
2248
6405
1754
4914
6884
5721
4928
5334
1786
3046
1254
9724
2685
1280
6212
5569
3702
9541
4449
7380
8199
8344
8466
3197
8394
845
697
7590
949
650
6519
8168
4791
6561
7454
8552
2173
5231
993
2917
7786
1956
2797
9889
903
1287
8274
2984
6153
7158
5512
1661
9268
2987
3203
471
379
5001
6325
1469
931
9245
6582
5092
9680
5060
1090
7522
8679
5517
9645
9131
3754
3302
9902
9407
9602
5518
7821
2107
9169
2448
7460
5061
8736
4092
9161
8803
2792
8450
5431
892
4060
9552
5656
7515
2993
8297
23
5308
5960
2234
319
1492
4732
7728
5680
9374
356
960
7081
3757
9342
3252
9678
9121
7709
4776
5921
952
5721
9953
7210
1415
4581
1953
5003
524
588
2274
3287
1076
4714
6828
1133
5076
7740
1132
4637
7779
5761
3268
8809
902
4094
692
9441
2950
5731
4302
9161
1204
1690
5836
6682
8302
102
4452
3778
8030
3914
2537
5508
4734
1068
8403
7137
1413
683
5694
4587
6864
6240
3528
6283
7608
8839
4343
8538
4809
957
8973
8280
6261
5026
971
2458
6956
5071
8021
6331
8006
6224
5835
9214
2486
2991
6504
1901
3233
956
6154
8621
3855
120
1677
6266
7335
1332
9781
3955
8568
1873
8868
2789
7668
9087
556
5083
6833
152
5777
5885
5840
9455
8037
6707
4396
4378
6521
7232
5508
5568
5000
7477
547
1086
9694
9674
4566
1412
7752
3473
3306
9546
3795
9549
8214
9109
8932
3776
412
193
4945
1666
667
2566
3490
3134
961
7204
4362
3680
174
1080
4304
6119
674
2894
3685
1092
2
3052
2663
8130
681
6249
3174
5246
1309
5605
5130
551
8941
1057
425
3427
490
921
8692
3612
4436
904
5355
6172
3000
7431
5578
3886
6397
5529
8053
6730
6170
7295
6549
9667
652
6013
4457
6836
1184
1537
7542
7370
2630
3455
5788
1345
811
7357
3639
1071
7631
9899
8630
9737
2389
5781
6202
1400
8519
6281
1500
1225
7850
9358
1735
8211
9250
8079
5149
3929
8934
9664
4333
3487
8809
4957
6224
7284
3166
2916
3699
1400
1320
278
2247
9632
5461
3367
4954
5992
992
8467
5418
4292
9143
2862
5789
2196
3723
5789
3106
3648
5628
130
9846
296
8261
7749
6795
5446
8358
2533
7145
7223
1742
6183
9811
8514
8659
6964
9845
4414
4218
8605
8487
6265
2090
5626
9802
3824
8936
4341
180
5404
298
6322
846
1722
6948
241
7303
4421
9877
9496
1004
5673
4728
9599
2833
6066
2845
9707
1852
9228
4415
7015
7876
1019
186
3543
4516
9113
8041
3354
9586
1350
5423
5942
416
5374
3843
2455
7769
8151
7355
5380
1005
5682
8737
2604
8186
3447
2013
9643
3367
9497
3302
8499
3411
9255
4747
2214
8103
9592
795
4580
2655
3235
1393
8261
5135
6178
4582
5312
1669
8835
7722
3486
9571
1982
5469
8023
3415
858
3893
1323
6965
7824
681
705
2332
4488
534
3245
3814
6889
1673
8138
7903
3167
5059
7565
3420
7718
8948
4640
5884
985
9629
6624
8640
3013
2571
6614
4445
4020
6237
4956
1374
695
6107
9530
5012
4409
5471
1058
3332
2519
4727
4034
6735
8289
3257
4142
9996
58
7851
7223
5339
8776
7993
8553
570
4841
4754
4069
4049
9084
910
9977
1850
5329
1596
6411
9177
7578
6122
2417
8608
5580
7499
8958
2026
2086
8360
2607
6162
3057
2315
9353
6232
4150
9078
8829
9406
3238
4660
4370
2203
6812
2459
5596
2933
8194
7630
2577
1982
4808
7745
4300
5877
6975
562
8248
5494
8544
4628
1491
8736
8121
7827
6218
2602
5161
3235
7129
5332
7736
8620
5981
5215
3907
3047
6518
2620
5899
8308
1597
5674
9801
8872
8347
4647
3810
7239
5909
3223
5735
4643
1622
5571
118
4257
4877
332
7330
4752
4858
7744
9790
563
574
2055
2987
9624
5482
9915
3361
2996
7159
9977
8278
9528
6689
8888
9235
6714
6594
2850
5154
1257
4488
3514
6501
9483
1897
2991
8417
7116
5613
9910
5855
9559
6460
4609
5717
126
5635
3455
3726
730
4418
4020
9096
4924
7253
1363
5241
4877
1109
9373
3676
135
8562
1710
9779
7559
4484
6243
3116
9237
7275
550
5075
7359
4312
7276
7968
717
3677
8665
3789
6447
8678
2107
4518
2827
8051
664
7741
5515
7539
6570
3806
4209
2265
6067
2961
5038
567
9304
6938
3061
7054
7432
9038
2103
3380
3845
6240
1046
8221
4102
3356
9804
9839
9478
6480
8389
8852
877
6206
6800
4225
4561
9191
8030
1827
4222
6917
5043
8440
9537
3860
1875
3706
4832
3579
1028
6117
9696
5982
7020
2725
5301
7194
7934
4874
8381
505
6721
1772
8147
4381
6711
9157
2808
4070
6893
9533
1214
600
4598
1693
4017
4914
1318
3692
2613
7435
8440
715
8576
4553
9698
2089
9679
6514
9089
9075
9793
1806
9803
536
6345
4525
7963
825
7721
5592
9238
9755
6819
7931
6187
3829
6463
3373
4391
3021
5355
3936
9729
8950
7099
2950
5281
3069
2715
9358
838
2233
165
2376
2751
3822
2309
4263
6191
3571
4286
5271
2470
2290
4933
8964
8206
6969
9541
2517
2703
2707
645
2643
5011
9360
6393
388
920
5078
7087
7600
348
7675
2720
1099
1412
6046
9973
4520
30
5291
4790
4873
2174
4683
5810
1412
1362
3404
2133
6884
2669
9350
753
9744
4167
724
7143
2491
331
221
8947
7351
3689
876
5554
3899
7862
6999
5512
6684
8727
5217
9404
3346
2024
3938
2463
7116
1900
4618
4577
1387
707
9667
3476
5689
854
7069
3070
157
8019
2311
1069
1721
9811
4423
4130
3154
3262
3258
4133
5100
6184
8498
1740
2522
6824
7276
119
3222
9790
1334
6753
7960
8496
1948
5429
8984
4826
9500
4327
7491
4971
1121
6632
2493
918
8113
6613
5405
2731
320
8054
5653
9175
2979
3035
444
4983
1473
8613
26
4143
1167
9343
8205
8642
8916
9880
8568
5271
683
214
2808
8772
1691
9802
2224
9956
182
3235
6885
3099
7224
9447
8040
2286
5564
510
536
3407
6984
3272
7953
99
3987
9565
4712
699
4542
3304
3074
6744
7191
3514
2846
9343
494
4044
4151
3917
8212
579
968
6576
1445
8778
3689
929
1647
9281
8148
8455
8788
6210
3429
3460
3032
6644
2510
1697
2685
2684
9028
8712
1776
3681
6938
2897
5325
2005
2443
5250
2038
9063
8698
6470
4985
1020
1232
615
8461
2435
6502
5436
9300
4574
1141
1527
9958
5426
799
593
5774
9417
6817
195
1663
8270
7637
9722
4176
9091
1527
2408
1430
9743
7608
8183
5838
1425
5608
8809
7178
4969
789
8180
4506
7593
1766
1957
6448
814
4480
9931
1976
8938
2428
3557
6709
5718
9936
504
5104
4644
9711
1314
3111
6989
9755
1178
5422
9579
7309
498
7410
4916
6128
4334
525
8199
5668
6456
8144
3377
6644
8258
9199
3047
2766
4269
8252
5138
9191
2555
8081
1395
2122
3689
9232
9178
7600
1743
3235
1314
7990
2882
3869
829
1404
1739
8984
1918
2515
8900
9257
312
7718
2455
1974
4255
5768
7667
702
247
4608
1712
24
3945
1072
7420
2934
1812
1873
9641
8273
4460
1197
7449
6092
1391
962
8481
3171
860
3156
5417
445
8503
6021
6250
3239
4835
5765
3967
9904
1137
3873
2120
9088
9025
1720
1304
1506
2255
6970
9649
7491
3244
2404
5023
6494
7199
2269
6180
6394
2821
5694
7283
9839
117
4682
285
4779
7200
8876
9793
252
2735
3936
9265
1930
5131
5869
5530
1816
9724
9449
1237
6906
9730
335
1015
4168
5622
6510
4669
9216
3724
307
707
2456
2521
6584
5978
9985
8838
6950
9218
7467
9893
9031
124
6018
4466
8411
3005
6283
9389
3281
1994
887
6620
4416
8536
567
8192
4682
9547
2230
8727
4718
1498
2409
3590
431
2661
8055
8297
8164
179
5082
2838
5269
9973
3013
8196
1291
5856
975
3329
1520
9900
3714
9457
3772
9314
1618
5320
575
8896
9238
2499
6770
7082
3363
845
4190
3407
1177
1950
5845
7693
8045
1873
3064
5241
7427
7996
2793
4749
7990
9973
4846
7914
2042
5278
6962
7027
5277
7310
277
2116
7071
3198
6292
1036
903
4
6944
5744
7960
2787
2593
7227
8030
8709
2807
473
9503
4885
3510
146
9185
4937
8515
9747
8008
8162
4585
3887
8553
2378
7744
2181
6622
6188
5026
1472
3755
2216
4479
8684
7597
540
86
2927
4572
5497
1401
8733
2738
8133
1950
3072
2327
5858
4604
5218
780
5162
9186
712
990
4749
167
1270
1904
9178
9410
672
5712
6851
5993
688
8258
1063
9820
4426
8265
3321
2413
6338
9227
43
6720
6189
5534
1029
6563
8293
7045
4562
7587
2213
5717
2134
7652
7669
923
7809
1090
1121
9546
708
6112
5286
2318
7161
2258
5119
6745
4960
9198
7785
1263
2934
5236
5578
3910
1091
4604
1618
388
4865
9173
5886
6034
3135
1107
9092
5211
640
6832
6025
4926
4191
9977
3886
7860
3823
4249
3095
4683
1796
3009
4897
2589
2680
3101
3654
3187
6617
9102
2450
9937
7345
9661
8305
3349
9850
2165
6581
2271
3163
1867
5393
6054
2299
1827
6341
9818
5180
9498
5552
7215
3436
1987
5300
4246
7597
2612
2572
8570
531
1432
8678
4857
1539
1710
3526
8908
3155
6980
3055
5373
5265
2046
8518
3474
8607
855
8760
1634
1424
5475
5472
5507
1383
3306
4237
589
242
655
5624
6604
5177
6152
8264
4617
1456
7160
3066
4533
9984
8646
2708
2850
2643
5288
1739
5319
6912
6213
4515
9511
1788
1986
1047
9588
1243
7346
4535
5801
8034
3521
6286
4322
6634
3834
8572
6212
5986
6115
2016
8041
9123
1001
1986
5685
8803
7656
7529
9275
7386
5872
7934
1897
493
882
7311
82
7932
4965
8918
715
938
9312
3743
9290
2188
8558
4263
4694
3498
7449
3187
3084
7423
5852
7343
1959
8999
4028
3587
4960
5949
326
1586
6299
9915
2543
5009
5025
8434
4921
4921
8052
9386
8231
8300
5344
613
2064
2680
9876
9138
8634
7143
2549
4185
9744
3046
7565
1466
3840
4265
2469
7662
2315
3237
6372
2685
4870
9550
6171
7766
6580
5408
3439
8107
9370
271
1566
6940
7331
983
109
9824
7438
6996
5268
6998
9716
5111
9439
1314
8116
4207
4610
7307
8203
517
5609
4929
5002
3216
1668
1924
8738
6385
5526
7692
7211
1185
8982
4555
6216
2821
6924
6472
2611
2952
2606
720
7209
8802
9350
7408
7549
9105
9909
1819
7957
8934
2694
4588
2258
3486
9309
3916
3500
9978
9781
2253
5046
7258
5216
1113
7772
6207
7484
2347
8700
1472
6990
426
2210
2334
5070
9724
6545
4561
9701
6339
9272
8689
8178
6704
8268
4765
5920
6553
7282
2825
1747
912
289
8724
3250
8854
4146
8121
2641
4698
9649
4031
9161
4920
2649
7276
6926
9277
8799
1041
7985
7641
8228
864
5219
1017
6579
25
3584
9165
2814
1754
180
921
1669
5790
6058
3446
4781
512
2661
2524
3194
1007
3214
2194
9003
4044
3633
7272
625
3994
4730
7179
8758
8436
4508
6001
7290
7226
8219
409
7653
5217
8933
7802
3317
7109
128
2894
7577
8742
7543
3688
5851
4618
3721
5323
9720
3055
7426
4713
3784
8550
6308
8868
242
5953
9637
9788
3084
5900
7565
4810
9665
2347
7882
7191
3445
684
2801
6797
9037
765
610
2474
4454
8394
1340
6162
5078
9117
9416
8846
7872
7746
8855
7142
6073
1760
5040
2018
2446
4175
611
8952
2124
9201
9540
1624
7842
4623
4143
1530
6076
55
5660
109
1901
966
5663
1559
8634
2488
4889
4496
6720
5935
7585
7289
7464
5717
3861
608
1876
1099
7200
3730
1171
37
5482
9269
5163
8103
3386
8958
4545
5987
727
4996
2893
4021
4776
4875
5696
7073
9897
528
45
8156
3641
5221
6990
3904
3020
6360
3160
8038
5939
5957
4011
2302
3244
7130
3851
2377
31
643
7140
3402
7851
1480
4814
6754
1018
1106
8670
6444
401
1447
3258
6031
6671
2810
9444
1077
9651
7420
4439
5258
3155
1602
2580
6604
6379
2500
9100
9801
3985
4130
4708
7394
7557
1073
639
7039
6213
2385
8769
1787
2761
8517
9558
3427
6633
4461
273
3352
5102
3470
3700
4250
5903
1546
5140
2317
1093
5458
1787
5567
1601
4349
456
3041
4514
9249
9373
7198
6896
4268
190
7651
3276
6803
6071
9990
2792
1672
7478
5695
5894
6460
8293
3106
4511
5438
5481
5628
5827
8598
5735
1165
2177
7901
6622
6210
1947
3751
6089
7073
3243
2870
6617
2130
4087
4083
6109
3763
1601
6113
9205
8351
8830
1559
9353
1853
6417
1582
8545
62
8815
9285
514
2947
5657
5697
748
3785
3927
9194
625
4809
4037
154
3565
4939
2060
1356
2704
517
244
2619
9965
7283
3322
3069
2627
1585
3097
9430
3933
535
5928
8594
1377
4854
3111
2313
9528
3850
4262
8238
2438
6401
7257
2801
6521
9741
9594
813
1648
1495
7748
8975
4952
1895
2744
9096
2939
508
6797
6557
8770
6238
3922
6072
4855
6988
1252
29
7676
7738
3256
7345
230
16
7755
7604
9216
4074
6919
288
657
6001
9381
8153
1661
6121
5012
9064
6579
2954
5622
6481
6223
4576
2596
9861
2643
3515
788
1958
1394
13
5058
7863
8305
550
3939
3056
4167
671
5844
1265
8984
8501
9538
286
9197
2827
4753
3149
4852
2539
905
8907
3845
9872
1936
2533
1550
575
4595
5007
7690
3585
3127
5049
7826
108
4711
2481
1129
8772
3090
6353
7912
8285
9486
4134
6298
7413
5151
5248
1102
353
1120
6835
9900
8350
5376
4248
6071
8484
1281
8308
4127
1286
9922
3243
5658
5518
5006
6803
9116
4740
4183
6367
1917
9029
9915
9284
3745
8331
1791
764
9743
9073
8128
6532
7188
8342
5970
6748
9092
3051
1512
148
6994
5120
3832
6960
8778
7936
1924
7002
2709
4135
8213
9356
6074
2950
8831
7293
7447
3084
9736
6992
3722
14
8932
4429
8293
882
5821
9739
115
6293
2222
1389
8910
6904
1596
7470
3431
5346
6292
2169
6278
2405
4907
6475
9367
2708
6369
8086
2424
2837
3770
1393
163
7281
8689
9381
8889
8093
4246
9339
9030
7819
6952
9749
9490
9722
4641
5754
7448
1402
6943
907
3964
7110
9964
9095
4115
1488
8076
7536
3891
9764
162
1168
2375
2410
2256
2307
4034
3497
9248
9413
9313
2885
8258
3747
1333
3500
5801
2013
1776
6505
8413
4327
1770
175
6756
1271
475
5378
6346
396
1526
836
6646
9374
1826
5586
5394
965
5192
4613
1923
3221
3110
4571
9333
2849
6119
9827
1013
2735
8543
3466
531
6675
7066
3199
6638
2865
8035
7959
7120
7507
9869
7958
8791
4875
5147
7469
82
7028
551
5445
5785
3570
7678
3821
7321
2319
1493
2107
5634
8027
5243
1369
5484
253
1633
8422
7789
2818
3338
2685
5667
603
6646
5901
4924
3193
1338
7959
9399
8103
5166
4620
9048
5757
3367
4830
5430
1370
9996
8041
9277
6943
996
4712
3342
7618
4039
4386
8173
4582
5660
7903
8061
3909
3950
174
2879
4856
5862
1262
1267
2607
7879
1827
1154
429
4977
9540
672
4059
7269
3776
5679
1783
6427
1606
3874
8703
5133
8080
3035
472
1119
11
8146
8325
8169
1413
9770
8665
2870
2020
9091
5633
254
6174
9719
9357
8166
4796
3411
3801
5319
4791
2104
6044
1020
1922
3089
3819
7031
2243
9739
4024
4775
2917
4101
264
8589
1999
6023
765
2103
5714
105
1203
6289
9986
9118
364
7216
7260
7325
2285
4758
2428
1339
5913
2381
9208
5692
476
1636
9416
1996
1050
4828
8725
6511
5175
315
2378
8370
7031
6219
1131
8984
5270
3119
2420
8664
6906
833
5710
7221
3123
9808
7418
8913
2060
1544
1796
6989
5744
1815
3083
1345
1803
5946
3714
5832
8734
6018
3980
6340
8002
5597
4126
8755
7085
1602
1760
5081
808
1336
5953
5303
8610
3283
8968
1088
1645
2605
898
6614
2768
6571
1083
4972
7243
2584
946
2747
9296
7176
9831
371
8441
7572
7690
510
9581
2734
3212
8405
1882
4716
3963
7067
5578
933
3059
4879
1496
7900
6447
1507
2964
1808
8031
5157
8627
8682
8885
5540
1558
6356
4078
1467
1010
6911
27
9959
594
5977
2258
5353
3286
4528
5979
7754
8880
9622
4770
4122
5194
1763
7787
8362
6842
3935
735
3881
1448
4077
5310
9840
2802
3264
1195
3941
5170
4438
9332
4045
704
9530
5672
6813
1219
5128
8301
8956
8169
9144
6548
7309
9051
8163
7633
6110
8567
94
6527
3556
9327
3894
5423
6769
3590
7179
1314
5174
7393
7074
3614
3678
7811
6010
9926
4529
2733
7645
9481
6545
1096
1643
8000
9438
8228
5355
6029
5959
3480
3485
923
7423
9682
5541
2010
4842
5439
3498
3897
3923
9155
6556
3479
5198
9403
1332
1182
164
4183
7013
8818
1147
4215
2374
3055
8665
4589
1774
9615
9898
4222
3081
576
3809
7722
8356
6238
1178
2119
736
9303
5667
3473
4343
1352
1979
9095
2254
7965
746
4207
8906
4072
8197
7782
4582
2624
8699
5256
2300
5348
7577
1233
7254
3781
3448
6306
6155
9017
8222
1792
232
2524
8874
9650
1662
7242
5564
808
8543
967
1413
6117
8140
3422
98
8735
1212
2559
599
8358
1127
8991
1843
6090
3274
9695
3567
5719
3247
4468
3424
8367
195
1775
7729
1536
6116
8698
5998
527
3843
257
3863
6781
700
6779
8413
2313
2405
2490
9153
8264
9427
8573
4883
3593
1556
2094
5032
487
9569
6241
8384
7533
9421
2138
9645
1731
7836
8502
8600
4349
996
6889
2817
9342
823
2578
7508
931
664
4410
6674
6100
747
517
4838
1363
684
7112
1198
3073
5293
9572
5024
5554
5249
7904
4350
3672
7358
3396
8410
3191
1508
222
8354
7366
2394
1389
7113
7423
3849
8654
3144
3245
8010
5676
3224
7494
7973
5192
7948
4640
6978
8209
3158
8584
2404
5880
6596
2736
105
1939
9586
1768
4581
8400
2010
6981
8173
6607
3189
1142
9656
5115
4316
5300
881
9533
3779
5218
3832
1765
3936
7370
5245
3026
6270
4010
7527
2363
8757
1390
5467
5650
6118
3613
984
6123
3176
33
2537
2702
4393
1551
151
4747
864
3842
9848
5254
4560
2997
3977
1714
4366
8232
3203
3020
2710
7113
3797
9580
1357
7828
5277
7357
6162
9143
6342
182
6226
9634
4757
9672
4235
2490
928
2647
8422
2433
7689
6595
7208
2526
3738
3050
5312
4984
3850
5917
9510
7518
1430
4116
1702
8257
6818
825
1890
8806
1603
1050
1490
5025
3044
8463
2540
9268
1790
8084
1818
7879
408
2904
1820
9974
7256
5772
2818
1155
2011
789
6037
5895
2879
7401
6947
253
775
3095
4499
3726
201
3159
5627
1891
457
5224
6351
1293
6545
596
1374
285
1365
7022
6521
1815
9451
6470
4467
3084
8354
4125
5884
3421
6881
1495
604
9186
2468
6266
47
4048
260
8218
9134
9347
8549
8597
9916
9396
5247
6906
586
6062
7822
9105
1772
3447
2856
1535
8204
9535
8845
1799
9828
179
8315
4771
1738
911
6210
6395
874
6217
4164
8261
9235
4039
7280
1507
1252
6495
9163
5068
9254
2852
4049
670
9407
8892
8353
6130
5598
3367
1680
9087
7822
5331
7329
4335
8738
6603
8969
3045
8957
9364
2258
1789
5190
2236
1805
8183
4225
441
1073
272
9621
2856
3729
6046
7973
9081
121
268
119
1786
5711
1132
5871
9319
3597
9305
1863
4169
2933
4625
3113
441
8622
8703
6954
6645
9
424
4283
193
6446
7347
5919
1088
6173
9951
831
3474
8688
6120
4853
3376
5197
8918
7350
3204
1462
596
339
9175
1016
7404
8341
8381
7740
7264
3459
907
4363
1192
4659
166
4192
4575
8211
8785
1836
9409
1196
9831
7387
5059
6599
2598
4664
3338
7130
7182
3757
6275
7230
2785
1562
259
6043
7809
2088
393
1582
4265
8460
5577
9436
5233
3703
5203
9515
7631
8350
7840
4470
3233
3829
9297
1873
9073
8763
9933
4680
7761
2121
1347
4295
2581
8098
8029
2555
2416
1338
3644
7819
86
523
6260
4735
345
2786
9911
865
7478
9113
3875
7538
2915
678
5734
79
7908
540
8647
4195
1590
6323
4777
636
6262
7794
5715
3082
2141
4783
9016
3865
7702
2584
6249
1184
8258
2038
8875
272
3753
5516
9212
410
4763
9783
3293
5100
777
4967
8789
3591
3330
8801
2871
4115
8426
7887
9718
6339
2300
326
7188
5711
500
7686
6322
7666
2474
3773
2340
8860
2668
7923
680
3964
4289
5138
916
9183
1846
2463
1383
6492
1830
6567
9105
4542
9112
1225
1002
2715
5501
9242
1982
2603
9564
727
1850
3082
9300
9756
5253
8833
3757
1257
8766
9725
5279
4466
7063
5481
5285
8340
7122
3197
100
103
7715
5449
5300
8139
5349
2980
7308
2342
1112
5219
8397
7239
2192
7722
8540
5351
4324
9707
7368
5425
9657
912
5989
1282
5413
65
241
5997
2611
8781
1664
2740
1133
6035
4875
2806
8680
4651
3749
2152
7765
4722
2699
6095
6832
6297
3619
6049
2740
3813
3088
6297
8504
6585
985
4365
130
3885
7836
8378
1014
7844
9901
9063
6928
3776
9475
8699
1308
6302
1502
4253
3905
9458
9692
2872
7772
6900
6488
3064
8357
3106
6565
308
7827
5935
4359
4683
8262
2145
3200
9099
6352
4817
449
3889
3368
2162
8265
3162
5410
2492
7682
5498
1392
4724
2978
3725
357
1854
8789
2941
7183
8
293
7503
3172
4640
8215
3585
666
9087
6705
266
8230
7721
2571
1267
3797
5391
1888
4226
1577
9945
3407
419
5150
5919
3531
3892
3260
8554
4720
6612
6224
2604
8761
670
1952
5281
8203
8025
2896
1845
9304
92
4391
4547
9827
8534
3306
8182
1510
7524
7179
665
5114
3943
4115
5319
9270
8524
889
3636
4844
7849
3085
2911
2784
3661
1315
9267
1922
4445
8338
8776
6319
8575
5980
5765
4521
4116
4934
4358
5014
3284
4652
1079
317
774
5004
8559
2029
8441
1164
2169
2992
1859
6531
4357
8586
7935
9826
7905
3184
9442
749
9050
5870
6928
3627
602
3165
6502
9449
8053
6355
1218
1922
3389
9507
2385
2701
6627
6289
2087
2036
8405
7915
7032
9576
5721
1094
2267
5802
6461
3351
4026
5704
1816
7447
6520
5345
1861
6322
6224
7316
4632
4041
8501
522
1534
8048
6664
9790
8474
2829
4855
4237
5717
3181
9368
3168
7408
5144
9055
6266
1916
8760
4373
5531
6089
7946
4037
475
775
7755
3965
3864
494
9160
3746
7015
5566
3556
880
317
2227
7292
1996
2862
8158
3655
2051
1666
1391
9138
4214
583
359
2057
4038
9635
5647
1339
2442
4603
7665
3702
9323
6064
7801
7623
612
7034
6164
8243
9649
8222
5964
6620
8855
3650
3539
9785
913
2539
3647
1311
813
952
1383
774
3384
7130
2052
8052
9267
6260
8935
2236
3217
5994
619
2122
9783
886
5419
515
4398
4194
6846
2546
9814
752
4235
6763
6920
9859
2872
765
9991
6070
9984
9495
9329
5024
8016
1956
8253
4806
1796
2597
1324
2783
9523
6413
3784
6874
9071
1742
2151
4877
5452
8333
4659
9198
9265
1362
9562
5750
8070
5995
6299
3560
7816
6899
2008
4321
3971
2131
6913
7518
1690
6417
2246
1853
3115
1101
2051
8155
6330
5717
5197
8668
991
7177
2161
2588
7401
2064
2152
7107
4117
1874
2522
6563
