1276
7455
105
8169
7323
6442
8492
4485
8265
9128
899
5440
23
674
1415
8313
1332
7665
9269
5597
1939
134
545
7732
4846
1896
4011
4764
1554
8298
7927
433
5894
5902
1384
7733
9687
4480
5770
742
8426
9322
4858
7494
336
4638
4272
6252
6520
9323
8918
7633
9147
3973
7059
4225
2921
5154
9104
804
971
8814
2390
8935
2507
2508
1977
3302
8604
9566
2867
7405
1105
3144
9318
5004
9330
9796
5615
8802
7642
6222
1832
5477
9351
3546
3305
6028
5051
9354
9274
7190
2768
6303
3723
4380
8964
3516
1258
982
7868
2911
8318
1007
2436
9187
1892
4723
3565
6316
7942
8988
2658
7250
7449
925
2084
6147
3795
1704
8689
5008
2401
9949
9949
2754
9809
8927
1182
7635
5113
60
851
4887
9820
2947
5745
1928
9903
9118
6366
7590
2368
7866
382
2508
627
1876
1407
6883
184
5422
7093
4008
3631
3536
1260
4942
3560
924
3869
8443
2705
2322
3874
6691
5857
4605
5908
6581
7797
2560
6758
8570
8974
4369
571
7216
8887
7891
6214
9654
2903
2146
3884
9908
731
7914
4279
9837
4602
8570
4880
3577
1456
9499
7682
9779
4256
2253
2089
5412
2876
1065
1411
9538
7224
127
7616
3905
1536
6119
4467
4940
7638
4180
7320
5999
7508
9064
7909
7794
929
7056
5880
8156
6132
5668
1256
4449
3434
9566
5021
7341
7767
6047
604
4526
7749
5749
4109
908
8090
1904
1088
1560
1226
2997
3240
9615
389
5107
1711
7561
1066
3017
2789
7902
2158
5077
5387
686
2392
9490
6612
6371
1814
1727
6198
1388
1794
7680
8500
9488
1256
6656
8299
9903
282
3997
513
3079
7333
5887
5990
3269
2405
102
1765
5932
2969
8150
7913
6651
7712
9823
2596
5531
2828
4256
8220
6005
4803
7881
9756
9593
2493
9314
2795
3573
118
4808
878
7007
2491
8271
2589
790
9302
4747
7430
9411
3772
6481
5272
5484
2429
7641
4085
633
5061
6559
1583
5669
8891
6423
2835
9412
7541
6573
4962
5535
5000
4478
3333
1611
9854
3221
8742
1571
3435
9727
9243
3977
1018
4848
6632
8079
881
3988
8164
3011
4402
2972
2458
5119
4382
7648
8821
8116
132
6627
8107
7909
9750
2669
4400
8201
26
2360
5990
338
1229
9895
290
6265
5932
2774
614
3170
7262
7335
8108
4602
9888
906
1714
1447
7366
3344
9128
5269
8656
198
5640
8570
2491
2325
4433
9152
5716
2277
4230
3707
6196
4938
4637
9918
5838
4824
3283
165
2566
3888
9952
690
6663
8230
3433
2975
9049
7820
6647
4523
3191
229
9520
7891
7370
7373
6032
9045
8269
4333
3372
3974
5284
4928
3001
4372
2101
3074
3921
9873
4814
6189
9112
1813
9364
1691
6072
216
5300
4208
1267
7116
4250
9236
1519
4361
5173
7005
4537
4716
3768
6617
2851
6100
2876
3442
8015
4902
1222
1363
5904
2560
3852
2418
1908
9882
5962
190
6682
9631
6240
4804
7989
9284
6668
2442
1150
5682
2524
2262
4121
4796
9159
3970
8766
8927
3696
5463
247
8605
2866
3315
872
737
9403
9133
775
5684
4171
6781
9481
7001
9790
6832
2483
7659
7983
5136
6637
9340
2010
444
3331
4844
6290
2977
5275
3574
7479
2861
9646
9142
1724
3763
6201
3209
5293
6386
6573
1875
9822
2403
605
9678
5751
5183
7743
6460
6296
1801
7104
6608
1797
3370
4378
4388
6982
1830
6170
3521
8578
8899
9032
1352
5104
8274
7395
5622
9464
2959
8298
3915
5556
8257
5761
9945
9146
1056
4542
3600
5543
8643
6721
189
3274
1021
6311
8358
9153
2640
716
9335
8130
4646
1901
3868
2022
8678
2905
9098
7265
1724
5379
6533
8310
6924
4122
5589
8080
7255
329
2161
2350
1216
9018
565
9467
5709
2219
955
2447
2959
1483
9271
2131
5268
7129
3266
14
6533
8686
2958
9442
4512
5898
5260
9768
5022
7046
5850
4955
5767
8623
7962
5938
6752
8777
5022
2771
2322
7911
1695
8003
9279
5074
7131
1154
7951
4399
2003
7074
7689
1480
6277
9367
954
8244
4330
203
1085
6704
8294
7081
9161
1664
2992
2570
6904
152
6630
2585
7154
277
9668
679
9052
5262
4536
693
1542
8623
7432
6380
8655
6448
6862
1022
8699
4612
388
3545
231
1624
7690
9649
3587
343
3174
9616
1940
3809
2750
155
4957
5866
5613
1202
7812
9130
693
296
4076
567
6277
1412
2819
169
2127
812
3804
3633
6974
7747
2277
1567
2186
9380
1002
1113
2630
516
823
9883
6538
8959
8820
8381
8590
8235
3252
9026
3347
3326
5328
3702
3007
1664
6726
7128
6211
1932
5777
4033
2627
4230
8547
6522
2532
1116
1613
6361
503
1912
4530
1174
7932
2467
4155
8134
3369
5853
8499
1633
7887
5155
9833
1327
9141
2846
8263
3744
5640
7356
4719
2993
2819
823
9698
8076
8347
7125
8661
6050
2274
1359
6375
833
5891
6562
408
9260
4777
9279
3007
2985
9775
7681
5359
6737
374
1740
7270
8453
7715
5508
1432
4250
4012
2917
9861
8379
1239
1577
9886
5123
6837
744
620
7162
5317
1291
2660
6713
728
5123
3293
2952
8620
1970
5362
3451
8113
7640
9
8251
5998
6891
5251
7686
8116
5872
8352
7703
2172
909
8906
3346
9956
4722
1432
4620
290
3683
4204
2814
6985
7106
8660
4222
6461
3318
5671
6249
7484
2061
4981
308
3702
5225
117
2015
7946
4973
6213
6615
3481
4051
3799
8246
2679
4448
6271
6735
3689
367
2299
2419
8777
1799
3829
7866
6955
6819
1698
2756
3639
1780
4437
5209
6409
3644
3846
7713
4748
3936
3589
1535
429
4230
4663
6936
7657
133
4100
7849
9918
6202
7688
8931
4197
9457
9121
7540
3239
5959
8645
4838
2721
9709
3231
1696
970
2412
5946
9817
196
7239
4140
48
8086
5575
7791
8685
5028
8816
6818
7785
8832
3770
7566
7329
9774
3045
4828
8883
7879
2808
6263
8137
318
9265
4643
4797
6003
2029
8941
6023
4432
6591
9285
759
397
4399
7907
6992
835
7802
3983
5395
2237
7072
8244
8083
8341
1906
2888
4617
6879
8830
9617
6561
240
356
4530
8180
9344
1856
8538
3256
8786
3758
4648
2795
3207
788
7698
8987
5209
2681
4835
7368
8231
7068
9109
6206
8542
7907
3971
8277
2385
553
4470
7491
1007
3218
2121
2260
3480
4895
7938
7550
9336
1118
3387
3771
6068
4134
6159
8893
327
4469
7556
2098
7138
1437
6110
1307
1844
6910
3721
1681
8062
9505
8734
7107
1825
9192
1376
2639
8692
268
1098
7917
3300
4255
5662
5360
5943
8694
604
8011
8674
160
9227
2237
1328
5294
90
9831
4185
5118
2623
436
7248
62
1437
7616
3303
3572
6601
3658
5423
4103
1860
4301
7486
1188
3308
1657
72
839
3840
1557
241
1224
5838
3493
274
7242
9665
6093
771
2527
5883
8094
6889
5100
764
4199
3632
5165
2429
7386
4078
8478
3493
3841
5525
9015
499
6773
5199
8424
8130
2562
1806
5498
9395
8213
8739
9224
2428
8566
2956
1858
9205
4524
9554
6334
7524
780
5951
1652
5075
3601
1711
8687
1391
2963
2321
7985
8337
4671
680
9558
1417
8759
1375
2192
8968
2498
9130
686
7960
4870
1686
4442
1358
3414
634
6521
164
6603
2107
8885
4367
7621
7592
9859
1670
4902
9706
8917
8277
5051
20
1138
2575
4774
2539
9209
5457
3875
4869
8954
8992
5420
8235
6546
4314
6797
225
8701
1021
3367
5246
1064
5306
8213
5426
2163
858
9185
5954
9496
5780
768
4700
7541
6585
8347
7824
1066
7839
195
9722
8082
8476
5297
903
4283
3387
8350
8919
6428
2730
4170
2573
5736
655
9186
6153
879
2185
8292
8355
1322
9543
6191
846
3321
9209
660
1373
4953
5380
4820
6180
7553
2753
9022
2253
3098
8850
5818
9408
9977
2274
9557
9292
1804
7547
109
8366
2266
8835
8984
1922
499
5150
5989
5786
2301
8901
6325
414
4867
8119
7358
4479
4088
1918
4197
313
3097
4389
7509
7442
9869
45
5771
3749
6832
8949
7060
7564
9783
4679
8967
7687
7465
4367
7613
2819
7131
1178
7588
3053
7092
7496
9362
4871
4498
8921
354
2027
1266
7388
3626
9989
4586
3433
722
5454
4048
2913
3839
5146
3409
6248
8253
4664
2893
6519
3097
2435
9546
5503
5179
1172
3447
927
2446
3962
7177
5881
2131
7408
5830
9114
3427
9227
403
6433
4482
9953
1613
1834
4456
5297
4484
8146
4617
1167
4064
7401
9363
6416
3744
5726
263
2814
1330
4158
702
1538
9929
7254
2858
4013
9534
9835
1277
2090
9568
9270
8318
7501
8239
6958
9265
1607
198
4624
7803
3307
8169
9950
3547
5672
5658
2082
8729
9523
9521
5428
1096
2634
9549
4850
5242
5675
2246
706
9265
3379
3702
1215
4380
8662
1279
2258
1464
441
4735
2172
1270
2172
8480
7755
1076
8758
1469
8973
6689
360
7796
82
408
2704
1691
7309
3067
7
9028
277
9207
992
62
3882
5910
9202
1656
4514
1599
5492
9745
9613
5345
9857
5642
392
6049
9707
8101
3164
5831
7374
2734
2872
890
4879
8462
6977
9307
5452
4165
1275
3147
6285
3664
7509
1252
5612
5521
4907
3128
6124
9080
2689
5965
8697
8588
7336
1490
7614
1258
5925
458
5629
5734
1312
3681
7011
8601
4636
8465
8070
400
4076
5966
2667
9529
1411
6770
5365
7503
9350
4490
1488
3567
8059
2379
3790
4257
7515
2306
7343
4376
2077
5428
3935
1429
3085
9131
6831
8455
676
2927
5636
3530
2722
800
1727
983
6780
5708
156
2416
8957
4524
184
9573
8530
5219
4515
3140
4419
4317
806
3303
5402
2437
4976
9182
1263
8349
4543
3527
9220
540
9148
7238
4488
5580
8126
6053
3024
7042
8877
4540
9723
594
5869
2845
1743
4272
5326
2558
9824
7002
8707
8014
8670
100
2394
8874
2458
2353
6918
3228
5842
2593
6370
5153
3992
9270
9109
7327
7950
8809
4389
3782
7673
7979
8478
1360
6697
5926
2324
1275
2650
7108
4447
7468
8826
6562
5544
5474
1420
1862
6616
9531
5564
6930
9540
9368
6880
3989
7031
1753
1488
1516
9515
8419
396
3739
7486
5940
4623
2363
1605
6712
865
8874
8680
1356
9565
5201
8728
5277
2866
9838
1829
5977
4024
4147
882
6954
4315
2664
8193
3608
5852
2593
172
9657
468
3629
2904
7786
1375
624
4627
5032
9824
9271
2880
638
624
8097
6037
9050
5286
6407
8908
2648
4380
1810
1044
8476
1227
2614
9676
219
257
970
6704
331
5364
358
5821
9932
529
8062
3099
4125
9665
8999
3462
1183
8669
1770
9539
5181
9871
5241
2900
3932
9321
2848
5955
8387
8832
7231
188
3350
2059
1711
7512
2836
1075
6158
471
2565
3617
8392
4623
9671
5865
8357
6754
5556
3098
5317
4890
989
8979
9021
6553
6836
8346
2088
5748
7914
2449
8525
707
4066
1935
6778
423
9193
5758
3379
4362
2140
4596
849
9471
7905
1923
9461
914
1674
1202
7209
186
3756
4502
1435
2689
7632
6197
174
8227
3208
3675
847
9424
2070
9796
6944
8112
3815
2618
5979
908
2289
7320
265
888
3047
3633
9040
7459
7798
3256
8449
5896
7020
5285
715
466
259
3767
6163
4891
434
4433
9420
5479
7533
9421
5901
3364
4635
3139
5402
2571
1853
5831
1130
6742
5907
2034
5981
1928
5740
1987
3890
1381
7317
4103
1729
5051
689
3597
2273
3673
5502
9312
6755
2391
3303
8592
2361
7530
6853
942
5934
1407
8737
1958
9723
3082
5235
4471
9984
7258
549
8777
1881
7172
2139
575
5914
5286
5621
7538
8075
3795
2950
5039
9688
4850
6399
7447
9078
6176
7049
4117
4653
9265
7484
2597
3851
5431
7930
143
6485
5825
1638
2619
3767
590
2964
6106
8141
8846
7970
4822
4491
200
9840
3412
8459
3592
3484
1518
9635
9416
4363
3805
2195
2761
4534
6606
1026
17
6467
7151
9310
1612
7499
4530
286
6097
318
127
4238
3696
1897
8564
3
2689
6343
5895
4811
9348
863
8284
8717
7362
4819
5806
7423
5507
7030
7995
6440
6895
5156
646
2419
3152
6939
453
7956
3745
1306
2591
6733
4996
6847
7693
5954
7376
5403
2231
4570
1231
6772
624
2704
2696
6119
279
6883
2100
3461
9884
6982
6089
1523
6188
3179
9067
6549
6406
7006
9253
6529
8481
3412
3380
4350
2492
2245
4851
4709
5090
5735
6292
2810
2806
4311
7245
1118
709
1729
3590
9912
7856
8821
8250
9450
6357
3703
6375
8932
3685
2958
1938
8402
8954
5240
9927
3547
6226
6334
7095
9026
5596
7180
2829
9977
6522
5892
7903
153
4962
4114
7723
7333
2303
8447
9163
4061
8028
6047
8303
4441
9653
2400
7490
9380
4099
9801
5831
306
9905
9253
428
2068
72
6101
177
1952
6150
6110
9342
9743
957
2182
7684
12
9810
1447
1395
7516
2732
6351
2132
4418
7517
976
3126
4682
5294
4146
8912
3660
7376
8200
6954
1426
1432
5035
8109
9240
43
9630
531
5576
6891
7019
5318
7214
3565
7344
8726
3787
4327
7170
3502
2176
3520
70
4011
240
4087
1458
6332
1627
4537
1599
442
1769
1757
9843
6486
5990
2721
4434
6578
6484
7616
2603
9638
175
5263
3468
5709
4525
3935
5964
665
7318
6913
160
3286
160
5633
9211
4784
1799
1604
9182
9994
6
9721
4865
3197
5501
4716
476
2760
1403
6190
6029
4231
8910
9857
8229
8991
92
3646
3785
4385
8312
8451
7754
5641
4624
8281
1338
226
9183
5447
495
9513
8387
9065
4325
3382
9213
9897
8201
7242
5714
425
9490
5736
9028
7809
6339
4439
9119
8746
7602
187
9638
7881
1952
7413
2173
3593
1376
2829
9041
8622
3329
7902
4431
5097
7470
7853
5900
8916
4628
4355
1113
820
3622
226
3941
7196
6720
1988
553
4024
7994
5378
6817
599
6638
4211
8497
1504
8716
4499
5992
50
7400
8420
144
1565
3270
6587
3130
2635
8367
4257
7513
2026
273
1847
9383
3633
2038
3893
6194
4318
3952
9458
919
5188
9771
4086
7277
2337
5758
1858
7588
6201
7069
3781
1380
7279
6040
764
1337
4331
2553
2515
6598
424
7712
9182
5115
361
4326
927
5257
1363
2260
4575
1697
5121
3473
9086
3650
710
4311
9256
2830
4403
9370
9470
5097
7451
608
6292
4162
5449
4135
5009
7457
486
3881
8125
2328
5111
3003
7247
5345
6502
9164
4946
8250
383
4787
5336
1380
4115
7280
7717
8237
6426
2309
2982
6097
3863
4663
5199
6027
3406
8502
7500
4011
2313
6654
8098
6216
3141
9157
1224
7761
2037
90
4828
8471
1601
9816
2317
6458
7119
5594
6
6249
5499
3143
8411
7560
6938
4792
5363
4971
6524
8178
7647
1045
1975
4568
5233
1690
8217
5935
9015
5161
3736
448
2333
4101
1544
3861
1045
288
806
7063
8543
6875
7535
3809
6907
8547
8477
7803
6282
5306
5008
4751
5125
1741
2016
2544
9587
7540
1627
23
4067
5846
1359
554
7050
8589
8672
8598
3279
245
4525
7451
1998
3059
3398
2758
8349
1442
9531
6523
2301
6051
4161
2908
5827
4160
3201
1219
3112
2348
5583
243
3942
1209
4395
9639
2882
8509
3796
6353
6125
6598
4757
7562
6862
4857
4699
1791
2124
3468
4629
6218
8988
3738
1015
5710
982
8176
3573
9994
9588
1599
7641
2153
6489
1954
1346
7540
2882
4885
7436
962
8104
7223
1778
4017
8213
8093
5881
6170
6241
1370
432
5107
6522
2559
5374
9123
3423
6959
8287
1680
8769
4389
9946
9591
2894
1315
5862
154
5016
8487
8463
6789
7196
2334
8084
7809
3271
9019
8514
3324
3610
8548
5322
9718
362
6274
5683
8757
8406
847
634
2749
6216
6957
232
9226
589
8918
2970
8187
1440
50
9894
3268
6479
4153
1662
9121
2070
2920
8086
7592
5820
3914
2712
4578
41
8743
2551
9381
9
8448
2974
5829
9452
6496
4959
7011
8471
3835
2533
7282
6134
1145
9695
2765
3783
3592
5474
6588
9787
6104
4538
6865
36
5457
8945
3898
5276
2220
7155
3927
9229
8844
2604
7138
370
1510
34
7872
1935
7883
7160
7658
9887
5743
437
6809
7097
7116
1635
7413
3343
910
1135
440
3935
7808
6255
5470
5060
9024
9635
293
3430
5611
9316
2900
8714
8772
9392
5437
4056
6896
9083
2966
3512
6783
6672
7916
1709
6949
4282
7641
4227
7914
6231
8500
8106
5858
4555
5886
9057
7658
3776
6920
3632
3101
4651
346
6810
9537
4883
682
7066
9864
206
9061
9200
2647
4388
4753
2023
909
8026
5266
1007
967
1410
5301
8974
5699
2305
1666
9096
3692
2123
2300
8709
9490
8869
6840
2103
5882
9929
262
5760
8882
5815
3324
5496
2893
624
2315
46
175
3535
2348
7916
777
6346
5260
4689
7723
7123
2164
5647
417
3140
8224
7324
4627
832
6438
9506
6880
8268
3177
2813
9470
4505
5321
2908
4058
5787
1344
652
8589
5471
3252
3272
8969
8336
7093
6722
3614
7074
7244
5420
679
5853
4270
9250
4209
7736
2797
8913
5346
9922
9869
313
3175
3393
541
2562
8344
7437
6485
5390
9872
7304
1483
8077
1501
1407
7987
2322
371
8018
8919
4977
5281
7383
1403
3695
6441
8652
5526
1075
9416
2227
7596
7061
8606
2196
2135
8744
802
9910
8472
3508
5610
7176
7229
4135
1655
6736
9963
9586
9985
6922
3876
7233
532
6267
7768
4167
1416
9210
6368
7166
3822
479
147
8411
7021
8728
7983
5001
6607
1641
8272
4978
1249
7399
2127
3557
1331
7993
3288
8398
1363
2607
3355
1071
6798
1993
1588
8817
9904
537
2492
9545
8306
9039
8110
5009
881
7143
7559
3500
3280
1417
8368
535
24
1676
2429
8923
3320
8026
506
7952
2342
5926
6342
898
4122
6601
8936
8001
6658
2499
9079
6445
6993
6529
5794
5347
3371
6034
5804
876
2886
6268
8808
6422
1601
5433
5240
103
2186
5255
8531
7520
2193
7619
4242
2734
9944
2170
4967
9215
8082
3532
5799
5696
6342
7053
666
920
9350
2272
1082
3184
8595
642
5693
7962
8309
6244
9521
1568
5270
9189
5333
5930
3441
1577
5157
9527
7746
5278
3477
4977
7681
1749
3842
5463
4795
4700
562
5592
6589
1136
161
6119
8666
2177
1532
3008
3962
3790
7996
2474
8606
4884
2413
1837
4760
3947
2037
4619
3052
472
2695
6655
8364
5860
7411
3564
2680
550
2728
325
542
5885
35
1306
9404
2047
22
7156
1615
5132
5178
777
6159
9979
5093
3440
8606
1511
2880
3553
8996
9017
3279
3876
8716
4331
5930
417
3194
5857
6623
7898
7713
7300
1234
3950
8718
608
5388
8274
8936
3396
5807
2919
4585
7281
3346
7970
8792
5317
2456
5771
9384
5487
1985
1477
7368
6702
3619
5591
7134
5422
5102
6587
3192
3330
6093
4229
5692
5847
1375
7210
6189
3050
9559
7588
6880
6956
8284
7133
1031
9031
9697
759
5757
3749
5988
8553
2950
6844
1756
2291
9552
1489
5798
2477
6767
8815
9164
6267
6590
795
4097
5086
3476
4239
5292
3200
1446
908
4015
783
6968
1034
2704
4400
2893
1462
6211
1938
5974
6662
6080
2509
6259
4329
8840
7471
4684
3280
4518
9537
5320
5993
3796
739
2325
5077
2754
5348
8043
8241
6699
339
4595
9868
1323
7934
2794
2663
3912
7246
9082
3548
9134
1301
4769
2467
6294
1433
7661
6490
7046
4998
846
4543
7250
8385
5571
7354
1966
8648
6680
6048
8651
1406
8625
4886
4852
4145
1705
37
8670
6329
3093
6785
5401
5705
9987
7151
6481
250
7085
3271
1825
3131
237
8391
7815
3423
1161
7104
2859
3013
9523
7413
512
1356
6891
2869
659
6676
7547
6591
1215
9590
6494
5081
9132
9280
8653
3759
5744
8881
9421
1118
3053
5257
2576
4077
9821
5116
5930
1562
4143
4971
5230
3955
3029
542
2066
7904
508
6810
5236
2085
4870
3256
9237
9507
6024
3935
939
6221
1337
9070
3014
9111
8819
7714
3216
1356
4453
9811
9985
249
4927
9742
5549
3113
7748
5919
1868
802
7307
563
7822
2808
8833
269
8560
7167
3846
6742
6214
4523
2486
5814
7298
732
9938
5276
5182
6141
8786
8172
7472
9112
9168
7825
791
3459
5446
4393
9695
2506
4625
7743
8125
2861
2043
7511
2431
1341
8989
3291
7629
4594
1261
892
6546
5284
9589
7483
5591
3498
8471
4342
5557
662
9414
8058
1596
6354
3799
9993
9787
9461
6305
3701
437
7128
1642
6007
2060
3463
7381
7844
820
8149
9183
7960
4671
6238
2642
446
104
949
4771
461
7507
4302
6894
5486
3296
3798
8792
968
7361
4996
8287
6522
2937
8420
5508
9352
1359
7495
1549
408
5236
8918
6789
1534
7847
8652
1901
6714
3629
623
5377
3681
1920
4737
1493
3400
9496
3097
9665
7741
8102
2632
2294
2559
1121
5440
8259
3970
8319
217
8849
7309
7036
568
3382
2074
4545
6929
2983
1610
1599
8307
8786
3565
242
8238
4255
3146
6599
9786
8848
231
3367
2924
5574
4823
6235
2850
4767
2266
589
2530
3110
8045
9970
4642
5040
7887
4562
3052
2417
343
5055
8924
1792
4362
2765
8514
3174
6878
412
2954
9191
7004
5594
3892
389
9500
7543
6908
9661
9400
7158
8403
3905
6417
4012
3196
8459
7724
1337
1649
7448
2624
6893
5022
3541
1487
2411
6133
8558
577
5535
1361
7405
1384
680
4371
9887
2694
909
6183
8186
1850
3617
9944
3891
1872
6484
2689
7743
7167
7414
6383
9122
1266
1435
4794
2451
2535
6299
2999
2170
4779
7990
9116
3981
524
3048
1905
2380
9504
4031
9131
6837
115
9730
3029
944
8709
5633
6724
3089
137
5029
3429
7327
231
2062
5627
4853
2653
1078
7197
965
5416
2412
2793
6215
4238
3948
2628
7658
9765
1834
6270
5520
3079
6205
9427
1388
9483
2427
4920
1194
7553
3847
9398
4782
4797
1135
4901
8933
8854
4313
4263
1744
9345
238
1707
3886
9423
1397
957
9401
8220
7619
5643
663
1474
4336
1359
8255
7410
4283
2263
7757
104
1527
3189
5606
6028
7564
1966
5050
4114
5685
551
9745
8546
8315
7285
6258
1996
4256
2241
6529
3050
2354
1875
6332
9753
7610
9634
8899
1064
4350
4415
4406
589
9700
6762
4524
7493
3035
3570
4971
9237
9413
4055
9953
1943
4570
838
1051
6526
8510
3070
5243
4211
7304
4780
1035
2654
6851
2540
2413
197
9791
3443
8374
70
9268
9593
5987
9556
5554
8559
9945
7492
740
7640
2932
6067
2208
1039
8790
5387
2059
6107
8376
887
9456
6070
7854
3764
2918
9277
6943
2335
6383
6769
6554
1142
4183
1272
2897
5928
8979
1213
8401
5733
4839
3697
5460
6108
2400
8026
297
9049
8522
2284
4801
7467
3014
4487
3245
7301
8935
1609
6355
3693
9196
9985
5076
7021
1961
4149
9373
1472
6141
2499
4023
113
9894
3306
3122
3529
4769
8574
4744
4989
6574
7206
5933
7520
2712
9135
7120
122
8092
4558
102
9925
3431
2672
471
179
9687
7134
280
6143
5290
3621
9017
4421
295
1855
9514
8685
7389
2630
2378
4630
540
9240
5921
6993
8502
781
9271
8586
1850
3673
6693
5807
9970
6803
1638
2268
3216
8843
7968
1399
8918
7760
7485
6523
6426
7590
3043
5554
9170
1261
8207
1950
8510
8102
2390
2034
4664
4301
8492
8206
6327
3156
3081
1901
7076
6486
7008
6730
2050
4027
8242
614
9034
3495
4223
3036
8733
1645
5416
3358
4248
1398
8098
4286
9911
9949
3545
8537
9602
4413
2345
3703
8920
405
8633
9054
6805
9810
7506
3070
1496
1775
6393
5224
6041
1175
5611
2748
6512
3366
4251
8957
7785
5838
6148
5595
1681
2704
8798
3602
9188
1571
1312
1021
5107
5656
1212
4164
8322
8320
2427
4827
8407
3576
7142
6190
6331
8260
1158
9347
6699
2079
1866
7963
6630
8219
5160
9384
449
380
8874
9736
2986
5410
4673
9777
4322
431
7961
4786
9635
6793
9438
709
8842
9972
1776
2501
3319
4319
6257
2688
3656
2449
6962
914
7925
7798
4000
7248
3644
5948
526
4400
2611
2661
6698
521
5576
1598
5569
7863
7134
1822
3590
62
971
453
6053
7966
6578
9012
6767
4052
5512
5279
4102
4440
1336
3242
7384
580
6498
5730
214
2425
6473
2655
3810
1681
2367
818
4093
9160
3042
5335
624
8317
2254
2813
1389
37
667
8250
3226
1467
9253
2203
9883
9231
643
2024
6531
7306
6224
5038
5785
7768
1928
9686
5923
4557
6631
2068
2801
6526
6539
8086
4599
5945
2733
8889
2807
965
4741
3561
6753
1645
8194
3943
3886
1892
1884
3009
7000
6072
3963
2837
2462
5252
9947
7545
7195
5245
4402
7953
6632
8211
1499
7916
6909
911
1014
2874
1117
7383
5430
2034
1045
9117
9569
4960
6644
1468
3735
418
8398
4368
8186
2155
3751
6162
9197
8237
1953
8439
8873
1890
9979
8200
6759
7953
86
3956
5813
5829
1024
3861
9486
516
4433
4068
7779
956
8417
940
9612
4641
4296
1767
9224
5556
1367
628
3377
3500
7330
3054
3330
4406
8404
3490
5981
4413
2644
5778
4677
2070
6242
3535
9088
7837
9914
8231
6572
8312
5643
6494
8903
8563
9579
360
733
5713
2339
7676
4076
1611
7204
3517
7831
1098
1633
589
4096
8530
4430
9373
8614
6965
8739
9145
3036
9509
2825
7301
7403
7121
5916
5427
7474
9406
9398
6738
7898
9891
6819
4471
9367
8794
7887
1693
5219
5186
4494
7919
3891
497
725
9560
6512
5599
366
3369
9441
8785
167
920
2273
7845
6352
670
4200
2438
4084
9255
7217
5149
4405
5421
7181
6665
508
6345
5290
3533
9134
3988
1908
1982
6219
5902
5298
8891
2230
1792
223
4555
2903
2131
317
1419
3092
7719
6746
6621
8844
4848
7382
2273
7947
3713
4712
579
1301
5074
4445
3026
854
7718
5474
94
3456
4881
9045
9787
8980
4127
6626
6150
2223
4524
3225
4787
9257
2581
515
1119
2503
1353
8171
8246
724
1098
9534
5270
22
5726
1400
6064
1769
8192
134
8388
7897
3598
2377
3540
3241
1664
2749
3941
5256
6455
9293
2786
3036
943
6604
5453
9179
4629
9068
3699
2478
2797
2626
2397
6495
1907
9767
9227
2460
8494
915
6720
6378
71
9499
2070
392
315
4605
4336
9028
4262
6958
8872
438
5751
8538
1113
3490
686
4156
8056
1434
9370
1044
9120
8281
2747
8522
3306
9173
9924
3156
5081
7430
3351
8152
5363
3147
8198
1973
8945
7817
336
3840
634
9890
5922
8750
7247
9704
5804
4914
7474
5281
8610
1289
1149
9855
2728
1160
1173
6494
8861
8613
9150
3280
7650
2021
1036
9651
9649
2689
7960
4229
3856
1015
4502
362
7996
3639
2590
7928
9045
3005
2122
7670
6074
809
7581
661
1775
9036
5932
32
2649
5332
1173
8840
1668
3593
3920
6122
9192
8986
9142
8896
3185
3539
7656
5361
5658
3149
5562
9105
8755
9135
4404
3753
7243
1935
7853
7962
4353
506
7377
7835
5007
7950
9668
4808
3267
1886
3996
955
6450
3565
7354
5614
9309
3297
575
4187
1199
3205
6276
4609
640
8144
1227
5008
6311
5653
1569
7018
3065
2743
3084
1237
872
3742
2995
9444
1320
6851
4575
7006
7040
339
5790
9265
4870
1784
5300
765
3508
8606
9471
7401
2415
2019
9618
4936
8467
5296
7387
3196
4406
7635
2736
1093
9326
8923
9988
4847
7603
9102
6794
6552
1464
8305
2215
6729
594
5495
6671
9896
2161
7778
6976
7153
9698
5265
3325
2406
3633
3309
5766
4208
2690
3180
8844
539
6090
9614
9284
2029
7257
664
3699
2236
5668
7879
9466
4939
5322
850
6149
1273
8305
5549
8730
5182
3830
8711
9235
8063
7340
5904
5605
3555
6760
2895
8938
9362
2929
9021
3431
9026
5195
5200
5238
6414
1374
5498
8685
3702
8297
5014
2435
7721
6034
7839
6567
4673
37
69
6870
7723
2930
8021
9422
2848
7199
645
2668
4651
9824
2844
9251
8845
5972
5260
3109
2265
8235
8070
6289
9026
561
5294
1304
1519
9138
9840
7232
5206
7574
9645
8814
8018
5536
1730
1814
9618
30
2588
5686
4420
3298
2002
8876
95
8261
2597
7675
600
1521
2179
6776
4696
8841
7241
5536
3420
4873
3920
6764
9822
7390
5529
3092
1921
1374
7261
8328
2980
6908
6076
6850
1207
1740
6940
6024
4642
7670
1764
6159
8455
8362
1178
1207
1676
1945
1945
7184
7553
2804
3247
4999
6177
4238
69
587
190
4413
5770
1840
7950
5211
7629
3807
9060
9731
6234
1128
8767
5275
566
147
4234
3297
9358
119
7639
3578
9491
5102
6725
193
5698
4193
8016
7415
8086
3434
2125
1096
468
3216
6063
3990
6557
1039
161
4136
7768
2908
4842
8186
7474
6170
522
6896
2007
8397
3853
409
6370
4243
9382
332
4769
9736
8443
6262
6393
6158
5912
3671
9800
1649
5754
2387
2900
2198
5106
3224
3990
3251
5304
387
5635
9917
9664
5260
8323
7349
7590
2663
8248
8775
5261
4173
1830
644
7014
2766
3831
4370
4778
6319
3667
6859
6827
2776
4057
8186
2350
4878
6504
4441
7461
2696
6653
7730
4296
7604
6698
6215
5800
1766
8060
916
9432
9618
3164
8663
1432
941
9136
6882
7431
1750
1463
6753
5819
7728
1433
4036
8891
8388
2761
879
2119
2770
7733
4392
2164
5580
4898
3119
2507
2019
7472
5497
4674
946
2002
7985
2527
9514
5803
3813
3668
9278
5009
3664
3572
794
4538
8063
1313
707
749
3794
1137
7374
9266
6381
1835
3547
8767
8732
2115
4778
2642
6029
2830
6549
8678
938
375
1067
3893
6894
6438
7957
1035
1554
9803
6641
1068
5300
7717
2313
3997
9729
5899
8336
2717
9973
721
1586
6701
5680
525
9483
8579
3090
9718
9760
5567
7416
6028
9327
6453
7405
3331
1283
3166
142
5363
7914
1155
7525
3399
8728
5180
8899
8202
7432
6642
5291
8589
3783
1696
5292
9798
7572
3317
7940
4704
902
8941
13
7817
5941
7566
1060
8994
1079
1881
6252
6248
1253
5385
6251
6707
4864
4534
8667
1742
7392
5721
6361
6122
3064
7744
9578
6479
5959
691
9796
9924
3968
1031
1793
8738
1699
6566
1333
8230
6793
1288
9231
8027
4078
9482
1878
2559
8895
4598
2961
7737
8545
9696
2091
2664
2646
5516
5002
1588
7755
9213
5567
7237
9052
9871
8528
9916
604
7071
1001
7093
9193
7723
1910
4152
5623
1777
4257
5521
5029
3406
2167
7215
8070
6984
7046
628
9300
7832
9869
960
3570
4788
5214
9467
9447
9381
5358
3139
932
8977
9368
1487
979
4483
4822
8531
2184
4154
8469
623
3594
250
2216
1572
1267
6119
3245
6270
3811
3651
4085
9020
9126
2384
8086
3640
2659
2023
9904
9945
1991
244
2996
1737
1517
2744
3259
7417
26
5660
1822
3399
4691
9970
4368
8075
8718
4518
4482
7208
4653
8132
1251
6168
374
5009
8127
4909
3185
9321
1694
2634
3957
5606
9783
6148
2928
5540
6066
4027
9201
2622
1290
4955
7011
4155
7990
5449
843
4422
5605
9687
8958
6670
3255
1685
6500
5655
85
4695
6187
3795
119
8914
6464
2433
7892
923
3035
1532
116
9855
7124
8782
7964
1232
4530
7842
6220
2395
110
7512
5461
4949
5864
3829
4435
8547
8771
997
4933
5439
1
9514
7171
4169
646
791
413
3327
1738
7617
8344
1999
1108
4184
4030
106
413
2860
7459
5293
7824
3173
2575
451
437
6265
7423
5700
2520
3040
6142
4091
6225
1216
3542
2644
8752
461
2701
3168
2454
5317
4854
9050
6564
3611
3108
7232
5533
5012
8131
6254
9602
6133
7580
6458
5038
5208
2018
2194
6501
9504
5923
266
867
5954
6790
559
5533
9998
5372
48
408
4336
5834
5270
4996
4850
8310
9532
8146
4457
7658
5671
5643
5336
9621
8006
6770
4244
3563
4299
5634
48
4851
1662
9781
3770
2655
2604
5907
285
4170
487
7530
2762
4178
9386
6244
650
1011
9928
7499
9624
6873
4536
8263
4229
6448
9489
5610
4152
5604
8018
4620
1477
8192
3916
7646
2067
6013
8259
6910
461
2311
4519
8909
5338
9189
3992
9877
7724
5845
3217
669
5887
8506
2398
4154
4705
9014
6878
4252
3911
2796
5416
6336
7612
1098
953
1280
9453
9379
5011
2509
1966
7730
2634
1181
2935
2729
6201
6938
4580
8156
7187
1052
4807
9833
8942
3108
7380
4486
2327
8849
6723
4974
72
8357
7825
260
177
4719
2977
7039
1598
1072
2155
2276
5063
4937
461
9721
6144
1322
725
2903
1418
5411
1603
9335
7310
8730
9938
9750
4168
6670
3275
8818
3454
8942
101
7293
3892
8130
619
5912
313
2219
2042
999
3903
5726
8226
8624
4357
4331
9375
8233
5789
2780
592
5165
4456
2111
8083
3754
20
255
9790
4185
87
2107
1900
2768
94
6260
5558
9871
1438
2066
7370
132
6546
899
5684
8957
9543
3934
5795
9744
3489
8794
7840
4584
4742
6417
9084
6386
3997
4705
5391
5398
5173
4294
4599
3312
8484
7413
8172
4488
973
7045
8471
4931
6775
9672
7095
510
6799
8829
7633
1952
9196
6372
5132
4819
6395
3096
2721
7655
6446
2179
8327
9
1035
3975
9348
5157
8864
9210
3112
4218
2184
9478
2231
6808
7200
8931
5482
4153
8582
3420
4244
3130
331
2348
8719
7184
3081
7979
3353
3001
3805
8790
7095
2120
3059
4513
5581
4480
6404
7167
7290
9406
3835
3805
5816
1651
6001
6542
8770
211
7083
929
3277
6493
9830
406
2013
1614
4811
1719
3806
6374
2112
2165
7410
5769
1465
385
8833
8106
7178
8112
6438
5523
3178
8893
9129
3399
4270
4371
8407
8679
8202
392
1030
3446
9548
3084
2809
4540
1688
4281
5593
5117
5357
6365
3650
5659
5273
6126
6174
1580
9641
7857
2010
1768
7071
1004
9998
2890
3612
9181
5613
2237
8744
3351
759
5871
5796
70
8467
5888
5617
6963
6256
2746
4668
6884
6835
7268
6328
2815
2786
1770
600
8246
46
8138
35
9849
2658
6091
7102
2838
774
6157
5678
3936
2968
6981
8045
2363
4794
1578
1342
5741
7266
3428
3017
6916
3227
1354
6684
3186
4196
5838
8841
7776
7702
238
3388
1371
7690
5179
3725
6468
3114
465
9343
7683
5165
9109
9734
6619
5784
4864
8258
5825
162
5646
6995
5131
8056
2401
1115
7755
1692
5982
9115
4138
4196
5815
2781
2362
7898
7163
1167
4416
6233
8813
2106
5625
304
9113
4831
2317
5005
4014
1475
8085
8845
2403
9142
5454
4661
4098
8666
4787
2223
2999
3801
1854
6100
2225
3964
296
6440
3977
3087
5079
2581
3412
6934
7283
3891
154
9037
3294
9203
457
403
4637
9406
2527
9734
3345
9582
7012
3978
7614
1985
4892
2682
4129
4720
2411
5531
5488
2406
3526
4862
8115
3113
3527
9031
3829
4177
924
9261
4075
7817
2835
6522
6112
1227
4209
2173
7181
2261
7315
3108
3114
3640
3815
3935
1815
8691
7085
8767
45
9461
2504
3887
3588
4351
6917
1253
5057
8597
1668
6790
2751
8416
2380
9244
8849
2384
4832
4349
604
92
8711
8141
1163
6792
4169
1998
601
6479
2564
9616
5838
9235
1630
9312
2249
1355
7572
9839
9929
635
3863
5967
1789
3838
2647
3169
4436
9602
7598
2967
8970
2524
9134
4110
138
4533
7510
2891
4368
3454
4467
6514
1475
9555
8972
8552
8156
721
5434
6309
9205
6609
9668
5254
5385
7104
1029
6146
771
3748
2388
6677
4347
3934
7915
5709
7886
3417
6906
8491
3979
1530
8964
5209
9617
6033
672
629
5405
8413
7100
263
4009
2071
4648
2288
5508
8747
7016
7659
4043
5217
8440
4854
1291
3051
5076
5076
3597
3303
2833
2343
6701
1404
5505
66
2046
261
1617
9594
344
4709
2650
6525
6102
6002
3207
2037
6947
7531
9445
8899
3149
6428
4674
9238
1709
5090
8394
975
3005
8565
5638
4832
3040
3667
4317
9702
5504
699
2171
3765
8349
3452
2435
2888
6997
1923
3519
6420
6733
4122
4508
110
9187
9681
6175
5018
4604
538
2182
653
7829
7280
3059
7705
9737
3554
999
1526
7323
5831
5322
4573
7013
3399
3967
1027
586
878
436
6274
5160
3408
300
8173
1335
3770
4123
5594
8903
7680
9514
4730
7413
5807
7281
1139
3157
16
9194
2569
9708
3181
2145
9514
4662
2493
8581
1243
6409
6191
2413
9074
9929
1557
9322
1416
5111
3220
1405
1388
4299
3197
4591
9102
4068
9331
7494
4423
1484
6541
143
1888
7027
4302
5626
3082
463
5935
6483
6102
9364
538
847
5394
1423
2654
3069
4181
1662
4691
5932
8388
1899
673
5580
457
7275
7413
8311
2829
8020
7270
1294
8433
7503
922
5447
9214
432
3921
2000
445
3894
1984
8655
6860
3522
4270
4392
3472
1437
8729
3014
3080
2438
2744
5307
3389
6850
2470
4884
1812
1884
3515
8607
2317
9011
8833
8505
3233
4239
860
4173
2401
55
8598
8800
3622
6443
8975
6775
6600
9534
6124
6964
9666
8616
1729
8009
811
5718
3130
1845
2236
3488
1838
6425
1118
9335
3400
2316
1747
2669
5124
3781
2939
4322
4905
843
2839
4361
5652
2402
1410
7270
9016
7541
6133
3220
3354
2049
5987
3099
9100
3621
419
7163
2425
2718
5693
7813
7419
7535
9078
9674
9911
1170
7684
7310
3440
6453
6564
6894
789
2277
7951
3452
5
4301
4043
1439
3123
8478
6436
704
8943
6727
3902
1630
5556
2350
3869
7901
6239
9477
7731
7455
8840
5268
2048
6538
6636
4562
7157
3616
4681
3886
5502
5940
7560
745
3086
159
1532
480
6169
9225
3616
8076
3668
5147
2140
4055
1894
4111
5870
4143
737
3997
5658
1517
4566
17
7997
9122
9734
36
9280
3892
38
7988
9784
3457
1025
3463
2912
5197
57
1077
4419
6254
8777
1310
9681
301
7286
2805
4598
6790
142
5350
9464
5764
7095
5179
5085
2096
2087
2443
5499
6868
5552
7738
6349
9652
2245
8770
6362
2217
9665
5762
3795
2029
9983
7291
8621
414
1589
3766
2663
6259
1455
2733
6403
9504
23
9448
8707
7667
4269
6818
9470
5290
9801
4904
3918
2656
9946
4492
594
5453
8717
5083
1923
9971
1761
4205
7475
9590
4205
1388
9549
1289
9413
3539
3102
8287
228
2441
6978
3817
4572
2955
9314
6573
7431
8225
9121
9211
5640
1272
7641
9915
2672
9796
8639
4537
3212
5007
4367
1497
1997
5522
3971
1447
3696
8162
3589
2213
3382
870
1546
5788
1799
7178
1419
2959
6360
2744
9320
4955
6294
6557
5997
2176
310
7539
9732
9753
9072
9371
1107
8780
1806
7650
2755
9849
5265
4980
780
9347
8946
3449
9966
7652
4813
2937
4762
7820
6878
1176
6596
4610
9821
8319
3942
7308
8969
7109
6678
8850
2421
5885
4449
564
6681
9259
9429
4380
7083
8557
1283
3062
5355
1626
3232
2852
134
158
220
6734
8701
4351
4571
4284
752
7503
7122
3002
2609
7782
7398
4748
8848
4726
3388
651
9553
1496
6872
3339
1530
3436
887
2903
8997
5131
7510
471
1858
6648
5401
7283
9667
8265
709
6747
3959
9278
5816
9074
9175
2531
7194
1670
4671
1162
1428
2058
6266
770
5199
6955
7252
6827
9284
2392
6191
6516
5962
9700
4306
7543
6658
9686
901
3328
5334
1445
5621
511
1081
5700
9258
6923
1553
6356
4270
4747
1826
1246
9756
6646
2530
384
4958
8817
4644
1726
3734
9729
13
8329
1784
8086
5805
7939
8021
8489
8979
7801
7985
7676
9242
9207
5181
316
6714
9520
4924
4586
2944
199
3845
2593
71
2102
9909
8697
6648
6050
8311
2329
3396
6026
5447
1454
2607
280
8769
5558
912
8123
3621
6192
3201
6882
7027
6047
12
1161
572
7055
3700
8213
5041
2499
9106
6485
8572
9153
6875
8676
8215
7672
4180
9256
641
8685
3072
494
7813
3231
8943
319
3351
5805
2443
3035
9621
8063
4132
4413
8518
8747
7047
5354
7913
4381
464
3421
6947
6027
2620
8710
3311
4726
678
1076
5555
4094
4188
843
467
6265
894
3796
3282
775
9964
2792
426
390
4638
7390
6567
732
2748
4592
3832
7261
9880
624
4861
2930
9140
4854
4572
7597
5141
6157
5394
392
7757
2943
6448
148
7749
5511
7772
8900
6139
1799
2053
7007
96
2791
8367
8274
7675
48
9304
4336
3536
1614
9511
6807
888
3036
4062
8061
9204
2567
3821
1296
1508
4017
4927
8263
3129
3290
9861
9147
6305
5090
5371
1472
7348
6335
6564
3553
7866
8818
6671
6415
4529
3042
2138
8439
664
2965
5676
6983
2718
40
6751
8118
5807
3161
3374
4933
3294
7498
1321
7263
1068
1392
5114
5188
756
886
8116
1614
9135
4494
180
407
9121
7040
3746
3553
5451
7242
5440
4348
7664
3959
7062
8393
4397
7681
8779
118
7101
1597
707
1936
8591
8159
1883
1972
8610
1372
7304
3743
6979
4324
9641
1089
6988
2717
9363
5111
776
2731
2698
7324
3254
342
2835
6642
3247
6742
2761
661
4630
4123
6966
4808
5665
8323
6220
2487
7589
4708
6711
3092
4005
1753
7409
6532
660
4607
6996
9417
3756
1686
9783
7379
1551
3712
2381
4737
6924
6104
9801
1600
6347
7376
8665
3297
8188
4519
7974
212
1436
6966
7818
4105
6217
216
6562
3
6742
7525
4650
2071
8300
7370
5500
5079
2270
2069
8306
9347
1647
8557
475
3049
7063
1660
941
8167
1467
8091
4765
4691
8791
9566
7441
4078
4945
4702
5066
6417
448
7167
7295
1680
4638
7519
5813
7639
1545
5865
2583
8537
297
6896
4598
4286
1679
6962
5909
6304
375
1533
2461
1048
6883
6815
1018
9471
8685
1731
7421
1319
2779
6820
1553
8282
3695
4973
1783
6748
1800
4107
9973
2024
5166
2392
7531
3912
3682
1256
9096
1459
497
6137
452
2901
5822
4369
448
5509
4189
6027
8439
7665
3306
7876
8259
1735
7639
4138
4082
8153
1999
356
2899
149
3338
7186
8085
6406
9795
744
6084
4629
7547
3976
4462
6587
5850
6645
6227
5025
3628
8569
5515
5974
3819
9712
3739
6890
8997
9688
4648
4041
9950
5081
2438
7112
5603
1258
1791
7260
239
2999
2624
2793
683
4109
3995
7509
7089
9333
8557
46
5244
5938
682
186
6288
5734
2980
18
2425
6333
3685
2641
2026
2921
8119
7890
9834
1482
5399
7768
4749
9576
5568
2902
5879
7267
8024
7761
5735
1593
781
8818
5589
8641
3016
1307
7772
7981
9988
3362
6272
8676
2809
7825
7279
3369
2832
2580
5538
3859
1422
8927
9370
675
7073
5889
1295
8338
7522
144
400
6957
946
67
2308
6040
9375
4061
884
4008
2897
2965
6136
4006
2839
9392
6018
8937
2783
6407
6852
7120
4868
3322
9008
1406
3684
2210
7349
1372
8545
7052
91
6451
3605
2086
1143
4607
4256
1171
5092
9497
6856
2848
7445
9537
8596
2787
4685
9278
3548
9466
7442
3033
6326
2484
5230
2770
4435
1460
7950
6095
1858
4112
1764
640
8389
9741
5606
5139
2204
7832
6177
7888
8708
1043
308
4756
514
7818
3736
8341
9933
2465
3461
5778
2739
3072
4557
8922
6723
5608
3183
1061
9238
6962
2261
1871
8276
8218
6687
9543
3845
9383
5982
8671
7608
2220
1603
3596
1238
6154
1572
1437
3702
4947
8299
9320
9522
1214
7450
8753
9564
6741
5507
1877
2266
9216
1805
8012
1568
9369
7868
9
5234
906
8053
3853
1830
8068
8963
6686
4780
8503
8056
3075
3495
6448
7976
11
6928
1728
181
5843
6547
9514
7632
3756
3180
3590
1542
9473
8593
4552
8047
592
479
9413
4416
2426
7378
3631
3369
6866
9472
6954
9261
4120
1372
4863
9325
6574
6284
3748
6291
8810
2074
292
4555
8928
3513
598
2010
710
9229
5379
5923
5740
1601
1780
2097
6620
6426
796
129
104
4423
490
7364
4716
9294
7628
4494
1494
9846
4503
9639
8326
8745
7928
321
8912
7394
5354
6661
1919
5865
7050
6732
3327
6556
7962
414
168
3315
1046
3323
8089
6814
8892
4911
8916
545
8763
8885
8925
1321
8527
3428
4930
6290
9887
6863
8727
9342
7721
822
4801
7048
9669
7445
5410
480
1678
7621
1461
6936
3769
1888
4372
6842
7068
1365
1945
4887
3316
562
2241
135
1476
2989
895
7492
6251
3646
1424
7140
5842
8765
6848
7100
8168
3530
8906
5294
3201
5234
2513
7543
3244
2833
4525
3555
6098
6129
63
936
2349
3887
4390
6807
5544
4604
7393
9950
637
4399
469
4580
1376
3065
1230
655
8139
6763
4092
7179
9035
348
6422
3569
3873
8630
5017
3366
6793
5235
1913
4490
9558
8431
8509
9612
5482
8867
2214
7849
8989
6679
7861
3018
7921
7761
8624
5477
5222
5762
6754
9860
6594
9401
6780
1824
4034
1778
7734
4677
9282
1724
7396
2010
8342
1930
367
2573
5925
3293
2912
7443
2084
4623
7762
3442
5804
3743
7775
8451
2860
8120
3194
6593
570
5977
5548
8212
8477
1538
1823
1399
3651
3038
7765
3788
5032
8759
3961
8165
6171
233
3301
2223
1098
5287
8861
3354
2675
8568
2380
9821
7629
1951
8213
9893
3572
7799
8463
3873
9367
4634
1308
3180
3781
6310
933
895
7871
8814
8095
3478
8380
8552
4235
815
9734
9779
4150
2397
8489
95
6582
1643
9950
5718
1086
1026
5556
8717
133
2852
5909
4042
579
8871
2920
499
8195
6438
3483
1505
4240
6376
9908
6727
1129
5238
6377
9871
2777
725
6828
5778
2564
9964
3909
5733
9374
2136
8668
2479
2122
3053
5945
3787
827
1007
9278
1981
6449
9854
1829
9577
8632
2488
3590
9521
6118
3920
4060
3752
2199
9655
7646
3665
8070
1758
5851
7953
2174
4477
8980
8673
1451
238
3571
5876
6115
9275
4252
8442
7403
6069
4348
5556
8736
8379
6262
981
4169
3064
4757
4603
8330
6432
8736
5343
1767
70
6240
9972
752
6794
789
5451
9140
2602
467
2352
9418
4029
7697
9695
2627
137
8938
5254
6343
198
266
7628
8010
5904
2267
2069
7569
5148
8242
7370
1868
9087
3993
847
4693
5991
9183
9133
501
6418
1330
2202
9633
6198
3229
3052
2714
1340
1324
4468
6537
4933
7167
283
9122
7622
3041
4159
8196
5340
8501
1023
2145
7371
8124
2428
223
3452
967
298
9454
2507
1346
857
7017
7162
7986
8262
9274
7899
5128
1084
6529
7500
2933
1823
8766
5136
5605
1128
5757
5847
3005
7529
5613
8376
7328
4039
3821
673
2493
9545
5154
6285
5113
2643
6791
6657
6024
9857
4483
5883
4686
7980
325
7104
7052
3174
877
8275
2172
4487
6219
6535
5427
9823
9026
9194
9029
6495
398
7226
5084
3726
1747
4601
3283
9616
8586
15
3240
9466
6179
5311
66
3557
6096
6750
6356
2768
7627
6108
4144
2745
7530
3548
7171
9065
2323
9082
153
9075
6492
7702
2062
3898
4711
4936
2665
5422
3426
9605
9558
459
3732
8828
9225
8302
9255
7933
592
168
8290
4874
39
2084
8206
2983
6353
5999
1198
8826
4032
1605
9184
8043
1225
7835
2685
2359
2852
2404
2907
6006
8105
2050
9499
1401
9437
5800
7650
5119
9530
1119
8804
4658
9310
2126
3683
7905
428
9719
8288
7273
772
794
8007
5880
3638
1161
8163
6308
6221
7331
2860
8910
2727
961
9355
3778
2893
9262
8164
671
3528
2869
608
6291
7256
9781
4
6688
8470
2948
8603
2851
4779
425
137
5293
2509
3645
4102
2962
9896
5492
6011
7041
209
7512
2930
1523
339
2376
4443
3084
4203
9117
7608
2541
3599
1936
2956
5779
1821
3279
2577
766
356
2896
5502
8311
2410
6348
9450
9874
9689
4730
401
126
2547
7541
8630
7852
6141
1972
5338
4474
2049
6990
5485
5929
5402
913
6194
3731
420
6258
1035
7431
5755
5765
9366
4335
4949
8344
4553
2722
8262
1539
1266
430
2
756
5810
8984
7197
2852
1957
7255
7037
9631
3087
9029
4477
9752
4916
7312
1462
4228
9431
1103
4281
5030
9516
6760
2319
1584
6841
7719
6925
2973
1341
7653
5107
5267
5554
1058
5066
356
6093
5863
5059
6233
5030
2036
2481
3665
6556
4875
5229
1984
3455
3457
4484
3541
4420
4068
9742
1341
7781
8737
7464
3737
7670
3698
6279
7950
7305
1521
1010
2546
7458
3665
3762
8080
2535
7753
6592
7104
8388
6404
2847
4009
5158
4909
1645
9137
4637
5123
9755
1868
4047
1032
5085
2383
7223
5965
1064
6258
7270
2107
5537
4253
8594
7621
9116
5578
9525
1390
1634
3235
241
5536
3797
915
3475
6784
9129
912
5786
2570
1937
4878
4945
7441
9451
1842
2998
665
77
5743
1879
1458
2380
1206
3915
5244
3359
4381
3956
1420
5046
5559
8352
2330
9342
4064
6881
3199
9392
9764
7013
3811
2152
8551
6351
8422
7976
6307
8792
7381
6305
1236
4288
3405
302
4462
5667
2952
5342
5622
2252
2447
103
3556
3534
9558
5284
7967
659
3032
4697
6863
8163
6835
5303
2094
1530
2561
6941
5638
6365
8297
5540
7557
7670
7880
8104
5697
841
5404
1066
3370
8945
7451
7990
684
5957
8248
307
4650
5345
2872
2296
793
5437
8358
4973
9049
6697
3396
7586
4746
7384
7613
2660
6974
6189
1647
103
7715
9429
7014
3802
4581
9822
6393
2718
9423
1268
8036
8384
8560
9816
8267
116
1010
6572
346
1794
8146
2912
4018
8249
526
5986
5736
5217
3123
5922
9972
3170
8148
8558
2770
5988
2412
9573
5703
5926
7182
6553
4896
564
9212
4025
529
9117
8485
6187
5138
1573
8918
857
1120
8169
7493
4433
5383
796
5789
1520
6511
3829
818
8458
4797
7556
6050
7632
6277
4477
625
374
162
1237
8870
2983
5010
7190
7040
9479
1630
1077
924
7560
5157
6892
7251
1489
688
6324
198
68
9668
2588
8756
4862
388
1054
8643
826
9800
8784
8866
5948
6112
8542
2145
3873
1959
835
4807
2318
6870
6216
7902
7885
9298
6831
9904
4758
9224
4533
4841
2529
2234
3866
6489
8103
7159
8846
7912
4649
4164
6009
3805
2408
419
2242
8915
54
7904
7085
2535
1714
9262
3171
3834
1125
5178
4852
4698
1884
3204
5435
3922
6903
5410
3327
6564
8603
6482
3912
1011
9090
2041
367
2760
3742
1858
2709
4489
2709
2486
6145
5152
6340
3893
9082
3147
9224
2807
9265
7326
7915
6251
4552
2980
3949
9654
9097
19
7152
7921
2176
8202
9947
4974
7535
3285
8988
4747
9348
4337
5127
3977
5800
9754
6796
8680
6219
9897
9048
8158
6154
2318
4103
8297
4410
9520
8607
6734
5354
4151
6117
1688
5585
4178
500
5243
8784
4206
730
2246
898
2924
4632
8053
4854
3947
7663
2519
6416
1702
9110
399
7920
233
2096
1180
1056
6908
9153
436
5582
8438
3558
9753
7838
5790
9875
4829
8493
4166
3300
4890
6297
1087
1033
1171
3926
2029
4921
6288
4777
2337
9087
2247
9294
930
8299
9605
6070
3149
6118
9995
545
6419
8778
5241
6572
4247
5100
7732
5255
1279
5187
2923
7988
1616
768
7920
4234
8697
4135
977
2567
389
7444
2919
2068
9389
5790
594
4361
613
1837
2274
4425
7498
5269
1140
145
3881
7991
8141
1698
4928
2982
5832
8287
9202
9810
22
6577
1428
538
7867
6158
2069
5640
9733
3446
8932
1692
150
7891
5901
6315
8273
6010
2258
930
4793
7557
9602
9013
6221
789
5979
5596
5443
1485
5792
5511
5681
5854
6507
5602
2379
9351
9994
3049
281
6198
5329
1305
481
6475
8757
1123
4230
1517
8993
2265
3632
6445
9076
5848
9777
6466
9794
9661
1024
8169
1155
3101
2033
8746
5724
3198
4676
9478
342
7622
9513
8767
1658
4417
6678
3635
7328
8303
1910
8029
992
5880
8194
658
1808
243
6688
1261
7010
5131
5410
3822
3177
4502
8713
162
1503
3447
6181
9814
9891
6338
8059
5520
4192
4918
9609
936
1198
5452
2363
7163
2974
9387
4276
8412
2878
5620
7854
6457
2440
8776
3287
5913
6803
9688
9323
8811
4710
5001
8597
6785
2530
8719
9391
5912
3401
420
1580
201
4984
5711
2225
283
6301
5840
8408
2212
7048
7990
2495
9879
7299
7666
3952
2096
5169
7369
8420
1388
4414
7441
5388
7165
7894
8311
6244
9875
7276
5727
1300
8771
5436
2789
8091
5192
2520
9528
4290
5745
9409
1716
9167
3605
2880
7352
1133
4474
2571
6819
4407
4577
7608
9964
5790
6535
2942
9688
2094
82
1441
8947
935
406
2594
6705
1257
4674
1291
3280
8695
8176
3033
7356
9135
1163
7835
3066
3867
9553
8285
240
9885
4006
7133
4572
4513
3685
8262
8674
5742
140
6388
4619
7725
2019
7587
7354
6165
5556
8272
3628
5280
4760
9821
6401
1687
2043
4914
7333
1565
1754
7121
7785
8801
653
5400
1035
8179
8372
1609
622
6851
2885
9348
4709
2919
7822
5429
9207
5678
7622
4423
4342
4584
8525
1972
8735
4733
6949
6293
5372
9653
2079
9744
4471
5641
1752
1214
7338
4574
1265
4146
7496
4106
604
9912
5285
580
1440
8316
4910
2395
9535
9611
9367
8625
4735
6015
6380
4933
3435
3771
5422
1220
2740
6393
3905
9461
9943
3223
4878
2790
2861
3163
2541
1608
9384
8305
2278
585
7504
1114
7153
4952
8663
9349
1556
1301
2773
741
4549
2718
3637
2432
1766
823
1808
4943
5191
1525
679
4701
8084
8026
1646
8544
8725
1850
2906
9817
3503
8720
4232
525
8007
9146
6414
8664
3251
7077
8865
9678
4402
2728
9248
9596
4081
6762
5564
9592
2220
636
3134
7262
5127
5312
6669
4579
3146
6049
5410
3364
2282
8435
4286
2718
6659
8983
4573
3856
558
3858
1000
3652
2040
6427
3718
2252
7673
6279
6710
7002
9590
8675
8819
4599
6357
5123
1878
7582
5187
8975
5647
9732
6001
6198
8540
789
1445
4996
2816
8189
8222
7026
8611
4481
801
9424
7168
3293
8827
4736
5725
7283
6341
4261
2740
7550
9430
1229
4167
7679
1531
1898
1533
1393
2410
7295
828
7591
1630
1711
6985
4612
8038
965
2946
3707
8576
7827
6551
230
4963
3739
9599
2681
9583
5904
1041
9642
1972
7226
1778
2844
7057
2311
6698
339
9165
7056
8038
891
9416
9578
3945
707
1638
2044
2130
7356
6441
8056
824
9775
7401
2502
4346
5980
1153
802
5608
5906
5234
4433
9424
8952
5912
8312
1041
3569
877
8503
7518
2615
7943
560
3729
5752
1749
3955
8494
4449
8557
6762
971
89
6454
4645
9320
1159
6895
8232
7667
8640
460
7276
1643
3589
4160
9684
6382
2156
424
750
6978
5338
3861
3658
6839
226
5169
6088
2585
8993
8413
9476
9495
3604
9680
9243
1821
1855
9869
7728
7932
3294
9357
4698
2151
4268
7453
4622
6642
7440
4717
5145
4678
2081
5915
103
1630
6761
9086
5050
3844
7722
5608
3713
8325
4875
9327
1389
5582
2384
9355
4551
6767
68
474
4686
2977
6975
1037
8905
1609
1565
6499
8826
9558
5553
6511
1080
6246
6141
6131
2393
6451
2497
1909
755
9347
6512
943
2745
3836
4984
5660
5049
1040
2709
472
4370
4890
1268
3189
4787
6249
9141
6933
283
2595
2737
5654
7200
8192
8330
94
4271
5968
3513
1625
6056
1032
342
4932
7994
6084
6341
4674
6188
61
7075
9573
378
5188
5508
5195
6953
6174
3294
7389
4619
4595
5442
9086
4020
16
964
7724
1133
1944
6182
3655
9743
1866
4798
9815
8487
8999
5683
4135
5133
2980
3365
8219
2709
4328
7152
2256
6085
9249
4643
7315
9898
5296
8202
1665
4535
8716
6115
6703
2273
7671
6971
5217
7661
2394
6341
7876
1272
9884
5383
9329
6336
4370
1578
2853
4129
4565
5334
5717
2278
8320
2509
2838
2059
2067
4433
896
8487
315
5334
160
4070
4518
1007
6191
171
3335
7448
4859
4377
2602
1692
7409
5849
8716
7648
5094
893
2650
7035
5392
8362
2373
9524
1653
7629
361
330
7030
1866
8117
1359
8806
1467
6201
8760
5348
4905
2151
4405
5574
3785
2286
7964
8640
1808
3793
4138
8508
3182
9309
7037
607
72
5259
1874
4858
804
9964
2426
2870
588
6013
9506
422
4306
5645
9312
4404
8660
3759
3348
8159
730
3330
9930
5652
2772
7913
3670
3847
8107
5711
8538
5354
8968
6520
3984
2063
6083
2310
7910
7947
1402
1258
5181
5035
4047
6055
2452
7437
3222
1351
2678
757
5198
580
7478
5251
1300
4196
3670
96
5426
6469
8375
6786
7352
1098
2955
9256
2349
7295
9529
1045
4522
6540
4975
9227
9464
2000
9478
6363
4855
8259
8870
9257
1728
6109
8985
1429
3273
3462
5163
9939
8965
5625
9684
9346
176
4625
4675
8077
8209
8863
1775
4221
1083
9658
7092
9672
1437
4262
7033
9070
3420
200
1781
3118
4727
5105
4068
1338
2892
5026
9560
4823
7032
2818
6944
2130
8997
2772
2769
4411
7055
461
1832
4475
4688
3132
1653
6386
2163
5594
3056
6422
7034
8054
8373
5832
3933
9734
4478
5303
7719
4482
4658
8699
401
7257
486
2710
7695
8317
4947
3221
746
3646
7905
1906
320
5545
7900
4948
7405
9089
6207
1345
5688
3214
8143
42
5598
9695
5142
6234
4260
5248
1304
5278
1499
9199
8437
5221
4169
6991
4272
8817
6404
6649
2395
9693
3416
6516
1564
892
4366
8383
2080
3402
6688
6114
777
8706
2084
8566
5479
8434
5852
4280
3701
2546
6018
463
5249
5513
1112
7168
3761
6571
3406
1811
4453
7209
4716
9209
3339
9533
4553
2576
2737
3316
2836
3485
170
2209
562
7366
5187
1009
8523
8958
9480
9300
4121
3895
4222
3631
3872
841
6548
8229
9775
4120
2765
6323
5697
772
3207
6047
9858
851
5806
7697
4621
1526
98
1738
8004
2565
9981
4408
6297
138
6549
7045
3004
7510
3064
9689
5454
5722
6050
5545
8883
111
6134
5425
2193
57
78
3723
2434
6121
1889
7171
8616
77
3215
444
227
7878
2085
4626
86
8116
4206
8973
1626
6801
4607
1640
8095
9842
2370
5369
961
3014
6083
6418
4310
9894
879
2894
6933
8875
3844
1359
6797
6316
4375
9300
43
5147
8963
1925
8912
1603
6545
3362
867
6747
3273
3576
1182
3844
6963
8754
6383
4058
3570
6590
2098
7666
1149
5396
9667
3146
2705
8791
8350
7315
1925
4288
8296
9205
4626
1913
3199
247
6048
7406
3666
275
621
6923
9042
561
1215
4882
9859
6620
8377
5568
3765
4554
8321
9584
4978
1071
6038
6021
9975
8272
4425
5283
3124
3257
9006
116
4243
1996
1264
8939
4569
7144
1869
6171
1020
2272
9263
5842
2295
8321
3262
5645
3561
3211
8957
9796
2401
7974
6075
1776
4391
2533
2660
2794
5548
2909
1277
4369
8068
9381
3931
7931
9583
3877
9669
4991
6563
5834
5178
3790
7307
3032
2774
8772
6920
8474
7659
3493
2713
1992
6741
8487
8550
8812
6850
9565
2598
587
2238
823
373
1151
4188
6978
3632
843
7402
3033
5399
3727
5829
9653
2911
1462
1174
3507
1667
118
3805
7181
1064
2295
1574
2434
7569
7396
3402
2739
3606
1578
8476
7971
2201
6891
4675
2224
2207
6755
3834
4694
7850
6850
6904
2517
8700
4330
6774
6041
4843
726
6800
8432
4009
6834
4956
214
7778
1436
336
6367
8467
1481
4087
8900
9695
4307
4570
6220
9627
9259
8093
5884
2300
1335
9036
411
4186
651
1495
5559
5620
3751
5241
6559
8013
9303
3454
5001
9575
8112
8520
7824
9313
4032
7422
5872
3412
4403
4278
552
4979
3782
4390
4853
5871
3691
869
1930
6352
7220
8532
1613
3978
1970
3295
457
9020
7806
9949
9281
2918
9374
3624
4946
2444
4620
3302
8078
1067
3476
62
2115
2726
3254
4411
3478
3517
73
919
3496
9650
9952
2202
3798
1230
7970
2852
1580
5568
8202
8407
6039
5483
8957
9742
5351
