1618
49
6459
5708
9474
7294
4127
9470
1722
7677
9489
9983
1598
9420
1207
2973
1702
1892
3472
5279
4495
6254
2289
7702
4551
3222
5128
4187
1287
8846
5903
7864
4586
2138
1771
9100
659
1269
7792
764
1442
8646
996
1264
8828
5999
4553
5070
4036
1670
8459
8691
772
5214
8144
2815
6511
5032
7400
6623
6221
5507
3978
7521
1223
5295
430
2665
6082
3402
1846
1246
6347
560
5061
2732
2969
3907
4913
7867
6995
3796
1613
7862
6334
9770
8045
2634
1537
3543
1356
4077
8390
8137
767
8684
5191
2495
5434
5808
4135
5838
8543
9993
3036
6476
838
344
3155
9390
1867
6105
3314
8384
1395
6615
6584
9930
1802
5050
9723
4653
2792
1680
5233
9932
2308
3623
6044
4958
6830
7254
176
7779
3335
7680
2177
3498
8490
929
885
5991
2914
1493
1489
3398
2237
1741
8634
7476
6403
9862
187
6501
9815
7184
1191
3262
8006
1661
9683
3028
5419
4441
2214
7118
897
9944
6029
5134
1532
5188
4422
1869
9587
2857
9108
6519
9394
6587
1124
533
677
5695
109
1372
7045
994
7879
592
2871
7920
8947
5588
2530
5158
423
5625
5338
4144
2846
1241
4524
3384
808
7356
186
6170
7813
6660
4646
338
6286
694
4366
1999
8711
8035
2385
1198
1024
2149
7549
8459
4675
6601
3775
7692
1358
7304
8723
8687
4749
3710
1900
1614
4534
5260
4142
3345
9916
4689
4205
7749
1417
9860
6890
5998
5096
9717
5254
4147
1448
4271
1470
2568
3458
9108
1534
2542
7998
8460
8737
2998
5720
7833
9605
9241
2074
8304
6133
5412
9053
4259
4598
7160
8048
8308
1163
2117
3512
2762
5647
2800
2201
9224
5572
7750
2563
9804
4201
698
4511
7724
559
2927
2821
9719
9236
1973
86
7654
1375
5623
9853
2966
6878
3786
1062
5451
4533
6101
2260
9215
556
9586
7236
3050
9627
2963
7724
1522
8399
4280
2167
7284
3600
8604
3587
9552
2003
3183
9342
9951
8429
4681
6260
30
6156
866
4453
636
1153
3183
1058
1230
1181
3112
5381
5496
8210
8832
1768
9242
6080
7991
5897
380
8150
5608
406
3695
8023
3624
6531
4070
5776
4539
2513
3837
6814
7304
1966
2546
5841
5957
3172
2762
6196
7332
7550
3273
6248
1893
344
571
1959
4236
196
9248
8164
3079
9424
5925
8737
5317
3466
578
4682
7972
5469
7743
7077
5773
7187
8442
7613
8808
7117
4930
9368
6666
5035
8321
2214
1660
1369
9571
2262
5385
5342
9151
7406
4302
4185
8570
6710
4522
6177
2390
7605
1047
5567
9213
9591
6751
786
4890
4353
9743
283
7386
8567
3095
3432
8190
4140
782
9419
6934
7441
6300
1080
7291
5951
5831
3552
2719
5105
1966
5231
8961
1672
8494
9161
528
6936
8586
2627
8280
9285
1711
7299
3701
8468
3478
3281
6144
7171
566
1634
449
810
2091
7730
5955
3449
5194
9018
9333
2716
8628
7667
2519
7829
8565
4955
2658
626
1500
7769
2849
1392
4603
6923
9691
9500
2984
3932
2387
9066
3798
653
3738
9609
5706
796
8604
9167
6250
7974
983
5429
5056
3047
7457
3616
2364
2484
6603
6542
4496
6027
162
3328
5613
707
1113
5820
2477
5729
2928
5184
1968
1932
3119
3552
9629
9585
9582
1989
2327
2736
6139
2461
5980
8899
2304
8675
5393
7339
5321
1833
7307
4030
3606
2137
3935
1017
769
8102
1940
5651
3226
1504
487
5144
6796
9847
817
6963
7389
9886
6221
5054
8009
2217
2290
9763
3921
6375
6675
8723
9257
2176
9766
5186
327
6361
5445
4687
6674
4639
5662
1253
5223
454
1563
6858
7802
5389
7980
7906
3439
3434
5433
1186
7417
1014
9343
4852
4419
6321
6125
1066
6096
524
8946
4403
2881
1254
131
781
7176
5581
3630
5561
2149
7709
7480
1199
4592
2674
3605
8848
3985
8216
5170
5378
9666
2500
3047
7036
3033
8694
3112
9849
7281
1797
6886
3206
2216
4956
6302
3286
8459
6407
6279
8205
786
5844
2252
2548
3645
7775
41
912
5983
386
1217
5408
1486
2540
1444
2674
6493
7440
6743
3420
3864
9557
7714
4928
6276
125
1342
2805
6427
2446
7471
6360
474
6253
7491
2987
2896
1205
5495
3234
5534
9080
8999
7111
7194
1306
9223
2234
3195
894
7389
578
3348
9561
4381
8915
1387
21
1645
7071
170
9801
4219
3976
6956
3029
9149
1913
543
5867
7773
2291
5040
2291
5509
915
7316
5315
2040
9648
8987
9949
622
3383
3507
1450
4250
8524
621
3481
3124
7171
6256
9943
3773
3820
1194
6908
5431
2804
6993
9867
8652
253
9604
6411
9248
6812
515
7528
407
8471
9839
2331
167
5537
2892
6747
9161
2126
7066
1539
846
663
2035
1451
2453
7761
3728
1458
8881
2670
2930
9936
2969
7463
4306
644
6833
3449
3281
5829
1160
6863
8553
5292
7255
9697
9122
7418
6429
5931
7080
6027
6477
4717
5385
5893
9312
4533
8379
5964
2562
9368
5564
4864
4766
9417
4205
6646
8754
1388
3394
6235
2648
7850
8738
8994
9443
1269
8740
8807
3371
895
3198
4753
3065
6510
1797
6980
1473
6619
9937
5339
2184
3839
4686
4784
9188
4953
9283
4228
7467
6372
1297
9601
3862
3396
1878
5338
8096
3279
3356
3727
7486
1982
9238
8234
8690
254
1363
2372
4806
1124
9100
7760
6171
966
4894
1756
5744
1707
287
5610
481
8500
4005
4617
1293
3608
5675
8993
3877
965
8820
8589
4346
2495
4621
4269
5901
1915
419
8345
804
2705
114
4378
7184
7979
9719
6428
2419
8192
1717
5177
3760
139
2769
6509
8793
6111
3853
9930
8272
294
9873
4932
4069
703
3174
6628
2481
5666
3260
1601
8771
8987
910
4372
4589
9357
8232
2201
5074
1528
6007
1321
6686
1223
8526
7616
2681
6224
1496
2328
453
7275
1015
8354
5601
7678
1337
8334
2626
2690
9192
3458
2471
3615
5213
6799
6933
6791
8723
6106
531
2941
8210
8191
5605
9959
6685
4717
2749
1498
5186
1448
2064
9549
318
4354
7677
3296
7420
7119
8727
5195
126
9012
8832
9351
3724
5507
834
8741
6696
5670
3547
5492
1627
3299
9648
5804
8118
5071
2785
3646
1406
3987
2655
2084
4304
1103
2310
3179
7847
6677
7762
6823
9571
305
3589
1595
663
427
1811
7536
2291
9310
5739
5274
4140
1202
7116
5863
3716
2370
2295
3674
8694
6654
7602
2329
3220
9547
3296
5261
1432
8188
5493
3670
1017
8153
3961
9486
9196
1905
9793
6477
205
6239
8785
5896
5365
4592
4077
2578
2451
9693
6730
7639
3235
9502
6324
3306
4041
3957
446
2453
4892
8348
6450
1896
9760
6123
7380
9832
8290
9986
202
3303
8343
6282
59
7590
4711
730
8598
9931
2509
9851
2702
8645
9495
3102
410
1917
3914
2849
3251
4391
3763
9902
3828
2354
9864
2161
1967
3599
3857
7028
376
9003
5465
1720
6098
6000
8881
2128
1648
6886
601
6638
5423
5576
2974
3082
548
4293
1049
1783
6567
4410
8825
7721
9681
8193
7980
7970
7152
961
5096
3901
4309
4013
9459
7606
1036
1640
9900
164
4168
506
7109
3793
2275
2715
3153
5897
9115
3222
1817
4456
7792
2596
144
647
6984
183
8479
3106
6587
5186
3527
2685
3667
3437
2701
8452
8197
4977
2558
8398
2193
7724
4334
2672
6020
8917
8296
8367
4824
4920
588
7907
1315
3800
2622
256
4510
6340
2009
2895
9829
9065
7894
9133
4289
6284
1282
1594
9614
3767
7316
8160
475
6004
8490
1953
4738
5199
724
6681
1647
4250
8920
5992
7681
3865
8200
3227
9364
8667
2342
4901
1378
8491
9414
3561
8186
6353
5951
5223
3967
7027
1050
2422
302
996
7759
2488
4235
5285
1860
829
3053
9132
9370
3541
2774
4694
5635
4671
8345
9862
4224
5436
2860
8116
4627
3838
3617
3546
9478
5187
1841
1345
1506
6991
201
8360
4220
112
7197
3628
8197
2222
9889
4344
5495
3592
9645
5583
6816
8363
4295
3615
3846
9482
6954
6069
3994
9587
9470
5670
4022
5605
7285
4689
6920
2700
2267
9041
2279
1039
7920
5985
3197
7898
8527
2367
3309
778
3873
7667
9315
6899
5996
3277
3827
1909
2418
4177
6667
4774
5678
5167
5105
7346
7499
1296
3804
2638
7587
1374
6078
4277
5180
7312
8153
540
3149
4658
5526
7958
1674
191
3050
8836
89
9642
9143
9552
2328
8686
7656
9759
7865
4758
243
9963
1143
9458
8781
6011
8161
9580
3742
4372
1113
4263
4989
5202
6002
6672
2468
4999
4594
2370
2129
7255
5134
4891
9888
843
8089
9486
414
4783
526
9059
1042
1495
1249
4402
7815
488
9074
1388
4857
4568
8587
9338
1939
4340
8338
4118
8675
4898
5210
8245
8683
9795
8499
9181
6052
7490
7836
1739
4541
2396
554
5141
8857
7342
6717
4758
310
4452
4229
2069
8423
9326
1576
8541
2601
9709
8651
1834
838
5280
4272
8979
7676
5414
6963
8374
7611
2157
6429
5278
5188
1235
5327
8124
1748
7015
5833
3638
8741
6508
1049
3964
8245
1657
6702
2617
2580
5611
3965
107
5052
4276
2621
9560
6356
4919
2405
9956
8379
3820
1197
8753
3518
1772
2588
7436
200
9873
6241
9290
7635
5980
8290
6192
931
9110
8640
4784
3144
7430
281
5789
5056
5558
1074
8273
8409
5678
3794
6391
3016
7941
5349
8460
49
1853
4920
1749
5130
7216
8626
9667
6360
3935
2815
1879
7719
7789
1476
7478
7615
5818
9843
5015
7318
7966
8259
9674
8564
8642
8230
2361
4111
4998
7486
3748
5233
1834
3648
4629
8708
1189
916
1804
4069
327
7816
8487
6187
462
376
6706
9153
9358
9185
6813
7689
3117
6479
4384
6542
4931
6190
2818
8824
7850
3495
976
9477
4608
8021
6835
3402
126
8241
2559
467
1288
3468
4067
37
3932
8037
5854
3994
7265
2734
720
696
2672
6362
1029
8908
3986
8613
3327
8398
1586
6738
2753
1994
8339
9762
6823
6863
3336
4051
2143
453
276
4931
4087
7744
6574
8975
7400
5700
794
4033
9343
5696
6584
9768
7400
7497
9305
8540
7700
373
1972
1340
6789
8086
6008
205
6685
997
8574
7006
8776
9777
2520
425
9695
5369
5589
4826
2616
413
7219
9184
9061
5027
7397
1552
8780
8857
2834
2762
9787
3958
2067
2769
6530
8527
5273
1560
2987
6981
8212
5037
873
4678
7317
1624
7822
4493
1248
1955
5703
4297
3079
8415
2276
8084
9992
6972
6475
9100
7220
8110
2482
1321
6222
5309
9880
5178
9975
1955
8817
9965
2955
1375
9609
6816
6233
3854
6217
4785
7333
8531
4047
4155
9854
5807
2128
7657
1704
8008
6331
9139
566
6651
1945
6086
6774
3328
4073
677
9414
5569
5938
9828
7567
4038
1501
8955
8748
2233
4835
5377
8855
4226
47
882
4737
4934
3962
4242
3409
4782
5336
1459
3351
4729
626
7089
5862
893
2135
6049
6815
3838
9179
5499
4801
9255
1392
5819
5612
7479
4292
3868
1098
7389
4558
577
5613
9961
810
667
9615
5697
1019
4718
6446
729
6949
3867
6680
5890
2251
7054
9551
7757
10
2570
1699
1084
6611
5640
9718
8170
6580
9365
7141
7333
3827
2888
682
5752
8070
3521
7956
6011
9977
6662
2297
3756
2692
7238
7356
9593
5544
3540
559
3812
9807
1157
4719
8108
1513
9243
8019
9008
4149
6239
8599
1257
6887
6257
3819
1042
6318
3593
8353
6541
4527
4486
4577
3773
836
1880
9782
5951
3185
2926
9705
9380
4723
546
9001
9997
8451
8399
6213
8034
3843
2897
3701
6296
3506
3930
1336
9573
5835
1002
4896
8814
9932
7568
1286
5857
7019
8572
5416
6675
9000
4763
6017
3022
469
1005
4696
2438
1596
101
6814
7205
5571
3285
5462
8912
8475
1298
8285
5207
6779
5821
2868
2988
6915
811
9235
2100
9551
8309
7301
2053
5934
3003
1309
7638
6765
2217
3355
4835
7233
5347
7476
9627
1552
7022
4013
8370
4753
7692
8038
3315
1170
3627
5154
5018
7515
3695
3239
9671
4893
5471
6919
4225
6877
6545
3189
9103
8507
5935
5660
7192
1532
4236
157
9760
2280
3666
9082
8433
8571
7409
4340
1898
9327
574
7032
4772
2868
2628
1960
5744
1275
9880
8729
6014
6158
5641
7752
8461
6171
3211
3768
2702
5822
6323
5203
840
8803
4677
5144
7566
3863
3721
260
9408
3434
1350
6219
4424
8864
4231
2872
3228
3657
168
1873
1478
5943
4618
9122
1282
9625
793
7942
7736
1538
4376
1409
1551
8814
442
3740
397
3944
9243
1561
2187
4792
7338
8555
8875
90
6611
3778
9385
3002
1442
8942
3959
2134
1345
5737
5630
3296
5209
5327
1563
2956
1126
9695
1539
3638
6370
6534
1250
2310
5002
8881
6204
3829
5367
1302
6244
3801
300
4004
6374
9889
8638
5420
5137
3514
9028
592
130
8215
311
3240
9476
5030
8690
2020
7062
5668
2235
5865
1342
2358
6553
5900
1295
6570
7487
1060
9533
707
3938
5896
9661
7578
1771
3448
9234
5121
1615
4707
3505
4066
4799
4089
4630
5587
1129
2192
449
3744
7466
9717
4363
6184
6565
8991
4198
578
6846
9706
6513
4990
2115
9195
3455
7274
3970
1600
2050
7170
3612
4854
4691
2987
590
5847
5166
4111
5890
1517
9827
7271
3461
4304
2320
4227
530
1396
8045
946
9592
2508
4777
3587
7383
7128
9252
8014
2435
9049
8889
5027
1461
2202
6731
2034
8211
771
4634
7071
3965
8033
6035
4953
8145
3916
9532
3696
556
767
6904
8004
7019
8397
218
1515
4595
4333
994
2665
1784
5679
2296
2749
9277
7481
1729
3440
9448
8490
4907
1198
7976
8938
8040
8363
8638
3647
4386
6524
4097
6121
6558
5083
3323
8273
4989
3151
1111
2394
7527
5095
4194
9544
4667
480
2869
7963
5418
8766
4193
7853
9703
2263
4767
4072
5875
4945
4896
4340
7960
6942
5072
168
5746
8122
1626
4257
2441
4103
1337
2933
1716
4487
3449
5027
5829
8027
4528
5954
8823
5634
7220
2075
3258
9455
5856
8442
3408
6465
6485
7438
1953
6118
9082
5974
2464
9375
5217
2675
2399
934
1004
6575
1713
7773
8143
1868
4175
2426
6439
3462
8824
7658
7357
1765
7024
639
6269
8757
1571
3452
9404
6428
1555
1027
2716
7890
9362
7635
7892
184
9198
7190
8916
3266
9489
6852
991
6421
3585
8903
2048
7534
9283
6371
3803
5916
7821
872
8101
9641
1895
4662
2869
5044
9495
5314
387
1287
4952
5048
9529
9063
8967
3436
1469
4920
2572
832
3024
7026
743
9136
7683
198
6508
9957
858
4696
5791
143
8817
1268
6022
3022
5476
6932
6760
5417
9602
9976
2741
6070
712
6177
6171
9231
7299
8564
5726
9303
2964
6637
2866
9813
9904
9458
338
8952
6636
1075
5730
7772
2114
1053
5878
8653
712
627
4719
7315
7954
1846
6123
3127
1024
4376
6468
2350
2309
5978
4863
5846
1203
470
9510
3660
7452
6924
547
7245
8119
727
2961
6579
3649
9523
1624
1659
237
4074
1178
9803
4658
6182
819
9721
4378
5134
1661
1432
9232
6512
5440
4354
7909
7772
8565
2249
8015
9906
7696
1436
7771
4552
4682
3372
1437
6610
3354
2920
5745
8067
5292
5341
620
1993
4049
3658
5525
2239
4903
2121
6748
7479
4359
7865
8432
579
33
9704
367
6644
820
7470
1607
4338
238
8694
8895
8161
645
1536
6170
2068
5211
2079
8029
707
4204
3824
1838
7273
2715
217
8425
24
8642
5171
6452
1692
7636
7048
1710
9932
7244
1749
1843
4763
9919
9827
7260
488
3340
8442
6127
3857
2584
9093
6870
69
1657
1083
3842
2385
2409
2056
8309
1703
4478
2898
3048
31
4291
2548
3231
7517
3150
5351
5368
7735
6332
6457
5131
271
3276
3572
1509
3538
4991
1100
4063
6273
5304
2278
7613
638
8226
3110
2194
2210
1568
1836
913
8018
6791
7553
4901
8212
6603
8497
83
2007
9476
7639
9197
9465
5327
2197
3685
915
4600
2112
2949
7839
6336
6339
778
2901
3425
560
8654
5990
2909
7942
4743
2968
1211
9648
2517
810
1439
2209
8189
9104
3641
6666
5099
740
123
695
1565
1559
2084
8233
701
204
6283
1265
3416
9028
978
6356
1627
5728
3114
8157
3371
884
552
7503
3582
5270
2165
5163
8396
9556
3523
3185
1243
6810
2711
5143
2042
4766
6088
1766
8050
4167
6320
3178
1547
9602
2972
6132
6473
7071
5074
8835
4247
8986
2347
4554
7113
3045
6532
9241
7486
3943
4909
477
5774
9442
284
880
3245
5718
5605
2336
914
8915
29
9658
2267
1701
4468
3342
8495
1180
861
7279
5957
1635
6099
5518
4893
1780
5428
6181
1426
1218
7157
8434
6510
6721
1260
8530
3235
2290
2571
4146
1833
5894
3076
4884
2041
8111
5522
2008
3223
2743
6247
9506
1348
1691
9426
8695
1177
548
3844
9361
2700
9935
3234
6498
6145
5231
7845
3922
5524
7449
8658
1385
7248
5692
3019
1041
4436
3279
4329
4670
1307
9220
2191
3905
583
5648
6982
9843
931
8040
5930
4483
3020
3102
2498
3015
2114
1645
3245
2303
722
3089
2218
8231
7958
6157
7084
9013
8814
6002
8122
8756
5476
255
3106
7092
825
2598
5371
9514
5637
8247
9917
6783
8804
6591
1706
1855
7065
3820
9820
9081
837
4249
7908
7336
6699
7382
7638
4939
2746
1088
2917
3888
2795
4765
6738
8040
9545
8253
9839
7041
9837
4997
6233
2594
1371
2036
2634
9445
48
9162
1488
6012
2948
5441
7509
7446
5471
3576
8518
3673
1568
4199
2962
980
4287
4952
5549
4879
2291
5709
2893
6596
6807
1243
8238
7577
3538
5763
6070
5026
6373
4891
8973
5523
2930
7490
4505
6852
9504
2733
3239
7282
3463
2990
793
1469
6692
9740
1856
3991
7977
5932
8335
3049
619
2911
9418
1578
2405
9843
9386
8048
4528
9420
7557
1713
8644
6656
7831
2272
6650
4044
2832
6140
3793
97
733
492
9085
1832
5118
5589
2682
9823
9254
1186
8112
8904
4080
6127
5670
5706
5574
9083
4640
4823
6610
6277
7809
1881
3856
1530
9565
4242
5058
1880
8570
4018
4065
8980
8601
4126
2839
2063
4625
1978
7183
5812
2407
4606
8786
8485
4087
9389
3668
3964
7426
997
6334
8023
1753
7559
2240
2470
9768
8814
6783
5971
6724
9911
3657
9500
9913
9188
7154
3053
7286
4407
4352
9927
6590
9794
9897
6542
8364
1239
8188
7054
4623
5630
992
3499
863
3246
314
7658
5344
5780
3325
2460
4433
6452
3119
580
6793
361
4640
7679
1112
7971
5297
6420
5430
8939
7417
4569
5932
2487
1567
3437
1356
4923
515
397
2591
3877
23
8696
7707
2635
4545
1894
2685
3775
3512
5245
1002
6852
2002
5125
697
2049
5007
6076
1833
7709
8613
2448
1814
6502
7039
3578
3266
1807
870
9071
9719
9799
2048
187
346
9915
3755
8082
497
5966
8506
1430
6813
4392
8012
6530
8101
8814
7526
2765
1239
971
9647
9037
1492
6293
6068
1908
9112
3688
736
9439
899
3718
8143
2618
9968
9263
2887
5375
4670
8943
9693
8769
167
5303
503
9237
2688
1781
6393
8297
2120
8404
14
5318
5267
4858
64
3249
9070
6428
3514
3240
4685
3905
7422
828
2123
5917
895
8718
6343
354
9546
1804
3166
4450
9931
7726
8641
6181
8386
9704
9949
7142
8055
9469
9052
7811
9154
6384
8728
3412
8840
449
7722
6619
6682
4920
3347
6715
519
4636
8998
7110
1048
3299
7716
5833
9456
3831
4745
8006
4882
7916
9149
2770
8326
4319
6240
5624
4968
2856
6138
1364
9161
6595
9203
1133
545
7688
2374
6870
5325
1118
9751
9487
8949
7866
2220
1113
5990
4058
608
9081
705
3711
7734
8803
2285
4518
399
2749
1244
1630
3196
3063
1348
6841
2990
7367
3614
3293
1908
7269
2583
2225
6945
7452
5524
4847
569
9337
6773
2241
4820
2771
2201
2986
8932
110
9746
1563
3143
5670
2414
6768
7294
2598
1134
8233
3509
8410
9810
4564
5851
1774
6026
2309
165
2589
3850
6309
9424
9727
4006
7605
5152
1470
5475
3727
771
1191
316
441
5839
1378
4515
3108
454
7286
4410
7795
9561
1498
4144
9453
2555
1547
2443
6349
7174
7421
1235
8931
919
462
7090
8759
9582
1198
771
977
9150
8083
7980
7823
1894
7986
319
9284
5708
8542
8755
9180
5071
2962
3393
174
9854
5227
9337
9573
782
2619
7209
5089
268
8198
6582
9668
1784
454
8648
9530
2194
4094
7837
2532
484
9557
6293
3132
9657
6886
4306
7936
4563
8451
9632
6781
9363
4600
2331
4165
2265
2701
9678
7886
3408
4146
4111
228
8911
6943
9808
5132
9571
4779
1881
8862
9325
1225
1240
6176
378
2340
6915
8728
6603
7825
4114
9590
4108
8374
4314
2570
225
8099
6013
2097
6652
1769
2640
2277
7591
6237
8189
6647
2915
498
2186
2205
1355
4483
1389
8710
415
5654
6869
7499
9517
970
7119
1303
4750
1856
914
1846
3934
3453
5949
1027
452
2225
130
5158
1734
8883
715
6973
8276
8155
6143
4316
5539
9775
5387
535
549
7641
2219
4100
5672
6888
6386
3998
8350
6790
1351
2519
5467
7456
2084
6195
4007
9401
8886
4532
908
9417
6596
68
1224
1403
6229
9004
48
2628
2377
5887
5112
957
6208
5092
5335
9695
1276
125
9516
4915
8105
7472
3456
8391
8758
2548
2904
547
5871
4942
4965
6611
6947
7023
3666
3330
379
8358
8383
7517
2106
5552
4960
590
6674
5349
4513
2359
4154
2978
1031
6641
864
6995
2411
3122
4310
5759
1879
5256
4369
8914
1701
701
4310
3472
575
4123
7292
9091
2235
9376
5952
8893
6726
8066
2031
3819
8475
6857
2506
9320
9599
483
7881
789
5985
7301
3964
5243
469
2204
9980
6159
4454
9565
1891
3966
2225
7001
3852
61
9978
9817
84
7190
1960
6072
5219
9287
5388
9300
3345
819
1372
1792
6320
8498
8281
3468
2762
8273
7981
558
1777
5513
5827
2672
2720
3486
1475
9984
9595
8444
5087
2192
2926
3573
4527
1985
8159
5166
945
9460
6276
7890
4958
4230
8900
2031
6735
5642
3804
1532
7891
72
1709
1414
289
9600
923
7198
3786
3691
6016
7664
889
4644
9717
6226
5449
1107
1043
3402
1032
7136
2491
6027
9175
3221
3251
165
6816
348
398
2758
7795
7385
425
7601
9684
8994
7811
6195
4323
9787
4693
3881
7210
3284
8905
7274
7994
8401
2393
4206
7696
8867
3312
5876
1406
252
297
3769
3898
9610
4442
3657
9562
4716
7921
219
6551
4428
9356
1884
1424
3333
7894
6519
6202
8183
2876
5165
7567
8758
9034
9121
8362
5016
3141
745
6036
6878
3507
4718
3331
8286
503
1187
1246
320
7281
4422
7944
5239
8828
9791
5280
6324
1987
2978
2499
6335
9940
6497
8123
4215
8161
6826
9536
3555
2428
1134
4020
1406
9196
4900
7973
6402
9770
5566
3149
2033
5140
8614
4968
4214
2417
7406
974
7905
9401
4383
9311
6184
9776
4131
1995
5574
9663
4681
4158
9358
6288
7765
7733
4950
57
4472
6543
1137
4835
6342
6470
7751
8315
2501
7907
6436
5232
1043
4215
4690
9163
5477
2931
8636
4299
4247
9187
2781
9585
9910
1189
7565
4607
6621
5473
2257
2557
4955
2764
8962
3186
3440
7005
249
7839
6462
1776
6115
5304
3075
7690
8188
5044
7725
8014
932
9827
3977
2888
9506
8720
9298
8257
5584
2994
9663
5564
7203
495
6863
6204
1111
1584
919
3907
8299
5178
3098
9826
3356
9575
3438
967
6129
453
323
3525
3138
3676
1341
9185
8749
647
7025
1735
1678
6998
4865
8057
3377
5222
6058
1026
3123
8853
715
8297
9249
9935
6408
547
2272
312
3146
3896
2303
1023
5794
2528
4980
471
8112
1160
8297
8394
7134
4074
8196
2992
1112
4835
2806
5267
3143
5446
8359
3886
1586
6915
7878
3782
2135
9133
1918
9491
9980
8696
7858
883
6274
5683
8037
9654
5667
7249
2755
8814
8119
1682
409
9353
5848
3397
6062
2080
3025
2776
7043
6743
5188
7140
9224
8242
5311
8208
5193
2458
2148
3776
9612
88
2722
2202
3009
802
7705
9475
2881
3623
1215
5726
3462
4800
5947
9062
4031
1877
6039
5083
1713
8899
2115
3195
9799
1941
8423
6194
1156
6479
8488
8748
3387
1965
5504
8173
6642
6584
246
4233
4901
2423
2603
6767
3326
7708
149
2433
2194
9777
6877
5681
3720
8640
4592
677
9809
8066
4344
4736
4550
9371
6928
4607
5872
4901
3144
6295
3499
6521
8409
9676
3151
6620
8012
6925
101
4179
3219
2486
6578
3084
2239
4896
5639
6583
3348
30
9513
1051
4977
1428
1677
3537
181
3445
1878
8935
8959
1507
5808
763
8189
7058
3576
5064
6522
4904
8299
2767
5747
9378
7876
381
2208
569
483
4441
6540
6320
2590
96
2199
3345
741
683
2838
7631
9839
6989
9144
1275
961
8335
767
6033
2401
5822
6132
200
1341
5284
1042
6272
4550
5291
1921
9783
2166
6608
226
1379
4185
5857
7287
4504
4313
8564
431
5029
5957
323
5399
22
703
2205
6031
1160
2157
4675
3247
2353
3403
7242
3475
399
7495
5934
5358
2861
3573
1435
7738
2071
4223
6664
8026
258
8279
5247
7488
5501
45
1297
7069
4966
1648
4025
5450
5067
6795
2033
214
6323
1656
8257
3962
4576
8050
5362
8559
805
2601
8984
3455
8867
1641
7098
3994
4710
5030
5854
7899
3229
2
278
6022
2361
4022
523
2008
1636
976
3019
7041
5544
1575
7809
5175
7219
4477
4544
4615
8083
5411
784
932
3
1196
1540
8836
9582
8216
9512
5788
5001
7823
4908
6413
8367
1958
4601
4576
8708
3436
8621
8314
6363
286
2451
2657
1961
9412
7919
7593
3989
4915
8804
3846
4057
8834
9275
4349
2930
4412
3667
4216
6255
1576
7868
2958
382
7682
442
7758
8998
9390
8713
2144
2805
7908
9991
4347
8214
9930
1773
7652
3670
125
2876
9907
8341
6576
7756
3339
1101
5250
9202
4421
7864
9995
9705
6667
2844
3330
1036
2944
7379
8944
6630
7246
1529
160
4579
3923
7261
2078
2233
430
6741
725
3329
525
572
7857
7567
5335
2483
17
8831
1028
7360
1775
6042
6677
2375
8598
4658
2841
3021
2485
7535
79
5011
169
2438
802
5176
7316
6714
4152
3921
2576
1482
5978
4216
6586
7587
3873
7056
4939
544
6862
1934
1608
7964
440
8538
8281
8245
9300
3221
4479
9298
631
2548
6233
930
3548
4659
1784
4744
1323
2938
976
2841
1450
8926
6454
6828
6659
2585
8363
1781
6148
2427
1641
8055
7735
4170
921
1356
1511
6262
9481
6260
9141
2185
6210
5439
5215
3818
7131
6766
7567
4541
8553
5976
3352
2643
6857
7715
9571
9003
8200
1943
8597
2571
1938
5099
690
3203
2703
2088
8790
8170
5404
5640
2894
3983
1413
6871
9643
54
6823
6636
2504
1862
76
1845
6318
886
8354
1817
6927
744
18
4160
7448
3140
2090
8561
313
6461
8337
7096
1506
5230
2714
5502
1137
4942
9041
5345
3659
8724
8124
1845
3227
6394
2866
5645
5788
9787
7202
8963
5908
5688
5315
3659
6281
4459
6659
1074
7631
8955
2427
1547
9247
2964
778
7052
5022
2312
1656
1054
2900
5366
5726
7312
7989
1283
2684
9742
6159
4213
7281
3692
4902
6435
9862
6461
5049
182
4647
4834
3421
4820
9677
6919
4199
6710
9783
7346
8798
3589
7184
7633
1385
2477
519
3073
9165
4
2903
5640
8405
8943
3908
1800
7370
6253
3175
544
1944
7464
4237
2734
9267
2050
2441
6757
5725
1177
2658
5853
9481
222
3579
2922
4722
5765
3381
232
8041
9223
4481
3094
545
3449
4541
1825
3726
8478
4930
7777
4478
5655
2730
8129
6376
1310
7701
239
6122
2539
6123
4576
9099
203
9868
7028
5444
1064
5347
5372
1501
3654
2296
7792
5610
1732
3038
5150
1455
4148
7189
5094
6502
6404
7795
2476
1649
1317
4934
9321
9584
8376
901
5994
7553
7521
7418
6394
5107
5251
8011
3051
7475
7827
7770
4512
8111
8102
2110
4235
2669
4830
4078
5247
3773
3747
1941
9760
5068
1807
8966
1814
770
1160
9753
401
5117
8190
5613
8162
5876
1404
5898
9289
990
3679
543
6210
8899
2563
7483
6344
2688
9988
4278
7920
2573
5969
1422
1169
9560
8996
8064
4570
6440
832
8089
574
7283
877
2383
5992
5942
4888
9916
6241
3898
4821
7212
4728
1934
451
1077
6810
7320
6229
6798
3244
3058
6411
1605
6560
8226
1508
3574
8296
2007
1064
4945
5599
4707
2674
8764
1126
6561
2241
9040
6811
626
4495
7468
6966
579
3040
2353
5928
1801
8553
6246
8918
3856
369
9957
7136
4106
6682
7895
2845
5171
7861
6443
9537
1177
8416
8670
9399
3968
8550
1443
3988
8359
3281
9891
7923
1370
7132
8957
578
6052
5058
2652
2181
6461
4071
6249
2282
6991
1000
3954
6270
5935
836
1584
1344
2987
2668
6432
322
9307
4968
63
1427
7737
5319
6863
1696
8398
5795
3100
7723
5113
7280
6426
5815
8062
9537
9075
359
5096
2909
1422
3459
8008
448
444
7289
9798
9890
2906
4160
9788
6467
9178
8900
2056
7389
8333
9782
2746
2898
7212
2783
1471
8566
8917
7252
5525
4713
1691
4873
6262
437
2515
5845
5125
6905
6830
1001
2993
9180
4772
3351
6623
8588
198
7600
7641
6511
1897
947
7136
1940
8210
3528
4144
1406
8490
327
2544
845
7345
5703
5357
9395
7396
4304
8335
2440
5537
4499
3188
1251
9491
6926
5546
7164
8226
6875
3783
8860
9658
2549
5944
4005
1522
4672
4987
781
6048
5982
5476
7602
7654
3508
1891
2714
9767
6196
436
8976
9809
5079
2222
2444
9446
4048
2691
3868
9029
7221
3732
5470
998
3491
5299
3811
8304
6263
9987
8401
1997
1874
2564
2499
5932
4062
9551
1584
2826
6119
9050
2335
1416
8082
4440
8171
373
3250
2444
3004
3985
9423
3741
1088
6124
2520
9759
5091
1563
575
6554
9261
7845
6960
3781
8130
7867
4787
6490
1364
4856
6206
2982
2609
4627
7256
92
9751
2228
2824
4800
2120
2258
5294
2450
1050
9326
3401
76
4880
2219
9585
1593
5084
7785
981
1547
6600
4181
2552
2111
2871
3218
4955
5650
5030
6032
281
5510
382
6250
6317
8379
5420
8156
5270
1801
1347
4711
4778
4078
1611
4171
750
4780
9938
2492
2282
1640
5867
5087
4609
4412
7670
4416
6747
5688
8568
445
5625
8390
3787
558
730
4479
3927
5278
2657
6854
8278
2663
2314
1291
6452
3957
9468
5022
2111
7561
6694
9255
1328
1854
8801
3254
6900
3016
7938
4234
8271
6341
4890
835
8752
3352
7104
9281
541
186
4827
9277
1914
3669
6613
610
8510
6390
6746
8498
8051
355
5557
284
4749
6165
5701
9025
2042
4305
7040
5547
3480
4451
6988
1290
9032
5035
2354
5880
4171
2323
5313
201
4601
4739
1927
4290
3228
3841
1423
388
520
9093
5133
2050
2630
8821
9235
6319
4933
6250
1627
5667
9483
3308
9506
2656
7735
9660
8613
4718
4853
4956
3981
9104
700
3612
5450
5588
1352
9202
9164
4425
8074
6288
8591
2081
4490
8144
5679
4850
1655
2795
3495
773
3634
7383
7946
8973
6040
9970
2844
5244
6020
2582
5062
3832
9854
1784
4947
5433
1407
1111
8660
2188
3925
1166
1333
3548
4638
1574
7451
615
6141
3966
8488
6147
6440
9717
6796
3008
8498
2917
483
3853
5910
7969
580
7030
7968
1334
2426
2021
5623
6496
3933
6968
604
6290
8431
9513
6328
1928
8784
1057
6602
349
2381
570
9665
7475
3194
5844
3462
572
3925
6507
8745
9449
5734
7728
1288
9312
778
3217
943
1075
5483
1024
6054
2568
1299
8619
1451
8094
4646
9889
5698
2479
6078
3842
5248
6140
3002
1621
5543
413
8887
6255
5662
9218
8352
5572
9720
9342
8856
9307
8254
234
2968
4269
7165
4377
711
4171
5383
9368
6118
1056
845
5084
3141
8428
5168
7164
4561
8880
5916
1778
1126
3862
4127
4400
4971
2595
15
2419
5207
6311
2567
3760
2800
7421
7835
2184
5864
5438
9303
2893
8958
7467
2885
3482
9109
3414
6743
3208
2830
1574
8034
6755
9572
2391
4239
6010
5847
4573
5691
1350
9817
113
4821
5943
6769
5502
5302
4106
4073
4488
1350
9138
4373
3699
9666
6881
1689
5172
1819
6585
2633
2459
7564
8572
8828
5800
7365
8322
2786
4349
2997
3905
9914
3365
7202
7686
9351
2224
5511
7443
7077
3187
1173
2800
4664
9836
6171
8762
5808
1732
2227
4499
3996
8729
3124
8368
9921
2793
3036
1631
6859
2332
5366
4033
8020
9873
1182
5153
1290
8323
5549
1676
2828
3701
5180
8799
2947
8237
8889
7759
3165
1947
7648
7849
5455
824
8539
5889
3358
4257
3041
4485
8994
8870
4017
4926
761
697
6058
5755
5091
2565
1358
2215
8878
3888
8935
9408
9029
9449
5785
9732
1763
7484
4152
6362
5750
6398
51
4882
9503
7149
9277
6056
9344
575
435
68
3051
5818
3538
2801
832
2141
7562
6494
9616
4857
7586
5442
7624
7558
2463
6894
3818
3102
7963
6575
7450
9064
7990
9809
8994
3990
1221
6526
4065
9621
6139
7564
7290
6029
9850
7842
5884
7341
4138
9739
5781
6700
7962
9896
7824
9278
3069
9917
9191
1381
6256
6610
2019
6811
8918
4606
1223
8059
7620
9263
3545
4322
2425
1024
1856
2572
6316
102
3789
1897
8223
1962
8706
6970
3036
260
5886
5085
8355
3898
8979
3242
2349
6480
3895
6061
2476
6714
2791
6109
9014
8758
2831
2542
9677
3460
4180
7313
4632
7750
7532
3473
1102
9572
3847
9467
7472
5655
5706
317
4179
5960
7222
6693
2906
7337
8512
1185
404
3498
1660
5177
2329
3379
9245
3024
3097
1752
3249
494
3518
675
2817
2438
3190
5903
2117
1306
8932
5944
9330
6888
1117
8549
408
3197
3555
56
3492
3385
3850
5769
8123
4730
6251
8596
4719
8812
8273
3252
7553
5091
1715
4116
947
5649
8454
5562
3546
3355
9284
5778
8881
6700
8084
5962
7709
4257
8260
8675
8439
2711
1200
2874
9482
6893
9407
5231
682
2489
8027
1381
5046
1066
9978
8329
3930
9539
8687
2610
917
8029
7555
7142
7203
7037
3397
2712
9820
1159
4620
4729
2380
2566
5046
9276
131
3376
5023
8051
1657
7060
6579
211
106
9117
9788
7269
3062
2853
9400
2548
7956
5
8142
1402
4447
7324
2589
8464
4379
8014
9448
8723
1723
4843
3470
2361
1367
5290
3573
1051
7348
5474
6266
6751
9750
7545
8457
3650
4399
9628
2573
2645
8748
4747
3570
3529
1349
2556
2440
607
554
1663
9119
3699
7267
8375
3913
7054
6144
8965
6903
8261
5015
1553
2149
6613
7959
5945
5810
6621
8527
7785
6455
1115
2564
4068
3759
6441
4624
8576
2479
9031
2073
2552
2833
410
2404
3375
4255
2046
7383
8299
20
7136
5367
5430
7375
4906
7367
8970
8509
956
4038
9509
9722
8662
2450
3839
6132
927
5731
8716
4118
8976
1204
4627
4219
9370
5186
7798
7522
6967
7825
7365
214
1641
1016
8273
6815
7758
243
5432
507
5371
1958
2933
2060
8602
6739
3177
6808
858
6624
7593
9202
7002
3456
5186
6878
7472
6174
7600
8637
1685
4401
2015
4911
8440
259
6100
9755
8352
7552
82
497
224
5176
3331
553
5046
4617
1457
1039
8784
3162
4424
1609
6284
8727
9846
7740
6696
4443
7393
3455
2641
8681
9815
1508
685
1028
165
6985
2822
5792
8177
2921
3702
9090
4666
9055
7025
7892
1965
6322
5934
1991
699
3483
7923
1866
3534
471
4365
7926
5421
2973
8595
4864
3815
8589
3507
8130
1759
2180
8180
5762
2408
7510
9872
1174
848
7876
4762
1717
8833
2637
9636
4504
7524
7106
8456
5257
7456
8696
2990
1278
4446
7755
6950
7198
4043
2181
8029
3735
5799
7294
3728
4066
42
5768
5929
9354
3680
4645
9891
2474
8462
856
7412
3187
806
2932
9889
9044
7176
1172
8091
5169
8005
7529
7113
2997
8610
6487
7568
6805
7154
6314
2427
2120
2249
3878
3387
9329
915
316
9630
6735
4737
7992
1812
6779
9900
9168
9043
5240
2044
7878
7292
3687
4886
7042
244
1836
3299
9133
9780
4898
1019
9238
8593
3058
446
1904
3617
5439
1878
5280
5100
5300
9830
8540
6136
7846
5412
6992
7431
1815
2666
3002
8593
7927
9339
6394
6534
7990
3062
5051
6821
5991
3008
7465
9991
7328
3816
7576
8387
5401
9915
9382
7611
6459
8509
9696
1466
8720
260
399
4015
5936
72
886
9267
8177
2600
7831
4518
1422
9101
548
3300
4885
7135
1317
9302
233
6058
399
4292
4186
7393
4135
2868
2009
426
2685
5661
8862
7134
4223
9984
677
6649
496
2063
9335
5857
2239
9280
4300
9691
1236
3081
9316
529
6669
3326
6823
2923
37
5622
8253
7440
9619
9701
665
4426
9594
2579
5001
6097
4589
4230
6267
2562
5294
7561
3696
5717
6674
8259
7698
211
8307
5235
4452
4960
5271
4746
1457
9467
2419
9129
6041
8801
8356
1018
4880
838
4641
7549
5984
7471
2035
7014
6104
7143
7928
1096
2199
5632
6106
7322
5909
1731
5720
4094
1130
3137
6049
8969
8320
7682
9299
7200
993
4987
6944
6140
1103
1976
638
8611
3446
8593
2527
4062
952
1620
1315
3411
8200
8469
8076
9604
1426
9889
7093
1734
7564
1604
6692
8308
5328
776
8714
3400
1910
2702
4904
8207
4012
8376
2729
5803
9188
6474
1040
8967
1828
8268
4657
9114
8245
1997
2008
2823
9464
9901
5396
6764
297
960
6066
4955
7455
4822
6206
3151
4132
39
5090
5121
1623
4716
5080
456
8466
1703
8751
169
3031
1721
9843
6391
4752
122
8321
3815
8715
1962
4052
7304
7429
6532
5809
8435
4162
9654
4049
5866
2362
3628
3608
2923
1454
3675
8163
9479
6014
2365
6368
8384
2755
5107
7658
3490
6475
3781
4794
1550
1489
324
4145
2245
7799
9160
7632
662
5875
9271
326
8157
2108
1277
3229
2217
7482
4313
625
5861
7348
7772
8585
2290
2363
423
1438
1981
5228
6854
5977
6027
6576
9228
720
180
4160
9614
7181
5478
712
3727
4397
6013
2692
6001
3288
6129
3282
561
9511
1202
7383
7049
8651
5364
4531
6810
7162
3556
6467
9811
6549
8345
3223
6647
4238
5475
1931
3330
3205
1680
9785
2169
9645
2393
8157
9106
2122
5887
1871
5018
3300
4251
353
8592
2154
6042
4345
1573
3366
3373
5346
7599
8717
7091
4231
1441
7052
902
5066
6148
1038
4861
5458
8347
7578
2009
6503
8320
2470
3130
9006
4269
7999
1890
9507
8458
7451
5433
3128
7107
3687
9913
8515
5285
1556
9903
9010
5758
4097
9593
7320
3541
5351
6314
8451
1312
5492
3618
3859
2823
9737
8458
3970
3330
4241
5276
6345
2113
6325
5969
3311
7122
7555
197
2442
8696
442
9312
4246
8757
9358
5977
4318
1907
3148
2482
218
1917
2676
5523
910
5920
5734
3313
8734
715
3622
3214
6410
8788
3638
2075
6537
4534
8141
6554
308
9833
395
1596
9397
1707
7991
3534
9278
3005
9708
2672
9821
8432
9441
2109
7848
3916
957
4504
6817
6383
2719
6390
4080
7245
9299
3503
809
9104
6067
8444
827
7006
8776
7060
5399
5749
1528
4115
2473
6353
1559
4671
2778
3364
1342
2062
8113
5305
9110
6700
4547
2121
5223
2763
8405
9978
9617
8893
6158
4352
2480
7041
9967
2144
9131
3016
1896
3328
1732
9583
8666
1927
7687
7492
8111
5091
185
9276
8962
1086
6961
9481
1927
7767
1286
7854
2362
5566
768
2563
6540
4224
5742
8261
4821
7835
6008
7370
2507
1133
5018
6681
2514
4322
7450
8768
9034
3746
2393
3650
6804
8865
1124
6298
834
4636
4477
6703
2409
4214
4311
192
2070
5924
349
9115
1502
806
82
8558
6370
7057
2049
3596
6200
6168
8113
561
1959
6090
8201
3690
6973
8742
9105
3643
6998
3045
5646
9168
1344
8369
8851
279
8736
6917
8142
1131
9606
7055
8323
9641
6598
9149
7805
8122
8141
6982
7494
9634
7212
6214
8705
3457
8383
8436
4783
5290
351
8126
1329
2627
2939
3911
6302
5204
7084
6006
4911
9442
763
1002
3578
4533
6162
7074
2500
3105
1460
7594
3301
115
1077
2310
8787
9679
7073
3529
4026
8143
2130
9655
5592
9203
6736
5043
8291
3410
8289
5485
1407
6640
2625
3987
7280
7223
2248
1578
3588
5640
2190
8426
4436
7593
7073
6089
609
8489
3561
8227
1036
4088
6869
6234
7623
3174
1534
5027
7909
6331
5857
1820
7799
2663
8520
9702
8751
1171
3678
9684
5015
450
4657
4913
1450
6441
1757
3478
9918
8750
9045
9167
7194
2042
7198
1268
4377
8165
1797
2896
4371
7308
4832
5492
6157
7986
8156
7300
5591
4415
7391
9505
6727
4236
8245
9794
1116
2307
1699
5223
5029
4429
1532
292
4328
2742
511
9746
1090
5877
9101
1010
7190
1170
6693
1367
4494
8457
6003
1734
7546
6905
8374
8057
3661
6026
2276
4803
1562
9355
7892
470
2853
3789
6756
6478
9627
1451
4350
1446
2708
5958
1783
1569
1136
2737
2689
7342
7320
7708
7102
9936
3824
9784
5189
3011
4389
2683
406
8306
1444
3809
8714
4861
8720
3900
1038
9515
7685
3172
6798
1712
2373
1633
2950
604
390
2875
152
4091
9001
7832
235
4261
4457
9375
2047
2712
1731
9908
6600
5145
6997
4723
287
5484
8620
7195
9315
2139
3504
6478
1935
2155
1595
2493
452
3871
6378
5822
8480
9323
7975
2769
8537
5224
5609
6995
5417
2858
7171
1421
414
4825
4493
1407
8031
9010
1174
7333
8464
5566
6187
81
925
7412
2595
8514
6316
5035
4018
7627
8322
1916
7161
2280
2404
9095
5212
3897
4179
610
2306
6700
7855
4755
4954
1093
7091
3063
1037
9359
4367
4946
5872
3377
8664
1219
668
2969
5196
7516
491
8500
392
2441
1032
2384
7560
2565
580
4531
5362
8729
9354
5720
8304
9192
3101
8448
7389
448
3060
402
2049
5060
6854
4921
1977
4098
2195
6858
3346
9736
2914
81
5036
1418
6018
8599
6911
3678
6639
5271
7157
3380
4520
2318
5026
4139
8948
2458
8709
7616
5194
5216
2241
1009
4134
8932
4481
8456
7570
8601
44
766
9321
5755
8816
2307
4671
1730
1572
9162
2897
101
7145
1236
3052
4995
3272
9177
8114
5889
6821
9948
1181
2611
1033
7799
802
328
5627
8921
7811
1333
8765
4110
9592
8555
6652
4820
6668
2097
5599
604
1938
4626
1910
2096
3132
3759
1007
4758
5547
3826
7905
9403
5185
9052
1089
1077
2421
2546
1314
4871
4896
6959
3924
4860
220
8041
8800
8589
5860
8834
5911
8551
1024
947
3676
4038
2156
5559
8134
2003
7633
4061
2169
4600
2864
5136
1390
8935
9059
694
6164
8716
8790
3905
848
5488
5457
7299
9725
3257
4767
5517
4187
5221
3205
3783
8790
2363
7010
4704
9344
1185
8675
2398
4704
8507
1688
3967
4910
7603
2564
685
3888
8488
434
8599
4190
7480
9364
4778
537
6135
1452
231
4931
6308
2929
3940
3863
5336
5694
6956
8072
5439
4089
8314
2345
6312
5119
3223
5212
6607
7540
8911
8269
7849
5695
5803
6944
1807
574
4205
2190
4020
5786
5837
7633
7267
9
4813
2777
3939
895
9717
6344
9752
1254
5710
7160
1057
4077
2206
2601
1371
4519
9329
7291
5987
998
8840
4592
6099
6863
4942
8019
691
6770
7562
2572
3512
8344
7589
2222
6745
2485
1733
9454
8119
9868
7239
4866
839
2242
3691
7721
3851
9665
9927
1201
6390
1865
6881
8737
2709
5492
5357
7396
6739
8311
3699
2316
6827
9000
1527
4486
233
5211
8522
9722
2442
1503
7652
605
6913
4444
7466
6480
5885
8841
7546
7058
1307
2800
1022
8114
2360
5358
6282
5010
1488
102
1322
3003
3115
8614
5805
6392
7361
9790
6100
85
4614
9301
3468
5599
9497
7653
5293
7326
6811
7974
5564
2164
3563
9541
1010
7599
5654
3469
6908
7478
9746
1207
3173
6775
7214
3063
2058
666
7095
7497
334
1668
7321
8223
2283
858
6179
6938
5563
9769
773
9268
1532
9673
5862
8551
2379
8360
9777
6699
2890
4892
9827
7605
7786
709
6961
7932
2401
8242
1312
1078
1042
4105
2456
1727
7647
5639
1232
6206
4240
5710
9805
1210
9989
6426
2214
7975
5034
9871
1477
1288
7773
1445
2391
585
6635
7532
862
3264
123
7883
4274
1509
8060
4015
4914
9650
483
8059
788
9113
8619
3510
8416
1077
103
622
8490
8763
2312
329
7944
2802
1081
659
8247
9556
4359
4318
9543
3198
7881
9747
4368
1217
5067
5203
7051
5771
7999
2257
9114
8343
5682
60
5819
2396
2548
1675
7168
5938
3274
5330
8602
185
8618
5926
9711
3523
9967
4903
9920
1482
853
8967
1497
8883
1695
9325
2392
3733
2080
6736
8109
9415
7046
7519
1729
1935
4938
1439
3260
6366
4313
2938
3052
284
1811
6274
9625
8492
9855
9656
5997
9137
9362
7206
5222
1646
5923
1172
8515
5284
9515
9213
4570
3229
8196
8362
948
1241
1655
5012
6569
915
4222
1738
2260
3878
1441
43
2160
4273
8514
1030
6517
7579
610
422
1143
5201
9343
3385
1246
1669
6699
1107
9406
207
385
377
2214
2716
2947
7338
7191
5559
569
1728
455
7343
7549
8044
6849
4692
7465
8626
3717
4959
5092
1477
5813
6232
3884
5881
9589
7271
7817
3923
9669
1129
5961
7716
2704
1212
821
2967
4580
1874
7927
9511
3975
5291
6645
1119
9190
6093
9467
3072
819
9281
4137
3387
9847
3437
9544
3827
4376
4671
7241
9525
3379
7453
3006
4009
5680
710
5815
535
6488
5934
5770
9020
8750
5536
3045
1322
1535
2491
2421
8214
224
8609
2462
7658
7699
3457
5280
8617
8235
2357
4646
8572
4740
9458
5325
1420
4400
4826
331
5682
6410
4772
7888
3063
9601
3951
5750
3894
6177
5891
2668
3961
1383
7800
7539
101
2680
1095
5720
2509
5833
1215
5599
6448
8858
4275
219
3778
3522
6262
8840
4114
7843
6189
7400
8409
8109
9854
8281
7098
3774
5504
3965
5756
467
8968
7389
6040
7795
7885
3193
9247
5847
3680
9647
5962
7590
4792
4547
8718
3345
6085
9513
5460
2245
301
4343
1426
11
1867
2611
3499
8339
4173
8873
4969
3020
9377
6520
3489
3478
6294
2402
3511
7662
5804
2139
314
4886
5007
8472
8942
4223
4452
5705
981
6896
2653
3219
310
1082
7059
965
483
7885
5214
8613
1026
8825
7165
5188
4676
6753
1903
9355
2705
8377
5028
5758
6039
5076
5106
281
4304
7718
5748
3580
2956
6886
7304
8512
6743
9532
4342
1824
2116
4713
1908
757
1960
913
5517
2987
1654
3942
9103
7807
8810
8861
6814
7962
8604
1887
9037
9726
5236
7482
7346
6470
8153
9391
1110
2743
5440
2058
5084
887
2567
3228
4155
8748
5099
7063
5112
2334
8725
2973
5687
2710
4778
9368
8459
9247
5314
7467
6093
7222
6970
4095
3961
7751
4583
3885
6607
9686
2449
2731
4475
3198
212
3594
5341
6576
9488
1368
6929
7530
2946
2850
1480
4329
2052
1883
3059
1497
2121
9161
4802
7546
3900
1887
8029
2188
9453
1233
7429
4665
4278
5427
5492
4650
8261
5511
2978
2417
6264
3378
7502
8805
9644
2712
4870
9422
2248
3936
7788
5773
2768
2344
35
5555
1774
4247
8416
5972
5820
8253
99
7996
1844
6280
8207
4989
8837
5250
4878
981
9250
6699
6348
3966
840
5384
2183
3734
3941
4692
6482
6911
8113
3643
4689
497
5543
4483
4093
3008
4319
5842
108
7015
330
3285
5853
4125
7718
691
8941
9155
5148
4547
5141
2563
8214
1876
5652
7963
54
9799
4942
48
3724
2867
4921
2853
8181
9427
1783
286
47
2156
2584
4705
189
4775
3756
7646
6300
9885
1799
2812
8910
6724
2435
9207
6944
5785
4388
2606
5708
3676
8328
8228
3215
6831
41
1129
3171
5909
455
4386
6926
60
9790
4705
4723
7485
343
3475
3127
7852
2108
2049
3012
4442
8227
1082
4979
1048
4418
4638
900
5027
5552
9330
500
245
8846
1061
4296
464
9788
2257
9458
4156
247
6347
8625
5758
9025
6618
7305
1574
3771
864
9639
4853
6576
1858
7729
1410
6950
6780
6904
8726
8429
3634
1122
9605
6885
6230
4443
9622
1938
154
6429
9021
9635
8689
4632
4640
9237
8107
2437
5998
5806
4751
4877
1208
1107
895
2702
301
6616
5331
7402
8118
6621
176
9487
9341
3595
7990
1301
9559
8118
7734
2784
2831
6185
2239
6015
1331
1954
8954
8006
9764
7819
7952
994
5088
1084
5167
4050
1564
8782
196
5508
7715
6324
3124
7706
1336
8817
8298
4880
3609
6437
6092
9921
8486
8811
7297
222
6050
4977
7593
4556
6751
1542
4884
2036
6616
8261
2789
6144
3474
8749
1958
4082
2555
2504
6499
9665
6011
5812
6222
5242
3797
8582
8253
2452
287
2060
8777
1166
3518
8466
4374
7171
6900
7148
3971
7274
9696
706
5789
8439
204
9092
5269
2318
9827
7414
1220
2472
9104
2439
7439
3735
1925
2516
3718
3248
993
7187
2461
2590
1419
7678
7988
6073
7281
6995
8634
8472
4462
9470
4246
4740
3556
5801
9056
8934
8058
885
8631
5290
6155
6892
8999
3080
753
8281
2894
3712
7884
5950
5950
3252
5013
8712
1131
1214
3505
5580
5987
1966
1617
4686
3799
3553
93
6986
8427
8425
2350
6519
6590
2256
988
2509
6366
5778
7300
3257
7390
3325
9001
5095
9480
4955
6779
9273
1965
8529
7062
2757
1530
2921
6732
9768
8718
2031
5245
9215
1577
2790
3602
4889
1288
8018
5361
7672
8427
3902
5165
4276
4040
5668
5078
4969
5476
4132
2511
4950
8613
3493
7166
6599
8744
1097
5580
8905
1639
8112
2037
4791
8543
6312
5117
4084
6221
2719
3892
2446
6688
1533
5248
5342
3294
5920
9146
7198
4276
1216
5686
6986
225
204
6538
4770
7088
3532
3362
7750
2061
2600
1971
4644
198
2070
7741
6051
2856
3597
9120
5128
8548
952
3637
8025
8412
8756
7756
7461
1165
6004
7600
3158
9784
8766
1756
9938
5471
6223
8522
8320
8412
9882
5611
895
199
1025
7719
2349
8652
466
6546
2256
2394
658
2705
341
35
1383
6743
8630
2296
8146
4844
568
3061
687
8175
8385
5745
761
8380
1912
7708
1866
2020
2015
7262
8146
4429
3917
7786
2554
1738
8301
531
4201
4934
710
4318
6316
680
6272
4842
5477
4797
5473
1978
4745
5907
5810
3332
499
3868
7247
7466
5090
9230
6813
1208
1225
2256
6227
8433
593
7667
5410
3769
5062
220
1026
4304
3318
8577
4653
1404
6943
2236
9813
9278
4412
9691
674
1439
9365
9723
8954
5919
2180
4940
327
6949
8652
5955
6891
5440
4612
4824
168
8308
3071
7236
4617
9372
8313
4027
4614
8559
1843
1920
2008
8528
7714
9749
969
8389
570
2094
9994
1137
6973
36
2071
4572
7055
6804
8934
6806
2935
7626
9324
5875
8687
142
3389
1598
6165
2017
7479
123
5688
4335
8485
8341
5383
5868
1436
167
6015
2169
4200
9031
934
729
7998
4780
3819
2574
8790
3251
9220
1434
8447
2959
6060
2499
8396
5110
15
7740
6807
2968
4603
7738
9498
1310
1684
190
9722
2784
2150
1907
2922
4619
7023
3155
4409
2708
7278
438
7126
2488
5150
4734
8380
9401
9936
1867
1401
8115
6956
4806
9922
1907
6595
4425
3404
1409
2817
5711
9368
1936
5909
9750
7359
8022
2927
6306
740
2212
393
5354
3821
7825
8084
1807
6077
7656
7714
4304
3470
2100
3764
2323
5170
4633
959
2895
3322
1992
4698
3613
417
3459
1904
2314
4515
5021
2853
5251
2644
8148
862
4803
462
4371
3149
1817
772
2973
3965
6334
8750
7453
3207
9607
5505
8976
953
7887
6824
568
5541
6163
9287
2006
8276
2144
9954
5490
7729
9833
68
9504
8006
204
4998
5322
274
6342
1305
2661
5260
7619
332
8837
9968
9709
8652
6930
3825
9554
1091
5568
1063
7459
9862
2255
1975
4277
3387
5189
3922
179
4119
4314
112
755
5094
5913
2518
3196
2853
3371
8275
2580
8877
9680
6814
4409
8434
1340
3610
1220
2976
7930
7493
7463
1453
114
935
1308
3734
2429
2620
882
3089
2558
5415
1307
4881
5193
5699
9155
4963
8262
5253
3887
1039
5209
7318
9313
1557
5854
8164
4789
3364
8900
5050
5524
2436
556
6351
3367
2944
8604
581
7577
8611
7245
5364
8728
7250
3488
745
9570
7616
6377
145
6481
293
7920
2170
3660
5191
3630
4458
6651
439
2929
3585
2733
2723
7981
1352
4554
6359
9340
9956
9969
6968
8939
2882
3990
9188
157
2582
7758
7413
4061
7842
8576
2690
333
732
438
8075
5348
5695
8450
1992
7700
8017
5605
5862
9713
2845
3806
1215
3777
4463
7627
1035
5968
4427
3080
1869
1486
7325
1323
3422
6346
5298
1950
4813
4669
248
4976
1217
3360
8019
8735
6763
2835
44
1143
1752
8712
9933
3057
7656
1950
9539
378
6785
8529
3657
5822
775
3273
4489
1648
4569
2793
2845
2836
4365
9345
5114
9429
4207
377
192
2120
8724
5948
3224
8523
1011
1546
3664
6156
6542
3476
1515
4816
2921
9836
8003
2127
5702
5282
6799
6789
4220
1836
4047
8436
4233
7575
1129
2954
9473
4902
2998
8025
1926
1897
2649
5735
5290
3485
334
552
6971
5484
5032
1062
7962
2825
4871
9034
2551
4381
7500
2182
1593
8523
5571
6535
8787
5203
64
5319
5467
432
9470
9589
6339
3405
3220
295
5560
6548
3070
5290
330
1884
4555
4186
8532
1414
7182
3431
2079
1163
4291
9357
4865
8552
7437
1049
2637
9302
9717
7227
8519
4524
8142
7022
1974
4305
6771
8989
6819
4624
8634
8532
7383
5205
9898
3544
2077
6275
9644
4406
9987
559
4697
5412
7255
4346
838
4943
5526
4912
5221
7983
2946
4726
7035
7615
6740
1189
8587
1949
5010
6000
3824
4540
1603
2279
5791
3283
1672
1921
128
2171
5572
2349
7655
5314
2427
9403
1464
7956
3454
5044
1427
6021
4918
1394
9430
777
1857
1440
6412
9258
2152
3877
2649
122
3497
3807
3608
8593
7079
8480
4865
5971
2728
1397
5581
9996
9030
5548
515
2506
6409
4070
242
1263
6776
3094
8914
396
2625
7090
2844
8059
1129
8350
0
9086
369
9722
2611
3023
8683
6033
8465
2085
3032
7098
8408
3736
3652
3997
4173
7647
5696
6252
2001
8788
1841
2059
1804
8715
6262
2730
7573
9506
8865
3972
3280
7496
245
2696
3176
3885
9669
1059
891
7824
5486
6408
9166
5774
8531
2210
8023
5140
3647
376
4754
1784
5556
6023
8367
7131
2224
1906
3736
4852
9979
9852
2408
3507
4380
2246
7771
2861
8891
37
5927
8054
7970
7878
8244
3045
6877
9276
3633
8139
9011
9643
4749
1466
2657
8604
4547
3261
3301
99
1967
1520
1855
3418
1981
1312
6663
2256
3908
9647
3546
533
3397
9150
6286
5864
1331
5714
4219
2393
1021
5239
5153
7503
6166
5433
3569
8143
393
3029
3479
226
5318
7449
6817
5712
6768
8411
1512
8634
2210
9470
9935
4411
3009
2818
6125
1274
6828
7967
977
8519
552
5476
6747
5753
9666
3445
3529
4847
2722
166
2039
9928
5111
4699
7507
139
2056
7476
653
8486
3593
1028
4834
2729
1621
5182
1730
7273
4131
766
4443
5081
4816
107
5620
5224
7870
3294
2768
802
7668
8799
459
6468
8052
5697
7822
2241
2117
6166
8174
5513
637
4858
7567
441
3366
2146
7492
699
8428
121
8332
4062
3224
8071
8152
4796
9131
2350
9379
2376
8656
8863
7072
5625
1729
4070
386
659
949
4332
4440
3535
3802
9262
9547
1774
6831
6068
4883
9034
9735
6277
2576
1516
5121
6359
5807
1563
131
5393
4103
4500
1528
735
9649
4762
5802
2348
3367
1447
2549
1088
9106
3609
5616
8641
8602
5515
9325
3398
133
2074
5376
3400
1533
7865
8354
4430
5725
7051
8716
6773
8463
6476
9630
4799
8729
5586
6611
4624
239
18
2246
511
3218
7010
7984
2944
9722
639
5418
9795
3544
5173
1520
9525
9210
6106
8863
9659
3294
8096
8035
4256
5003
7854
7889
256
4543
3256
6412
4589
245
1641
4431
475
2430
1812
3503
662
2239
5966
6341
8072
730
8260
8257
4843
2312
6094
8295
6210
3760
5706
4799
9048
7756
3644
8833
9077
1648
4704
5432
2136
4252
973
8451
1389
4816
1272
4164
6963
282
7067
7722
7361
6973
6250
1006
2444
453
3599
130
4353
7957
2538
9010
2193
1584
3675
5268
6336
9506
9108
3086
7840
6272
2885
6733
9722
9494
8093
4885
4550
2220
5619
7001
7475
3603
6542
8477
6896
3528
46
6049
9553
4177
7490
726
7612
800
3310
3976
7288
5521
2797
8845
1491
9318
9038
4492
6465
9180
8498
1875
3962
4899
614
4201
224
3807
4806
6871
3013
3592
4759
4410
8886
2013
1753
2281
2682
717
6873
3467
1632
7546
2239
7582
328
8864
1138
2874
637
4944
7783
9707
1140
1423
3796
2823
8458
4532
7784
3037
1200
9885
1893
6855
6948
9644
7247
1399
5916
1863
4838
3187
6387
4545
4886
6118
6585
3742
3861
7499
4592
7796
4209
2552
3075
1492
4632
5207
9992
8974
291
7186
6507
6420
3832
8656
653
7079
3621
2261
2333
6650
6512
2924
9151
5826
753
5527
4056
661
927
4723
4306
2072
8424
3448
8762
4415
8962
3754
6578
6771
3838
3428
4985
8256
3508
6255
2565
171
6867
444
5816
7393
7207
6019
1751
5881
3139
9651
1163
8420
9
5303
7889
1962
8839
5606
4346
6398
1698
1811
6070
5332
8699
5959
5807
3243
4730
346
6113
9748
6622
7465
9275
8878
4965
5595
489
9987
4028
2985
1536
5840
8148
6378
4512
8053
9215
6766
4578
3867
9260
62
8494
940
1880
6124
4258
4687
1237
5161
4875
5303
8770
9958
1137
2415
9485
3327
2514
5357
4949
3676
719
2035
6273
7283
3609
5699
3799
804
3859
3407
6425
408
7121
5306
1300
4434
4208
3008
1580
1071
306
1019
7469
9948
3318
6382
9883
2004
8266
369
2200
6066
9566
8042
4714
3741
3879
418
1190
4651
2483
3558
3922
4904
377
3245
2329
5870
5082
3430
8281
6589
1418
6904
229
8511
9470
8917
3911
3062
4331
4115
5117
6675
8200
1790
2927
6235
3926
5154
2086
8261
2227
6044
1501
4561
4315
5081
4199
5223
2874
2701
7303
1293
7165
6864
717
3697
1350
340
6329
9669
9010
387
3932
1457
7878
7043
9135
7255
4289
2948
8300
1742
473
1183
8956
5709
7727
9818
2196
3349
2011
8463
8133
7503
9461
5475
1299
9601
8848
7879
7567
4895
3880
2515
4381
1137
8066
7950
8295
683
3543
6383
4869
634
8651
9570
4828
4122
490
8332
3066
8300
8924
3818
5111
8279
2451
2594
3832
9713
7559
3302
1889
8980
7361
6350
3329
7801
6412
5350
8353
2427
2456
2757
3662
6624
1865
2557
5457
6891
239
3787
994
1719
3443
6330
4128
6950
5723
2238
6266
4080
2502
7019
4790
5930
5037
9419
8092
9242
8247
5770
6401
596
5329
6803
6099
4342
8798
9315
4688
217
5637
3290
6363
2173
7539
7451
5803
586
7528
1929
4412
3502
7385
60
8919
9781
777
8239
609
2346
5833
8360
8876
4074
727
801
2593
8255
1035
2837
5180
8238
6587
8531
3583
1315
2615
1711
3032
61
3236
430
1435
951
1233
9539
3641
2075
4852
8290
3014
5968
4323
3645
113
5731
447
4671
9358
4546
7920
650
1540
2908
6220
8574
5219
5677
8580
7958
1012
961
1890
9852
1833
7211
6040
9377
1750
8538
7291
7646
6918
5260
2260
8305
2725
8624
2041
1710
9177
549
7728
5515
9450
6103
