8510
5617
9692
9885
7170
1176
7871
6431
3661
4415
2361
8969
2435
909
7677
9542
6669
6135
8518
1167
6597
9980
3724
1806
8757
4359
6980
8110
6623
7451
124
3606
8315
4539
6784
7721
5069
6276
7453
7153
5948
7596
9072
9694
516
8422
1872
3404
9561
2917
8370
7760
2501
8762
2640
2268
7412
1707
6873
4838
2033
8866
9459
6236
4096
7002
7826
9935
8861
7348
4777
9498
3556
5512
2131
7567
31
161
2295
2943
2280
8445
2691
7420
8794
1900
7576
4099
5912
6122
5866
5487
3640
1864
2003
8894
2854
7438
8470
3312
1066
7374
6921
4272
9459
3731
4151
8265
3446
2140
161
2408
9531
6953
9369
221
8960
1163
7638
8506
4113
9325
9244
4191
465
4664
8116
6263
4424
3575
1646
752
7953
2926
5166
5743
1387
7771
4401
200
2591
6654
7020
5928
1020
7170
9062
599
4136
2303
3894
6699
8016
7194
126
25
9816
1245
7844
386
4438
5352
8306
4369
5129
4106
976
684
3564
5575
699
5951
609
5977
7744
3255
2300
3409
5494
4015
4666
1360
5907
6403
925
4008
1503
7848
1538
8744
102
475
3138
5554
8292
8472
8879
5028
9571
3064
1454
5212
8544
2214
1522
7055
179
3204
3912
6564
3839
5844
2082
7676
3058
1677
6136
2485
6094
9430
974
3367
7050
8054
2661
5173
1214
3617
7382
23
7183
8160
6114
1074
5421
4636
2727
1028
3050
9428
9139
9264
314
5730
7419
2851
4359
445
9326
193
2820
1111
4012
3342
2017
6979
1027
3101
4344
2681
9054
3188
5361
2368
7087
5492
568
5970
8742
4850
1428
21
8125
7612
4214
5770
827
1327
9710
9997
5456
7539
5852
1551
2954
6816
3747
197
7126
2936
5236
2265
4481
7360
1197
1171
1203
7451
9968
5506
8456
4859
7763
8622
1736
7827
7223
3724
2000
8687
4640
2791
4175
3876
6159
828
2800
2781
5187
6611
258
4745
6802
6524
7279
696
7316
5208
9107
4665
3127
1132
6013
2071
7599
4586
1248
4198
5473
7793
7961
6658
5761
9440
749
6591
8519
5262
602
5884
6100
4052
5842
2298
3986
5840
1261
3738
7215
8262
7495
6580
9720
5925
6499
7970
3057
5435
7198
845
5022
2698
3297
6284
3291
3834
283
8240
1708
8009
7990
9142
8526
2546
457
8180
1638
9562
3879
1127
772
6035
4858
6701
2743
7609
1586
3763
1225
4664
8575
1047
9177
8994
6177
3546
8257
6375
9737
5237
2916
8301
6153
9663
5782
2579
8605
6766
9154
7420
1443
9536
9262
5
2578
4846
4906
5073
2155
4756
2765
438
6404
8094
637
6624
5215
5909
2194
124
836
7325
9689
1317
6905
7913
619
1951
2169
6870
1740
4529
4244
9822
4113
505
3026
1689
8271
37
8788
2573
1834
1936
1549
9913
8470
6710
3916
5649
2466
4904
4740
2669
204
1792
2483
3240
9476
6909
6532
1530
7530
7073
8242
3784
2895
466
8298
4918
5131
3449
6580
8098
6316
2342
8406
7589
3243
5369
2173
2351
6443
4106
2386
2385
1161
7001
4715
8391
3866
1534
472
1456
153
7312
8997
9347
335
9985
8335
7463
4967
8962
744
2261
2684
9386
7191
3811
1230
6765
9992
164
6391
2123
2834
4914
2032
3260
3082
8485
6303
9041
1899
7397
7528
2022
4614
4544
5711
9145
9316
3845
1275
7813
6458
9801
668
6768
9569
4457
6345
310
2798
1792
6194
6959
2624
1679
9156
419
3257
1755
9469
8279
6968
3018
3654
7533
5648
1099
3478
2892
6199
7750
4382
4200
4264
4980
2957
7896
3133
255
905
5955
7355
8528
4812
453
2823
2015
4734
3608
9994
8184
4047
8428
5646
4829
9435
8367
3529
61
43
9703
8775
2795
7426
437
2854
1102
3195
423
349
2356
2243
8929
8812
6161
3613
3570
6055
7134
4709
188
2245
821
708
9093
577
7404
9038
6464
9715
8751
2022
599
1023
615
5499
46
1607
2163
7440
20
3198
8983
7126
155
5152
1058
9789
9768
5016
4178
9267
3229
130
2531
4436
3077
8048
1694
7977
2385
3409
7254
6155
6291
8836
8154
8565
3283
7568
4659
2098
7310
2822
5754
2197
6301
5500
7792
9479
45
5730
8191
7420
2356
7890
5417
8678
2393
3464
2084
9658
2904
8028
769
7934
1627
973
8516
4753
2969
5526
1022
1
4889
9463
1326
5146
8517
5975
9812
8445
1770
2662
2900
1772
6913
5887
4322
9324
9088
9211
4332
4576
3564
4023
6417
5479
8616
228
4885
3532
8067
1821
7953
7501
6624
8577
9765
8149
198
5477
6716
1670
6971
4135
2196
7794
9802
4017
398
546
2346
5983
1852
3773
4417
1838
8303
4136
8886
95
4851
8498
4240
6310
9348
3863
6076
838
5705
609
8352
3045
5023
9366
3402
8401
3591
1498
6078
1278
5367
2680
2309
1621
8195
1816
5301
4423
6572
3725
2989
8468
9143
2676
7738
3999
7186
108
5907
4260
4007
3926
1164
8195
7168
5568
7552
7817
8315
2864
7599
776
4785
1017
6394
3326
97
1966
9915
9767
92
1494
3222
9211
222
8581
9909
7609
5570
4301
5623
1916
9169
2134
6084
458
178
3390
5017
5164
4853
6505
7603
2881
3317
5010
6582
31
8989
7759
3591
9945
9013
2939
6940
3691
5317
6686
2384
454
5468
4574
4386
1701
6468
5618
9842
1140
2781
8451
6357
8825
1696
7594
5516
990
4934
5029
2620
842
333
9685
2276
5051
4599
1959
1510
6728
2898
9649
946
9247
8857
5856
5766
3371
3285
3613
2516
7814
8739
6030
5136
3842
9743
8898
788
1738
1440
4157
9500
2042
6640
9323
8047
54
9844
5882
2459
7419
4201
1142
8812
7776
6749
4435
4787
7448
7990
3644
4950
6278
6492
221
8810
7295
1429
6500
9771
8408
3202
6262
8092
5663
4718
8208
6254
5951
3310
9562
4076
2316
8387
2569
2839
621
4676
953
1724
2470
6776
4791
3635
3485
5902
2208
4633
6982
6448
4181
6040
9297
3420
8204
4855
5694
8825
3477
7621
6318
9479
9773
9423
954
3920
3323
8215
9877
1077
7910
6967
2232
2222
6057
7837
4353
4745
7746
828
3988
3445
2573
277
8084
8901
3711
4447
6853
142
6662
8504
4515
166
3998
559
3398
5245
3568
707
1541
2710
9190
6733
289
4833
6246
1797
3838
4309
2931
9408
873
2711
2304
385
2384
9947
4973
157
8983
2356
8856
5956
7344
3343
4916
7224
8097
7814
891
4780
5924
6335
8127
8190
8409
8194
2649
8049
4354
1328
614
8063
8770
8458
1826
7553
7437
604
268
7972
3946
7072
6287
1820
4094
8287
8151
2424
8973
8091
8007
9880
6229
2671
9687
6225
708
8524
2497
5024
8811
7846
2667
3041
2703
801
1508
7520
3568
5765
3323
511
4445
9244
1280
6946
5259
8916
6604
5566
454
2097
2486
3938
8984
4645
2078
6829
4380
6926
7629
4759
1811
3847
1820
2418
188
5199
4009
7728
4710
7703
4351
4536
9615
5040
1973
8356
5691
3740
2285
4517
8889
4935
9228
8388
3370
6890
4607
5082
9971
9819
7836
9781
5405
922
244
4297
2480
895
7866
9449
317
6982
9775
5539
8440
1335
8607
9763
8631
4152
8596
7295
9682
338
6356
3988
112
7781
4523
3930
7898
5648
6214
1645
5299
139
5272
957
8347
3406
2072
9617
8536
5889
6094
4084
1915
2984
8352
2641
2832
2328
7340
7953
4580
2418
99
5796
7093
1009
9685
8847
6971
7960
531
9643
2558
1349
3329
1996
323
4671
9011
9023
5254
6625
1353
6537
2008
9290
5187
7664
3067
1360
5693
9673
3063
1680
7846
3928
3798
6608
590
6724
9691
3669
8340
1628
5782
2586
7548
8565
8630
7456
3501
8893
428
6284
2813
9485
5921
9406
8217
2329
231
9432
7483
695
8134
6725
1062
2612
664
5668
676
4172
3270
1516
1448
283
3492
2744
8033
9047
6068
5810
1528
6618
859
6610
9490
7002
4084
7662
8864
8737
4033
6134
7702
2281
9669
9902
4542
6031
2859
1375
3854
7493
9441
5879
1006
7223
1030
2474
5204
4310
4067
6617
5571
4906
1059
7490
1941
9228
7909
3626
9377
7695
7894
7797
1801
5183
6160
2945
1220
4913
1493
7410
7571
5203
9917
7091
816
8221
5560
5085
6904
1672
1285
8124
444
3037
7922
6074
6374
3518
530
2579
1222
1526
298
2099
2015
2540
9608
1959
5011
9612
9509
6363
1630
9957
8795
5952
1474
4768
3047
2629
3121
9609
5765
3324
7644
2408
8391
4111
8563
2012
2210
2045
5664
4605
1732
8961
5688
6430
3287
2318
2771
6348
9520
6845
3765
9184
898
9055
932
5264
8881
3225
648
1843
1233
7318
6922
8642
9270
378
5476
9383
5467
9129
4533
6929
8547
6096
9086
6169
1582
1868
9249
2949
3439
2864
3959
2722
7560
8810
885
9974
9563
1060
1512
1630
6536
6617
4721
5315
4479
2294
853
453
5561
6675
4059
68
2614
5074
9575
5666
2853
4569
1096
1616
4356
3588
3235
6522
1092
2749
3141
1773
5657
7341
3379
6678
4841
7338
6240
4130
770
3243
6094
2990
7845
3083
3370
785
5276
3746
4626
4446
8119
7020
1455
5228
5644
2340
389
6711
9711
2842
9605
978
8502
9015
9407
644
6285
4306
8821
2594
7340
8524
1071
1782
3475
1888
5634
1665
9470
4018
410
6162
3908
9014
9768
5507
3568
4373
2046
6680
89
978
3382
7164
4919
3619
1433
3158
4208
3170
381
9634
7198
1637
7388
4126
6739
354
3181
9235
8520
9699
8329
9364
9189
797
1585
4570
6223
1897
759
6482
3224
2812
5229
549
6103
7778
3031
8764
617
3163
1397
6470
3486
5739
1048
870
5480
7733
3057
1889
8227
9505
189
3472
9607
9750
6492
2714
3697
9964
6668
8316
8911
8335
2071
7291
7944
5093
4252
1913
7847
2546
3100
7600
1629
501
1978
5957
6255
3721
4707
4237
3590
7741
5670
706
5346
2015
3451
3633
8860
3480
4073
7385
6240
3777
8390
9071
6582
1052
3744
8500
1177
3200
4046
619
9535
7341
7711
2173
4631
6981
8863
899
3983
7959
6314
6080
530
6455
1991
1311
8276
1221
9219
4146
9179
7628
7957
7668
4393
3465
1769
6793
936
1044
4056
407
4099
617
5721
7467
7122
1804
5803
8769
7387
7555
9359
8708
6410
305
1945
2256
2777
6542
1340
1889
8055
6930
9180
7375
9110
4687
3216
7249
7881
2534
2730
4352
8581
7330
4285
7691
1750
7252
3602
6790
7626
5758
4214
943
7963
5469
6450
8592
4532
8636
2833
7346
3138
8293
8111
2945
3061
7050
5988
7165
4569
6572
3002
3063
7496
5869
9770
8971
4321
6541
4482
5203
6937
2982
5403
8088
1937
2143
9674
1123
6285
9999
7091
9663
9371
4873
4132
4775
5696
3495
2649
166
158
3542
5402
6665
582
5380
710
3844
2312
3055
2690
6236
2598
6764
4240
4244
1732
8489
8792
6158
3710
9808
102
7262
9619
1041
5108
6913
8876
4122
6429
8132
6420
9340
4265
5652
630
738
4220
8955
7563
6019
3811
6785
7331
5759
6710
5750
146
9750
7868
2517
9393
2541
9582
94
9875
7020
3540
3347
1955
8875
59
1023
8924
8101
610
2593
6200
6588
237
9837
6607
4707
1966
1386
769
963
1710
5364
4527
20
21
9956
6253
2900
129
640
2455
3640
6600
3357
2342
3212
382
477
8273
1253
3253
7843
5804
3177
9793
4389
1993
6038
7832
4710
5469
9230
336
375
4864
2881
932
8636
3329
4281
4790
5198
3258
5638
8211
7541
7987
9238
1219
7096
9097
2934
3438
7623
8333
4
4582
3672
8491
7421
9638
9943
1936
9385
4127
6754
4313
5372
618
9598
8589
3093
481
8009
9870
8162
4837
1284
5878
1261
8022
7592
5763
9411
4828
11
8650
4808
4145
4427
3049
9120
5374
2914
9167
2257
251
3112
9837
8324
3189
3106
3714
3329
5870
3563
3682
2922
5229
5922
7887
1615
5865
4474
2985
4462
148
2534
8429
484
539
4941
9809
4538
9408
8882
8043
6896
6856
9020
8687
3745
8382
2415
8349
8153
9546
7010
6545
8825
7668
6813
6002
8658
4269
1139
9922
1900
4674
1155
6803
2852
5680
5383
9106
5482
7546
2738
178
6019
785
3877
6211
2436
219
2344
1956
5132
4372
8751
1136
6639
8626
6422
4463
1718
1237
9893
9616
5785
4325
6791
1387
8667
4135
3699
4372
2370
744
5062
4132
3084
4341
7197
2763
6613
6029
687
4738
9542
8507
214
9707
5343
7253
7336
3595
8036
8129
9600
696
9731
8916
4880
3023
4972
590
1007
2230
8795
4857
9070
6693
491
8016
2444
8254
9656
9375
3685
7650
7719
9109
6236
6467
1218
5832
255
8696
9563
5843
5487
3394
1021
1341
6984
3388
4732
34
5240
4838
8095
3845
6684
8859
8516
2891
7860
2783
3453
3857
1498
1942
6002
807
3862
3549
5002
4567
9206
2454
3794
623
3532
2249
7699
6190
5220
8824
3545
2185
195
4021
8800
2000
7508
7181
3772
8406
5547
3554
3164
2550
3141
6961
8700
7476
6147
589
5272
8455
1804
8068
7685
5946
4359
8334
213
7389
5680
7685
9161
6545
7789
2212
3027
6247
6103
5697
3162
8923
9690
1770
7487
1836
614
3047
7180
4640
410
4559
730
3685
341
4598
6275
6185
1256
3423
4944
223
3919
6750
5320
953
6610
3209
3901
677
6358
9739
3155
1489
9851
9703
5907
9182
3772
5325
1346
3856
5268
3766
9153
4875
1506
5555
2652
2987
9206
7428
4363
6630
4072
7197
9599
4209
7365
792
2595
1683
5451
7041
3070
1888
6988
599
1669
5840
4816
8947
5441
2415
8873
8798
987
3210
3307
5172
2542
9115
2513
6626
932
5653
2911
8928
6500
4420
8516
5408
7567
9493
1184
7194
4554
1714
8837
5538
7780
2988
4182
380
3564
2015
8667
2347
9721
9248
4942
5161
9610
6738
2132
7253
5870
8686
2170
2879
1855
5547
4503
6435
3966
2460
4733
5627
6545
4357
6293
4624
2783
893
8049
9569
1029
1548
6788
9190
9773
4930
4147
6554
2853
3726
4588
8933
696
2651
8368
2059
7709
6325
6104
5602
4782
7517
2339
8294
5753
5801
678
6229
8507
9263
5646
5144
8644
9599
9754
3478
5002
9524
6089
6152
3401
5499
6128
6158
8353
7770
8468
354
4840
3768
3050
4399
4145
8972
456
821
1964
4127
322
8584
8491
994
9727
31
4930
4684
268
857
9213
2278
2513
7170
6508
424
3492
1859
4258
6554
4658
2464
8076
5214
247
8838
4823
2799
4354
7399
5769
7673
7767
9304
6398
2122
4894
6460
8175
3253
336
4500
7906
1311
9057
1955
7152
374
4879
3443
451
1635
5356
2462
5286
1841
1320
8193
7459
7941
2418
5744
2529
9566
2237
4759
5418
7918
775
6309
3685
1789
6984
206
6349
9038
3971
8151
502
91
7916
2167
1241
8260
6827
9451
2943
2941
1412
3903
496
842
2390
3618
1520
7609
3426
4845
8250
808
3646
4129
328
7591
6027
9727
6586
2635
6885
8781
7645
574
9230
7881
4772
2668
6832
7523
4707
194
2280
5667
3073
5958
905
6529
456
3363
2184
343
5442
8897
8731
6303
4820
8057
929
5417
9055
7273
5402
3344
8738
4435
5325
3859
5505
7944
5389
4098
2444
1545
3041
4879
7973
9308
6870
1761
3644
301
6132
8396
3979
3651
3619
7486
2858
6225
1709
4417
3323
8992
1479
954
6890
2840
4837
6420
6959
7631
8893
1287
4899
822
2168
7039
6654
5365
6835
2653
9220
902
3369
6090
9621
1722
7941
111
4532
8399
7963
4269
3826
8834
6270
2660
5787
6239
3433
6079
7496
7490
3097
5966
2750
6318
1561
7171
4393
4260
1469
3021
298
4723
884
1574
7074
1333
6221
3192
9239
3641
3993
6943
160
6469
8313
5032
460
5696
2774
8851
6932
7645
8815
5979
7516
9504
7450
6804
5596
8527
8179
2294
4565
8940
2460
7147
7062
6704
2406
7090
8814
5779
1823
1941
1826
9851
3011
2523
1536
8237
8000
8909
1957
7658
7633
2430
2789
6020
7164
8329
3309
542
9660
6925
7006
1582
6407
8937
872
3999
6218
8351
5798
3458
2029
4900
6852
8197
6317
1036
6055
3706
3364
9549
909
7456
9536
2474
213
4486
2744
6548
3600
5318
9805
8331
319
6755
5928
5276
9309
9715
5232
1873
7846
1
5442
9885
1016
4980
9204
8028
4580
9581
5052
9116
209
3042
1980
8383
4852
8901
1799
7007
8869
3541
2327
702
2397
9957
3421
1041
1950
9866
4033
3052
68
961
5927
7828
2327
9998
8253
4524
8518
6991
9459
1672
4598
7550
2014
5622
6183
7830
4780
4933
1977
7517
812
1038
2307
1430
9535
8496
7352
4641
4729
5388
8672
2868
1882
418
4898
5172
8884
5277
2695
479
8733
9165
9272
9483
2010
7497
3872
7002
133
3604
4316
590
4625
1136
2576
3349
6456
6574
1660
5238
9617
6355
8126
7909
991
6757
6166
962
16
8571
9790
7087
2545
7444
963
2364
6201
1581
7424
9844
7544
3933
3410
216
2806
1546
1749
2472
4128
9526
5106
8469
9063
4517
1125
3495
5324
6128
4546
9472
4668
2056
8527
3513
5771
5871
7811
4867
9651
7879
7235
9459
9565
8981
7445
6868
8853
420
3184
8885
3085
4445
6189
4897
5218
3694
8561
3098
8120
8018
4182
5448
1447
2828
5498
3
8652
1758
3010
4438
4586
7357
2138
3839
4308
9882
455
1873
5331
4555
8879
6073
6561
6804
3461
8599
2265
8639
4882
8332
8211
1699
2627
5693
7789
8872
4781
6061
5003
1715
4338
5200
2094
7925
8772
4343
5808
8574
9606
4400
655
2869
4332
9988
3342
7964
4224
9194
3040
7551
4244
8477
1095
3919
7429
7954
9733
5778
2591
129
8103
1671
596
7185
6232
1753
2318
6334
6921
7352
905
269
1009
8736
5352
9369
905
8648
3762
2950
4195
2644
3138
3021
2369
366
5311
86
9640
8026
5476
9569
7340
2659
7674
796
929
7233
6318
7342
2092
7512
9409
1217
6470
4458
740
3433
8441
1545
229
4653
2380
4529
3428
1399
8393
1499
7902
2291
204
2372
4771
6878
4114
5097
1238
7813
8655
9083
7892
2448
3459
6167
178
1368
7053
9972
415
237
2907
9476
1169
7471
2245
219
4415
3681
1530
4622
8830
3155
4499
2863
2041
3482
5414
8717
2039
2311
7725
1054
5524
5846
1744
4882
6390
1052
3665
4564
8167
1368
1110
4437
3503
47
7254
345
3132
2971
5168
2030
139
5499
7792
5247
506
7319
4405
8774
5848
4978
6859
1284
4250
3436
4374
4660
4523
5953
3951
1990
2201
1584
9556
521
2033
4369
5031
5796
1529
5807
1780
8459
2180
4371
4083
510
5715
3125
9451
3012
3488
5818
3739
2675
6956
1715
9011
5397
9498
1750
5650
7471
3909
4822
9660
1008
9513
7153
8718
6913
7511
3013
6025
6709
8190
890
2112
5573
1239
8656
9624
6276
4265
6209
382
6679
917
3709
9990
4928
7644
4448
7977
5729
7591
8816
712
7805
745
2547
1570
500
1405
746
5141
8967
7604
2848
2864
241
6262
2487
492
5782
965
5419
7438
5503
4420
3719
7605
5303
2248
6818
1538
5843
6234
8253
8859
3756
6110
9986
3967
4851
651
1994
9331
2666
727
846
5898
7855
7687
7401
966
164
9913
4872
2375
845
7610
5596
8941
4002
2836
2601
9468
5405
4494
8603
5847
8484
4742
8205
3114
6598
3683
3962
1135
7482
6451
6639
2160
4924
9099
8396
3578
5655
8797
9547
6546
6898
7810
3033
918
7327
9888
4394
3878
7096
6867
5622
3914
7739
7547
7351
6936
6438
5512
5906
5063
286
8334
1826
1908
1080
3227
3141
5284
7724
4898
2079
4503
7250
9750
393
6227
6580
4096
6756
8555
5104
6012
9696
1230
5633
1158
6120
1926
4131
8037
9352
9074
9816
1871
2886
6694
1494
8235
6769
5003
1192
3939
2269
5797
1861
2374
1495
1165
8185
1160
1386
5228
8922
5280
5466
6776
4506
8010
7792
1805
1868
3424
1531
6753
5650
3567
4617
7609
5117
9890
9496
9344
3460
966
4115
1647
7835
9089
2508
3930
7389
3752
4459
897
4548
644
7041
1323
6687
5693
5385
3569
8544
284
1301
5965
484
5806
2215
2697
2598
3524
8912
7899
4475
648
5857
8030
3922
6489
6289
7177
6476
7015
7968
6416
8750
6612
2007
7964
4338
7361
5659
1108
3099
2787
1073
6121
8490
6521
7625
1983
36
1849
4317
8759
1943
8169
4314
6295
3124
9205
8998
7850
2404
2510
2540
9568
7617
509
6947
7671
8522
9529
1227
6655
2678
8656
3710
8054
4494
2793
30
5996
9165
825
6226
2490
384
4208
9817
2484
1734
9563
1234
7396
1621
3357
931
1829
6730
6578
6053
818
4655
8918
9306
5183
7349
7104
9143
8130
7426
3635
9030
7707
1975
896
6162
1426
2709
2062
3518
5343
1573
4136
2579
3406
6467
6285
1596
865
7737
5527
385
4097
9446
4847
1235
6594
1604
9310
3780
1780
3055
3371
8394
6923
6057
3494
3596
1775
598
9825
4013
3366
4254
5779
1599
2538
6097
9111
7325
8463
855
3133
1599
2630
2702
8387
9355
6647
2463
1487
7668
7017
6293
5944
125
7328
1655
6878
9005
1578
3138
142
1820
6300
2690
628
2142
9774
1608
5450
9339
2577
5755
9184
9531
8874
5616
8589
3588
2099
1094
3251
249
7281
5269
8711
7706
6414
6773
4334
7387
7551
8375
3984
1701
9090
5951
7485
853
4752
532
9752
6080
2929
3583
9417
7619
8041
3315
2305
7078
4778
7646
5109
4013
2442
7282
1669
3572
3874
7200
7842
3246
2797
4376
2545
4595
8683
669
9203
4877
8328
8447
1503
4708
9471
5246
9807
3574
679
2156
9605
1354
6043
1976
6965
4762
430
1793
6849
4189
7273
8817
2830
1878
1954
9692
5068
6169
5021
2098
7186
4006
4498
9723
2707
3264
2797
1051
9003
7753
2869
2088
4268
1532
1037
9105
770
1496
5425
7702
6853
7852
9859
6093
4245
6349
5092
5922
3016
3104
3509
5483
114
8863
2535
8593
3671
7259
2967
5023
4960
2010
1374
7256
9832
8714
4542
8388
3382
1354
4444
4434
1685
3474
333
7490
70
8802
6270
721
1913
8716
8434
1195
4602
5812
4251
3634
4899
2809
2658
5900
8291
4879
6553
4659
6022
1452
3782
8458
1996
4625
392
4937
7194
7488
5689
4478
9457
3047
5940
9544
4651
9638
5149
317
8642
1776
3292
5559
7191
5183
8234
7821
7979
6028
2402
5329
3223
8797
3573
3096
6163
5835
5215
5806
961
7131
7294
6183
796
9397
709
8510
8744
967
332
1946
2365
5045
1989
1621
8604
2720
9806
9664
927
6964
9407
6239
399
4928
9104
882
2629
2521
6340
7757
3360
7197
690
6151
4652
1501
4382
2270
1561
9071
3152
907
713
7603
7223
9088
8622
4526
8757
8800
9929
6225
9991
2824
4798
2977
3581
9432
5368
8822
3899
1438
7232
5837
8830
6500
866
4946
516
3646
6534
1445
9753
2878
8707
6270
9901
1807
8760
4631
4690
2005
1771
9178
6313
6309
7235
6566
429
2996
6625
4924
5602
861
7246
9192
5951
6665
3682
8204
9765
9942
7442
4413
1229
9297
6311
7636
890
7994
1495
7246
313
8662
3769
2155
2756
7775
4214
8244
8375
6002
6552
3611
9462
1841
309
7542
2782
4860
1952
1281
7188
5630
5799
2257
6593
868
7410
8473
9697
9387
6180
6996
8918
1170
3976
8761
9477
7908
4931
7318
6543
2405
1656
6418
7194
7278
1103
9910
2507
6706
2806
2409
8401
8215
8476
960
705
103
9453
7229
8741
4085
5024
1385
7154
299
4204
7621
1552
9606
6324
6785
5308
7181
7086
6146
184
1393
1505
2892
1113
3008
5204
762
4677
5520
2447
9149
8732
7574
645
4879
3060
3342
7017
3361
4930
8820
9937
1971
9560
4158
5465
6451
67
9072
9357
6715
7650
5158
5455
6196
4572
7413
6863
7941
8017
4992
1720
6505
345
5984
498
974
7366
4984
9318
9054
8971
627
6073
7707
7427
1545
2429
4612
5106
5277
8382
6214
5791
3026
5180
7382
3727
9765
1991
6876
8696
1340
1718
1719
9112
9684
2923
7669
7978
3568
29
9449
3821
7778
3636
4950
9267
2777
7235
6635
9550
9140
6093
5759
7618
9399
4065
5674
3652
2674
4572
5573
8543
7011
6792
6748
545
3571
61
197
3126
2837
7364
5024
3038
9564
8666
9654
1203
2816
9469
4914
4922
4365
5808
5952
9961
3066
5638
835
2684
9659
4075
8548
225
614
8946
9080
661
3631
6397
7402
8245
6491
3532
8789
7393
5831
4229
4455
7066
431
8758
7252
2983
4877
8799
859
980
6642
1310
5568
2572
5780
1887
6958
2959
4845
6623
9143
8325
4421
6977
8964
6391
6976
817
5574
7147
8219
9448
4130
207
9363
542
6256
4083
1185
4555
231
1258
6428
2567
3308
8842
5494
9122
1884
9732
6888
1117
8217
55
2763
712
812
1208
1349
5144
5917
1010
5791
3910
2497
1903
4511
4944
9198
5962
8230
7626
2279
4250
5917
1203
3771
4043
2627
8120
444
3188
4986
7745
9191
7547
9375
5038
6555
7937
951
9614
9175
8688
2889
9040
4494
9194
971
1515
6661
7956
7788
4499
1780
8137
8085
55
4338
582
1440
7808
2987
2666
872
1057
9648
4918
367
8709
5613
4936
630
1324
4418
676
3238
5705
6871
5147
8478
860
2413
3453
5372
506
7392
9521
1060
1242
2842
2063
4206
774
5748
6533
6958
389
8589
9315
6397
6993
181
7850
5458
4026
3817
4895
2783
8982
2342
5729
3702
6363
1673
7518
2130
4709
1426
769
3517
1478
7552
2954
7001
7650
2121
662
6126
8710
2141
9898
2050
3728
2242
400
8175
2234
1348
9925
3409
2589
6187
5050
4652
6122
2741
2542
862
6024
3432
1420
9486
8232
8626
829
6123
8999
2667
632
6384
8273
1947
7740
4331
7640
4612
9207
3312
46
9642
2795
9636
9871
1742
4490
347
9078
6935
3084
3296
6612
2699
7348
1222
5095
3909
7977
5827
6099
6157
994
3729
5224
8287
864
5007
11
32
7923
7602
2633
6788
1838
8997
1892
9927
2760
4165
5915
5724
231
8437
668
9028
4667
7550
5639
7433
2787
1574
8057
8813
1980
760
4059
4533
8114
9415
8311
3555
7202
7327
9163
8550
5124
3919
6961
8757
9226
1646
1438
6970
540
8894
4685
4412
5918
2947
1397
7452
7767
6073
9991
5644
7126
941
6057
8172
6946
1635
7376
4415
3073
6697
6383
9841
3375
3696
7747
3691
2004
4466
6250
1919
4677
4076
7958
3274
4838
6218
6910
9323
7357
4942
8294
5445
6558
238
1700
5036
1856
6366
1699
5564
1747
4858
6260
1960
9956
7698
1551
7388
7943
7911
2064
3359
5697
212
318
6770
1908
6363
406
2795
3500
4681
5491
8360
3780
7354
8009
4636
8825
5493
1895
4023
3225
6092
5789
8574
8266
8887
7705
9437
2727
1863
3410
713
3209
8395
6599
5421
8876
9856
3209
2223
3164
2855
9167
4569
7359
1655
2916
243
9581
7701
5188
138
8010
2858
9631
4989
1600
426
6027
3877
3275
7390
6845
9819
1635
5467
6070
103
3260
9494
6591
254
4715
9790
5989
7138
3363
1030
7033
8056
802
6750
2102
4118
2681
4572
9727
7962
1178
7339
2567
1380
8191
1455
1500
1618
1591
2866
173
2070
5078
2342
1352
2205
1429
1736
7663
8474
9871
3523
8541
4605
190
7575
3192
8567
4319
5352
8831
7109
4945
2111
6388
1514
6698
2657
6978
2945
3709
1310
482
9626
8775
3764
1287
7654
3797
6100
2115
8627
7587
3815
7538
3774
4077
3634
6619
5020
4587
2990
2910
6107
3906
4742
7599
5238
1248
1406
4461
2482
6034
1245
6820
4814
3108
7778
6659
1690
9874
7533
3773
9550
9234
1629
4711
2201
5393
4839
3806
5789
2864
785
8682
7179
1180
7949
4591
8078
6962
7180
8404
6949
7039
5533
6127
1455
5755
7270
9715
3301
2992
3452
5223
435
3077
1741
955
4135
57
9558
6526
663
1926
7457
4601
7650
2152
2725
6249
6253
9624
5730
261
7964
2292
5954
3130
8557
5373
3535
4254
4257
2214
5763
2995
4298
4032
7887
1965
9235
5770
4192
5160
4621
2665
7855
2146
4370
5594
3148
7438
3933
6773
6387
7904
7908
9205
9596
3481
2665
6566
1351
6269
4510
3398
1753
2850
784
718
9454
295
3404
9874
8065
3194
4721
3269
9756
429
4853
6923
674
8918
8226
1516
3677
2504
3964
3319
5578
6974
4223
7263
7222
2543
4443
6917
5334
2395
2632
4077
7744
9589
8624
6322
6371
116
5983
975
7215
1366
1898
5308
7708
348
789
5222
8416
2224
8084
7102
8838
4537
1893
7176
4114
3430
2866
2698
8508
9864
4883
4130
3795
2834
8998
1197
7398
4656
7416
2503
2866
3255
4260
464
7570
3741
745
9425
7330
5140
8232
5081
1424
6919
1475
978
2755
5548
774
9825
2022
1433
6796
5036
3448
7158
3847
2646
4542
6225
8253
3399
1245
6801
6699
556
4199
4743
3479
6770
9050
3349
876
9202
4214
725
1801
1124
5367
4720
4631
7526
1493
3127
9026
9443
4259
3454
5798
6178
8070
3112
4696
4456
173
1808
4701
936
3120
6382
3150
541
6853
8730
4983
2834
2235
6113
6960
8211
7419
7580
2821
5769
6195
3609
9554
8261
2379
8977
7910
5888
9014
6089
4588
6057
3726
4645
5464
7842
6154
2767
8198
6596
5947
6151
7433
3905
5129
4051
7522
7069
1894
8687
7002
7666
650
6771
9328
8294
4883
4093
7928
7358
8846
3726
3598
2263
3925
8702
3042
1020
8853
1655
6345
1848
2721
2500
6839
1216
1049
191
1033
1330
780
8888
5708
3118
7864
3953
5494
8859
9733
87
7114
4563
5073
5736
2034
8256
1878
3994
8332
4312
3983
7542
3751
3712
4304
9221
9490
3502
2507
3152
5552
9348
1773
6153
9307
4838
1020
7394
8743
6424
1948
5009
9108
203
4160
6904
3293
2344
1660
4228
681
6043
6867
5887
501
8366
3283
2605
1016
6795
4394
6802
5794
9277
9606
4341
7774
4908
6217
3736
3663
8016
1877
3051
8372
3175
7016
8737
81
801
1558
6759
4687
3941
7812
1431
9883
8599
7549
1866
2547
2533
8720
2780
8527
6462
8015
5632
3296
3154
3018
6305
9578
6780
3057
6054
6034
3027
9698
2856
2614
731
6792
1164
7169
4678
3500
1859
5293
8687
4965
9718
7768
1624
580
5153
9067
8876
5392
6829
5720
3435
9896
4114
3168
7912
1598
9861
346
517
78
5136
2341
9946
8
2281
3509
4488
6323
2164
9220
7276
6202
9888
7728
3868
618
1719
9897
5685
513
8644
1491
8853
7038
7285
2639
6178
127
147
1809
4709
4257
8855
5669
5671
6293
5446
9772
8071
634
3488
6987
1174
3931
4631
3408
7861
7084
7244
1148
1638
7246
2445
8745
5046
2108
3211
4447
1769
5212
1287
8577
5018
9285
8890
5868
1688
3400
7372
7174
7517
1493
8286
7487
9023
1290
6868
6653
9959
6360
2896
3083
8867
5597
8982
6556
9895
9586
3879
8132
78
5322
8650
4722
7249
2443
820
2415
2919
385
5785
4816
9432
362
4404
380
4041
6629
6896
8553
8187
1003
6502
1797
3598
8304
3197
5605
9947
7787
9817
1761
315
3605
6781
9985
4300
5844
6765
6696
4403
6626
2738
8155
2926
7081
3444
5190
5394
3401
5091
1147
2329
9750
4717
306
5221
4987
9941
5965
9589
1516
6203
4647
9044
6075
7185
3971
9128
8915
9545
9853
4586
5104
4493
8799
5891
7333
9667
6084
6506
9830
7881
3892
3408
2075
182
3654
7718
5830
7948
8718
5148
1866
5208
7991
9798
2944
5016
2570
6014
138
6484
7932
13
8422
1390
5757
7669
8659
9129
7711
1921
8669
124
614
3467
2451
5601
9263
6231
3940
9494
5086
908
5208
8745
2607
3262
1770
1191
2113
7851
1
6705
2934
2408
2753
4789
872
4418
128
2133
7894
2272
2263
8545
3185
9736
3175
5923
3660
2386
5442
8575
3204
7314
2412
1559
596
488
8636
390
3463
2184
5481
3412
8757
8482
3130
9647
1864
1579
5414
555
768
6099
6712
8148
5770
4809
1347
5546
4454
3769
2125
1650
7103
7224
7530
9539
6143
1080
310
383
3335
2223
550
6357
6028
1985
4208
9860
3221
7788
6773
6319
7048
6788
6737
1644
8809
6962
4328
3369
5893
9550
8951
281
9770
9570
5399
9253
4600
7455
4900
8974
9439
5602
3725
8156
7398
6903
3342
8148
4359
7396
5648
9824
8238
4517
9
3713
7844
2978
8215
6032
843
7828
3465
4441
6037
1481
8508
5778
4389
6786
7714
9051
9679
6467
5421
5524
7541
2553
9976
6127
9951
8990
1632
3911
5317
492
7768
4059
3131
7638
1650
282
6803
6667
487
2093
5702
1964
7374
5482
2971
6483
9654
5875
8125
664
8814
5688
1372
7523
1288
7129
4645
6699
3124
620
8197
1699
8870
8566
1353
4541
8280
5887
3376
286
2053
4544
8875
226
9473
4460
4629
183
4839
7407
5609
921
6719
4045
9923
2942
919
8334
6258
2661
6556
5452
9237
2401
569
5451
2375
7468
8278
1087
8391
4498
5761
1456
6942
1946
3848
8241
5952
9747
4926
4519
4139
4776
1290
6793
1912
4623
1709
7749
5905
6120
114
7364
4413
4004
5691
1334
3809
5677
8731
4756
2689
9019
3984
2535
9700
1326
8994
6730
3615
2997
5933
3981
4820
3280
4466
2064
191
8620
6859
7072
6204
5484
4623
9877
3369
3126
1776
9016
6459
1211
7091
1814
6832
9170
4554
991
6682
3351
1648
3436
238
662
3472
4835
652
3315
8118
195
2666
9047
7299
9804
8797
9926
369
586
3625
7829
4310
4642
2966
366
225
6912
6607
9219
5267
5396
7961
910
8338
9801
8260
3753
7699
2563
8409
5801
7799
5275
1188
8595
3388
9621
1268
9603
6398
9480
4821
7628
9564
516
7706
3965
7415
498
1637
3262
826
4157
7721
1772
3360
5390
8260
3755
170
450
1288
251
6613
3206
9590
1096
5673
8657
4440
8213
6361
2141
3686
8400
438
4614
4143
9978
4169
1992
5793
125
9179
2818
9312
4481
7273
5762
3870
953
6335
6054
815
4106
4379
6158
9347
2512
7226
9132
6254
9027
212
9686
6805
4578
7994
563
466
9003
8989
8792
5882
1294
1172
9882
4919
3512
1435
3070
5075
5504
2613
7626
1851
6669
5277
4860
951
5900
1234
478
1010
313
7851
7533
3613
7882
8714
4896
9041
2597
4066
9456
9725
3658
6565
9163
109
2429
6249
5937
2235
9760
4386
9112
9980
2576
652
3257
4216
3780
3597
8280
3637
5375
1475
2644
2633
4534
9925
2220
3887
3100
7043
7010
9182
7324
2761
8747
2259
2812
4889
1340
6339
717
9563
3015
4297
8989
6484
6325
7084
591
4404
522
5261
6534
851
4250
3886
4776
625
1491
7910
7218
6590
380
9349
6899
4778
445
2296
8626
2793
5901
7922
3610
3807
3280
5552
5197
9645
4802
9667
9463
2169
4159
6128
1027
1839
9122
4550
1151
1989
6472
1799
2862
5879
65
2860
7117
1092
8294
9329
840
929
5008
8381
5794
7310
7321
6002
8223
4605
3110
5196
8559
3777
9178
2664
65
5496
418
2417
5410
8456
2189
2549
1730
6155
4652
7427
2046
7890
5576
1923
4607
1428
4016
9697
629
1947
7269
5333
1573
7146
9254
7388
1028
3213
7277
4705
3292
8450
1974
7706
287
5535
3834
8141
8111
5095
708
5707
6769
3918
5550
577
2882
8073
5834
2688
8438
1544
4163
7046
3064
7301
5447
6613
2826
62
8165
5812
2813
926
2297
7283
8694
1610
5437
7771
4020
1770
3735
2355
5978
6342
4217
8292
1022
89
1685
3001
6630
4764
6102
3180
8504
4449
4797
9984
6803
7797
7239
7785
4809
8067
724
9296
20
1600
7447
1647
3418
5926
5835
3669
1729
8655
6327
32
1932
1289
9931
2445
1221
3673
9499
447
4252
158
4484
2967
5803
7368
9613
978
2190
9200
5096
3851
5079
4276
4447
6624
2452
5618
2596
2480
5421
6407
6857
8263
1309
3471
9334
1893
1887
226
5879
9616
9631
6198
956
2162
7586
6867
5229
7018
4262
1970
4765
9090
4614
134
5831
5996
735
9926
9993
6898
1132
2175
8613
1471
4435
9376
7796
3003
9144
1078
4196
4850
7477
1506
5881
2245
2193
4590
3322
1666
9600
4634
2472
3133
3137
1010
3741
4952
5951
1233
4171
9303
9810
8447
1847
244
262
3758
4805
6458
7404
1228
6401
8122
264
3349
1612
4736
3123
2975
5468
5705
4742
8520
4707
4668
4557
1567
3604
8558
3339
7396
8544
2498
6600
1187
2945
5087
1501
1898
8969
2590
9913
6419
3526
3189
8050
2150
3522
2205
7269
9224
5504
6898
3179
7306
3260
748
8158
1616
7453
1480
6700
1878
8192
6504
9915
7643
7295
6758
7880
7241
8657
8636
1745
7822
702
4954
7457
9232
9516
5287
6999
4638
2032
3514
5220
5963
8052
2235
9221
5519
3217
9094
1455
2011
5913
5423
381
1293
2015
157
4444
1530
1208
3715
9737
700
4200
5990
6027
8716
4549
7151
8981
3677
4037
380
5445
3118
2138
6460
2557
2463
1851
7574
8552
5909
3742
7508
6540
9309
8703
6051
6068
6914
5477
1086
915
639
1417
1567
7133
2847
1951
4926
2838
5389
4748
3403
2307
8002
7442
5407
1118
493
8832
7164
2489
4150
1268
8689
558
7301
1901
24
7280
3584
7865
8367
3624
8337
9698
8570
7668
367
827
7639
1272
8159
9871
8791
9327
1663
1919
8937
6673
5943
5234
7798
9363
4029
4953
3271
5364
8662
448
1255
1198
655
4638
6908
2739
7698
4259
1656
5249
8750
4662
7851
2491
7246
1460
3858
9480
2754
871
9762
2209
9164
7224
3293
3224
3596
3363
196
1824
2545
974
3787
9226
6319
106
6086
123
1882
9015
7414
9398
2029
3174
2293
8183
2129
4772
1310
4437
1736
3436
7462
7370
6716
7923
3220
1461
5477
560
8032
9232
115
5806
7713
2621
8631
1075
2082
4145
2953
4716
5621
1676
5096
6510
4405
9642
536
5308
8709
9572
5181
7495
3919
6335
9100
6961
2929
2103
3322
5967
3066
522
6996
3131
2897
6561
4057
5655
4229
711
2245
3028
5441
4991
3863
4582
1147
6094
6014
9652
211
2274
7665
841
9907
5500
7810
7273
4375
9001
7496
5889
5390
9740
552
6850
8863
5123
1139
5987
5341
6415
7672
4478
9264
889
8973
4614
5492
3931
7300
6961
2497
8923
5620
7728
2379
7364
1394
4243
1386
6953
5572
7617
4884
693
6025
4765
8882
8221
4547
5611
7052
5968
4748
8714
303
4246
5696
9706
2702
7860
3348
5263
9533
6934
9867
3589
9156
6599
602
2936
8858
9573
2741
4436
7406
2338
6342
8907
574
6958
544
9175
3608
559
2386
1857
2978
2136
9384
1851
1756
2890
3913
1692
5598
3776
5860
7437
3464
2495
9654
8304
5147
388
6291
2922
442
7866
7558
8039
5998
7787
3674
6994
1488
4482
4017
8471
2368
9148
8118
4443
1994
6755
4478
7566
715
7454
2433
2968
9428
9335
7130
1478
2093
3390
6894
660
7252
1966
8483
8218
3836
4205
5606
6414
1866
8240
8722
6285
4490
9104
2210
1322
8939
5706
1475
5528
1723
7034
5768
9523
2056
4342
2287
7198
840
6839
4461
1352
330
5640
2271
5629
4376
5503
4712
1103
9720
2355
7872
7283
7149
8346
2082
367
143
1700
5753
867
178
5214
200
5873
3499
3636
6993
900
8209
7684
4255
1059
3810
1318
7908
4181
8741
5382
7478
2084
3941
177
9728
877
1613
5898
4733
971
603
7265
1452
145
6827
433
5153
9312
9171
5787
2203
5894
9349
9192
7206
6834
2542
1810
6606
184
2789
1784
4040
5983
5282
6315
7853
5864
3151
3374
4826
9695
5591
4987
7887
338
9891
4941
6195
3992
1915
1413
9460
7189
3434
146
897
7767
46
4543
5278
120
2308
904
3604
1048
421
9715
2293
9001
6971
9865
7255
4035
4929
9943
2091
2637
6203
5466
6642
6555
8214
9264
1308
3167
2078
259
7657
2366
1838
1274
6321
6297
8627
4743
38
9364
2454
4611
9579
2968
5906
1149
8271
8252
7635
8917
5657
3159
4493
8526
3034
4195
4761
5485
3227
772
5939
3458
8646
932
3242
6248
3952
4242
5169
854
9626
9590
490
6293
3503
4710
5738
5564
5630
657
8413
6399
3356
7198
9759
5648
9490
5197
3035
7084
9483
4157
8474
9038
2751
1202
2395
7801
5032
4356
5380
3008
8829
1648
2029
6803
1851
5421
8968
8576
3984
2074
2595
178
4304
6664
3755
284
4718
1544
2928
7863
9565
148
4718
938
3092
2155
2867
347
5057
9004
1066
4342
4207
8482
4537
4509
4167
4074
8670
6170
1469
6653
7115
2543
4001
923
5116
1634
5736
157
7464
1266
1542
8775
421
4868
9385
5694
9696
7299
3257
3641
569
9046
8720
5234
2354
5618
9534
4719
3668
9113
1169
5620
5438
6738
4077
7726
4124
596
4587
7331
4449
5895
8533
2830
2944
187
5258
8936
7057
8883
9325
9221
1207
9795
2145
3747
1996
5689
38
2380
2508
5813
4579
2798
6198
5101
1282
8810
5625
8874
8449
4138
3570
7994
1450
7741
2768
9245
2715
60
4038
3831
2555
5988
6172
8192
4068
3409
7373
2499
7624
2408
5425
9771
3188
9641
2398
7932
9075
3543
1773
2824
2932
5145
9600
8747
6924
281
5225
5946
8037
3345
9776
2915
9634
6650
2279
3779
130
7743
5861
8752
6970
4623
9788
9815
173
9548
1133
7146
7444
1871
1068
1783
5375
4227
8800
7680
4750
3311
7233
2592
8964
520
8605
7245
9073
8007
3904
707
1989
5483
8021
7013
1967
548
3520
1926
2759
3459
4862
6813
8811
1437
8979
5042
8459
840
9088
8750
7783
4490
4322
6237
6960
7461
6837
6346
4988
9673
3967
6642
4698
2705
4549
1385
5545
8083
4685
2756
5927
6622
22
8761
7111
3143
450
3283
7310
3743
5718
369
9138
2783
4108
4697
2717
3512
2155
2167
4944
4888
8424
3848
6096
2684
7484
5896
7180
1204
7208
6495
6704
9431
4736
3313
2808
1573
9273
2828
7138
7309
3343
8703
3508
9110
4055
3017
4876
2444
1738
3261
5313
8046
5184
7953
1625
9987
9113
5680
25
2559
8513
8176
5288
7527
9642
7418
2863
868
4720
5315
2058
7051
7594
6624
4096
1011
5276
5223
106
5045
437
5691
2875
9374
9027
7299
850
8112
8677
3302
5764
4238
8916
201
4749
274
1451
2128
6024
7019
9464
5433
4810
347
1474
7561
5918
7650
8529
8185
1829
1620
1168
5161
4985
8453
6916
804
3994
7686
7545
2281
4599
1508
4434
4697
4400
9435
5300
8806
7
7124
6882
5239
3999
1423
4889
4788
4393
4561
4968
940
9338
8189
3230
1621
4329
4714
4806
6278
3369
486
9223
6253
3766
7655
7947
2759
709
2793
7865
2306
1056
910
3929
6404
4911
1232
9877
3825
4127
3821
9730
941
5972
6372
6297
8042
9358
6168
1858
2410
6193
7004
1190
7595
1902
6815
6987
3351
7075
568
4906
9756
402
6558
392
9138
1969
3454
7341
3439
7742
4283
6315
7349
9054
980
4577
4406
7906
4141
5378
3465
1585
710
1848
2180
2671
2370
3639
5321
5821
4663
559
9279
3447
7000
5884
3290
7616
6383
1532
261
4070
5076
7685
3522
7210
3838
2216
5493
9547
7524
2391
3221
198
3038
2532
5403
1270
4351
5742
1897
62
8942
2526
4934
4964
8209
7431
9491
4942
1100
9316
3539
9101
4322
9751
4069
7457
2281
742
1209
9693
4991
5251
871
7232
3754
7723
4496
7246
8127
2509
5818
6292
5820
1710
9434
4257
1701
104
9287
8211
5630
6586
7027
3338
3545
3605
2963
6484
6231
2093
1199
7933
6280
4042
1297
456
9892
5366
6144
4640
810
3985
2424
3003
6863
4649
4491
649
9991
2578
5048
3251
9826
6967
9940
8191
7894
1457
4629
4446
7723
2855
9978
7084
1329
7698
1141
3154
5658
988
3742
8506
5996
264
3160
4730
3442
5862
7637
1294
4181
2928
9275
2549
7093
1345
6365
9784
9569
3770
1740
9345
805
451
2812
2430
3428
6544
3458
4377
4511
9316
8631
7002
4167
243
7645
2430
9025
6360
1445
149
517
9152
9602
6738
3998
4271
8186
4353
3243
7342
3206
9034
6048
7250
8313
9449
2420
735
8361
3425
4414
1775
1239
5516
8800
2443
1476
7189
7090
4548
7613
4168
7681
3343
7853
8310
9468
2771
9856
503
4409
5956
5982
2148
8867
9393
7923
2539
6843
2612
7220
5855
3710
8501
7684
9920
6864
2518
1144
3508
2409
636
2275
4665
1071
5341
3024
4190
2858
7880
6557
1169
3053
3973
164
9208
6189
726
6361
5346
2695
4625
6306
2159
8002
3487
2192
1457
7246
8948
9279
5108
7958
93
7590
3339
3483
2259
8940
5813
6530
1118
858
8923
9844
4661
9665
9657
7052
1562
4744
2523
4726
6304
9849
5048
690
3061
1479
5290
8799
1708
8117
9759
8172
3349
2749
4321
3917
9791
5809
2124
3338
4546
5145
6104
9718
4793
1541
3577
9078
7664
8348
9855
4390
427
1716
2439
7263
5158
1140
9858
2997
290
3752
5977
3705
2074
6638
3046
106
1403
4153
4613
4557
9102
8525
7801
8592
2147
7976
2193
889
3286
6892
585
8262
7970
683
9225
6586
9399
2429
6115
2126
6935
104
9573
927
9217
7331
8109
7576
4616
8280
1942
8304
8469
5869
9240
3777
3251
1910
831
1332
3706
6473
7855
9351
5659
7153
4402
8331
6939
4411
8951
8207
4411
4270
3356
7700
1263
6532
6239
6462
1191
1157
6489
9002
6747
883
602
3413
162
2574
4806
7849
7937
3476
2678
7289
9472
1619
9116
2996
9102
6175
4759
9044
7576
3507
5339
1152
9493
8061
5525
2622
1003
9906
6112
1413
572
4049
2739
7073
7325
903
8747
2104
4239
2282
9394
1510
2457
4548
5452
1839
2652
2259
148
324
7031
158
9830
6352
9500
3673
3777
5681
1315
9428
9185
3991
7620
9032
8538
3542
8941
8349
9645
1571
2340
6264
8431
1669
3967
8846
9582
6004
3066
630
2485
9030
85
5665
6193
611
1755
7890
8579
7983
2156
1051
6294
8846
205
6045
2730
7106
3604
1308
1089
9022
1101
7190
1289
280
6602
3194
6549
7397
2130
3753
5276
3260
1471
1641
4916
4888
1215
8969
3294
5477
3936
7843
654
8325
6261
3280
6518
5776
8326
7571
2239
6409
6714
5326
2295
5371
9121
1211
8494
5444
4466
7615
8001
5192
8957
8521
3616
2134
9343
1045
3471
2443
2629
7579
1422
9649
3310
6212
7349
1413
3305
3496
7827
1809
4497
5854
6490
2144
8215
7248
521
5659
4825
5815
5703
5798
2949
9531
1090
5893
3990
6889
4003
1290
7233
3919
8804
2230
8996
7901
5789
7594
9926
9458
6463
4359
3101
8091
4962
6801
8307
9459
261
9247
6587
9131
1457
7074
1208
9521
1474
2788
4703
2610
5467
2493
9271
7288
8721
5426
3067
8714
8235
5643
2333
687
5510
9627
5401
99
6891
6235
113
6369
7199
6131
717
276
8336
9205
8725
1924
6224
9568
3188
2417
4387
1616
7105
8394
3080
5557
5862
5951
31
9248
2786
9225
1632
9823
9610
8591
3170
425
1132
7886
1571
5608
8533
5572
7926
5547
7132
5545
6856
1251
9962
9774
8499
5123
7985
6791
2982
8192
585
5681
2090
1252
5332
8287
6110
7179
7957
7144
7368
1197
9
795
9717
196
9935
3043
2165
7377
1751
6052
4492
6847
2707
3814
6363
5676
7712
4482
8703
935
7506
780
5308
5263
7201
9510
6498
5587
7195
8582
4350
9439
4310
4846
5592
2697
4314
8519
4924
8523
6145
8060
6146
4001
4737
3306
215
2580
871
983
5470
826
3437
4434
3443
3718
4633
112
8967
6233
1529
1186
2217
3194
9141
2378
8885
6307
8625
3223
1164
1774
1374
1352
7446
8495
5199
6096
9819
662
3088
9182
4124
7517
7480
6244
5709
8159
6751
8484
4222
2282
617
6166
1720
4899
4735
274
6884
4284
9657
7067
5934
5472
6313
8358
5988
805
536
4226
9559
2685
5636
5954
1969
5608
5864
2677
3117
8380
5334
5903
3896
6254
3194
2860
4167
2565
318
4294
4698
6479
9262
7668
4238
9490
4073
2214
8326
5572
2741
6245
2141
1023
6716
2153
1358
6069
4416
3749
3796
5121
1007
4536
8128
9069
6978
5516
2069
2611
9196
5128
5342
961
9390
1349
8055
8267
4575
6051
206
352
8414
4721
3340
4573
6449
9716
7101
7528
4766
3218
2110
4510
1278
9511
4899
4237
1566
1937
365
1522
8891
2661
6334
7175
8968
6420
9707
6407
9261
5778
208
9585
2433
8677
8885
6372
9808
3957
3643
1459
3649
6719
7003
3241
758
9238
6547
1640
6467
5428
745
2174
6200
6663
4865
3425
7977
1394
6252
9436
7865
2983
2830
3613
9107
7520
1492
8307
3325
6663
4384
43
4118
4599
6367
4306
7263
3582
8887
3879
691
6607
7466
8890
8843
5702
6356
5207
9414
2966
9923
8356
1093
6004
1987
5510
5339
4916
268
5237
8950
3829
5789
2546
6287
9052
246
6501
3293
8375
8424
9744
900
8629
6481
4685
2266
4294
751
7790
5784
8931
1096
4515
5413
1106
2586
247
9756
6888
1655
9643
2220
1660
6142
5777
8462
5569
6959
7924
7281
8039
624
6279
1088
7333
9799
3973
9169
1463
9178
906
9372
4972
5636
4336
8361
6470
2286
1226
9038
3828
1556
2858
1047
7601
2191
1872
7000
3261
6354
4585
5902
3303
286
1567
9326
4443
7925
5255
2658
482
2571
4624
182
4723
2286
8023
102
3857
4985
359
1837
1098
1654
1869
7347
5084
9599
1506
8749
4861
4381
9408
4667
8699
281
6680
6635
5878
3073
3381
2831
948
895
386
2067
7224
3376
8472
4285
2681
5365
3116
9791
5456
9695
838
2906
2487
128
59
4352
758
8802
5008
8007
1957
3343
1432
5392
2689
5584
8106
5016
6309
3689
4382
2410
855
3556
2575
2832
4761
97
6698
547
8417
2708
6200
7600
9201
6076
2020
4673
4626
258
6776
5748
8526
4386
7929
7328
1127
3087
2947
6718
8070
1643
7602
6709
2069
9140
7236
2750
6163
3541
1646
5264
5210
9370
7918
2841
2623
3555
8247
528
8233
1822
4321
9165
9381
293
4260
803
7205
2142
313
4069
731
8900
3141
1591
7326
6582
3495
170
3925
3117
1941
7131
1719
4319
6204
4489
950
8494
3737
2856
3795
4944
948
5436
1765
3045
9479
1938
6273
9830
6075
1706
2170
7945
3125
9526
5054
9241
1159
4774
8522
2591
2690
6179
5839
5926
3418
6477
7675
3492
4899
3294
1007
2955
6341
14
8197
3592
3567
9937
3248
2927
2841
1995
2446
3777
9463
6547
1537
8672
8618
2305
6820
5867
298
7832
9298
7077
1627
736
1010
875
3595
193
2849
7732
8686
7122
1367
3365
9698
9603
3227
3833
6034
6594
9944
1566
6636
2214
128
5515
2469
6465
9489
9593
8641
7662
7520
5099
3391
8840
5412
2794
7629
4982
6139
3707
7946
4460
473
7270
6830
6160
2720
9944
1284
4069
193
3121
8808
8035
6481
6538
8431
9728
4069
8716
9661
7035
9260
2910
76
7650
3019
412
4214
2732
9161
7234
7809
5559
9377
6987
1934
6098
9860
8278
591
2460
8869
7586
1668
2599
188
8475
4934
513
9513
2831
6357
8932
2578
857
2482
6755
3856
1340
3990
5850
1765
5288
4915
7228
1045
2768
7739
1853
2764
9928
2313
1762
5632
5430
9966
5956
9476
77
5618
3358
1219
6324
827
1451
2283
8211
1179
2923
1994
1943
1340
4582
7464
7672
3578
6695
374
8447
382
6982
6218
6109
924
993
7270
3894
9388
5754
9155
2476
2289
1436
1219
5157
1458
7754
2687
6185
330
5024
8647
5458
5312
1613
3745
2751
4279
3051
1094
669
243
5289
9428
9663
1137
6810
1029
3933
705
7516
3826
4777
8591
4615
5452
5268
2445
4799
6078
2937
1924
6763
3577
605
6462
3313
4869
4217
5810
5944
2314
7648
75
6525
3320
223
9600
3822
9786
3988
6761
1848
4644
481
9301
345
2714
3691
8497
2945
1337
5203
6776
3558
7776
5334
6288
8435
984
1131
5602
9944
3823
7569
9102
5082
6679
8025
4418
7232
8085
9857
2109
6630
3895
7900
9869
4944
9250
7542
1316
2378
6796
3269
3281
8567
3454
4986
8918
6480
1159
3365
7044
3490
6064
5633
609
3743
2918
9065
9226
2750
3649
9053
2141
962
5500
163
9287
6183
9038
4620
7881
9368
161
5534
8396
3978
1833
3708
5710
8569
1528
7863
5588
758
4491
6671
7340
9572
1875
34
1858
8518
6465
2890
692
4338
8751
8401
5695
8321
7243
1341
963
3200
1396
9406
7263
8004
9100
7381
5358
6907
5435
49
1414
7696
9889
2422
7933
5455
9867
5781
6842
2150
2525
6828
5714
5899
6486
7635
8383
8245
9885
270
7568
7070
8683
6200
5692
3876
4386
7268
701
5160
161
9815
2818
3979
7846
7358
1451
458
3422
4357
5480
5636
768
1490
1651
9914
8166
5887
246
7358
4976
6959
3814
648
7552
1266
3134
7740
5961
4866
1427
5087
9778
2595
1675
6501
2325
640
9145
1437
5305
1497
639
1899
4711
6231
6307
5762
209
953
6966
9546
7890
5404
514
3833
2143
5303
7587
7957
5006
5807
7247
5502
2585
1826
7247
3404
4717
3666
8947
3064
6815
3088
779
501
6091
7622
3501
1979
1501
6659
613
3260
5424
9022
4974
9376
9193
7979
3612
3882
1197
3342
965
3317
2498
1990
7379
401
456
7952
7410
4619
1595
5150
5152
9065
3154
2084
3110
8184
2575
8609
8081
5408
6572
641
7734
1319
6046
3094
7442
4857
2745
5424
740
9903
8494
5247
8710
9482
3458
6139
1098
9684
1456
1968
9660
2562
7930
6403
6790
6934
3529
2494
7829
5354
4783
6434
5621
5645
6827
7654
5161
6200
5003
7988
1864
8073
6194
3303
8555
5993
5313
428
7920
2666
9718
6165
9055
4630
4298
7580
3725
6267
1919
8324
2277
6662
6942
761
2377
424
4742
2926
4018
9292
6682
4895
379
6993
7474
2922
3344
5653
4029
3610
1273
923
524
3160
3948
4228
9641
1819
8507
2450
398
8760
1645
8516
5917
3722
5771
326
3328
2006
6073
9454
2516
3391
3877
6196
8666
5852
7875
2317
996
1642
3316
7703
1093
9392
4230
5685
5914
9255
6017
7186
6554
4354
7983
7893
8405
3253
9613
9853
2503
7602
6344
4536
2768
2319
5681
2745
5170
1940
4520
9933
7363
4186
87
3098
8048
8042
9068
13
5912
992
2604
2994
5572
4824
5165
5938
209
1091
4900
8622
8582
7144
2284
5237
2355
6566
8752
4705
8168
8437
2211
1779
9718
9793
2771
8929
9739
7136
1835
4933
4908
3560
1004
3725
1468
2930
1659
3263
5524
600
5969
1661
8530
3282
3643
1135
5808
9969
7360
6472
2219
5779
2997
6071
6084
7074
8030
2082
6479
4542
5697
205
2474
6653
3450
5515
1305
3873
4149
3451
929
2348
2427
3952
2027
7689
6756
7879
8264
8
1997
8354
1531
1975
848
6136
4489
7945
7499
1632
3655
8495
596
205
2022
6782
2953
4131
9117
280
8927
4738
9908
5006
7251
5993
8972
1441
9596
5674
7534
1144
8468
6261
3640
3787
1493
9115
9929
1528
7303
3746
1136
9215
1312
1862
4651
6698
782
4529
1646
2828
3935
5235
7491
6227
8541
2046
882
595
9870
380
643
5614
3753
2850
528
4027
7822
384
3104
2319
5547
1137
8443
9135
2768
9083
7431
9252
3042
4871
3128
7538
7244
5107
7528
6189
4610
8920
5615
6204
9687
2830
5411
1919
2052
7991
7415
1569
3154
2960
7614
7488
6766
7984
4194
5793
1438
1393
9474
2759
5098
5160
1470
1473
3058
7760
5588
6014
5899
7156
1554
22
4138
4873
7895
2543
6147
2859
3198
9206
2998
4396
9769
7903
1878
1213
6844
2504
3813
2476
7430
5852
3205
9847
7808
4193
2571
4818
177
5008
6902
5477
6089
7952
9050
3777
8227
6794
171
3705
1569
4462
8296
8611
1271
4955
4395
5859
861
3670
149
1822
2090
4512
8595
4338
2773
3269
7306
3904
2979
7806
408
6138
6842
2958
5696
9
1622
9497
3140
6373
7828
3184
4732
9330
827
5690
5013
1563
357
7988
701
900
9888
3802
6048
4554
6651
8381
3537
9714
276
6766
5246
3780
2162
74
7568
6855
6750
6347
894
3396
1899
7187
5317
1807
9299
539
5343
1221
1383
2042
2225
6127
2465
2151
7350
6482
3577
3191
8935
4407
2144
6935
8577
9390
2289
8227
8713
3870
236
3728
7073
828
1956
6602
1578
8010
1061
158
5949
924
7711
7894
7277
3290
1295
1181
508
7466
9256
7251
6840
2308
6353
1000
1720
7093
3263
8538
9434
9722
1995
3589
5071
4463
723
5927
4526
5017
5567
4434
2381
1594
2778
8920
9949
296
959
3113
7053
1928
566
5948
4497
5900
9320
5191
3946
7344
9600
6500
3493
5789
6140
9730
7875
5571
4220
1425
3036
2190
7889
1374
4564
1998
8239
9619
9377
4407
6511
8349
1999
1178
4102
1692
9139
7546
5522
4709
6075
2388
9209
5929
6638
5743
4678
1156
9063
1850
6995
8675
6496
9989
2560
7242
3522
5160
5614
9672
9969
6072
605
7928
3877
6343
2851
6655
5217
349
6114
6209
4221
457
5864
7608
6542
4436
926
3582
1975
5916
4860
1074
5381
5072
1335
5972
8745
2984
1476
8261
3268
5293
5667
9002
3759
3243
6545
7074
427
7295
9214
6318
7870
7755
6664
1687
3322
835
2195
4530
8076
4319
9976
4946
6916
4644
2443
7020
41
773
8953
7402
3127
7125
9467
1561
1469
3110
5557
8182
1282
8229
8924
2196
7140
3384
3764
1410
5677
9842
7267
6964
2272
3134
1435
3088
2281
7196
9054
1760
1881
431
8686
7116
1640
4387
922
9129
3060
1789
7051
1784
5177
519
8408
7984
7501
949
1602
5311
1573
6368
1205
5562
3555
7383
3974
5309
2852
9306
8819
725
5824
3257
8744
626
4387
6480
361
3652
2214
1800
9258
1088
6265
1457
5693
4700
2300
8603
9702
1407
2233
6950
9253
3487
4731
3355
5415
4969
762
6096
8381
5313
8110
7720
7815
8632
8573
2716
7658
3677
9316
355
3153
4968
8747
4614
188
9646
4021
8730
1091
1653
6496
3621
1826
8448
505
4125
1741
607
9551
3303
4125
4737
7574
1994
6817
7832
1035
5312
4215
6258
5197
6409
2003
1308
4704
5550
8112
2194
569
9226
9804
2423
3021
3047
2727
2792
999
3906
8742
60
2527
7404
2454
5851
9888
4091
3607
5224
2387
1530
3062
701
4664
8975
2711
5263
3910
8262
2897
6241
4863
9424
57
8635
7945
4409
8904
3013
6553
6243
3227
2910
6360
3583
7004
5251
9949
3111
5261
4340
4357
2871
6200
6728
3407
2663
4607
2142
1327
4681
5643
6622
5618
5842
5042
7450
8655
4768
9656
1775
3774
1406
6036
9843
7477
5511
9916
6570
9364
9879
4656
5044
6225
4253
1344
2415
2836
2788
8020
3692
3069
3393
8372
7898
7733
5601
4287
2000
789
2423
8321
349
2782
1968
8124
4496
4052
9011
8377
337
2983
6403
5265
4016
9297
3113
103
373
2394
9955
6517
3090
8399
6735
3587
4354
2034
5389
7315
6310
3951
7463
906
916
3550
1309
290
3068
4045
4737
5215
7818
4054
5674
2563
4034
1799
9464
9674
734
4716
8153
1234
1320
5724
4820
4776
9699
8311
6754
8000
2662
3954
9035
6255
7016
2683
8751
5254
1172
8921
7599
780
770
4069
6058
3657
1957
868
8783
340
9239
7287
7227
9827
8379
5460
4247
137
6913
5182
1585
8311
5961
7927
8136
4693
5913
3187
3958
5029
9697
1438
2247
1352
8045
7559
9221
2890
4371
1590
9228
9529
6535
8892
1000
1294
9472
9421
6696
5452
282
6778
7719
6734
4097
8396
5460
4332
3374
1129
7186
3329
2624
347
8069
3843
57
3716
1113
4662
9682
3149
4767
2454
4004
850
1297
265
8502
7422
3892
3459
6795
7921
434
5661
5317
737
2284
6662
6016
7366
978
544
805
2884
1323
2441
3720
413
7095
3939
147
8230
4594
5804
1382
1881
3705
1309
7820
55
8283
6342
2437
779
6508
1837
5003
5072
1085
5669
8627
8481
9989
8577
5663
4262
1423
3171
4708
4858
9168
137
