9344
4654
4232
8795
9078
3329
6290
2834
7622
9983
9694
5782
6406
6415
2581
8692
2866
3979
6689
6214
7349
770
5271
857
6446
2393
3454
8671
825
6890
1336
6539
7572
4764
8739
3358
1687
3017
3104
6491
4218
1434
3612
6072
100
5485
7417
5787
8736
9476
2810
8575
5942
5080
9060
7372
8956
5827
8969
5046
6143
5017
5268
9794
6327
8919
9707
4650
8774
9362
3549
1807
3786
7084
8307
2977
4287
732
9644
1510
7681
6112
7479
6118
9517
4441
2933
1737
285
9643
8516
872
5223
9592
6605
3295
2480
3964
2154
246
5196
7568
6656
5457
6785
9781
3526
7667
1181
2428
206
1038
3180
4210
3704
8267
5458
1168
2894
1553
7183
2463
3915
8839
4217
1491
3622
5572
3985
5468
6205
3044
3401
5783
4678
9376
8926
9486
4024
6083
4033
5076
3330
3424
1182
38
1062
2999
7217
8870
4948
9101
3216
4638
7146
6619
3690
2408
5181
6170
2203
2636
3360
6080
5191
956
8939
5841
7718
733
4677
3799
8936
3474
3775
7981
8114
1243
526
7205
4550
9537
1257
4627
4919
5222
1412
8409
28
5870
7803
1994
2186
5311
8032
4755
267
4002
9909
9414
2897
2142
722
2069
347
9922
7359
5698
538
9494
1458
3456
7330
1097
4478
8037
3893
5301
1260
7814
5122
5948
4164
4977
8611
2952
5925
6269
7624
847
5998
7620
5571
2793
1412
2199
6085
3429
5837
243
509
7173
8990
126
9110
1515
4286
3016
5116
1070
9529
7738
9446
7064
6211
218
4470
914
4798
8489
8567
6678
9008
7082
8946
8494
8286
3226
3243
4458
5066
9433
3025
5965
3068
6471
4055
1379
131
4194
157
1122
1707
3856
6388
8341
6448
114
4535
1270
8658
8049
9269
5800
4630
442
7977
3611
1922
2572
5001
7402
422
4815
9845
2062
9686
5600
7063
5295
2665
8985
146
6409
9676
8563
6234
9259
1663
8723
4108
8875
1141
6796
2065
4293
1341
7591
3756
2542
886
6147
5312
6534
2177
8097
2978
1069
1002
7269
8570
4261
9689
4947
8305
8780
2126
3636
8755
7599
4119
2510
9598
5826
899
8551
7910
4476
2747
5099
3333
449
4991
3788
873
4489
6155
4288
2330
9155
790
3625
7947
8208
3997
8927
9838
3779
504
4527
8760
2044
2095
2650
6509
32
6450
4519
8249
4000
5417
5566
1786
3041
7652
4458
8524
5741
5562
7507
8692
6025
5420
4788
4362
989
8295
3499
6236
8603
2494
6033
9122
7037
4825
2306
7546
820
2747
8099
9089
1073
1036
6679
4663
6058
1190
4830
8186
9756
1901
9491
4276
971
3370
4901
6978
3623
2218
3273
2062
5499
681
5129
9183
4344
3677
9101
2680
7065
5799
7632
1961
232
7510
4095
7025
7163
2238
7675
60
2573
5724
1390
1041
5026
2047
1354
1418
4530
2749
5199
6354
4611
713
7997
264
989
8128
7514
7568
8531
9395
7811
8112
5763
3955
7630
5016
6351
6302
8706
5052
9978
7761
2676
4470
4978
3713
4779
1783
3341
9934
6851
6486
2058
2715
7769
2041
9232
8485
5026
3397
2592
3647
3045
1086
7334
7306
9015
2
4581
6544
3667
9400
6581
4578
4369
7764
3247
2675
8768
1756
8038
7126
7329
906
6177
7102
6192
2574
606
3244
6151
6067
2375
9981
4519
9807
5891
3812
4513
8819
8574
6207
3838
6035
7428
8004
9741
1452
2143
9579
8041
2277
1929
6832
292
948
9943
6685
7507
5810
3423
9903
9958
2683
7797
6986
1623
452
4195
948
5009
6762
2030
7925
5092
6326
6607
2649
7030
3080
8055
3502
8431
4289
3574
4971
5155
3632
1655
4351
2741
1212
9818
6675
1499
4573
2338
6047
7493
6520
9923
9319
7699
5901
5049
126
1527
1802
7346
9055
1305
4545
464
7129
418
4072
9448
7675
5594
3606
6443
6241
2469
9044
3838
1415
2804
5137
1261
145
4703
8751
4698
9571
5492
2204
4981
2362
7672
1581
7669
6694
3446
6032
8724
6087
8295
4451
7096
7046
7262
6859
2417
6120
7994
1476
48
3532
2276
3064
6515
9797
1884
7011
9119
7292
177
1733
1480
2803
7216
8082
9525
9561
1302
4677
3484
7083
5264
9866
8900
3603
476
2121
6647
8016
1362
2690
6629
8509
5932
3172
5626
1391
1017
3104
2379
1903
9448
3397
6185
8242
3942
160
8728
2099
4742
6439
4460
2083
8916
1765
167
5844
7770
4352
9964
8155
2658
2654
581
4883
3562
7487
746
6513
8465
3536
1592
8633
2110
4531
4149
3322
8560
9298
3108
8721
6407
4958
1676
9302
2136
3529
3647
9706
1800
6553
4470
5440
9365
5481
8287
701
8693
8040
8420
9590
9830
5739
7270
4533
2233
8516
8547
8879
2660
249
8125
2158
6133
5674
3862
2904
9122
7743
8877
5996
2897
6416
8160
8941
7159
4267
6116
503
6373
4930
8363
3874
1067
7952
8568
964
5731
5019
7916
9544
5048
4464
7938
2761
2429
6913
536
3627
6850
6326
4085
9466
8967
1405
363
64
1138
603
1498
5311
7397
359
3275
3074
8197
3236
403
2837
9365
7738
8490
2871
4868
3778
3554
8948
5698
3809
8170
962
7893
8694
4009
8350
7841
7858
7765
2088
3035
8073
3937
331
9250
9888
7536
4340
8828
5914
6966
7744
6661
610
590
9956
5562
5777
9945
2214
5292
3121
7021
88
4700
678
6820
1379
8126
1491
4300
9175
151
2706
7358
9869
9110
2444
3391
2308
7273
1904
7671
7463
9389
6561
4425
5043
9847
3692
655
7473
4252
8245
424
7314
7835
3778
7325
5441
5749
6326
759
654
3209
6401
9258
8321
8953
8462
1295
5300
736
8046
767
1263
9764
5711
1746
1832
6122
3217
1719
452
2505
7781
2387
6387
9213
4776
2003
37
5145
3970
9231
4533
1484
7191
1144
5582
9231
945
3497
8590
538
5625
8147
803
8078
9020
6995
2581
3273
5467
4144
6452
4646
2965
363
328
3103
4356
6951
311
8412
4717
1174
9564
9488
358
9067
9636
6054
3346
2332
9630
5211
8658
8571
5836
2825
7767
2660
9492
8863
2589
498
6118
3644
9921
9352
4548
446
7392
4757
8816
3406
4660
3463
4216
5618
2546
1918
2667
1224
8023
6518
1934
5239
7917
8162
521
360
7589
4590
7942
7616
8977
9725
3642
8892
3621
2685
4576
7770
717
9075
9791
118
1858
7534
4241
7976
1674
3985
715
7185
6652
2760
7637
4352
1645
4097
7850
4867
5155
9685
8651
7382
6621
3727
3741
2606
1929
8639
6992
7485
8313
2461
5583
4575
2295
7346
1497
7019
7620
1033
6710
7811
1216
9838
2816
3106
9318
6681
4205
2488
3514
1669
7900
9092
3721
8808
2564
5721
9985
2881
4724
9393
8648
9324
5214
2951
6939
1668
8289
1515
21
8225
4324
4459
4243
5557
8080
1850
4602
4503
9650
1049
1665
7581
2531
4729
2282
2364
6161
6276
4521
6754
369
4665
8136
8733
2673
1341
1906
941
4578
8368
303
9861
4279
7671
6226
4405
4330
8056
3117
6303
121
2882
7942
9635
6342
1763
5138
4362
1805
7512
8342
1222
3830
6953
4719
1213
8621
3396
6616
6376
7580
8781
700
5647
7349
7019
8581
6259
496
7623
4855
2372
1189
7050
2015
9610
1003
9475
7851
4845
597
3909
720
1749
6175
517
1659
9065
2855
4360
3931
7907
9536
6303
1385
5753
3392
69
7789
4007
4981
9365
4483
310
1315
5406
4257
9632
7010
6010
7734
644
8392
5482
313
5357
1000
6712
8575
7374
3344
5611
7302
285
9077
8766
87
2937
9248
8543
923
550
5151
4751
1421
3709
2932
1161
7140
4920
4064
2644
838
4497
6658
8163
4637
5902
4065
6289
2384
8546
7620
2399
2719
4924
8756
4873
5953
440
3180
818
9384
4634
3635
1636
5932
6708
7475
3586
7275
6635
9672
720
3855
4019
1335
8105
3071
4316
54
6433
6992
6588
1641
3187
982
7815
1007
6917
2959
1644
2960
1550
6374
1870
5686
6703
6993
711
5897
7597
214
9780
1820
6570
3399
6871
8978
5471
1041
2134
8984
8287
3004
8848
7352
3312
3981
3490
7705
7909
378
6739
4473
4944
1427
9279
2103
6971
6452
3569
6560
886
2649
7497
7936
398
9755
312
7190
2886
6334
4818
5067
674
7583
4100
2688
6881
2937
7751
2151
7717
4092
4122
4068
5471
5533
3493
3838
4105
7391
6643
2740
6348
3840
1860
3003
7584
3751
7206
7144
4592
7551
7817
2815
1170
5002
5690
4484
4081
2069
3843
6319
8185
8655
6407
1727
9479
9241
108
6506
5368
5177
7162
6489
9870
7157
6623
4925
1358
2728
4690
6662
1730
6403
5069
9663
3181
2937
7473
8464
4581
9415
2727
8421
2445
8749
6040
8515
4472
5534
502
4043
8541
8327
8921
5394
9187
9626
5716
5499
2201
3786
1353
3522
2485
357
1947
7579
1220
4525
6883
8851
8818
4231
9911
5132
2976
5519
7067
5854
8282
394
1425
6814
4394
8307
1477
6625
1526
3776
2697
5542
2055
5777
8377
3336
7381
918
3147
4034
5889
3740
9184
4366
6921
1302
7908
4008
9366
2879
5481
7513
7042
5320
8977
3018
3977
7072
4229
8337
2534
89
9644
8923
4170
3884
9448
8741
412
363
2733
9501
1962
3395
7125
5933
2154
6004
7618
6007
4782
5959
7703
889
3929
3807
5334
1336
5225
9759
2373
9319
1219
5783
1323
4298
1042
6008
4432
7407
2732
6638
6899
6542
8938
8826
2898
1133
8105
9741
593
5495
769
5145
3188
6111
5619
940
834
3163
3014
5036
4381
5111
6943
526
1449
210
9214
5150
2644
5969
286
7913
2600
4340
2804
779
2952
1996
3373
8267
360
3310
9461
519
9753
8946
5130
1372
423
5
3611
3440
8379
521
2815
426
195
3225
5187
4293
2206
9458
9859
6147
9270
4598
4021
2821
4423
6058
5699
9580
8059
2001
5182
2243
2966
7201
4489
7101
3709
5608
2804
4328
2770
6015
7957
9069
2652
9630
9732
9217
3164
4391
8791
1352
9288
3073
9457
9427
3165
6852
789
2256
3699
7520
103
6000
4208
704
5038
5030
4915
2887
3655
8974
3847
9378
630
198
1514
1232
3632
4848
9934
8249
3526
2253
4477
7600
3885
2375
1155
8702
6499
6011
1516
5389
618
1465
9952
6469
8921
5171
9558
2012
7905
7732
5902
1062
2310
808
9123
7495
4226
404
4246
7926
6106
5553
7573
9668
1493
1542
887
9782
9779
3181
3976
7926
9580
5774
7914
617
7975
4854
8876
9003
2348
4052
2863
2203
5205
9811
4997
7267
112
9864
6081
6517
2083
3350
1478
5246
3697
352
5321
6087
196
7471
9970
6748
7035
7981
4511
6135
3663
3524
5269
2148
7993
625
2395
7881
9566
7087
5834
6583
2370
3062
6661
4605
3052
6351
3737
6477
217
1647
2601
5821
2557
1083
912
5935
4174
7295
9170
9640
1120
7239
2735
8378
5510
4026
150
4824
7420
5888
3174
7886
4654
8362
4876
5673
4318
7901
5396
3677
301
5911
5452
4395
2551
6673
3678
9151
5502
5498
7946
4640
199
3475
8842
8410
7887
8851
5723
9546
3480
643
3089
435
2363
2687
6202
9209
3882
4092
5848
3995
756
726
8641
1638
339
9971
9165
2596
221
9841
7523
279
8915
2411
7071
2766
7456
6588
7247
2786
14
7212
2699
2062
8527
5910
17
2412
2903
1761
7255
1625
598
9272
5828
8718
1462
2749
8442
7916
967
6895
6850
4839
497
9033
9159
2065
8664
9769
9508
1476
538
2009
9796
6762
9752
3715
4842
7487
660
5053
59
534
643
9911
9785
6678
8461
202
3178
2258
590
2921
8431
7753
37
2381
2080
8876
4230
21
5903
7451
5592
2619
1241
5548
7621
6437
8833
4162
9756
4959
7111
5564
4265
7645
4510
64
112
6012
1634
2358
8777
7531
872
4528
6664
8433
3006
7869
6280
3690
2215
4826
5292
1591
3887
952
9418
5861
7878
8527
5636
3953
2292
4872
7893
5594
7130
9820
1274
716
5491
5927
722
6717
3289
4441
4673
5551
4556
9757
1733
1215
6696
9538
3233
4621
8237
7347
237
7813
858
3007
7826
5611
7540
731
6899
7109
5081
5600
8477
9339
343
6718
741
7190
1659
8101
6242
6780
4593
1558
7456
7687
9008
3250
5774
2096
9506
9437
5967
3354
9911
8278
2709
3129
7949
8691
6450
594
2356
4985
234
7320
6060
168
8645
8577
8770
4768
5855
3555
1174
318
1183
3604
9963
9807
1829
8020
8766
6725
519
9493
4191
6394
6617
1936
7244
1883
5341
703
3031
9974
6851
9451
1933
1490
3923
5090
836
3009
8505
6123
4403
8350
4817
9995
1784
1106
5049
8723
5164
992
9831
3933
9224
6676
9846
4154
79
7801
712
3702
3259
2208
7426
8776
7834
5805
3589
6859
9661
2042
8129
7841
7527
2127
4519
3770
7843
7000
8107
9985
904
8748
313
7982
8138
410
216
9297
3089
6427
2438
4609
1215
242
9156
1191
7949
6652
9186
5322
7295
2407
4409
4091
5845
486
3146
7324
5848
6136
3030
6416
9853
6816
3140
9286
5779
9236
9476
4581
9824
7208
1307
5744
6805
6343
9574
2187
6076
8378
826
3435
7069
3293
350
2250
3935
7265
6765
2485
8161
4656
7109
4733
3483
9890
6221
1017
4246
44
9787
7443
7547
6675
4829
4991
8015
6372
9540
9684
4936
274
9574
9107
4167
4172
9131
6900
4127
8343
8843
4972
5311
3742
7271
9157
5037
3671
4148
7625
6789
3200
9931
1926
8308
219
2391
5026
6295
1589
7021
4787
9665
8171
9960
3331
7261
5092
4807
9753
988
7686
1281
8109
1607
5297
4703
5129
799
1395
7738
1745
3721
2300
5767
9622
6478
354
1037
7932
5969
1131
4361
3575
5555
8508
4015
9111
8134
9023
1780
5726
8716
747
592
931
114
751
3613
6805
8085
459
8327
5410
9345
9249
4886
5395
5513
404
7706
4851
7421
2241
4284
3058
206
829
9361
6583
2470
7788
4975
8956
1495
2351
3434
7741
3011
6272
9289
3684
1096
9558
8214
2521
4650
3817
3824
6757
7281
4365
6768
2200
8882
4864
8928
6326
8161
3218
2491
4528
4471
1238
8879
3307
988
7067
6859
4254
8514
9327
8560
755
5999
3588
1240
1632
2185
9323
7926
5854
4307
1307
6770
8378
279
7939
5522
3905
8279
7584
6717
9827
3333
7267
2799
3079
3142
1621
1319
2904
6202
2415
2476
374
3200
9486
2989
446
8789
7350
9221
9475
5116
2678
7443
4255
4515
5535
875
2624
2035
1129
4865
5079
7629
7782
4640
7730
605
6274
4596
1400
3918
7573
5179
2157
6066
4979
147
7149
5816
678
3932
2037
9861
3500
5873
9519
5347
949
9989
963
6549
8282
9663
4217
49
8413
8419
4710
9977
4342
6475
2690
8770
3810
5718
204
6729
865
9977
3605
8855
8906
6951
8780
3090
9127
1128
2495
4821
8835
354
2379
1673
143
6583
7907
5787
6591
547
3577
8968
3360
7827
5028
5529
5755
6867
8956
4346
4065
2953
6591
114
1064
3373
3476
1134
7179
578
5315
6398
2253
9432
6980
6591
172
2352
9650
3968
6466
5346
8569
5867
6739
3961
36
1311
4437
1678
5859
7111
1814
2530
2670
9724
4140
9581
1326
1931
6840
7803
3582
9088
2707
3071
4435
5547
145
148
1659
3752
1866
5958
8399
9853
4110
2095
193
6576
635
3155
5908
612
2001
4812
2845
1140
3773
2792
8942
8644
4764
5114
914
9578
9405
8829
1284
228
9546
6878
9818
1736
8623
49
391
3610
6210
6055
6877
9447
6183
6175
9689
2255
6916
9748
6965
4214
6402
9664
7694
2377
961
3350
1345
2834
7874
2985
6512
2241
1229
7935
7430
5867
5503
6811
8358
6279
26
3609
8735
3479
4124
8388
4553
8155
9261
8095
8595
1807
6456
522
5784
3895
3958
6743
9174
3499
2356
4414
3847
1778
2595
7673
9715
8565
7557
7102
1155
3913
1448
994
4466
5415
5445
1122
3641
1044
3868
4461
16
9980
9400
9864
6253
9894
6617
7668
8288
8429
4610
2723
6083
5372
5160
2484
6603
9329
2470
2181
1724
8440
2147
7020
8887
3398
8463
817
2171
9816
9069
2741
5423
2750
2587
4494
6031
921
2975
2230
8192
1955
1438
949
6722
8841
7191
9171
9555
306
1388
3186
9708
839
946
2124
5950
4271
3612
5334
5530
9655
8892
4869
9259
3841
1470
558
29
2873
6633
4333
8414
3898
9048
7496
4088
6083
8638
3967
6915
7921
6491
7442
6781
4593
2640
3538
182
9790
6758
5741
89
6370
9071
6920
954
1454
1020
974
7704
6514
9074
1467
467
7328
3563
9609
9846
4485
1918
381
4113
3895
9784
2666
2388
615
7080
2260
1342
5469
4915
3300
4434
4659
3640
2487
8617
4794
9636
1657
8330
5998
5377
2218
3714
7661
7361
3939
1284
8832
6997
7364
3461
9062
8804
4807
650
2711
5521
8921
8325
6214
65
9272
2691
9994
2557
2372
9281
4962
9755
2968
646
2723
5295
8115
2818
1039
2435
2596
6758
1270
8269
9014
8014
6713
2139
5958
2800
658
492
6315
6037
6898
198
607
9736
3904
9313
6245
8670
6608
5759
1968
3220
1807
1775
4421
4087
8367
665
1594
3065
2369
6608
8581
4484
3665
6255
7045
6737
5883
4321
9780
4631
7390
1808
8760
6813
3328
7848
3237
2324
1477
8699
5580
6306
9152
1268
5495
5149
3506
5680
1565
9204
294
389
530
9485
560
8613
5625
7604
5342
8453
2111
9198
7861
8990
3501
551
104
5783
1857
8283
3708
9990
2763
3906
7170
3035
9635
3736
2878
9038
5493
5320
3226
4106
1061
6460
9055
9054
4431
5982
5020
5326
8306
4711
8545
8718
6792
10
3021
7019
3374
6118
1876
4142
8866
6812
242
6269
1236
431
4948
1602
4894
6698
613
7537
4144
5357
9765
564
7943
8873
1395
5153
8406
8198
5105
5860
2558
9419
5938
9760
6555
3200
8400
1733
3617
9380
2031
4319
6417
4724
4474
5978
4612
9063
2064
9242
799
5916
7356
6304
8272
2923
9538
4600
4653
6888
4301
3939
3319
9650
3063
8307
5286
7026
5481
7371
1407
3495
4801
2050
1358
3068
9389
3797
5430
5437
4545
8776
1816
6658
7387
3871
9062
7258
8466
9298
7464
580
8028
6936
2977
6536
4283
9099
6889
6490
4321
6815
3017
9448
9428
2920
830
1303
5787
9885
2383
5123
3801
5634
8286
1305
3150
3085
4305
4065
2164
7043
6676
9345
1805
7292
8219
7376
8748
3553
8471
1843
7373
7690
6982
8846
5698
6877
6090
6996
3464
4652
5630
8789
7902
7439
5891
992
1148
7125
7199
7587
8261
7669
5875
8242
9322
5822
1223
3159
5322
5104
5992
3164
8875
9558
4453
4174
6458
6518
4539
9921
6495
318
2160
4023
1536
1087
880
9549
9525
5762
56
878
5950
4487
1441
6751
8082
9574
3975
3220
9776
1489
3919
1702
6116
1915
5467
2023
4815
803
1158
4
7834
1011
3305
8789
3051
7007
1878
4028
2410
4716
7851
6138
6957
8501
1130
7457
8971
5121
4010
3028
7405
2216
1694
37
7589
7863
2054
8489
9885
7332
8325
8859
3252
3415
2673
513
8843
6245
5735
9968
1383
9961
3507
7362
9031
7409
6163
2787
213
9707
2247
5380
6418
8130
813
8532
4159
5368
3971
3683
1046
4830
5396
2442
5314
5998
1120
8754
3990
7151
9363
3921
605
8011
6327
6931
351
8781
6685
5137
2494
4094
4726
7683
7866
1891
7127
5782
9756
5650
8232
7030
5718
8121
9777
8116
4109
2724
710
8157
1810
4746
7986
4089
6815
305
3664
4502
6731
9853
2101
9811
6205
4566
5675
8553
5082
980
8914
3573
480
1928
7180
2738
2638
7312
6612
8309
1125
5511
4581
88
2088
5019
6446
7672
5627
2672
2979
3033
7652
5372
262
9492
1427
4484
27
3215
787
6266
7014
3978
3339
5512
7435
8093
1947
9788
8823
8857
1498
26
7188
9597
843
494
4194
2487
5910
5609
2511
3574
9448
3208
6826
954
2941
6513
1726
8853
481
8903
5565
2725
8427
6132
9798
8351
6074
5662
612
6926
7669
1461
4852
2823
5741
755
9976
7443
5115
5310
8584
1747
7154
3407
737
5490
9042
594
2460
4438
7583
9979
5728
487
7835
46
9408
131
2283
417
24
2244
4600
1263
9912
9942
5320
3368
1958
7265
5721
4180
7447
899
8508
4137
3559
9236
612
9217
9165
5207
8
9855
4540
638
2360
2106
3343
7040
2871
1657
9073
7908
29
6622
2268
6490
3280
6012
8418
5714
6414
5638
9102
5495
6839
1452
90
3117
7325
1771
8635
524
733
1951
5387
9103
2908
7697
1295
4913
5957
4297
6689
1595
4341
4712
7218
5633
6726
8386
5535
2892
7103
1903
9076
3510
7569
8464
6385
490
5576
2044
7571
1678
2111
3251
5136
5073
8290
669
5060
1735
8309
4036
1144
3474
6323
5273
9228
5010
2412
9323
3221
246
5324
9547
1321
9492
1888
3888
2237
2916
3243
3994
5084
8170
8723
1670
5007
5392
9656
1608
4940
1663
5419
5405
4999
893
1333
1886
2285
1904
2025
6577
1468
2813
5071
8941
1521
2008
8294
5979
2789
2486
5497
5968
8322
1447
2898
9193
5259
4328
285
6993
2653
1067
3799
3277
395
4809
6391
2286
5791
4295
5309
8132
5983
2202
3425
1904
5471
8667
1919
5375
9056
2586
4272
2391
9372
9232
7979
1663
2729
6445
1088
2086
1930
498
137
3420
8200
7522
5674
9785
8804
2114
8447
9682
9744
9777
8263
3428
9750
9790
3505
8883
3424
2159
3245
358
2470
8337
8383
9642
4390
6334
5653
169
8808
1454
8964
8030
2739
2033
4177
9557
6148
2172
3298
4988
9927
1388
8191
7975
8535
5223
3845
8855
4272
5977
3873
8250
8143
4125
4913
1502
7
694
6268
3506
5226
936
9031
8400
7541
2291
4769
3842
4249
3979
7318
9274
5312
5532
3641
8913
6475
903
8188
7843
9727
2226
1814
8551
4601
4621
7648
4071
4298
47
1034
2737
1673
6714
5855
9553
3438
1955
3693
2868
5621
9576
5833
4979
2696
26
822
1957
2691
6266
5117
687
5983
7654
4321
9960
9888
2282
5840
9807
6931
1041
5183
6021
8483
3423
5672
6802
5704
5988
7336
688
3262
2754
2631
1327
6322
1924
1243
1446
3348
5528
4787
2435
1471
4938
2970
7254
5981
2305
3542
8696
6878
5814
2689
545
8618
5545
9493
2951
3687
1994
5783
3991
710
5780
5978
4776
4050
3729
7541
9325
5736
2368
136
5104
3047
5079
5844
7072
319
8351
3353
2903
1737
2014
6775
3284
7735
642
9233
1856
991
5479
507
7485
4036
4204
6586
4069
5485
2309
6898
8406
8655
6200
9186
3032
4490
2598
7968
3267
7783
8315
6885
4418
2519
635
2469
8377
6946
3712
2265
8497
3147
1503
9519
3337
5593
9633
1906
1412
4125
6055
6445
505
6935
3332
2842
586
7791
9983
483
9050
9740
7795
982
3999
289
1231
1071
976
982
4085
2747
378
2896
1351
7393
297
6723
7740
6623
3403
2159
9514
9385
4010
5254
6076
1092
9289
5648
5515
1435
3136
9051
5971
4291
5110
2721
6712
1
9628
987
7310
7025
6209
2819
2783
3861
5366
9246
2061
953
3769
6380
444
976
8529
6346
5168
9690
1894
9932
7671
8399
1207
7228
322
3309
2586
8157
887
8721
2599
7938
9607
1693
7469
1019
1923
4782
1137
3939
9133
2939
8915
5182
7172
722
9894
838
9926
946
1785
438
6858
5422
1985
5323
1592
740
6121
9241
6457
5810
7289
494
7071
6030
6953
7604
12
5340
4439
8866
5455
6210
3553
3903
4503
1902
3250
3913
1245
8380
2452
2310
8885
5537
2843
2878
1136
7716
4467
6569
59
1847
3077
9928
2636
4024
8927
3109
3865
8112
720
2087
4720
5947
6105
8571
179
4739
8685
3104
1320
3056
1329
4696
9942
2092
2600
4892
8125
2108
7661
5009
1728
6650
401
4005
6774
1102
6530
1263
1637
21
9493
9214
5374
9807
5320
167
3109
9640
2592
6184
4107
3678
513
3335
986
1863
8992
7848
6001
2928
5855
8790
5737
5660
2018
9431
4067
3669
1176
9972
6840
9860
1319
5012
6936
3966
2814
207
1967
110
698
4626
7532
2768
1511
7729
2829
3497
753
4120
9637
463
9863
1527
3970
7814
3619
8349
6440
2319
6315
8366
4702
1285
93
8126
6465
5422
5232
6995
354
4043
9940
7601
3007
3164
1685
8987
1151
3717
1489
9076
9953
9639
1773
2124
9735
3808
212
8183
6640
9249
9053
3669
3290
1117
4640
2061
9568
338
7099
1100
2319
1095
5525
1158
8744
2220
4864
2709
6692
7179
4700
9443
2522
6647
9503
9936
3751
6910
9665
7669
2848
2550
9375
7136
3996
963
3529
7686
1640
112
9478
9941
6355
5901
3240
3720
8069
8312
7577
7874
7622
10
1925
3458
7832
140
4833
8471
8917
5970
4176
831
9240
3241
7366
418
6465
9962
481
4302
8344
5968
5388
6418
9724
1596
6464
6979
9207
4013
6635
9765
1891
9044
2014
2931
4746
1928
9862
3039
5359
5307
5699
7708
5478
1404
9284
3921
6555
5812
2622
2449
3789
5035
3133
9717
968
8286
5663
7027
7836
3482
704
2858
9927
3797
1266
9187
9295
6451
5692
4206
6984
5371
827
8820
2815
8056
3252
1887
4824
2494
6757
9272
5320
9319
5281
1547
3405
7105
1726
5621
3671
4744
4004
1726
7838
7526
6771
9
7437
5369
4374
3957
7974
2755
8006
6795
4478
1991
8807
6435
469
1625
8266
6544
5081
4736
5720
1159
2324
6208
7533
673
1152
875
5581
3778
8338
9124
9303
4774
767
6250
4263
3828
3778
580
3830
274
725
9159
5762
7821
4133
1771
6966
934
2022
8683
9477
1105
1794
9131
7595
2182
1139
1343
990
1575
7777
3194
901
9385
8530
4244
4200
5974
1555
4872
3792
2745
6296
3135
5368
3903
3026
3100
5176
7079
6300
8302
5773
9309
4441
5873
8205
7084
52
7426
4967
6648
9132
802
5941
8884
593
9799
8073
4895
8915
2730
6783
3659
898
8928
2835
6865
1139
2560
6835
310
3029
6153
3152
6000
179
1138
4375
6376
2840
7922
2763
1288
9600
8293
2063
7882
4916
8656
1576
7204
6283
3897
3830
1057
8737
1266
5906
5384
5418
4244
1415
2561
803
9917
4533
7730
6691
465
8497
207
4340
8957
704
105
2322
6101
9199
6115
9212
3202
7377
5241
8095
2588
8558
136
4736
7795
2302
5937
9387
6763
1639
9365
9766
8203
8110
5761
9923
2276
426
3746
6783
7346
9061
2210
5520
3872
3859
7618
593
5880
894
4276
2127
4478
9355
6590
1219
1615
6036
3031
6605
2140
5123
9033
2058
8002
4394
2833
1671
3868
1194
2070
5967
5808
6029
9439
1815
7760
1673
692
718
7904
3023
3358
4196
1753
9961
2720
7933
1924
7868
4312
1737
2383
414
6924
126
8260
4654
2282
7233
7107
4478
2179
1324
3303
6663
1512
3092
5073
8581
3623
4366
9556
4646
688
8034
2740
4478
9458
9608
3776
9560
9297
4448
5343
9397
2941
7184
1035
6159
3458
3570
1372
5544
1953
207
7591
4868
1951
8469
4593
584
7586
8028
9586
2121
9633
1074
5939
8557
5588
8573
5190
642
5407
5702
1240
5345
7769
598
6975
1970
5217
8750
4417
9429
9506
3033
7117
5407
9477
1091
7159
8777
4387
3975
6767
4605
7194
9883
2434
2446
3380
7889
8843
1066
3638
4805
3399
9341
9143
7542
8544
2638
9637
765
4478
8966
3175
937
7835
1760
3037
9926
600
6694
2272
9685
2155
4311
8407
9422
3339
4841
2266
4775
1709
8476
4612
64
8686
962
90
959
3836
6515
463
4314
7240
1164
9847
1405
3062
1812
327
5221
2176
3198
7343
8053
8219
9736
858
243
4645
6891
8344
5540
8518
1569
1161
1927
1166
5663
4726
4300
2082
7683
8596
6619
9610
5564
7686
7823
300
7528
5405
6344
6640
5224
8773
748
6664
2611
6704
9873
2897
9531
8461
4615
1362
4591
1150
8603
1951
1896
733
5394
8746
8110
9296
8249
9931
4483
3993
6514
5619
1227
8990
9788
3724
4958
6337
6234
7869
2239
5192
5954
3224
4749
5239
2814
4410
2575
6651
7142
8258
6557
2436
9773
4981
3487
3754
5142
9921
4694
8275
4362
7745
6690
8918
9290
7350
3039
8308
9760
5362
8814
6208
2113
523
689
7328
2385
2879
7926
505
2213
8767
8767
387
9925
5188
9286
6552
9975
2293
998
8319
6224
6023
3815
7945
9487
7311
3068
9891
5497
7414
1695
5608
6104
6236
8214
1973
3074
4175
5667
7921
8752
4741
5706
6722
4845
6547
2950
9184
9188
8037
5148
3745
9364
6049
1695
969
4122
5299
475
5054
4768
5138
8637
2531
8812
9208
2779
8387
4096
3399
3753
5913
3355
5391
2527
1414
6887
4342
1968
7873
4340
8057
361
6057
7407
8454
5428
830
8646
8635
3931
366
9359
815
371
6285
8406
456
8300
2844
9552
9556
6807
1115
5580
2982
504
3608
6861
8389
407
6026
4273
9742
9905
9508
2726
9062
7868
2846
5878
4045
5422
2250
5963
8169
1505
6824
8336
1915
637
7976
3941
1527
1573
4766
7599
3219
872
8843
6336
9633
7822
3492
2963
1611
428
2070
2176
5979
8087
4895
8336
198
3794
7698
8017
4147
5039
5759
1647
2143
3903
6817
7088
1885
1141
6163
4228
3233
9845
8854
6979
7369
8593
3067
6496
1503
6954
8083
4885
3525
1722
9926
7527
4360
4143
5782
366
9530
4463
5824
7666
9541
4616
7788
6976
1653
631
3285
8993
2752
8210
2151
5532
5761
4748
7664
8642
6283
3645
3365
2154
441
224
2791
3772
7153
3433
802
4684
3635
4062
5189
2497
1924
9401
1687
2912
4968
9184
5153
4175
4359
8645
2273
2717
8440
3636
5430
7538
840
8006
7842
1752
2824
9594
3142
7398
1660
2152
3298
8940
6331
9657
99
7292
4719
9486
7247
3574
4321
5976
3068
478
4331
6848
8251
5698
4880
5407
9616
8347
3936
6381
3277
4884
9148
6547
2736
4960
9655
8608
1431
6688
1547
5797
5781
2941
4470
2157
6815
9967
5365
6093
9247
6361
8950
7594
7870
6002
2658
9512
9908
9812
2313
1801
8655
3993
7257
2624
6235
4165
6026
5263
1255
6636
8662
5317
2801
173
9772
5571
1380
4209
1729
1827
4748
3410
1941
6238
2889
8941
8896
9983
7790
6530
4267
5864
7243
2419
6916
1245
9737
3872
7101
5862
4282
3809
6156
3492
3296
3389
9459
7828
2839
6512
8696
3243
661
88
4601
3782
9881
3372
1791
2862
1257
865
3921
9494
6185
9221
6144
7834
7851
6149
8253
5274
6437
9025
4880
8055
6513
8405
4813
8982
6711
1883
2396
325
8132
978
6261
9744
3987
2772
1929
2812
6355
617
432
9666
4433
6933
3930
5467
9220
499
4134
9856
7345
4294
2093
9708
1015
6811
2006
1328
6056
1095
6959
398
8547
6369
8004
5644
7342
1641
5772
7404
2417
7975
6710
6097
9884
4921
2280
1787
9971
2045
8952
8037
447
7733
7959
9459
1441
6805
4099
86
1824
6882
8399
401
1467
1338
6919
1535
899
9279
7434
9094
6761
3412
5559
3915
8099
7540
3144
9298
8287
1252
4741
6920
755
9621
5398
2807
622
8400
4293
5251
8905
4802
430
2650
2795
973
9047
8841
6671
335
8348
7247
8801
949
1566
3057
2582
3353
2983
225
6649
7522
1201
5533
8227
849
3926
7222
1123
7538
7891
8939
6564
4922
2448
3027
3566
1551
2448
7336
7886
2633
6120
8590
4533
5384
9543
5459
4765
9675
9422
5333
5673
118
4716
968
5206
5039
8099
5321
5285
4201
6431
1462
5865
3890
4572
9014
4660
6901
1807
6761
1495
3655
3402
515
1714
3631
8471
4678
532
4929
764
7873
3863
3300
1396
8833
9537
40
375
4935
4936
7410
4292
3922
35
2974
2292
4483
999
7902
1830
667
3745
2370
8753
6733
5956
8117
7352
3963
7228
428
5928
153
2550
4630
9602
7783
8239
868
5400
945
3322
3250
5000
2390
7767
206
4183
3322
1906
4534
8202
5137
8782
5860
5385
2028
7359
7636
1547
1096
2458
8393
1503
5124
4442
9965
7288
6929
6982
749
7708
9423
8491
7458
3114
1520
9613
1972
846
3564
8721
1513
3844
8950
7004
6558
1534
5269
3253
196
968
6256
1364
8414
8970
255
9944
4609
9334
885
79
9215
6188
9184
1
6908
8890
8250
3246
6207
3325
833
1709
2705
9692
3084
8241
5343
2362
4705
9078
4280
3167
3049
7491
6377
4862
3698
6206
4671
7090
7253
4845
16
7181
6259
8328
8165
9966
4479
7334
78
6355
7424
4552
9261
6529
6925
8603
7112
4586
3182
589
5628
1035
132
2153
9192
3210
7354
6888
2769
137
447
8116
8158
4251
843
7583
8150
7231
1053
350
6520
5439
8613
4452
1320
5701
8299
4234
926
3151
4835
6345
7834
4482
4049
9279
2833
7086
9872
4928
4344
4221
3518
1635
2089
3203
5643
2298
9407
9021
5760
4960
8373
7539
6783
5287
4597
304
2516
6734
2193
4556
4437
1977
2600
430
7052
5545
6218
9259
2006
402
7295
80
2128
9142
7187
5239
7166
6038
3586
7247
8124
6987
187
4090
5057
703
8192
8546
6028
364
6633
6425
3267
5610
280
7613
3120
4352
2657
7724
195
7868
8361
2471
2469
1501
9521
1157
8848
4354
8642
1842
6912
6717
9205
357
3253
4677
8503
6392
1437
6823
6326
6970
8206
880
265
5679
2961
7789
3324
9430
3572
8233
3122
6283
2215
5002
6027
1649
2335
4760
6779
7450
534
7357
9695
6268
4186
6154
7468
8551
1800
9836
2799
9325
8248
2521
1960
9067
3085
8421
4070
5544
4540
3997
2905
1485
4838
7008
8609
3473
6010
8433
2942
4450
5563
5075
7738
8168
2604
6429
8307
3641
7988
7867
356
5574
9962
3675
8349
7600
9795
1803
646
637
4266
6293
1153
8768
5362
5881
8071
9794
9336
5472
189
822
1555
2267
9573
816
758
6050
5787
9874
1659
6128
6447
5565
5183
7249
8097
1093
5750
8700
4537
5922
3407
4004
7464
8377
2869
3151
8631
7387
9432
1880
88
8230
5878
3907
4974
6533
337
6000
3303
8099
3819
6940
7856
4780
6513
9538
7745
5086
4623
7380
1778
2200
9358
6841
7436
6172
5088
1658
1835
7871
8749
5504
5904
3077
7006
6148
4610
2523
115
2638
334
7469
3370
6856
721
1116
6405
8265
8388
1711
2388
1947
3914
4559
6845
7842
1604
7126
7828
6947
3830
416
8884
3997
5077
6535
6188
6095
1498
7371
6064
8279
9237
7592
3191
343
2042
4721
2138
4374
4236
4642
5504
52
6308
4585
3601
7808
3987
6705
4156
2208
2774
5879
2097
9677
3843
2210
4710
3586
3405
7672
3326
1479
4741
4048
8597
199
4286
5467
5778
3652
9929
3307
8832
7811
8167
8060
430
202
4233
9259
4839
1756
6326
9154
2038
394
1526
4343
6306
9875
1355
9058
4680
8233
7162
5543
6227
7243
8712
4069
7639
3698
220
1029
4153
8661
972
8863
7581
7207
4645
7245
9510
6569
3749
7806
8236
5037
9483
6546
3846
6185
5575
9884
1435
3091
3425
5865
6367
1703
4981
8607
3836
6739
2195
2764
3797
9872
461
7520
5242
616
5531
9945
971
9791
3074
163
3050
7147
7030
7823
7327
656
6313
4692
4459
1514
2648
6496
3096
11
3589
5132
290
3247
7436
125
3126
6392
8034
4418
299
4819
873
4585
9233
6812
9658
329
4428
2322
1253
4867
3599
687
1553
5607
9841
1966
2211
4479
8494
6411
9811
3073
2723
8462
9256
316
9580
4126
8672
1461
8355
4020
9462
8562
5793
5617
2503
9025
7202
98
8408
3142
9562
8018
115
3240
4818
4745
9014
131
1430
4054
2576
4838
6183
5654
6530
7875
3030
103
9773
3138
8899
8544
2526
28
1340
1617
9768
7076
8841
5172
6035
4883
9564
4548
4942
1519
7558
3015
1508
6515
5338
6472
8655
6354
344
2279
5753
687
1237
115
4271
8165
7667
7867
9261
7179
9982
795
6698
2213
3273
5426
1826
665
8776
3023
3794
9773
6843
3584
1899
7909
6419
7179
6167
6146
7180
6894
4993
926
7908
865
5748
5774
5949
8181
6350
7913
9384
1059
1703
1216
2908
1238
6500
1355
9098
9809
3089
5594
2863
4834
1935
8878
2751
1720
4198
1513
1069
9808
7728
100
6751
9215
559
2004
919
8225
7753
591
8552
4672
3624
8981
9584
3979
3817
7282
9687
4400
6608
804
8928
5409
6574
2744
6113
8535
2643
8619
5120
2242
9998
4697
3878
404
2480
6933
9040
7951
3718
5510
3633
2124
6536
5494
8965
9087
4156
3245
4912
5529
8007
1394
3483
9588
4040
5393
5307
5754
8925
8491
5376
1070
4166
6488
2565
4173
9184
3768
5851
5718
1289
7978
8179
6634
7129
9547
1055
7676
2416
204
1597
5158
8536
2833
1324
6165
2903
1386
7593
5432
9880
4456
9656
5093
6966
6600
1760
3038
3753
1789
7263
2833
9796
7905
441
4088
2782
7849
4862
6000
1962
7811
4535
1116
8377
3840
2038
4864
6610
9558
1869
2016
455
108
3926
6305
2375
3906
1161
9777
8282
6509
8607
377
5620
9162
979
8974
8180
9407
1693
3638
6558
6247
792
7439
3023
6206
4037
7493
59
9206
1164
7481
3769
2436
7250
3754
9928
3083
9936
7748
7586
816
8938
1803
7816
3031
7196
7459
779
4258
6241
644
5642
5648
853
1976
463
8594
9489
8936
3009
2367
5705
903
9819
5056
5478
6347
7179
4623
7538
6306
2780
4624
5276
3774
4758
3763
4037
9687
7051
4479
8674
7764
3543
3865
1643
6383
6033
5364
8114
1854
9526
9537
4077
4393
6680
5033
8010
4517
2695
8469
8411
1422
3419
706
2748
119
5155
8738
1458
3050
4704
5368
5626
1959
8131
7436
7797
5858
860
594
6850
4906
8528
8341
6860
4742
5929
5299
390
5656
7806
8921
7031
5985
7327
4146
9388
6835
5270
7256
5874
2020
9913
7111
9840
1547
6610
8932
9262
6583
9081
4382
880
4479
3562
9708
3158
358
2127
3202
5074
877
4860
556
2099
1481
2434
9088
2366
2411
6198
4937
4649
4138
8041
627
2468
1803
5223
6878
4490
5877
8790
8270
5137
6557
4815
3076
5342
7433
2860
6024
3477
1235
3763
3003
9012
2207
8314
131
4243
9745
1227
348
1635
5028
3677
9491
8745
8165
3845
8529
7959
5588
838
9362
3445
507
9780
5621
3201
4755
1007
1202
9263
2775
217
7888
179
9952
71
6850
881
7695
2662
4507
7887
4682
6853
8780
6468
3598
2802
5665
6475
3660
6012
2652
9307
5653
814
9039
645
3049
919
6515
6963
1362
177
5473
6772
6144
2919
1408
1566
4280
272
1201
9438
7108
9914
6934
2734
4198
1021
4736
8090
2422
4690
3197
987
2198
9098
11
3456
4789
7339
9912
2411
9723
9251
342
3325
3693
1770
6768
9758
6854
3809
1762
1893
6478
9626
1957
1524
1698
1079
1169
4555
3068
6512
9669
9646
1655
7934
4092
6749
1756
9284
8202
4509
375
6005
5563
4555
776
6525
8071
5169
7386
998
5579
4272
6554
7625
5866
9477
4152
6209
7080
8555
5947
1580
9277
9138
6451
9090
6699
9872
1967
1230
4519
2432
4160
4672
7791
5380
7534
4606
4314
6865
802
7119
6788
8228
6196
4727
5917
9900
7144
966
269
7339
6203
9721
6195
6222
7297
4784
3938
9514
6900
8753
547
5205
6309
4323
2834
7950
1066
4061
981
7211
3076
152
8171
8281
2126
6507
7031
8829
9271
8
1912
1136
3403
9416
9703
1961
3912
2226
1382
4589
6991
2537
4471
5358
5448
6083
2367
4399
9424
6341
2580
4088
131
1231
4701
4029
6972
903
1240
9975
5191
4477
6741
8498
323
592
3205
8595
4318
7671
1151
1243
8116
9084
3613
1406
1326
2219
3021
8090
2932
4229
536
3830
8265
2152
6637
1974
972
753
7162
6298
8782
8266
7125
5877
5436
701
4107
7741
5119
168
2329
6545
1953
1065
5935
8373
7137
9418
1259
8091
1853
4901
5962
9130
3960
5375
1268
5401
2590
1236
4914
7396
6439
3742
3514
9619
2350
9987
8733
7505
6705
6699
5414
156
2964
2640
1752
4942
649
7002
7262
6096
9264
6585
6579
3877
2922
9191
9055
9381
6187
5134
895
6693
9971
478
5301
2265
330
4260
2673
2217
8549
4730
1411
9909
5526
518
4389
9895
929
3129
8053
6493
6417
2007
4275
3368
7092
5209
1765
7430
6991
1682
7294
9853
1122
6903
3471
2305
4084
4053
1645
4479
4336
2513
7061
8386
920
1222
2961
6631
3646
5961
223
3272
9344
171
6389
4455
2724
6019
4463
4969
5476
1728
2917
5850
2784
2332
5550
8783
661
2262
102
7893
5504
1071
5404
5924
5462
6755
6214
8209
1626
4944
1729
8420
1245
7523
3634
3830
7974
522
4615
4293
1034
3399
7147
4491
5213
8400
1202
640
9069
5075
1204
8632
3508
2762
4803
3197
2368
3857
5843
9607
2197
572
2521
8924
6999
3795
5296
7934
8336
8345
7976
634
2432
8370
8204
4749
1615
1680
4974
3967
8058
4689
3395
2114
6451
3597
5981
7929
3475
2914
9815
1781
8685
9539
9698
5624
3699
7444
3795
2015
4685
8887
80
2681
9969
5407
4200
8353
1883
6968
8091
2856
7309
1740
785
3496
2095
3108
6278
209
3577
1915
8551
3317
4043
8986
2889
9519
2320
843
1283
7546
5830
3010
7448
9718
7419
6830
3980
8864
2094
1988
6339
9013
6114
9694
1585
7122
5704
3826
8199
7298
360
1312
184
8030
2485
9339
4229
5164
5928
4631
5877
7821
8267
7690
653
9174
512
3736
2157
5073
7195
2964
9535
933
4025
4038
3315
2833
4647
3299
7013
3822
6289
5530
1099
5194
2425
2793
1661
4585
3358
3247
3716
6134
2272
5817
7372
8779
220
8491
4258
5594
2007
1061
8747
2584
8908
5815
1617
6542
4549
5568
7980
6732
2917
1163
3554
8139
4606
6123
1705
6362
4651
4607
9715
3089
8540
7963
3575
5024
6480
4648
9752
8971
4799
1002
2257
9802
7679
5198
4677
9416
2299
5224
9586
3820
4778
1690
7564
7133
9074
1455
6289
2901
8774
6424
4415
4658
4884
7489
1253
2029
8065
7257
6834
3492
6277
8224
3089
8659
7022
8844
4802
7986
7259
4362
8582
9628
6736
3848
7522
7471
2702
4424
9577
7472
3707
7930
4681
6148
8903
3260
1137
9310
212
9546
4412
8861
6562
3045
506
6886
8026
9671
5105
2567
4170
1979
3406
5699
4305
2908
4403
7198
7884
163
249
1861
7048
3759
7749
2062
4661
1467
2136
3534
8028
2226
6189
3342
6761
1764
9651
4222
226
6191
2888
2078
1620
7767
702
7943
3511
6002
8188
6138
3439
2231
6300
6699
3125
3266
599
7269
380
7463
1218
3708
6840
5205
2647
9353
9094
624
4880
5619
9730
7709
7266
8010
2358
401
324
6242
7351
9486
2044
4720
3655
1383
5395
430
5340
8592
7335
7798
9575
7121
8378
176
9083
6715
4581
3558
6433
5083
5729
391
5834
4123
1791
8549
7967
24
5909
9832
108
7838
7897
495
255
9940
9047
6512
6235
2866
4801
4958
3837
6889
1924
5042
533
44
4715
7148
711
5663
9750
2362
6716
3018
7840
1956
4226
3681
271
1886
9540
2945
3454
5665
2982
5946
1135
9384
9977
4348
6280
277
9260
1314
3584
4577
9366
9100
5998
5841
9562
7326
5890
2645
6753
9393
1626
6778
9023
6924
4344
212
3668
8820
6940
2290
7329
7149
8878
3760
997
1923
7799
6312
9320
6917
3516
3223
6117
3131
6539
4339
9076
9839
7420
5280
3157
7735
2438
2088
8713
4699
1729
9604
1517
5424
8726
6385
8899
7513
4356
4678
166
2795
8651
8976
6092
5586
4782
7810
1903
861
5315
4425
5300
4666
2528
9685
8832
7933
6752
106
5976
5222
2664
9112
2093
5287
7187
3057
6135
206
305
2369
5843
2289
9255
5596
1613
1061
4298
2134
1924
6786
5291
4786
2090
8518
4844
5647
7151
2238
9192
1394
2878
9015
3478
3776
7275
8328
8525
5743
8558
7652
1407
1943
104
8026
7326
2077
2482
7131
8341
887
2945
3366
3291
1231
1412
5921
9445
9028
9443
1252
5874
4048
4900
5346
502
3776
4730
8484
9516
4140
8267
9466
5807
8314
5173
9534
2441
3337
1595
1531
5907
6229
4964
889
1762
7882
2149
4049
7496
4086
65
1818
6618
7926
3675
1208
8223
2946
6189
3999
9210
4338
8989
8163
7877
4904
6290
8963
8190
4228
4371
4114
9973
3592
7862
2009
8975
1330
9118
3660
9503
8952
4730
7466
2435
6868
2147
6710
6707
4203
5128
7069
2113
5245
8786
1769
7208
9985
3484
752
4358
5367
8461
6234
9583
2578
5768
1415
9246
2710
8231
7170
4639
6178
5047
7670
4018
8152
7285
1742
5623
6077
3189
1259
5807
5176
2746
2576
1725
164
4313
7022
6628
4881
7988
9745
1879
7716
1234
5767
4118
587
3254
1613
2389
3974
9772
5394
7637
5211
8832
9883
2944
9807
9972
6234
1007
1829
286
8857
709
7281
8554
1707
2820
3236
6941
8100
5210
3835
8010
3741
5330
8054
2441
4835
1199
5195
456
1748
3857
4917
6625
5961
3787
3103
8139
8488
8449
9933
7153
2646
6847
3036
3317
1438
6079
3122
6298
1046
5672
3318
8743
4126
5390
6045
9411
8047
6030
626
7864
8764
576
8174
7429
2215
5287
119
2480
2499
6639
7177
2322
5426
9883
9162
3317
9694
2921
2896
3134
6798
169
5839
3247
7035
25
5006
5302
6801
4681
5075
8622
9484
4026
2699
5329
5812
4974
1672
2847
1559
6050
7045
5969
8729
6908
8034
42
7952
2252
3769
8267
7291
6398
3963
4536
4687
854
5302
8706
3115
8145
4905
8764
7036
1630
93
3236
5388
3082
6947
6570
429
6159
9354
4673
2865
4808
499
7026
4066
8733
3207
1886
9219
1006
5443
4392
5968
3596
9071
3388
6328
3480
2826
8023
9476
6102
4470
9046
1434
2774
3816
680
464
8475
3081
4863
2605
3314
2392
410
1731
505
9692
2590
8190
761
3985
2369
3512
8159
9713
6083
8228
6165
5957
3508
386
679
4335
7622
1688
7713
6203
398
9991
4434
8178
1907
9009
9607
6541
4680
9889
6839
347
1574
9878
4354
6314
6201
8851
2836
1085
93
4182
4584
210
8214
846
7334
1895
1638
1076
2573
6086
7438
411
970
2827
3228
5207
6571
3445
7407
2229
1742
1491
1820
5856
9031
1630
2741
7551
7449
9482
8474
3852
7992
4865
1483
8639
3968
75
5233
6327
8441
454
4126
7231
367
7863
1280
2519
5116
4561
3776
3618
8326
5239
5940
794
6608
8749
5995
723
2461
3723
3578
3959
9959
7812
3628
2013
6487
4516
135
6609
2222
9671
9207
8241
9978
2624
2134
2195
1163
9379
9726
8660
5251
4333
1908
8932
5330
1482
7486
1407
1992
796
9326
9948
1887
6972
4699
8937
5139
2909
3912
8283
8161
5924
1251
5740
5103
7554
848
1392
4243
5679
7257
2040
9357
2564
8942
8160
4496
4452
4742
5160
1636
7177
170
1813
8108
3035
6526
8100
4198
9150
1558
8645
7840
879
5382
9711
3885
4514
7216
158
1636
5761
841
1256
3670
2744
8326
5923
8174
8783
3734
6327
2730
1188
8488
7660
8828
2031
7982
876
5071
8287
7301
3383
2002
1940
22
764
745
7550
7884
1647
4936
3813
2678
2501
5496
5266
5941
3738
6811
6903
6599
5969
5100
9909
8084
7797
7382
1772
3294
5634
1935
7582
6973
9388
8194
3837
5456
8202
2169
4608
2358
7557
2182
4200
2421
356
1289
5718
3727
4031
3098
2496
8709
309
4012
8715
5039
1848
8891
1756
1675
8084
3725
3500
7734
1103
4876
2103
4632
4678
7647
7603
5164
5453
7013
3179
7783
6064
7262
7136
9620
6127
4358
1450
8330
8023
8528
5527
2932
4577
8734
2200
9893
4336
6216
94
3321
1289
566
2586
984
9945
6622
2656
6024
3524
1604
9728
5067
8486
9897
8257
4192
1353
8708
2967
6796
5601
413
7341
9002
1418
2100
4926
5847
2237
265
9976
3726
1916
7101
3000
6839
9786
9660
7417
9934
6711
9252
2988
2506
586
2102
7344
8740
3117
5673
8230
7335
4021
7720
8192
8675
7222
8239
8349
3831
9506
7986
2753
2824
5372
5294
7330
5042
4683
204
7716
786
167
2350
6929
3459
5837
7230
2208
7753
5188
8094
4624
9342
5778
4949
8184
1993
6536
7396
9061
6380
6437
2505
2291
6113
8580
427
123
6270
4268
1470
230
5051
7751
1137
5522
5310
184
3116
5943
1953
1730
3965
2087
9320
4835
1467
9428
5435
8884
6972
1792
4264
9964
7153
2938
8311
6866
7296
7042
787
9071
9618
2095
3934
1086
1072
7759
6363
1389
3289
4395
2527
6591
358
5200
4314
2218
4409
4976
6435
5927
3366
3114
42
8612
5017
1549
9979
5005
2364
6263
2905
3037
5752
2410
6074
7146
9834
1298
7828
353
5751
4635
3481
4944
6808
8956
6207
7588
1261
992
8118
5266
2286
3619
821
5043
1385
4704
4844
3726
771
4704
4035
2652
6697
4605
5239
9059
8093
5894
275
4550
454
7117
5803
5771
2861
2562
3470
7423
6483
7855
7186
5235
9742
9889
8949
4948
4004
2917
647
2039
5610
7646
1965
2027
9784
6613
6645
4650
38
1313
2692
4203
825
3491
1964
3943
664
8183
753
3844
3971
2487
7231
8055
2801
6474
4045
1280
3319
1840
2924
8166
7529
646
4338
6975
4425
6893
2346
1587
2125
3433
9138
1232
8970
4538
9247
1832
894
1288
4037
1127
8889
7711
4198
8752
8389
7977
8237
7860
2637
346
6964
4115
7606
675
7387
2821
1932
6737
9602
1833
136
3124
9983
8822
4003
5864
9878
8266
3973
6605
6760
6163
4671
3160
9462
8532
6396
4932
8924
6267
6666
9516
5800
4020
4192
3456
4162
6039
3796
8360
611
6956
5853
1336
2562
7929
6219
917
3905
2964
1954
9391
8905
8270
5082
9052
7447
6150
5142
4045
9666
7527
7742
9419
2924
7330
7499
4187
1183
7021
8272
8833
4212
8984
5961
3321
96
205
9399
6137
2401
4938
2729
6689
5673
6559
8848
3902
9437
9817
2674
2768
7281
5924
3068
8818
6063
1793
5500
9989
9271
1245
2163
570
4110
6970
2169
2212
4742
7377
1982
3762
7840
3712
8180
8125
7228
3123
6850
8044
7577
2291
4579
3722
9049
117
7613
1090
7204
4292
3719
3349
3444
897
5958
1760
6562
610
421
6316
2997
7478
3324
14
4429
72
8318
9848
7738
8733
9702
8502
2906
318
3079
2258
4250
1763
4814
1977
2642
2594
2332
4608
2499
2118
4123
6395
2031
6943
3923
9543
4880
9799
6482
5845
4709
4274
4331
9019
7864
1976
181
8269
6026
8364
5098
829
2222
9657
9796
618
605
4758
9676
3351
7900
2898
7096
8140
6040
7929
9413
6106
3578
7051
7555
3201
4144
2131
6731
24
3064
5268
7226
2744
5527
2782
8478
695
4929
2379
3118
6917
6560
2684
543
9668
9266
5754
9102
5915
2431
3692
1503
532
1435
690
9602
7572
4840
362
4969
8381
5481
9192
1571
9170
5778
4547
4850
4750
542
4004
3117
5207
7055
2987
5791
7312
3291
1089
4470
5983
8704
9599
4353
7149
2331
4580
249
1116
8271
5050
8185
4005
4430
4477
7916
5933
6529
6465
7470
8736
2905
7545
7626
6911
2182
3020
2668
4376
3532
6665
4211
7935
9555
2568
2987
6312
7923
1216
7579
8166
9281
4445
2904
9653
9987
97
6778
8512
9156
3293
3939
5259
4554
8091
3099
7897
3419
7789
8956
4269
2817
1137
9001
9366
6402
6927
8415
3547
7720
7646
1735
5909
8924
1645
849
1278
7275
4733
8274
645
9647
9404
6264
2894
8933
311
1382
6522
3108
5669
4526
6445
5225
7465
1219
5002
8268
3935
2198
7248
2129
3009
6849
7964
378
2808
7950
2194
6622
3552
3845
6034
6552
6916
2298
9003
2800
7881
2608
9003
4998
1125
8633
7508
4810
1771
998
3201
9956
775
485
3792
9058
9567
9542
8643
175
7710
6987
2606
6327
9055
1448
5314
1083
8429
876
6235
3300
3204
8810
7966
4691
7948
5419
9100
8248
3180
3288
3157
9707
6225
4297
5768
4116
1676
6806
6825
9759
5219
321
2890
8447
543
1469
3618
4306
2189
5378
1198
8723
9631
5445
5066
5167
8927
5396
4753
1835
724
7993
3515
8997
2564
7148
5260
4685
4373
4142
9711
762
3642
6204
3625
4378
7097
7428
739
9478
2546
3432
7747
5984
5879
4160
4462
5349
6414
4724
1437
7767
7216
2729
2070
1368
5972
5545
213
5541
3189
5029
6279
5222
998
4038
4452
2695
1402
9726
981
7466
1204
2550
7025
3163
3476
4716
4338
9713
9515
4589
1418
6634
7062
1865
523
610
1646
6505
2696
72
1348
9290
2168
4009
9353
5709
1478
7024
4345
9256
5297
5618
5199
1348
9658
8661
6150
5865
8210
2480
7320
1755
3912
8130
2197
9383
3432
7453
3759
8007
9745
9931
4165
6595
7565
8183
7338
7695
5338
7551
7449
9107
1689
2616
8119
7971
5684
3289
4100
7792
2619
7746
7272
1588
8512
2176
7964
3292
5544
1367
850
3189
9971
4854
6521
9017
3144
7195
8123
4186
1325
786
558
1687
1893
2331
5658
5141
6355
5981
4216
72
3744
5911
1489
1037
8760
3142
898
93
3870
4416
7527
8776
5636
3565
1822
4789
4847
1339
4522
6582
4523
6908
9522
9823
2756
7336
8446
2887
5734
5105
6908
3846
5688
2061
3048
6092
1932
1536
1018
9190
7930
5175
8988
2963
4016
3131
2145
9123
8562
1449
8722
542
6933
862
9490
1662
9361
8640
9896
6498
2052
6941
3324
267
9761
3810
116
6916
8491
3966
1094
3207
8328
3666
9595
434
557
4604
5009
5055
4129
666
696
9891
5599
3179
1348
5608
6176
4509
9231
1955
8771
3621
8895
9311
6192
3993
4666
6285
4464
3680
760
2087
5859
4600
7470
6849
6144
3497
5015
5866
2146
28
7411
953
5699
3844
3368
215
4237
6199
2058
5014
8485
5605
5258
3966
9734
3786
5228
7687
3732
2026
5205
3092
7441
9379
6949
9364
4922
8504
7535
3012
4227
3663
228
1651
4246
6889
7827
6839
8223
9697
4810
7774
1006
4692
4032
3547
304
3014
8744
2854
806
2620
1130
2763
3711
1548
6001
9092
7502
1092
4329
7145
4313
2807
4108
8101
4216
7122
3184
8059
2551
6084
9442
3942
6779
8203
8704
3670
237
5114
9461
1758
9305
1015
7809
8104
2728
2627
5080
79
5282
2944
8073
3856
9022
4821
355
177
6724
1061
2693
7847
4224
440
943
7333
8895
1185
8449
9277
7567
4102
8580
552
9622
8572
944
4646
2385
470
7132
8793
1972
8082
2086
8354
3357
2239
1458
9095
7032
5181
2745
6218
4074
624
6563
6320
8278
4889
6865
6588
8055
7309
5462
8499
2649
5062
9493
7761
1531
67
1834
2487
4256
3708
9223
8489
8656
7360
2296
8828
1610
4050
4220
5158
599
821
1887
51
1602
492
1894
2569
4956
5761
1822
7575
4889
3565
478
5234
6249
8281
7594
751
4963
85
4172
961
4084
4869
8724
2634
7184
3059
797
5631
514
4244
149
1614
7317
820
6483
989
1626
2130
2681
8284
3110
7395
9761
375
7046
3498
1262
3159
3893
4108
5230
2402
2228
2607
6629
5236
6718
9019
8994
4289
8198
886
7750
2960
7540
5521
3319
5008
8459
1821
4680
7830
2321
7882
4840
9794
4040
6367
6315
5824
7842
363
6858
791
75
9928
8449
9674
8082
1448
4882
4706
6163
2405
997
5488
650
5221
1462
4790
1919
2594
7879
3862
5215
9653
8892
3862
1262
2910
1874
7233
5823
7626
451
9268
3995
9375
4536
2580
7299
473
5241
2747
7910
3288
9436
7927
4196
9422
2389
3069
5050
2840
4642
4657
6219
2288
9444
8031
7076
1913
9520
6423
9606
6106
5452
3996
3499
7602
7472
2285
4409
2556
4472
6811
583
6482
4482
3132
9249
7248
7087
9439
1556
4659
8685
8842
8674
5839
2011
7061
5564
8090
805
6530
8983
7291
1798
177
2840
2070
1593
4349
474
4478
2899
740
6426
875
761
8420
9033
9999
8083
1396
2488
4654
51
8196
9247
335
6810
7925
1965
9266
7278
3198
7398
2130
2561
3793
951
5547
9562
5689
4303
4548
3926
1579
1562
3939
5430
7997
7104
9194
7673
8512
4979
6320
5815
5233
7428
5490
2105
4518
823
2760
605
6283
6022
807
2962
9139
3084
5787
4377
9361
6146
4522
8545
5786
9271
2694
9138
88
3528
1634
2971
7358
8547
317
2422
6279
6264
7600
6895
7672
259
1553
5899
8691
6749
3044
8422
152
5467
9936
3212
2691
4757
1111
7472
5855
3371
2845
9439
68
1707
3282
8193
7338
5649
5543
6324
3062
5526
8692
9431
1011
4749
2216
946
2470
1880
6880
5153
1789
426
7062
2714
1252
2230
7028
8595
1101
4330
2365
4196
5605
1697
2793
6936
2977
5126
4215
1920
9914
8083
6926
3130
6912
1645
6713
1132
9777
1753
8323
9111
8499
9281
9828
7745
3244
8782
6386
8214
6535
2984
7059
9308
1275
7837
9397
8905
3356
1163
5557
8874
679
9717
7975
5165
438
3407
3496
5084
7248
1200
6285
9037
8854
4935
1858
2528
7896
4472
8458
6836
744
5056
733
218
1470
7148
9435
7416
8129
1670
4503
4685
282
9759
1131
5663
7832
8460
427
9080
6244
1130
1707
8572
1874
8278
9215
7597
5954
321
4250
3371
5070
9100
1984
8151
5441
7247
4063
9745
2398
9666
1962
3229
2028
2494
7356
3825
9145
7351
7275
873
7014
1234
9050
1807
3517
5988
1435
211
1380
2654
7530
8772
7675
8620
6937
281
2511
4059
9903
2172
9240
5370
5833
4164
6791
4073
1511
1988
8408
8614
1031
2837
9190
8429
3391
4621
5874
4471
4745
8036
943
4380
5468
2444
7309
8259
3521
1603
530
881
8179
4027
6403
4455
1232
9046
8691
6534
9554
4721
3904
782
6659
107
3508
6416
1120
112
519
2563
5543
8424
3453
2776
7616
3724
7605
6576
814
7944
6361
5353
2715
1998
1595
5276
6000
3979
5421
8245
6031
9928
5046
8891
6752
4596
2692
9036
6574
3704
5973
3088
7029
3533
5260
7102
5476
1934
4000
4563
8794
2435
14
3403
3316
6518
6537
6206
1037
3635
258
2460
8947
4266
2289
1142
3347
2462
7448
9594
38
8224
3485
8584
6591
5086
3297
713
6497
1838
410
9025
5546
88
2044
1394
5777
4497
7244
9800
8081
5277
1135
8178
3651
2364
9171
9622
9281
6078
9927
2421
5462
9209
7742
6163
7441
7210
9810
7873
7688
3010
6486
3641
6002
9081
1569
343
3338
1416
9892
7119
3518
4971
2783
494
8636
450
7435
9302
1860
6765
9258
4066
8276
8849
8559
3665
2820
9620
1742
2157
4472
6819
6064
4186
7516
4441
6357
6898
8424
4956
448
204
7662
7886
1508
1947
3879
580
8105
5377
5051
1616
4532
8131
6734
2981
9929
6132
6891
2767
8979
2243
7860
2850
4039
9231
3492
4993
5991
2818
3601
1363
2625
2141
4903
177
8794
7362
3953
7249
8488
4510
5976
9115
5015
9896
7524
7412
9741
7947
7049
9857
9842
3685
6083
5431
7791
9527
7974
295
1828
6418
1655
1596
5443
5901
6338
1040
4348
9647
8538
4073
9334
3446
6231
1806
646
598
873
6018
3360
9345
5257
9207
8834
1742
1491
789
1266
6874
7087
5870
2732
7374
7967
2718
3974
9074
26
1701
2023
963
1960
4933
3643
9869
7670
6572
7865
3822
2245
7759
7309
4231
9560
7492
5255
2317
7499
2930
9240
2990
8046
2348
9852
320
4942
135
8923
2
2501
5719
368
3164
4012
2812
3085
6615
3897
2260
9860
413
7594
1531
7757
9322
6141
6494
7863
1677
9833
8511
9060
1490
3806
2501
7536
6391
2443
7381
4375
444
2620
8657
4391
4681
678
207
9401
3353
1881
6668
6808
2995
6834
8022
7474
5650
4180
4874
5043
3525
1
4210
5069
3699
4153
1230
3048
2771
4817
1692
8803
8170
5263
7588
6854
3579
8301
9383
7057
4408
4297
2228
7529
8668
4420
8365
500
5139
5614
8772
777
7730
1813
5562
6532
580
8722
7205
9867
8358
2379
6788
565
3246
5944
5619
7639
3105
8111
6053
3369
9216
3288
3634
815
9318
6208
3545
7729
6187
212
9039
6235
5374
1211
3857
9361
2090
3302
4630
7196
3038
5786
