3775
6625
3688
4408
7364
154
4809
3357
1692
510
6474
4812
4260
9463
1551
6514
7221
7570
4657
8372
6541
246
580
8520
6217
5656
6994
5564
2647
630
1956
8553
4910
5875
3288
9160
3893
7914
4256
9066
4332
7816
7301
4297
6838
6911
2921
7214
4148
3919
3864
2254
3879
4142
1312
6176
7922
6394
735
9322
6748
2854
9659
3114
5450
7670
9821
254
1986
1843
5393
3621
3387
1269
7828
4012
2863
9219
9694
8278
9739
9976
3245
4306
4641
7473
5026
2656
6169
8998
2865
5775
3984
2191
2652
2172
582
2205
3281
4109
6401
8617
2968
6837
1366
3881
406
233
4720
1684
552
179
7294
8242
6638
4078
6375
304
3464
8241
594
3867
7854
6547
4333
9599
8775
6125
8844
3336
4473
6720
9428
5510
7732
1687
2511
5105
1779
1743
4079
403
7356
2291
496
7786
5512
5545
5069
2763
1676
7011
3101
76
343
1747
193
8101
8323
4591
4101
6428
5932
9773
1524
4297
5075
1544
6974
4011
831
7665
7612
3456
8815
5774
5667
9500
3244
9561
4282
8571
5530
5776
6802
6448
7286
4418
3226
2928
6866
1726
423
8110
788
7223
9651
8041
6635
4139
6864
7006
5833
1719
2099
723
1831
5322
2958
8567
3121
538
8165
21
1400
2476
8064
6416
5969
6442
8502
4285
892
3260
4376
7625
2703
3293
4883
3162
5606
9222
9230
6325
3963
7090
3622
1215
5290
494
4550
2754
2341
6093
9225
6808
7314
2410
1199
1799
5351
4953
6330
9866
7029
4394
1675
8724
3841
9991
9904
4406
2919
8595
1231
6641
6491
6616
838
6921
9835
5559
1217
2983
2683
9638
7885
3516
1745
9140
2942
1722
1982
5476
1158
633
5621
9122
4510
8754
5259
3364
3947
3509
4673
5535
7732
8220
2122
7884
2831
262
898
5695
4628
8040
7671
3357
7891
2493
5138
2196
6337
5615
8442
6330
2065
6792
2009
4866
6349
1545
7876
5874
8087
4244
7624
8350
991
2461
7942
5678
6687
6728
5546
6128
6004
7398
5837
3288
7815
734
8525
6376
8885
4035
9084
7293
229
5755
1597
6100
1185
6829
8666
5733
4351
5735
7793
4815
1838
9207
6328
7120
4147
8244
2686
6820
2480
7490
4079
6961
3732
2696
559
208
5937
1499
7948
4404
9261
6390
9795
7122
7289
4292
5998
8032
337
752
5468
2112
7637
8119
5015
3354
5177
4159
3242
2340
2168
6392
808
6972
9975
7722
6130
6205
5299
999
8200
9336
4867
3992
8097
1028
2744
2621
154
6974
1041
3535
8575
6268
1698
7097
2808
4206
3106
8214
1075
6926
3134
6823
705
5687
7061
7677
6977
9809
8351
9106
8660
3376
1584
740
6982
6339
8081
717
3236
1151
9621
4288
1197
6771
408
8549
6480
3458
6536
8708
1351
213
7732
4466
7680
7499
5818
7595
6637
1378
3432
9580
3453
4595
8694
3231
825
7807
4641
663
2910
1243
1670
7
3890
4842
5887
9428
5575
6627
7291
8145
9185
1528
9507
5941
7480
1987
8946
6424
7673
4757
5260
8943
9986
2846
4014
1896
1058
9963
79
7356
1733
8636
3431
2532
6452
1728
2303
6788
5338
1552
663
4316
7013
994
6263
4813
4131
8815
1496
227
9436
8099
7752
3757
9344
659
7393
2258
9313
6059
9884
1001
2677
3922
6162
7524
6505
1601
6421
4340
3897
7637
5775
8124
1877
8436
9921
7010
885
1065
7002
9552
3550
2788
6757
3529
3768
2778
49
8072
3570
3698
3268
7310
1985
8122
4174
1580
4771
4217
6799
3935
4012
6098
583
4569
8606
7601
5036
4302
9906
6498
7645
4816
7882
8081
821
7986
679
5373
9515
4542
7330
3958
2596
1933
4363
629
7615
2571
3541
3253
5462
9649
2220
9365
6212
4334
8150
7550
4879
4392
6110
7797
1576
8244
5979
9697
9030
5228
8513
3637
4646
1095
5694
8492
882
580
1823
1561
1873
2291
6743
7561
8100
2131
2574
8416
8235
3267
3125
2285
3449
2037
6376
3516
371
3286
6940
3326
2236
7081
1688
3977
5150
182
2954
2225
8651
4891
1189
3109
9219
7071
9090
9911
5051
8155
3648
3784
456
7621
5558
6659
3122
6721
3920
2324
1407
9296
2077
3192
6452
2632
4478
7362
5497
1666
6390
2641
6605
3516
7561
3672
5630
3300
1310
8403
6579
237
929
2463
9309
9332
2269
1150
8730
7279
4027
5068
9636
4458
6228
6136
8208
8650
8435
4693
6688
1736
9071
8620
6883
6784
3115
3338
8876
4700
5820
4200
2180
1582
2290
3229
345
5549
8652
5364
2297
7773
8553
2819
1091
6896
6248
4311
1505
1021
449
4962
4313
2823
7942
1924
3972
6286
2976
5222
5232
8116
9414
4960
1824
4950
3494
7566
3707
6105
6184
541
3777
6630
8452
9170
4352
7576
4081
6711
7600
8296
875
3407
3787
5061
3895
9932
2257
4803
7933
6878
8118
2895
4559
5727
3130
4078
8071
8286
814
8460
8232
3509
8476
1001
9598
3516
2208
4119
4133
1213
3861
1361
701
9444
5109
4443
4642
6396
1766
1996
8342
2688
4965
8105
194
7976
905
2887
1153
465
3588
5716
3931
4504
4402
9024
8636
8076
2651
6039
2352
2260
3692
3088
9710
2261
3321
4026
1517
6978
6402
365
3517
9599
2656
1915
9593
4760
2869
4897
6872
3574
8422
8590
6939
5386
6809
9147
4687
6444
7734
5439
5043
431
1833
7631
7547
4286
8623
981
9226
2761
2389
7743
8610
4681
7978
4085
7240
8185
7026
2870
3933
3527
7026
6188
4699
143
3034
6763
7602
7772
2089
9465
2519
3492
1566
6272
9051
6586
5553
1182
2818
3347
2971
1143
3136
2881
8437
8140
2313
6373
3571
7637
7541
5924
3462
1565
7078
6386
7178
8205
2944
5174
7320
8222
3183
7027
1367
8504
2760
5318
5203
9861
9017
6862
7173
9632
9088
3530
4345
8135
4695
6708
4088
6327
8685
4181
6982
6131
6319
9539
6342
4234
3857
5217
4639
2277
678
5802
6094
7437
8028
8052
3080
4798
6884
36
7199
8646
7759
9341
31
1199
1429
9599
9533
1530
3729
5635
6947
1939
2982
4990
2630
877
8847
6115
7552
4886
599
70
7667
6236
534
6931
9942
477
1066
6810
5312
3159
5810
5208
484
9954
1167
4150
9543
4417
6977
9881
9761
4710
5165
4627
1588
8143
8957
9966
7250
7249
5309
9567
8681
182
4075
5409
6579
6963
9979
9037
7075
3054
1806
6400
6478
5555
5209
2070
6917
518
2782
8579
8226
1515
7665
5241
6012
4111
2964
4134
8703
2211
1270
4871
2841
9068
3743
1905
4532
3349
7475
6466
7158
89
3756
1774
4140
7496
7854
4706
8495
5551
3006
4779
9382
5100
215
1035
7257
60
9876
2085
5157
9999
1816
2550
9363
2597
2010
9398
9095
8604
4463
2079
9911
2866
4828
3535
4419
7130
5932
7051
3587
1467
9692
4666
458
1212
5987
3066
743
7311
8792
3552
8565
6746
8244
2937
2892
875
6075
9195
1516
780
6403
7140
891
6274
3850
2434
1798
4093
8775
4234
9455
361
9791
9679
5243
1113
7741
7879
7725
5905
166
406
2770
5470
4297
7744
758
2681
8871
3705
7204
4463
3559
9536
2072
396
8210
9447
9957
2425
5853
6472
2217
229
7173
2134
1747
8411
606
4823
8405
5243
5603
2886
628
6887
9761
2524
6523
4355
5143
8199
4887
7463
9041
2578
7338
6101
2023
5567
6184
2192
9336
1483
2346
8963
3261
8395
4786
8156
7065
2415
6294
9356
9624
1695
5267
3502
374
2662
8824
2633
9533
1816
5924
6244
4182
2764
962
9830
2366
7731
7092
9465
7524
306
8519
3356
7342
621
9019
3278
7878
3310
8306
1894
2577
8234
8581
231
376
7618
1579
507
1303
5875
4925
9399
4223
6605
313
8667
1679
6697
6653
7547
7466
1835
4607
6507
3440
6334
7313
6555
5003
5468
1681
6418
7926
4837
6613
6587
8657
2262
9613
8915
9981
3731
743
910
7037
7474
5176
3586
6505
9054
4848
2855
46
4386
6417
5942
3279
3348
6936
955
8301
8782
2696
9322
6517
6738
5852
5452
8720
1460
5951
2781
2352
7627
9925
3673
5216
4448
8168
1163
2991
8712
5615
7574
6388
8776
3253
2794
2307
3036
2060
9944
2972
5177
4864
7735
1101
1365
200
5243
8751
1246
5454
4340
1006
3145
4860
4881
1523
7298
9123
8431
3895
5990
8290
9027
5592
6311
5156
6303
8564
4712
8654
2740
3760
9695
6199
9738
9488
1872
5910
2665
697
2420
4773
2878
8992
5825
5804
6211
5355
4649
7349
7312
8588
3554
9161
379
3566
5629
5681
336
3768
1747
1421
3900
3542
3628
8324
7221
5904
2777
6894
783
4094
1094
4369
1693
3161
9995
1756
4328
9415
3619
7622
1615
4921
643
8578
1795
8624
9914
2346
4198
5866
4737
8107
938
2972
7485
1494
1554
5531
6728
3470
8249
1311
6482
538
6628
2779
2852
5493
5860
2359
144
9007
3398
5378
829
6674
3702
2995
2434
1839
8911
6394
3444
5207
9063
3612
7253
1450
7973
3972
3482
3339
8259
4098
7243
6867
3089
5319
6307
7464
9664
8990
7131
38
4487
4920
6919
6928
2474
3007
9018
3571
7845
5617
2942
1159
3202
7233
555
2713
9539
1336
3602
2892
5227
3459
2359
3331
211
3355
6598
7937
4911
5514
6882
1437
8350
1926
7666
2300
8229
5034
4815
3951
1806
3217
4017
6293
5203
4952
8302
4095
7633
5244
1583
9723
8888
2145
6169
2383
2593
814
6659
2399
1635
966
4809
4600
66
360
1386
7781
9662
275
8865
6620
5268
5201
8132
3798
3164
3868
1758
1274
7595
446
6814
9917
26
7253
8340
6480
8292
2826
9558
1744
1742
3200
1524
2909
8246
838
273
8876
2688
9152
6577
6240
8930
3958
2077
8326
412
6254
9299
1426
7913
1844
3676
6279
1754
6144
6371
1151
5767
7301
4628
1795
1244
3442
2385
5939
2947
3169
7978
315
9739
5835
6356
4542
2052
8569
6184
98
6622
1247
4237
1903
973
880
3208
4953
9043
4944
2268
1335
8726
4275
9989
4382
6892
2895
208
210
8858
4812
1475
6615
5710
9262
1778
5129
1076
3849
3689
2191
5050
8728
8916
1469
83
1222
3117
5839
1053
5015
5128
9269
6899
7745
4456
4494
9677
6259
2405
8097
2931
5516
8946
7190
2218
8267
9379
3512
997
8901
9035
2733
9085
7085
4885
5581
6023
8654
9193
5458
9919
2743
1488
5006
2382
5597
4108
5113
4817
1216
8185
4110
9785
3555
2752
2592
8183
7167
961
4555
628
9960
1507
1045
6985
1900
3104
1440
9088
8513
3402
4247
5991
8636
6558
8074
5749
1712
2562
3889
3401
1663
1601
482
1678
8515
5866
5729
3100
7742
8796
3050
7772
1894
286
5416
5015
4649
3278
2746
8218
8318
3218
6234
5472
3178
8365
9574
9159
4988
7000
256
4576
8417
7717
2755
2734
7045
2132
6352
3212
1879
3356
8291
823
3075
4420
8968
5157
3351
4895
9426
7285
5283
1439
5328
5820
7601
4658
3178
3498
6815
7384
2236
7451
7833
9157
5434
6537
39
1558
2576
3442
9908
5117
1927
7787
5589
2749
5430
58
896
6083
1705
3853
766
9686
5152
3332
9477
6903
5092
6629
7271
2001
1301
7333
9028
464
7882
6474
2560
6821
4943
8552
5101
2345
1186
5413
6336
8844
3710
615
3785
8710
5894
1371
2956
6872
5181
5410
5973
692
8024
476
4466
3744
6864
3353
3093
7208
7500
5507
7768
9126
1193
1624
5455
9410
1050
5072
1512
4333
9233
817
2492
2686
492
4043
1855
1398
6916
9336
8285
9840
3946
7430
8721
5494
6494
4376
8788
5901
3942
8605
9670
9248
7310
2209
7288
3930
3748
7420
7913
9452
8190
2471
8640
279
9960
6389
5345
6283
6238
1334
1060
6596
4917
2170
122
2865
8713
3920
4381
2632
6134
2033
1897
4962
5752
1059
4457
9828
7304
8996
7118
194
8615
8357
930
7251
5770
4815
9331
2851
7691
6101
2903
3724
6439
7680
7283
4324
1720
9273
9819
1875
4891
4550
2634
1433
4303
8166
8858
4837
9500
9259
9861
1987
2745
4098
6189
8086
3816
1339
2809
1909
2431
8509
5875
6733
3235
9738
2426
6586
3560
4329
7859
8251
8540
7084
5008
3258
5461
371
8316
4591
625
6574
8741
8460
1102
4477
6680
8458
9673
9208
2371
6614
1660
2712
8736
5740
480
2083
1024
4243
8207
5609
502
2164
6717
7288
1449
597
2192
5387
4031
1590
6204
382
8102
5323
7325
3943
7463
3720
957
2979
1940
5238
7611
7195
4178
603
7021
9123
5055
1108
2048
6457
278
7819
6875
2053
4735
2027
6327
5650
1387
6578
5309
6339
3614
7256
8333
37
9782
1184
7107
1607
2618
1200
8894
4639
5405
4403
5628
8718
5154
4914
1198
4983
4072
5827
9062
9382
4609
9312
892
8926
1417
9418
4098
2558
572
4683
1655
1157
2427
6325
5858
6009
6577
8389
3480
3189
9312
7452
2718
6485
2729
8731
2431
8084
4195
6741
8895
2836
5117
3719
6045
624
6371
7189
7288
829
75
1624
9882
2655
9124
8545
9946
1770
2797
8423
8717
5161
7566
4511
3774
3717
6919
3373
9893
7887
7834
2716
2729
4331
31
6560
5041
3768
1413
6557
6444
5822
5411
7674
7090
198
2753
6405
2222
9281
4342
5982
7394
8411
3357
6429
224
7512
8576
305
5124
3389
272
4397
4560
603
1267
5742
3938
8394
332
6406
4345
5520
7367
8751
8852
3411
6710
446
6935
7827
8584
3787
4470
5793
5041
4423
8642
8458
7537
5164
6810
655
1015
385
2505
2443
9892
7630
8856
1299
6301
7931
4904
5349
399
9587
8520
9441
2105
2963
8315
9991
2670
8943
7558
4375
480
9340
1437
11
7856
1201
3013
7291
1612
4772
1268
4906
1923
2543
8714
2199
1191
7910
8097
5505
3821
9978
8348
2959
8092
5781
1904
9546
2967
6067
3375
2322
1267
9914
8743
4486
9110
8776
3805
4987
2203
6774
4302
8927
1614
1524
9738
3905
3373
6540
993
500
4618
1746
1038
2127
3905
4400
6594
1878
9815
7894
9286
7517
1858
8509
2893
3196
4310
6259
9234
4250
876
2636
7463
6022
6787
2087
2924
685
7928
5605
8192
6212
4969
7956
1188
6824
9164
1666
9200
6928
5908
9825
640
4635
5469
5283
5774
8494
9328
4113
9113
123
1430
4209
9839
4638
1436
4055
3323
6584
2088
9465
421
9753
429
5706
2017
3303
8731
1586
3302
7740
2535
5724
9398
8444
9183
1496
2985
4389
2318
6513
5291
2530
9024
7766
3909
7079
7850
5866
1290
5031
7164
1432
4824
8737
4254
2971
1957
6090
4210
9505
2920
9609
1020
3345
4012
428
6465
4080
2973
5619
7709
1501
9020
3687
4701
5305
5793
8526
4334
2746
6899
7450
7878
3746
6225
1763
9671
4912
3204
1439
808
3123
9954
487
6464
6723
6230
3487
7537
40
1536
8318
8167
4254
9939
4194
7003
9467
5538
905
7998
1238
8619
333
8069
8952
9349
5864
3329
7926
9602
9205
265
1895
2626
7253
1595
895
9352
2594
2466
2386
2268
9254
8242
9284
5115
3799
6678
3574
567
474
6795
3319
3961
929
9015
3139
3296
4359
9453
9764
6817
2766
4278
1279
2296
8971
684
4983
6784
6490
9860
6151
7651
9155
6738
1522
7981
510
8407
4907
6031
2148
3493
3782
3170
498
8303
6954
8058
1483
8956
317
4579
5508
629
9227
2493
9933
4862
9965
3216
4653
9550
3255
1080
6615
940
1633
4360
7198
3041
5370
9608
2439
5883
8331
3891
6736
5691
8953
6465
1727
3478
3069
8570
6278
3727
3280
4186
9780
484
5034
3665
2039
1169
9519
7317
3815
1617
23
6437
4157
1469
6215
1835
6205
8768
2238
2107
3495
8167
3696
9017
7090
3361
5279
8885
5668
3625
7125
213
5669
8536
3630
7776
3488
4128
4776
7716
9627
1625
1231
328
2254
7674
9768
6700
5960
9806
2927
4941
5042
1017
7798
7995
3427
5717
4709
7235
3075
7914
4751
6330
4745
2551
9755
8601
4935
8637
9679
380
1642
9259
9693
8958
8931
9755
8657
2014
6419
4965
1629
3061
6506
2260
8724
7184
5395
1736
9205
2051
9118
1314
1931
5916
6515
312
9047
2646
4872
9829
3137
3756
6429
212
3213
2079
4710
8708
5695
4439
7719
7092
5966
5920
3813
7446
3631
3722
8932
8051
2202
5872
6969
951
3945
3376
1671
4846
8216
9621
3188
4157
8145
8262
9043
1615
8942
6030
7276
2372
4754
6977
9043
4921
9412
9059
4346
9876
3726
6329
1865
6230
7147
6691
3891
5615
5113
2737
4126
3301
231
4649
3997
3506
8622
8950
1531
8370
4491
3552
5360
7965
7562
7176
6339
3496
2374
8534
1868
3895
3944
4695
952
7622
2942
3294
4950
4608
2372
781
8927
3992
4938
8977
3284
1929
9591
9950
7039
1864
9974
9163
9549
5418
5509
1889
9868
9467
703
3191
9072
3059
3323
2940
6813
1640
4555
7386
1870
6687
4154
8388
2192
1442
2028
1904
5852
1301
9815
9938
4291
9991
4353
6270
9423
2822
3306
8085
2769
1192
702
5770
7920
3792
9200
2262
515
848
3926
7777
7694
9846
8372
8142
6587
1290
8351
1053
8329
5639
1622
2135
3185
4529
3236
188
5661
6517
4260
8941
7266
777
7839
3317
8173
7648
7903
853
1250
9572
6076
5046
4507
2933
6784
665
4118
2963
3111
5737
5464
5830
5950
3247
197
139
1853
8523
2009
5533
6735
6338
1758
4630
5413
7431
1693
3386
4776
7027
1684
344
5052
4451
8654
6566
4976
1121
417
1345
9492
9968
6495
3713
6400
7388
3173
7335
4391
5945
7786
7764
9864
4893
9111
5431
8118
4766
5681
2669
671
5629
7515
9741
8297
8654
2191
3145
6363
1470
7281
6052
1068
5403
3048
9588
3488
3016
7404
8515
8461
9421
4976
8027
2400
7866
4965
3771
3411
5123
4646
5129
4478
6612
5458
2769
3077
5746
3432
7747
406
2971
490
4585
4410
9706
6915
6903
8725
6929
8180
9718
8764
8777
9891
9627
2520
8126
1039
2485
5323
5883
9704
9741
3508
2456
8169
6386
3092
7077
1120
2106
7313
9742
6588
9643
122
3875
8401
8403
9060
9331
1635
7280
5409
7496
9867
5886
7563
2440
9512
150
2458
4904
2090
7052
7371
9640
5962
7179
7155
8476
7092
6973
8574
82
8196
6123
6598
4730
1647
4518
2434
6522
9643
8344
7857
1994
3327
5211
9876
4191
1416
1164
7425
9059
3775
8456
1120
5637
8563
8138
5925
1528
7555
1850
1364
5794
1022
3421
8645
6242
4496
1668
8802
1527
5260
2525
9910
1681
8302
3276
8091
9904
6457
6283
8769
8966
4477
1567
9965
7980
3071
42
2490
7156
3194
4061
9440
3439
2228
1485
5286
3441
554
2201
1296
5718
1125
5938
22
858
2300
8359
8036
2357
9805
4678
8715
4898
1505
4296
8535
5656
4584
8660
4147
3701
3153
6341
4796
2057
5860
7183
5646
8107
4106
4501
6635
6688
2085
6730
3576
3256
120
2264
5714
4974
3640
3869
3454
2681
6700
2035
3655
3355
4142
6910
4781
8222
664
2428
3766
5548
5854
7615
2893
6987
9561
7313
1023
9960
3205
8481
6250
8442
6945
5637
9021
4404
4793
6339
3598
6802
4781
5729
812
4996
457
9269
1779
977
3699
3220
9440
7124
5528
3188
8675
465
2568
6125
6904
5593
6566
8065
1546
8919
49
3348
7917
5322
8378
3715
6025
1252
7644
9875
9366
5754
3081
3175
6703
2572
2774
2616
2596
6949
7817
7859
6330
6239
2116
6995
5940
8916
3628
4060
4176
5199
6920
8528
8511
3400
1970
6582
8022
3429
7580
1462
1003
8934
596
1451
6825
7694
7861
7548
1164
6820
8040
6434
1943
7868
6363
2102
557
6205
6900
3852
1088
3289
6954
1752
6625
7564
7113
6052
1250
8058
5522
6539
5187
4005
5823
7251
1769
309
2839
2036
582
288
7097
9739
4822
8404
2395
8579
9901
3597
1942
436
9632
1385
7963
5137
9323
5182
194
8175
7771
8200
7413
132
4984
5297
4540
3527
5950
7499
3979
340
7261
3813
6910
8143
6533
1816
6822
8366
2678
8193
5732
4220
5028
317
8752
5546
803
2614
7652
4991
7515
6441
9713
3087
7982
1030
4427
8954
2807
1064
9157
5732
7442
743
7758
4983
9550
767
1376
3036
6978
1275
9650
7838
4900
4392
4708
6360
6848
4501
1834
1472
6558
797
7124
7990
8644
7373
4103
1217
4466
7048
8076
1585
8589
9869
3412
4325
829
1474
8715
5157
538
6602
8745
484
9112
7449
7122
4528
8531
333
8247
9168
2605
4064
8280
413
3210
9700
9108
1879
3456
4884
1005
2371
7091
7416
8466
6915
5165
6053
6247
4535
7818
7628
486
6244
4189
8534
9962
2332
5685
2505
4045
6845
4221
2183
4450
6769
3339
3399
4981
8103
1709
634
5587
2506
5041
5304
5865
835
7377
7757
6038
8135
6873
7808
8057
1360
4294
551
791
3886
4978
2588
3346
4938
7396
8437
5220
8253
5149
9117
3476
3498
1605
4030
109
5340
3377
3546
1086
4191
4974
4235
4902
6186
5664
1874
4867
3518
6699
5801
9341
5653
940
9523
7380
3618
8916
5978
9795
8663
7000
8957
4724
4957
802
4086
1361
7293
6541
3324
5395
9565
5061
8380
1594
761
7196
276
1012
6649
634
9147
23
6895
9307
6942
6395
3924
157
8603
4574
7073
9223
9229
4100
4805
4072
4387
7163
1856
8023
2595
2408
1805
7414
9012
8350
7598
8168
3239
540
4091
7090
9803
9758
2080
775
2070
4818
8246
8691
5800
4547
2734
1560
5240
5712
2876
5434
5875
883
8854
4611
9075
4185
465
2149
6403
6543
4224
8882
2299
4780
294
3113
1258
7936
3578
1038
4248
2033
2093
682
5070
3290
3743
6455
5891
3855
7408
7237
8646
362
7923
4193
8498
4879
8103
1958
8727
763
9199
7860
6599
5957
3364
6937
6059
8680
6864
3683
8115
2312
5001
9843
6490
3294
7832
5738
7694
8177
6667
1324
510
1231
362
8727
5416
1823
142
9035
8668
2746
1642
1611
7282
6773
7719
9180
3834
3997
8454
450
434
6952
5024
6553
8022
8488
69
1872
919
3028
8728
1794
4159
6939
8301
7402
9323
9616
858
5133
7444
194
2008
1693
8171
4103
9079
3890
8463
9923
7080
1739
9743
4795
8273
3088
2451
5293
7267
2690
7443
1620
2072
9462
5408
9576
1864
6993
2189
7302
8583
3868
8739
2473
5121
422
4758
2651
1461
824
9910
2492
1447
528
3445
3932
5927
4464
2896
4880
9864
7142
7591
9791
5061
268
8912
5315
8267
6778
9427
1249
1725
6732
9435
8757
155
8225
9294
1720
4831
9398
5447
307
2637
3920
9379
960
1640
1047
7313
711
2885
8183
7218
2591
1380
6722
8611
3019
3097
484
1118
5526
1256
5499
1140
7652
1665
3412
6296
6948
3934
1624
1391
6281
2488
8768
861
6878
9172
2822
620
8360
1367
177
3214
2915
127
4996
1380
8052
4470
8996
7048
5476
3327
3581
117
8898
4407
1300
2196
1637
2915
5690
7564
6989
95
2228
9565
3960
3870
9277
9870
6270
2165
874
1728
5895
3958
1106
956
6574
6245
7198
4388
8078
4892
2949
9194
9638
2619
3334
2516
7634
3300
885
8549
686
5406
2705
5350
4644
614
3672
4023
2979
845
8909
4527
2557
1941
909
5031
9583
1203
2101
1205
5890
9135
3744
4870
733
8228
2430
6521
4421
1653
5734
8329
3714
3249
9055
9946
5692
4347
9288
7119
6356
3078
6163
9684
9306
6169
7732
1183
2609
7242
9720
5791
6759
7402
4763
2956
1691
3881
109
4289
5707
5695
2283
5046
7917
3538
1230
8732
3172
810
5576
1074
7579
1050
3267
9020
9517
8360
4434
7342
6324
9632
2609
2528
671
1393
7736
5643
4003
9610
802
7204
5187
3879
9971
9256
8945
5924
4003
8358
99
5445
2500
8266
5084
8676
7494
560
6762
9170
3018
406
5194
1724
5107
9572
9170
1456
4235
1003
6325
1882
2150
6552
2556
7934
8265
972
9178
9472
2006
8921
31
3698
3548
1097
28
3718
1405
1797
761
9992
6375
8202
1426
2466
8910
881
4847
9636
5688
5896
3942
4056
5500
2643
9034
7394
9590
7733
4691
1794
4785
9189
561
4032
2925
6773
3113
5521
8302
5249
4373
4456
9292
2854
6419
2014
3423
5366
603
3594
2573
6164
9733
7751
6454
6804
38
9396
9493
8160
397
1033
7072
7162
4968
7705
5236
1843
5110
9424
1399
9174
4856
2326
9414
7181
1989
1995
872
8798
2682
589
2635
8217
8211
3449
6532
4549
6524
206
100
6006
9197
5214
3341
3618
4244
620
5059
3998
7350
6470
9422
1985
2554
6406
409
7778
2140
2662
4048
8567
2023
6994
6296
5887
312
5278
224
3238
7045
4038
1339
9203
1282
2390
8395
377
6139
236
7908
5032
4691
3360
6862
5571
7597
3421
7984
4898
3551
4360
7271
7141
3110
8283
5423
9421
6058
8019
6670
3808
324
5214
3241
1958
890
6113
8175
2045
4998
9549
3807
5654
5953
8520
359
8058
9450
1087
4361
5813
2332
2253
5610
2095
1731
3978
2166
3247
7143
4733
6419
1148
1073
3514
9636
3305
2865
6946
6989
1964
892
2751
6994
6297
9891
4008
7103
7101
8281
1418
7507
7949
9187
7866
6763
2974
1013
4759
982
5398
4570
412
7325
5677
8308
4232
5342
9748
7652
7738
7038
7242
5995
6207
2241
333
5272
1156
2573
8837
9307
711
4551
94
2202
6073
9127
1000
6938
7230
5839
2036
2446
9628
2732
4876
4251
6841
313
5026
5712
2222
2936
9956
8539
1302
3089
1393
6201
2055
3085
1241
8139
669
6621
4371
4433
1231
3018
2985
6604
5738
6415
3951
6469
3137
8750
1153
9294
2123
4357
9805
2208
2580
9943
2654
1187
6416
2055
4125
8232
6595
7145
6292
6830
2903
3329
6042
7667
2008
7741
6223
4794
7542
3256
5513
7010
1574
8717
814
3990
1515
5410
6509
9528
1524
9228
7113
4098
2062
6231
9700
8058
1917
3749
3143
9806
2774
6342
1635
2983
6918
3627
9698
239
3322
9224
4504
1606
2276
6609
7381
7622
2319
9573
5159
9739
7052
909
1508
939
8669
6093
6216
705
5599
8223
2633
1452
525
1228
1868
3087
6825
9069
8718
9415
7880
144
3980
4582
37
1706
6846
7027
9281
7488
3989
9923
666
1942
8842
2012
5426
6250
2909
205
930
5317
9451
2886
443
3800
794
6429
9345
6367
4347
1998
4586
9419
4125
1947
6892
3339
4083
8819
6934
3909
9099
1377
4727
5150
8882
1115
4657
7850
7926
8682
8922
4454
4209
8553
5485
6370
6720
7870
9820
8737
7910
3167
4920
4264
3475
3334
3408
6059
4915
4000
6408
268
4576
585
9083
5681
7370
5669
7035
7151
8134
568
7452
9341
57
5343
4252
6433
9023
4035
9322
2085
5876
7240
8034
2596
9990
6795
9806
4730
7453
5237
2046
107
9973
6028
6512
1777
2848
1408
2417
5954
2312
5721
2429
9531
5857
5210
1809
6730
8177
2113
7425
129
1927
1167
2726
4230
2866
3929
2299
3026
192
7044
54
1169
6290
3543
9700
5639
6502
7393
787
6641
1200
8524
1773
7489
8669
320
4882
4013
5963
6344
494
425
5888
5096
8004
8176
9574
1031
3542
5238
5421
2744
7143
9991
1147
2071
860
1446
5636
2266
1783
4069
9432
626
3933
5306
9174
9314
3095
9303
8601
4026
4254
6747
8507
7339
9242
2916
2993
4300
2167
8321
8366
9440
8937
7738
3552
981
7153
214
8873
1523
8229
5624
5731
6706
3663
9996
7589
355
656
6704
2962
5363
2403
6909
8965
7026
8600
5087
1799
6759
6011
5720
5711
124
7020
1615
1300
1496
2996
2105
8529
5622
6889
8625
2859
8920
8183
7029
1604
3439
7717
18
4452
4460
9186
8363
3002
2836
5329
165
9383
6799
4357
791
7250
3990
9827
2086
6888
2244
9429
2362
7199
9204
3408
289
1598
3459
8737
6172
1733
9322
2953
786
5913
8366
5189
2810
949
6692
7612
7338
5846
6389
8527
6876
6010
3659
9976
4463
3454
9167
6496
3982
7961
526
8906
5120
6427
2002
8515
6994
4774
8280
5908
1839
5322
9599
6020
4335
4406
4755
9618
6001
3634
4215
1202
3512
2588
8825
7221
8120
6597
6740
842
8585
5522
9385
1858
5226
1647
3200
7523
5098
8226
111
4441
6342
7104
7160
9918
9176
3131
9016
897
3838
2752
3643
2335
6612
8303
6164
8475
6412
88
1649
7786
9099
3792
2125
1892
3455
9476
5180
1527
3653
9151
9680
4044
6258
5799
9505
6147
143
5160
5415
2785
3860
5762
1945
3477
5030
9583
8630
2830
7638
154
1025
3361
5771
7967
4090
513
9399
2961
2056
1012
1469
7431
6554
4260
9583
3591
5899
237
1176
4890
6086
3592
8570
8890
5904
8263
1683
981
6901
6707
401
7253
7651
3625
4172
3017
8042
5179
5880
8246
9827
4594
4997
5449
8418
9844
5435
7056
5276
6722
1377
5475
308
2525
27
5200
212
4935
6282
1037
4939
5442
6142
1368
1276
697
8044
8773
3632
2041
7657
9447
8145
8295
2209
6829
8273
94
5354
7846
4946
9738
5482
3600
6017
1022
9074
4855
2616
8284
1845
3770
3904
5453
6844
1318
9367
1220
4174
4567
5406
7271
3755
1832
4613
6985
2101
4137
4759
8288
5782
9731
5445
357
7746
9687
2144
5931
4468
7691
5503
1410
3121
5533
3036
5608
7497
7514
2198
8579
1437
2808
3354
2026
8821
5477
1006
9279
9298
9683
3394
2376
522
2652
5237
8502
2586
6594
7601
5857
5308
6397
5854
2382
6570
3046
9205
7353
8019
3147
9009
8328
2037
8621
3570
3173
7446
5676
3519
6438
2584
4409
4032
1425
7774
9783
3702
4797
931
5911
977
7628
1061
981
4288
9706
2007
6794
2909
2405
7174
7129
6118
6470
3759
6977
3924
9352
7060
752
9270
3936
330
4772
9545
3585
8651
1087
1849
5827
341
2049
9668
775
2778
5904
2299
5732
1039
3378
2446
9486
6256
3427
925
6977
6646
4859
476
987
4217
6974
7180
6229
461
8915
4200
892
885
1028
5637
8713
7389
4617
1848
4664
2713
5186
310
1009
5907
8820
5009
5196
2289
8056
7802
5361
1720
6475
7630
832
2580
8962
7553
8775
9809
2429
8917
503
5865
1791
9261
8590
3991
9993
3925
9814
1556
4043
623
5304
8014
4679
2773
5508
3423
4900
1253
1857
8625
6829
1054
4416
6241
3185
4263
2207
5804
3218
7712
2156
8217
7597
5501
6040
7902
3979
5570
6163
9578
9560
8231
2380
8683
2560
4470
9131
5943
7632
526
8969
7335
9831
4099
8966
7712
6578
2159
2953
1691
7953
1811
6815
2502
4050
7470
8457
3518
5822
4279
7785
7813
2154
9497
6818
6082
8580
8001
1761
5620
8266
4373
9853
3807
9900
6612
7439
7971
1347
7386
5197
6846
8431
1252
6610
1518
8355
82
1559
995
3213
4661
4519
4226
1840
139
5600
7639
6073
5722
1730
6381
7295
5151
7469
110
6924
2388
4671
6739
662
7652
4830
7317
345
1385
6860
2314
5507
6459
3444
9114
2530
1138
3004
7302
1259
8250
7093
8440
5305
8876
8353
9546
3205
2836
6580
6500
4447
9865
6587
8949
3141
9026
6908
4992
43
4
6175
9713
6297
6339
7907
9491
2762
234
8712
9724
8676
719
9287
5908
4638
6094
1378
1367
1624
7541
8498
8071
130
7589
2502
2783
7732
4985
672
7580
2389
9038
128
6824
7101
374
9686
2622
5563
6704
2268
7593
8449
1885
184
5043
9879
3511
9224
8497
3629
2620
2863
1100
5719
1246
4469
592
3483
3972
4843
8928
5546
8263
3834
197
5991
1191
9850
6872
8927
5071
7348
9692
1049
1102
2817
534
2946
6596
2465
6633
5588
7421
6422
1237
5473
3416
5790
687
8179
1416
3420
913
1850
8734
1836
3915
4267
9306
6284
2113
5140
1965
1837
8560
3688
3710
4335
8457
7690
3070
8783
7482
7582
5937
6544
8899
9639
9297
5518
8768
2671
3130
5610
8807
1693
3980
1554
3993
4376
1103
1392
6529
668
102
9949
5806
7253
2098
5083
6578
4538
3923
2100
2890
9132
5361
8592
8159
6201
6177
7937
1614
8557
1352
3416
9457
743
8089
4266
9000
1732
9334
6098
8374
3679
1134
8156
707
371
7838
9155
8175
911
7810
3008
149
268
1109
9844
650
1024
9068
2627
3610
8921
9281
2893
1380
3688
8018
2865
7428
4910
2527
2477
1834
5198
1921
6871
1505
2688
835
6217
4732
5018
8023
3270
4390
1456
9679
6333
3691
6568
2653
3255
4394
8667
5668
2422
4600
7854
7681
4725
4776
2515
1387
4684
7719
6686
6694
4670
565
2524
3041
9720
3728
4134
9678
8421
4072
6995
2919
6996
1941
7960
5008
423
6604
3116
9995
8325
7682
2171
1333
2800
3776
1841
1585
7952
832
2242
916
1539
9228
6019
677
4353
2602
3552
978
8986
9819
5592
2593
8608
7777
1636
3440
4823
4803
2456
4844
9221
4038
2896
6080
5614
7956
2432
3634
9066
8496
1646
8109
5371
3554
127
9365
1466
1848
9387
5255
6021
1450
6473
4310
2362
3261
5120
9037
2820
2869
5246
1351
8445
3513
5111
1932
3437
5900
3063
3685
5525
4027
2511
3336
2005
211
5272
6638
3041
5855
1581
8233
4306
6721
7554
3969
5423
1922
4315
66
2930
3077
6855
9722
5179
4545
1168
6468
6271
1991
2651
6436
2614
4038
2400
1949
9900
1474
9761
7708
8649
4353
83
9789
3394
4312
7571
1866
8974
3702
6830
5597
990
3226
1452
6761
1359
362
495
8030
6422
7667
9970
7223
8597
9245
2937
5592
7564
6706
2104
4445
7917
1162
2634
6408
3188
8930
1051
4590
652
383
4548
203
9892
644
7521
6424
4699
3475
4402
4189
3389
7282
1336
5148
1000
6152
3631
2912
4999
779
4415
3494
2398
7446
6312
4707
624
1350
5180
4927
7310
1609
9083
3875
4246
5791
3150
6437
1042
9721
6537
7594
8457
2456
8343
4599
8805
2449
6137
7624
5837
1558
3723
874
604
4273
3122
432
1308
7591
6275
5079
3046
8469
458
5073
784
6811
8661
3464
113
5656
929
4755
2416
2236
5800
6657
6008
8225
5628
2672
8852
4906
5881
7281
8229
2620
7469
2082
6326
7624
3220
1615
3662
115
6872
3872
8334
3809
757
8558
6666
1384
726
4269
6786
3443
2452
2205
4564
6233
7081
1054
1625
3232
5671
4406
6335
893
1021
8901
2658
5913
374
2274
383
5594
482
6618
2123
5870
5086
7200
8624
8498
7678
2246
6336
4194
1388
244
5637
4751
5352
5321
9386
4631
8130
1981
4903
8666
7935
4878
3118
8725
6569
5333
9450
2887
4613
6391
2414
2683
1663
1627
1979
4362
4195
2165
5230
217
7205
9261
8376
8241
9928
4162
2044
9362
4831
9919
4524
4825
286
7427
721
1283
693
826
5867
783
7578
7398
168
5469
2291
7462
5765
5335
6716
1706
8108
7919
1507
3294
940
5800
1682
8392
5309
1461
7081
8105
1282
3878
2599
6922
6327
4869
7845
8611
482
6450
2179
7151
3704
5137
2413
1218
8555
5923
9902
5734
2522
8336
6612
7118
8780
8772
5726
4093
6301
956
8376
2540
6998
5789
4805
3766
2880
9545
4884
2148
9841
2803
835
9278
223
1285
1556
9743
2155
3707
8422
545
281
4877
1462
1690
4153
6055
5187
2580
2281
2696
4748
4030
9626
7829
7044
799
505
1010
662
5791
903
7030
1930
3164
5011
3863
636
5816
5912
8434
5585
5927
1585
9699
4106
1998
2687
2336
1632
8319
4093
9219
6325
6645
5826
4809
2508
7195
7153
133
2308
551
6568
3733
4499
9713
2127
8608
5463
1112
4488
2499
7203
4969
9127
4554
5196
532
8128
3711
7059
6974
4568
6667
2456
3686
1863
2421
6436
3278
1186
7053
505
9666
3932
6343
6466
9121
9169
2906
7152
4230
2634
4487
656
4023
6794
8419
7005
6595
9587
4568
2693
3616
2812
1669
1496
1775
6333
3988
5772
8259
8088
2187
9373
3548
6355
6948
2351
6420
2956
7569
9402
5409
9484
8747
6562
7483
882
6452
8343
6732
2538
7999
4311
5349
7859
8091
8986
2318
2663
2071
2606
2813
6026
6727
1266
436
1824
4468
9245
1582
4382
3988
5156
8938
8289
5754
8113
1201
624
8657
3102
6789
4458
9013
8194
4064
883
666
3151
6263
3275
6190
4990
5219
6010
8496
6826
6037
3855
1095
8565
3926
2907
8065
5891
3549
8277
3960
1534
8373
5991
7699
2721
5621
7645
8922
4874
4996
7891
6860
9929
5413
8453
4886
1531
8437
4678
5873
4327
7857
5624
1737
5041
8129
6238
8606
352
495
1271
5641
5207
4694
8066
8213
6998
2841
8262
4988
4293
6859
413
9994
976
722
7264
3978
236
7317
5003
9854
2808
6461
4588
4071
398
8332
2649
6119
6767
6236
8207
9666
876
6577
3259
7033
5174
34
7033
2705
2824
5259
9419
5507
715
4114
5878
5135
6512
4434
5348
4768
8464
9346
3275
2294
3864
9186
3326
2326
3224
9588
2873
7488
1552
2557
9602
8105
2221
4586
1881
1734
3503
1008
2671
2302
4266
2772
9388
3674
4184
5524
2146
1533
598
8218
3339
1923
2587
9855
9172
2955
799
8970
8292
4560
6516
3695
6228
4297
998
2260
277
5106
1095
7957
9603
9232
1854
1596
7054
4908
9829
8029
9561
9459
4849
3256
9878
4550
8675
3217
9703
3740
1802
5279
4394
401
1785
6317
1217
7198
867
1620
1146
8705
7609
3126
2390
8144
7638
4460
2998
6664
2826
3816
1770
2836
2091
5106
7457
8572
5021
9854
7260
6708
7339
6595
6952
9800
6893
7535
2303
64
2048
2554
3930
8864
203
5267
9005
1987
4615
5771
6399
9406
5460
3215
4117
5420
2731
9138
8172
6325
4521
7861
3920
4500
171
4145
8793
8735
4529
5072
5016
6082
3310
6282
7794
1335
8106
6995
6618
8716
7019
9713
5830
1201
6927
5325
7972
5075
3010
2606
9139
3615
4607
1442
6175
692
9122
1374
2291
2271
7625
1081
9602
8595
9017
5006
1576
1555
4965
8032
2297
5444
9277
6591
7418
2165
8944
9602
3157
9390
1274
4464
8426
6876
2018
616
1805
1595
864
7714
9220
6692
4266
7618
3519
4485
61
8889
3818
9872
7365
8013
7860
7920
6697
1636
4160
6747
337
3370
4999
9513
7333
858
2136
1495
8325
5300
3154
4912
8396
3088
3789
7013
1445
8317
433
6526
4981
1184
6316
8862
3488
9963
7851
8616
4800
7220
1821
5883
3244
787
1723
1809
6289
4944
7801
8532
6813
169
7891
9495
5133
7699
4886
5241
3042
7636
6002
9765
4212
7194
6860
6914
8285
8608
8263
8854
3920
236
5771
1809
4092
9054
7692
6086
4388
1106
4144
7694
5148
4344
2343
2850
2001
8646
3872
2990
550
6718
6411
319
3851
9562
6808
7872
2160
4839
7524
8494
4484
3602
6150
3282
1496
8176
2521
1638
4408
8049
2682
6200
8351
2235
663
3277
8480
1664
2551
3214
7078
8527
2325
4897
5269
2376
6131
8105
6920
1789
9980
620
6152
3686
8879
4851
4191
969
2342
2783
8740
2305
4807
1708
4789
9245
1797
505
4142
6412
434
6537
6988
9711
9361
2655
7955
6880
4581
321
1021
4280
3876
3981
2142
7764
6001
5355
2606
733
7118
2992
5852
1676
9342
2602
7948
5023
4747
3026
5046
4892
133
2482
2397
4823
4218
8296
2388
8940
8903
2862
6573
6130
9496
5986
3462
317
9757
1847
6198
1315
5679
9604
5262
961
3296
4973
9586
9254
5268
8345
657
6506
2224
4856
4321
4865
6087
4520
6968
1040
9667
6913
3258
200
9723
5413
8512
4724
9881
5585
2447
5434
8551
9200
5378
8287
673
6953
4452
9010
1647
4547
9866
4468
4682
1703
1933
1122
8263
2328
8626
6712
3855
2439
1955
7796
8935
2309
8146
2489
5378
5460
5435
3580
7240
5459
4913
9961
5855
7228
9164
660
8823
1216
5823
8167
3834
13
7804
2649
1265
1726
6195
1975
9332
4865
5703
5539
1913
795
107
3438
7081
814
7557
2567
767
1296
6265
3403
3372
3160
9118
3855
8580
7390
1721
465
7868
7853
9766
2691
5248
5181
3505
5487
3210
3491
4825
9992
1359
1376
3266
6134
2300
6309
4955
3061
3761
7464
1327
7344
2781
7647
3947
2915
2088
4411
1429
6250
7313
6963
8777
4806
6857
4735
1850
6704
4012
2617
2153
9845
78
2857
4067
3246
5695
37
5272
1564
4502
9241
2321
2345
3385
2947
1738
7557
4943
3958
4750
1933
3707
943
1812
5352
4705
1361
7412
8097
2779
4905
5159
7730
5718
8927
2584
3529
7984
7347
501
2020
4060
1402
951
2427
5925
3229
2910
3593
3847
5258
5195
2349
8237
3918
8889
3868
5021
418
6742
7013
881
7298
2743
8723
4363
1065
3855
5413
5498
3989
723
3115
2784
3925
3989
8242
2702
4884
7946
8468
5757
1554
5952
4830
2433
3851
7733
3454
3844
1401
5039
7954
4339
56
1277
2898
2717
1863
7905
670
9156
215
2128
3333
2238
8192
5299
2884
8329
8733
467
8571
5863
7217
7166
5550
7890
2534
4943
172
8012
3099
1027
4152
1732
7281
2709
6016
8754
756
4743
7009
2498
5566
5704
21
3255
8677
9788
9620
9172
8244
527
8976
7455
8602
392
2899
917
9760
5638
8559
3782
1371
575
1110
7945
2621
3399
721
8164
6856
8830
8929
497
2483
4474
3603
2728
5000
9687
1374
5410
6003
2938
8223
1533
3857
8606
705
3034
9335
6622
9431
5745
603
9286
6212
8542
9539
3760
995
6851
4715
8090
3044
1862
339
3860
948
7368
9492
9543
4134
849
4606
8490
8039
5951
8718
6289
521
6636
8717
5566
8286
4687
5609
8190
6219
2772
4237
9910
8278
1754
6925
5770
3206
4130
5547
792
2916
2077
390
6060
6084
9129
5447
7637
4500
7157
169
8680
5508
8597
515
1748
6814
1662
656
8156
1143
5457
3734
6841
1307
3563
2748
276
4564
2121
5177
2774
5795
2093
1957
8945
3212
5538
5774
269
8939
2896
762
5948
8949
8711
3177
660
4544
5227
385
3047
1623
997
5390
9933
880
8259
1961
1834
957
5038
687
1869
2957
5346
3334
7827
7587
3345
1946
943
7265
9773
559
8423
1302
9865
7050
7893
4312
6915
3414
7891
3543
9246
9718
8063
2806
7951
446
1425
1059
4642
6481
1276
9575
6286
316
4594
1769
569
5398
4345
156
9701
90
4578
1166
3655
285
1902
4364
428
4722
9813
6207
6738
858
1179
5921
533
8581
4842
7220
7482
2397
4394
6008
2735
7874
4991
7119
4491
3557
9133
2286
1422
7031
796
1008
6583
9403
235
6279
8413
5699
5943
1969
6754
9404
9904
3461
9957
1046
5568
7564
8624
2518
985
3473
5462
5315
6807
1277
9981
4494
3138
8503
9239
9772
1499
1684
18
4276
3287
3879
8907
7302
3141
1078
4933
3493
3109
3983
534
4138
980
6190
9151
8467
3427
1502
7783
808
3829
5829
2142
1813
7886
9600
4380
7017
1383
6703
5513
3437
6074
3100
8106
2907
1135
8956
4792
4631
1493
9644
5010
1579
4965
9444
4847
6543
4522
4929
4584
4469
9638
4550
2040
4875
1552
1247
616
1526
1709
6514
4194
9362
9427
4691
8503
3764
494
6075
4773
5485
9540
1719
6317
2481
9730
2455
279
6184
3214
8206
5568
825
4402
2930
7314
202
973
274
6851
1039
908
7269
4089
6953
3632
1570
2250
7177
2198
9466
8171
2633
1966
2281
2903
4988
5079
643
7421
8624
5690
9244
172
7236
7664
4536
8865
7165
1107
9694
19
4907
7717
8799
1839
6617
1448
6792
3680
9443
3035
547
185
409
5390
9769
4827
4184
9687
1771
4476
8056
2748
3519
5087
965
1124
9760
6403
1979
9344
7119
5154
7125
4715
7686
410
2546
2838
3040
4009
8925
203
7509
9945
6360
2119
8290
8939
4449
2243
2598
8821
2338
1586
6243
5908
2625
1423
7438
9395
7486
5713
9474
942
2593
6803
8173
2773
7300
1096
4844
4584
8305
5409
1292
9704
9091
941
6862
3712
1889
385
8463
2302
3006
1995
2228
8908
4851
9528
9309
4170
8881
3981
6222
5280
4467
6539
4307
6405
2726
1607
8479
5278
4843
6513
6031
6846
1521
1666
6322
2556
5839
1380
6359
8632
8931
4454
6453
4146
5291
6049
5445
2654
8817
1161
9159
8695
3054
6266
253
9349
8657
5853
6602
2790
9817
6861
7537
4495
2794
4121
8543
9778
3770
2391
6071
8360
6090
2989
4745
2150
4272
1433
9911
8366
9606
6812
7298
451
8011
2855
665
3867
1120
4065
8126
5709
4529
698
7409
3524
1588
7023
8909
9353
9970
2891
7927
4877
1403
2535
4482
7760
3882
2536
6696
4483
2983
6633
1618
702
8747
3229
9814
1160
3664
7323
4184
863
4322
5170
4413
334
1036
5207
1742
6957
4067
3427
520
5060
622
5892
8095
457
2235
9035
2815
319
9396
7914
6594
6579
7988
8372
9098
4162
9808
4724
849
4375
1447
4317
7909
2762
3468
5866
4083
5938
4951
6085
8408
2729
6070
8556
9184
874
4777
8647
1739
4268
3055
8952
9125
6763
1379
7533
2362
3184
9764
2217
3701
7115
9841
7698
8942
3999
7475
1573
4396
6588
7820
3976
5695
2349
4303
3900
7528
791
4153
8620
6851
7057
5905
3968
2968
2473
3231
4442
2615
1523
4508
9475
2206
9837
7828
864
1085
5987
5456
1111
1087
7804
8187
651
9235
2745
6495
5037
4477
500
9560
2167
8623
2409
3449
3597
4580
759
4479
2959
5696
4547
956
8208
3213
7082
6522
6608
3593
437
3575
5972
2974
6195
6456
9826
9702
4712
5179
6314
6426
6014
1918
9234
5305
9996
6664
6826
2771
3306
1113
4272
4784
6376
4713
3777
4584
757
6256
1051
7950
2578
1844
1695
7531
4011
2444
8753
7355
3388
499
2422
3538
3562
8833
3512
6537
9118
6121
2477
8070
7634
6146
5358
895
9520
5851
5128
431
1892
923
5187
3787
819
8898
9498
4671
4884
3284
9813
7298
7239
9456
9224
7003
1373
6786
6418
6886
9238
6253
6620
4627
5607
810
2510
4672
4652
8069
1856
754
3164
289
1264
6279
7597
1618
8832
6353
6143
5934
8803
508
5211
9987
3967
6460
668
7125
3941
8876
8064
5329
1940
6436
3461
5696
2201
8307
221
5518
2744
7563
4742
3420
1713
1248
5573
8791
4783
8823
9399
6435
1788
6498
4441
7986
6926
5451
6818
472
946
1843
9327
1008
556
7105
3366
612
3712
4317
7456
3008
6444
4557
8768
9311
3999
2452
6030
3101
5129
6401
4050
341
2396
9762
292
634
6154
9333
2575
8356
8519
6239
9055
5712
6016
3844
6713
8911
5254
3065
3117
3425
1630
5924
16
2139
1315
7289
1562
7628
7170
8216
15
4230
1920
7791
7316
7080
6462
9824
4325
2567
167
700
3142
5701
5666
6827
5879
6787
7523
5908
9915
2097
2742
7792
494
3444
849
8080
2926
2850
6236
3002
4900
2
5020
8910
5782
1344
952
1540
19
8561
6865
7211
7608
1207
4932
8552
9681
3414
4511
9295
1353
3932
7209
7156
3824
9709
2674
8780
4061
4869
3634
4601
3851
3706
4877
9034
1231
7170
37
4812
3126
8354
4938
8364
5641
4349
9640
1904
8023
1507
1768
7152
8221
8887
3996
762
78
5306
3122
4425
31
7632
2042
7236
1466
612
6522
1750
3351
7668
4492
2288
9008
1745
6721
2597
375
1405
4964
369
6211
9102
9782
7012
2283
9421
5644
835
9882
6424
893
399
6201
3883
4730
3053
3692
1061
2950
4211
182
312
9489
2297
8616
7534
609
3652
5489
8971
9502
4809
3812
4529
3644
2333
4513
4336
8413
2046
6764
3476
5459
2706
3254
7043
7848
7810
7812
9154
5848
7608
6288
2691
2128
6323
3921
7028
9738
6879
8064
7078
719
8412
3101
7399
6511
1167
4559
3015
5019
6616
62
4813
6863
8235
9480
6596
3719
2304
3076
1081
5133
1733
8240
5852
5987
1397
9904
9611
3618
9962
7228
4056
432
1727
8840
545
9030
2581
3601
2210
464
8077
2000
9257
7670
2188
751
5041
8927
3592
9625
7109
5044
465
4283
9042
9953
3404
7085
2565
2746
4119
3395
974
27
191
3786
6625
2640
9983
7240
7348
8517
9463
9745
146
8655
6606
9070
1150
2649
8741
1487
2880
2940
371
8699
4484
7591
298
8697
8338
6177
8911
4411
4433
1667
7615
3632
1115
6609
3260
5846
6739
8931
5888
6080
4921
3771
1297
3039
8971
7584
820
9235
206
5727
9921
8389
7929
2459
5849
2384
7760
3113
2260
9140
3857
2447
3009
5703
44
9175
6223
8563
6746
6862
9188
1983
6988
4565
9339
7495
7673
4619
4618
358
1950
3643
1759
1342
4732
2864
1479
2169
5475
7997
3999
3343
6934
4620
3756
3809
7058
7972
5392
6425
1429
4794
1199
7618
4726
3493
4490
9903
9918
469
8517
3449
1557
4513
2508
1995
2809
3552
6792
8849
7711
2246
1104
37
4095
1500
4069
9090
3023
8144
2974
7123
1674
282
3218
1697
980
3313
1586
4982
1938
7968
7795
173
2550
1850
4980
7975
6221
8955
323
7705
4058
4590
8339
9582
7451
3927
5154
5266
7817
2567
2077
807
2254
3980
578
9022
8907
6452
5824
9347
4603
2654
8998
440
4030
9215
554
997
127
9671
1527
8848
6527
7630
1083
7499
3104
6687
9355
4170
4916
2858
7480
1306
5661
7017
8271
1133
4108
6950
3512
9703
2684
1493
3523
299
9527
6920
6351
9270
7218
7538
4054
6375
6957
508
5758
5496
1827
6331
5409
5725
8634
8954
8776
7815
7103
3594
6613
2530
9361
3970
4327
8169
437
4867
880
2835
5545
9790
1067
4102
5849
1515
4724
8598
4840
8772
1479
8789
4445
4667
8561
4781
3234
5550
9014
8836
9558
108
39
1690
2843
5728
8038
2631
5522
6801
2442
6216
7708
2487
2943
1714
1489
9662
1922
9238
7741
4281
1426
4144
6179
1842
4270
6683
8618
1750
3854
4387
7112
2688
196
2751
4852
8818
7033
5741
9201
8934
9868
1329
9764
6248
9656
6501
6048
7267
8977
1379
5635
5579
9949
6710
6023
6002
7605
7789
321
4465
3043
8565
66
3913
3016
2220
6279
9048
9407
9870
1064
4238
3403
2664
2648
9050
788
7639
6835
2067
2959
2904
8950
9045
9865
1134
3965
747
230
1779
8945
3953
6872
3250
9812
8851
3648
7503
1012
8871
9868
1017
1089
6013
3495
7644
5017
4137
8976
9313
1376
4460
1750
5186
1136
5766
1084
8048
8626
2741
7932
1807
8346
2048
5603
4242
4720
8485
3568
6318
2319
7186
7355
7268
6702
5973
9666
626
4269
6719
2534
941
1253
8111
9171
5569
8147
4909
1736
6387
3056
6568
3500
9994
3753
4558
4408
1469
1327
7738
2687
3945
2220
3614
5153
6066
9214
8403
3688
243
7264
4286
95
2808
2470
4875
1774
3203
4031
896
5736
3297
1163
6767
1625
6696
9082
2449
3989
266
8489
7248
7023
7775
2180
8154
446
2392
7240
9980
8564
5674
4924
3441
3660
8746
3655
289
834
7508
3116
3488
9517
993
9352
5621
617
4815
3788
8490
5092
7021
1432
3334
6204
4893
5755
7844
5911
7849
196
6555
7164
1238
1179
6254
8092
2856
6315
9333
3141
7231
6851
1116
7514
4469
4955
2622
6966
4792
9934
2243
7953
2197
736
490
2396
7449
2597
9629
5564
8661
3409
7338
4017
5887
8785
1713
5877
1799
9250
4895
1263
4892
7726
9684
1754
8418
3505
8239
8391
3453
2174
9827
1045
5678
7919
9478
7237
3496
9116
6665
8134
2347
2164
472
4138
7185
4869
1684
7793
8371
9464
3410
9428
8483
568
9089
1281
6437
6144
7006
1616
4166
747
4557
2314
3336
6852
7004
9701
5586
3227
3499
2207
2692
7468
5958
2851
2411
5003
259
5791
8264
5058
3923
9250
2132
1233
666
7806
7778
3022
2290
8192
899
6390
5575
6539
8123
4104
7333
597
1853
8889
9359
7906
9034
3177
7793
6754
9806
7707
5046
4888
2164
5727
3637
9190
3133
7669
8584
3819
7030
3167
5605
5434
2389
297
6555
9170
9767
8063
2517
8492
7578
6779
3653
931
8857
2866
5142
1730
2067
2471
4227
2456
8930
5852
2937
8780
5423
4202
6533
5878
4734
1098
7914
2527
8675
9374
8538
3336
2337
3164
807
4167
7774
9985
2199
9215
3456
6155
5776
2365
9264
2986
9417
9997
7660
8757
8083
526
6433
2649
3720
2819
4090
3692
4214
3078
1734
3101
9332
3098
9631
9513
7921
2919
6625
9380
3654
1158
9355
2142
3592
8500
6829
5584
7746
6885
2700
8777
1384
7109
9541
5815
2048
2657
3692
820
6563
6137
6090
6397
7626
6895
2146
2123
7197
1473
5435
1152
7569
4228
6780
7713
3643
5690
6851
2125
2700
5884
5725
8462
8095
7023
5353
4455
783
4971
7201
9987
85
4699
1105
7317
1794
9272
3463
6789
3406
6234
3025
2756
110
3246
1341
3245
4061
5835
1594
2269
3002
3453
3160
1182
7641
3114
1430
5729
4897
822
7987
489
5547
5640
8036
8622
8157
1439
2255
9792
3598
9716
3812
9350
2933
1893
5166
8343
683
9113
7443
6212
2484
9572
863
1428
659
4593
5826
2191
7168
7526
2459
8862
5906
1636
6536
7730
6097
8408
2546
7585
7669
309
3173
9080
9509
2763
5315
842
6902
3241
7445
2972
8862
9880
5711
1931
9286
4707
6575
7453
5949
700
1225
8461
5548
950
7993
9555
8208
6416
9801
1429
467
5810
7233
6899
5067
4455
1380
2951
5458
3896
4824
4751
9177
871
8797
8277
8342
4324
5403
5427
755
5805
8326
2517
9605
2077
534
2753
3597
748
1707
8952
9031
4973
1910
7004
2020
1531
5348
1233
7592
5725
1280
2735
2449
2551
3755
3732
9264
3814
6416
9926
1034
4456
9554
7924
2127
4285
2559
6227
250
7834
8617
7476
1081
8006
3663
9952
7619
3137
3909
4748
7892
3454
6638
4577
9538
2187
7809
7264
5100
2739
4855
253
481
7728
5434
4769
9342
7091
5102
2260
3863
6404
1729
8978
4801
2443
2844
8257
2664
9821
6001
853
5669
3600
1946
7902
4798
9951
5208
3891
5027
8742
7689
8395
8006
4824
9761
8806
2740
2724
8258
6
6292
7454
9612
3977
4716
8270
369
7634
9507
4324
6989
298
1397
9042
6372
6194
7044
9392
2372
6893
3260
2387
6252
9427
8277
5004
6378
1036
8741
2632
9650
5606
22
825
39
6001
6387
1569
4321
279
2336
575
1293
3316
6303
4053
9999
6464
6962
9489
645
7690
4866
7748
1302
3097
7041
2464
4215
8715
2711
5670
98
6092
3501
1256
2297
2683
7995
1384
2939
749
6533
3140
1269
8217
3701
2490
7449
2182
8801
9604
1022
4480
541
232
4805
283
2660
3561
3770
5430
4808
4696
5716
2881
5381
1718
755
3465
2553
7851
1485
2554
6719
9856
283
5596
6913
6652
5585
2189
2632
9151
1515
9928
7932
7598
4505
5309
6527
3585
5803
6159
2873
3196
5218
7354
5397
1236
5366
3379
7175
8653
1968
1508
2485
3301
9689
702
7049
1657
4420
2125
1998
2307
4832
7617
1578
407
4755
8226
7178
4339
9079
965
5997
7773
4716
8692
5401
2716
2739
8439
2824
1408
5001
9833
838
7324
4630
9654
8130
7574
6972
6584
4232
4553
3131
3909
5549
8960
8895
1751
3769
1106
9061
4874
4142
5337
3875
4456
7204
8459
2109
3723
6171
4729
3534
6238
5634
5144
634
6366
6607
7777
6693
6281
8664
4991
6878
8931
2629
2605
1488
6
1122
970
3258
8013
1463
1444
7177
984
4204
7062
9924
2928
3911
4600
6546
3265
911
866
5652
48
9239
8200
4668
8918
355
6153
8681
1325
2896
9802
670
8948
1049
4949
4798
210
4205
8306
9822
7855
1070
7581
9587
6114
6308
9235
4192
7081
5725
1383
6165
1370
5703
2895
6459
6004
2422
6094
1626
4183
8574
5554
5572
884
2795
2006
4043
2723
6100
351
3858
738
7555
4098
1846
9897
5442
6936
2635
1556
6401
5709
9445
502
9797
1868
8711
571
6945
1660
8120
196
278
8669
1283
4403
9499
9453
6341
4437
1343
3455
3360
6809
6162
738
1562
2799
1085
2861
8444
6465
5661
5359
887
5275
3441
1353
503
7136
2031
3219
4195
6231
5221
2252
7432
8158
6927
847
1839
7505
1604
3656
9287
15
2923
2019
1506
3915
6542
7371
6120
1985
1546
4308
406
7991
3820
7543
1467
132
6629
5671
4828
8261
1348
2612
7297
4453
7445
2604
1359
9123
1326
2868
1759
6810
2569
6790
5298
2383
2351
5086
7311
9059
5933
2117
5624
9224
5383
8820
6568
9638
2582
4070
1853
588
8776
9401
7099
2654
3821
9453
8001
7193
1648
3428
3065
5157
7059
7047
3568
1024
7908
7454
5186
1278
6134
6896
1673
3094
6615
8648
806
4737
1876
5210
7344
1468
2444
9001
7780
2508
1739
6155
6837
4015
3887
8134
6406
9626
4878
3151
8320
1965
1012
4156
3043
5408
6119
5438
7754
2572
39
3733
130
292
7225
1880
6847
1675
9621
1996
3929
7345
2337
9344
1817
8611
8666
2531
6678
7761
3629
6483
7801
5452
6245
4616
6726
6131
6874
3065
5136
3113
3967
6482
4054
3628
8080
3720
6173
9417
599
989
9662
422
6238
4915
4543
8241
8645
1112
8600
3092
7570
289
7203
8990
4315
6559
5918
2590
8730
407
1241
7929
5468
1320
489
2213
4243
1373
1050
9906
4208
7691
953
9757
4321
732
7859
8837
9796
3881
2187
3981
2222
4004
3918
482
1834
9370
8009
1015
7335
7506
356
4206
1541
6753
5311
1827
4552
5162
6589
1957
4162
3939
811
170
2264
8752
7464
6228
5765
8293
3151
938
8967
247
5178
1854
6822
3695
1979
2789
757
7566
1358
6579
4564
1148
8803
6252
980
5170
6501
6704
3677
7084
7946
3486
3464
6914
438
7460
2564
6741
9473
6164
9884
1579
859
1047
4240
5235
4956
4824
5275
6341
5623
3358
9939
5958
3144
49
7115
3764
5804
8867
319
2601
7888
8410
1673
6172
1283
8048
9340
9682
3432
3483
7221
3217
52
5683
3726
7327
4352
7168
5430
568
6698
2430
2433
1135
9997
3985
4228
8287
1272
4783
7485
8360
3791
4284
3525
7125
3280
1798
4619
9194
4634
6122
182
8660
7759
2612
3147
2609
9349
8768
1604
8607
3446
1990
2031
1362
3960
6797
6241
7645
2184
1091
6964
5567
2371
289
5899
8662
5312
8952
6252
760
8540
3173
7495
7470
6715
5043
6054
7867
6527
8633
2442
3869
9448
2842
6673
8958
6427
7719
3988
5287
8251
5629
5758
1020
6745
2322
7395
7738
3500
3228
2198
7970
2038
9344
9921
2675
2021
2384
2142
6015
2823
2761
1637
6173
1291
269
7172
7833
6131
7791
1685
8151
8356
7237
6740
1181
9826
4432
3943
2053
900
9645
7826
1038
6956
5521
6268
5058
9510
7866
5084
2037
6319
2794
9367
96
9934
188
3155
910
6752
492
1135
3774
6746
6679
9754
2758
7550
6797
381
6448
1462
54
7410
2310
3025
8087
5193
9225
2478
7905
4511
6009
9552
6881
464
748
9466
4708
7466
9026
1557
8009
1453
2163
8408
9818
3475
799
7252
6811
6310
8033
5306
367
9932
1627
314
2516
4723
6795
9059
4036
1841
20
6771
7535
8473
2418
5677
4741
2887
8517
7954
5858
6011
610
4795
5722
534
2063
9868
9550
7329
5175
8108
5466
5052
116
989
7600
9814
6152
9876
3228
8355
5209
7970
2219
7744
6688
3503
4922
4062
6290
268
9441
9846
1316
2349
698
8079
269
1142
9875
2994
6196
4782
7357
4672
9817
6027
2156
5253
9102
4440
1174
881
3451
4983
9883
4934
9963
7578
8552
8346
323
8787
5989
2978
1664
7118
6735
9625
9977
737
467
3525
9581
7806
6188
7884
3915
6305
3513
5068
8750
4134
818
8740
102
982
3446
3354
9917
6462
4902
968
9753
3802
3687
937
9127
3314
6596
5840
4593
2132
1425
7872
285
6336
2982
8658
8882
59
3392
94
3382
1516
9341
2794
2861
1899
1275
2915
7530
4672
4978
901
6942
7685
2126
23
4105
4981
2268
4932
5114
7521
5812
3251
3878
3135
3477
8873
5987
8115
5301
3806
6674
7780
8648
2766
8379
9082
6864
6520
4618
903
8655
4425
7665
3371
7512
7638
8023
1952
5750
8869
5953
3787
815
3763
8506
9074
8086
8671
9142
4283
3573
751
5261
9359
7489
3753
2366
6059
1963
7702
9296
2049
4316
