6234
55
9957
8746
1723
8729
7220
7519
6251
6115
1534
3560
76
4442
9443
2445
5825
1975
6339
7240
8492
8070
9861
4085
9481
3466
5849
5211
3601
2516
8754
275
1718
3209
2192
9861
6422
8627
2207
805
8210
2414
2911
2371
1910
6777
9011
8482
6332
9888
9605
3539
5873
9348
3004
2924
4211
4653
3266
1035
6476
8418
8186
9596
6256
7452
2145
1186
6219
159
5037
4103
2024
9045
3383
2138
7312
2332
9132
2255
3809
7075
249
1144
8691
2247
2905
6800
1910
2775
8719
4345
6076
8292
1421
4984
5530
5553
8366
178
2666
2885
483
6157
2517
7423
6762
8056
5265
5283
5708
7118
1480
6229
3839
3412
2814
2607
1989
2340
1763
9073
3578
6870
5800
6646
3133
5498
2928
7442
6432
4094
8756
3455
348
2648
6844
6430
9973
438
3871
5665
2642
8987
9515
4959
4703
7300
2115
7958
1854
9554
8536
4023
5272
5591
1207
6741
7774
3217
6384
2392
8873
1635
4304
9490
3979
8062
3005
5995
3079
9741
8596
2364
6386
6691
7087
5509
2696
9200
4445
4409
5601
4591
4473
2309
3758
8299
4661
688
6155
6043
7022
4453
7755
4227
8695
2997
10
6301
3735
1537
8101
5618
5666
7175
5389
4939
5723
9782
5599
1507
7549
6714
7966
1179
2708
785
8999
2398
4571
8256
4145
1637
4125
5589
3362
7347
9847
6341
3063
7326
9839
4590
4370
3984
7259
5563
6239
694
5702
5362
1685
4150
1210
6821
6961
8756
3639
7213
1985
5757
3127
7074
4413
3536
5941
6086
5292
2626
8280
5741
8229
4199
7493
7602
6672
1196
1094
5586
8230
4824
553
1339
4703
8406
9433
4117
8992
172
1349
8861
4950
4479
7260
8200
1457
8293
1951
2803
3054
8952
5854
4945
2014
7056
7041
1727
8696
2423
4848
5177
5967
2087
4442
1581
7075
712
2407
7642
1855
5509
6492
6026
2544
7955
2208
2758
9426
3656
2217
7564
6351
411
3268
6244
2482
5943
8594
391
2896
5106
3570
9373
2727
3187
8188
6518
9928
4169
3393
1834
7197
8291
3870
796
7933
827
6946
3531
3157
5434
5199
4033
3238
6553
9669
7965
2578
8612
612
3525
9963
9617
7399
7639
6178
1281
8042
7033
5230
4120
707
8530
1619
5554
1462
9484
3298
9593
7706
1025
795
1521
2016
8638
5134
6238
35
9908
528
2028
9336
8683
5286
5373
8915
1526
4166
5226
8614
845
8355
819
4521
7707
6626
3583
8628
5367
1065
611
1649
1609
8136
2123
8709
7565
5142
6787
8499
9128
2662
8095
2898
426
5977
1495
4668
1158
7078
2993
7691
9300
407
7352
5305
3133
9815
1524
9279
2069
1282
5546
1280
153
6032
887
8274
7079
4619
6371
3892
8744
9402
5522
7346
7602
4295
8553
4319
8136
3795
1685
6130
4613
5845
1296
3324
7251
1070
8004
7787
7451
8079
7686
9098
909
319
4648
5118
2981
3973
3306
9257
1712
4925
8868
3869
324
1927
7442
3335
4408
6879
6949
303
809
5175
2788
3515
4537
7948
7140
7367
6262
36
8061
2076
9556
3684
8422
4089
9790
9235
2720
38
49
2376
1700
5458
4090
1547
4893
9370
4856
917
4579
9360
7419
3802
7705
1623
3477
3145
4504
7964
6436
9606
1597
7226
1339
2670
4464
5217
5928
9286
5530
407
6907
5839
6103
7846
1591
8478
5054
1908
2053
3290
3342
7083
1567
640
2969
9443
2018
9503
5920
7417
3599
2328
88
6209
461
4210
5630
9238
318
6259
3500
1376
5181
4838
2205
5553
9087
3700
6255
9407
5651
3932
6423
9134
6261
7192
1612
585
7949
7024
9324
7395
6906
2519
6331
7139
470
8546
1428
6197
1899
8561
7893
8920
6713
4695
6604
7602
6508
169
6839
3056
1675
2366
7867
5794
5876
9902
1388
6908
7779
5608
2909
917
509
5035
1419
1944
9569
3945
1850
9508
8500
5776
6513
674
4170
3709
1199
9240
5099
7866
2354
1118
3538
1519
5048
2846
872
9331
9345
5667
9218
6760
6977
6676
6375
4212
4551
4300
1219
3671
6245
5723
9367
7563
5243
4219
3217
8322
1267
2152
2693
6138
8244
6172
5331
5434
2859
8949
2617
3511
1705
9179
2030
934
9291
8371
7580
1171
7180
8230
870
7294
2278
2341
9055
3506
3080
5471
3312
4955
2150
3970
2734
2563
3575
2109
530
8671
9210
9578
3189
7646
7228
9353
3499
2915
3927
7503
7192
305
9856
5103
661
187
7761
9280
2556
7548
6491
7509
6277
3334
2543
9917
821
4830
347
2263
5628
3254
8790
5331
2613
6211
5345
1993
6013
8689
8679
620
6835
5808
8544
4475
8858
4370
6558
3949
6725
8183
1776
7984
8112
7776
5307
7337
7805
3550
8188
3408
7085
2650
9308
9122
613
7606
9892
7416
8713
5984
211
377
3274
3537
7578
7681
8139
1912
8513
1263
6124
1524
4137
8246
2852
7505
4807
8922
9096
7133
1401
2939
8970
817
754
8342
174
5404
6743
2058
2436
7045
1997
8418
303
6348
7746
3961
6874
274
276
105
3771
2113
596
9693
5575
5408
1790
5128
3515
518
2844
4615
2968
3612
2127
890
5611
3670
3998
1759
8467
6325
8967
8513
4634
547
4812
7090
8728
7569
1081
439
9481
3084
2518
2179
5802
6854
8687
6312
1426
9
5075
4611
7012
2425
6249
73
5975
6184
2096
8613
9840
9865
1994
3620
8092
7934
8159
7050
2864
1428
2443
7300
8305
8193
4556
9922
4824
8918
3821
6983
5873
1974
9459
1134
5763
2501
1975
5290
7203
7851
8637
1360
6053
9571
4143
7307
4600
1998
4383
4489
6861
2897
1836
7144
6031
8643
2528
4164
2483
4477
2732
6809
8280
4885
7867
652
4736
757
2302
8930
9903
7151
9701
4598
5143
4936
7050
113
6479
7657
2526
3919
5403
4665
4808
7589
2095
2973
5850
5724
3322
7881
9170
4368
6301
1423
662
8123
3210
9700
850
4740
4729
8853
1659
7385
7922
7655
4603
3300
3449
1431
7490
2915
8513
1001
8297
8278
6317
9868
3265
778
7391
5217
8878
526
9327
9266
4178
8553
3358
3443
3734
3650
8309
6364
3597
4384
2571
4558
4379
1599
153
2193
2519
7923
4886
1309
3772
5387
9574
6397
6557
3432
132
3612
1474
8635
2359
3703
6553
740
8903
5194
6113
9774
1430
8234
7088
7962
8750
3291
8683
683
7384
57
3703
1867
7103
6937
815
2883
4446
5070
1039
5404
324
1938
880
9965
5493
192
9872
2457
1993
9646
1427
8502
101
9215
8464
2922
4076
3496
3593
2458
5630
9716
5389
3454
5656
1489
2032
1161
2729
9860
2955
3347
5709
3803
2688
9482
4252
8566
6968
602
9766
708
827
7140
7267
9853
3435
6717
531
5753
7284
1143
2400
8718
3268
9133
8607
5855
6991
994
6199
183
3739
6378
754
7790
1625
3506
6464
6800
2251
4496
5299
7399
4738
8716
8318
2089
6277
5984
2711
6018
9913
1958
3371
8325
1591
2117
1403
1527
3469
9529
2868
8875
5952
3416
9760
2082
9481
9008
1086
2265
7801
5590
1941
7021
855
6430
6960
9608
3671
1337
8366
4420
2749
9404
3333
764
6688
8185
7068
1750
3084
655
6147
3184
9223
144
2937
6205
8169
3699
4543
5231
8977
3297
2735
6182
2166
4094
1483
6152
7553
1848
9835
7841
8894
8222
635
4853
2327
3588
6688
8907
9267
2016
3296
9867
4790
3340
3273
4973
5840
4074
7901
8164
9881
7305
9300
2220
7938
6412
4956
5309
5108
8299
2462
1350
7703
7386
8420
482
2999
118
9896
5671
522
3546
5182
5952
4393
3165
2431
8031
1607
3890
4286
9825
5093
5223
5585
2558
6442
879
6904
2199
6970
3550
9418
7965
9761
6281
6492
4045
3807
5999
6894
8858
4757
2365
8392
4503
3584
2540
1857
4543
865
4466
6930
8518
8169
2805
721
278
3110
3983
7188
225
3160
9220
5435
8949
6556
423
3051
888
2025
3844
4825
8569
6009
9902
1669
375
8983
7460
3814
2692
7539
6821
5777
3333
7476
7366
1547
7117
7453
6701
6638
1605
9567
5930
8823
1688
8929
7157
2227
3159
6212
440
8004
7069
4899
2132
6113
2464
3455
2263
4957
1529
2942
4773
9918
14
7705
9960
5202
6920
9398
7726
7215
3496
3344
8545
8584
7866
8371
2298
414
6004
7046
2157
6354
5138
7696
2989
2239
771
9887
885
9315
3461
8007
9832
2151
3300
2756
8673
9110
7395
3898
8789
9724
1014
5150
210
7076
4529
7754
8320
8747
8738
5362
2429
6267
5376
6392
9308
4334
9276
3504
1471
3833
5411
1811
9213
702
7136
2223
5839
9653
4116
7267
6001
2386
4
7291
9430
2903
298
4496
1714
6788
5556
5052
6797
1308
1334
4579
2150
8952
3707
8128
2989
525
4765
7161
9722
8189
5778
3613
3116
9484
3337
6713
275
6644
5295
9251
3563
7339
8051
1034
2137
5202
84
7465
655
8235
6109
2842
9919
7884
1907
520
3000
7180
9093
9655
3665
6503
5215
6572
7356
1695
7553
4945
4974
1541
4600
2677
5882
154
256
5854
5004
9616
7893
4467
6927
7145
4641
7039
9907
7120
6606
1807
6444
4006
8155
8205
591
2021
1975
7009
543
2486
2840
5605
1708
4195
3907
3377
1368
7310
5373
703
1176
8856
4313
2264
3006
6315
2422
1292
7235
4020
621
1052
872
5828
7305
9504
980
5709
9843
5098
7611
3274
5314
9302
4868
9383
1735
2608
9744
2429
2964
9966
7447
9743
604
6422
9312
7158
7198
1241
703
2381
5203
429
1380
1649
3575
9926
2309
4860
6155
855
1052
9325
707
2938
5459
6892
8133
4901
6264
4584
1728
6196
5608
4856
2884
4725
8251
350
6770
5490
9626
842
2201
1730
8075
4820
7472
1305
9286
9698
3948
7088
2752
6553
8487
4930
2610
5516
7704
1248
1576
8615
4151
941
4077
424
1294
6485
2613
3098
9210
5414
3677
3557
3915
4857
9
2057
5879
3090
8544
6219
5154
5147
7448
6988
4653
7954
3293
8141
9938
3188
8206
6754
5412
9818
2206
9106
6052
647
6762
4374
7317
3051
8621
4179
2006
6143
7891
7202
7920
2999
4741
2171
9761
786
9944
8149
9541
1375
6976
8356
8712
4209
4497
9103
202
2289
4485
9087
3474
9340
9092
6719
2120
9249
7467
1315
225
3163
5109
2883
5302
6955
460
2535
761
5927
777
7951
8796
5336
4278
8305
7555
273
7122
3501
2983
5684
8318
2528
1021
4038
8894
8936
6141
9385
7988
3710
4803
102
8806
14
425
4236
2772
8766
3212
3859
3962
65
7796
2880
7533
1497
4566
3848
339
9379
8236
8905
2771
4444
2335
5833
8520
1684
3499
1771
9226
3175
3819
1659
5207
515
4453
9391
8030
5092
3820
4746
5167
4891
6858
1117
899
837
1733
1542
2699
8161
4706
6491
5968
5357
9934
8336
8708
2046
3746
9365
2871
8959
6761
7522
4365
8192
2128
6988
3306
5708
2607
5894
4746
217
1101
7562
2651
3989
9377
7363
8727
9648
9289
8409
1052
2409
2961
4541
9463
8440
3069
309
1347
3212
6243
8498
2695
3379
6521
7372
7516
1062
9358
2706
5886
9776
4410
4543
549
3
8781
1090
9247
6372
6569
6306
9394
4686
2368
6467
2331
6798
6653
7100
2893
3815
1659
6701
3987
1177
9315
2633
4737
7428
9052
9934
2224
3336
8289
5468
4002
7986
5881
4523
2528
7542
7034
2521
1630
9180
8283
1478
490
5044
1453
9235
5702
6028
92
6024
7619
1949
5563
8372
580
723
4388
7453
7618
6299
7088
708
3342
4435
8504
344
3236
6866
9800
1778
8118
8212
6029
9743
4112
7497
6469
8819
4642
3411
3368
49
2940
6862
6680
1733
3714
9151
4047
4647
1269
8346
3830
4257
8891
1816
9863
1939
2510
1926
421
4917
5469
6121
9027
6344
5245
2789
4842
7109
6315
8442
2730
559
7734
6510
3082
2173
1861
6225
6480
7225
5606
561
6330
673
6013
3047
7800
4330
3139
5055
1249
8181
5757
3706
8462
3905
5027
6801
6966
5703
9945
6990
7535
5613
7372
9892
9746
1586
3549
5272
6899
4724
4320
6852
6558
7627
8165
4695
9060
9452
3095
3795
7616
2131
2671
3291
7753
6739
1356
8091
2031
6596
9535
5213
171
5498
6177
4637
1926
0
9606
9818
6589
9457
2661
4546
5398
656
7283
6479
705
6319
6783
3905
2431
2385
3847
8005
7210
9652
4607
4931
9133
2951
4765
2997
7281
5830
29
7008
7831
1576
4673
8408
69
2441
2934
4272
9536
3677
942
8940
2867
9512
2736
7253
1262
2881
5310
2879
8163
2282
9561
2869
5957
3945
9896
9909
4344
798
5482
806
1463
7073
9571
8410
2730
2098
65
6133
2535
2373
3338
6306
4213
7097
6554
2207
9734
4312
9828
8557
1792
8554
6205
9182
8672
2004
1665
6742
6236
2289
2682
6799
4908
8718
8626
1171
410
354
7208
1771
5637
7723
9873
7669
203
1141
8383
9962
5093
130
1429
2752
3276
3957
7114
2680
670
3579
1403
3816
8725
213
5702
2890
308
3025
3613
6839
6073
5201
6261
5534
375
56
339
81
3688
4516
2811
2348
4234
6333
9029
9766
2313
8530
2033
9309
4434
6469
324
7181
2270
93
3723
2925
1636
6037
5279
8804
692
3224
7523
6738
9029
602
4120
9876
1398
270
6256
9904
4410
8732
5584
1484
4317
6113
599
6350
9796
4094
475
3094
8114
6631
1347
9350
6087
1744
1789
415
3570
5777
5183
1864
1512
1833
7767
5011
9941
7171
8296
1623
3175
4128
9936
149
839
5330
2245
4690
7744
4408
7340
5658
5784
1081
6100
4759
5224
6378
6600
985
2948
7658
1649
557
8826
4297
9410
3604
3533
8949
8650
2889
9807
5550
598
6864
5316
8953
8618
5227
6607
5489
121
9130
2334
8516
9929
8683
9116
1360
8789
4434
1568
1419
4104
9390
1293
4618
9774
9325
5728
6934
8510
2202
5780
4150
6713
2275
4509
5553
7301
6262
8095
6104
4545
5004
1066
3288
9257
4942
5468
5934
4575
9046
2585
705
2819
4103
8927
3390
2349
4515
2177
8114
4086
2253
6568
5576
2525
9428
2279
8057
798
9870
3958
4299
2523
3448
7967
9746
7495
3539
2826
4131
8333
4351
8931
9314
4345
2658
4255
3648
7477
4548
9610
7207
6552
4707
2181
5053
6268
10
2853
3229
7103
1661
6456
4486
9914
9530
9970
707
7266
428
6599
2498
6470
8604
7144
1747
7558
128
6357
1986
3413
7870
5042
7295
5831
5020
2551
5894
628
4153
7524
8922
3037
7505
2638
2008
4891
2832
8565
8277
9251
8642
2261
8779
6813
3970
6154
1709
5907
3261
7719
8939
2889
7801
1308
5639
8285
6638
2844
2984
630
3533
2256
997
7332
4433
5459
9345
8013
4856
5329
4535
5085
4690
3393
9671
6832
2973
9661
6999
3401
2295
1086
3175
4011
7538
88
7314
3284
2710
7606
9182
6555
6422
8821
1164
7392
2474
4104
963
7178
3734
9024
1527
5337
9736
5654
8456
3358
6450
2639
3998
1453
335
3392
6397
2118
9519
6893
4947
2667
3835
7198
6060
8320
3565
2059
1731
7911
7228
609
9112
7623
7292
5042
5584
3068
1858
2360
8116
9351
8784
9110
5065
2128
2926
4118
8145
1320
4037
9956
6296
1095
5918
9447
7133
6317
3943
3834
6219
2723
9333
8008
1669
436
1516
3926
162
5002
8087
641
1444
8723
2418
2220
6559
8201
5684
5351
8601
7143
8388
4452
3042
264
8596
7400
3526
1423
7469
9736
354
9166
6960
4662
7870
4127
4967
2427
1620
9183
8126
1530
9475
358
3142
6207
1020
3234
480
6748
809
1062
4612
5662
667
7714
4202
5453
6597
6798
8254
8258
5344
2493
7102
9033
4855
7551
578
3863
5554
2436
6198
2679
513
2080
2480
6820
6225
9642
8304
3962
9348
8136
6092
7076
8255
883
8837
4385
8098
1583
3162
2194
4190
7537
8776
3534
6870
8575
6198
2526
7939
4366
4675
5256
1976
6441
8885
6354
8907
5160
443
6031
6180
5242
9406
3882
3493
9042
6540
570
9225
2989
2125
5423
4420
2906
7705
2983
1322
3445
6256
2228
403
9010
8700
3582
8325
7983
9756
7332
8899
931
3254
5656
5446
9370
2279
3640
8203
1743
3029
3987
5490
9638
6037
5447
2704
9158
841
3300
7511
5422
7083
8527
521
9475
4381
1779
7715
2106
171
3758
3240
2710
7279
9805
4003
5292
9090
8625
9274
1652
7182
7294
1998
693
1467
6869
5086
8813
391
5239
9253
251
1138
4697
704
4129
936
4561
5275
9411
7844
4930
1448
2795
2103
6687
9564
8745
9048
4676
5740
2343
7492
7590
6127
9967
9284
3839
9708
7089
9767
5656
8757
229
693
8051
6550
772
2251
9079
7556
4848
8477
8356
5710
6999
2837
4840
4006
3028
1811
1425
8826
8861
2539
4307
5463
7834
772
8321
3442
6538
1724
2414
6480
3423
7763
6343
7437
2481
2119
9627
4000
2130
1612
8732
8554
7792
9506
1292
7423
7917
6878
3233
6275
4515
8412
8095
9978
3617
841
1504
2088
2170
3799
9830
2026
7240
2146
6966
8559
4202
8177
8760
3537
5385
9409
5491
6568
7639
1825
1865
5803
5785
1595
1491
9364
720
8858
3334
3231
4366
2740
6091
4358
8758
7230
3915
6874
2053
1642
6318
5774
1832
7380
5107
9188
6095
2323
5269
5167
1988
2232
6786
3213
2389
8645
8007
1064
1840
6684
2181
4097
1357
5637
4242
2976
6133
3106
2435
1206
1800
7056
9780
5215
734
4632
7329
2093
3183
3059
6821
8504
153
3338
5227
3304
3079
7522
8034
5990
9442
4882
9137
5624
4148
8805
3026
6596
6482
6128
4850
3281
3184
9677
6269
4364
5253
9438
1783
8400
8680
550
2866
6515
878
7527
627
6066
292
9061
53
1714
2953
3194
5727
1511
4768
6083
6571
8128
1287
5321
762
3960
1511
5534
2597
5736
3303
5159
9376
5086
9408
65
9465
5316
3465
3745
8975
6849
1221
8928
4812
8956
887
2480
9675
1033
7788
9091
8765
1808
2365
3227
5184
6849
5471
2457
1000
8090
8484
884
1330
1327
1527
3355
4644
9968
7707
7206
4653
258
9007
1243
5164
6793
6204
7652
390
1887
2907
7459
1645
5911
794
1294
7543
8091
1795
4610
8521
9598
8285
7690
9953
2832
5118
6745
4271
4660
7156
6133
5459
2158
7585
4511
2276
6623
4821
3274
7054
9066
1306
1626
2561
1737
7814
3356
7962
9172
6207
1493
2337
9143
4353
1342
567
3266
4117
8365
2076
4759
7837
1118
2842
8210
1970
9645
787
9522
6850
4486
2994
37
5544
5897
277
6137
1585
2285
7674
5428
6435
1227
8491
2459
5076
1817
1806
4425
7074
8627
2246
506
6051
7113
9913
1380
3321
5623
6432
8236
9451
7789
5016
8756
2216
4404
6485
2249
9723
297
7025
6742
1528
3025
8180
5385
4057
4463
705
4879
6568
3626
6787
1580
7446
5054
3846
9245
2804
5329
37
6909
7406
9907
1363
5774
2722
3332
7875
9082
1241
2611
194
1
8508
40
8393
5330
6743
2462
2318
8472
4840
6399
504
3829
4593
2266
448
2790
1284
5957
4771
5631
269
8649
7553
4674
6981
2894
4758
1502
1535
5750
2799
7778
694
9951
2058
1599
426
3639
8252
4879
2132
191
1562
8874
9279
7224
4301
9359
2999
8741
8261
4772
1999
3513
4725
6030
4477
2998
4905
458
9592
9495
9368
8737
4963
8770
6882
6871
9215
1804
5226
1076
6888
269
8117
6666
4280
3404
5114
4696
3146
565
4755
6867
6301
2457
678
6876
2467
6630
7201
6257
3690
4608
3557
8354
5321
6032
8534
6315
9656
576
9698
3232
1525
2940
6792
3781
1970
3089
9765
4234
8770
5397
2379
8974
6
1033
8610
1672
8355
7436
7058
6844
243
5731
6725
2960
4656
7644
2745
209
5323
9881
5225
810
9963
172
6792
2214
7440
5485
2717
1322
2405
1743
3164
910
2950
3822
3634
4028
8099
3752
2372
3986
7246
467
2699
192
9541
1257
8221
1848
7745
4474
2333
8559
8613
9280
2448
1884
2565
8826
8068
9606
2040
4168
9974
6748
951
6648
2082
2238
2950
3192
7782
9019
8058
9779
8804
4774
3651
2709
2057
9188
3101
5306
4765
7493
993
5004
3481
4211
7008
9624
3648
4823
7696
774
2241
7523
5565
7077
7722
3532
8509
1371
548
6417
1191
2652
4495
9063
2381
6144
2129
6631
7989
8164
9945
6157
5152
650
3819
2851
8011
9085
2464
7468
2853
1322
8086
4055
9688
1696
5284
4788
7220
5590
4148
3523
9284
9908
2026
6187
5222
5794
6957
4620
4279
8978
9243
358
1953
4191
6604
5209
391
3377
3494
5340
1164
2751
9305
4276
9131
9360
6500
1103
647
6919
1544
56
8998
9796
8132
9192
3045
6153
5983
9464
2577
9797
2429
4003
4022
6224
1835
5373
3122
8023
8362
346
9347
4768
2920
8905
5019
8740
4526
4728
3508
702
9962
5186
2546
6463
6315
907
9837
922
5473
3741
4494
5012
2765
2588
2166
2393
5452
7905
3119
4684
8559
7751
6197
104
5197
1859
9735
8633
669
8661
8013
2926
9954
703
851
8137
6366
3668
3774
494
7379
7179
811
4227
8254
2931
5049
2505
3535
6944
3517
9256
2871
3909
1567
1393
4039
6077
7229
6245
4331
6118
4257
8957
6225
1535
2846
5834
6555
3891
6466
8047
7177
7681
5634
8676
2379
9286
1477
4472
6855
4503
3191
7978
5815
1262
8664
4286
9289
7163
4238
7597
6716
9180
3496
7817
7137
9668
2008
7163
3009
9010
7448
4918
5016
1734
1978
3579
8101
1240
1570
9310
5177
4770
5629
1732
3700
6077
9988
3806
7243
8611
6129
7138
8751
1716
9100
4963
7713
1234
9648
6805
5786
35
3772
4527
9906
1992
7182
3551
3909
4003
7382
2053
7406
566
9044
2061
6935
2172
2462
8380
6739
8877
744
5624
8957
8240
3194
5827
710
6074
8837
6882
393
1028
8575
7421
7777
8805
5218
1893
8015
4531
1699
813
6972
598
4220
9077
9743
3004
7527
9930
2730
1817
8039
4969
626
192
5251
7461
5873
7851
6418
9703
3547
8965
3416
5679
8656
9244
7263
4308
7794
7824
5919
7415
1385
2872
279
4825
2855
1952
8906
5710
6843
1490
9553
5093
1256
5945
2025
3787
6491
4817
6458
7953
5598
9135
6040
9346
1153
4593
9491
7497
3857
6681
6771
7674
367
7573
6076
749
2300
3962
5287
9403
7246
203
9103
9473
8246
3149
7756
4618
9267
2260
213
4180
2823
1056
9658
3554
2570
7050
2124
9688
7850
7457
924
982
5792
5467
3416
7693
6523
4266
6886
4762
4882
3427
9624
3644
6764
5329
5725
73
4108
589
4135
5780
7423
4042
4556
2697
8426
2609
7096
7882
7120
3813
9420
1544
2200
6461
8408
7709
5078
1002
9823
5283
5665
6019
2960
3987
9742
6103
2177
7376
7486
2621
3095
8253
4767
7983
3336
4201
4075
851
2516
215
3558
5599
7355
3151
8918
4609
4542
8102
3228
7156
3597
544
3741
835
8221
7191
1834
3503
5568
4566
4153
4367
326
6617
5097
6357
3437
1620
5473
8728
6722
4887
3523
1361
5015
6243
9571
1831
6783
7722
4960
1442
837
1735
8697
463
1798
4020
2414
5324
1098
6693
5773
5998
9433
9807
7042
310
7405
280
6829
9684
3509
9918
380
9796
4873
724
9315
2061
5913
1602
7404
8363
5991
1330
6261
163
7296
1723
6266
6753
7899
3422
5646
2589
4848
3239
7860
3964
8075
6201
5162
5780
3721
1402
7859
9644
4485
678
4423
862
8805
903
8775
7465
5750
446
4090
7448
2512
4941
825
5723
2458
3369
8863
5068
2901
2593
4230
2797
586
718
2263
3301
1395
9121
9922
8223
6683
6527
3345
9594
3657
2744
9938
1262
7611
6210
2493
3329
6504
742
3204
4914
9501
5179
2186
7236
1345
586
7240
2137
8706
6091
2662
3531
2507
8891
1786
3106
7632
6432
5550
6257
4331
4579
6234
9561
5035
7056
539
1284
8140
2256
3363
5250
314
275
8965
9071
5522
3291
2994
9261
982
220
990
5474
3080
7931
3468
2313
9241
4691
382
7866
2087
6905
7160
7778
4557
6535
3336
6230
2609
9629
2537
9138
9679
3515
5322
3085
8001
1834
5264
5714
487
3542
3638
6475
2194
5714
4699
6703
6197
9001
6288
5543
6528
595
6256
3611
1344
8473
5771
4086
3468
9098
8497
7346
2649
2949
5203
9608
7565
4913
1437
2122
805
706
2994
6869
2327
5806
5931
119
5066
896
9036
7455
4460
6213
1808
5011
7742
9509
8831
8940
9036
7224
7920
778
2121
1399
639
6851
5196
5310
8548
3979
1618
1705
9977
8597
4831
4491
1348
3538
8344
1677
8808
2527
1289
1348
528
5520
4182
7117
7578
1023
9111
1062
1477
333
6054
6861
791
989
2435
2962
614
2482
4870
6730
1204
805
775
8822
2297
4513
6226
5984
4718
1713
4396
7789
5733
350
1600
7760
1619
8262
856
9230
3834
7064
381
5975
9426
879
6530
9445
9516
947
7386
1660
4727
7082
3178
6916
6383
5813
798
6424
6015
8414
409
1367
2898
8741
8567
632
4319
7246
3953
933
7464
8824
2904
7636
5766
4821
2518
5696
8802
9958
1790
4651
9363
181
1097
3796
4767
816
3872
3691
3847
1272
6739
215
6468
9715
4770
4186
1426
9436
9081
1946
6197
6349
9704
4744
7436
6692
4938
7510
6922
7077
7989
5986
8582
9750
1478
6275
348
5579
3151
5766
3483
2455
4336
4714
7788
7615
1340
7342
7299
6930
2540
6385
115
5952
1758
1537
7333
8011
3279
8871
8975
9939
3566
7823
9051
1895
6411
8542
5582
5597
2878
1504
6580
1746
1545
3838
5506
280
9440
6697
4666
8213
5833
5197
8836
2698
2465
6789
5042
4260
3475
3332
6292
7164
6814
2918
7623
9217
3176
8808
2244
2269
9284
6606
4452
6583
3287
3594
9981
2143
1344
4256
2733
6730
7507
6005
265
7769
9086
6519
3022
5249
8462
5408
9714
6987
8655
4042
7361
9612
3766
6625
3366
9382
7763
1692
8692
6298
1277
4113
569
5565
9476
2310
9211
41
9049
3963
3478
6294
5763
4330
9361
735
7932
3641
9740
2377
3913
4332
6463
8171
2810
7164
846
5441
6774
3997
3817
7741
7535
3953
8011
2210
39
2921
907
1443
1173
4993
2055
7357
7684
3542
9611
2774
3281
925
9556
7478
1570
2599
8549
6334
6619
3450
6022
5360
6874
1854
9324
6544
2030
8689
2740
8517
7155
254
8171
621
7904
5467
8002
476
704
7305
9165
2675
813
648
2739
8379
851
7595
1423
9676
2063
2666
1199
8221
7362
7061
1112
2251
6257
384
1327
7189
3703
2987
744
4880
9050
1284
9614
4599
385
1025
8955
979
695
1753
4711
2192
9060
9943
9584
8485
7344
5779
6937
7888
4519
6631
6569
5349
9643
5360
6157
7941
7587
7481
7379
4909
9180
6263
1332
4412
2351
2683
8100
8547
9269
3474
3012
2036
6219
1126
2326
4214
340
3040
3232
7864
8643
5521
3060
2702
6219
6642
5611
20
3434
1630
7965
8926
8607
592
9143
4272
7130
6092
1146
7425
7006
3772
5599
2398
4640
6574
7433
1537
9280
4766
7176
1995
8337
8219
2523
9150
2629
1469
3810
6281
9098
3551
3652
5500
7752
7598
879
6032
1639
84
4631
5834
8770
481
7967
8759
9929
9533
2952
863
6409
4438
9934
6713
8870
9355
7628
3106
5710
7757
1324
7910
8288
9143
1206
9105
6905
9962
4426
5960
159
874
8936
1164
655
6786
461
2988
8322
234
6894
7765
7013
8285
8338
9918
4196
8877
8543
617
1753
1409
2816
8358
2409
3346
818
396
1961
3695
9662
6178
4485
5288
6767
9357
398
3383
4298
6678
6912
5047
739
3258
9073
2084
4578
9655
722
8611
6142
6843
4507
573
8479
3261
2627
6269
6639
3691
6406
2747
9885
8393
2976
360
1394
5529
9879
7280
8224
3913
1476
337
8601
7598
7692
740
7731
835
1043
187
5539
5991
9021
5731
7194
2614
1336
9903
3656
5071
9309
5410
9073
4005
2874
3335
8947
7976
9003
1095
6733
8496
6791
4535
6702
6567
381
8602
5710
2325
5113
5465
20
8094
4364
2266
1629
7943
8705
5396
1784
3620
2902
3302
3394
521
3413
4677
1168
4455
7280
3155
852
6482
4275
6032
5585
9282
3767
5038
6177
5666
864
3905
223
2610
8096
5804
772
7699
431
5622
2021
3925
1033
7624
9629
4146
736
9311
3267
9967
2577
2535
9216
8720
6236
2247
2315
5837
7851
7006
29
5644
640
7822
8416
7540
5465
6915
48
2866
3185
1612
101
4355
8128
7159
5208
2282
3836
7607
3658
4369
7224
8767
8618
3551
6884
6311
2361
8347
3718
6575
8559
3401
4838
8878
760
2089
7584
6340
4295
8765
2856
6856
4094
8393
3607
1208
8000
6581
4966
4269
7479
9211
3513
6436
5152
7629
6141
1245
2518
795
8652
7313
9448
8532
4158
1660
3963
6790
352
8797
562
5097
641
1314
2956
7677
9468
7265
508
5267
2109
2496
2142
4395
7955
4608
8075
3090
1809
2033
9090
9227
6513
2144
698
4305
8831
3748
3351
9564
3649
5724
6425
8373
5118
5656
3330
2109
7231
2056
6838
9724
96
4648
6225
1210
320
3133
8717
4881
3810
183
7434
2524
2176
3765
9385
6695
729
3112
7302
4866
4308
8785
8811
499
8011
6336
8071
4838
7512
1213
918
1762
7545
9262
7759
5859
8312
8204
5004
1496
8769
5573
3665
3416
2472
9344
4581
5461
2084
5941
2630
3444
3002
6625
7273
8525
4011
5934
389
6114
7048
5052
177
3321
6344
1428
377
5101
8224
5151
6767
2202
7176
820
8198
7875
7487
420
2895
603
6472
7306
5712
2551
2746
7593
3272
9485
8679
1485
2849
6883
7242
5477
4744
4803
6909
9493
1345
7957
9156
2870
9798
6576
2560
373
3728
8340
8867
516
2297
3690
9488
2714
1483
3966
1672
4448
8223
2717
2433
6828
7913
6235
9866
579
520
1130
2079
4092
1119
2233
4221
9111
739
9403
2109
9154
20
8713
9321
3588
1214
792
1345
1718
3035
318
1228
9349
6146
3394
1701
4090
965
3835
5872
986
451
1331
7926
521
3030
1868
32
9896
8642
3394
7647
8249
8159
3716
5868
883
6517
7083
2861
4551
3226
2708
7435
7559
2903
9696
8780
4730
3102
7739
2045
7585
2099
2041
3287
967
839
4197
1545
7661
6219
9522
474
4836
2886
7436
1787
4213
6426
6408
3116
7014
3868
5901
4931
8671
6895
4564
9183
9195
9266
3994
6545
2072
9050
5923
6524
6719
6879
9680
6140
3127
8758
9331
3230
9376
5140
5740
6558
9310
9683
5514
8081
6923
7762
7740
6855
5758
5780
8011
6526
4244
1105
1172
3133
2644
718
5571
4225
5566
2569
7099
9369
2360
8478
4873
3831
964
8476
3196
8355
943
7446
1616
8477
8152
6002
6185
5692
5048
1944
7850
3406
5903
7605
960
9851
2304
8455
6822
2772
1462
7822
5530
9380
5315
6194
7326
3635
6323
7928
9740
226
1141
5259
8555
6593
510
4478
2590
5482
3238
4628
9966
5574
263
8282
5918
43
5830
1010
468
536
443
8301
2943
5788
7503
7006
5388
7966
3165
375
3569
7185
113
8808
3719
285
6307
7131
7086
2846
5888
5110
612
1352
5430
7342
7950
1864
6909
8857
3730
7032
499
2240
4177
2205
1817
2710
5832
2642
80
9680
1761
3437
5968
6657
1508
3628
6518
6597
8966
3955
8367
7508
1735
9998
1230
1919
9727
7939
2644
2454
8818
3832
6663
1462
5798
3045
893
7882
121
1726
915
1578
7217
4173
3158
1777
4702
3921
8044
6216
9679
6185
128
1391
6573
248
7063
3966
9963
2900
3938
7254
9318
775
5250
4783
1928
7234
6857
7606
7390
9395
819
9831
646
3176
4423
5655
3841
7876
554
5596
6726
345
1546
1186
2325
1351
6598
2068
7010
1158
7661
9296
1930
2886
5983
9780
6887
6098
8566
2140
2625
6772
9690
8751
8583
234
5941
2026
3189
3134
50
9680
9885
1170
2560
7395
3590
8550
4733
6946
1208
7453
3074
6693
40
1518
9632
8348
3882
2530
691
3160
3316
3094
4766
6430
5187
9019
9983
7515
1095
8059
2802
4805
9776
4209
4299
6645
2571
7827
2648
7314
4946
5077
6168
5322
4181
4859
5931
2991
431
7956
4979
1458
8780
3302
9888
9172
2241
4226
9458
8254
5226
7021
2777
3825
4369
5377
9379
6421
1891
8748
5120
5758
6471
9719
5401
35
278
1861
9227
7105
6482
2377
4100
1656
4329
1102
204
8227
2665
3812
2268
2120
9056
6027
5406
9359
4292
50
4204
3816
5981
1374
5519
192
204
4649
1726
7790
7040
5450
5948
7324
8693
6606
7220
1680
7981
6084
4051
8750
432
4214
3076
5375
514
739
6433
6647
350
7301
7251
9714
2542
9648
1439
2490
6567
5403
4227
8369
6255
6796
9162
8535
2849
2963
551
2987
1560
7838
6178
564
8569
7216
4949
6593
6990
152
7055
7044
4223
410
6506
8142
8371
5764
7500
6401
6901
1741
9923
9044
1251
6836
7103
5091
7520
9330
1376
5840
2375
1327
8342
9764
2836
9054
4917
1609
9678
548
8011
900
4216
1191
2407
9153
2493
2895
138
2802
1254
4310
8558
3802
7726
9010
1224
9928
8072
4393
1065
2790
9883
2004
6436
9209
7780
6158
719
6756
4845
8673
6138
9972
1484
7033
8126
4506
5350
7093
5855
9135
6799
3730
4373
4044
9435
7452
2917
411
3400
9670
5512
8636
3174
7125
4183
7239
6647
773
3645
7326
9300
8361
2213
571
8741
7705
201
5610
9694
8069
7966
6860
6430
440
7874
5118
7918
708
6138
8493
1192
6356
1898
5870
5871
6709
4866
9642
4686
7208
7638
5827
2415
3213
3092
6821
9146
7926
789
1869
3837
8548
6520
9997
6592
648
8474
1759
7948
8487
3694
203
5012
1145
8327
2026
6007
3495
5010
6161
2831
278
7505
3448
889
9528
9058
8703
5615
8041
2458
1323
4743
4584
2395
3018
2808
8857
5514
8912
2033
1808
3518
4215
8916
611
7815
513
7403
723
4875
7310
6891
6951
7803
4318
7431
1690
9029
8283
7935
4397
1260
5236
2761
375
5930
9593
7257
1615
946
4755
533
9914
4789
6865
7975
3320
101
6176
2796
9360
5170
9464
5623
4573
6726
3224
4986
5680
6597
392
4311
5069
9043
6456
7706
9581
8487
8860
9147
1944
8160
3549
2534
9524
7165
3768
1818
6242
9055
6782
7626
3889
56
3397
8593
4790
7944
9290
259
8419
612
8762
2534
2849
5316
3501
6031
7409
3778
2924
6267
6882
8989
189
2054
202
3862
1557
4550
7349
1470
1376
3518
1797
4454
5354
9271
2176
9899
5007
8716
5044
8696
6912
8527
7499
4639
135
9674
5719
1120
4448
5097
3398
6520
7109
296
2946
8266
5489
5909
9928
7789
6518
8800
3120
2444
1280
9002
75
5319
8914
4989
2772
698
4055
9747
3312
8239
6227
2038
4985
5022
6467
1924
7323
4030
3201
1490
9600
6595
3369
962
7080
1634
889
8249
9232
338
2479
8274
951
1642
8754
7247
2933
5253
7829
6151
2729
5832
3953
7224
5041
3693
5225
5622
9972
579
3195
6407
6472
1217
6460
50
3632
1733
8104
2352
9465
2121
9149
5267
1425
5859
4560
7276
6310
4753
8572
1890
6472
4560
3047
6142
949
851
616
4073
5125
671
2893
712
884
4761
2358
8337
5866
4452
6266
694
8370
7681
7925
8500
5408
3330
9648
3799
9680
3102
8246
9458
1255
6801
2659
2167
3902
7799
9931
5107
6053
8801
7747
2836
1408
9710
6034
3196
5743
7647
1195
8765
3535
7075
563
365
120
8055
9330
4452
9885
6499
8350
2397
406
5073
1265
4269
512
2782
7619
8937
9983
7459
3078
8277
7098
4732
7777
718
2462
8896
4357
5019
5207
7296
209
6838
3248
1821
1333
8738
7934
6647
825
3579
1221
4620
6833
5489
2311
1190
805
4188
3597
6970
5580
9334
3437
7164
8016
882
6869
2703
7290
210
8051
9237
3912
2620
1276
1921
5596
6009
9866
2725
6766
699
1881
7182
8033
855
3623
2787
6098
7639
261
9998
5515
4445
1972
3888
9720
9821
6169
3514
4632
5917
8099
3696
6573
6319
5157
5549
4435
4568
2217
9419
2368
8902
3149
772
3153
7775
6748
6674
4912
8142
8216
6105
953
1675
2547
8473
6254
6377
8939
3961
1170
8558
1590
4278
8257
2263
3404
9933
6053
2847
687
1535
6622
5118
2783
8545
3452
9117
650
1645
1178
2145
1667
1574
9462
7441
1886
8445
2542
6623
9252
9136
754
778
2942
7426
1309
2040
3224
5093
4680
2210
5756
3489
9099
4215
9266
1328
4091
7864
3994
5239
5322
9203
6851
1979
4114
6448
6923
6723
3343
3763
30
8946
9522
6242
2990
7918
2532
1831
14
5409
2665
8014
1872
9519
7073
2778
3590
6209
2217
2829
9774
4351
4571
2297
279
7998
8427
937
6048
5217
8106
8233
6617
1740
66
3847
8925
1445
1988
8908
6588
400
8551
4155
8577
172
970
9327
4588
1575
1414
5106
4052
4290
6507
1035
1641
1955
4974
4607
6294
8201
7211
3589
4957
5720
3036
6081
508
3465
1197
7199
3754
6120
9816
6861
3239
8508
4327
8459
9289
7538
8516
623
3548
4491
5451
1231
8219
7623
3811
3396
2762
9908
2524
4026
719
478
8291
9065
6091
9179
1503
5288
4530
5805
3691
5772
7835
9325
3313
9634
1715
4927
9637
1279
7385
431
2430
9375
8485
920
6442
9393
1726
5801
4695
9020
3991
7606
83
8029
6861
2688
7135
9956
7017
1402
9311
7265
4205
4429
3540
3774
7859
5278
3347
9781
220
9253
7205
7922
7373
3045
7858
6592
8052
6722
2718
2222
479
6382
6489
4844
44
3164
3671
9406
7907
4638
6887
6549
5132
4524
8351
1220
9338
117
998
1444
4896
4102
6692
3721
6978
6449
3973
4320
6471
2906
4403
5873
2091
4658
6938
3401
8502
6266
9802
4169
4445
9781
7652
8484
267
4243
9840
8357
2736
6512
7542
2156
9600
2326
537
3060
3072
4375
6312
8513
3199
2589
7023
2887
4610
148
6734
5970
2712
5634
4933
9385
2471
3473
5357
9400
8993
411
1758
8955
134
1273
4377
9305
8382
2873
114
6489
4258
7811
7027
3241
180
7321
1327
5483
747
5826
3639
3230
7450
1502
3823
8182
1410
7903
5601
9558
3324
8158
4351
7264
6026
2406
9897
5427
6962
9714
9555
443
8350
1550
1236
8078
5654
5451
9123
9801
4747
4327
8122
1913
9989
7956
5237
2766
3831
2762
3812
9440
3497
3798
4591
963
1337
8426
3515
3070
9622
6146
2217
8569
1438
3252
4585
7457
2212
1499
4739
7320
5325
6758
3219
549
4187
1020
3339
3424
6475
7575
3897
2673
6275
3860
4084
6227
3028
4158
9412
6036
2536
9156
249
4714
3666
388
1318
2635
8000
9511
2695
3339
517
3772
2155
7159
9238
1865
5748
568
2315
8074
2396
7928
8781
788
7725
4332
7803
6789
7737
7666
8769
1944
7891
7141
5588
9107
445
6093
6042
4441
1832
4477
6037
4174
4594
3057
1513
9372
9951
3163
8732
5948
3553
5860
7007
9374
7653
6617
6769
2470
3235
5777
8501
3982
6193
5112
9568
7996
7807
7567
8350
5050
1585
7928
3803
1247
1820
6512
1381
8538
5338
5985
8437
6105
4751
7842
4046
4245
9437
2651
750
71
8434
9683
576
52
2022
6663
9622
5842
2274
8357
5072
897
3071
7808
9587
8141
3043
2873
1223
2050
7122
2237
7875
3362
73
3475
3836
7506
7396
7684
7346
9696
6470
192
6470
4479
7744
8785
8817
8597
4464
9851
1490
598
3912
6314
4120
5813
3383
7826
3860
3371
7450
8488
6134
9761
4954
2624
9925
7939
8473
5946
3474
9843
827
6126
1022
5205
5416
8409
8485
7370
5168
8402
8355
808
7747
2189
1518
8196
6931
2602
1174
656
2148
5554
5272
5786
7170
6184
8103
5469
1043
1514
4333
7552
1362
5331
3591
5031
1779
3680
6716
9363
5279
911
3770
9739
5708
9458
5281
1193
6909
2563
2469
5311
1881
3401
8718
2740
3847
7370
684
8863
5443
2279
1138
6677
6199
181
4333
6754
2271
5315
7384
8235
7205
7037
6973
9727
6558
7869
653
7626
3302
6500
3378
1506
663
6143
6949
2495
7343
9089
9719
9794
7837
5708
5770
8849
7815
5920
6779
8845
8005
7926
9083
7581
3755
7323
7950
3457
5694
9612
5347
795
688
2506
3341
5395
1930
1601
4827
1558
5361
2712
5617
6703
7480
667
3823
2259
5323
9580
1800
6794
2296
43
7934
7882
1787
4364
5377
4363
64
2890
2739
795
7711
9743
5598
8616
5261
2623
583
7766
4055
8261
146
5669
7976
5776
5566
7360
67
1824
1480
2505
8619
9214
8647
600
4497
6155
5847
5709
6079
6494
3755
9871
5689
7829
7387
7390
8078
1848
969
1816
6941
7889
8503
7395
5278
4617
1241
8770
986
2810
4342
108
5863
1324
1648
6264
3689
5417
1841
6188
9032
2254
8783
8272
3767
6350
9302
9159
8560
8509
9641
8210
8236
9268
7658
8714
4995
6180
7121
4320
2506
1846
2054
9077
127
4666
8797
7083
147
6248
5560
4902
6947
8322
465
3928
4492
7562
1446
6932
1917
2948
113
2754
8611
929
8743
8079
4840
8880
2616
8487
3243
1280
3548
4036
4664
923
4279
9332
49
751
3106
2734
310
7025
6074
408
7647
8735
7883
3916
632
6646
5503
31
7187
8416
118
9857
835
7418
7635
8170
2466
1251
255
1783
5553
4736
3186
5715
2633
4733
8329
6370
5720
5134
4857
4674
5489
8827
1400
355
2673
2451
1723
1537
1866
2162
7997
3845
5119
1226
6481
7848
451
1579
1700
4874
820
4947
9737
1244
9291
7905
3256
9789
1685
3609
9012
8931
3189
7254
3207
4194
7258
9292
807
4088
3933
9653
8292
4661
3390
8008
1063
1714
9145
8575
6972
627
5742
275
822
4980
3435
9158
462
7217
3234
8871
809
9537
2174
6660
3158
5253
459
5674
4223
3334
4491
346
1765
8545
2800
8130
3701
7750
4415
4943
71
3346
1522
4048
7892
1182
7445
4214
9411
5847
1426
295
1554
4355
397
4896
4120
2701
229
7359
1987
8596
522
7550
8286
1804
4095
4030
8742
8525
9521
3203
332
8350
2772
5290
1545
5865
6378
8687
7003
2425
4487
6415
4284
89
6143
1536
9162
9632
3009
7814
6678
8743
8165
3765
3143
8730
1120
8980
9439
1365
4063
5454
2073
8284
2729
2165
5514
8271
5398
4053
6617
6
4132
1660
6611
7188
9826
5083
5924
9530
5735
759
2329
1595
2967
9504
2294
8054
7354
159
856
4110
6901
5560
896
9871
482
2462
7450
8275
5324
4677
8296
2150
497
7713
6417
856
3013
4779
589
5297
51
942
5961
1568
4351
8601
3615
4156
1663
412
4554
2424
6879
1134
5531
7256
1399
6145
3798
2134
3498
5897
3351
1734
8581
3019
1742
2491
1848
7808
4648
8470
5768
8782
3910
3811
3038
5020
8867
6686
7602
6992
980
6133
4940
8439
9519
1004
482
5893
1201
9051
5223
1373
2414
6066
2678
5956
2758
2355
5642
2627
6351
252
5096
2686
7437
3233
1834
5154
2692
1293
7502
8114
7793
4218
1911
2872
3174
7472
1311
338
88
8487
7439
6714
2091
607
6058
934
9055
4256
5940
8429
9176
4486
3548
1665
2149
8313
548
2056
8588
7345
652
3273
3330
5724
4501
2806
7246
9225
7013
109
2287
8214
4148
8141
9674
4740
1231
6633
9435
8215
3973
4297
2667
4040
3269
7784
281
5108
1780
4350
9775
1081
9507
3983
697
9447
4865
1737
1579
7735
2091
5731
3066
6271
9331
2981
1939
9404
5771
6260
7722
3218
3147
7548
8400
4462
1812
1029
204
994
7882
2832
9764
194
5898
6329
6751
9978
9686
5109
5667
8424
1002
1024
874
5443
9924
2161
7082
4362
2048
5452
1037
5456
7338
8098
9617
6772
6696
5054
6852
6985
8067
2136
6096
1739
3656
7768
7696
5172
799
4602
6003
4990
5912
7859
4839
3496
2128
8687
2113
5983
9027
2541
3762
1659
8679
8171
7842
7723
2952
5326
4129
5209
3222
5298
9519
5998
5561
2926
1046
1709
1003
7604
6468
3884
5979
5279
9348
5274
6188
2924
9620
4902
4461
1629
3498
6058
8956
7694
3462
6374
5587
4888
4716
5602
5946
3709
640
645
8728
5323
5647
774
7499
5590
3340
3708
8523
7224
8682
430
5361
2890
2013
5422
8510
911
8419
4597
8006
3095
2172
853
884
1493
1260
3278
5563
127
4949
5817
5268
6066
6274
6871
3005
8101
3590
6602
3289
2454
255
462
1328
5790
3605
1851
8678
8201
3678
8609
2229
7460
5730
8654
7851
8949
2321
9651
6606
3970
9655
4678
2078
373
6666
1483
3817
4538
6447
7167
7007
2926
9330
2617
3133
5621
5604
3857
6945
8354
2521
1812
7395
9024
4289
3024
9423
3164
4320
9352
947
6937
8263
9273
6766
9350
4031
7332
9578
1780
7976
5951
1048
6515
1285
9198
5245
9899
5708
2446
8704
4407
8961
9287
6146
1197
5486
2415
8603
6292
5545
9304
7632
8505
1625
5478
8061
3555
1586
2703
764
4861
6086
5258
6105
8090
6097
7819
7890
9533
5052
3085
8824
3970
3681
7936
7002
3468
6566
4293
5171
5025
6720
4676
2122
1268
7535
829
7138
1279
5882
1767
9922
6881
5520
4854
702
7656
2081
6482
6429
1739
8759
541
5186
2663
2438
8502
6548
9715
8468
4120
4565
3103
5178
5037
8286
608
5271
3119
9036
751
4102
9360
5886
5062
8441
683
7588
2196
3560
5637
5336
9782
2074
6609
2987
8821
7248
408
2804
9020
4832
7210
6302
2449
1543
2596
6092
82
440
7426
1964
4016
6645
4989
7946
6183
9385
9837
1270
8462
4895
4291
3717
244
3076
6572
4941
3472
9197
3663
9065
848
7775
5510
1128
2629
703
9442
280
446
8372
8495
9695
7636
3258
8102
2909
8939
8173
8769
3866
5287
9517
8412
339
9668
1321
6228
3928
9539
6408
1465
9741
4389
4624
7716
8911
2927
7318
58
6182
6143
9124
2968
29
9299
7780
6402
134
3338
2096
3053
6243
3966
4141
3122
5341
3712
3319
3939
5537
1919
6707
763
7465
3430
2952
8647
4814
2014
4273
6253
1225
2451
3225
5219
6792
9116
3733
87
5372
7703
7511
1455
6338
5155
8130
5064
3583
9749
9864
1644
6305
360
1281
3375
5373
1231
7696
7605
7648
4509
2273
6626
6413
9833
3739
9599
1033
5278
3209
6908
8822
7670
5014
8976
7266
1518
4607
6342
9735
8782
1156
7221
2363
5885
246
7719
3965
3535
3649
7437
857
3994
9107
9954
5507
7467
4959
8989
5999
9840
3546
9001
933
2439
8013
610
8533
7029
7178
2135
1672
9160
1385
6187
921
5346
6507
8960
6633
4446
7804
8434
5998
5120
5742
2118
2009
679
9535
6700
7153
5812
3806
8990
5267
8525
1476
6842
8119
7720
4353
7295
264
483
9448
8198
56
2257
9271
5984
7716
157
2666
3390
5332
2132
8816
5800
8182
9270
4373
6527
6199
9192
3700
9610
9325
9642
782
1681
7707
5042
3908
1291
1548
902
9757
2351
2491
1587
1776
6559
8106
260
9122
8258
9798
6144
1780
5613
7665
629
5572
7350
3548
4246
72
3216
3951
4354
3066
598
7097
9879
5363
6826
2683
7828
3317
4246
7292
2597
7693
8788
4821
4341
9969
9748
1345
2306
8268
9696
8457
3375
6035
538
5825
2970
6048
9171
4435
8761
3982
1077
8802
16
2532
8889
9918
4411
9288
2005
1454
4246
8555
3494
3512
210
6886
7497
9041
9936
2275
9547
5140
6512
5351
5089
5436
3500
6923
770
59
3843
5056
2278
3566
8896
949
2527
7328
7344
7588
4732
6276
479
6610
3881
2679
9693
2130
4253
9582
1573
5385
7914
3574
7540
2135
7348
2234
5087
5295
9818
1618
64
5680
7491
7286
5363
9407
1464
1144
3311
8857
3878
1946
6240
6315
7093
4970
966
6978
1110
181
6425
9083
3463
4177
115
3323
8861
6223
4757
9029
5795
1100
9724
3442
9948
8670
5100
1619
7402
2824
4374
9437
6040
8139
1995
8559
4021
3129
7548
6165
9235
5074
1658
8615
1757
6683
9207
5539
6017
8021
5073
7153
9269
2210
6579
4899
6129
6896
6330
9046
1867
3577
6814
1594
4468
550
2265
115
292
7556
5849
416
6173
4275
1639
763
9782
2155
6528
8112
6926
2427
3111
1818
5326
8742
9800
7600
6904
9987
4928
5394
7057
3092
643
4205
2451
5024
4633
1266
365
2153
403
511
3663
4916
2432
8489
3659
3198
3075
9168
6345
6005
8059
3520
9284
445
673
946
3408
8275
4299
3788
6069
2111
7918
6554
8491
4335
7757
626
3420
4770
8977
8452
5097
173
726
1733
3223
4828
9054
7301
3171
2406
8270
3572
5787
2826
1998
8035
7237
8449
313
796
5024
8958
2965
1446
2417
6444
447
7547
8749
331
6296
8824
851
1218
7811
294
8454
6742
259
7626
7675
4343
2387
1535
9507
2232
8972
3511
657
9756
2223
478
5771
886
9532
3290
4194
6202
2724
4895
2945
7601
5658
1293
1681
7380
5517
8553
1288
1511
2963
9564
1877
7030
9947
6561
4304
1709
8423
7650
172
800
1397
2616
9855
5074
4320
7006
9565
7620
6423
1089
437
9085
8376
219
2334
6643
8338
6753
5852
3805
8496
6505
1276
636
2883
4290
6288
9277
8098
9333
386
5546
4351
3115
712
6491
7883
6422
7717
6643
524
1479
1587
1767
6917
9112
5517
6079
1912
6815
9673
7010
1980
1077
2303
5528
169
369
3691
9406
7892
532
7404
1314
2839
9129
7606
732
8691
7370
5939
4209
2245
3709
7949
7515
2536
3129
7882
1617
2095
261
9261
6249
4969
5493
9804
7417
664
9163
6376
7172
6517
2174
8500
4064
2452
3293
1842
599
9277
6004
6439
8176
7868
8536
8629
6795
4025
1503
9960
8273
1121
8227
6276
2749
6339
5259
5407
5817
9863
7050
6824
6520
8317
4667
5993
8332
4642
1524
1506
3143
6982
9443
4934
3950
5374
8244
611
7907
6240
7762
3912
2009
3275
2981
2400
6695
3061
9579
6961
7110
549
2786
9404
3987
8283
7906
9233
6385
5749
6687
8712
9299
9381
1455
2324
9651
6050
7189
229
5815
1689
7507
3714
9971
174
301
9698
6658
928
3435
32
3563
3441
4060
935
3396
6821
6160
3659
7785
1775
1821
1679
377
8236
7470
5365
9143
5548
3372
1869
1144
9715
1409
8882
3139
7538
8141
8952
5463
2981
4238
8905
3507
1800
545
4995
4049
8240
1067
7015
2282
2778
3021
7101
6101
6584
398
5321
9180
6814
6516
3538
6142
5533
3358
6306
5927
853
2941
6761
1226
9575
4467
8385
7002
3188
6223
2644
6755
5885
5983
8117
7350
5262
7055
4814
1641
1859
7780
1036
5114
9428
1413
1771
2670
3849
6956
6979
7001
9479
3166
6841
561
911
3964
2405
6143
6836
615
6107
2706
9455
6743
2838
6930
4416
351
1801
568
6860
2170
8945
4167
9387
8070
8950
7523
4078
5404
7188
3810
772
8742
699
3179
4411
726
6541
6051
1938
3425
8961
1075
2341
3873
9114
7713
1553
9507
9245
7019
5983
6349
253
900
4010
90
2308
9008
1736
3522
8150
4597
3788
3407
2097
7623
2893
8192
5998
643
318
9683
2772
2540
4466
8049
4379
7441
9618
2499
4468
5672
6942
6283
9541
8502
5523
92
6478
9326
3511
9346
560
3703
2259
5548
8958
8961
9613
8437
914
9143
1944
2637
3667
560
388
4469
4
722
7202
5967
7354
1862
2870
9129
5502
2271
8541
8693
5381
7643
1364
4833
988
5368
2816
6687
126
8101
3732
1098
2990
8139
6979
9110
6871
6937
1419
4306
6645
6204
1307
6118
2324
4309
6132
5293
192
3527
3509
3109
6141
3456
740
9942
7858
2304
2374
5635
6169
2999
2989
113
8169
3669
932
6544
9174
8345
7894
5592
758
3885
4331
6195
1370
7499
7772
7466
8566
3077
1751
2070
4826
5747
1658
9699
6006
5609
626
7034
2335
5451
3322
8825
748
3811
4396
2060
4521
563
3925
528
5754
8578
1672
5892
1273
5249
2910
4388
6591
6966
2897
8043
4056
3329
3104
1067
2531
9354
569
2713
9584
8042
6460
3849
801
3066
8486
1058
8024
8821
4727
4733
2225
2302
6854
8444
811
6121
7757
5489
5558
1195
8655
3565
7420
963
8045
2982
8138
9213
2967
9127
8519
1127
3783
9391
9279
6982
8761
74
1708
6077
5658
8558
1519
7580
4688
9227
6817
9465
2557
2923
1705
6475
723
4920
6386
4006
837
9151
307
3065
2541
3263
606
8068
4180
1623
79
4523
2245
7459
8086
9964
7048
9941
2064
9041
9980
133
9690
2870
3609
8454
9896
4145
9035
8705
3966
4818
9435
5194
9359
7643
9871
7009
7047
9464
2318
5871
6788
999
2857
7193
4195
7103
8215
228
9850
2919
9198
8712
2260
4301
5396
8123
8927
5005
5287
3887
9502
5493
4557
7374
4424
4293
1415
2773
4827
4740
8021
9450
8111
7902
460
7865
8360
1049
8177
2892
1428
1450
8938
6878
7187
5352
9791
7083
3486
560
4742
9491
8440
8476
5144
2771
1933
1287
7614
2956
4477
4047
123
7270
1162
3936
7874
6229
3378
7232
1184
5695
5316
1562
439
2580
6026
3937
3204
19
9798
434
3494
7939
1898
3302
543
4584
1161
2783
4538
7467
6727
6747
8573
5124
2634
6759
5140
6014
1176
3523
7147
6603
6584
43
7014
2712
9883
1697
6595
5822
1134
7733
7384
2064
3251
6134
1213
5076
9115
2183
5089
8412
2230
2102
8045
583
1850
7126
3236
1118
2722
7615
1024
9567
8193
3638
6431
7681
1879
6475
3633
7318
4019
9449
6860
2844
9544
241
3840
2456
2551
9788
6702
4074
4409
5798
861
1077
9883
3467
8054
5903
5677
6593
597
9151
8726
4965
2340
960
5054
1301
7928
5152
1539
5922
4868
4505
4681
8295
3051
9056
1595
1947
3482
9321
5993
1850
477
7314
9245
533
7438
3373
8864
1821
807
6982
8996
930
1999
3313
3272
4207
5210
6566
4955
140
8324
8021
8808
2836
769
5546
5778
7514
5548
5843
4680
5155
1152
4251
2877
3794
3974
7538
8408
5666
3205
2144
3952
5346
7210
6637
2481
692
1385
4697
1338
9483
7211
2808
6078
5456
6044
8553
7366
3671
4319
2507
5680
7048
9700
3542
6320
5067
109
3855
8743
214
7154
5758
8161
8532
5271
6340
3754
4964
6293
8000
2869
4305
7480
7645
6869
2688
3684
3880
5236
5273
8715
8254
7970
8577
2064
3749
2488
6270
9966
9842
9238
4701
10
756
3372
291
4274
294
3670
9038
2880
1021
139
7120
9298
1848
6547
619
4317
9982
1565
775
9479
2860
9869
7600
7243
9443
4735
8956
4430
8585
3570
4221
5937
7754
8898
3329
7852
6717
6663
4430
4557
9539
5786
3002
7981
12
2765
435
7316
9068
1938
1677
4846
3600
5747
1526
9591
9508
1065
665
4611
8061
7559
7269
2076
2321
2975
500
6297
812
7112
4293
1346
3200
2450
4683
2132
2958
7173
3100
583
3711
7851
4276
3958
891
666
436
2788
9481
8037
3546
4878
182
3145
9769
4885
8702
2531
6028
8172
2466
8011
6739
629
6252
2885
6582
8911
5415
7941
5587
7001
8665
5416
3796
3598
8599
3424
5845
6790
579
6399
6325
113
5454
8181
6216
4556
7856
3317
2304
7201
6409
9003
681
3614
6066
1571
8902
5919
1515
354
3980
6195
3603
5933
5543
1152
8938
3712
8303
7982
7017
7821
2515
9422
488
7012
3191
6647
8721
2669
2808
6213
8152
9551
8930
4979
9308
8852
8061
1898
553
8565
8411
6912
5882
2210
2164
3049
2664
806
2957
1303
1651
6143
7299
3716
3230
7484
7322
6698
7433
3037
7330
8671
8906
4217
8134
2722
8591
1627
3945
8997
8233
6467
9476
8625
466
9588
2605
8749
8196
5853
9601
2315
7687
5308
225
7021
9939
7572
8450
191
1843
3217
7202
3219
7027
3005
5956
3716
9230
3962
3839
6926
4576
7319
3709
4260
796
8640
3945
703
7092
2491
7229
449
4339
6225
8313
3787
9941
4115
3282
3912
6697
4808
873
5831
8569
6718
488
9474
3370
2348
7155
1156
5043
7488
3400
4460
8114
8455
9118
9341
2953
2006
5476
5740
1881
4347
732
3914
7689
2148
8259
4971
2539
920
9512
9970
9046
200
9473
9338
8095
812
2675
1115
6382
2032
769
8139
523
1231
8679
4031
4244
6448
3422
3445
3626
9755
13
7097
1410
4419
2944
5029
1745
3138
1806
4936
6431
8743
8356
9077
7789
1787
291
9978
1416
1089
7064
6810
9120
6532
1854
9938
688
9249
6784
3705
8194
2200
7966
6720
7903
3429
9224
9207
4467
8981
3689
3552
9560
4829
20
9001
3807
5469
8553
5001
3973
8712
4720
6548
1035
9068
8016
875
3303
574
3952
7955
9403
6858
9593
3477
418
7845
5655
4840
9785
1194
3014
5489
9253
1142
1253
8917
3092
1383
1253
1248
2281
6477
8725
409
5677
5293
8337
4962
9625
502
3605
8067
2844
1617
5574
1806
1964
4355
3881
1206
177
2391
1472
4252
2957
6914
4807
2573
2844
1517
8024
6422
5210
4675
6804
9367
6056
2851
2327
2214
6052
3929
4115
5786
6655
3546
7251
3335
5948
3445
6228
4351
2562
6478
1532
7268
5657
2159
4080
7208
9130
4258
7614
539
8950
465
1284
1016
6063
5913
1416
6224
3174
169
1622
5686
4461
9837
7816
7282
4419
194
8223
1529
8689
9371
4935
7941
6907
4096
2781
1193
7560
1456
8124
9054
8888
5376
9795
5164
3840
1424
289
767
7279
7848
9466
7937
509
9134
5555
4771
9295
9855
0
7139
2937
877
1274
4863
4167
9477
1677
1228
4064
1805
5586
8318
9273
8597
3942
5269
5447
69
7880
145
3747
8983
200
4372
5984
7448
8743
2834
9335
2056
6193
8860
388
9664
5624
4121
5922
7123
3606
632
5386
5060
6417
3144
228
192
8187
5606
7796
8522
620
2483
3716
6455
3510
6356
8385
54
9613
2163
8529
9532
6761
7505
3531
4609
1150
324
2951
6489
6540
1961
6089
8932
1779
6028
2027
5098
4325
8466
4889
6884
5848
9129
6067
6158
660
1475
9196
2999
1368
6698
7910
9266
6251
2585
7247
4739
2337
8602
5866
5972
9262
1307
9266
5023
6569
8941
4496
1470
6711
6922
4379
111
2768
2740
7561
5883
9928
966
6415
3323
9
3630
1368
5555
6755
2868
4196
953
1316
7586
2018
916
2827
1914
6336
1210
5346
8794
4800
9175
5637
6766
5010
7035
9365
4402
2848
3834
2110
9263
5034
5815
3823
6199
59
2508
3457
4810
7775
8594
9540
1849
227
9183
8663
5741
7781
3323
8121
7637
5499
783
5980
4157
8647
6952
4527
1821
8506
9810
1338
5025
9918
1060
7630
2618
8038
7321
117
3410
8560
2264
7773
1559
5726
841
1903
4828
8223
9596
9339
5053
8351
3560
4750
8767
9267
8897
3020
5332
1052
7546
1946
2937
9786
5088
3364
9469
2241
2460
8180
4800
5897
9172
1042
8183
3679
6347
9551
2198
3100
7201
1999
4114
386
4303
762
7748
7844
5653
4433
4112
9652
7669
4414
9007
4921
6325
2251
8345
6963
5725
3863
5263
1580
5548
5447
2988
5585
7070
7982
2314
4827
216
3064
3231
5708
5439
2366
6481
9027
5107
6353
5245
9365
3421
6413
1648
179
2564
6434
1668
660
4461
5545
6550
1874
9193
3735
1075
1039
1474
2852
4685
3586
8438
2674
744
3486
7224
4328
4138
6436
2222
2808
1318
4704
8243
3153
2774
7725
3612
7714
1901
5098
4946
4515
687
3330
3525
8955
1556
1101
3463
6238
2696
7053
4748
4476
9693
2379
9794
3254
2883
1268
9454
9142
403
3652
6639
3904
8357
2344
2036
9773
1021
7063
2625
281
2591
9743
5911
9745
972
1250
8014
6898
4440
7332
8100
3778
9416
270
6872
5883
9412
4516
1292
9037
2116
9839
3880
6881
444
5208
4465
6289
3016
5128
4477
9225
2858
3790
8694
3962
7891
7849
9150
3276
3279
8757
6146
6575
6490
9487
7332
8153
1049
4685
3531
401
991
8777
9138
2615
8248
6534
2747
647
4579
7623
3341
7596
4938
6899
8453
4543
727
4836
4447
2558
331
5214
476
446
5315
8640
7849
7108
1596
6290
6967
8200
3790
6726
185
9836
9509
6068
2140
8575
9456
6063
9563
2554
4018
