2060
8817
6355
8693
9374
2321
6582
4751
6709
8125
6978
2578
4690
8064
7370
2588
1657
958
3895
8118
7111
1019
4350
4716
4744
54
6147
7149
9723
283
3240
9742
3034
2699
5085
4110
8000
3902
9757
6841
5945
7050
7253
4150
6053
77
35
8961
6699
9255
8100
1935
1621
5648
6913
8402
9227
7869
2258
8998
8992
1603
3648
8022
4038
6219
3268
7785
2920
8137
9003
1601
1224
6213
3733
6946
7167
6797
6090
7019
4056
291
5394
5178
6388
8508
9030
6079
4562
1555
2472
3313
448
8732
4832
5774
4140
6374
5476
6141
2174
6488
524
3152
618
6635
1413
6072
490
3056
6193
4214
8222
286
5250
4799
2371
6068
2345
8128
4222
8206
8691
7867
915
8163
2659
8737
879
8903
638
9788
2713
864
1784
1096
5255
1996
2306
2058
4295
7481
9873
4722
2838
8605
1936
2905
5058
3763
2624
7404
193
9679
2158
8244
4014
2050
6518
8763
7634
8744
1424
9671
5548
7020
1034
3938
945
9646
2993
432
9899
5080
9491
6815
4916
9662
1937
8712
1861
3982
7553
2203
6482
2255
4822
127
4199
9662
4155
4448
2846
6111
2269
797
1797
7218
2854
1329
3431
8562
5269
5016
8255
9791
6002
622
5512
3848
5651
8759
4935
4968
6984
838
1895
9630
6343
679
4554
4478
560
4948
208
8560
6060
5788
6361
2798
7847
4801
266
5071
8396
7240
8937
1088
4630
9692
807
5193
9977
9433
3125
4808
6038
1665
8040
2254
1426
6425
7764
9123
6951
9610
8587
1899
7292
9291
7672
7407
6214
3574
859
7084
2585
2496
1982
160
7222
9999
6510
7554
2489
3067
2227
316
4023
225
8829
1813
1287
85
7499
1909
770
9720
7584
2058
9078
7189
8548
7613
2605
6059
8412
6943
9742
5162
6807
6316
7490
8480
9035
7062
7086
4260
7065
188
7480
2523
549
1658
1792
645
5297
4771
5042
8565
5256
4885
8226
8300
5000
8610
9517
206
515
3791
3754
649
5319
3503
8231
2965
6586
7719
9179
1382
5807
3462
2031
9959
1103
7014
4927
6588
3553
9671
7902
8256
6298
1400
6141
1532
3106
4670
6492
9457
8050
6093
967
9274
7815
2869
7675
2786
4834
4983
7361
9919
6772
8909
1424
6984
9411
2602
196
9217
8253
8345
4400
1045
9100
8466
7560
1157
9785
2603
4400
3616
8684
2070
5247
4360
3188
7060
7450
9742
797
3362
2863
3021
8301
4552
8168
1453
7716
2871
2167
6638
5622
4216
7679
3922
5838
2894
9959
8392
3347
6847
4188
2346
8629
8251
1897
8660
5787
2657
3426
2037
9616
5770
4013
5489
6584
4678
3225
5377
7090
4912
3766
3259
1243
2147
5165
6281
7919
6827
9881
781
5156
6555
7041
5224
7049
1889
5763
136
9548
7886
8108
6652
9199
3807
2796
2969
293
3316
8363
9505
6676
5571
8629
4525
4108
9639
5514
2768
6150
9439
8963
1074
962
3765
3513
9207
9870
4851
107
344
2459
8415
7108
3579
4994
3167
5100
8704
6477
5116
6395
6203
2544
6567
5016
6820
2500
2747
4025
5784
6042
8773
9008
7319
9807
7318
1758
3043
973
1288
7077
4346
655
9151
1052
3874
4396
3410
6280
3748
5142
8550
3672
3221
2351
2064
7380
7771
3668
3059
1484
9389
2046
1452
3820
7476
3988
5718
5041
2101
8642
5547
313
2415
9294
4464
6660
5511
9621
6996
1756
1927
38
6415
6332
5788
2230
6800
6285
8431
6494
5500
4563
3621
7075
2014
6794
5216
2762
4295
6424
5361
3256
8226
6695
8524
3361
1228
4764
2272
3026
9874
6792
826
5200
4737
6647
8740
8418
949
6685
7460
444
771
573
3489
3442
3331
3359
9114
9926
8152
1561
3586
8052
9438
2202
5671
6203
4103
8324
2917
2894
7804
1166
6484
4196
9344
2572
2606
2890
4643
5053
1767
631
1188
8504
5376
2767
504
5264
4846
8783
3391
742
1051
39
9241
5903
2316
8263
3125
6257
248
6
825
4369
382
9771
2469
8723
9633
7827
7199
4703
3660
288
5099
2411
8610
2289
8735
5095
1115
8685
1582
6851
5666
1598
4985
4794
7663
342
4540
8994
9298
4417
4065
6235
3785
5604
3245
2913
5542
4174
3729
855
327
9186
217
3751
9304
7843
3025
914
9515
712
7640
516
1077
5033
6703
9113
5556
5967
4198
4912
7341
8532
1139
6625
4367
2836
3120
8110
648
487
628
19
3335
2902
3046
2249
6738
8194
8316
1613
8410
5923
2048
9041
4322
9300
9773
7191
1875
8192
2899
7965
9859
4425
375
2707
8938
9628
4248
8497
7506
9667
9924
7361
9145
9631
5063
8426
1451
4866
5072
4067
9619
9446
5865
1520
6188
1499
8831
8890
1262
9346
4989
4307
8851
9244
105
3098
8755
7845
6186
2124
2729
9206
2320
4053
6407
1136
3833
5520
8456
9677
8302
2609
2459
5357
973
9644
9737
3569
2289
7667
9522
4292
2298
717
7691
6585
7100
2669
1595
4486
3227
7768
2200
4728
4924
2296
1232
4788
4383
1453
8
6043
3415
2499
9422
1264
4326
7291
383
6788
245
7193
8497
4746
3127
8145
1789
3857
2844
6929
1683
5523
8507
7541
3726
750
6623
1091
8619
3361
7298
8657
7437
1714
1711
3828
8346
1213
3801
1418
7837
8127
7932
1329
9508
5280
2081
1296
594
9290
462
3985
8902
313
1433
4379
3872
5431
1935
6527
801
4695
6820
7832
751
1968
2926
8705
935
4253
5408
8916
6532
3867
5972
2443
6065
316
8065
8489
8035
3041
8878
3242
4988
1164
8287
1257
9698
3748
1485
8800
7054
8522
9299
2060
7415
1373
2914
2723
9933
2478
9420
4701
6016
399
8917
8945
4104
1350
2046
2716
7376
6104
2691
694
618
781
7095
9192
3607
4371
155
9184
9056
6511
1388
3420
4444
9363
1052
7330
9998
2940
2511
7848
5025
3585
9538
7813
4309
2272
9273
4790
2495
3888
4858
9211
7558
7158
9492
7521
3651
3566
2723
2761
6008
718
431
9533
1500
776
5303
7548
677
9871
775
6361
1636
8461
6289
6820
4058
5542
4184
2665
2104
6324
4588
8710
2160
8730
2623
996
8603
9555
7387
584
5530
3948
8193
4499
4454
765
4642
1414
3708
1585
5145
3734
8397
8249
2785
2147
221
5060
899
8199
7564
2474
9512
2136
2405
7851
901
6893
2084
4443
8686
5300
4041
7825
1832
2391
8878
1052
7136
4526
2219
633
7537
8988
9871
6952
3224
8652
3186
7550
7754
8161
3233
6274
9125
5917
8014
2852
5119
613
4023
8207
5109
5481
766
4361
3528
3414
4547
9745
1593
2255
4590
6949
398
3803
2374
829
8049
3000
3844
6263
4122
5006
8859
547
3070
9828
8059
7872
7966
3534
458
2106
969
4278
5733
6658
3648
4998
6719
5694
1861
9995
3888
8962
7157
2718
5644
6443
3826
6731
2729
5546
8858
1688
8383
4071
3534
5995
9391
5081
1844
5988
7042
2554
970
2650
7202
1663
4582
9024
5592
8199
4950
7794
4163
9815
5599
4411
9924
1642
1516
1878
6200
3904
5188
1857
7078
6906
8622
4528
5323
4427
4881
2839
4783
3827
9057
4180
5153
7464
3868
3131
2465
2371
6666
1788
9807
4386
3817
4209
4907
9850
8630
5835
455
4994
1606
986
2200
5359
5192
6970
4901
979
5659
8679
300
861
6522
6389
9622
7827
3699
7888
7235
8359
6983
8607
5362
9942
4972
3930
7335
9979
721
4881
9946
9821
1700
2245
3918
4356
6708
311
1932
1351
6581
4580
399
8170
2652
5123
3536
4519
1008
8912
8473
9838
6718
2079
5585
3818
5029
5668
1994
21
6531
3443
1180
3325
4258
4637
149
1079
6415
3746
4297
7199
1352
4415
3539
5737
6690
5553
9169
5588
1956
7994
4388
7471
8593
5016
3359
1396
1984
8656
4956
4656
7086
2985
2028
9654
3331
203
7
920
1859
2536
7724
2791
4899
530
7277
1114
9455
8786
1486
6155
5622
3613
1658
339
9889
8637
4901
7840
2117
5326
4919
9671
4426
5949
9129
7924
6380
3668
2459
2269
929
1290
4181
7060
7850
3503
1381
8300
7514
2809
9820
982
2688
4600
8914
5452
9481
459
6406
3362
3701
2089
4571
746
8870
5491
1168
919
1522
8555
5846
4295
9949
9669
3995
9357
6670
7650
9984
8035
403
2035
2606
3840
1985
8115
301
9313
278
3760
2839
3792
8125
1145
1840
7327
6200
89
659
449
5661
9229
6276
8955
1946
634
2735
3967
1082
9593
9290
1223
9327
8964
1460
8691
5360
2702
7285
1827
4303
5376
2835
1505
1384
6556
824
5802
8889
249
3928
1328
2071
6695
1912
6143
4779
7205
4545
2434
3811
7645
6077
4777
3201
8971
3776
5690
8798
4826
8324
8603
1301
5233
7358
3232
9137
9021
1675
4332
4269
2934
3759
2168
7612
2863
8914
3920
9021
9141
7
6868
4954
9247
3556
1813
4675
850
6460
7734
8865
3517
6691
2649
7332
5276
1163
3949
7386
3975
3555
4654
5460
6489
9964
5566
4993
6701
2832
8132
2211
7889
7735
7895
1200
4493
263
6210
8669
4597
6646
8700
6579
6258
5981
6159
3574
1692
4779
5414
4532
5970
9702
4047
3511
3891
7414
7592
6146
7410
9394
8372
2071
9741
6456
9693
6542
8332
8147
6580
8718
6093
3520
4684
981
3734
4473
7685
8454
2688
4730
1465
9286
8539
3226
4643
1699
7615
2448
7710
2347
8779
9318
1545
114
6419
1512
5906
5662
818
2020
2021
8258
3400
4889
1782
3236
7559
9570
6936
264
3699
2614
9585
2341
7870
9572
1864
2942
1045
2674
5206
7048
8261
7827
268
8609
4809
6743
6876
7380
4560
8660
5152
4580
3906
6274
2930
1448
9316
4681
1373
6702
6110
262
8851
8167
3481
1239
7143
1996
4158
4324
7134
1742
8198
8708
2412
6640
3198
474
7116
3492
3005
7442
5440
1938
9061
2645
2136
4910
652
2434
668
895
3628
2255
4127
584
5977
1351
6874
2954
7682
2169
5267
1962
3881
2792
7435
413
750
6540
1066
5306
9107
5974
7786
1331
3973
821
6830
6744
6483
5830
3911
9499
5488
8921
3348
6550
1677
575
9283
5597
889
3771
2437
9509
2815
531
40
3282
5590
6348
3481
1895
9354
2117
9538
6789
2945
7402
5443
8737
5162
2095
1865
6011
7274
4919
730
6775
7623
6544
1936
6476
9159
4088
6388
2583
4299
6130
9697
6788
1938
5328
1365
9910
4119
8789
6177
2897
4716
2243
7269
6351
5830
4758
8833
1879
3259
543
5461
3973
7238
2303
3739
9073
1560
1076
7796
2923
3211
4706
1533
3836
1553
9957
903
1510
9918
1343
359
8783
7913
4088
8204
828
5971
8543
4420
9753
7649
2964
1162
6990
7118
5249
6318
6520
3866
5175
3132
9086
2442
3581
6212
7989
976
9552
9036
8348
4712
1204
793
1363
5502
4040
3025
8257
5202
2033
4961
5320
2180
3607
1156
7180
4301
1843
3977
5101
9437
2579
1657
7832
9402
3494
6816
799
4455
6667
6872
9443
7355
9713
2117
4489
5752
3535
8718
9888
8134
8166
8998
779
4483
4812
6212
4599
9481
3171
9796
6616
9176
9181
9387
6204
3762
3704
9575
1575
5743
4915
8715
9867
8370
6370
8980
8938
2826
6415
1494
3788
460
2082
5280
3823
3078
7525
5240
6035
8891
8158
3477
8104
3911
3085
7296
2747
581
9234
7127
5166
8978
2245
296
6348
3212
324
6168
4659
75
1719
7338
6598
343
783
7450
5286
2542
5619
7349
1166
4911
1673
3064
7078
6005
5502
7936
4127
4623
5468
8366
6964
3425
9181
9613
6734
4391
9018
2326
1663
7379
9751
3813
5905
3354
9303
1531
9342
6456
223
3035
597
8323
7240
657
8260
5393
7263
8396
5015
5640
4869
5951
3976
2927
2354
8279
9991
8044
4244
7673
8463
8959
3039
8371
5567
496
1530
9147
4427
145
9524
424
3797
2667
6403
8428
6572
2322
4706
4751
9058
3618
8395
3642
6593
6931
2357
4203
1264
2117
1737
4885
9553
660
844
2517
7754
4403
845
7091
4664
5251
7402
5364
2574
5518
2545
2314
8414
7894
7856
6077
7044
3353
7784
7899
2353
5445
4694
7086
3018
3255
2535
6645
5817
9208
3956
3082
4516
1070
9774
3511
5624
4417
3931
9574
4199
4169
8790
1614
8247
3252
733
7281
5823
6833
6923
3581
3229
289
9049
397
3553
4322
2661
1200
7883
7598
248
2854
7984
2292
5304
9372
4432
501
6300
5248
9083
7625
3118
9440
2097
1595
8391
5591
1544
4701
7592
2172
7995
6596
4393
1131
1759
6394
9174
5983
6463
7374
2077
5754
9844
7516
7872
7167
8423
4367
1792
8712
1892
7712
3542
1145
460
1660
1252
9815
1116
5843
2346
5828
2582
1348
3860
4121
6639
6124
8265
5341
2148
6441
5231
8691
7200
9281
3164
6105
8955
3474
1501
6176
7163
3385
9959
6545
5577
9080
9839
6444
9672
4657
6543
4971
3872
157
3672
4840
5694
8605
6240
5789
4784
6234
9157
5134
7116
9826
9259
5294
7459
6505
8107
5149
260
7510
9290
797
1802
7648
5015
1674
2714
7144
6028
9830
68
46
9180
2841
735
4041
1649
3977
417
2652
6645
9267
9721
2073
5227
9958
8836
9957
6387
150
1734
5370
2048
5262
8399
80
995
2841
3298
1949
8952
7247
4509
2211
8017
5546
1954
6187
5764
7541
2390
2717
2124
44
1922
134
7936
5021
9092
7904
5402
6833
9582
8943
5156
1067
7397
5322
2981
5526
8643
3602
5348
1753
757
7630
4351
1615
9519
5656
115
7803
9034
3596
418
365
2459
7276
6508
9457
30
3966
1918
3105
1010
2854
4640
6510
7043
8330
6147
4460
8939
1447
6934
7721
3812
6910
2732
7147
9231
417
2296
4597
21
7613
2728
3475
4761
9411
1528
4971
4957
4808
4565
9328
7644
2624
6182
2306
7888
5893
7659
4119
5934
5654
9437
2836
9739
9257
4895
2309
4894
4773
3200
2636
7898
675
7563
1036
4954
7838
6180
7607
540
6396
2741
3876
1730
6936
2586
6852
4380
6360
9779
845
6242
2633
7272
6166
4249
8800
7977
3071
5022
4644
1494
3921
2553
2214
9269
6652
6401
1004
8240
1895
5274
8622
1724
436
3012
7567
3173
8522
2822
9828
9830
2810
9278
9882
1808
3710
2780
8453
528
370
6664
5821
2219
8823
2050
4448
7202
3443
8667
3233
1995
9766
9086
978
566
9481
4519
4162
9693
5845
31
4783
3676
6337
4635
750
7511
9212
5988
2467
606
4750
5559
7963
2277
3718
5968
7394
8142
3194
8745
5034
4007
8997
768
2873
7947
2392
6338
2896
8300
1177
5533
6752
2831
4762
1377
6881
9025
383
5241
4226
9350
6206
2878
2637
3743
3578
6830
2617
6964
3015
9969
8430
2166
210
2359
8864
3494
6780
8201
3295
9877
2493
789
1158
8234
2507
786
3238
4021
3828
2408
6292
5195
2628
3870
8807
2755
9983
585
7523
2005
4047
8273
1769
4560
9852
6437
6440
687
6774
2924
2148
2365
2060
5739
3726
1904
5956
1850
8197
8386
5058
411
784
5740
1654
633
8723
9459
3704
3994
8142
5049
7136
8918
3446
763
212
1799
9764
3766
1904
9482
7777
4396
406
3660
8344
7655
3916
7968
3816
8175
7219
4432
6983
5072
7398
3602
7846
1327
1583
4528
7886
4851
3771
9025
1098
5697
9206
2928
7612
5760
4358
8937
3612
9485
6673
7245
5166
9241
9166
334
6836
2908
4381
7763
7010
3351
6840
4356
4140
7138
9632
1986
1989
8052
3785
7979
9123
3595
3945
2528
5379
2934
8926
9982
1893
8877
3762
1870
7682
6139
4308
1947
2722
5993
1056
2769
7099
8325
4471
2832
1519
8243
2637
1881
1567
5424
8443
5288
7918
7783
1119
5643
9156
5641
3795
5140
2119
9238
5851
5675
3580
8309
277
3575
5333
7875
5389
9860
1633
4723
8156
389
8390
5713
4676
6915
5917
667
2198
3885
5377
8314
7172
1528
9946
3244
2041
6640
2513
2222
1988
2890
429
1262
3036
4873
169
7048
1313
5005
2368
2025
5134
9629
5961
2003
6046
1189
6172
3513
1750
8026
2645
7175
9628
727
3364
4236
4428
1530
2507
2211
214
2173
3199
3774
9287
9946
5055
5104
7009
7252
9311
9337
8951
8722
5229
8873
7124
7691
5323
6297
8068
8311
4351
538
1280
6858
4058
848
5832
4716
3071
2035
1313
4251
9065
1759
7585
8835
4096
3805
1808
2783
6820
9395
8671
7686
3907
3721
9023
3157
8505
6348
912
3908
8897
7318
8921
6106
6297
1800
9786
8190
3866
4746
2206
3871
4496
1013
2205
7378
4805
7474
7508
2704
7058
9332
2337
2159
6940
3729
6237
631
6943
7992
5713
9314
6026
8212
5448
4037
5366
1842
1386
6226
9621
1032
4792
3656
9
8119
9997
2301
1415
9473
7942
2418
187
9224
7398
8819
8449
5181
4228
1762
9790
4900
7576
1820
9862
3672
4433
4372
264
1516
5505
6709
3307
1559
607
3181
8796
5160
3630
5029
6141
5683
7722
107
8350
5639
6106
7104
5675
8888
2184
3879
6991
6155
8098
2075
6199
2916
776
708
6978
6000
9974
2868
7136
9230
4728
745
6701
8289
3027
3037
2453
6466
2468
4716
8389
7933
9203
3601
3059
1835
696
3441
2864
2496
8883
251
2662
1903
3899
9217
9154
3206
3381
6436
3412
8791
7553
1565
9069
2058
704
3644
5830
9599
2858
6116
1754
1718
6975
5383
9557
9826
858
1775
6023
4566
9516
2964
2473
7580
5762
512
3407
2649
9409
5355
5694
1803
3623
3255
507
2411
3198
5614
1584
957
7695
8934
3265
8340
2003
2548
3139
1846
8134
269
1233
2142
9664
8477
5318
776
8621
6290
5880
7862
2256
3043
1285
1219
1192
3655
6613
5185
9770
1206
2066
7031
6816
6524
4435
7103
4744
6054
5791
4161
1357
7496
962
6280
9004
2911
9009
3982
1903
1242
9821
7193
1259
9171
724
4426
7117
9336
7824
5735
1202
6276
6929
8401
9147
4459
99
3977
5196
2681
1756
4549
8778
2
9640
128
6171
9249
1815
8229
9007
3621
9501
4973
7721
260
5530
4135
8744
5486
8565
4113
3634
5224
1682
874
1000
7393
2119
326
2097
42
2250
5394
2738
3724
2166
8715
4122
9999
2920
5715
3136
8489
9817
2556
4789
8688
8491
37
7649
3443
2631
9557
4816
8873
8712
3847
2292
5402
3625
5993
8529
2308
6005
8196
5119
5173
3049
29
2687
79
2385
1356
8935
2177
6910
9046
3815
3776
669
181
8298
3350
6535
4737
6027
1213
1626
3074
8622
4745
7842
911
8671
5665
9821
6977
6184
7266
4655
9444
5086
270
6230
5929
2660
4970
8768
83
3858
1753
1588
2294
7887
7996
111
4127
9887
6998
5618
4355
6637
9106
3458
8282
1234
4187
2632
2677
4078
6150
1029
3296
2750
9132
6863
4341
1790
4436
1861
975
8419
8863
234
6317
7579
2348
6702
3638
8255
714
79
5694
3298
3296
1547
5091
3224
4309
3709
5046
1161
7848
5018
1877
550
7078
4000
1978
521
9374
7449
989
5481
4127
8399
6612
9583
4125
4202
1044
9038
8245
113
9089
7555
496
4659
1749
7701
4682
2670
8031
844
2836
987
9252
7314
1164
3353
1050
9266
5905
6036
8450
7680
5024
5191
1140
5098
9549
5984
6125
5315
9265
7929
4176
3395
2614
2087
1655
3390
4591
868
3587
7722
4078
1965
2431
2582
7482
4203
8570
8457
9321
3380
5263
9377
8721
6595
7814
1867
6280
2373
8109
6101
99
5017
3717
4117
4661
3528
8769
5812
459
1910
1059
5426
4891
5541
5181
7521
2835
2558
7911
2771
3789
623
1986
9740
1551
6782
4031
6165
1865
8488
4134
6758
6885
2374
7724
1408
7527
2944
8178
7449
2189
508
8685
227
9641
6237
7967
5618
82
25
7041
4690
524
2123
9066
6906
7284
6451
9500
941
1861
3792
1777
928
5773
1996
8947
8229
2596
5037
7301
8828
6294
4146
4245
3566
3725
943
2566
8020
4906
9684
8106
7575
4629
4946
4336
932
4716
8290
9095
9536
8246
9730
8908
6804
4675
4121
1029
1615
4594
6075
3161
733
6358
3490
5133
7600
1338
6617
1875
1470
7538
2208
5812
7896
8053
7536
3452
2978
6332
2208
6968
8932
8441
8003
9609
6143
9007
2025
2538
1426
9291
428
264
1462
1269
6929
6327
4951
4175
5174
8576
2529
9753
5255
947
1777
7500
7266
5877
3373
5377
4469
6797
5675
9587
12
6988
3923
7657
589
3783
5911
1529
2247
5781
4957
5328
1346
7143
5863
4404
3859
9031
1051
7693
8511
4029
3655
3499
598
1228
9481
2600
7386
686
1319
6094
2074
8799
2940
2627
7562
3379
8941
8748
3556
8425
2294
7280
3117
907
8273
5256
1135
3232
2067
4109
598
7718
3724
9980
8088
5206
8733
6638
3208
8786
2082
8035
981
1930
3654
8801
2754
6529
9522
5429
7195
9559
5394
7635
9598
46
9361
9256
4389
4333
7462
6986
7005
452
661
8266
5937
6445
552
4314
4254
5367
3700
4999
7073
3494
2053
4820
9018
839
8522
8472
4991
2598
8096
3430
2593
365
5546
9719
4256
9195
4138
6638
774
3899
7486
2531
6040
1577
997
3082
3083
8114
7556
524
3317
8049
884
177
8806
9760
6103
4162
6976
7905
2201
2570
4522
6006
305
7859
1126
6479
5497
2450
3064
5629
2264
521
8526
8454
5882
6052
6345
6799
5699
6590
2191
338
2331
894
3227
7439
1550
8677
8937
4347
3560
310
9110
4496
1836
2826
6102
3717
2433
2636
1742
8383
8455
2041
6138
7372
6930
1595
6358
2544
257
7629
2785
3013
3734
8974
6138
918
8244
547
7134
8297
4077
1487
7924
2173
8191
8463
4313
831
396
7019
4902
6332
3518
7291
5840
1552
9146
3126
7272
9846
1619
2839
8493
5764
5499
5892
4276
225
6392
2163
6146
9619
823
5335
3151
6134
8629
5197
6304
8371
372
8728
7459
9232
4700
2112
2965
1670
7897
1426
6330
5735
77
2207
4253
8979
225
652
104
2105
75
3708
4661
6636
933
7532
6356
1351
611
1101
556
6219
1663
2397
28
5125
4685
8808
7857
1966
3455
9490
9462
3423
8674
8753
3557
2318
3435
3434
9445
6969
7516
533
1740
2443
7792
4278
2261
7530
4284
161
8410
3832
2551
8120
8282
3690
7182
2360
3989
9795
6954
8477
5112
1120
647
6679
8740
1158
6933
6204
8153
3142
1715
7807
2849
9594
7815
8190
5800
1201
3894
2553
6806
5679
6822
1233
6243
8175
1724
3511
6739
8133
6160
2901
4512
8832
4972
7686
3942
8471
4258
6931
8377
7073
6572
1138
8663
1289
1213
7193
1168
7825
7923
791
5884
4318
3181
4755
7286
6803
682
9013
5132
6574
1757
499
4363
2465
9679
8750
6729
8418
5508
1331
5312
1564
243
7531
7781
8210
3213
8951
6223
8499
2181
3671
1003
1741
2087
136
7076
3312
8770
7649
7642
5493
4452
5292
2193
8673
6613
4206
5391
8479
6911
2251
4370
8430
5787
4383
7182
6480
195
2449
1020
7221
6798
1162
8522
5230
6075
3333
4794
8888
7339
7915
6843
6799
4732
1778
2345
3667
9783
167
6911
5602
1411
1807
8544
556
290
2265
3043
2180
2826
0
2904
359
5561
1835
4980
4827
2852
8166
4653
3645
5976
7519
8806
9729
5751
7836
2208
8025
1344
5534
753
1144
608
3790
6111
5934
3722
7953
5576
2936
6440
9904
4496
997
7440
8402
8800
1505
1988
1531
4600
4909
9134
8021
2244
2880
8612
2167
5446
5416
3900
3673
5040
5606
6288
6484
5340
2050
1769
9528
1202
7274
9686
4178
2612
5969
9686
3424
6220
8619
4956
4419
3336
2403
2960
404
9402
7284
4613
4053
204
2855
9243
8800
9598
5655
7063
5900
4931
3670
7156
6841
1578
1440
7459
1917
4453
8083
6949
8411
7150
5618
5878
3544
3821
826
4765
7291
5909
3799
5239
5836
2779
4291
244
8159
2316
5503
7703
4955
5620
4557
3690
2148
1590
8426
815
7020
6053
3015
3356
7832
9592
9684
2369
3182
8213
9350
1391
7546
7135
4833
971
5393
1864
7206
4902
7322
2881
6626
3555
1773
1411
9276
6053
743
9683
3467
8935
1391
6245
3944
5651
9249
2597
2990
5763
172
1894
3652
7598
1531
8025
4255
4736
8195
7406
4626
9919
6063
9807
1476
9570
8165
8664
893
3798
8351
2525
9411
6865
4757
7838
8247
902
3287
9173
4788
4731
7649
2734
8720
5332
8879
8110
8668
191
2075
7599
8377
92
7569
1251
1616
9418
2991
2856
3303
8558
6229
141
1340
775
9523
8332
407
2782
727
2053
8130
1095
6393
1236
8520
6556
5861
8625
723
1226
5172
6677
9110
8760
3931
5866
2740
1740
5880
4375
1532
1005
4223
7757
2277
9805
6185
4511
5536
6543
8056
7502
3574
4442
4153
3372
910
7136
5056
4651
4008
4798
6462
543
7181
3855
8790
2711
3609
3575
8235
5526
7966
6974
7637
1697
1733
5043
3994
4089
6051
7056
36
4803
5836
9635
9256
9614
2893
2743
3790
4099
2284
7917
8724
8348
8582
935
2277
3229
2313
8512
4164
20
2646
7974
470
4761
352
8866
4675
647
7792
6675
961
9955
5438
5855
3320
7408
5215
2375
3037
7967
1543
1
9858
7147
311
8474
9290
400
9732
4283
3046
9128
9255
7973
6286
2851
849
8729
7754
8695
6696
2909
9944
5419
8575
2162
6619
7117
2880
8570
2200
4282
1887
54
2808
2008
7727
4767
1308
2080
4386
3698
7926
6770
5916
4841
9736
8301
6931
5923
3066
1763
4007
9542
8200
6902
1579
8755
3913
5130
4565
9750
3061
3167
7426
8378
5759
6198
6100
8576
3340
3266
9249
2958
5603
2804
2076
4390
2860
1824
5716
7737
508
5839
7346
685
6129
922
4094
5848
5589
7618
5297
7873
428
8299
8055
9271
4022
4075
4356
9048
2074
2998
4722
9466
456
323
9862
7132
7311
5571
1376
9616
3801
6900
7766
588
1405
76
8100
8359
2189
8627
8874
8890
5965
330
2034
716
9414
1309
1971
3908
1890
8080
3140
6283
3051
4071
3710
3764
1135
7173
2254
6820
7376
2304
8408
8639
7061
2587
7286
3871
5750
7009
2378
4519
4416
8028
1648
2376
582
8918
661
3793
6029
9445
8844
459
76
1994
4555
1263
6379
9819
6228
4065
4203
2853
7786
8802
125
8213
796
8768
3851
7105
5624
555
5530
9992
408
1196
8550
2679
4844
877
8266
6598
5258
6660
3039
6817
3521
2189
6120
2110
1121
8367
6662
7430
4552
5504
9678
2540
9684
3791
9968
8207
816
4728
6701
7877
2898
9756
7038
8442
7647
6562
5318
5904
3771
5865
259
7343
450
4133
6242
4907
6398
3177
8265
2305
4405
7056
2750
8857
3088
7845
7548
2282
1861
9995
4320
6480
6138
381
5725
5677
2452
429
2252
8747
4735
619
8771
7691
8907
6463
939
9776
141
9673
8338
7728
2912
112
8967
2674
1985
5624
212
6367
9150
1144
7791
902
1879
3506
3566
7242
4057
8919
5046
9493
4073
2290
7684
3366
8713
2575
7138
3591
4465
2342
1104
6233
7604
1583
2943
9135
8745
4902
8194
5881
2312
8632
7451
1399
4462
2773
523
1094
8585
5009
3100
8523
9562
7876
4479
7132
8813
9492
6265
5383
8985
4003
4365
8466
6508
3137
6393
2338
5019
5571
503
9524
20
537
9015
5257
3356
5237
5595
293
7090
2221
188
7276
1819
4443
6743
6944
3490
8288
5928
5992
3028
5564
1131
9176
7961
5960
8871
6350
4877
7384
3341
7698
5766
2767
4628
7733
6166
8758
7802
4209
6669
2701
4510
5532
68
6658
3788
8779
6839
491
8106
6965
2192
1522
6242
1513
2117
3824
4469
7469
4887
3937
1977
3891
4560
7051
7781
1069
9778
5699
9666
6078
4609
8338
3607
4682
5907
5093
9126
7489
3459
7137
1649
5054
3387
9436
8726
4947
5977
5210
727
4056
2609
6709
7432
1432
4785
2423
562
9249
4223
864
6688
2178
2524
1016
8115
4121
4200
1030
2267
6806
8973
7903
8027
9278
2023
6707
2219
7264
4986
4643
435
3881
1706
4830
5031
1853
1864
2038
63
9877
6019
1821
1807
4092
8805
5424
982
7982
3996
6118
7044
9870
4902
7159
2534
7775
3724
4321
1296
5675
5269
741
8523
8199
9917
5006
6232
8411
6291
3151
5267
395
6467
3529
7601
4846
8320
9560
4884
7597
2347
4032
4978
7083
5407
9948
9441
1287
207
8220
254
1574
502
973
788
1241
2033
968
7208
5443
2813
6271
9739
210
8152
4933
5977
3428
5931
9148
1091
2908
9921
3561
992
7208
9626
890
5319
8277
9715
6101
7844
9267
3238
1034
7546
9201
5997
7258
6031
694
8933
5269
2625
8530
5777
5864
743
8414
8377
961
334
8333
6011
2659
8415
598
5089
8972
9484
2639
2606
8627
6777
7951
279
296
8913
3101
5732
8480
871
1935
6126
7546
7909
5328
9789
6107
3343
6073
1570
7794
5803
7779
7991
9187
6924
4037
8499
1855
2411
8886
7286
9885
2142
2690
1794
3699
3856
826
6413
4604
5841
7542
6950
8383
4485
9263
7008
2913
4002
8264
2925
5599
3824
3648
899
8992
5215
5292
873
2130
4449
2439
3350
6281
7780
8348
2718
8736
7127
7970
106
523
7358
3620
8150
8449
4893
6902
9956
9496
138
3645
7214
9653
9158
6165
2253
9470
3004
6569
3515
9681
5983
8233
1600
5060
3710
8226
1103
3857
8743
4805
4960
8099
9609
6975
2859
5735
516
4884
5741
5883
5693
9070
1680
4204
2108
3279
7572
7059
12
785
7444
1606
3627
9477
3261
1716
9552
4196
2202
396
8999
8325
297
107
1869
9173
3129
1052
220
5922
2658
498
5146
8851
3254
3544
486
8413
3375
3218
4651
1629
691
7216
109
4793
2659
935
8885
5873
2663
9158
6480
3546
3809
9190
4874
2470
1402
5706
6650
4985
8014
1184
9076
7666
6849
5493
5599
6060
6997
1871
6141
7517
2644
5851
6487
5393
7509
9338
3739
8064
4738
3748
7440
9299
5169
9599
7579
2012
4506
7172
607
721
6208
7117
3328
9347
5829
835
8249
1863
1494
7459
2062
3952
5085
3563
591
9574
5256
150
4700
252
6592
1155
4603
8700
9931
5257
4684
6030
7685
1677
3413
2897
3424
2922
9241
9584
5132
4706
7308
1917
3251
3852
1282
3228
9990
6851
2038
1392
5801
644
6937
1762
5773
2572
1109
5821
3011
2719
8330
8936
8417
4464
6207
9452
8086
5628
5571
6991
1071
4810
2922
1623
219
8388
4479
7989
671
6678
9900
5939
9270
9991
3888
3960
9988
5169
1639
7714
6919
7776
8864
2961
5148
972
8385
48
7596
5495
570
2280
9840
2068
2812
930
4377
1555
211
5410
1708
567
2127
7401
8130
1536
9577
3609
4039
880
2071
8797
2277
5939
3119
5428
2925
3256
6358
6460
3701
3777
5075
1504
6481
8185
9890
7336
2398
684
2789
2856
5640
938
7651
2782
1118
8916
8028
1424
6171
3700
8011
8595
7352
6932
3796
239
6313
4510
5678
7819
7032
5497
5596
1871
4857
7210
6359
9194
904
1562
9121
8120
3785
5939
8975
4790
2066
6753
5693
4265
3336
1528
3690
1991
773
9615
5253
3227
3660
227
1471
4411
4115
6787
1104
159
9309
5125
2387
3001
3347
4050
1721
8682
1048
6778
4566
1287
4137
2453
1566
9555
1092
4861
8780
470
1628
9371
3162
9814
5207
5180
1633
8398
337
8631
9058
2374
8080
2380
3458
3846
9629
6582
1144
8799
3618
2306
9721
3647
4858
3873
5299
2742
9675
6714
7484
3294
321
633
85
1111
3163
9058
8042
7776
8311
1602
6968
6477
6235
3347
3810
7800
5062
5335
3991
5447
2148
8002
1197
708
5116
5571
9647
2387
4380
621
2031
8619
2809
8835
1162
7785
4478
7838
2752
367
233
5584
3188
5226
5501
3854
5634
3650
2230
8868
7565
461
4724
9411
3268
2474
6075
7107
9994
4043
6983
18
9377
7329
6748
4778
9434
4480
176
9425
5717
4290
9350
8724
849
8121
3310
1823
768
5201
961
1601
9765
2885
8923
8543
2860
6835
1338
6602
2199
5819
6266
3424
2605
3154
796
2713
7473
3738
801
7621
6063
594
3197
697
2154
5819
6533
9319
3028
5408
2428
8772
5177
7563
5297
1985
6960
5590
4938
9595
9481
2403
1207
7633
3145
3820
3547
5992
5386
3894
6967
3545
5936
4914
6822
5059
7806
1448
5201
1642
7719
9596
5664
141
6737
7420
5723
9424
3852
7709
6069
5861
4587
7517
5395
7716
2821
1974
3259
290
598
3444
7826
5202
502
1045
1875
8262
2899
6543
6588
2658
8239
3763
6667
3201
420
4118
6145
2605
1120
3178
6542
1525
3233
1838
8418
9278
9140
1725
8014
257
2121
8905
1402
5029
3588
9097
641
9368
8170
1999
9234
7808
5800
5079
4129
7210
851
4781
2333
369
619
8614
7938
7961
8822
2959
3640
2695
7955
1094
4874
3440
2732
4664
2047
7221
8380
5975
5698
7498
702
5890
892
7885
519
6311
4926
7514
3573
3382
9688
9039
4443
7476
34
7675
6872
8669
9749
5750
6730
2300
8974
5641
8345
6781
5715
8441
2612
945
3695
3654
2275
4790
991
6624
8151
1565
6702
52
887
3101
6982
9716
9220
1543
663
4073
2372
6095
6234
2981
394
1891
3391
1992
3925
8386
1670
8749
7381
11
4600
544
3402
4839
9613
8540
3819
416
1829
9071
3525
4745
9413
3251
9327
1112
6321
9565
7952
5588
4687
6500
6589
3574
8300
4638
5551
7952
7553
6531
7494
7638
3698
1425
8684
4890
7173
5472
9877
7290
2155
1709
8051
6776
8858
5382
4004
3769
5542
4053
9114
6016
8683
5280
555
9032
9272
2355
9273
5994
4401
7439
7132
7145
3486
7954
6038
4707
8445
4371
9583
1180
540
9141
5393
9847
7769
8622
5082
8263
4614
762
5859
9905
9424
3292
506
7652
6920
4888
7274
4073
4013
2145
6387
1410
5344
5339
3949
3678
6230
8651
2460
8741
6714
9164
3958
1969
1155
5573
1008
3128
3757
6251
1139
3864
1056
96
6545
3270
7348
3087
4388
8109
2127
1216
9913
3363
9600
7160
4567
3142
5971
3554
1406
5900
4453
4507
1977
7684
7744
7598
143
9480
7192
3421
4963
6914
5915
4354
7049
7149
6994
7225
6303
2842
2365
9355
3440
2907
7949
9219
3892
7870
9113
7853
2878
9773
1005
534
5445
9481
4502
5353
5831
3176
2912
2897
6529
4100
9537
6307
6341
8202
3450
2505
9603
6419
7253
6248
4563
2006
3175
9389
2213
7683
4125
3526
3258
5129
9993
3660
1999
2043
9935
7781
9613
1603
2183
9353
8936
525
2413
3781
2498
7703
5169
7334
2538
1935
6553
5327
3895
6200
9111
6132
5109
6680
9952
2286
2392
5907
422
59
9829
1935
1281
6685
2857
7319
9082
7942
8802
5906
1495
3664
7764
4583
83
5638
7488
8392
288
5686
8653
2637
34
6775
6230
7642
1247
7512
1423
6839
904
5827
5103
4424
1965
3501
1651
4550
7351
1374
602
551
6205
7451
7282
744
3050
4985
6019
3676
5407
6651
350
2036
9714
8946
9923
3953
5907
2583
2001
2664
6421
3279
5211
8724
2244
5929
7368
3840
1173
1942
7495
6744
5881
5319
4887
9593
8215
4264
1802
9581
9079
1364
9803
343
4570
8367
2195
134
3424
4519
146
5078
3313
5973
6110
4458
200
7931
7755
6692
4971
4763
9533
7467
1204
2296
9137
527
6025
8259
5934
4462
7277
8545
1490
1482
2501
1881
6256
1963
7423
4080
2235
233
4904
5212
7443
1083
1385
8024
1926
8848
1913
3947
3398
4215
4594
2564
6102
7813
2655
7313
8925
8067
3800
1911
9979
3071
5735
422
8579
554
310
3918
8689
4041
8767
4084
1055
6254
4037
6029
7722
7820
9137
4439
3486
5966
227
4981
7226
8892
7440
9439
5991
7654
8940
6296
4837
7934
720
4694
5151
1851
3184
4036
2960
1466
7677
1375
7049
7863
3995
370
5241
1447
6889
8945
9332
1425
3227
6373
4572
107
4935
9470
1670
511
8598
7150
3525
3451
2273
3593
1666
310
4848
9003
441
4700
3290
5943
5182
3376
6793
2868
370
5106
6842
8215
2264
9276
8679
3262
6203
756
9345
5383
6785
9736
2119
8473
6525
7839
2457
6309
5518
2296
2820
9175
7873
3775
8471
1208
7951
9507
4741
9787
3249
4508
4573
3799
2023
978
1219
3880
3658
5944
1314
4771
8868
9009
209
649
7552
6839
4014
8611
4540
3062
6323
8910
1520
3589
2425
1409
7495
4393
6044
1162
354
3512
649
987
6650
9560
3676
3398
6847
5227
2880
7495
1152
5431
6599
4595
567
980
7880
2501
182
7384
778
5358
6241
2630
8900
3650
7217
2328
4106
6112
2201
7356
7179
4286
2427
2604
182
4875
2799
5175
4329
5763
3176
6661
354
7126
2404
7890
7853
4406
4959
9582
5585
5735
9740
2649
7527
6135
2101
3310
2232
3711
518
2630
3823
6991
4
8180
1676
7156
305
1594
3450
352
3741
3759
9189
3844
9108
5449
833
1405
1426
3769
7626
3898
9085
2857
785
7845
445
6744
5885
6804
7874
6934
7225
3102
9412
5923
7215
8962
7341
5769
9660
4731
1987
4769
5790
1479
3021
7598
2870
5562
118
692
6986
222
5411
9479
3735
5613
8224
2694
9411
2796
824
9979
684
5509
4796
9166
5344
7168
3362
5274
7194
239
6369
6162
3298
660
6394
578
7342
4967
3978
81
360
6427
1526
6089
6381
8681
3664
1626
9913
9324
8327
4723
7107
251
3707
9542
8070
7959
4035
5639
7279
7851
901
4591
6179
9384
9572
5266
9769
8159
140
5795
6066
2920
2330
1495
4651
8468
3778
7805
3397
2163
3172
6926
4172
7599
9665
5062
4838
3197
5845
1008
218
3719
6657
7185
950
2437
3979
7379
5511
3449
2347
7560
4341
849
6024
6328
3221
8389
4510
46
8250
8781
2419
5129
269
445
8283
2651
6605
7853
8147
8176
220
6371
7350
2978
8315
7499
7443
8479
7307
1074
8416
502
7026
5153
8823
7755
9930
9886
6322
3979
2462
3958
7364
559
7409
1838
1169
8412
7242
9033
6617
1910
6455
1717
114
6603
5952
2647
2013
8369
7478
1859
7590
5377
6784
1738
7028
9368
0
158
8459
5407
2781
5715
9136
5185
5101
4747
9080
245
3140
9419
4849
4298
1069
3053
5095
3387
3512
1933
6866
917
4425
9067
9628
7705
4460
9793
2974
9738
9769
3846
1644
8599
3227
2916
601
8980
8729
5914
4396
5951
8391
3861
4076
7037
4031
698
6315
9855
7565
3203
7637
5146
4379
3049
6864
2964
4228
8182
8699
2282
458
3212
9694
5001
4632
7778
2480
8704
5431
5160
765
1815
8295
1715
360
3854
154
1338
9533
9903
4732
9418
1848
3316
2709
3471
2390
1435
1618
2882
4331
2766
6682
1134
2023
535
9957
5246
8847
9253
4961
3660
8742
2695
8158
518
6237
3186
3215
1942
7491
683
7979
5366
482
7822
8467
2025
5086
3253
1492
4937
1880
8709
9055
8404
9779
7240
9619
8546
212
4678
3021
4036
185
2525
5989
6113
8917
8445
319
2648
981
9977
7843
8768
1579
4082
2602
7020
4422
5472
1076
5822
7927
1382
4290
110
3920
2639
621
5022
942
8033
1298
8835
2559
4077
2881
397
3580
5548
4571
1761
7942
8705
9122
102
9083
4015
2416
8840
4906
1137
7096
6995
6370
5284
7342
1684
2582
8278
387
2917
7950
5419
1566
411
7716
1608
2300
1277
1521
3313
4280
5917
8740
5770
7553
4275
6475
5230
7690
3404
8945
783
4973
1824
1428
1651
9980
3841
7728
839
5904
5677
5058
5566
5386
7528
7769
5144
1932
5969
3357
6070
3919
3585
396
188
6885
6084
5322
4691
7204
1660
4925
4620
3422
1208
2690
563
310
4456
4886
2580
6140
9206
638
3121
8253
4548
4073
8236
589
9739
1100
720
30
6936
9895
1093
8560
1281
6882
8426
4406
1659
8865
4581
3932
2469
1643
1105
8152
7619
5904
1936
9120
3067
8090
8964
9144
1517
8356
8396
3636
9286
9004
3951
2476
1971
211
8663
9292
7649
4209
9805
2630
9450
6067
2505
9332
2562
7842
933
1935
4239
2082
499
7397
8245
3422
7913
8299
7640
6605
5684
8542
8732
9399
5239
4880
2311
3510
2840
3713
8454
4642
6331
7236
8926
6033
5364
2693
216
3387
388
9162
8467
993
2558
4627
7967
7461
2924
2178
9434
4850
1548
5469
7508
7328
1480
6644
4131
5395
9027
4457
9104
618
4796
3537
1552
6972
5884
7747
1304
4806
8390
2675
6080
3773
2993
7074
4137
4757
2795
1807
8628
7120
2435
4716
5560
413
650
5098
8902
1264
9935
856
9150
9005
4186
5946
8034
5396
234
9069
5493
4817
113
9957
349
3225
2048
9530
9576
9982
2874
4067
6725
8962
5673
8444
1781
3301
58
3582
4989
8659
6208
4689
4659
5667
86
6679
1068
1019
8585
3662
3418
7655
9942
2044
6488
3777
1094
3281
2232
3567
7248
7012
7457
2845
782
5918
3256
8475
8447
1114
5415
9731
4899
7032
7705
6075
4341
7629
4374
3996
1515
5145
2143
8871
9647
8347
9383
8793
7895
3450
5312
6805
4583
4172
9591
5388
2406
4170
302
1337
3578
2129
4678
211
2134
4557
243
4221
7197
3609
2784
5428
2064
191
5774
7504
9037
4924
9807
590
2355
9914
3718
3844
2438
2428
5308
6468
741
5614
5637
6010
8327
5153
7458
6601
9763
1335
6170
2409
9179
284
7912
8147
8292
4703
5410
9459
9298
9106
855
925
6031
6254
8571
2796
1932
4907
3919
3570
4197
5302
6899
3815
7987
3408
3301
5298
904
1148
2084
738
2651
6193
4117
4787
3911
8254
6638
9398
688
5942
8400
2013
5298
6876
8313
6720
4408
1488
6760
7075
3573
1920
2638
9710
9337
8167
1345
4030
4030
6608
4365
1357
9620
7303
1261
1996
5637
5611
5622
4911
1364
8171
8487
186
375
7872
5404
9984
1300
7056
895
5493
344
7678
6034
5849
2720
1737
6342
3122
1922
2130
5510
906
2360
1512
5758
8278
6770
172
7523
3667
1082
9983
8468
2688
5843
6566
9344
5252
7730
9356
928
5340
6229
3384
3898
7896
2866
8580
103
1816
4334
6515
443
6310
5093
5588
3053
5646
2737
8904
2912
7625
4376
4131
3221
9995
9733
9540
453
8720
6954
3016
4320
8558
4777
3970
5995
5267
3989
1235
8186
2608
6288
4534
9104
7073
9591
6102
6235
5038
8964
8457
2947
4296
8824
5865
5286
4184
9914
3203
5237
9477
3287
8270
6479
9549
4440
3448
8984
3978
8215
2733
381
4918
2585
7047
7806
1048
2379
6977
2697
1120
3519
7564
3498
1116
1398
8217
8304
7094
7877
4797
8142
1186
2466
1025
9630
9995
3590
7412
8299
2175
2350
5548
1854
8196
2484
6441
2109
4100
5744
9295
5714
4356
6410
1505
5928
6989
1239
2838
7014
8221
2068
601
7211
7668
2676
2345
373
2313
8577
1008
429
9933
5775
1587
3963
4422
7664
475
8767
8324
98
4298
3126
9972
8486
2442
3751
9827
2493
6190
1020
6022
8229
8415
642
9264
658
7927
3731
9589
555
7166
5327
5155
5820
9022
6654
3165
1589
6181
2721
5573
32
3525
9872
543
7366
7693
4312
5903
6695
6224
3398
3760
620
4101
2904
5208
4235
7290
8150
6493
4461
1729
4982
3468
1340
1554
6877
3799
9938
7353
9217
9981
2621
9453
8960
5668
1430
4849
6945
7411
7094
9775
1398
8858
3733
2523
9339
5230
568
5498
9140
2645
6850
5874
6249
2719
6874
2251
2244
7513
1583
9076
5323
4263
2219
2771
901
6684
8173
8474
7333
1129
9790
2729
8210
9375
2321
1757
8872
550
2562
6525
632
1623
3760
1689
2148
522
6138
4426
158
7532
5114
3742
7226
9657
143
4930
7087
8130
7774
7542
6583
8999
7511
6898
4933
9236
9835
9263
3448
3590
1610
7728
4682
7923
6994
3784
4511
7326
8558
4409
4223
2869
2917
7178
8678
8093
2240
945
3862
8316
9041
5319
8542
8671
1153
934
2530
8570
3105
6623
7672
8514
5322
4875
6961
1217
8447
8824
3492
8912
9650
3844
9559
1635
8335
9827
4710
634
6054
8042
2709
553
4268
4017
7365
7342
9371
1881
9836
7666
1050
2356
4370
3267
3264
1302
1028
7093
1582
898
6085
8455
497
2211
9276
3853
5462
8175
3172
95
9120
7401
7813
4034
1994
5523
1462
2673
8282
7729
647
7057
5250
3742
4855
9590
6301
7837
4443
2018
8366
5078
7980
324
3270
3564
8030
3862
9006
852
1198
5542
7715
2600
4539
5604
7324
5312
190
6131
5295
1919
5123
7443
4976
7896
9720
2741
8760
1032
8552
357
4683
1046
5169
6941
1220
9579
6249
4396
9493
4484
3701
3847
5818
8856
1480
2401
2823
9948
4910
8654
8774
7432
9258
1696
9174
5289
3735
357
5787
7684
6078
1948
6010
1543
923
5264
2568
2961
1357
9340
2902
2149
354
3224
9624
742
3037
8075
5449
5752
6198
1379
1298
2842
6654
8578
8697
235
9036
1530
988
4339
9207
3879
1890
5602
8446
272
9935
7930
7476
1897
9143
4182
4176
9286
8770
369
1266
8800
5740
297
7934
9925
7976
2710
5430
1521
1209
8209
3309
8389
9437
2452
9834
8864
2100
5955
5182
9388
6378
877
4858
700
2177
7343
9051
3296
3332
2704
5611
9299
2778
2548
512
6549
8610
3990
9507
5568
1104
8897
7953
6305
2437
5763
7738
6065
1165
6586
9033
580
4405
2404
8216
632
864
6206
1052
5834
3994
6043
5272
4947
3798
1299
9393
4982
2669
5538
6064
7200
8936
1124
2852
1598
2326
5970
9814
5950
4915
6325
446
5261
8258
1703
1721
806
9288
482
393
6679
9237
8415
3356
4628
1007
2083
5550
9722
683
8828
2016
5756
1238
7639
2691
6555
2227
3492
8784
682
9085
4188
8930
5579
153
7948
4227
419
6672
934
7212
7396
4238
7224
7397
9007
7797
18
184
3806
9134
5921
2212
7001
5615
357
9254
5329
9623
5599
4062
4644
2681
9923
1797
6860
7255
4350
9196
6110
2840
7901
1406
8286
7286
4997
5937
4273
8554
6826
1191
2110
9574
2036
2821
7890
8917
3758
2735
4867
5932
2599
3418
6180
5793
1517
3013
7236
2605
4660
3067
4341
2346
921
105
8313
2989
9267
6721
4272
6009
7306
9607
2083
3169
748
5792
6617
5821
2903
5666
6365
1477
9818
4633
742
8201
9350
3962
7395
2544
7169
3261
773
8253
9345
8313
6980
9211
232
2769
5482
5964
1162
6636
9405
783
7746
8901
2572
8234
1407
3010
8055
4247
624
2831
8307
2331
6575
4698
8639
1954
5197
5499
6795
4988
7210
393
6021
8583
9770
6407
7842
9193
2944
5800
4636
6201
1082
1150
8695
7113
9984
5229
1447
3324
54
1702
4747
6592
5271
5513
1177
4862
2261
9431
5455
1837
9249
2172
772
2445
4481
5533
2398
3793
2488
1159
16
9868
1903
2097
6213
1708
3558
8143
2065
2309
8628
1258
5485
6744
4257
8802
991
95
7805
2334
1439
7648
8810
7140
3709
1578
2193
6638
1903
9010
42
5191
2416
2631
2583
56
2837
7190
5663
1066
7220
951
3748
3783
6080
2454
1468
7737
2111
1566
1092
4938
1681
828
3441
8254
5065
3954
4645
2052
4168
9748
3931
2825
9204
7846
8871
9065
1892
5610
930
3959
9366
4284
3894
4173
9343
1065
22
3134
1611
1709
4226
1372
9766
9921
2852
2843
8181
2422
8129
4183
9522
3332
5231
9687
391
1016
2043
420
8134
1183
5097
1847
286
5390
9653
1645
3444
9721
2161
4640
4337
8781
7473
7814
3227
5528
324
5786
9470
8005
9444
6832
6631
6407
3311
3555
3979
9467
7562
2028
8453
4060
9923
9614
1256
7182
1689
5889
7870
1695
7382
1103
8622
9517
6493
5475
1067
8448
6426
2472
9100
9300
1067
185
7819
4727
3898
2454
4060
2056
9073
5980
5711
3934
4552
4190
881
9110
3
1255
3786
2470
7835
9989
4432
1755
9400
9438
3031
7411
6188
5047
6142
5513
3400
4946
9807
8817
3141
7654
7209
492
2741
364
9070
1781
9132
5044
8156
382
403
1985
1281
5513
1054
3105
5882
8060
3031
4081
7687
8034
3783
4400
9710
4364
5662
5617
7427
591
530
541
4589
3097
9729
7166
822
8818
6479
23
6695
6107
1712
4798
7539
3611
8124
6661
9516
5445
8805
2074
3170
6491
558
9812
6215
316
8396
3884
3728
6998
6665
7604
1464
8072
2915
6158
4803
9047
9328
8278
520
6881
4897
8250
6865
6807
1517
442
5287
5631
4370
3032
6226
12
9366
2455
5800
555
778
6580
7305
5227
4945
9568
4520
7547
3848
3537
1978
3855
9144
9407
3218
18
846
8131
351
8889
9189
3130
5729
3917
7359
2498
8524
2041
7585
365
4903
6987
9836
8354
6016
1765
3020
2180
6483
5848
2882
1908
1763
8646
2382
4783
8444
6366
5451
1555
5544
7805
4296
244
5729
4604
3201
2284
9159
101
8510
6893
5407
3929
3128
2694
7652
9642
59
998
8591
6987
6477
2985
7287
1332
2120
6013
9752
8585
5025
8153
9420
5452
2552
8672
7279
5506
6976
2314
3201
5232
6940
5286
3661
7366
9059
9178
3564
9999
7048
802
4177
6879
4067
6090
4759
9149
5326
1394
5457
4966
6967
7515
187
986
6473
7564
5154
2167
5942
8974
9530
1943
9343
1851
6192
3347
5554
9863
456
8581
7371
6472
6548
9624
2871
2920
2031
4826
1176
2757
1661
7430
3207
4849
2584
5709
6030
3740
6937
2606
2528
9144
7045
6492
3802
2657
9885
5554
3537
1378
5656
4224
7272
138
3864
8328
7722
8979
5732
5227
2065
5404
2620
257
4314
3163
6675
1936
3502
7265
5788
3083
1648
2013
6667
8673
447
6897
5749
5014
8022
9969
3427
6808
8097
5451
7297
2142
7783
711
7738
9412
2243
9581
8067
8562
5843
8778
4422
8689
9966
9347
1305
4765
124
7545
1043
132
6651
2044
2828
4226
2793
7187
7398
2202
4789
8275
5817
5876
8720
6187
2208
1298
9243
8905
5367
3680
1736
1729
6809
7730
7728
8286
2491
314
1023
8878
5834
3691
5632
3960
7867
7526
3644
6781
3821
5502
4486
3372
1771
6117
639
7002
4608
3506
2515
4494
4774
699
4502
4803
1820
637
7082
7332
696
8059
2909
2181
8868
5789
6018
2768
9951
1817
6338
3748
9971
7093
1525
5544
7633
6843
5864
1434
3428
1669
9158
6532
8843
265
3368
128
2308
9916
9043
9535
1748
273
3364
9796
5413
8616
3389
4955
1385
6847
4472
923
9271
159
4922
8606
9947
1974
291
1773
9915
5668
4822
154
6541
4426
6450
6068
8473
1288
5412
1361
6751
4569
7621
2961
7961
1814
1555
4603
5570
1656
9894
2856
984
9097
8902
6013
97
1772
7519
1509
50
8578
4282
7696
2573
2831
8550
7499
6942
3332
7784
2256
8529
2120
9906
5505
4062
2699
734
5454
4591
5532
5395
399
3246
4439
6950
1738
5804
1928
1592
6479
1345
9882
7313
6102
7214
1421
8105
4863
5900
7949
133
1141
9813
7427
1404
5794
347
7824
553
7982
3365
7260
3209
1502
9163
9066
5374
4650
3114
4145
7253
5708
3751
3432
1704
9518
6013
4984
3626
7055
4204
3658
3431
5847
3406
6205
6776
6727
9537
4255
6219
978
5666
3338
6849
1117
3183
8905
1581
6422
2767
9696
8813
7636
1037
2730
4915
8644
9294
8328
5269
5681
5360
8992
9819
8755
2354
6916
2974
5003
7884
9352
2131
717
7547
4646
167
677
2491
2364
8865
8334
3783
4722
8885
1692
1537
315
9011
7356
4430
7624
2327
3605
8750
7020
2587
5874
8765
4447
4255
8176
1341
5061
1745
3609
4732
6741
9987
6190
2323
3348
9959
5336
5501
7587
8957
9182
4128
6122
5289
9602
1936
229
4327
9976
4874
9293
2712
7423
5531
6587
4266
9914
541
4527
8529
9342
2024
546
8509
7610
559
4440
2755
1674
9839
5729
3473
3587
4109
5548
1857
6258
9316
3072
3624
8519
6546
5097
7500
8953
2592
9960
9260
6245
5407
2210
1354
8662
3412
9896
3053
7186
2573
9607
856
78
7603
9195
9329
3783
8295
3089
8210
7967
6764
7675
5622
1109
1957
1844
2106
8647
8014
3575
9145
1231
8795
733
8145
6991
4685
7226
7312
9596
2178
3997
8531
6073
4042
8710
5637
6686
6156
1061
4502
5955
5954
904
8133
2252
9841
3959
5294
1850
5962
9775
5223
2001
7774
1659
727
4435
9069
1793
7855
5435
3069
5328
8795
3726
6788
9838
5476
5438
5245
4933
3817
3251
6932
7943
5407
8404
6242
3339
6349
5403
7147
1564
1797
2818
1450
815
6114
9561
9627
6726
9151
2541
7338
4224
4551
3327
7589
4958
6701
8079
9306
4889
6882
5795
4493
9164
8714
7358
3730
5363
9480
3524
7739
4070
3961
9529
9607
6358
6388
5478
2759
8107
249
9228
4447
6434
668
3118
7265
8205
1383
5418
2125
2986
2728
1962
4172
5839
5749
2277
8144
3457
8251
7969
1472
8920
5125
8508
7110
7572
3468
4067
3396
7783
4300
9746
8161
7005
223
9
4014
3994
7626
616
4135
6009
2367
4926
842
5727
8723
1638
9845
7396
9571
5699
4294
3165
9905
6002
2916
1120
7242
2015
8304
1993
841
4536
1198
6906
4928
156
1256
9073
7570
8429
9407
3384
8422
1343
8769
1580
4827
5152
3272
1377
6545
5576
1536
3036
126
3854
915
6189
1015
2964
2864
3782
1055
2816
9619
9974
131
4750
7505
1792
4970
6677
6545
7612
6080
7162
9054
2099
4953
6797
8090
8459
8156
5441
6619
3234
2912
1346
4210
4993
8241
7447
3142
4760
8641
8864
4105
3818
4435
3361
6961
3221
2937
8800
3661
4305
7844
5201
9391
8763
7940
6302
1925
1950
8583
1581
4311
2075
7050
3242
4720
578
8934
5011
9563
8345
5941
6383
7549
8610
5693
7384
3543
629
4152
1461
5866
8397
9538
7871
6004
1806
8663
8275
9177
9030
6769
9121
8192
7934
1180
1008
3127
7483
764
5533
60
4211
9266
313
3949
9056
4526
882
8013
1375
7245
7793
6452
5736
4344
2314
368
1511
5755
115
2298
5921
5327
8987
1364
5006
6151
4316
5332
7574
8306
4135
9130
6857
6038
970
8422
5385
1249
691
3225
6800
665
4382
5680
5672
6927
877
2604
4051
1761
3897
6888
9293
9005
5147
5945
8386
4269
270
8456
7850
5658
5622
7841
217
4841
8243
1229
7309
5906
974
2827
9110
928
7210
4314
2009
3599
8727
4716
5423
5134
789
3566
4944
3120
8517
5881
1486
449
5500
2766
1569
3115
6189
4782
3333
5967
2175
4038
8463
7821
6378
8317
6787
8717
9931
6851
9804
5547
8464
7350
7948
7071
9000
6833
1721
4460
8354
2944
9439
8017
1389
3061
9302
8769
1449
2948
5541
1253
9656
9795
5859
9074
4838
4696
5688
2843
3927
7144
645
8013
2718
6070
3108
7358
9711
8690
5928
9792
3894
4101
9681
3186
1216
2322
5697
8359
8446
8669
2087
8294
6255
9038
8707
1450
9156
1312
4148
7216
2352
5200
1382
3526
1853
2153
9771
7696
1275
8827
9689
5998
4833
2979
6653
1302
8507
364
5283
4813
8079
7298
2151
6785
2323
1523
1529
2782
9841
3773
4772
1774
398
2031
4487
958
6785
8339
8482
73
6030
8750
7281
5052
4719
4066
5998
7937
9670
2412
1730
4738
4130
9761
4448
7981
3845
9502
7951
6132
80
2346
6887
3349
5434
1780
1879
4077
874
9301
8881
5790
67
6148
8377
9911
2908
1406
6227
7659
6629
4034
1393
9272
7749
2368
7905
8889
1208
630
7172
1646
6774
8961
8238
8961
4631
9313
6275
5804
6142
9106
6889
5250
9117
3698
300
7025
1983
3039
4827
5805
7081
7266
4210
9090
9512
9766
3947
274
4119
9747
7516
2810
6628
6287
6977
9182
7659
3963
71
3003
169
8373
3275
4789
3651
23
122
5095
4248
5683
1750
2452
4572
7724
2295
7163
3925
2595
9463
1724
3035
9048
5224
7252
5606
7025
18
5273
998
1554
816
8238
9873
839
9527
3046
5445
1224
7986
7471
9265
2267
1425
1861
9128
8626
932
8169
7152
7229
7845
731
7232
6215
3210
6693
8393
3320
8920
4208
5961
7461
4193
8571
6487
3843
3071
8477
1675
7009
5761
2245
1149
6459
6353
604
3327
8534
8716
1529
2058
3427
7976
6655
3297
9849
9468
2072
286
9823
7771
3837
4605
9425
4351
4769
2936
6709
1278
5373
9586
5606
4290
9996
4691
6749
2431
2352
8644
4770
3770
2305
6630
8919
6540
2412
8198
2453
6180
6550
1109
7661
4353
5384
1388
3952
9752
2077
4508
9663
4521
1855
2712
6130
3569
5189
7976
7118
839
3821
1917
1146
5637
1721
7734
1564
7278
5207
2114
9872
4856
220
732
7821
2265
7323
8357
720
8466
3558
2964
1264
2846
7293
892
7111
1782
5554
696
3810
6207
7010
4904
2988
2665
5785
9955
108
3843
8723
4341
8788
2870
6832
8896
3056
2106
1979
7182
1242
3646
4109
3013
1027
4437
1874
2333
5807
8038
3876
4060
3251
2317
6706
8664
2850
6228
6364
2414
1717
8599
7955
1915
4008
9042
7300
9419
7287
6649
8463
8404
5256
1775
1252
3519
5683
2840
385
3478
9552
7749
18
3935
6974
6649
2636
1999
7204
4675
5931
9206
9157
6240
2483
3316
4916
4632
9606
9051
2675
6674
8173
7536
1583
2735
827
4683
589
5151
9829
9002
788
5247
9224
249
2740
2225
879
2432
5740
1468
4197
6380
181
105
5647
9084
7296
2397
3591
4343
2046
8647
3033
8889
4810
3441
195
1872
7807
1
867
2903
5224
6795
5683
2561
6285
7539
3352
7505
2458
587
2342
5142
8903
9367
9604
1575
405
761
9427
4758
6348
6709
1923
8223
7504
7382
5466
6980
8826
9902
5119
5758
9930
2508
7494
5838
630
3507
7464
4721
1736
5314
4084
2721
1839
2563
1950
4775
8888
3021
778
9943
9729
8661
4987
5492
3055
4953
5308
6852
7805
1118
2697
8805
7705
2723
3462
5956
4660
260
9416
500
263
6030
3221
6205
1479
7316
7224
1746
7546
2648
7929
4343
1197
5407
6482
6385
2006
651
3889
1304
6915
3575
4130
2149
5754
4833
8764
1365
5776
7554
1061
4862
5828
3758
9651
2
4607
5121
6716
2779
1288
246
7684
6882
1682
4986
5188
2615
1978
9100
8745
1878
7627
3267
8938
9216
9838
2243
522
9693
6739
6188
5225
8183
3327
6736
6121
7683
346
4957
3125
1656
7450
860
9364
6387
7074
6880
5655
6731
9436
6520
5239
2325
6406
3900
2082
9406
1754
9669
3917
545
2053
6731
2605
2574
4177
8837
2162
3157
6199
6521
8230
5218
4985
5637
9445
92
301
3710
309
4145
4705
8952
7626
8930
3437
5545
2043
3915
4693
3335
8138
9824
5664
2806
8058
1575
7401
5618
9358
4200
7696
3043
3391
3964
8746
5916
4809
8691
720
8198
1118
3838
558
5047
8472
4608
5484
4577
4177
1072
5524
8436
5101
9878
1209
4104
1958
94
91
5391
171
4028
9144
4693
9148
9796
6137
3987
2411
215
8089
3851
5456
4814
2394
9522
1967
8636
4825
2675
6221
9870
7690
5948
7349
5481
2509
190
4229
5281
8519
987
4422
3005
8221
2073
84
231
587
7106
3138
3041
4880
1009
8458
4492
1516
5060
5729
4989
7016
6119
8321
3012
1787
8697
4787
1183
4787
3500
1286
1766
5956
4307
3466
2205
7343
661
4557
2544
2208
3950
8135
6208
8916
4114
289
3170
9867
8831
3874
8737
2719
8533
4866
5344
7587
5709
8935
675
1089
7759
2475
8321
4245
3258
5947
201
3463
4469
6829
4584
5688
6627
7938
6441
1939
299
6911
5995
8949
7265
8158
3942
1307
482
9016
3636
3079
609
195
5530
775
6037
9084
1622
4265
7740
1449
8323
6621
3588
1330
7083
5051
3928
3934
4247
2742
1399
9030
443
1022
170
4794
8833
8682
1112
2220
7167
6727
8805
7462
7972
1334
7304
1269
5815
554
3016
2937
8900
7350
1907
178
1522
5405
2180
4187
3382
3769
9371
1799
3574
5258
6888
3408
8749
4425
8964
9079
6140
4199
7863
2364
6926
6426
7111
3872
1275
5843
2813
2077
3452
6780
8083
9380
2949
1932
9752
539
6410
1733
14
8453
4829
2626
3425
9196
4129
9247
3872
2086
2664
5503
5607
4265
4146
7283
5015
2751
6979
1461
6405
9627
8159
7819
2921
599
9139
6480
3538
9706
5043
411
2896
3220
3156
8563
1270
225
