4789
5858
8043
6674
9270
8292
8201
2636
4609
5665
7701
9579
8620
7002
465
8380
2700
4446
6656
57
1021
2423
8050
4873
6569
6062
9489
5937
3477
2477
524
920
3617
5071
1533
4614
7290
7800
5146
9723
2324
7514
8421
4047
6213
5761
5505
9190
889
5479
5480
2231
9873
3401
6474
9690
8807
3715
5194
281
4825
847
494
2686
1513
8178
7961
3556
7080
8756
7100
5795
1205
6499
6472
5033
1362
3324
1841
7285
6296
6926
160
6543
2184
6473
6845
6681
917
867
2466
8675
4457
9599
5690
1918
682
6575
67
2272
6355
1130
5629
6794
2059
6402
4732
8136
4540
3174
8878
5435
8804
5908
9873
3451
3190
5867
8669
3691
8857
2588
1328
1651
2864
3699
9682
1654
5428
7144
1301
5220
9243
3940
2239
4105
2364
7162
1939
6445
1201
4173
4518
1537
9262
3395
7490
4252
8570
9448
3895
7334
4677
2733
8520
7550
8817
8953
3988
445
831
1985
2386
2949
8311
6845
3477
6294
5628
9606
5799
785
2299
1028
5504
5082
9576
4187
1605
3835
5294
7964
3198
234
7995
5887
5770
2863
5201
8372
2285
2108
7932
2331
977
981
2502
871
738
4414
1236
9458
3127
7381
2140
9418
3267
5055
2983
1153
9195
1612
9614
5829
8028
9182
9122
6253
1119
4248
1078
6781
2009
2651
3804
615
2185
585
8575
5277
5299
525
7464
6466
1487
1339
2525
2389
7383
3558
5509
3239
3768
9459
9156
9424
457
6878
1062
4852
9560
2240
9766
7906
7755
4715
9930
8447
8890
1169
7320
4269
1566
6539
4822
1675
9322
6472
1059
3426
6000
8959
3848
2240
7893
187
5694
139
979
9695
1834
2206
8228
2363
9468
9075
7061
1478
9462
6335
1253
8107
1478
8571
6354
4435
2488
8805
7535
7760
1937
685
3579
3701
4390
3222
9866
5693
7277
247
102
3061
5432
4939
3000
8939
7582
370
2281
1149
2781
9031
1731
702
6470
2563
973
5650
5031
6490
392
4260
1162
5109
6606
6332
4840
3359
8574
3886
1398
2148
7385
6382
4903
9112
9160
2423
6862
4114
3528
6123
6655
7939
4481
6265
728
6374
1976
9611
7722
9764
5668
1942
2572
8326
4424
5887
3124
398
5413
230
2752
8179
178
7495
5678
1058
3955
7024
4022
8754
4271
439
5183
1528
3485
4562
1936
2323
6665
8594
7309
5208
2133
8689
1807
7362
5710
5987
1310
226
6224
8374
6516
4741
2412
8469
3632
3648
5634
6373
9474
5978
7963
8899
5587
8174
321
5910
6093
6849
8626
2027
1743
1390
4193
7281
270
4827
9470
4295
3110
5506
6648
8742
3683
8791
1442
730
3658
5767
6399
9141
7911
1348
9651
450
5333
1193
6921
474
5904
9002
1395
5630
9577
7783
8883
8669
9322
6777
6609
2057
8928
9112
1682
5577
3348
7657
4492
7343
5984
5087
451
9175
7007
6204
2484
8745
68
1396
2365
1893
9671
9620
4956
2234
5938
7434
9969
3366
4566
3015
3236
9067
7025
2545
6923
6938
2409
8619
5125
4227
4046
6972
7200
2539
7420
6971
65
8042
5416
8052
7440
9093
9556
2048
6821
9980
8629
5023
9433
8362
4612
3232
5957
3317
5698
7778
7652
8324
1856
9365
8758
7164
4876
7017
8268
9337
9869
6315
3180
9242
4011
3312
8162
4538
4400
9941
9060
4454
6899
4454
4599
409
2451
6570
6397
4274
3167
616
5194
794
9791
222
1385
2225
2672
6168
8881
411
8074
3958
3791
5490
6898
858
9427
7383
2361
1535
6009
1584
6800
3739
6218
6179
6282
8705
2776
3402
1275
927
4072
991
2998
4885
4230
9723
9462
7374
757
7670
7767
2189
2120
2895
2842
7091
7808
5625
559
9722
4056
9244
1077
3984
9474
85
4099
3911
4639
8366
599
1165
4733
2061
7487
4317
4194
2314
7889
3218
1294
6555
1831
4027
9186
3135
355
1651
6959
5203
5864
5075
3609
9627
7828
2251
931
6535
3062
8479
250
7423
8985
8962
2507
991
2428
7873
7947
6381
6411
1449
791
3130
9554
5441
6012
6975
6992
9388
3808
3457
3919
4967
8880
348
9630
4677
3277
9396
9351
5538
3605
990
7872
4110
5324
3998
9636
8616
7087
772
2045
9020
4673
5505
1835
9366
2708
4009
738
7356
5250
4842
8837
8904
2581
9457
1040
4170
8089
5013
2122
1522
5023
2061
9888
1356
9071
5665
768
9295
8124
1117
3967
9784
8184
7198
3986
1163
1727
3946
5263
7442
4264
3394
4648
8187
3605
7412
5661
1834
7091
2289
2134
6867
5749
1539
8309
8540
2047
2944
6015
5128
9677
5911
4747
5279
7678
7861
4780
6906
274
2684
5125
3896
9248
223
9334
7495
3549
2740
5561
6687
9693
3257
6761
731
7705
6097
235
4028
9351
3804
1565
6061
6472
6106
230
510
3487
392
1559
9243
9893
1343
8295
5259
6523
6967
8111
7640
1203
1595
9001
6109
7853
2091
1508
8490
407
3492
5695
9106
7820
8343
4101
6554
1846
7607
2220
6456
6620
5328
6476
7146
7637
9166
1810
1028
5443
8449
4962
3598
9543
4547
5274
4884
6227
5691
2611
7273
5056
6158
550
8743
7699
3003
3052
8144
4609
5245
3624
8415
7013
9106
3161
6423
6223
1909
3111
7449
2921
5212
4070
4476
3359
5871
2148
7668
4117
1748
9851
3793
266
3830
8577
4412
6496
1756
1150
187
4771
5604
1018
3122
7399
1836
1326
8417
7481
2310
7677
2916
2784
5093
3860
4719
2538
2691
66
2758
2226
2445
6700
4608
2234
1412
7666
3790
4860
8939
7347
3302
7642
1270
1407
4757
2551
9064
8198
5931
7658
8769
2628
9068
7126
4316
7241
119
5790
2610
6146
3842
8514
984
5463
1017
6425
878
3837
4726
1900
9595
660
881
8776
2508
2187
2981
3297
4999
4264
9116
1014
7384
1459
8103
3354
7808
8954
6011
1166
9395
7588
4845
4900
8776
4761
5412
3514
6494
7149
9560
327
4900
3866
519
5697
2763
9639
532
7544
158
3866
4623
7468
9689
9263
5556
9312
8844
9517
2707
292
2803
7416
3795
5338
5695
7989
2972
2465
4727
7014
9201
200
3898
7071
2255
8755
4801
6048
4384
6721
4065
712
4535
2356
621
2365
1101
7245
4160
6498
50
5780
8802
5306
1878
7305
1694
2980
8271
672
1130
157
2325
1619
1720
5385
7946
7361
1866
7664
9839
5664
6867
1676
7900
4010
7195
9487
1117
7260
2816
4914
4083
4527
2441
373
1595
2
2008
6949
7848
502
7562
8269
304
7878
6607
6915
2360
5370
9674
1823
9083
8379
1242
3541
7944
6581
3208
7247
3279
5982
6309
5861
666
1215
9289
3122
2665
6726
9737
734
9957
2512
5986
6987
2989
3949
5947
7512
971
8888
189
3335
1249
4224
8641
1771
9711
1081
3190
8926
1932
260
880
2184
7119
5465
4996
6326
5528
2802
5354
5565
819
1645
9890
2495
2790
7624
7320
172
7720
277
2912
7
8068
4947
4063
6588
6757
9330
8938
1246
3625
9119
5164
9892
4479
5306
6375
9837
5678
8035
6469
3493
7269
531
854
9834
5241
3361
9311
6465
5297
6234
4896
229
2994
7685
5053
4283
55
3591
7298
4621
6141
111
6883
1193
2665
2663
4149
8794
2867
7736
3260
5355
6164
3451
6814
7390
2782
3422
3968
881
6047
5011
4504
5304
7605
9779
6779
9273
5096
2906
7159
2418
3156
1566
6027
7609
9769
6775
9255
4256
7776
3487
9162
9456
100
6173
9677
4620
6117
6180
9481
8984
779
2149
6201
417
8882
3337
4463
7268
7113
4402
9026
1970
4558
3472
5750
8963
8540
4649
5058
2707
9815
6405
6443
85
7255
3487
4621
9413
3801
8093
6013
8072
6726
4549
3087
3724
2460
3919
8607
2721
7720
880
6563
7766
2673
9470
1806
8871
4070
378
9663
724
2202
7325
61
9785
3049
2730
4673
665
6818
5924
4781
3248
1623
1198
6294
9614
4534
4871
6318
4112
1513
6024
8678
3722
1670
9803
1236
6883
626
9931
2255
6747
8004
4201
9642
3120
2133
9228
778
6745
1675
3954
4427
2069
1426
7647
9427
2625
580
9460
471
4522
1037
7795
2013
8860
9263
3648
7588
8761
2426
96
7175
8361
2625
2300
3721
6650
8464
9303
2567
9862
9568
4255
2297
6739
1340
8262
3453
1331
7948
2087
9302
12
1571
3605
622
9137
5885
5074
3964
6500
5430
9112
5083
6000
5487
1354
3903
7755
8190
5857
3654
7260
1778
9462
2825
6292
7984
5574
6647
4995
6232
5248
8728
3109
5040
8916
4870
3285
9182
2048
3709
948
8900
685
4363
865
1246
6393
7607
3103
3100
2623
7345
8590
1066
9402
8124
7839
8
8204
3147
5472
3920
137
2642
3347
4534
9373
7906
2894
9335
772
7856
9350
5112
3180
5790
1609
4732
1341
5462
7470
2237
3212
3058
6466
6318
5002
3815
5071
1990
5088
7850
151
8212
524
1465
1169
5105
8012
969
7735
5012
5161
6799
6193
7552
4212
4522
6354
9254
9277
7905
2098
3159
6625
6745
4894
412
5805
9371
9692
857
7175
2295
6631
47
9255
326
8439
4854
9461
2344
8730
8606
8837
5883
172
9125
3993
4135
2636
2301
5826
1365
6399
7975
2352
366
9082
4193
9548
6823
9127
3394
1934
4726
2049
6882
882
5456
4051
1344
2276
6551
4504
9682
4125
4043
5371
809
2480
221
3576
258
845
4341
5353
9384
5645
1910
7045
9967
2821
4362
6223
4206
5725
207
42
8484
9883
2020
960
4076
8030
7517
1949
200
4424
5111
6763
5535
5392
6669
863
7686
6107
7751
1432
2580
8830
5362
1701
4565
250
2929
3640
9573
5502
8384
9117
8348
3635
2604
4304
639
3380
8615
1711
1475
562
6803
2289
5435
8461
9718
6556
3232
261
1071
8860
7609
4050
2973
3670
6171
6079
4574
8615
7212
5845
6555
7120
5680
3676
9526
2836
8199
5787
711
335
3338
9143
4623
9722
4456
5477
2061
4981
2577
3310
922
1450
1489
1149
2386
363
4083
8367
5341
2545
184
5360
7059
4020
9891
7634
9346
1823
2561
8224
625
1274
8781
864
281
795
3975
4302
2183
3976
8161
1344
6977
6195
6674
4567
1756
3219
919
532
2688
4090
5730
1204
4024
2367
8734
5915
7595
4671
8500
9372
4922
5479
5141
4922
4574
8977
3762
1169
4517
2910
5814
1682
8337
9354
993
8662
7132
7542
6484
2479
105
429
2664
5312
323
7003
6716
5134
6785
5161
6438
2604
2366
6253
9966
4753
755
2983
6682
8848
3543
5134
2055
877
2012
9484
5177
9960
1102
1901
1340
3443
1156
5666
6126
7202
8642
4838
3705
4349
510
4267
1449
5373
869
1655
2282
9656
3833
1251
8700
4435
2092
9830
8600
8759
8143
4795
6163
4848
4290
2332
3873
4261
1573
2403
1547
5736
23
4668
9679
2856
6446
6652
47
9111
1367
8154
5410
386
9913
9861
2532
1778
6595
6145
5591
853
2842
85
5332
859
7075
5304
7514
4742
326
4339
7616
2965
4645
9589
898
4232
1570
947
4775
3432
9785
4626
7444
6735
8359
3295
9665
7841
5508
7818
2474
5702
5498
8285
105
2355
426
4898
2143
9046
419
8752
4493
8779
3562
9417
6700
7466
639
6067
204
3833
6272
7037
9972
5803
9653
9328
5466
7658
2324
7509
9770
3051
2516
4676
9364
1926
9628
9765
1962
7982
2448
4370
2477
1854
5617
9420
7198
2777
7185
4844
9520
4270
2798
1544
898
247
3261
5854
2072
6507
2053
8669
9621
4705
3158
1514
4887
3910
3140
4928
2823
3854
248
1063
5674
5252
6801
3497
8824
5722
7606
3977
6847
8720
1001
9710
95
2538
1911
789
5160
9645
7742
8961
2514
2419
3511
3324
174
5985
6377
4843
6323
6540
2354
2982
6679
9125
3216
6100
2750
2776
3091
8064
3521
138
4364
8962
6171
5212
9249
7396
7420
6381
7626
9416
5618
7424
3219
2779
4471
1476
122
5504
2119
29
483
2242
7932
6370
5741
1617
8862
3241
264
6490
5239
7529
1922
2319
2577
6014
9848
5845
1025
3913
9336
5054
6577
9845
6143
8761
2583
2925
7085
6032
5815
3094
5968
2089
1840
7117
5462
7923
5395
9477
7938
7421
3
8599
4868
7287
8147
9347
92
1370
7693
4751
3167
2040
381
5713
194
2285
3817
5899
4129
7235
1419
4762
7100
6516
5326
3409
5896
8952
891
9034
3118
9897
5177
9485
6449
8364
6820
1826
1977
1169
2031
6229
9260
4785
7981
1168
2230
1351
9265
4907
6558
2560
1610
2802
3734
498
4911
9553
1243
2366
3123
7379
5021
814
7699
5139
5632
8617
1366
6739
4668
8926
6304
3086
516
7226
9779
2783
2676
3922
6199
65
5643
6017
3025
6944
1784
6109
8600
6457
6335
8846
6354
810
9301
1276
4594
1281
2760
214
438
2627
4006
1313
3006
6953
7259
4308
752
7397
7378
6575
7994
5507
9945
1708
1787
7816
9786
5498
8148
6004
2151
582
3033
2303
8335
4236
1648
6179
7142
3794
2399
5823
3393
1377
6848
7247
3263
1757
4215
2523
7179
1344
621
3217
7272
7526
507
4630
4327
7206
2748
3875
8537
4404
4118
219
3638
307
1701
716
493
3655
495
4213
7837
9176
2335
2037
2358
712
5677
7367
5789
3774
3350
8992
7079
6699
2353
1558
5676
7499
3261
9131
5840
9634
5213
4178
4735
7997
9322
6611
8815
2460
7696
3621
2497
8086
226
8732
5660
2883
6188
76
2046
4538
4342
1147
4875
1240
442
4509
3045
9258
5849
1544
611
9678
5816
7586
7627
5029
7130
5146
3013
6781
9401
3998
4010
15
1559
3427
9431
4004
1391
7788
4662
2267
8610
2531
7278
7913
1262
2510
4751
5896
9348
874
5145
1835
9064
6140
1828
5410
6561
5173
5260
3003
5589
9618
6617
7470
5745
4040
4831
7701
896
6943
2299
6572
5062
8294
2824
4825
6608
2101
758
4725
6337
6640
9465
9017
6396
4796
2425
2399
7553
3199
7718
8059
8640
8892
7188
7376
3856
3590
9540
6040
3102
9927
3100
3117
7481
7388
8127
1175
4508
2190
3968
836
8819
7291
5941
334
4308
8255
94
5802
2261
9023
777
3332
1539
6428
3918
7911
4400
3187
9743
5871
9971
104
3939
6849
1269
765
2117
9028
6625
9728
2501
4274
7778
4769
9379
424
8770
5325
9699
77
2482
5496
2367
6272
5700
8773
5337
5126
5202
765
6140
5086
3761
6607
9008
9616
8070
8012
474
5635
3800
4469
1724
8136
8413
4208
5459
7449
8994
6303
5127
733
4637
3188
346
5631
9430
8580
2453
662
8431
6060
9400
2729
8972
6757
6496
1984
6499
1018
4031
671
1510
2735
4451
9049
3835
2502
1062
826
5055
4926
8917
9586
9058
4819
1856
7793
6554
815
8850
7990
1718
2349
6268
7030
8176
5673
2089
852
9234
129
9702
2740
6409
614
287
3042
9200
2003
8415
9316
4430
2940
2794
1059
2657
7427
6178
7510
313
5053
4503
6043
3026
5394
9067
3386
1901
6284
4351
6139
2340
9809
4641
4060
2094
6336
7921
8421
9598
6554
2574
6231
6150
1524
2230
2073
5398
3627
4110
6467
9551
2676
7584
4985
7516
864
8085
3971
1128
3422
8567
1397
266
5710
9407
4296
7518
6447
5313
6453
2810
8867
7139
1271
2069
9584
8737
1284
2264
2098
4442
4315
1314
8790
9408
4256
2816
7982
1812
8336
3942
2851
9909
8808
8868
8204
8489
7821
2549
8608
5981
7029
3493
3232
1716
3329
6716
2025
3234
7278
54
2202
1706
6983
2035
6270
5064
4921
2344
6756
567
3848
7365
3337
7454
7654
8141
6661
7056
2712
6826
4708
5318
4619
213
6637
9592
7223
1896
1050
7813
5613
1237
2530
6026
9481
1409
7096
9622
5755
4078
143
7324
1748
321
6924
9033
6303
3287
5547
3058
2469
7324
8682
460
9274
5169
8725
4286
113
4478
5076
627
133
7753
2868
6250
8814
8486
4887
1303
9702
5779
5543
6943
100
8656
1284
6246
4328
8721
757
1157
8330
859
5437
2401
7878
1512
2447
9399
4972
4333
6947
6072
9091
8567
6207
3432
7270
637
5473
1306
8296
3238
9682
6179
8979
4288
3466
4543
6326
1300
6187
1097
9445
7430
2541
9159
3758
880
7868
8644
7667
989
8135
5902
7949
4452
7330
3070
7411
3159
1511
8781
9619
6844
8888
8220
8358
8276
3879
5065
1449
9871
7356
8757
296
8911
9580
9598
5900
1095
550
110
8992
2911
8343
9931
393
7553
5527
4225
5102
4763
1525
7190
6909
1565
1125
430
7604
579
3373
7885
5958
3217
4033
9839
2573
3390
7612
5506
3710
1833
9072
9631
774
6518
4941
8051
1389
7750
5496
1386
7814
7305
1000
8097
1012
940
4591
7066
506
4617
7643
1578
6148
950
735
3774
8172
2227
7028
6671
2629
1196
403
5851
5407
708
658
5144
1767
7330
6339
9735
9053
3803
7713
7924
7951
7209
7912
8875
6714
6502
5647
5071
6394
1208
8029
4630
7331
6728
805
853
5142
1188
9848
9340
8635
1021
2972
4525
2201
898
8298
499
5870
2273
9972
5661
6062
6409
9491
4527
2647
9649
2062
8997
328
2808
1253
3642
8379
4660
9415
8740
4067
8865
6027
9516
3529
8982
1945
6447
1194
1141
7457
60
3597
8512
9036
6190
1173
5098
4149
9583
5030
2085
2613
983
1169
5742
6628
3479
6326
7463
1807
2678
7421
9702
6143
4025
8471
6167
5617
9990
4959
9616
4012
8993
7447
528
5860
3164
5809
5959
9418
5857
9086
7708
4335
8668
7977
8485
8122
7343
2567
3776
5800
1592
3750
599
5506
1431
3120
8826
1999
1607
6693
1785
884
9533
6409
8956
5362
7946
1742
1118
7664
2490
4197
5529
4124
3366
2176
4924
9350
9726
7968
7033
5985
8335
5895
1579
5673
1
9821
8911
5193
3993
9092
7054
6377
1594
2412
7601
4920
8022
3780
612
299
8235
8677
3854
8693
1206
7999
6
1757
9974
3103
8726
8488
1853
3600
6761
2247
458
436
9840
7061
5796
2573
5906
7207
3238
8280
1588
5318
6147
531
784
528
1685
4268
2766
6878
3205
3955
715
6715
3995
4517
3039
8812
7141
966
7947
1311
1865
6272
318
7999
8048
5920
4404
7080
9551
7685
7941
2665
6191
7957
3108
6067
3664
963
3846
17
1980
3410
4200
5902
9039
3624
8498
6648
9671
3058
8895
7204
2951
7349
6226
1021
3312
9383
8714
9395
6772
1398
9993
833
2246
9768
2556
1937
7444
9720
2713
8939
7842
5584
4584
6421
9910
1349
3547
8077
8406
783
659
879
38
9748
992
5216
3404
8771
888
4576
3582
6034
6651
5831
2995
5270
1862
7679
1407
1569
1097
3466
6985
9084
2489
213
1
7912
4935
7066
5049
7563
2815
6188
5837
8381
330
8751
229
6471
9006
7214
8609
2463
7612
9844
2528
5426
3036
6787
7615
8179
8641
724
4159
4931
8021
7002
5390
805
4013
5564
9467
6144
3841
2436
9919
7177
7909
2208
8532
7929
7058
8806
815
7969
4600
5748
1100
7430
9619
6291
9653
3368
9083
5131
5445
9736
8568
5924
7530
9072
9399
3481
8347
6087
4181
9453
7269
711
7099
6199
2893
578
7206
6731
2498
7121
989
3066
6301
9464
9934
8420
4014
4784
7130
8142
921
2959
6873
3230
2745
4510
9307
7656
8815
4851
8880
7799
8208
3114
4879
2092
7979
3138
6206
6592
4593
8466
6823
2601
9514
4270
148
4223
4233
9533
6887
688
5623
2873
4000
4165
741
3028
403
8398
2852
1763
8039
1742
7305
5556
2832
3118
9574
971
7749
7904
1302
3300
3705
8827
4150
5938
4152
9486
7435
1274
9162
3556
2217
5390
6632
1347
8177
1844
4830
9925
9598
5253
9966
4985
8173
9232
8669
2679
7965
7790
1335
5683
1683
8956
2749
4887
3362
764
1351
8096
2236
5994
470
9487
21
9403
2578
1019
1469
9266
2087
8005
1033
1013
5617
6906
5617
2553
7399
3463
3307
8928
6726
4545
6524
2469
5128
3605
7136
4549
3621
8570
2303
4277
8712
6293
9028
4137
8647
126
5336
3537
6821
630
9975
4608
8272
8223
2472
8817
3567
9426
1381
8489
3106
833
2551
1420
6091
2461
6472
8288
3868
2478
7202
1232
696
778
633
3264
3409
5400
6961
9374
867
3624
8232
3166
2758
8345
1852
9752
7018
1866
8240
7876
6953
6894
2536
9946
8256
8313
5272
698
9778
5665
9990
4959
500
6317
1272
3434
7771
5121
9601
5826
326
7146
8185
2931
3611
8981
473
7448
9161
3663
5091
2154
1598
2662
7520
4546
3013
4246
8964
5722
8012
7960
8089
9948
9063
3305
7990
8113
5221
7361
9907
7730
2653
787
7864
9276
8697
2918
2509
5939
307
6734
9340
6064
3174
9233
7374
5655
8782
4996
5198
2962
4543
8494
7989
5126
764
4784
8423
8803
6463
5682
2466
1035
7618
5376
4577
7550
9017
2115
135
4072
5495
2595
764
1391
935
6558
3645
5391
3151
9108
424
9753
2271
2089
793
173
2832
9403
2719
6098
7950
7317
1767
2099
3377
9786
2757
3726
6927
6267
409
9143
6854
981
105
3188
7303
8378
3152
1575
1221
9483
5932
5674
5311
365
5807
4887
5010
4738
6816
5123
4579
1787
21
3795
145
9017
6098
9856
7858
2751
2606
4037
7518
3336
3958
9508
8037
7124
1607
700
4651
8665
1998
5718
3602
9791
1576
9026
700
6471
3408
5669
567
1643
9599
5508
598
144
4600
4674
1930
3270
1681
6397
6921
9949
2963
224
4585
1884
782
8979
5793
1793
271
2241
6413
3021
7688
9023
2290
6741
9372
8638
4308
3582
1180
7867
1199
8895
2011
1374
7144
3540
2282
9699
6828
386
2126
1674
5700
7125
5109
3059
2405
2261
1757
7180
1629
9317
3502
7673
1335
2777
8163
5988
5807
1274
1141
7771
6291
7408
9950
5524
6370
33
1526
1895
6776
1680
7897
3121
5645
4299
2509
410
613
945
3385
4712
3495
6578
3550
5456
150
6568
9404
5047
3787
2338
8766
1318
2300
6990
4646
6078
115
4449
8947
6801
1382
2702
7303
2419
5938
3062
4090
8256
1939
2952
2131
9179
8804
9501
3359
9073
884
1573
4060
2340
3601
655
8565
2316
211
2843
5622
3722
6078
3044
1230
7976
9726
3631
7764
1902
4229
9441
1459
2223
6206
7165
7165
3158
1241
7523
8690
5656
3702
4065
1860
2156
2608
1734
6104
8147
7420
864
4807
5765
8197
8965
4663
3632
2432
5376
2717
2852
3618
9680
1737
5281
7694
6083
5907
9524
6027
6655
7415
6829
7171
7204
1631
5586
1775
9353
1709
1999
5166
4328
7507
9255
6370
2928
5040
4625
6160
6621
3163
6002
2561
3236
548
1654
3827
7404
2886
930
281
9455
3986
6817
7366
6625
6760
4310
5075
6007
5912
9274
2992
2497
5718
9215
9524
8742
708
656
7994
4676
6108
4023
6053
4111
1120
204
6109
6119
2985
6988
7728
3757
548
5193
2637
7920
1072
8728
934
2367
6806
3858
1204
8835
6179
3290
3992
9267
8639
4064
707
118
5348
2357
322
3169
7850
6456
243
7358
8019
5978
2556
7041
3096
9445
9025
14
2
7650
2315
4976
2279
3000
9619
6367
2998
8720
7456
5622
9341
821
6225
2190
2439
120
1944
9890
1940
8980
2260
4547
828
1084
2887
2624
251
5610
7907
5778
5242
5401
7773
1952
8498
8218
9598
475
3611
7228
7930
212
9961
9991
9525
9088
795
6091
2260
6328
7976
6370
5974
3025
9223
3798
6683
4846
1293
4320
1334
7201
6916
258
9333
3778
6966
1517
114
5773
3579
4340
1821
312
8450
1846
6638
8084
1261
4180
1145
9710
257
6135
3717
5540
604
7438
5697
8081
2234
2564
6981
8976
1203
9432
9636
4874
3761
5906
1329
9548
3458
8756
5242
9751
4404
6776
2904
4686
2641
7011
8898
9938
451
4671
7908
59
3794
8437
7107
1797
1988
4884
668
5216
6798
8807
2925
7903
1369
9034
237
3672
5514
5800
5387
1418
5924
3601
1321
9893
9523
6801
6019
9136
1548
4030
8578
514
1246
7674
3657
2666
2810
6563
1545
1093
9013
8246
305
7002
5903
4703
9755
5169
7138
1025
7516
1187
7353
4114
6671
3694
3291
4996
4935
1567
649
9351
3962
4049
6484
2853
8182
4470
3120
405
8630
6234
9591
7590
7291
6380
4774
9585
4247
6505
9513
7248
4559
691
9907
2734
6460
1069
7473
8181
1173
8295
6688
8967
8895
2392
1222
6073
562
1628
5892
1500
9239
3733
5522
6056
1820
507
3527
6129
3295
1191
9080
8533
7980
6751
4752
5725
8632
3894
3503
7451
5627
7815
2664
5133
524
1915
1257
7155
7275
3573
3448
8609
52
5696
9571
694
7792
4009
7978
3525
3838
5545
7631
7479
3630
8614
3646
3249
7820
999
5736
7224
9162
5981
4629
7172
1998
2983
4151
6039
595
1786
2150
6658
1265
7125
3984
8702
1699
3433
9613
2133
6902
4986
9122
6238
6420
7974
96
8281
9921
1553
5988
2198
1063
4189
7234
5988
9631
6813
2768
9006
636
4344
7317
8079
8431
5504
2306
9198
8368
3116
953
6290
8175
4458
6486
1406
5196
275
1328
6764
6935
3338
4463
2619
9115
6737
9116
6827
8253
7269
603
690
3380
2938
1531
6163
3752
5591
4502
9917
526
8072
3783
3184
4570
7450
5980
7367
2222
5083
3256
8959
6114
7993
4986
7410
4572
5147
7371
2869
5965
2658
2128
799
7990
52
1195
1210
6788
3204
4142
9270
8066
6340
4884
802
9820
5494
4189
7710
7462
9017
8500
9506
3789
9044
6148
2994
1274
9368
170
1352
5804
7808
2475
2355
9218
7848
1301
8350
3410
9434
8871
4454
8303
251
6599
9547
5776
4818
6331
221
6615
7535
6522
2532
2031
7626
9983
8851
5956
4511
1301
4801
4467
9310
1983
4158
766
6484
2799
8520
7005
4178
7468
2724
9383
8084
5502
7456
6795
2075
9981
2345
3323
2920
3578
6316
262
7416
6365
4793
3013
1224
2273
7601
2565
1490
2966
8881
2873
5150
3261
5292
6724
4412
5070
591
8949
9627
8492
1502
8824
578
1237
2465
435
5899
2428
1720
5407
9529
187
5575
6788
4396
2821
8334
4024
2817
97
8128
8567
4425
8284
6105
6021
2728
4622
6043
2192
8847
997
1461
9723
7230
110
2405
2864
9450
7184
934
3703
8740
2070
4848
552
717
291
6162
6097
4506
3961
4017
3400
6957
8232
4725
9481
4194
6077
6199
7623
2937
2055
6392
4911
9750
5348
2250
3972
1898
7567
9210
6052
3025
6845
6255
8989
1131
8795
6408
7080
781
6899
2099
8552
5955
8147
5617
4198
8151
7870
7655
4158
4378
8123
8222
9211
9397
5713
1775
2039
3078
4115
6920
1705
6168
1056
9754
9238
7441
4840
4460
3516
9059
9392
3673
7012
8350
4351
7664
5121
9954
514
1585
5939
6304
1488
1262
2086
6332
6629
0
4405
2452
946
5027
7557
4112
2511
8709
2002
8013
3054
1174
1081
5643
1596
9601
7394
9896
5936
1479
8491
8814
6094
6706
5797
6532
4599
1372
7340
9253
6009
887
4648
1856
5730
2892
8172
7412
3143
1253
2397
921
9955
8499
8552
7710
9471
4565
7709
3491
5627
2515
4380
4345
9710
7972
7090
5219
3775
8395
5266
3186
3420
3565
6314
5199
6779
5646
2584
2631
2101
8135
7090
7877
7289
2623
1287
3009
8415
4888
4735
2780
1681
4897
1059
4755
6038
4362
5635
4921
334
631
34
1324
9705
4426
898
9053
1364
1735
912
2169
6512
9809
56
6352
7545
9827
9340
6044
8051
6622
6780
6393
4674
9708
6838
2974
931
2754
9569
3
1052
9834
8440
4847
7447
8953
5186
523
5425
7231
9403
3458
9966
7328
98
9128
1739
7945
7388
1398
8172
1223
3122
9916
168
5075
2676
7972
3832
2615
2
711
5498
9086
6832
6458
3051
9
6996
4120
1082
704
7060
9219
5890
8639
8171
8509
6223
3682
9993
899
4616
9194
3680
8306
5962
3744
2002
4887
3986
2557
6533
6425
2383
8352
2151
3133
6146
1113
988
6938
3552
9761
7717
3949
9775
8377
9208
3669
1089
3585
7484
407
7006
6224
5308
4244
360
324
7193
1438
917
5932
3144
8450
6506
6293
6646
3719
8527
2029
4196
3829
3277
9804
2299
6472
8118
4825
9200
8854
7695
5648
5357
6936
1684
2400
901
9666
1839
9819
7413
6848
7343
7721
4226
2149
4114
3721
4954
3836
5161
9531
9702
6268
5950
4670
5275
8896
278
7285
9648
8416
7834
8116
4569
3917
6180
9444
5096
3132
5137
7444
2621
2510
4054
9458
337
2739
5684
6102
2292
6038
8278
4058
5207
2868
9826
8999
6141
5160
8237
3410
855
5367
2683
8804
6740
3758
6193
20
2108
9997
7289
2808
2969
9254
6276
6569
5265
4946
1073
9482
4981
3525
2709
1534
7258
6383
6816
6342
3907
9657
7018
135
4125
2196
3264
1340
4265
7208
8176
2414
4223
598
2593
1902
1055
4559
3453
7723
6608
9753
9553
3015
3606
7708
3686
5204
6190
2732
40
3871
5311
7529
1477
1855
2223
7085
3535
8503
7046
409
329
6743
7133
3791
9985
4943
5376
8961
9092
2508
7124
1821
3866
7145
5556
5472
4709
9778
3785
950
4260
376
8233
5659
378
8180
8606
1567
605
2766
2079
7836
4695
9201
6234
4490
7461
4291
3671
4231
9380
3907
7370
4738
1787
8794
7474
9547
9700
5010
5207
5594
3177
4246
9687
1928
1555
390
2648
68
4989
9710
7686
6540
7344
4433
7177
5029
41
8551
3127
3168
5902
2671
4490
3510
803
1980
654
4842
8183
701
1105
5719
1952
370
8831
6033
4158
9379
752
3960
808
5223
5999
8267
6929
7547
9176
5435
5549
2681
2908
1462
7228
3180
882
3535
178
7265
6171
4248
911
7526
2511
8658
2563
969
4577
1628
7956
6153
4973
3122
6604
2011
7341
5361
3946
1320
4679
2724
787
7923
4702
8596
3001
3475
7058
8461
2354
1492
3764
8202
1579
4452
5199
8544
9500
3528
3673
5317
998
1976
5932
721
6982
9568
6166
296
4792
1958
1552
3217
5468
1201
5518
5014
4944
8207
572
8852
559
9632
7058
1082
3217
2880
5493
9359
4110
2849
4541
8133
1610
814
9338
7201
7889
9365
3764
876
6126
9961
8412
2009
7719
1565
4429
2343
6693
5813
8898
2316
1971
5318
5844
9995
4425
426
402
1020
891
2545
1575
776
3967
8306
3928
9283
8531
1332
4390
2342
9487
9085
4543
3781
7568
418
5071
7577
1071
7764
8167
8508
7418
9845
3273
8401
679
3795
5392
9826
4652
1677
2947
3217
5592
3425
9590
379
1511
456
2179
329
9085
2506
9144
4154
4504
9045
386
4724
5945
182
6577
3414
4054
9796
8960
7997
9250
6853
2713
5318
2230
4176
7285
5920
4917
8319
4743
4734
5586
1377
1009
2601
9330
886
3242
7400
4523
7593
3811
1433
5361
1998
721
3816
4779
332
7346
1961
5307
3356
149
1837
1343
7798
2768
5803
4011
5180
2510
2363
558
2154
421
2461
2794
1993
8192
777
3287
1849
9789
6769
9710
9828
687
6982
5102
611
2892
4521
2292
3488
3944
5558
5156
5323
1201
6053
6950
4208
6117
2471
7186
3600
3381
2824
891
8699
3724
9073
8018
3394
2019
5913
1860
6256
5480
1055
6731
2511
5465
7328
3832
5945
4097
2210
567
6045
9914
5564
6141
213
3204
701
4506
2147
4083
3593
9945
1443
5944
2805
7415
8813
1733
7410
7574
6162
9281
3532
9355
9355
8312
3604
8631
3437
6325
5110
3434
5297
872
7319
7918
4759
3879
8288
7584
3109
7388
483
2919
308
8054
6626
7402
2112
7469
6748
7014
631
604
656
5679
4098
5309
5765
8061
5309
9483
3407
9094
5596
2658
5396
8506
4740
1586
655
5424
7240
229
3843
8855
9668
5241
8691
7044
5736
2553
3231
5332
5395
8980
2356
1960
1059
1047
8880
4002
6202
6126
254
2529
8012
6096
3403
6867
861
3801
7879
16
3288
2437
6491
5386
6871
9465
4689
6030
2390
177
9270
3877
7235
2767
2757
9868
3619
8167
5503
9463
4462
9158
523
3241
3101
5896
8305
277
9796
999
8478
7156
1524
611
6776
2482
6009
4371
3872
1838
2864
4000
720
6477
9310
2437
6103
5497
8501
2806
4476
9973
5342
2862
3677
4640
7703
4572
9876
2038
1533
7144
8286
4292
109
91
3316
8531
1392
1713
7849
7130
6648
9747
8680
7336
9714
9164
7779
1685
6173
7482
1876
9876
4134
45
4024
5295
30
682
5222
659
7769
7913
2309
7022
2239
8136
6484
1979
5047
9538
4081
9172
5004
8788
9515
5683
3778
8355
40
528
2118
9057
2744
4765
7077
371
808
9105
6007
3506
6811
5990
6709
2812
2937
7235
9750
1697
341
5443
4084
1243
5922
9941
4655
8931
351
2118
3820
2058
8660
104
3941
6978
8889
4904
3998
1362
1293
7004
4689
8907
8928
9591
7401
1047
2343
4238
5464
9832
3445
8736
7961
5729
9852
9604
2175
839
3771
6357
6967
5367
4470
8824
1838
8520
2813
3271
9959
3975
5690
4149
1064
5631
5967
7761
3740
1083
4983
8987
6333
3729
9159
3556
2043
2963
6079
5157
9497
2121
3901
2871
197
3125
7381
5100
3721
5437
8959
5503
6952
6829
9523
8512
4671
783
3466
9929
1082
7805
6526
2320
5092
7921
9312
3813
3328
2623
8139
265
9744
9566
6399
98
478
7556
9753
8832
7141
4015
5739
6643
5572
595
4642
7172
8192
8863
1086
3640
2285
1004
6725
2386
3385
7743
3425
9274
9514
6281
1402
1798
1633
2741
8119
6233
2638
4025
6116
4320
4947
1059
363
2553
3626
1538
8463
6244
6921
7266
8651
3823
7046
9724
7391
6527
9690
1508
3355
8868
4703
5578
9217
6682
3801
288
8230
4791
7235
3082
7160
156
810
1110
4960
41
7553
3083
7230
2756
899
9051
8654
4194
2864
2857
1652
1373
4514
6612
3059
1206
4468
8755
4453
7804
1085
4689
1368
938
401
9619
3582
34
2045
5676
2665
9900
2361
9569
2823
7865
9206
9612
3493
1409
5340
171
987
5946
8447
7086
3648
4995
8324
2227
9157
7356
5004
5080
3679
9181
2726
8750
6925
9801
805
4901
5028
4909
3539
5165
1657
8587
7729
5174
2161
4960
5374
843
9267
3337
307
5158
3962
3428
9745
4478
8498
8144
2445
5407
1265
9609
9940
5294
7378
801
8939
7405
3637
2965
5839
8945
1225
1498
1618
20
5124
4568
3485
985
5059
1476
7242
8062
536
2425
5911
7317
3681
5115
5362
9593
7295
4954
9439
250
5869
6316
9059
8128
432
7579
6705
371
7405
4279
7428
7255
143
5628
9554
5616
4309
8607
5124
4507
2881
7739
7876
608
2315
2215
178
1284
2405
7957
7948
4073
8154
4628
3328
9731
7916
3424
8962
3316
3461
104
3625
4275
7736
6174
9575
5930
1871
8994
505
5573
5526
1787
3732
3537
1701
8164
257
9897
2621
3523
3474
7447
8416
5591
9233
8256
4059
8706
9794
1168
8268
6489
7061
697
3640
8334
8444
7067
2644
7434
5851
6245
4264
9999
1873
9615
5914
8387
4503
5310
2627
3459
868
5631
9700
9923
6206
8750
6686
4348
1505
2379
3252
3409
8165
6581
7896
7282
740
3805
2714
9388
5001
7118
7629
9651
364
9244
2978
6742
9146
4728
5549
1843
4521
5501
5723
4730
7326
6794
7695
278
2818
714
3016
9644
3760
2648
7129
8016
5466
6238
2093
6564
4441
1389
9416
7867
2084
7370
345
7013
6340
8458
4744
3915
6041
6155
4574
9600
5059
8256
921
2840
1479
7509
3659
1887
334
7765
6262
8161
8351
8653
2785
4061
9358
4438
1498
3661
1056
9698
4321
2392
2996
5995
1492
2201
1718
6528
5570
2267
5619
5968
3779
6902
166
5528
921
3468
7009
6856
5128
7476
2411
2464
6625
6200
2147
3621
1401
9891
811
742
1598
2878
4560
5417
6506
2391
4476
6731
9182
8519
4632
2129
5402
1075
8286
8568
1898
1603
5851
7819
5393
1363
1918
230
9026
3480
2775
1709
972
2443
9558
631
8268
9706
2024
5462
3081
2004
8655
3592
862
1687
514
4555
3524
424
383
6682
6617
1861
5145
4535
1518
2635
8797
8358
9192
1742
4136
6740
6318
3030
4961
5837
2636
427
8901
2508
6486
8194
6409
7675
9368
8270
7319
367
1085
9802
1787
1817
7344
4863
5314
38
9685
7776
5093
4094
6718
9918
1372
9196
8990
5161
8044
1077
1517
427
9737
4519
7452
903
20
9390
1183
8253
3224
1012
9568
1242
5764
2327
2795
8788
8987
253
2033
3496
5316
8210
5361
5171
3513
1472
1165
3758
7593
9331
5736
5994
4192
1662
8487
7466
4898
3326
8872
6248
175
3757
2899
5135
3916
5853
2259
7513
9739
4751
9579
4189
1172
8285
3409
8229
2446
1567
649
9614
642
4611
1283
749
2423
3622
6486
5248
6707
7268
6087
9961
1339
4666
7004
316
1443
275
57
2004
2258
7145
3641
2790
8254
9290
450
3422
3799
1822
1105
6625
418
3684
4613
5762
688
6974
3759
8824
1231
2146
7788
6009
2447
8812
5565
5941
1574
9432
8113
6424
9785
9706
6165
1105
7532
60
8987
2912
1125
6092
1232
7749
9359
9311
5146
2203
836
3664
6322
7466
5928
2478
1164
3114
1397
9701
4786
5059
2089
5794
4251
3327
4536
2883
7977
1051
2749
9286
6804
4920
5397
2686
6275
8987
5510
5908
6233
9123
6775
1541
5980
345
9134
4520
2303
1608
3539
1160
2148
2327
3683
3238
8568
7393
5214
3728
3492
7755
8940
3431
5012
2515
1373
7949
3349
3462
8410
9741
4385
551
5299
6397
6301
2281
890
8857
9086
8636
9093
5900
3924
1656
4697
4627
5483
4287
7157
599
6352
3311
5839
8057
9706
4528
6107
15
5184
743
1766
5820
6787
7596
1637
6864
6111
5094
8321
8102
1322
5724
5898
9177
2260
8223
4347
9919
6878
236
6513
8573
9259
2645
3837
2281
8706
3523
2643
6648
6074
8858
2864
4815
237
1326
9180
8216
9563
8010
4898
4255
3890
5497
3399
8941
1078
1539
2978
5113
5624
1413
7205
7184
8894
2263
5882
5422
6334
2374
6247
2096
7836
4286
1543
4657
2662
9683
7434
9596
9916
4643
6748
3110
562
1800
8544
5042
9696
752
5409
4536
7593
1194
4300
407
5109
3630
9993
6659
4728
7045
272
5912
3157
1202
3194
8503
1363
649
8883
9107
9792
9335
8118
1405
8671
2169
3939
1693
7735
6721
4197
3071
7566
8166
8539
8257
9880
1381
4224
2307
1005
437
5998
6307
6721
1952
1906
2926
595
6931
2653
8966
7997
2054
545
7128
2783
8150
8375
8078
6164
1244
4832
3571
417
9108
3579
144
8246
1527
2134
2131
546
8873
6776
2066
3770
8871
3958
3884
9819
7660
4203
7412
9024
2121
8284
7827
5964
2393
4880
9345
1128
4053
7575
8301
7328
2965
9321
76
6649
2453
1300
4217
7505
6314
4227
276
5290
3040
1494
9755
6814
2475
3779
5956
6706
3952
4627
8321
2111
4499
1972
2281
5529
1090
6302
3560
5925
2380
7782
6850
5982
8451
2694
6358
7024
3841
6050
9870
4970
5378
9746
4567
5450
2933
2430
1892
3160
80
5033
2287
7821
8473
9168
3869
7184
5400
4492
7871
8781
1129
3218
6252
3759
3481
1105
4644
3926
5428
4638
1300
5716
2280
8195
7495
3852
6387
8819
7455
7119
8652
4656
5456
1232
1168
1458
7646
9981
1418
9755
2330
7803
6063
8620
4718
4554
4199
30
7575
9949
4686
3270
7950
9092
1579
4789
5246
5560
209
7979
8115
177
7052
3993
9282
7172
8317
6992
1865
7554
9942
4628
15
2945
9473
2891
1478
8743
822
4571
4623
3130
7832
4179
4120
7758
2208
2742
2533
4913
3403
8630
5982
1726
4338
6327
1657
4172
4305
4217
7509
4987
9212
6681
2004
7642
4300
4822
7350
6221
6063
8616
8837
8026
7558
5796
7401
2276
4280
8509
4517
2180
8323
7946
3297
8883
2512
7143
6666
1694
4570
7160
3229
817
1212
7952
3500
400
9896
7572
6332
6412
1524
2691
4512
4524
6966
1372
7648
5396
9949
7564
5246
7389
1458
6733
8631
727
2998
3111
1839
9376
8052
2627
3568
8215
3968
8386
5749
1680
4740
3855
6404
3196
613
916
6137
5288
3228
5480
9286
2172
8419
7102
5909
8601
9732
9282
5266
2551
1058
4024
9332
4348
1053
877
6683
131
7805
6405
4641
5055
939
5349
2116
3943
7357
5300
7532
2241
3109
3487
6994
4376
3583
2607
781
3760
6829
9245
1514
9856
5193
7571
455
2541
8310
3860
6733
8515
2896
3309
3760
1236
1155
830
2353
7794
923
5773
3047
3309
3845
6605
9360
784
7886
1156
3885
9085
5509
315
5645
4823
9098
9200
6454
1801
7269
972
9169
8260
1525
5818
752
8169
3770
3102
8657
6922
615
4541
4348
2295
2081
867
3723
3256
4965
3254
8422
7955
278
2276
5299
6544
5410
4182
3277
9993
4710
2133
706
4744
5986
77
1444
1784
3787
6914
4448
1855
9511
7015
8219
8435
3601
1291
4905
1731
7213
1853
1669
8043
4813
5958
7117
8903
193
9233
5559
1119
3264
6024
9847
6826
3598
2303
2021
737
1932
5938
4087
9182
4907
3685
1161
2600
7106
4217
9031
8173
6899
2283
1010
135
7632
5962
6877
5334
6627
1246
1002
8233
4815
3894
400
3170
1200
7787
5681
8201
8935
4604
2477
1173
2180
5587
2470
7314
6166
1492
569
9945
6937
236
1888
2184
9008
3287
9586
7602
612
5286
8374
3114
319
7442
4045
8128
1833
2471
5569
7702
1078
5269
8393
3213
692
4776
9741
9207
3280
3988
9419
4217
7999
5072
4602
3592
9323
1564
178
6632
6061
2109
401
3978
7888
5503
8431
2006
7618
2503
4137
4675
776
2213
3973
5504
1897
682
2800
4878
3452
6723
6659
5345
6868
5361
3117
1071
5282
1270
623
7005
2030
841
7012
2065
9194
3760
2463
2414
1269
381
5654
1840
1620
5516
5076
6653
7307
9544
4819
3867
7332
7526
2738
2233
77
6900
7781
1584
5577
2680
1658
6971
4223
5524
3242
1140
6504
6971
4328
8037
1439
6165
255
924
7726
7549
8544
5615
6259
2459
6920
3170
5292
7075
2671
7644
8224
8101
7920
2834
5474
6043
4570
6797
3125
2719
6523
32
1593
5170
8753
4314
3320
2940
7394
6618
5215
9376
9111
107
3122
3358
1014
5505
1704
2893
8840
684
8003
1377
9870
3482
6346
1828
792
1515
9668
4247
6497
7789
1721
6580
9641
5112
6846
1928
8594
7014
5282
4761
864
8346
1049
8151
7173
7649
7665
2882
9590
3259
383
9549
44
6627
7812
912
4830
3754
3066
7860
5986
5721
1622
747
7766
5220
3493
4384
8914
7743
6673
8183
2731
5388
2611
237
8282
2538
5006
4915
4781
5778
90
7587
4621
9111
4718
4582
5523
9833
2938
922
4916
8059
6614
3884
5851
1353
2960
353
3975
8759
3461
5261
5789
1477
9302
3329
3649
8112
822
7899
35
5326
1901
1562
6836
9162
5219
722
3028
7933
8999
2455
3742
7123
2509
977
9820
8481
7035
6020
2646
1534
9653
404
2030
101
6227
7562
2547
9235
6173
6023
7261
4788
7997
8343
7277
9162
8186
4419
1449
3926
5035
8577
3585
7336
6757
3476
2367
6708
4755
9450
9137
5405
1980
4453
4548
6537
8093
1184
1430
4838
3349
2539
1181
1192
3790
4805
2744
1289
5061
4231
5461
5062
2997
9044
4543
3828
4090
4597
3934
6107
946
5736
3817
9093
970
369
1226
4986
8917
8531
9901
9750
2357
3859
7565
5465
594
9944
4265
4537
1337
4746
211
9578
7443
6329
7557
1556
9111
910
1593
2879
1946
3280
1328
7093
1699
3681
9203
5094
7867
3283
239
8827
1700
9537
3394
5407
3549
8760
2427
1316
2076
5370
6564
4849
1820
9994
6722
3098
8422
5437
6268
9324
4721
8913
1336
5319
4647
7858
3417
5334
6321
6973
6220
9919
3066
2544
22
6307
2341
6989
6306
4416
611
3639
5200
4952
7675
8957
676
7367
1172
8527
1261
3547
2998
4241
9973
9711
7226
1473
9008
8518
8794
6217
144
4378
2145
964
5064
8296
4346
2781
4846
7322
3469
4778
7969
4542
6721
5295
6667
875
326
6587
142
1342
4359
1414
3159
4309
8994
2661
6076
7571
9097
3159
6291
5577
2567
3072
6943
3129
3143
8131
1775
9423
9536
1153
5388
4726
5382
3136
1453
4652
8292
3450
4198
5523
761
7606
7743
4012
7539
7725
3302
6078
6650
101
6375
7119
9841
1787
7409
302
3529
6054
1847
9844
4406
8838
2110
4910
2509
3748
7289
2431
2164
6279
2216
7362
6328
5186
1404
4731
1631
2471
3084
3064
9577
5843
8473
4904
3214
6163
1480
1197
274
9065
6398
3214
9925
5904
6043
8335
8220
1957
9707
9051
936
1042
4490
3345
8515
851
8678
6898
300
405
2261
666
3429
4028
9003
9048
7704
2496
4651
2597
7307
1325
5139
2912
9548
5152
1094
9549
3873
6925
7050
2270
748
1040
9889
9440
6246
8976
1331
8082
9531
1974
4489
6268
5328
7874
5625
3142
2224
657
5959
6097
7787
6728
8611
2351
1324
4460
9070
9784
5643
8268
1782
6939
6349
450
4909
4888
1893
1283
1781
6669
2154
897
9296
7528
6559
5521
850
3585
4124
199
3964
2457
7263
6500
7659
442
7396
680
9866
2754
1414
2308
2346
4382
5791
4869
1471
4300
2783
3506
2742
2539
422
3199
7569
8499
8099
5
8589
349
1228
4658
5316
6067
7568
9067
6352
2753
1342
8001
8113
7536
7569
725
4349
7153
2508
5023
7184
9119
3214
6511
2416
3794
73
4474
6712
6792
5631
1670
7182
8153
5493
6025
5148
8425
862
477
8443
2515
2130
335
5167
1648
1252
9505
7312
7877
1474
70
4137
773
9699
8118
210
4090
8910
9471
9622
5814
1521
393
2624
5959
8982
6865
1209
5682
2106
6252
8410
5396
4230
4449
9945
8382
2640
4156
4964
9239
9019
9755
781
1202
5036
574
9645
2510
8612
3768
4884
2967
3846
9786
1480
9640
7595
3985
5062
7518
943
8607
9178
9256
807
4152
498
5111
5784
4859
9897
1384
6762
7826
1342
2404
8643
3949
2716
2320
1868
5455
6778
3335
891
7815
7562
8866
2322
9122
7691
1890
6894
5165
4243
8413
7252
4319
6831
4711
2894
992
8823
2275
960
2019
7134
94
2378
3844
3442
373
6723
3674
5404
6393
9324
2678
3500
3649
2463
118
3703
9313
2370
7557
7440
9187
2475
9460
8555
7466
8050
9820
4387
5067
5535
3630
2653
5388
629
3075
6694
282
9667
7489
3794
9894
7775
9060
2676
6884
7339
231
5267
2697
4299
7233
576
5146
5203
6823
1203
1173
4968
7044
356
2158
1430
4716
79
8489
3987
9746
5164
5551
4269
7566
7470
951
916
604
8221
1590
6619
8405
583
8493
2550
3620
3126
2011
5732
2280
158
5683
3993
7307
9998
9842
7593
7967
2290
6990
5232
7666
3070
8968
8506
7415
1773
1394
1227
4330
1014
5419
1114
6791
2614
45
6849
8102
4870
2951
9477
8179
8684
4352
8992
5060
7929
4456
3309
2690
9617
9735
6591
5450
5687
4170
2194
3203
9179
8523
6802
9289
6982
3524
4108
9244
2632
8606
6274
4998
7716
5257
2767
6331
3097
6694
9039
2056
6981
1219
6521
4568
6498
5238
4311
2619
3662
88
2021
1789
1635
9836
4975
8199
335
7307
3794
586
9457
9174
2832
9764
3836
8923
9486
5744
3288
5276
7602
9113
7073
177
3774
4870
223
9306
1556
735
8009
2314
4769
4825
238
3427
282
5137
6935
2099
375
218
3423
526
9183
3028
4420
2151
8582
2592
5441
7437
8871
7918
8562
7556
3300
6448
4022
2806
5046
22
2550
2869
1975
5658
5947
8260
1687
3427
6432
230
1965
1426
5365
5083
1457
9630
4858
6827
682
179
2438
2742
6413
7052
240
8866
2372
7330
188
3592
3308
1066
2229
8599
9614
5119
6157
4093
4197
5843
8187
5816
6280
139
3022
9467
115
5897
8536
4139
1649
3061
2358
314
5054
8696
7337
5806
7721
8543
4163
8753
1738
4396
8771
852
8653
8405
2967
6196
2844
9976
9609
2047
8472
2287
4302
1028
363
5723
7091
7614
4068
8225
9577
8002
5251
8424
713
8386
7515
9064
3525
3290
857
5295
2667
6095
6201
8072
2282
236
4125
9530
5836
38
2338
9086
5344
1899
5667
5342
4312
9679
7914
1679
9301
5401
8461
2593
8287
5749
2837
9514
5942
6906
5827
5347
1347
7815
7452
9465
3699
4998
228
9491
1321
6554
8619
8909
5713
138
8765
7802
606
5541
677
9054
3206
1420
1161
5613
9432
6282
6796
4586
785
9584
4715
4251
1496
8781
602
3758
5512
4202
4990
898
4282
3619
5351
8676
4676
8868
5266
1957
3662
2629
1899
826
7003
397
4925
8180
9117
1072
7544
9217
8966
8743
8109
642
8336
1107
800
5373
6762
9545
2094
4513
5521
5413
7784
9913
5654
1852
8325
1321
7632
7225
8880
3726
4586
6976
965
4621
2130
4336
6199
3342
9830
7242
6622
900
7463
6310
379
6168
369
3326
7296
9919
9969
9492
9711
9235
9505
3140
4318
9790
4729
6806
8610
9104
6632
614
269
1919
7651
7153
6578
9593
6941
4952
8458
1780
3197
8443
4584
3835
7612
4029
7100
3892
5336
1286
527
5484
6342
5611
5246
8597
4961
8518
6368
2504
3882
3539
1850
9085
7690
1661
7736
2387
5741
5759
9682
9834
1774
5953
1740
8494
3305
8370
1580
5026
2513
3483
4111
8391
3634
8857
6368
7546
933
8903
2695
9260
3732
4115
2524
9435
4589
8165
6211
6594
3344
2678
2761
3490
8123
2282
734
5105
986
6798
2174
4140
2774
4409
8815
6612
1573
837
4968
6733
4493
4781
7437
383
2407
3932
5956
5674
3641
8016
3059
6153
95
1397
4614
858
9918
115
7394
4958
2044
14
9733
8470
4685
3855
7759
1301
8605
2338
4544
7465
5594
9023
5674
6670
7811
5247
1175
5791
5367
6069
9946
9621
7702
7310
274
3632
1111
4758
5200
4644
4968
3162
6750
5687
6762
8573
868
5357
3558
2041
9551
5196
8927
9676
7805
2713
6743
432
6484
9314
626
1676
6643
5870
64
5277
149
7721
488
3456
8644
1892
6845
8309
9720
111
7794
310
9651
1299
3191
1429
7094
1768
6262
7736
8771
7259
1328
4617
8501
416
9259
5386
3409
6180
9093
2322
2391
9714
7144
1241
2369
3972
5192
8531
1961
3285
3933
1733
7427
3458
8936
2954
9567
4658
5913
4232
456
9541
1135
6267
1665
1844
3680
4490
4461
2802
460
3683
3215
8323
2957
5965
2790
347
5926
3659
760
1070
8766
6404
999
3778
2439
989
9761
4935
9880
5765
3080
3367
8959
659
7644
535
9637
5571
4133
3052
1210
3417
8297
3053
666
3852
7863
6177
3359
9891
527
5985
2935
5535
6362
1703
3063
3342
9708
902
3188
9022
5840
8095
592
244
6965
1108
7504
4579
6221
8827
7748
5389
9942
6844
2297
5552
7020
5807
2543
2689
897
8964
5984
9963
9701
3747
8147
977
5773
9682
7839
5900
9986
8980
2326
9821
8911
1220
1492
8981
7375
8526
5023
5360
3081
3905
3219
3458
2101
8622
3142
5771
6650
8502
1838
3522
1565
5111
5996
2864
967
2676
4377
2416
1152
7087
3258
1693
1814
7944
3038
6084
3175
7577
8595
976
4871
4649
5071
6892
9815
7548
404
1106
2859
7534
8642
2712
902
5830
5872
3381
5486
4992
6362
1055
1499
2440
8458
6861
7811
8547
7776
8423
1545
9465
6686
8278
7894
8868
3597
6580
7917
4830
7435
6473
55
7355
7668
3830
7898
5914
2826
9461
6666
8719
2393
6236
620
8569
4544
2507
4232
5936
9756
8580
2121
1536
3962
9654
4807
110
3862
814
4220
4795
1708
5206
3606
8793
2309
60
6562
6909
7224
1858
2695
3858
7376
8069
8674
5985
366
1760
258
3680
5442
3668
3681
8980
4603
2110
8667
4403
4954
5717
1920
9200
4907
4309
2839
6805
7765
1051
7330
4723
3022
6237
8053
6420
8766
6311
3425
5305
753
3552
9257
8622
9560
4228
5191
4335
87
1870
6142
2980
4271
3635
8854
1236
2186
2551
3372
8717
1495
9293
1890
8508
750
1599
6923
4547
6219
4422
6837
6370
3112
6413
6046
4981
4082
7380
9899
6645
3997
340
5200
8909
5469
6529
6910
1059
4869
5029
630
1797
8935
9248
86
5340
7983
3333
5734
855
892
4800
8339
3293
7458
6056
923
2966
4892
1557
6171
9078
873
287
5977
2696
8212
4392
7068
5982
4658
584
7829
5924
3937
2505
8828
9815
7
8601
9709
1908
6076
752
6464
4377
3297
8137
777
8545
9824
1671
3998
8030
42
9874
7348
2208
2040
2144
1675
4172
5313
7053
6345
8641
3030
8848
2575
3414
9685
6080
9934
7611
1022
3825
3213
7328
5450
8070
8972
8456
4365
1052
7416
5458
5572
4433
595
9506
8684
7208
5211
5534
6247
8566
4455
7613
7813
8822
6271
599
5230
5844
9241
2081
4868
4049
7353
1919
7432
5848
5842
7088
1289
7433
4975
2914
4478
7362
1408
3524
1745
6912
1609
8780
3846
4456
5734
3708
9043
5429
232
8166
9621
8245
4705
4148
2606
4000
9900
344
325
7359
6409
6972
5117
9252
3984
9559
1567
8843
9119
1953
7348
2861
9158
6674
8793
1072
3157
7681
617
6778
298
7420
7337
857
5685
4449
9855
5350
5813
7093
1184
236
6852
2151
2518
1229
7188
7774
8104
8619
7954
4751
4694
30
4717
5396
4111
9143
7837
1077
4975
6758
6431
4790
9722
405
6852
7397
189
341
2957
3580
2198
931
9934
6662
6108
6108
5680
9354
1490
5765
8735
4134
9167
6440
2726
3747
5867
9415
9813
2243
5417
7346
1703
1292
6902
9988
4179
4263
8960
8053
9664
5560
9102
1219
9694
240
2535
1782
9020
7873
6447
8001
2590
2771
7303
8151
6167
5280
3028
6624
2606
1658
3233
7266
776
1573
8524
622
1764
8079
3148
4324
3816
3204
7761
6470
4341
3564
1071
2760
1884
6813
7002
4615
2690
987
1082
3412
1226
8564
8991
4340
270
850
9210
5170
7174
501
8366
247
1082
8209
7358
6665
5173
2629
1633
533
6114
7975
5778
3472
8319
8173
6724
5212
3321
3912
5147
7637
7082
217
6518
1623
5366
9578
9287
7394
4443
736
517
6314
2241
9542
678
4890
8603
4649
9756
3578
2006
8809
7756
6127
5476
5842
9750
7617
6660
4695
7040
2102
2235
8874
7849
6241
9276
6351
7749
749
2446
8366
7576
9082
8550
9354
4332
6975
1954
1035
3373
3529
7454
623
2308
5648
5494
3579
1982
1184
4228
5723
1229
1405
906
4977
965
3111
9180
918
9142
5956
1197
3497
4045
7024
2845
5733
4498
3995
1922
6391
5215
6432
2605
9397
9546
7219
8719
769
5616
5810
1185
3809
6178
1741
1751
6634
4276
3945
6836
6345
8367
31
848
9951
8746
908
6423
578
5205
6045
9879
3005
7286
9666
5738
4254
117
369
2199
4686
4325
9783
2203
5213
8851
9107
9584
1345
2015
2701
8072
1715
5337
6309
367
7557
4097
5414
2385
4217
5699
8042
8462
3901
1851
6215
3913
7679
2691
5166
8686
3638
6527
2479
7457
3060
4194
3676
3026
2593
7134
8105
5183
1349
6666
6749
8712
3419
9096
8186
8944
260
4123
1069
177
4047
2568
6768
1566
1495
3586
6550
2762
3615
1096
1148
9035
2498
1320
4814
8605
442
9344
7116
3383
1199
9439
6118
5439
5337
3647
1623
9780
5960
8800
9564
1489
1278
3088
1408
314
1673
6047
8
3078
9674
4792
8889
454
2005
7076
8373
7882
4544
3651
1904
4286
3327
8948
8903
5619
5495
6796
7164
500
5088
4013
618
9830
7719
4968
4465
2470
6323
7875
1018
568
181
1666
8445
3938
3258
1419
4338
7580
7445
4266
3711
5856
1095
6925
685
6983
6734
9856
2159
8958
5708
8554
3342
5482
4003
1267
374
5945
2485
739
815
5768
3221
3745
2509
1696
5248
6450
1190
8486
7409
4795
8835
157
2114
1119
986
2273
4114
9969
9628
3315
9658
9603
3319
9348
1383
6665
5452
464
2669
6466
7826
1265
470
6112
4635
1233
624
7292
6107
3661
2225
4126
9367
3500
6150
495
8669
8217
2360
4215
9706
1234
9665
1395
8071
380
1476
9822
481
6385
6270
8004
3812
1942
9203
7225
3849
9655
8179
5692
6314
1602
1302
8094
9512
5608
6491
4198
7632
9465
9758
2116
5497
7020
4935
9865
4899
2773
5191
4008
9017
2053
9576
6501
8237
1988
8035
7428
3742
1419
5227
2171
4375
3901
3820
6458
7029
1001
4436
9769
5749
7493
2565
139
4482
9131
8111
5891
7886
1928
245
9764
2204
1987
8571
4499
8259
613
3614
3054
1827
2463
3874
9836
4032
5475
9649
79
1423
7791
2221
3038
701
4643
5181
9687
8729
2804
1064
4883
9646
2282
3812
8119
3558
1388
2039
8931
781
4966
7026
6062
7732
2687
194
8276
7553
2597
7830
1105
3578
1881
304
1144
1590
7240
4458
7838
2511
9060
9692
4086
1686
8831
4161
48
2177
425
2942
2894
5303
9929
3691
2062
1052
3856
3690
1914
4549
2751
7426
2670
7410
4596
2650
3661
4544
3839
5740
1048
9087
3183
2866
1196
5250
765
2393
1830
8664
8948
2239
3014
1146
7045
6714
3759
1805
4844
1236
1828
1935
4071
378
397
6578
340
1362
9941
8558
9096
4635
5739
2163
9860
2861
3144
2912
9376
1441
9172
5853
2059
458
7124
5414
4645
5497
7144
793
9550
4363
5029
6974
8781
5788
8100
663
6494
7474
550
8300
3703
1610
8556
733
5283
3420
5183
2258
9848
4208
2120
2811
6457
4789
8324
872
2753
7540
5807
8969
344
6904
3620
9805
8718
8057
4147
209
6449
7438
9178
5466
2336
5002
8771
1562
6590
9640
9575
667
7621
8355
6723
7680
1442
755
8168
6382
8100
4708
2775
6401
3861
1570
9571
5793
6948
7015
1511
7529
293
3818
1307
4770
4143
2864
5809
286
736
8185
9126
3473
8416
8672
2641
8909
1212
7003
3425
6533
5553
6690
7970
7092
6485
1497
7798
8216
1533
4715
69
9221
4662
8137
6735
9179
3144
7052
1443
1901
2753
4782
6128
6835
379
7109
9845
7136
198
7412
7300
9299
9459
5890
5799
1500
5198
6011
2496
4657
6396
8142
5069
3192
2994
5823
9274
9779
8261
2322
2925
3053
4006
2527
6346
5703
7252
4918
9742
405
9887
3468
5156
9689
4779
3407
8473
4438
9038
3809
7729
6645
5444
6787
6809
1968
7079
4880
4297
9736
2303
8723
5978
1474
5654
9781
7484
1916
5209
5301
169
5562
5465
2345
3259
3416
4895
2172
2052
6962
8194
23
8600
1221
1307
5599
6004
6735
1696
8211
5468
4466
2171
7705
9974
4039
5711
9631
6990
6603
901
289
3643
4134
2242
1141
3775
7572
6505
2588
7914
3706
4319
9742
2404
132
764
9236
9933
9941
1267
7116
2583
5182
5319
7690
3805
3357
8505
1690
8848
7739
9357
4487
9230
2783
8577
9463
1455
6755
6712
6141
5263
775
3546
5598
4277
8869
5651
2932
6069
5621
879
7497
3512
6593
4513
9803
8117
5273
7045
6702
239
5872
5667
2886
5730
8589
6515
9030
3344
5521
5985
2309
3330
973
1054
9340
8756
6100
4931
5651
6195
5595
9334
8594
1487
6301
6535
6832
8492
3773
8535
4063
4141
1545
4233
2619
6802
5489
3374
7200
4301
8199
2897
8694
2935
9222
7702
6115
751
8563
5737
8541
6980
3172
7242
9478
2234
1569
3475
37
7513
8680
3635
4329
5034
88
6286
2180
4096
6776
6393
2938
6218
4280
3432
4660
8084
9931
370
8595
8182
6249
432
9088
2389
1305
6788
5034
168
2600
7591
6
8524
3825
7960
7356
3966
270
7752
4523
1944
7184
6635
9324
2814
724
1230
2087
9760
8727
2426
1209
4380
6379
5148
6577
4854
4211
6063
2453
2516
7910
4113
8839
5263
8543
9314
3390
7572
1622
9490
4153
1352
1590
6046
8782
2425
823
3125
2158
9997
107
8866
8163
7966
9230
2136
6732
6131
3544
5887
9018
640
2378
1080
1010
9804
689
5219
6409
7787
4909
3659
7491
5678
9136
250
1926
2355
6587
3485
3606
2500
8404
5271
4420
4327
2741
4394
5270
3180
3912
5015
8300
7352
8348
4866
7444
834
1385
1287
6796
324
1585
718
563
7796
6554
3124
8956
5967
4674
3153
