0
0
2
3
3
4
5
7
9
10
12
12
13
14
16
17
18
18
18
18
19
19
21
22
23
24
25
25
25
26
27
28
28
30
32
32
33
35
36
36
37
40
41
41
42
42
43
44
46
48
49
49
51
52
52
55
55
56
57
58
58
58
59
61
61
61
62
63
65
67
67
68
69
69
70
70
71
71
73
74
75
75
77
77
78
79
79
81
81
83
84
84
85
87
87
89
89
89
89
90
91
93
93
94
95
95
95
99
99
100
101
101
102
102
105
106
110
110
113
114
115
115
116
117
117
117
119
120
121
122
122
125
126
126
126
127
127
128
130
130
130
131
133
133
134
134
134
135
136
137
139
139
139
139
141
142
142
143
143
143
145
146
146
146
150
151
152
153
153
153
155
156
157
157
160
160
164
165
166
166
167
168
168
168
172
172
172
174
174
174
175
178
178
181
181
184
184
187
187
188
190
190
191
191
191
192
198
201
202
204
205
207
212
214
214
216
216
219
221
222
224
225
225
227
228
229
230
230
232
233
233
233
233
234
234
234
235
238
238
239
240
240
240
241
242
244
245
246
247
248
249
250
250
252
252
253
254
254
255
255
256
257
258
259
259
259
260
261
262
264
264
264
266
266
267
269
271
272
273
275
276
276
276
277
277
277
277
279
281
285
286
286
286
287
288
288
289
289
290
290
290
292
293
293
294
294
294
296
296
296
298
299
299
300
301
301
305
306
306
307
307
308
308
308
309
312
313
314
314
315
317
317
318
318
320
321
321
322
322
323
324
328
330
331
333
333
333
335
336
336
337
339
339
340
340
341
342
345
347
347
350
351
351
353
354
355
356
358
362
363
363
364
365
366
366
367
367
367
370
371
372
372
373
373
373
376
376
377
379
379
380
381
381
382
385
386
386
387
388
388
389
389
390
391
391
392
392
392
393
394
394
394
396
397
397
399
399
400
401
407
407
408
408
409
409
409
411
411
412
415
416
417
417
420
423
423
423
424
426
427
429
432
432
437
438
439
439
441
442
444
444
445
446
447
448
448
450
451
451
452
452
452
453
454
455
455
455
457
458
459
461
461
463
463
464
464
465
465
467
468
469
470
470
471
471
472
474
475
476
476
477
478
478
479
479
479
481
482
482
483
485
485
487
487
488
490
490
492
493
493
494
494
497
497
498
499
500
501
501
502
503
504
505
506
507
508
509
510
511
512
512
512
513
513
514
515
515
516
517
517
519
520
520
520
522
522
523
523
525
527
530
531
532
533
535
535
539
540
541
541
542
543
544
547
547
548
549
551
551
553
553
555
555
555
556
558
559
559
559
560
562
564
564
564
565
568
568
569
569
570
571
572
574
574
574
575
575
575
576
577
577
578
579
579
579
580
582
583
585
586
587
589
590
591
591
592
592
595
595
596
598
598
598
599
600
601
602
602
603
603
603
603
606
606
606
608
609
610
611
612
616
618
619
619
620
620
623
623
625
626
627
627
628
630
633
634
639
639
640
640
640
641
641
642
642
648
648
653
654
655
657
658
660
660
661
661
664
667
667
667
669
670
671
671
672
672
672
674
675
675
675
680
682
684
684
685
686
688
689
690
691
692
694
694
695
696
696
699
699
699
705
705
707
708
709
709
710
710
712
712
713
714
716
717
717
718
718
718
719
720
721
721
723
723
723
724
724
724
727
729
729
732
733
736
736
737
738
738
739
739
739
739
740
741
742
743
743
746
748
749
750
751
752
753
753
754
755
755
755
758
759
759
760
760
761
761
765
765
766
768
769
769
770
771
772
773
775
775
775
775
775
776
776
777
780
782
783
783
784
785
785
788
788
792
792
793
794
798
800
800
801
801
802
804
804
805
805
806
809
810
810
810
812
813
814
814
814
815
820
821
824
824
826
829
830
832
832
832
833
833
833
834
835
835
836
836
839
840
842
844
845
846
847
847
848
848
849
850
852
853
853
854
854
857
857
860
862
863
865
865
866
868
869
870
871
872
875
876
877
879
879
879
880
880
880
884
886
886
887
889
890
891
892
893
894
898
899
900
902
902
903
906
906
906
907
910
911
913
913
913
915
915
915
917
918
918
919
919
919
923
924
927
928
928
929
931
932
932
934
934
935
935
936
937
939
939
941
942
942
943
943
944
944
945
945
946
946
947
947
948
949
951
952
952
953
955
956
956
957
957
957
958
958
958
959
960
960
961
961
962
963
963
968
969
971
971
972
972
972
974
975
976
982
983
983
983
983
984
985
987
987
988
988
988
988
989
992
992
992
992
993
993
993
993
994
994
995
995
996
997
998
999
999
1002
1002
1003
1003
1004
1005
1006
1008
1011
1012
1012
1013
1013
1013
1014
1015
1015
1018
1020
1020
1020
1025
1025
1025
1025
1026
1027
1028
1030
1031
1032
1034
1036
1039
1040
1041
1042
1043
1045
1045
1045
1048
1049
1049
1049
1050
1051
1053
1053
1054
1054
1055
1055
1058
1060
1061
1061
1063
1065
1066
1067
1068
1068
1068
1069
1070
1071
1072
1072
1073
1074
1075
1076
1082
1083
1083
1083
1083
1084
1086
1089
1094
1095
1095
1095
1096
1096
1096
1098
1099
1099
1100
1100
1101
1101
1102
1104
1104
1106
1107
1108
1108
1110
1110
1110
1111
1111
1115
1115
1115
1117
1117
1118
1119
1119
1119
1120
1121
1123
1125
1126
1126
1126
1129
1129
1130
1130
1133
1134
1135
1136
1137
1138
1138
1138
1139
1140
1140
1141
1142
1142
1144
1144
1145
1145
1146
1147
1147
1148
1152
1152
1152
1152
1153
1153
1154
1155
1157
1157
1158
1159
1159
1160
1161
1162
1162
1162
1163
1165
1166
1168
1168
1169
1169
1170
1170
1171
1171
1171
1171
1172
1172
1173
1175
1177
1178
1179
1182
1183
1183
1185
1186
1186
1187
1187
1188
1191
1191
1191
1192
1195
1196
1196
1197
1198
1198
1199
1200
1200
1200
1202
1203
1204
1204
1204
1204
1205
1206
1207
1209
1210
1210
1211
1212
1215
1218
1219
1221
1221
1224
1224
1225
1226
1227
1228
1231
1232
1232
1232
1234
1234
1235
1236
1237
1237
1238
1238
1242
1245
1246
1248
1249
1250
1251
1252
1254
1255
1256
1258
1258
1258
1259
1261
1261
1262
1262
1264
1265
1265
1266
1266
1267
1267
1267
1268
1272
1273
1274
1275
1275
1276
1276
1277
1277
1277
1277
1277
1278
1280
1281
1281
1284
1284
1284
1284
1285
1285
1285
1287
1287
1288
1288
1289
1291
1292
1292
1293
1293
1298
1299
1300
1300
1302
1302
1302
1303
1304
1304
1308
1308
1312
1312
1313
1313
1314
1314
1315
1317
1318
1321
1321
1324
1326
1332
1333
1333
1333
1336
1337
1338
1339
1339
1340
1341
1342
1343
1348
1348
1350
1350
1351
1352
1353
1354
1354
1354
1356
1360
1361
1362
1363
1363
1363
1364
1366
1366
1369
1370
1371
1372
1373
1374
1376
1377
1377
1378
1379
1382
1382
1383
1383
1384
1384
1385
1389
1390
1391
1392
1394
1395
1397
1398
1399
1400
1401
1402
1403
1404
1406
1407
1408
1409
1410
1410
1411
1411
1412
1412
1412
1412
1415
1417
1417
1418
1419
1420
1421
1422
1422
1425
1426
1426
1428
1429
1430
1431
1431
1432
1433
1433
1434
1434
1435
1438
1438
1440
1440
1440
1440
1440
1442
1442
1442
1443
1445
1446
1446
1449
1451
1451
1453
1453
1453
1455
1455
1456
1456
1457
1457
1460
1460
1466
1468
1468
1468
1470
1471
1471
1471
1474
1476
1478
1480
1480
1481
1483
1483
1485
1487
1487
1490
1492
1492
1493
1494
1497
1497
1498
1500
1501
1502
1502
1504
1505
1507
1508
1509
1509
1509
1509
1512
1512
1513
1514
1514
1517
1519
1519
1519
1520
1524
1524
1524
1526
1530
1531
1532
1533
1535
1536
1537
1537
1537
1538
1538
1539
1541
1541
1541
1542
1544
1544
1544
1544
1547
1547
1547
1548
1548
1551
1551
1552
1553
1554
1554
1555
1556
1556
1556
1556
1557
1557
1563
1564
1564
1566
1568
1569
1570
1570
1570
1571
1572
1572
1573
1573
1574
1575
1575
1575
1578
1578
1579
1581
1581
1582
1583
1583
1585
1588
1588
1588
1589
1589
1589
1590
1592
1593
1594
1594
1595
1595
1595
1596
1598
1598
1598
1599
1599
1600
1603
1603
1604
1604
1606
1607
1607
1608
1608
1608
1608
1608
1609
1610
1610
1610
1612
1612
1612
1613
1614
1615
1615
1620
1621
1622
1625
1626
1627
1627
1629
1630
1631
1631
1631
1632
1632
1633
1633
1633
1634
1634
1634
1635
1636
1637
1640
1641
1641
1642
1644
1644
1646
1646
1648
1648
1650
1650
1651
1652
1652
1653
1653
1654
1654
1654
1654
1654
1656
1657
1657
1657
1658
1659
1661
1663
1663
1664
1665
1667
1668
1669
1670
1673
1673
1674
1674
1675
1677
1679
1679
1680
1689
1689
1690
1690
1691
1692
1693
1693
1694
1694
1694
1696
1697
1698
1698
1700
1700
1701
1701
1701
1703
1704
1704
1705
1705
1706
1709
1709
1711
1711
1711
1712
1712
1714
1714
1716
1717
1717
1717
1719
1720
1725
1726
1727
1730
1731
1731
1733
1735
1735
1737
1737
1737
1738
1738
1739
1739
1740
1741
1742
1743
1743
1744
1744
1745
1747
1747
1748
1748
1748
1749
1751
1753
1755
1755
1755
1756
1756
1759
1760
1760
1760
1761
1762
1768
1769
1770
1771
1772
1773
1774
1775
1775
1775
1776
1776
1778
1778
1779
1779
1780
1780
1781
1783
1783
1784
1785
1785
1786
1786
1788
1789
1789
1789
1790
1791
1797
1798
1801
1802
1804
1805
1805
1809
1809
1812
1813
1814
1814
1815
1815
1816
1816
1818
1819
1819
1819
1820
1821
1822
1822
1824
1824
1824
1825
1826
1827
1828
1828
1828
1831
1832
1833
1833
1835
1835
1836
1837
1838
1838
1840
1840
1840
1846
1848
1848
1850
1851
1851
1851
1852
1852
1853
1853
1853
1854
1855
1856
1856
1856
1856
1857
1857
1859
1859
1860
1860
1861
1862
1863
1863
1863
1863
1864
1866
1866
1869
1870
1870
1871
1874
1875
1875
1876
1877
1879
1880
1880
1881
1882
1884
1885
1887
1888
1889
1890
1890
1893
1894
1895
1896
1897
1898
1898
1898
1899
1902
1902
1904
1905
1906
1906
1907
1908
1910
1911
1911
1912
1912
1914
1915
1915
1916
1918
1919
1919
1920
1920
1921
1925
1925
1932
1935
1935
1935
1935
1938
1939
1940
1942
1944
1944
1944
1946
1947
1947
1948
1949
1950
1950
1952
1953
1953
1955
1956
1958
1958
1959
1963
1963
1963
1964
1964
1965
1965
1967
1968
1969
1969
1970
1973
1974
1977
1978
1979
1979
1980
1980
1980
1981
1982
1982
1982
1987
1987
1988
1990
1993
1994
1994
1996
1998
1998
1998
1998
1999
2000
2000
2001
2002
2003
2004
2006
2007
2009
2009
2009
2010
2010
2011
2011
2012
2013
2015
2015
2017
2017
2017
2022
2022
2023
2023
2026
2028
2029
2029
2030
2030
2031
2032
2032
2032
2032
2033
2034
2035
2036
2036
2036
2037
2042
2044
2046
2047
2048
2049
2052
2053
2053
2054
2054
2056
2057
2058
2058
2059
2060
2061
2061
2063
2064
2064
2066
2069
2069
2070
2070
2071
2073
2074
2077
2078
2079
2079
2080
2081
2082
2084
2084
2084
2086
2086
2088
2088
2088
2089
2089
2090
2091
2092
2093
2095
2099
2099
2101
2102
2103
2103
2103
2105
2105
2107
2108
2108
2112
2112
2112
2114
2117
2118
2119
2119
2120
2123
2124
2125
2125
2125
2127
2129
2129
2131
2132
2132
2132
2135
2135
2136
2137
2139
2141
2142
2142
2143
2144
2145
2145
2147
2150
2152
2152
2156
2157
2157
2159
2161
2163
2163
2163
2164
2165
2165
2166
2166
2169
2170
2170
2170
2171
2171
2172
2174
2175
2177
2177
2178
2179
2179
2180
2180
2183
2184
2185
2186
2186
2187
2188
2188
2188
2190
2191
2191
2192
2193
2194
2194
2194
2195
2195
2196
2197
2198
2199
2200
2200
2200
2202
2203
2204
2205
2205
2205
2205
2205
2206
2207
2208
2209
2212
2212
2213
2214
2214
2215
2217
2218
2219
2219
2220
2220
2221
2221
2221
2221
2222
2222
2223
2223
2224
2224
2224
2224
2224
2225
2225
2225
2227
2228
2229
2232
2233
2233
2234
2235
2235
2236
2237
2237
2237
2238
2238
2240
2241
2243
2245
2245
2245
2246
2250
2252
2253
2254
2254
2254
2254
2255
2256
2256
2257
2259
2260
2260
2260
2260
2262
2263
2266
2267
2272
2273
2273
2273
2274
2274
2274
2275
2275
2276
2276
2276
2277
2277
2279
2279
2281
2282
2284
2285
2285
2288
2288
2290
2291
2291
2292
2292
2294
2294
2295
2296
2299
2299
2300
2301
2303
2303
2304
2306
2306
2307
2307
2307
2308
2308
2312
2314
2314
2315
2316
2316
2317
2317
2317
2318
2318
2318
2323
2324
2324
2325
2326
2326
2327
2329
2330
2330
2332
2332
2333
2334
2335
2336
2336
2337
2339
2340
2340
2341
2341
2343
2344
2347
2347
2347
2348
2351
2354
2354
2355
2355
2355
2356
2356
2356
2356
2358
2358
2361
2362
2364
2364
2364
2365
2367
2368
2369
2369
2369
2371
2372
2372
2373
2374
2375
2376
2378
2379
2381
2382
2383
2384
2385
2386
2388
2389
2390
2391
2392
2393
2393
2394
2396
2396
2397
2397
2398
2398
2398
2401
2402
2403
2404
2406
2410
2410
2411
2411
2412
2413
2415
2415
2415
2422
2422
2423
2425
2427
2431
2433
2439
2440
2441
2444
2448
2449
2449
2449
2450
2450
2451
2451
2453
2453
2455
2455
2459
2460
2462
2462
2464
2465
2466
2467
2468
2468
2470
2470
2471
2473
2475
2476
2476
2478
2481
2482
2484
2484
2485
2485
2485
2485
2489
2490
2490
2491
2491
2492
2494
2494
2495
2496
2496
2496
2496
2497
2497
2499
2502
2502
2502
2505
2507
2508
2508
2509
2510
2513
2513
2513
2514
2515
2516
2518
2520
2521
2522
2522
2523
2524
2526
2527
2527
2531
2531
2532
2533
2535
2536
2536
2537
2537
2539
2539
2539
2540
2540
2540
2541
2541
2541
2543
2543
2544
2544
2545
2546
2547
2547
2548
2549
2549
2550
2551
2551
2553
2553
2553
2553
2554
2554
2555
2556
2556
2557
2557
2558
2558
2558
2559
2559
2561
2561
2561
2562
2562
2565
2565
2567
2568
2569
2569
2571
2571
2572
2572
2572
2572
2572
2574
2574
2574
2575
2575
2575
2577
2577
2578
2578
2579
2581
2581
2582
2584
2584
2586
2587
2590
2590
2591
2591
2592
2593
2594
2594
2595
2597
2597
2604
2607
2607
2608
2609
2609
2610
2610
2611
2613
2613
2614
2616
2617
2621
2621
2621
2622
2622
2623
2625
2625
2626
2626
2626
2626
2626
2627
2627
2629
2631
2631
2631
2633
2633
2633
2633
2635
2635
2636
2637
2638
2639
2640
2642
2643
2644
2644
2644
2645
2645
2648
2648
2649
2649
2649
2650
2652
2652
2652
2652
2653
2654
2654
2654
2655
2658
2661
2662
2663
2664
2665
2665
2667
2668
2668
2673
2673
2673
2674
2675
2676
2679
2680
2680
2681
2685
2687
2689
2690
2695
2696
2700
2702
2702
2702
2703
2703
2704
2705
2705
2707
2708
2710
2711
2713
2714
2714
2715
2716
2716
2717
2717
2719
2722
2725
2725
2727
2728
2733
2734
2734
2734
2736
2737
2740
2741
2744
2746
2748
2748
2749
2749
2749
2749
2751
2751
2752
2752
2755
2756
2756
2758
2758
2760
2760
2762
2763
2763
2765
2765
2767
2767
2768
2768
2769
2771
2771
2772
2773
2774
2775
2776
2776
2777
2778
2780
2780
2782
2783
2784
2784
2784
2784
2787
2788
2789
2791
2791
2792
2792
2797
2797
2799
2799
2801
2802
2803
2805
2805
2805
2806
2807
2814
2815
2816
2816
2817
2819
2819
2822
2823
2824
2832
2834
2835
2835
2835
2835
2837
2837
2838
2838
2839
2839
2840
2841
2843
2843
2844
2844
2844
2845
2846
2847
2848
2848
2848
2849
2850
2850
2852
2852
2853
2853
2853
2854
2854
2854
2855
2859
2859
2860
2861
2863
2864
2864
2864
2868
2869
2869
2871
2875
2875
2877
2878
2878
2878
2878
2878
2879
2881
2882
2883
2887
2887
2887
2890
2891
2893
2893
2896
2898
2898
2899
2899
2900
2900
2900
2904
2905
2906
2907
2909
2910
2910
2910
2911
2911
2913
2914
2914
2915
2916
2917
2917
2918
2918
2920
2921
2923
2926
2927
2928
2929
2929
2930
2930
2932
2933
2935
2936
2937
2938
2939
2940
2940
2940
2940
2940
2941
2942
2943
2944
2944
2946
2946
2948
2950
2951
2951
2952
2952
2953
2954
2955
2956
2956
2957
2957
2958
2959
2959
2960
2960
2961
2961
2963
2963
2967
2967
2970
2972
2974
2974
2974
2975
2975
2975
2975
2976
2976
2978
2978
2980
2980
2981
2985
2985
2985
2986
2987
2988
2989
2994
2995
2995
2997
2997
2997
2997
2998
3000
3001
3001
3005
3008
3008
3008
3010
3011
3012
3014
3014
3016
3017
3018
3019
3021
3021
3022
3023
3024
3024
3026
3026
3026
3027
3030
3030
3031
3032
3033
3034
3034
3035
3037
3037
3039
3040
3041
3042
3043
3044
3044
3045
3045
3046
3049
3049
3050
3050
3051
3051
3052
3052
3053
3058
3058
3060
3060
3062
3062
3063
3064
3066
3066
3067
3069
3069
3069
3070
3071
3071
3072
3072
3073
3073
3074
3074
3075
3076
3076
3076
3079
3080
3080
3081
3082
3082
3084
3086
3087
3088
3089
3090
3091
3092
3092
3093
3093
3095
3095
3095
3095
3095
3096
3097
3098
3098
3099
3102
3102
3102
3102
3102
3102
3104
3104
3105
3106
3106
3106
3107
3109
3109
3110
3111
3111
3112
3113
3114
3114
3115
3119
3120
3121
3121
3122
3123
3123
3125
3126
3126
3127
3128
3130
3132
3135
3136
3137
3139
3140
3141
3141
3145
3148
3150
3150
3151
3151
3152
3154
3157
3157
3159
3159
3160
3171
3172
3173
3173
3174
3177
3179
3179
3180
3181
3181
3181
3182
3182
3184
3184
3184
3185
3185
3185
3188
3188
3188
3189
3191
3192
3192
3194
3195
3198
3202
3203
3203
3206
3207
3208
3209
3211
3212
3212
3217
3217
3218
3218
3220
3220
3220
3220
3220
3223
3224
3226
3227
3228
3229
3230
3230
3230
3232
3232
3232
3234
3235
3236
3238
3239
3239
3241
3243
3246
3247
3250
3251
3254
3255
3255
3256
3256
3257
3261
3261
3261
3262
3262
3262
3263
3265
3265
3267
3267
3269
3270
3272
3273
3273
3273
3274
3274
3275
3277
3277
3277
3279
3279
3280
3281
3281
3281
3284
3286
3286
3287
3287
3287
3292
3292
3293
3293
3294
3297
3297
3299
3299
3301
3302
3303
3305
3305
3305
3307
3308
3308
3309
3310
3310
3311
3311
3312
3313
3313
3314
3315
3315
3316
3317
3317
3317
3318
3318
3319
3319
3320
3321
3322
3323
3324
3325
3327
3327
3328
3328
3331
3332
3332
3333
3334
3334
3334
3334
3334
3336
3337
3338
3339
3341
3341
3341
3341
3343
3343
3344
3344
3344
3345
3345
3345
3346
3347
3347
3348
3349
3350
3350
3352
3352
3352
3353
3354
3354
3354
3356
3356
3360
3361
3363
3363
3364
3364
3365
3367
3368
3368
3369
3371
3371
3372
3372
3376
3376
3376
3377
3378
3379
3379
3379
3382
3383
3383
3386
3386
3387
3388
3388
3391
3392
3392
3393
3394
3395
3395
3395
3395
3398
3399
3406
3406
3406
3408
3408
3409
3409
3410
3414
3414
3415
3416
3416
3416
3416
3418
3421
3422
3422
3423
3424
3426
3427
3427
3431
3431
3432
3432
3433
3436
3437
3437
3438
3438
3439
3440
3440
3441
3441
3441
3442
3443
3443
3444
3445
3446
3446
3448
3449
3450
3450
3451
3452
3453
3454
3454
3455
3455
3456
3456
3458
3459
3463
3463
3464
3464
3466
3467
3468
3469
3470
3471
3472
3472
3473
3473
3473
3475
3476
3477
3477
3477
3478
3479
3480
3481
3482
3483
3485
3485
3485
3486
3486
3488
3491
3491
3492
3493
3494
3495
3497
3498
3498
3499
3499
3501
3502
3503
3503
3511
3511
3513
3515
3516
3517
3517
3517
3518
3520
3521
3521
3522
3522
3522
3522
3523
3523
3524
3525
3526
3527
3529
3529
3532
3534
3534
3534
3535
3536
3536
3536
3537
3537
3538
3539
3539
3541
3541
3541
3542
3543
3544
3545
3545
3546
3546
3546
3547
3548
3551
3551
3551
3552
3552
3553
3554
3555
3555
3559
3561
3561
3562
3562
3563
3563
3563
3566
3566
3568
3568
3569
3569
3570
3570
3571
3572
3573
3574
3574
3575
3576
3576
3578
3578
3579
3580
3582
3583
3583
3586
3586
3587
3589
3591
3592
3592
3594
3594
3595
3596
3597
3597
3598
3598
3600
3600
3601
3601
3603
3604
3604
3605
3606
3607
3608
3608
3609
3610
3611
3611
3612
3614
3616
3617
3618
3619
3621
3622
3622
3625
3625
3625
3625
3628
3630
3631
3633
3633
3635
3636
3636
3637
3638
3640
3640
3641
3641
3641
3642
3642
3642
3643
3643
3645
3646
3646
3647
3649
3650
3652
3652
3653
3653
3655
3655
3655
3657
3658
3659
3659
3660
3662
3662
3663
3663
3663
3663
3664
3664
3666
3666
3667
3667
3669
3670
3671
3674
3674
3676
3676
3678
3681
3681
3683
3684
3685
3685
3687
3688
3690
3691
3692
3692
3693
3695
3695
3697
3697
3698
3698
3698
3701
3701
3702
3702
3702
3703
3704
3707
3707
3708
3709
3709
3712
3712
3716
3716
3718
3718
3719
3719
3720
3721
3721
3724
3725
3726
3727
3728
3729
3731
3733
3734
3734
3736
3737
3737
3738
3741
3741
3743
3743
3744
3745
3746
3748
3748
3748
3749
3750
3751
3753
3754
3754
3755
3756
3756
3756
3760
3764
3764
3766
3767
3768
3768
3769
3770
3772
3774
3776
3778
3782
3784
3785
3786
3787
3787
3787
3788
3790
3792
3792
3793
3793
3795
3798
3800
3801
3805
3805
3806
3807
3807
3809
3809
3810
3811
3811
3811
3812
3812
3813
3813
3817
3818
3818
3819
3820
3821
3822
3822
3824
3824
3824
3825
3826
3827
3828
3830
3831
3831
3832
3833
3833
3834
3837
3840
3841
3841
3842
3842
3843
3844
3847
3848
3848
3849
3849
3850
3851
3852
3852
3853
3854
3854
3856
3857
3857
3858
3860
3860
3860
3863
3863
3863
3863
3863
3864
3864
3866
3866
3866
3866
3867
3870
3870
3871
3871
3871
3874
3874
3875
3875
3877
3879
3881
3883
3888
3890
3891
3891
3891
3893
3896
3898
3898
3899
3899
3903
3903
3905
3906
3906
3908
3909
3913
3913
3913
3915
3915
3916
3917
3917
3917
3921
3921
3922
3925
3926
3926
3926
3927
3928
3928
3929
3929
3931
3933
3935
3937
3938
3939
3939
3939
3941
3942
3942
3942
3943
3945
3945
3946
3947
3948
3949
3949
3949
3950
3953
3954
3954
3956
3956
3957
3957
3960
3961
3963
3965
3965
3965
3966
3968
3968
3969
3970
3970
3971
3972
3974
3975
3977
3979
3979
3979
3980
3982
3982
3983
3983
3983
3983
3984
3985
3987
3988
3991
3991
3992
3993
3993
3995
3995
3995
3996
3997
3998
3999
4000
4002
4003
4004
4006
4006
4007
4007
4007
4008
4009
4010
4010
4010
4010
4011
4012
4014
4015
4015
4016
4017
4017
4018
4019
4024
4026
4026
4026
4029
4030
4030
4031
4032
4032
4033
4033
4033
4033
4034
4034
4035
4038
4038
4038
4039
4043
4045
4046
4047
4047
4048
4048
4049
4050
4053
4055
4056
4058
4058
4058
4059
4059
4060
4060
4061
4061
4062
4062
4063
4065
4066
4070
4070
4070
4070
4072
4072
4074
4074
4076
4076
4076
4077
4078
4078
4078
4079
4079
4081
4084
4084
4084
4084
4084
4085
4085
4085
4086
4090
4091
4091
4091
4092
4093
4095
4096
4097
4097
4099
4099
4100
4101
4101
4102
4104
4104
4105
4107
4109
4109
4110
4110
4111
4111
4112
4112
4113
4114
4116
4116
4116
4117
4118
4124
4125
4125
4125
4126
4126
4126
4127
4127
4130
4131
4131
4131
4132
4132
4132
4133
4135
4135
4135
4135
4136
4137
4137
4138
4139
4141
4142
4143
4144
4145
4145
4147
4148
4148
4148
4153
4153
4154
4155
4155
4156
4157
4158
4158
4158
4159
4161
4162
4162
4163
4163
4163
4164
4164
4164
4165
4166
4166
4168
4168
4169
4172
4173
4174
4174
4174
4175
4176
4176
4176
4177
4177
4178
4179
4182
4186
4186
4186
4188
4189
4192
4193
4195
4196
4198
4198
4201
4201
4204
4204
4204
4205
4205
4206
4207
4207
4207
4208
4216
4216
4217
4217
4221
4222
4227
4227
4229
4230
4231
4234
4235
4235
4236
4237
4237
4238
4239
4242
4242
4242
4243
4244
4246
4246
4247
4250
4250
4250
4252
4253
4254
4254
4254
4254
4256
4257
4259
4263
4263
4264
4265
4268
4269
4269
4270
4270
4271
4272
4273
4273
4275
4277
4277
4278
4279
4280
4281
4281
4282
4283
4284
4284
4287
4287
4290
4291
4291
4292
4292
4293
4294
4297
4300
4302
4302
4303
4304
4304
4308
4309
4310
4310
4312
4312
4314
4316
4317
4317
4317
4317
4318
4318
4318
4320
4321
4322
4323
4323
4324
4324
4327
4328
4328
4330
4330
4330
4330
4331
4331
4336
4337
4337
4338
4339
4339
4339
4340
4340
4341
4342
4343
4344
4345
4346
4348
4349
4350
4353
4354
4354
4354
4355
4355
4355
4356
4357
4357
4358
4361
4364
4364
4365
4366
4367
4369
4371
4372
4372
4373
4373
4373
4374
4374
4375
4376
4377
4379
4379
4383
4383
4384
4385
4386
4387
4389
4394
4396
4397
4397
4400
4400
4401
4402
4405
4406
4406
4406
4407
4407
4407
4408
4409
4410
4411
4412
4413
4413
4414
4415
4418
4418
4418
4418
4418
4420
4420
4421
4421
4421
4421
4422
4424
4424
4427
4428
4428
4430
4432
4432
4433
4434
4434
4435
4436
4436
4438
4439
4439
4440
4441
4441
4443
4444
4444
4445
4446
4446
4447
4447
4448
4453
4454
4454
4454
4461
4462
4463
4465
4466
4466
4466
4473
4474
4474
4474
4476
4478
4480
4483
4484
4485
4488
4490
4490
4490
4492
4494
4497
4499
4500
4501
4502
4502
4504
4506
4506
4506
4507
4507
4507
4510
4512
4513
4514
4515
4517
4518
4520
4522
4523
4524
4525
4527
4528
4529
4530
4530
4531
4533
4535
4535
4537
4538
4539
4540
4544
4545
4546
4546
4546
4547
4548
4551
4551
4552
4554
4558
4558
4558
4559
4559
4561
4561
4561
4563
4565
4566
4567
4567
4567
4568
4569
4572
4573
4574
4575
4575
4576
4577
4578
4583
4584
4584
4585
4588
4589
4589
4589
4590
4590
4591
4592
4592
4593
4595
4595
4597
4597
4597
4598
4600
4602
4602
4603
4605
4606
4606
4606
4607
4607
4616
4617
4617
4619
4619
4620
4621
4622
4622
4622
4623
4624
4626
4626
4629
4629
4631
4631
4633
4633
4633
4635
4638
4639
4639
4639
4640
4644
4646
4649
4649
4649
4650
4653
4653
4653
4653
4653
4654
4655
4656
4656
4657
4657
4658
4659
4660
4661
4661
4661
4663
4667
4668
4668
4669
4670
4671
4671
4672
4672
4676
4677
4677
4678
4679
4680
4682
4682
4684
4684
4685
4685
4687
4687
4688
4691
4691
4692
4692
4693
4694
4696
4696
4696
4698
4698
4700
4703
4705
4706
4708
4708
4708
4711
4713
4713
4713
4714
4717
4717
4717
4721
4721
4721
4722
4723
4724
4724
4725
4729
4730
4730
4731
4732
4734
4734
4735
4735
4736
4739
4739
4740
4741
4742
4743
4745
4747
4748
4749
4749
4750
4750
4750
4754
4758
4759
4762
4763
4763
4767
4767
4768
4769
4769
4770
4771
4771
4772
4773
4773
4774
4774
4775
4776
4776
4777
4778
4779
4781
4781
4781
4782
4782
4782
4783
4783
4783
4784
4784
4786
4789
4794
4795
4795
4798
4799
4799
4800
4802
4803
4804
4804
4805
4806
4808
4811
4812
4812
4813
4814
4816
4816
4818
4820
4821
4821
4821
4821
4823
4826
4827
4827
4828
4829
4831
4832
4832
4832
4833
4834
4835
4835
4836
4837
4840
4840
4840
4840
4841
4842
4842
4843
4847
4848
4848
4848
4850
4851
4851
4851
4854
4856
4857
4857
4858
4858
4859
4860
4861
4862
4863
4864
4865
4866
4866
4867
4867
4868
4868
4869
4871
4871
4872
4874
4874
4875
4877
4879
4879
4880
4881
4885
4885
4886
4888
4890
4890
4891
4892
4892
4892
4893
4896
4899
4901
4901
4902
4903
4903
4904
4905
4905
4906
4906
4907
4908
4908
4908
4909
4910
4912
4912
4914
4914
4916
4917
4918
4919
4919
4919
4921
4923
4923
4925
4926
4928
4930
4931
4931
4933
4934
4935
4935
4936
4937
4941
4943
4945
4947
4948
4949
4951
4952
4954
4956
4962
4964
4965
4966
4967
4967
4969
4972
4973
4973
4975
4976
4979
4980
4981
4981
4981
4984
4986
4987
4988
4989
4990
4990
4990
4991
4991
4991
4992
4992
4993
4994
4994
4994
4994
4995
4995
4996
4998
4999
4999
5001
5004
5004
5004
5005
5007
5007
5007
5008
5008
5010
5010
5010
5012
5013
5013
5014
5015
5016
5016
5017
5020
5022
5022
5023
5023
5024
5026
5026
5026
5027
5027
5027
5028
5028
5029
5030
5038
5039
5041
5041
5042
5043
5045
5047
5047
5049
5049
5051
5052
5053
5054
5054
5054
5056
5057
5057
5057
5058
5059
5060
5061
5062
5063
5063
5063
5063
5065
5066
5069
5070
5072
5073
5073
5074
5074
5074
5078
5079
5081
5082
5084
5084
5086
5086
5088
5089
5089
5090
5091
5092
5094
5094
5098
5098
5099
5100
5100
5101
5103
5104
5104
5105
5106
5109
5112
5113
5113
5114
5114
5115
5117
5117
5118
5120
5120
5120
5120
5121
5121
5122
5122
5123
5123
5123
5124
5125
5125
5127
5128
5129
5129
5130
5130
5130
5132
5132
5133
5134
5135
5136
5138
5139
5140
5141
5141
5141
5142
5142
5144
5145
5146
5146
5148
5149
5150
5151
5152
5153
5153
5154
5155
5155
5156
5157
5157
5158
5159
5159
5163
5165
5166
5166
5167
5167
5167
5168
5174
5175
5176
5177
5179
5180
5180
5181
5182
5183
5183
5184
5186
5187
5187
5188
5189
5189
5190
5190
5191
5193
5194
5195
5196
5197
5198
5198
5201
5202
5202
5202
5202
5203
5204
5204
5206
5206
5206
5207
5210
5210
5212
5213
5215
5221
5221
5224
5225
5226
5228
5230
5230
5230
5231
5231
5232
5233
5236
5237
5237
5237
5237
5239
5239
5242
5243
5244
5244
5245
5246
5248
5248
5248
5249
5249
5252
5253
5254
5255
5256
5257
5258
5258
5260
5260
5261
5261
5262
5262
5263
5264
5265
5265
5266
5266
5267
5267
5268
5268
5270
5270
5271
5274
5275
5276
5277
5279
5279
5280
5280
5282
5283
5284
5285
5285
5287
5288
5290
5290
5290
5295
5297
5298
5300
5301
5302
5302
5303
5303
5304
5305
5306
5310
5311
5311
5311
5313
5313
5315
5316
5320
5322
5322
5323
5323
5324
5324
5324
5325
5327
5327
5327
5329
5329
5330
5331
5332
5333
5333
5335
5336
5337
5341
5341
5343
5343
5344
5344
5345
5346
5348
5349
5349
5351
5352
5355
5355
5355
5356
5359
5359
5359
5360
5363
5364
5364
5365
5367
5368
5369
5370
5371
5377
5377
5377
5377
5378
5378
5379
5380
5383
5383
5384
5385
5387
5387
5389
5391
5391
5391
5392
5394
5396
5396
5397
5398
5399
5401
5403
5405
5406
5406
5407
5408
5409
5411
5411
5412
5413
5413
5414
5415
5415
5415
5416
5417
5419
5421
5422
5423
5423
5425
5426
5426
5426
5428
5429
5429
5430
5430
5431
5431
5432
5433
5434
5436
5437
5437
5439
5440
5444
5444
5444
5445
5446
5447
5448
5448
5449
5449
5450
5453
5453
5454
5456
5457
5458
5458
5459
5461
5461
5462
5463
5465
5466
5467
5469
5470
5471
5473
5473
5474
5475
5475
5479
5479
5481
5482
5483
5484
5485
5488
5488
5489
5491
5494
5494
5495
5496
5497
5498
5498
5498
5498
5498
5499
5499
5500
5500
5502
5503
5503
5503
5505
5510
5511
5511
5512
5513
5513
5516
5516
5517
5518
5518
5520
5521
5521
5523
5524
5525
5525
5526
5526
5528
5530
5530
5531
5531
5531
5533
5536
5536
5536
5537
5537
5540
5540
5540
5541
5541
5541
5541
5543
5545
5546
5548
5548
5549
5550
5551
5553
5553
5553
5555
5556
5557
5558
5558
5558
5559
5559
5564
5564
5565
5566
5566
5568
5570
5571
5571
5573
5574
5574
5575
5575
5576
5577
5578
5578
5581
5581
5582
5582
5583
5583
5584
5585
5587
5587
5588
5588
5593
5595
5595
5595
5598
5598
5601
5601
5602
5602
5602
5603
5606
5607
5607
5607
5608
5609
5611
5611
5611
5612
5613
5614
5616
5617
5618
5619
5620
5621
5622
5623
5623
5623
5625
5625
5626
5627
5627
5628
5628
5628
5628
5629
5629
5632
5633
5635
5635
5636
5636
5637
5638
5638
5639
5640
5641
5641
5643
5643
5644
5644
5644
5646
5646
5646
5648
5648
5649
5652
5653
5654
5654
5654
5654
5655
5656
5656
5656
5658
5658
5659
5660
5661
5662
5663
5664
5664
5664
5665
5665
5665
5665
5667
5667
5667
5668
5668
5670
5670
5672
5673
5675
5676
5679
5680
5682
5682
5683
5684
5685
5685
5685
5687
5690
5691
5696
5696
5699
5699
5699
5699
5702
5703
5703
5704
5704
5706
5706
5709
5710
5712
5712
5713
5714
5715
5716
5721
5721
5724
5726
5730
5731
5732
5732
5732
5732
5733
5734
5734
5734
5735
5736
5736
5737
5738
5738
5740
5742
5743
5743
5744
5744
5745
5746
5747
5748
5749
5751
5751
5752
5752
5752
5753
5753
5754
5754
5757
5759
5760
5760
5761
5764
5765
5765
5765
5765
5766
5766
5768
5769
5771
5772
5773
5774
5775
5775
5776
5779
5780
5781
5782
5787
5787
5787
5788
5788
5790
5790
5790
5793
5794
5795
5797
5798
5798
5800
5801
5802
5802
5804
5805
5808
5808
5810
5812
5813
5813
5813
5814
5814
5814
5815
5817
5817
5818
5818
5818
5819
5820
5821
5822
5822
5823
5825
5826
5827
5827
5829
5829
5829
5830
5833
5834
5834
5835
5835
5836
5836
5838
5838
5839
5839
5840
5840
5840
5841
5843
5843
5843
5845
5845
5846
5846
5847
5847
5848
5850
5852
5853
5855
5858
5858
5860
5860
5861
5861
5861
5861
5862
5865
5865
5865
5866
5866
5867
5869
5870
5870
5871
5871
5871
5872
5873
5873
5874
5874
5875
5875
5878
5878
5880
5881
5881
5882
5883
5883
5884
5884
5884
5885
5885
5885
5886
5888
5890
5892
5892
5894
5894
5899
5901
5901
5902
5903
5904
5904
5904
5905
5906
5907
5908
5908
5908
5909
5909
5910
5910
5912
5913
5914
5914
5917
5918
5920
5922
5923
5924
5925
5926
5927
5928
5929
5930
5930
5930
5930
5931
5931
5932
5932
5933
5933
5933
5934
5935
5936
5937
5940
5941
5941
5941
5941
5943
5944
5944
5944
5945
5946
5947
5947
5948
5949
5949
5951
5951
5951
5952
5952
5953
5954
5954
5954
5956
5956
5957
5958
5959
5959
5959
5961
5964
5965
5968
5968
5970
5971
5972
5972
5972
5973
5978
5979
5980
5983
5983
5985
5986
5988
5989
5989
5992
5992
5993
5993
5993
5993
5993
5995
5995
5997
5997
5998
6001
6001
6002
6003
6004
6005
6008
6009
6009
6010
6012
6013
6013
6014
6015
6016
6017
6018
6018
6018
6018
6018
6020
6020
6021
6021
6022
6022
6023
6023
6025
6026
6027
6028
6030
6031
6031
6031
6032
6032
6036
6037
6038
6038
6040
6040
6041
6042
6044
6046
6047
6049
6050
6053
6056
6057
6057
6058
6059
6060
6063
6064
6064
6065
6067
6067
6069
6071
6072
6073
6073
6074
6074
6074
6078
6078
6079
6079
6080
6081
6082
6084
6086
6086
6087
6087
6088
6093
6093
6093
6094
6096
6097
6097
6097
6099
6100
6100
6101
6101
6102
6102
6103
6103
6105
6107
6107
6108
6110
6111
6112
6112
6114
6116
6118
6118
6119
6119
6120
6120
6122
6123
6123
6124
6130
6130
6131
6132
6136
6138
6138
6140
6141
6142
6142
6142
6142
6142
6142
6144
6145
6145
6148
6150
6150
6150
6154
6156
6157
6157
6161
6164
6165
6166
6167
6168
6168
6169
6171
6172
6172
6172
6173
6173
6174
6174
6174
6178
6178
6179
6179
6180
6180
6181
6182
6182
6183
6183
6184
6184
6185
6186
6187
6188
6189
6189
6190
6190
6193
6193
6194
6194
6196
6197
6198
6199
6199
6200
6200
6200
6200
6200
6202
6203
6207
6208
6208
6209
6211
6211
6214
6215
6217
6218
6221
6224
6224
6224
6224
6224
6225
6226
6226
6226
6228
6229
6232
6234
6234
6235
6235
6236
6236
6237
6238
6240
6240
6242
6243
6243
6244
6245
6248
6248
6249
6250
6250
6251
6252
6252
6253
6254
6258
6258
6260
6260
6262
6262
6262
6262
6263
6263
6264
6264
6264
6265
6266
6266
6267
6267
6270
6270
6270
6272
6275
6276
6276
6278
6279
6279
6280
6281
6282
6283
6283
6283
6284
6284
6285
6288
6288
6289
6291
6291
6291
6291
6292
6293
6293
6296
6298
6298
6299
6300
6303
6303
6305
6306
6307
6308
6309
6310
6311
6316
6317
6318
6318
6319
6322
6323
6324
6326
6326
6327
6328
6328
6329
6330
6333
6333
6334
6336
6337
6338
6338
6340
6341
6342
6344
6344
6345
6345
6346
6347
6348
6348
6348
6349
6355
6359
6363
6364
6366
6367
6367
6368
6368
6370
6372
6374
6378
6380
6382
6382
6383
6384
6384
6384
6385
6388
6388
6390
6390
6391
6391
6393
6393
6395
6395
6396
6397
6397
6397
6397
6398
6403
6403
6404
6407
6408
6410
6410
6410
6411
6411
6412
6413
6414
6415
6417
6417
6418
6419
6419
6420
6421
6421
6422
6424
6426
6427
6428
6429
6429
6429
6434
6435
6437
6437
6438
6440
6441
6442
6443
6445
6446
6446
6448
6448
6451
6451
6452
6452
6452
6453
6454
6454
6455
6458
6459
6459
6461
6464
6465
6466
6466
6468
6468
6469
6470
6471
6475
6478
6479
6481
6481
6482
6482
6482
6483
6483
6483
6485
6486
6487
6489
6489
6490
6492
6494
6496
6496
6496
6497
6498
6500
6501
6502
6502
6502
6509
6509
6509
6509
6509
6511
6511
6512
6512
6514
6516
6516
6518
6518
6518
6518
6520
6520
6520
6520
6521
6524
6524
6525
6526
6528
6528
6528
6528
6529
6530
6530
6531
6531
6533
6535
6535
6536
6538
6541
6541
6541
6543
6544
6544
6544
6546
6547
6548
6549
6551
6551
6551
6552
6553
6554
6554
6554
6554
6556
6558
6558
6558
6559
6560
6560
6560
6565
6566
6567
6568
6571
6572
6572
6572
6574
6575
6577
6581
6582
6583
6583
6583
6584
6585
6585
6585
6585
6587
6588
6590
6591
6592
6593
6593
6594
6595
6595
6595
6596
6597
6598
6598
6599
6601
6602
6602
6603
6604
6604
6604
6605
6605
6605
6609
6610
6610
6612
6612
6615
6615
6617
6618
6619
6619
6619
6620
6621
6622
6623
6624
6624
6624
6625
6626
6626
6627
6627
6628
6629
6629
6634
6634
6636
6638
6638
6638
6640
6642
6642
6643
6644
6645
6647
6648
6650
6651
6651
6652
6653
6653
6654
6655
6656
6656
6658
6658
6660
6660
6661
6663
6664
6666
6667
6668
6670
6671
6674
6674
6675
6675
6675
6676
6676
6676
6678
6679
6681
6682
6683
6687
6687
6688
6688
6688
6691
6692
6693
6694
6695
6695
6698
6698
6699
6701
6702
6702
6703
6703
6703
6704
6704
6705
6706
6706
6707
6708
6710
6711
6711
6711
6712
6713
6713
6714
6715
6718
6720
6721
6722
6724
6724
6725
6726
6727
6728
6728
6729
6730
6732
6735
6736
6737
6738
6738
6739
6741
6741
6741
6742
6742
6742
6743
6743
6743
6744
6745
6745
6748
6749
6751
6752
6752
6753
6756
6760
6760
6762
6763
6770
6771
6771
6772
6772
6772
6773
6773
6774
6774
6777
6778
6779
6781
6781
6783
6784
6785
6787
6787
6788
6790
6792
6794
6795
6798
6799
6801
6803
6803
6805
6805
6805
6810
6810
6811
6812
6813
6814
6814
6814
6814
6817
6818
6819
6821
6822
6824
6824
6824
6827
6829
6829
6829
6829
6830
6830
6830
6830
6832
6832
6832
6833
6833
6833
6835
6837
6838
6838
6838
6841
6841
6842
6842
6843
6845
6845
6846
6847
6851
6853
6854
6854
6855
6855
6856
6856
6856
6857
6857
6858
6861
6861
6861
6861
6862
6863
6863
6864
6865
6866
6867
6867
6868
6869
6869
6870
6871
6871
6871
6872
6873
6874
6875
6876
6876
6877
6877
6878
6878
6878
6880
6881
6883
6883
6888
6888
6888
6888
6890
6890
6891
6891
6892
6893
6893
6894
6896
6896
6896
6896
6897
6897
6897
6900
6901
6902
6903
6905
6905
6905
6905
6908
6908
6909
6909
6909
6910
6910
6910
6911
6912
6912
6913
6915
6915
6916
6918
6918
6919
6919
6920
6923
6924
6925
6925
6926
6926
6927
6928
6934
6935
6938
6939
6942
6943
6944
6945
6946
6947
6948
6948
6948
6948
6949
6949
6950
6950
6950
6952
6953
6955
6956
6957
6958
6960
6962
6962
6962
6964
6965
6965
6968
6969
6970
6973
6974
6976
6976
6976
6978
6979
6980
6981
6981
6982
6983
6988
6989
6989
6995
6997
6998
7001
7003
7005
7007
7007
7007
7007
7007
7008
7010
7010
7011
7011
7014
7016
7016
7017
7017
7018
7020
7021
7021
7021
7022
7023
7025
7026
7032
7037
7038
7038
7039
7040
7040
7040
7043
7043
7045
7048
7052
7054
7054
7056
7057
7058
7060
7061
7061
7063
7064
7066
7066
7067
7067
7069
7070
7073
7075
7075
7077
7077
7083
7084
7084
7086
7087
7091
7092
7093
7094
7094
7094
7095
7095
7098
7098
7099
7099
7100
7104
7107
7107
7108
7109
7111
7112
7112
7115
7117
7117
7119
7119
7120
7120
7120
7121
7122
7122
7123
7124
7125
7126
7127
7128
7130
7131
7132
7133
7133
7136
7137
7138
7138
7140
7141
7142
7143
7143
7144
7145
7146
7148
7148
7150
7150
7151
7152
7153
7155
7156
7156
7157
7159
7159
7160
7160
7162
7163
7163
7165
7165
7166
7166
7168
7170
7170
7173
7173
7175
7175
7177
7178
7178
7179
7179
7180
7181
7182
7182
7183
7183
7184
7184
7185
7185
7186
7186
7187
7188
7190
7191
7191
7193
7193
7194
7195
7195
7195
7197
7199
7200
7202
7203
7203
7203
7204
7205
7205
7206
7206
7207
7208
7208
7209
7209
7209
7211
7212
7213
7214
7215
7217
7217
7218
7222
7223
7224
7224
7224
7224
7224
7225
7226
7226
7227
7227
7227
7228
7228
7230
7231
7231
7232
7233
7233
7233
7233
7234
7235
7235
7238
7238
7239
7239
7242
7242
7243
7243
7246
7246
7248
7248
7250
7250
7250
7251
7251
7253
7254
7255
7255
7255
7257
7257
7257
7258
7258
7259
7259
7260
7261
7261
7262
7262
7263
7263
7264
7264
7266
7267
7267
7268
7268
7269
7270
7271
7271
7271
7271
7272
7275
7275
7276
7276
7277
7277
7281
7282
7282
7283
7284
7284
7284
7284
7286
7288
7288
7288
7290
7291
7292
7293
7294
7296
7296
7296
7296
7297
7301
7305
7308
7309
7310
7312
7313
7313
7314
7317
7317
7319
7319
7320
7320
7321
7321
7323
7325
7326
7326
7328
7328
7329
7331
7333
7335
7336
7336
7338
7340
7341
7341
7342
7342
7343
7343
7344
7345
7348
7350
7350
7351
7352
7352
7354
7356
7358
7365
7365
7368
7369
7370
7371
7371
7372
7373
7374
7374
7374
7375
7377
7377
7377
7377
7377
7377
7378
7379
7379
7383
7383
7384
7384
7386
7386
7387
7389
7389
7390
7390
7391
7391
7394
7394
7396
7396
7398
7398
7398
7399
7399
7399
7401
7401
7401
7402
7402
7404
7405
7405
7407
7407
7407
7409
7410
7411
7411
7412
7417
7419
7424
7425
7425
7428
7428
7428
7428
7430
7431
7432
7433
7434
7435
7440
7440
7443
7444
7445
7446
7447
7449
7450
7451
7451
7452
7452
7453
7453
7453
7453
7455
7456
7456
7459
7460
7460
7461
7462
7465
7465
7466
7466
7466
7467
7468
7468
7469
7470
7470
7470
7470
7471
7471
7472
7472
7473
7473
7474
7477
7480
7481
7482
7483
7484
7484
7485
7486
7486
7487
7487
7488
7489
7489
7491
7491
7492
7492
7494
7494
7496
7497
7497
7497
7498
7499
7502
7504
7505
7505
7505
7506
7506
7506
7506
7506
7508
7510
7510
7511
7513
7516
7518
7518
7519
7519
7522
7523
7523
7524
7524
7525
7525
7528
7529
7529
7530
7531
7531
7532
7532
7533
7533
7533
7535
7539
7540
7544
7545
7548
7551
7553
7554
7555
7556
7556
7557
7558
7560
7561
7562
7563
7564
7564
7564
7566
7569
7569
7571
7572
7575
7575
7577
7580
7580
7580
7581
7584
7585
7585
7587
7587
7587
7587
7588
7588
7589
7589
7590
7592
7593
7593
7594
7594
7595
7595
7595
7596
7597
7597
7598
7599
7599
7600
7600
7605
7605
7606
7606
7606
7607
7607
7607
7611
7613
7616
7616
7617
7617
7619
7620
7620
7621
7621
7622
7624
7624
7624
7626
7627
7628
7629
7629
7633
7633
7633
7634
7636
7637
7638
7638
7641
7642
7642
7642
7643
7644
7644
7646
7647
7647
7648
7648
7651
7652
7653
7654
7655
7656
7657
7658
7659
7660
7661
7662
7663
7663
7665
7665
7667
7667
7667
7668
7668
7668
7670
7673
7673
7675
7676
7676
7676
7676
7676
7677
7677
7678
7679
7680
7681
7682
7684
7686
7686
7686
7687
7690
7690
7691
7695
7695
7695
7696
7696
7697
7697
7698
7699
7700
7702
7703
7704
7704
7706
7707
7709
7710
7712
7712
7712
7713
7713
7715
7715
7716
7716
7716
7717
7718
7718
7718
7721
7722
7723
7724
7725
7726
7728
7728
7729
7729
7730
7730
7730
7731
7733
7735
7736
7736
7736
7737
7738
7738
7738
7740
7741
7741
7742
7742
7743
7744
7744
7748
7748
7749
7749
7749
7749
7749
7749
7750
7750
7752
7752
7752
7752
7753
7753
7754
7757
7759
7762
7763
7763
7765
7766
7768
7768
7772
7774
7774
7774
7775
7775
7777
7778
7778
7778
7779
7779
7781
7784
7787
7787
7789
7790
7790
7791
7791
7792
7793
7795
7795
7795
7797
7797
7798
7798
7799
7800
7802
7803
7805
7805
7805
7806
7807
7808
7809
7809
7810
7810
7810
7811
7811
7811
7812
7813
7815
7816
7817
7817
7818
7821
7822
7826
7826
7827
7829
7829
7830
7831
7835
7836
7836
7837
7838
7838
7839
7840
7841
7845
7846
7847
7848
7849
7851
7852
7853
7853
7854
7855
7860
7862
7864
7864
7865
7865
7865
7865
7866
7867
7868
7868
7869
7870
7872
7873
7877
7879
7879
7879
7880
7881
7881
7882
7882
7886
7887
7891
7892
7892
7893
7893
7893
7894
7894
7895
7897
7900
7900
7900
7903
7906
7907
7908
7908
7909
7910
7912
7914
7915
7915
7916
7916
7916
7917
7917
7917
7917
7918
7921
7922
7922
7922
7924
7925
7926
7929
7929
7929
7932
7936
7937
7938
7938
7940
7940
7940
7941
7943
7943
7944
7944
7944
7944
7945
7947
7948
7948
7949
7950
7951
7952
7952
7952
7953
7955
7956
7956
7957
7959
7959
7960
7961
7961
7962
7963
7963
7964
7966
7968
7969
7970
7972
7973
7973
7974
7974
7975
7976
7977
7978
7979
7979
7980
7981
7981
7981
7982
7983
7985
7985
7987
7987
7987
7989
7989
7989
7990
7990
7990
7991
7992
7992
7992
7992
7993
7994
7998
8003
8003
8004
8004
8005
8006
8007
8008
8010
8012
8012
8012
8013
8014
8014
8014
8014
8014
8015
8016
8016
8016
8017
8019
8019
8020
8021
8023
8024
8026
8026
8027
8028
8030
8030
8031
8033
8034
8035
8035
8037
8038
8039
8041
8041
8041
8042
8042
8042
8043
8046
8048
8049
8052
8054
8055
8056
8057
8058
8058
8058
8059
8059
8060
8062
8062
8063
8063
8065
8066
8067
8071
8072
8072
8074
8077
8077
8077
8078
8079
8080
8080
8082
8082
8085
8088
8091
8092
8092
8093
8095
8098
8101
8104
8105
8105
8106
8107
8108
8108
8109
8110
8111
8111
8111
8111
8112
8112
8112
8112
8113
8113
8115
8116
8118
8118
8119
8119
8120
8120
8120
8121
8121
8121
8122
8122
8125
8127
8127
8128
8130
8131
8131
8132
8135
8135
8136
8139
8139
8141
8141
8142
8143
8146
8147
8150
8150
8150
8150
8151
8154
8155
8156
8161
8162
8162
8162
8162
8163
8165
8166
8167
8167
8167
8168
8168
8172
8176
8176
8176
8177
8179
8181
8181
8182
8183
8184
8184
8184
8185
8186
8187
8187
8188
8196
8197
8198
8198
8199
8200
8200
8201
8201
8202
8203
8203
8206
8207
8208
8208
8210
8213
8215
8216
8218
8218
8223
8223
8226
8226
8226
8227
8228
8231
8232
8233
8235
8239
8239
8239
8241
8241
8241
8242
8245
8246
8246
8247
8248
8249
8250
8251
8251
8252
8253
8253
8254
8254
8254
8255
8258
8259
8261
8262
8262
8262
8263
8266
8266
8267
8267
8268
8269
8271
8272
8273
8273
8273
8274
8274
8274
8275
8275
8278
8279
8280
8280
8281
8283
8283
8283
8284
8287
8287
8287
8287
8288
8290
8290
8291
8293
8296
8298
8299
8300
8301
8302
8303
8303
8306
8306
8307
8308
8309
8309
8309
8310
8312
8316
8316
8320
8322
8323
8324
8325
8327
8328
8329
8329
8329
8329
8329
8330
8330
8331
8332
8332
8333
8334
8334
8334
8335
8335
8335
8336
8337
8337
8341
8343
8343
8344
8344
8345
8345
8346
8348
8349
8350
8351
8351
8351
8352
8352
8355
8357
8358
8360
8360
8360
8361
8362
8362
8364
8365
8365
8371
8374
8375
8376
8377
8378
8380
8381
8381
8381
8382
8382
8382
8385
8386
8388
8392
8392
8395
8396
8398
8399
8399
8400
8401
8403
8404
8404
8405
8408
8410
8412
8413
8414
8416
8416
8419
8420
8421
8422
8422
8422
8423
8423
8426
8426
8426
8428
8431
8431
8432
8433
8434
8435
8435
8437
8438
8438
8438
8438
8439
8439
8440
8441
8441
8442
8443
8444
8445
8446
8446
8447
8448
8450
8452
8452
8455
8457
8458
8458
8462
8465
8469
8469
8469
8469
8471
8472
8475
8475
8478
8481
8482
8482
8483
8484
8484
8484
8486
8487
8487
8487
8487
8489
8490
8490
8491
8493
8495
8496
8497
8498
8499
8500
8501
8502
8502
8506
8507
8508
8510
8513
8513
8513
8516
8517
8518
8520
8520
8521
8523
8524
8525
8526
8527
8528
8530
8530
8530
8531
8531
8535
8536
8536
8537
8538
8538
8540
8541
8541
8542
8543
8545
8545
8546
8546
8546
8547
8547
8552
8552
8552
8553
8554
8555
8555
8555
8556
8556
8557
8558
8559
8559
8560
8560
8561
8563
8564
8564
8567
8569
8573
8575
8576
8576
8577
8578
8578
8579
8579
8579
8580
8581
8581
8581
8583
8584
8585
8585
8585
8586
8586
8587
8587
8589
8589
8590
8590
8592
8592
8593
8594
8594
8594
8597
8601
8601
8602
8602
8604
8604
8605
8605
8605
8605
8606
8607
8608
8608
8610
8614
8615
8615
8616
8616
8618
8621
8621
8621
8621
8621
8622
8623
8624
8626
8627
8628
8628
8628
8631
8631
8631
8632
8632
8633
8637
8637
8637
8637
8638
8640
8641
8642
8644
8644
8645
8646
8647
8647
8648
8649
8652
8652
8654
8655
8658
8662
8664
8665
8668
8669
8670
8670
8672
8672
8673
8676
8677
8678
8679
8681
8683
8683
8684
8685
8685
8687
8687
8688
8691
8693
8693
8695
8696
8696
8697
8698
8699
8699
8699
8702
8704
8704
8706
8707
8708
8709
8709
8710
8711
8713
8713
8713
8713
8713
8715
8717
8717
8717
8718
8719
8720
8722
8722
8723
8723
8724
8725
8730
8730
8730
8731
8732
8732
8733
8734
8736
8737
8737
8739
8739
8741
8741
8743
8743
8744
8747
8748
8749
8749
8750
8752
8753
8754
8755
8755
8759
8759
8760
8761
8761
8761
8761
8761
8766
8766
8767
8769
8770
8771
8771
8772
8772
8773
8779
8780
8787
8791
8791
8791
8793
8795
8795
8795
8799
8801
8802
8802
8804
8806
8808
8810
8812
8813
8814
8814
8815
8816
8816
8816
8816
8817
8819
8820
8820
8821
8823
8823
8823
8824
8826
8826
8827
8830
8831
8831
8831
8835
8836
8838
8841
8842
8842
8843
8843
8843
8844
8845
8846
8846
8847
8848
8849
8849
8849
8850
8850
8850
8851
8853
8853
8854
8855
8856
8857
8860
8860
8861
8863
8864
8865
8865
8866
8867
8867
8869
8869
8871
8871
8871
8871
8873
8877
8879
8880
8880
8880
8880
8881
8881
8882
8883
8885
8885
8886
8886
8888
8888
8891
8892
8894
8895
8896
8898
8898
8900
8901
8901
8902
8903
8904
8905
8906
8907
8907
8907
8908
8908
8909
8909
8910
8911
8912
8913
8913
8914
8914
8915
8915
8915
8915
8916
8916
8918
8918
8919
8919
8919
8922
8922
8922
8922
8927
8928
8929
8929
8930
8932
8933
8933
8935
8935
8936
8938
8939
8939
8940
8941
8941
8942
8943
8944
8944
8944
8946
8947
8948
8948
8949
8950
8950
8951
8952
8954
8956
8957
8958
8960
8961
8963
8963
8963
8963
8964
8964
8965
8965
8967
8971
8972
8972
8973
8973
8976
8976
8977
8978
8982
8983
8983
8983
8984
8988
8989
8989
8989
8989
8991
8992
8992
8996
8996
8997
8998
8998
8999
9001
9002
9004
9004
9006
9010
9010
9010
9010
9012
9013
9016
9016
9017
9017
9020
9022
9022
9023
9027
9027
9028
9029
9031
9032
9034
9034
9035
9035
9040
9042
9043
9043
9044
9044
9047
9050
9050
9050
9051
9052
9053
9054
9056
9056
9057
9058
9058
9059
9060
9060
9061
9061
9062
9063
9063
9065
9065
9065
9065
9066
9066
9068
9068
9069
9070
9070
9072
9074
9074
9077
9077
9078
9078
9078
9079
9081
9081
9081
9081
9081
9082
9082
9082
9083
9083
9084
9084
9087
9088
9090
9091
9091
9092
9095
9095
9097
9097
9099
9099
9100
9100
9101
9104
9106
9106
9107
9107
9108
9108
9108
9109
9109
9113
9113
9113
9115
9115
9116
9116
9116
9117
9118
9118
9119
9119
9119
9120
9121
9125
9125
9126
9127
9129
9130
9130
9131
9131
9131
9133
9136
9137
9137
9138
9138
9141
9141
9142
9143
9144
9145
9146
9146
9148
9149
9151
9154
9155
9158
9159
9160
9163
9163
9164
9164
9165
9166
9166
9166
9167
9167
9167
9168
9168
9170
9170
9171
9172
9174
9174
9175
9176
9176
9177
9177
9177
9178
9179
9179
9179
9180
9182
9182
9182
9183
9188
9189
9190
9191
9191
9191
9194
9195
9195
9196
9198
9199
9200
9200
9200
9201
9203
9203
9203
9205
9206
9207
9208
9210
9210
9211
9212
9213
9214
9214
9215
9216
9216
9217
9218
9218
9219
9221
9222
9223
9225
9228
9228
9229
9229
9230
9235
9235
9236
9236
9238
9239
9239
9240
9241
9241
9241
9243
9245
9246
9246
9247
9247
9249
9252
9252
9254
9255
9255
9255
9256
9256
9261
9261
9261
9262
9262
9263
9265
9265
9266
9266
9266
9266
9268
9269
9269
9271
9271
9272
9272
9273
9274
9277
9280
9281
9281
9281
9282
9287
9287
9290
9290
9291
9291
9293
9294
9295
9295
9295
9295
9297
9297
9297
9297
9300
9301
9301
9302
9302
9304
9305
9305
9307
9309
9309
9310
9310
9311
9312
9313
9313
9314
9314
9314
9316
9317
9317
9317
9323
9324
9325
9326
9326
9327
9327
9328
9328
9329
9330
9331
9331
9331
9333
9333
9334
9334
9335
9335
9335
9336
9337
9338
9339
9340
9341
9344
9345
9345
9345
9346
9347
9350
9350
9351
9352
9352
9352
9354
9354
9355
9355
9362
9365
9367
9367
9368
9370
9370
9371
9373
9373
9375
9375
9377
9377
9378
9378
9378
9379
9380
9380
9380
9381
9382
9383
9385
9386
9388
9388
9388
9389
9391
9392
9392
9392
9393
9395
9396
9397
9397
9397
9398
9401
9402
9402
9408
9410
9411
9412
9413
9413
9414
9416
9417
9417
9417
9418
9418
9419
9419
9421
9421
9422
9422
9424
9427
9427
9427
9428
9428
9433
9434
9434
9434
9435
9437
9437
9438
9440
9440
9440
9442
9442
9443
9443
9447
9447
9448
9449
9450
9450
9451
9451
9452
9452
9454
9455
9456
9457
9459
9460
9460
9460
9461
9462
9464
9465
9465
9466
9466
9466
9467
9468
9468
9470
9470
9470
9470
9471
9473
9474
9475
9477
9478
9478
9479
9481
9481
9482
9482
9483
9483
9483
9484
9486
9486
9487
9487
9489
9489
9491
9492
9495
9495
9497
9497
9497
9497
9498
9498
9499
9500
9500
9500
9502
9502
9503
9504
9505
9505
9507
9507
9507
9507
9507
9508
9508
9508
9510
9511
9511
9512
9512
9512
9512
9517
9519
9520
9523
9526
9528
9528
9529
9534
9534
9535
9535
9536
9537
9540
9541
9541
9544
9545
9545
9546
9547
9548
9550
9552
9553
9555
9555
9556
9556
9557
9557
9558
9559
9559
9560
9561
9561
9561
9562
9562
9563
9565
9567
9567
9567
9568
9568
9568
9569
9570
9571
9573
9574
9574
9577
9577
9578
9579
9579
9579
9579
9580
9583
9585
9585
9586
9586
9587
9588
9589
9590
9590
9590
9591
9591
9591
9592
9592
9595
9596
9596
9596
9598
9599
9600
9600
9602
9602
9605
9605
9605
9606
9606
9606
9609
9611
9612
9612
9612
9612
9613
9614
9615
9616
9618
9619
9619
9620
9620
9621
9621
9622
9623
9624
9627
9627
9629
9632
9632
9632
9634
9634
9635
9635
9636
9636
9637
9637
9638
9639
9640
9640
9641
9642
9643
9643
9643
9645
9646
9647
9647
9647
9648
9648
9648
9649
9651
9651
9652
9653
9653
9655
9660
9660
9661
9665
9667
9669
9672
9672
9675
9675
9676
9678
9680
9680
9680
9681
9684
9685
9685
9686
9686
9687
9688
9689
9690
9690
9693
9694
9696
9698
9699
9701
9704
9706
9709
9710
9710
9711
9711
9712
9713
9715
9715
9717
9717
9717
9717
9717
9718
9721
9723
9724
9725
9726
9726
9727
9728
9730
9730
9731
9731
9731
9732
9732
9733
9733
9734
9736
9738
9739
9739
9740
9747
9748
9748
9749
9751
9751
9752
9752
9754
9755
9756
9757
9757
9757
9758
9759
9760
9762
9762
9762
9763
9765
9768
9768
9768
9769
9769
9770
9772
9773
9774
9775
9776
9780
9781
9783
9784
9788
9788
9792
9795
9796
9797
9798
9798
9802
9803
9803
9805
9807
9808
9809
9810
9814
9816
9819
9820
9821
9821
9822
9822
9826
9827
9830
9830
9832
9833
9833
9834
9839
9839
9839
9840
9842
9842
9846
9846
9847
9848
9850
9851
9853
9853
9856
9857
9859
9860
9861
9861
9861
9862
9862
9863
9865
9866
9867
9870
9872
9872
9872
9874
9874
9876
9877
9879
9879
9879
9880
9880
9881
9882
9883
9883
9884
9884
9885
9887
9887
9896
9897
9898
9899
9899
9902
9902
9904
9906
9906
9907
9907
9908
9908
9909
9911
9912
9912
9912
9913
9914
9915
9915
9916
9916
9916
9918
9919
9922
9922
9922
9924
9925
9930
9930
9930
9931
9931
9932
9932
9933
9934
9934
9935
9936
9937
9937
9938
9939
9940
9941
9943
9946
9946
9947
9951
9952
9954
9956
9956
9957
9958
9958
9959
9959
9959
9960
9960
9960
9960
9961
9961
9962
9962
9963
9964
9965
9965
9968
9969
9970
9971
9971
9971
9972
9972
9973
9975
9976
9976
9976
9977
9980
9981
9981
9981
9981
9983
9984
9985
9987
9987
9987
9993
9994
9997
9997
9998
9999
