3
3
6
8
12
12
13
14
15
17
18
19
20
22
27
28
28
29
30
31
31
31
34
36
36
38
40
43
45
45
45
46
46
46
49
50
51
53
54
55
55
57
58
63
64
65
65
66
66
67
67
69
71
72
72
74
75
75
75
75
76
77
77
78
79
80
80
81
82
84
85
85
86
87
87
90
90
91
94
94
95
95
96
98
98
99
100
101
102
102
106
108
110
110
111
111
114
114
116
116
116
117
119
119
119
120
122
122
123
123
124
125
125
126
126
128
128
128
129
130
132
132
134
135
137
137
139
139
140
140
141
142
143
143
143
144
147
148
150
150
151
151
156
156
156
158
158
159
160
160
160
161
161
162
162
162
163
164
165
165
166
169
169
172
172
173
176
177
177
177
179
179
179
179
180
180
180
181
181
182
183
185
187
189
189
191
191
192
194
194
195
195
195
196
196
197
198
199
199
201
201
202
204
205
205
206
207
207
208
208
209
210
211
212
212
213
215
216
217
218
219
219
223
224
226
230
230
231
231
231
232
232
234
236
237
238
238
240
240
241
244
246
246
249
249
251
251
251
251
251
252
257
258
259
259
260
260
262
266
267
268
268
269
269
271
271
272
273
274
274
274
275
277
279
280
280
281
282
282
283
283
284
284
287
287
288
289
289
290
290
292
293
294
295
296
298
299
299
299
302
302
302
304
304
304
305
307
307
309
310
310
312
315
316
317
318
318
319
321
321
322
322
324
324
325
325
325
325
326
326
327
328
328
329
329
331
332
332
332
334
334
335
337
337
338
341
344
344
346
347
347
347
347
348
348
349
350
351
353
353
354
355
355
356
356
357
358
359
360
360
361
361
362
364
365
369
369
370
370
371
372
372
373
373
374
374
376
377
380
381
383
383
384
385
385
385
386
387
388
388
388
390
390
390
391
392
392
393
394
394
395
396
396
396
396
396
397
398
402
403
403
403
405
406
406
408
408
409
409
411
411
411
412
413
413
414
414
416
417
417
417
418
420
420
422
422
423
425
427
427
428
428
428
430
430
432
434
434
435
435
436
437
437
437
438
440
440
444
444
445
445
445
446
447
447
450
451
452
452
452
453
455
455
455
457
458
460
461
461
461
465
469
470
471
472
473
474
475
475
476
479
479
480
483
484
487
489
489
490
490
491
491
492
493
495
496
496
497
497
499
500
502
502
503
504
506
506
507
508
510
512
514
515
518
519
520
522
524
524
524
524
524
525
525
526
526
527
528
529
529
529
531
532
533
533
534
535
535
535
536
536
536
537
538
538
539
539
539
540
541
541
541
543
546
547
550
551
554
556
556
556
557
557
559
565
566
566
567
569
570
570
572
572
573
574
574
574
574
576
576
577
578
579
581
585
586
586
587
587
587
588
590
591
593
594
594
596
597
599
599
600
600
600
604
604
605
606
607
608
608
609
609
612
612
612
613
615
617
617
618
620
621
622
623
624
626
627
628
629
630
631
631
633
634
636
636
636
637
637
637
637
640
640
641
643
643
643
644
647
648
649
651
652
654
654
655
655
656
657
658
660
661
662
664
665
666
668
668
669
670
671
671
672
672
672
673
674
675
677
677
681
681
681
681
681
682
682
683
683
684
686
692
692
693
694
695
695
696
696
699
701
702
703
703
703
706
707
709
710
711
711
712
712
712
713
713
716
716
719
720
721
721
722
724
724
725
726
727
729
731
732
732
734
734
734
736
736
739
740
740
740
740
741
742
743
743
745
746
748
749
751
752
753
755
755
756
756
759
759
761
763
764
766
768
769
770
772
773
775
775
777
777
777
777
777
778
778
780
780
783
784
785
787
788
788
790
792
794
795
795
795
802
802
802
803
803
803
804
804
807
807
809
812
814
815
815
817
819
820
820
820
821
821
823
824
825
825
826
827
827
829
829
829
831
831
831
833
834
834
834
836
836
836
837
838
839
840
840
841
841
841
843
844
845
845
846
850
853
853
854
854
856
856
857
857
860
860
860
861
864
865
865
867
867
867
868
868
869
871
874
875
877
877
878
879
880
882
883
884
885
886
888
889
889
889
890
890
891
891
891
892
892
893
895
895
896
897
897
898
901
901
902
904
905
906
906
906
907
908
910
910
910
912
912
913
914
915
916
916
917
917
918
922
922
923
925
925
925
925
927
927
927
928
929
930
931
933
933
936
936
938
938
938
939
939
939
940
941
941
942
942
942
945
945
946
946
947
947
947
947
949
950
951
951
951
954
954
954
954
955
959
960
960
964
965
966
966
968
969
969
970
971
973
974
977
978
978
980
980
982
982
982
982
983
983
983
984
984
985
985
985
985
985
985
986
988
990
990
990
990
992
995
995
998
998
999
1000
1000
1005
1005
1006
1007
1007
1008
1008
1008
1008
1015
1019
1019
1019
1019
1019
1020
1021
1022
1023
1024
1030
1030
1030
1031
1032
1033
1033
1036
1036
1037
1037
1039
1039
1040
1040
1042
1043
1044
1044
1045
1045
1046
1046
1046
1047
1047
1047
1049
1049
1050
1052
1055
1056
1056
1059
1060
1060
1062
1062
1064
1066
1066
1067
1069
1070
1071
1071
1072
1074
1075
1077
1078
1078
1079
1080
1082
1082
1083
1084
1088
1091
1091
1094
1095
1096
1096
1096
1097
1097
1098
1100
1101
1103
1103
1103
1103
1104
1105
1106
1106
1107
1107
1108
1108
1108
1108
1109
1110
1110
1110
1111
1111
1112
1113
1113
1114
1115
1116
1116
1117
1118
1119
1119
1120
1122
1122
1123
1123
1124
1125
1125
1126
1126
1126
1129
1129
1130
1131
1131
1132
1136
1139
1139
1139
1139
1140
1140
1141
1142
1144
1144
1146
1146
1147
1148
1149
1150
1150
1150
1151
1152
1153
1153
1154
1154
1154
1156
1156
1158
1159
1159
1160
1160
1160
1161
1162
1164
1166
1167
1168
1168
1168
1169
1170
1170
1171
1171
1173
1173
1173
1174
1174
1175
1175
1176
1177
1178
1179
1180
1180
1182
1184
1184
1185
1185
1186
1190
1192
1193
1193
1194
1195
1196
1196
1197
1200
1201
1204
1205
1206
1206
1208
1208
1208
1209
1212
1213
1214
1216
1216
1217
1217
1217
1219
1224
1226
1227
1227
1228
1228
1229
1231
1232
1234
1234
1234
1236
1239
1239
1239
1244
1248
1248
1248
1249
1251
1252
1253
1255
1256
1259
1259
1259
1261
1262
1262
1262
1264
1265
1265
1265
1267
1268
1268
1269
1269
1269
1270
1270
1270
1271
1271
1271
1273
1273
1274
1276
1278
1279
1279
1280
1280
1281
1282
1284
1290
1290
1291
1292
1292
1293
1293
1294
1294
1300
1301
1302
1303
1305
1306
1307
1307
1308
1308
1310
1311
1311
1312
1312
1312
1313
1313
1314
1318
1318
1318
1318
1319
1320
1321
1321
1321
1321
1322
1323
1323
1324
1324
1325
1325
1326
1331
1332
1333
1334
1335
1336
1337
1337
1338
1339
1340
1340
1341
1341
1344
1344
1344
1345
1347
1349
1350
1353
1354
1356
1357
1357
1363
1364
1364
1365
1366
1367
1368
1369
1369
1369
1370
1374
1376
1376
1377
1378
1382
1383
1383
1384
1386
1392
1392
1392
1392
1393
1394
1394
1394
1395
1395
1397
1399
1400
1401
1403
1403
1405
1405
1408
1409
1409
1409
1411
1412
1413
1414
1414
1416
1416
1416
1417
1418
1418
1418
1418
1418
1422
1423
1423
1424
1424
1425
1428
1428
1429
1429
1432
1433
1437
1444
1444
1445
1448
1448
1448
1449
1450
1451
1452
1452
1452
1453
1456
1457
1458
1460
1461
1461
1462
1464
1465
1467
1468
1471
1471
1473
1474
1474
1476
1477
1477
1478
1479
1479
1479
1480
1481
1481
1485
1485
1486
1487
1488
1490
1491
1491
1492
1493
1494
1494
1494
1495
1497
1499
1500
1501
1501
1502
1502
1504
1505
1505
1506
1506
1507
1507
1508
1508
1511
1512
1512
1514
1515
1515
1517
1519
1521
1522
1522
1526
1527
1527
1528
1530
1530
1530
1531
1531
1532
1533
1533
1533
1533
1535
1538
1539
1539
1539
1540
1541
1542
1544
1546
1552
1553
1553
1557
1558
1559
1559
1560
1560
1561
1562
1562
1563
1565
1565
1567
1567
1568
1569
1570
1570
1571
1571
1571
1573
1575
1576
1576
1577
1577
1578
1579
1580
1580
1581
1584
1584
1584
1586
1586
1587
1588
1590
1590
1591
1591
1593
1594
1594
1595
1595
1596
1596
1597
1597
1598
1599
1601
1601
1602
1602
1605
1606
1607
1607
1608
1608
1609
1611
1611
1612
1612
1612
1614
1617
1620
1620
1621
1621
1623
1623
1624
1625
1626
1626
1627
1628
1629
1630
1630
1631
1631
1631
1634
1635
1639
1639
1641
1642
1642
1642
1642
1643
1646
1647
1649
1652
1654
1656
1657
1657
1658
1660
1664
1665
1667
1669
1671
1671
1672
1673
1673
1674
1674
1674
1674
1675
1675
1678
1678
1681
1681
1682
1682
1684
1684
1684
1684
1685
1688
1689
1689
1689
1695
1696
1698
1698
1699
1699
1700
1700
1701
1704
1705
1705
1710
1710
1711
1712
1713
1716
1716
1718
1719
1723
1723
1723
1723
1724
1725
1725
1725
1726
1726
1726
1728
1728
1732
1732
1732
1733
1733
1734
1734
1735
1738
1739
1739
1740
1740
1741
1742
1742
1743
1743
1744
1744
1745
1745
1748
1748
1750
1752
1753
1754
1755
1755
1756
1756
1757
1758
1759
1759
1760
1762
1763
1763
1764
1765
1765
1765
1766
1768
1768
1769
1769
1770
1771
1772
1773
1774
1777
1777
1778
1779
1780
1780
1781
1781
1782
1782
1785
1786
1787
1787
1787
1788
1789
1789
1790
1791
1791
1792
1793
1793
1794
1797
1799
1799
1800
1800
1803
1803
1803
1804
1805
1806
1809
1810
1810
1812
1812
1813
1813
1813
1816
1816
1816
1817
1817
1817
1819
1821
1821
1822
1823
1824
1824
1827
1827
1830
1831
1834
1835
1835
1836
1838
1840
1841
1841
1842
1843
1843
1844
1845
1847
1849
1849
1849
1849
1850
1851
1851
1852
1853
1854
1856
1856
1856
1857
1857
1857
1857
1858
1861
1862
1863
1863
1864
1865
1866
1867
1869
1870
1871
1872
1873
1873
1874
1874
1875
1877
1879
1880
1881
1881
1882
1882
1885
1886
1887
1887
1888
1888
1889
1890
1890
1891
1892
1893
1893
1893
1894
1896
1896
1898
1898
1898
1901
1903
1903
1904
1905
1906
1906
1907
1908
1908
1909
1909
1911
1911
1912
1913
1913
1915
1915
1916
1918
1919
1920
1922
1924
1924
1924
1926
1927
1928
1928
1928
1928
1929
1930
1930
1933
1933
1933
1933
1934
1934
1937
1937
1939
1940
1941
1944
1944
1944
1949
1951
1952
1954
1955
1956
1957
1958
1959
1961
1961
1961
1962
1965
1967
1967
1968
1972
1974
1976
1977
1977
1978
1978
1981
1981
1981
1982
1982
1982
1983
1983
1983
1984
1984
1986
1989
1990
1990
1990
1991
1991
1991
1993
1994
1994
1994
1995
1997
1997
1997
1998
1999
2000
2000
2001
2002
2003
2003
2004
2004
2006
2006
2006
2006
2007
2007
2008
2008
2009
2010
2011
2012
2013
2014
2014
2015
2016
2016
2016
2017
2018
2018
2018
2020
2021
2024
2025
2026
2029
2029
2029
2030
2033
2033
2033
2035
2037
2037
2038
2040
2040
2040
2045
2045
2046
2049
2051
2052
2052
2052
2053
2054
2055
2055
2055
2056
2056
2057
2059
2063
2067
2068
2069
2069
2070
2074
2076
2080
2083
2086
2089
2091
2093
2093
2094
2094
2095
2095
2097
2099
2099
2099
2100
2100
2103
2104
2104
2106
2107
2107
2108
2108
2109
2111
2112
2114
2115
2116
2116
2119
2120
2120
2120
2120
2123
2124
2124
2125
2126
2126
2126
2127
2129
2130
2131
2132
2134
2134
2135
2137
2137
2144
2144
2149
2150
2153
2153
2153
2154
2154
2155
2156
2156
2158
2158
2158
2160
2161
2161
2163
2164
2166
2167
2169
2169
2170
2171
2173
2174
2174
2175
2175
2175
2176
2176
2177
2178
2179
2180
2180
2181
2181
2182
2182
2183
2183
2186
2186
2186
2186
2186
2188
2188
2189
2190
2192
2193
2194
2195
2195
2196
2196
2198
2200
2201
2202
2203
2203
2203
2204
2205
2205
2207
2208
2209
2209
2210
2210
2210
2211
2212
2214
2215
2216
2217
2218
2219
2221
2221
2222
2222
2222
2223
2224
2224
2227
2227
2230
2230
2230
2231
2233
2233
2233
2234
2239
2243
2245
2246
2248
2248
2249
2250
2250
2250
2253
2253
2254
2255
2255
2256
2256
2256
2258
2258
2260
2262
2263
2264
2264
2265
2265
2267
2267
2269
2270
2271
2271
2274
2276
2276
2278
2278
2278
2279
2279
2281
2283
2284
2285
2285
2286
2286
2288
2289
2289
2290
2291
2291
2293
2294
2295
2295
2296
2298
2298
2300
2301
2302
2303
2303
2304
2305
2305
2305
2306
2306
2309
2310
2311
2311
2312
2313
2314
2316
2318
2319
2319
2320
2320
2320
2322
2324
2325
2327
2328
2328
2329
2330
2331
2334
2334
2334
2336
2337
2339
2341
2342
2342
2343
2345
2346
2350
2350
2352
2353
2353
2355
2357
2357
2359
2359
2360
2364
2366
2366
2368
2368
2368
2370
2370
2370
2371
2373
2374
2374
2374
2374
2374
2375
2376
2381
2382
2383
2384
2384
2385
2386
2386
2387
2388
2389
2389
2390
2391
2391
2392
2393
2393
2393
2394
2396
2397
2399
2399
2400
2402
2404
2405
2405
2406
2407
2408
2410
2411
2412
2415
2416
2416
2418
2418
2419
2421
2422
2422
2423
2424
2427
2428
2429
2429
2429
2430
2431
2431
2433
2434
2437
2438
2439
2439
2439
2439
2440
2440
2441
2442
2442
2443
2443
2447
2448
2449
2453
2453
2453
2455
2456
2457
2458
2458
2459
2461
2463
2463
2466
2468
2468
2469
2469
2470
2472
2473
2475
2477
2477
2477
2479
2480
2480
2481
2482
2487
2490
2494
2496
2498
2498
2500
2500
2502
2503
2503
2504
2505
2505
2506
2509
2510
2513
2513
2514
2516
2516
2516
2519
2521
2522
2523
2523
2525
2526
2526
2528
2528
2529
2531
2532
2533
2533
2534
2535
2535
2536
2538
2538
2539
2539
2539
2539
2540
2541
2541
2542
2543
2544
2545
2547
2548
2549
2549
2550
2552
2553
2554
2556
2558
2560
2562
2562
2562
2562
2564
2564
2564
2564
2564
2566
2567
2568
2568
2568
2569
2569
2570
2571
2572
2572
2575
2575
2575
2577
2578
2581
2581
2582
2582
2582
2582
2583
2584
2585
2586
2586
2589
2590
2591
2592
2593
2593
2595
2595
2595
2596
2600
2601
2602
2604
2604
2609
2609
2610
2610
2610
2610
2613
2617
2617
2618
2620
2620
2621
2621
2622
2623
2623
2624
2625
2625
2632
2635
2636
2637
2640
2640
2643
2644
2644
2644
2644
2645
2645
2647
2647
2649
2649
2650
2650
2651
2651
2652
2652
2655
2656
2656
2657
2658
2660
2661
2662
2663
2664
2664
2666
2666
2667
2669
2670
2671
2671
2672
2672
2673
2675
2675
2677
2677
2677
2678
2680
2680
2681
2683
2683
2684
2684
2684
2689
2692
2693
2693
2693
2694
2694
2695
2695
2696
2697
2698
2699
2701
2701
2702
2702
2706
2708
2709
2710
2714
2717
2718
2718
2720
2720
2720
2721
2722
2722
2723
2724
2725
2725
2727
2729
2730
2730
2733
2733
2735
2736
2738
2738
2740
2742
2743
2744
2745
2745
2749
2749
2750
2751
2751
2752
2753
2753
2754
2754
2754
2756
2757
2757
2758
2761
2762
2768
2768
2769
2770
2770
2771
2771
2775
2775
2776
2776
2778
2779
2779
2780
2781
2782
2786
2794
2794
2795
2797
2797
2799
2799
2799
2800
2801
2801
2802
2806
2807
2809
2809
2810
2811
2812
2812
2815
2815
2816
2817
2820
2820
2821
2821
2821
2822
2822
2822
2822
2824
2826
2829
2830
2831
2831
2833
2833
2835
2836
2837
2837
2838
2838
2839
2839
2839
2840
2840
2842
2846
2847
2849
2850
2850
2851
2852
2853
2855
2855
2855
2856
2856
2856
2856
2858
2858
2859
2859
2860
2860
2860
2860
2860
2860
2861
2862
2862
2862
2863
2863
2864
2865
2865
2866
2866
2866
2868
2868
2870
2870
2874
2874
2877
2880
2880
2881
2882
2882
2884
2886
2887
2888
2889
2890
2890
2891
2894
2894
2899
2900
2900
2901
2903
2903
2904
2905
2905
2907
2910
2910
2910
2911
2911
2912
2912
2912
2913
2913
2914
2915
2915
2915
2917
2920
2923
2924
2924
2924
2925
2926
2928
2929
2932
2933
2933
2934
2934
2934
2935
2936
2938
2940
2940
2941
2942
2943
2943
2944
2944
2944
2945
2945
2945
2947
2949
2952
2953
2955
2957
2959
2960
2960
2963
2963
2963
2964
2965
2966
2966
2967
2968
2969
2971
2972
2973
2973
2974
2974
2975
2977
2980
2981
2982
2984
2985
2985
2986
2987
2988
2989
2990
2992
2993
2995
2995
2995
2998
2998
2999
2999
3003
3003
3003
3004
3006
3006
3006
3007
3008
3008
3010
3010
3011
3012
3014
3016
3016
3016
3017
3019
3020
3020
3021
3026
3027
3027
3028
3029
3029
3033
3034
3035
3035
3036
3038
3038
3041
3042
3042
3042
3043
3044
3045
3046
3046
3047
3048
3048
3049
3049
3050
3050
3050
3051
3053
3054
3055
3056
3056
3057
3058
3058
3059
3059
3059
3060
3060
3060
3060
3060
3064
3066
3067
3068
3068
3068
3069
3070
3070
3071
3072
3073
3074
3074
3075
3075
3076
3076
3077
3078
3078
3079
3082
3082
3084
3084
3086
3086
3087
3088
3089
3089
3090
3090
3093
3094
3095
3099
3099
3100
3101
3101
3105
3105
3106
3106
3107
3107
3110
3111
3111
3112
3112
3113
3114
3115
3116
3118
3120
3120
3122
3123
3124
3127
3127
3127
3128
3128
3129
3129
3131
3132
3133
3133
3133
3134
3134
3136
3136
3137
3137
3138
3138
3139
3140
3140
3140
3140
3142
3143
3144
3145
3146
3146
3146
3147
3147
3149
3150
3151
3151
3152
3153
3154
3156
3156
3157
3157
3158
3158
3162
3163
3164
3165
3166
3166
3166
3166
3167
3172
3172
3173
3173
3173
3175
3176
3177
3177
3178
3179
3179
3182
3182
3182
3184
3185
3185
3185
3186
3188
3188
3190
3191
3191
3192
3193
3194
3195
3195
3195
3196
3196
3196
3198
3199
3203
3203
3205
3206
3207
3207
3208
3208
3210
3210
3214
3214
3214
3215
3217
3218
3220
3220
3222
3223
3224
3228
3230
3231
3231
3231
3231
3232
3233
3236
3238
3240
3240
3240
3242
3242
3242
3242
3242
3246
3247
3250
3251
3252
3253
3255
3257
3260
3261
3261
3263
3264
3264
3267
3267
3267
3269
3271
3272
3273
3274
3274
3274
3274
3275
3275
3278
3280
3281
3281
3282
3284
3284
3284
3285
3286
3288
3289
3289
3289
3290
3292
3293
3293
3294
3295
3296
3296
3298
3299
3299
3300
3302
3302
3304
3304
3306
3312
3312
3313
3313
3313
3313
3314
3314
3314
3315
3315
3316
3317
3318
3322
3322
3323
3324
3325
3326
3327
3327
3329
3329
3329
3329
3330
3330
3330
3331
3332
3333
3334
3335
3336
3336
3337
3339
3340
3342
3343
3343
3347
3349
3350
3351
3353
3355
3355
3356
3357
3357
3357
3358
3358
3358
3359
3360
3362
3362
3362
3362
3362
3363
3364
3366
3369
3370
3370
3370
3373
3374
3374
3375
3375
3376
3379
3380
3382
3382
3384
3385
3385
3389
3389
3389
3390
3393
3394
3395
3397
3400
3400
3401
3405
3407
3409
3410
3410
3411
3411
3412
3413
3414
3414
3415
3415
3418
3419
3419
3420
3421
3422
3422
3424
3425
3427
3427
3428
3428
3428
3428
3430
3430
3431
3432
3434
3434
3436
3436
3436
3436
3437
3437
3437
3438
3439
3442
3444
3445
3446
3446
3447
3448
3450
3450
3451
3451
3453
3454
3454
3460
3462
3463
3463
3464
3465
3465
3466
3467
3468
3468
3469
3469
3470
3471
3472
3473
3474
3474
3475
3476
3476
3476
3478
3478
3479
3481
3482
3485
3486
3486
3489
3491
3491
3492
3494
3494
3495
3497
3499
3500
3500
3505
3507
3507
3508
3509
3509
3510
3512
3512
3512
3513
3513
3515
3518
3519
3519
3522
3522
3523
3524
3529
3532
3532
3533
3533
3534
3535
3536
3536
3536
3539
3541
3541
3542
3544
3545
3546
3546
3547
3547
3548
3551
3552
3552
3552
3553
3553
3553
3554
3556
3557
3557
3558
3558
3559
3559
3560
3561
3561
3561
3561
3565
3566
3566
3568
3570
3572
3573
3573
3574
3576
3577
3579
3580
3583
3583
3586
3586
3586
3587
3588
3589
3590
3590
3590
3591
3592
3594
3596
3597
3597
3598
3599
3599
3599
3600
3603
3603
3605
3606
3608
3611
3612
3612
3612
3616
3616
3617
3618
3620
3621
3624
3625
3625
3626
3627
3628
3628
3629
3630
3631
3632
3632
3632
3633
3633
3635
3636
3637
3638
3642
3643
3643
3644
3645
3645
3647
3648
3649
3649
3650
3652
3653
3654
3654
3656
3656
3657
3657
3660
3661
3661
3663
3664
3665
3666
3667
3668
3668
3669
3669
3670
3670
3673
3673
3674
3675
3678
3679
3680
3681
3684
3685
3685
3687
3687
3690
3691
3692
3692
3693
3697
3697
3697
3697
3698
3698
3699
3700
3700
3700
3702
3704
3705
3709
3709
3710
3711
3712
3712
3712
3713
3714
3716
3716
3717
3718
3719
3720
3720
3722
3723
3724
3724
3725
3726
3726
3726
3727
3731
3731
3734
3735
3737
3738
3740
3743
3743
3744
3745
3745
3745
3747
3749
3752
3754
3754
3755
3755
3757
3758
3762
3762
3763
3763
3765
3766
3767
3767
3769
3769
3770
3771
3771
3771
3772
3773
3774
3776
3776
3778
3779
3782
3783
3783
3787
3788
3789
3790
3792
3792
3793
3794
3795
3797
3797
3799
3799
3800
3801
3801
3803
3804
3804
3806
3807
3809
3812
3813
3813
3813
3814
3814
3814
3814
3816
3816
3817
3818
3819
3819
3820
3820
3823
3824
3825
3825
3827
3827
3828
3829
3831
3833
3833
3833
3838
3838
3839
3841
3841
3842
3844
3844
3844
3845
3849
3850
3850
3851
3852
3853
3857
3857
3859
3859
3860
3862
3862
3864
3864
3866
3868
3869
3870
3873
3873
3876
3877
3877
3880
3880
3881
3882
3884
3884
3885
3886
3886
3886
3888
3888
3891
3892
3893
3894
3896
3897
3897
3898
3899
3900
3900
3903
3904
3904
3906
3906
3907
3908
3911
3911
3912
3914
3915
3915
3918
3922
3922
3922
3922
3923
3923
3924
3928
3928
3929
3930
3933
3933
3933
3934
3934
3934
3936
3936
3936
3936
3937
3940
3940
3942
3942
3943
3944
3947
3947
3948
3948
3950
3951
3951
3954
3954
3955
3957
3957
3958
3959
3959
3960
3961
3963
3964
3964
3966
3966
3966
3967
3968
3970
3970
3973
3973
3974
3975
3976
3977
3977
3978
3980
3982
3984
3985
3986
3987
3988
3990
3990
3990
3991
3992
3992
3994
3994
3995
3996
3996
3997
3997
3998
3998
4000
4000
4003
4004
4004
4004
4005
4007
4008
4010
4010
4013
4013
4014
4015
4016
4017
4017
4018
4020
4022
4023
4024
4025
4026
4027
4027
4028
4029
4030
4030
4031
4034
4034
4036
4037
4037
4037
4037
4040
4040
4040
4042
4042
4042
4043
4043
4045
4046
4046
4046
4046
4048
4049
4049
4049
4049
4049
4050
4051
4051
4053
4055
4056
4060
4060
4060
4061
4061
4062
4062
4064
4067
4067
4068
4070
4071
4072
4072
4072
4073
4076
4076
4079
4079
4080
4084
4084
4086
4087
4087
4088
4088
4090
4090
4091
4091
4094
4095
4095
4096
4097
4098
4101
4101
4102
4102
4102
4103
4103
4104
4104
4106
4108
4114
4114
4115
4115
4116
4119
4120
4120
4121
4121
4122
4124
4125
4130
4132
4133
4133
4134
4135
4136
4139
4140
4141
4144
4144
4145
4145
4146
4146
4146
4147
4150
4151
4153
4153
4155
4155
4157
4157
4157
4159
4159
4160
4161
4161
4163
4164
4165
4166
4166
4166
4166
4167
4167
4167
4168
4169
4169
4172
4174
4175
4177
4178
4178
4179
4179
4180
4180
4180
4180
4185
4185
4186
4187
4188
4188
4189
4192
4193
4193
4193
4194
4194
4194
4195
4196
4197
4199
4200
4201
4201
4201
4202
4202
4204
4204
4205
4205
4206
4207
4209
4209
4210
4210
4210
4215
4216
4218
4219
4219
4220
4220
4220
4221
4222
4222
4222
4224
4224
4225
4226
4226
4227
4229
4230
4231
4232
4232
4233
4235
4236
4237
4238
4239
4239
4240
4241
4241
4243
4244
4246
4248
4249
4249
4250
4250
4252
4252
4254
4255
4255
4255
4255
4256
4257
4259
4260
4260
4260
4260
4264
4265
4267
4269
4269
4272
4274
4274
4275
4275
4275
4276
4276
4276
4277
4279
4280
4281
4282
4282
4283
4286
4287
4288
4288
4289
4290
4291
4291
4294
4295
4295
4297
4297
4297
4299
4300
4300
4302
4304
4304
4305
4306
4307
4307
4308
4308
4309
4311
4313
4313
4313
4314
4314
4315
4315
4316
4316
4316
4317
4318
4318
4319
4319
4319
4320
4323
4323
4324
4324
4326
4329
4329
4330
4332
4333
4336
4337
4338
4338
4338
4338
4342
4343
4347
4348
4351
4352
4353
4355
4355
4357
4357
4359
4362
4362
4363
4364
4366
4366
4367
4369
4369
4370
4375
4375
4376
4376
4379
4380
4381
4382
4383
4383
4385
4385
4386
4388
4389
4389
4389
4389
4389
4389
4390
4393
4393
4397
4397
4399
4399
4401
4401
4402
4402
4402
4403
4406
4406
4406
4407
4408
4409
4413
4414
4415
4416
4416
4417
4417
4418
4421
4422
4422
4423
4423
4424
4425
4426
4427
4427
4427
4428
4428
4432
4432
4433
4433
4435
4436
4436
4438
4440
4440
4440
4443
4443
4444
4445
4449
4450
4451
4451
4451
4451
4451
4452
4452
4453
4453
4453
4454
4454
4455
4455
4458
4459
4460
4462
4463
4463
4464
4464
4466
4466
4478
4478
4478
4479
4482
4484
4485
4490
4490
4491
4493
4494
4494
4495
4496
4497
4497
4497
4499
4500
4501
4501
4502
4502
4502
4503
4503
4504
4504
4508
4510
4510
4510
4510
4514
4515
4516
4516
4518
4520
4521
4523
4524
4525
4527
4528
4528
4529
4529
4529
4530
4532
4533
4533
4534
4537
4537
4540
4542
4544
4544
4545
4545
4546
4549
4551
4551
4552
4553
4553
4554
4554
4554
4555
4556
4560
4567
4571
4572
4572
4572
4572
4573
4573
4574
4576
4577
4577
4578
4578
4580
4581
4581
4582
4582
4583
4583
4584
4587
4589
4590
4591
4591
4591
4592
4594
4594
4596
4596
4597
4597
4600
4600
4600
4602
4602
4603
4604
4605
4608
4608
4613
4613
4613
4615
4615
4619
4619
4620
4620
4624
4625
4627
4627
4629
4632
4634
4635
4636
4638
4638
4641
4642
4642
4642
4643
4644
4645
4645
4646
4652
4653
4653
4655
4655
4655
4656
4659
4659
4663
4664
4664
4665
4665
4666
4667
4668
4668
4670
4672
4673
4673
4674
4675
4676
4676
4676
4678
4679
4680
4680
4681
4684
4684
4684
4685
4685
4686
4686
4687
4688
4689
4690
4691
4691
4692
4692
4693
4693
4695
4695
4695
4695
4696
4697
4698
4701
4703
4704
4705
4705
4705
4707
4709
4709
4709
4714
4714
4717
4718
4719
4721
4722
4724
4725
4725
4725
4727
4728
4728
4729
4730
4731
4734
4735
4736
4737
4738
4739
4739
4743
4743
4743
4744
4746
4747
4749
4749
4750
4750
4752
4753
4753
4756
4757
4757
4759
4760
4762
4764
4765
4765
4766
4768
4770
4770
4772
4774
4774
4775
4776
4776
4777
4777
4778
4779
4781
4781
4781
4781
4782
4782
4783
4784
4784
4786
4787
4788
4788
4788
4788
4790
4790
4791
4791
4792
4793
4793
4794
4795
4796
4796
4796
4797
4798
4798
4799
4800
4800
4800
4801
4801
4802
4802
4802
4803
4804
4804
4806
4807
4808
4809
4811
4811
4812
4813
4819
4820
4820
4821
4822
4823
4824
4824
4825
4827
4827
4828
4829
4832
4833
4833
4833
4834
4835
4837
4837
4838
4839
4840
4844
4849
4849
4849
4851
4851
4852
4853
4853
4853
4855
4856
4856
4859
4859
4860
4861
4861
4862
4863
4864
4864
4865
4866
4868
4868
4868
4869
4869
4869
4870
4870
4871
4872
4872
4872
4872
4872
4873
4873
4874
4874
4874
4875
4875
4877
4879
4880
4881
4883
4883
4884
4886
4887
4888
4890
4890
4891
4892
4893
4894
4894
4894
4900
4901
4903
4904
4904
4905
4906
4906
4909
4910
4914
4914
4914
4915
4916
4918
4920
4921
4921
4922
4922
4922
4926
4926
4927
4931
4932
4932
4933
4935
4935
4935
4936
4936
4937
4938
4939
4939
4940
4941
4943
4943
4943
4944
4944
4946
4946
4947
4947
4947
4947
4950
4955
4956
4956
4957
4957
4957
4959
4959
4961
4965
4965
4966
4970
4971
4972
4972
4973
4977
4978
4978
4980
4980
4980
4981
4981
4982
4982
4983
4984
4985
4987
4989
4990
4991
4992
4992
4993
4994
4995
4997
4999
5001
5005
5005
5007
5008
5008
5008
5008
5012
5014
5016
5016
5019
5020
5020
5020
5021
5025
5025
5025
5026
5026
5029
5029
5029
5030
5031
5032
5035
5039
5041
5042
5046
5047
5048
5048
5050
5052
5052
5053
5054
5054
5055
5055
5056
5057
5057
5058
5058
5059
5059
5060
5060
5061
5061
5061
5062
5063
5065
5065
5066
5069
5069
5069
5070
5071
5071
5072
5075
5075
5079
5080
5083
5084
5084
5087
5088
5089
5090
5091
5092
5093
5095
5095
5096
5098
5099
5100
5103
5103
5105
5106
5107
5110
5111
5112
5112
5114
5114
5114
5115
5116
5116
5117
5117
5119
5120
5121
5122
5124
5124
5125
5125
5126
5127
5127
5128
5131
5131
5133
5133
5134
5134
5135
5136
5136
5137
5138
5139
5140
5141
5142
5142
5142
5142
5142
5143
5144
5145
5146
5146
5147
5147
5148
5149
5149
5150
5152
5152
5153
5153
5153
5154
5156
5156
5158
5158
5159
5160
5162
5164
5164
5165
5165
5169
5170
5171
5172
5173
5175
5175
5175
5177
5178
5179
5179
5179
5179
5180
5181
5181
5181
5182
5182
5183
5187
5187
5188
5189
5189
5190
5191
5192
5192
5194
5195
5197
5198
5203
5203
5204
5205
5205
5206
5206
5207
5208
5209
5210
5211
5212
5214
5216
5216
5218
5219
5219
5219
5219
5220
5220
5220
5221
5221
5222
5223
5223
5224
5228
5231
5231
5231
5231
5231
5232
5232
5232
5236
5237
5237
5237
5237
5239
5240
5242
5242
5243
5244
5244
5244
5245
5246
5246
5248
5249
5249
5249
5251
5251
5252
5255
5256
5261
5262
5262
5263
5264
5264
5265
5265
5265
5266
5266
5266
5267
5268
5269
5270
5271
5272
5272
5273
5273
5274
5274
5275
5277
5277
5277
5277
5277
5278
5280
5280
5281
5282
5283
5283
5284
5286
5287
5289
5291
5291
5294
5294
5295
5297
5298
5299
5299
5300
5301
5301
5303
5304
5304
5305
5306
5308
5309
5312
5313
5315
5315
5315
5316
5316
5318
5321
5325
5325
5326
5326
5328
5328
5330
5332
5333
5334
5335
5337
5338
5338
5341
5345
5345
5347
5347
5347
5348
5351
5351
5352
5356
5356
5357
5358
5358
5359
5360
5360
5360
5362
5362
5364
5364
5372
5372
5373
5374
5374
5375
5375
5376
5376
5377
5378
5378
5379
5379
5380
5381
5381
5383
5384
5386
5386
5386
5387
5387
5388
5388
5390
5391
5392
5392
5392
5393
5393
5393
5395
5397
5398
5399
5400
5400
5400
5403
5403
5405
5407
5411
5411
5412
5412
5412
5414
5414
5416
5417
5417
5422
5423
5423
5426
5426
5426
5427
5427
5428
5430
5430
5431
5432
5432
5434
5434
5435
5436
5437
5438
5438
5439
5443
5444
5445
5445
5448
5450
5451
5457
5458
5462
5462
5463
5464
5464
5464
5464
5465
5468
5468
5469
5471
5472
5473
5473
5474
5474
5475
5476
5477
5477
5477
5478
5479
5480
5480
5480
5481
5484
5484
5484
5486
5486
5486
5486
5487
5487
5487
5488
5488
5490
5491
5491
5492
5492
5497
5497
5498
5500
5500
5500
5501
5503
5503
5503
5503
5504
5507
5508
5508
5510
5511
5512
5514
5514
5514
5518
5519
5520
5522
5522
5522
5522
5522
5523
5523
5524
5524
5524
5525
5526
5527
5527
5530
5530
5535
5536
5537
5539
5539
5540
5540
5542
5543
5543
5543
5543
5544
5546
5546
5546
5547
5547
5551
5551
5551
5552
5553
5554
5554
5555
5556
5558
5560
5560
5561
5562
5564
5565
5566
5569
5570
5571
5572
5572
5573
5574
5576
5578
5579
5580
5581
5582
5583
5584
5584
5584
5585
5586
5586
5586
5588
5588
5589
5592
5592
5593
5594
5594
5594
5594
5595
5596
5596
5597
5597
5599
5599
5602
5603
5604
5604
5605
5606
5608
5608
5608
5608
5609
5611
5612
5612
5615
5615
5616
5619
5621
5621
5622
5624
5624
5626
5627
5627
5628
5628
5628
5630
5630
5631
5635
5637
5637
5638
5638
5642
5644
5644
5645
5646
5646
5647
5648
5650
5650
5650
5650
5654
5655
5655
5656
5657
5657
5657
5659
5661
5663
5663
5666
5666
5666
5667
5668
5669
5672
5672
5673
5673
5673
5675
5676
5676
5677
5678
5678
5682
5683
5683
5683
5685
5685
5686
5687
5689
5690
5691
5693
5693
5693
5694
5694
5694
5695
5696
5697
5699
5700
5700
5700
5701
5702
5702
5703
5703
5703
5703
5705
5705
5706
5706
5707
5708
5710
5712
5712
5713
5715
5716
5717
5717
5719
5721
5721
5721
5722
5724
5725
5725
5733
5733
5734
5735
5736
5737
5737
5739
5741
5742
5742
5742
5743
5744
5745
5746
5746
5748
5749
5749
5749
5750
5751
5752
5752
5754
5754
5754
5755
5757
5757
5759
5760
5760
5767
5770
5770
5771
5772
5773
5773
5773
5774
5775
5777
5778
5779
5781
5781
5782
5782
5783
5785
5785
5787
5794
5794
5794
5794
5795
5795
5796
5796
5796
5796
5797
5799
5799
5800
5800
5800
5803
5804
5805
5805
5806
5806
5807
5807
5807
5808
5809
5809
5810
5810
5812
5813
5814
5814
5815
5815
5815
5815
5817
5820
5821
5822
5824
5824
5824
5825
5825
5826
5826
5828
5829
5832
5834
5834
5835
5836
5836
5837
5838
5839
5841
5843
5845
5846
5847
5848
5849
5850
5850
5852
5852
5853
5853
5854
5855
5856
5863
5863
5864
5865
5866
5868
5868
5871
5871
5872
5874
5874
5874
5877
5877
5878
5880
5880
5880
5881
5882
5883
5884
5885
5885
5885
5890
5890
5891
5891
5892
5893
5894
5895
5895
5896
5898
5901
5901
5902
5902
5903
5904
5905
5905
5905
5905
5907
5907
5908
5909
5910
5910
5910
5910
5911
5911
5912
5912
5912
5912
5915
5916
5916
5917
5917
5918
5919
5919
5921
5923
5924
5924
5925
5925
5926
5928
5928
5930
5931
5931
5932
5932
5934
5934
5934
5935
5936
5936
5936
5937
5938
5939
5940
5942
5942
5944
5945
5945
5947
5947
5948
5950
5950
5951
5951
5953
5953
5953
5953
5953
5954
5957
5957
5960
5960
5961
5962
5963
5963
5964
5966
5969
5969
5972
5972
5974
5974
5975
5975
5976
5976
5976
5977
5978
5979
5980
5980
5982
5983
5984
5986
5988
5989
5989
5990
5992
5993
5994
5998
5999
5999
6002
6002
6004
6005
6005
6005
6006
6007
6007
6010
6010
6011
6012
6012
6013
6013
6016
6016
6017
6018
6019
6019
6020
6022
6022
6022
6022
6024
6024
6024
6026
6027
6029
6034
6034
6036
6037
6038
6038
6039
6040
6040
6041
6042
6042
6042
6043
6044
6045
6045
6045
6046
6047
6047
6049
6051
6053
6054
6054
6055
6055
6055
6058
6059
6062
6062
6063
6064
6068
6072
6074
6074
6074
6074
6074
6077
6077
6079
6079
6081
6082
6082
6082
6083
6083
6089
6090
6090
6090
6091
6091
6092
6092
6093
6094
6095
6095
6097
6097
6098
6098
6098
6099
6102
6102
6102
6102
6103
6103
6104
6105
6105
6105
6106
6106
6107
6108
6108
6109
6110
6114
6114
6115
6115
6115
6115
6115
6117
6117
6118
6119
6119
6121
6122
6123
6123
6123
6123
6124
6124
6124
6124
6125
6125
6126
6126
6127
6128
6128
6128
6129
6130
6130
6132
6133
6134
6135
6137
6137
6137
6139
6141
6142
6142
6142
6143
6143
6144
6145
6145
6146
6150
6150
6150
6150
6151
6151
6152
6152
6153
6155
6155
6156
6156
6156
6157
6158
6160
6160
6161
6161
6167
6170
6170
6170
6171
6173
6174
6175
6175
6175
6177
6183
6183
6184
6184
6185
6186
6188
6188
6188
6188
6188
6188
6188
6188
6190
6192
6193
6193
6194
6195
6197
6198
6198
6200
6200
6201
6202
6203
6204
6205
6206
6208
6210
6210
6210
6212
6212
6215
6216
6217
6217
6217
6218
6218
6220
6222
6222
6224
6226
6231
6235
6236
6238
6239
6239
6240
6243
6243
6246
6246
6246
6247
6249
6250
6251
6252
6252
6253
6253
6253
6255
6256
6257
6258
6259
6260
6262
6264
6265
6266
6268
6272
6274
6276
6276
6277
6279
6280
6281
6281
6283
6283
6285
6286
6288
6288
6288
6289
6294
6294
6298
6301
6305
6305
6305
6307
6307
6308
6308
6308
6309
6309
6309
6310
6312
6314
6316
6316
6318
6318
6318
6319
6319
6319
6319
6319
6320
6320
6322
6322
6322
6323
6324
6325
6325
6326
6327
6328
6328
6328
6329
6329
6330
6332
6332
6332
6334
6335
6336
6337
6342
6343
6345
6345
6348
6349
6350
6351
6354
6354
6355
6357
6357
6358
6360
6361
6361
6362
6363
6365
6367
6370
6371
6373
6376
6376
6378
6379
6380
6382
6385
6387
6387
6388
6389
6390
6395
6397
6397
6399
6399
6399
6401
6401
6404
6406
6406
6408
6410
6411
6413
6414
6415
6416
6416
6417
6418
6418
6418
6418
6419
6419
6419
6422
6422
6422
6423
6424
6425
6425
6427
6428
6429
6429
6429
6431
6432
6433
6433
6433
6435
6436
6438
6439
6441
6443
6443
6444
6444
6446
6446
6446
6447
6448
6449
6453
6454
6456
6458
6458
6458
6458
6460
6461
6462
6463
6464
6465
6466
6468
6469
6469
6471
6471
6472
6472
6473
6474
6474
6474
6475
6475
6476
6477
6477
6477
6479
6480
6482
6483
6483
6484
6485
6486
6487
6488
6490
6491
6493
6493
6494
6496
6496
6496
6497
6497
6500
6510
6510
6511
6513
6514
6516
6517
6518
6518
6521
6522
6522
6523
6523
6525
6526
6529
6530
6531
6531
6532
6532
6533
6534
6537
6539
6540
6544
6544
6545
6546
6547
6550
6552
6552
6552
6554
6555
6556
6557
6558
6559
6561
6562
6562
6563
6564
6565
6565
6566
6573
6575
6577
6577
6577
6578
6580
6583
6583
6588
6589
6589
6590
6591
6592
6595
6596
6596
6598
6598
6599
6600
6600
6601
6602
6602
6603
6604
6605
6605
6605
6606
6606
6609
6610
6610
6612
6613
6614
6614
6615
6616
6617
6617
6617
6619
6619
6620
6621
6622
6624
6626
6626
6626
6627
6628
6632
6633
6633
6635
6636
6637
6638
6640
6640
6641
6641
6643
6645
6647
6647
6649
6649
6649
6650
6650
6650
6652
6653
6653
6654
6654
6655
6656
6656
6657
6658
6658
6659
6659
6661
6661
6661
6663
6664
6664
6664
6667
6668
6669
6671
6672
6673
6673
6674
6676
6677
6680
6680
6681
6682
6683
6684
6685
6685
6686
6686
6689
6689
6689
6690
6690
6691
6692
6693
6696
6696
6696
6697
6700
6700
6701
6702
6703
6704
6704
6704
6705
6706
6707
6708
6708
6708
6709
6709
6711
6711
6713
6716
6720
6721
6723
6724
6724
6724
6725
6725
6725
6726
6727
6728
6728
6729
6729
6729
6729
6730
6730
6731
6732
6733
6733
6735
6736
6737
6737
6738
6738
6740
6741
6741
6741
6741
6745
6746
6747
6749
6749
6749
6750
6750
6751
6751
6752
6755
6759
6759
6760
6761
6763
6764
6764
6764
6764
6765
6767
6768
6769
6770
6770
6770
6772
6775
6779
6780
6782
6784
6784
6785
6785
6786
6791
6792
6794
6794
6794
6795
6796
6796
6797
6798
6799
6802
6802
6805
6805
6805
6807
6807
6808
6809
6811
6813
6815
6815
6815
6815
6815
6816
6816
6816
6819
6821
6822
6824
6824
6825
6825
6826
6827
6829
6829
6830
6830
6831
6831
6831
6831
6832
6832
6832
6835
6835
6836
6840
6842
6843
6843
6845
6846
6847
6848
6849
6849
6849
6849
6850
6850
6851
6853
6854
6854
6855
6856
6856
6856
6857
6857
6860
6861
6861
6862
6864
6864
6864
6865
6866
6867
6868
6868
6869
6872
6873
6873
6875
6875
6878
6878
6879
6880
6880
6880
6882
6883
6883
6884
6885
6885
6887
6888
6890
6890
6890
6890
6892
6893
6896
6896
6898
6898
6898
6900
6902
6905
6907
6909
6909
6910
6910
6912
6913
6914
6915
6916
6916
6919
6922
6923
6926
6927
6927
6927
6929
6929
6931
6931
6931
6933
6933
6933
6933
6939
6939
6940
6940
6944
6944
6945
6951
6951
6952
6952
6952
6952
6952
6954
6954
6956
6956
6959
6961
6961
6962
6964
6964
6965
6965
6965
6966
6969
6970
6971
6973
6973
6974
6974
6974
6976
6977
6977
6979
6980
6984
6984
6984
6985
6986
6987
6987
6987
6987
6988
6989
6990
6991
6991
6992
6993
6994
6994
6995
6995
6996
6997
6998
7003
7003
7003
7003
7005
7006
7006
7007
7007
7008
7009
7011
7012
7012
7014
7016
7018
7019
7019
7020
7021
7021
7023
7025
7026
7027
7028
7029
7029
7032
7032
7034
7037
7038
7039
7040
7041
7042
7043
7044
7046
7051
7051
7052
7053
7053
7056
7057
7059
7059
7060
7061
7063
7064
7066
7070
7072
7075
7078
7082
7083
7083
7084
7084
7086
7089
7090
7091
7091
7092
7092
7092
7093
7093
7094
7094
7095
7096
7097
7100
7100
7101
7102
7102
7102
7102
7103
7105
7106
7107
7107
7108
7109
7109
7112
7114
7115
7115
7115
7116
7116
7117
7117
7118
7118
7118
7119
7119
7120
7122
7128
7130
7132
7133
7134
7136
7137
7137
7139
7141
7141
7141
7142
7142
7143
7144
7145
7146
7146
7147
7148
7151
7151
7152
7154
7155
7155
7157
7158
7159
7161
7161
7162
7164
7165
7166
7170
7170
7171
7171
7171
7172
7175
7176
7178
7179
7180
7180
7183
7184
7185
7185
7186
7186
7187
7190
7191
7194
7194
7196
7196
7196
7196
7196
7198
7198
7198
7199
7201
7201
7201
7201
7203
7203
7203
7204
7205
7206
7207
7207
7211
7213
7213
7214
7215
7215
7216
7218
7220
7221
7221
7227
7228
7228
7228
7229
7229
7230
7232
7232
7232
7233
7233
7235
7236
7237
7239
7242
7243
7243
7243
7244
7244
7246
7249
7249
7249
7250
7251
7252
7253
7256
7257
7257
7257
7257
7258
7260
7261
7261
7262
7265
7265
7267
7269
7270
7271
7271
7272
7274
7276
7276
7276
7277
7277
7277
7277
7277
7279
7279
7280
7281
7285
7286
7287
7287
7287
7288
7288
7289
7291
7292
7293
7293
7294
7294
7295
7295
7296
7298
7299
7300
7300
7300
7301
7301
7301
7302
7303
7304
7307
7307
7307
7308
7309
7309
7309
7311
7311
7313
7314
7315
7317
7322
7322
7322
7322
7323
7323
7325
7326
7327
7328
7329
7329
7329
7330
7330
7331
7332
7335
7335
7336
7341
7341
7342
7342
7343
7344
7345
7345
7346
7346
7349
7350
7351
7351
7351
7351
7356
7356
7358
7359
7360
7360
7360
7360
7362
7362
7362
7363
7363
7365
7365
7366
7366
7367
7368
7368
7370
7370
7371
7371
7372
7372
7372
7374
7378
7379
7380
7384
7385
7388
7392
7393
7394
7396
7397
7400
7400
7403
7404
7407
7408
7409
7410
7411
7411
7413
7414
7415
7416
7417
7418
7422
7423
7423
7424
7426
7426
7427
7427
7427
7430
7430
7431
7431
7431
7434
7435
7436
7437
7438
7440
7440
7441
7441
7442
7443
7444
7445
7446
7450
7450
7451
7452
7452
7454
7454
7454
7455
7456
7457
7458
7459
7460
7461
7461
7462
7462
7463
7463
7464
7464
7464
7465
7466
7466
7466
7467
7468
7469
7471
7472
7474
7475
7475
7476
7477
7478
7479
7481
7481
7482
7483
7483
7486
7486
7486
7486
7487
7489
7490
7491
7491
7494
7494
7495
7496
7496
7496
7502
7503
7503
7506
7508
7508
7508
7509
7511
7511
7511
7511
7513
7514
7515
7516
7518
7519
7520
7521
7522
7522
7522
7523
7525
7525
7526
7528
7528
7528
7529
7530
7531
7532
7532
7533
7533
7534
7536
7537
7537
7538
7540
7541
7542
7542
7543
7544
7546
7547
7548
7550
7550
7550
7550
7552
7555
7555
7555
7555
7556
7557
7557
7558
7559
7560
7560
7561
7561
7562
7563
7563
7563
7564
7564
7564
7565
7568
7568
7568
7568
7569
7569
7569
7570
7571
7571
7572
7572
7572
7575
7575
7575
7578
7579
7581
7582
7582
7583
7586
7588
7589
7591
7592
7593
7596
7597
7598
7598
7599
7599
7601
7601
7601
7602
7606
7606
7606
7606
7607
7608
7609
7610
7611
7611
7611
7612
7612
7613
7616
7617
7620
7621
7622
7623
7623
7623
7624
7625
7625
7626
7628
7629
7630
7631
7634
7634
7634
7635
7636
7637
7637
7638
7638
7639
7640
7641
7642
7643
7645
7646
7650
7651
7652
7655
7655
7655
7656
7656
7658
7659
7660
7661
7662
7662
7665
7666
7669
7673
7674
7676
7677
7678
7679
7680
7680
7682
7684
7685
7685
7687
7689
7689
7690
7690
7691
7692
7692
7692
7693
7694
7695
7695
7697
7698
7698
7699
7700
7700
7701
7702
7702
7705
7706
7706
7708
7708
7711
7712
7713
7715
7715
7715
7716
7718
7718
7718
7719
7720
7720
7720
7721
7722
7726
7728
7728
7728
7733
7733
7735
7738
7738
7738
7740
7741
7741
7742
7746
7747
7747
7748
7748
7749
7750
7751
7752
7753
7753
7756
7757
7757
7758
7758
7760
7761
7765
7765
7767
7770
7770
7772
7773
7774
7774
7775
7776
7778
7781
7782
7783
7785
7786
7788
7788
7789
7790
7791
7791
7792
7794
7797
7800
7801
7803
7803
7804
7804
7805
7810
7812
7812
7812
7813
7813
7814
7814
7816
7817
7818
7819
7822
7823
7823
7824
7825
7827
7827
7828
7830
7830
7832
7833
7834
7838
7840
7841
7842
7842
7842
7843
7843
7843
7846
7846
7846
7847
7851
7851
7852
7854
7854
7854
7854
7856
7856
7856
7856
7857
7857
7857
7857
7857
7860
7861
7861
7861
7863
7864
7868
7868
7869
7869
7869
7869
7872
7875
7875
7875
7876
7876
7876
7877
7879
7880
7880
7881
7883
7883
7884
7884
7885
7886
7886
7887
7889
7889
7890
7891
7891
7892
7893
7893
7894
7895
7896
7897
7897
7898
7899
7900
7901
7902
7902
7902
7902
7902
7904
7905
7907
7908
7908
7910
7911
7912
7913
7914
7914
7916
7916
7921
7922
7922
7922
7924
7925
7928
7929
7930
7933
7934
7934
7936
7937
7939
7944
7946
7948
7948
7949
7949
7950
7950
7951
7951
7952
7953
7955
7956
7956
7956
7958
7958
7958
7959
7960
7961
7962
7962
7963
7964
7965
7966
7967
7967
7968
7968
7968
7968
7970
7970
7971
7975
7975
7976
7976
7977
7977
7978
7979
7981
7982
7983
7987
7988
7988
7989
7992
7993
7994
7994
7995
7995
7997
7998
7998
8000
8000
8000
8001
8001
8002
8002
8003
8004
8004
8005
8006
8006
8007
8007
8009
8011
8011
8011
8012
8013
8013
8015
8016
8016
8017
8018
8018
8018
8019
8019
8019
8024
8024
8025
8025
8029
8029
8030
8030
8033
8037
8038
8040
8040
8040
8041
8041
8041
8042
8042
8042
8042
8046
8050
8051
8051
8052
8054
8054
8057
8057
8057
8058
8058
8059
8059
8060
8061
8065
8066
8066
8067
8067
8069
8070
8070
8070
8073
8074
8077
8079
8080
8081
8082
8082
8084
8084
8087
8087
8090
8090
8090
8091
8092
8092
8092
8093
8093
8095
8096
8096
8096
8097
8097
8097
8098
8099
8099
8101
8103
8103
8103
8105
8106
8106
8107
8110
8112
8112
8112
8112
8112
8112
8112
8115
8115
8115
8115
8115
8116
8116
8117
8117
8118
8119
8119
8119
8120
8121
8122
8122
8122
8123
8123
8123
8124
8125
8125
8126
8126
8127
8128
8129
8131
8131
8132
8134
8137
8137
8138
8138
8140
8141
8141
8142
8145
8145
8146
8147
8148
8148
8149
8149
8150
8150
8151
8152
8152
8152
8153
8155
8155
8157
8157
8158
8158
8159
8160
8160
8163
8164
8166
8166
8168
8171
8171
8172
8173
8174
8175
8175
8176
8178
8178
8179
8180
8180
8181
8181
8181
8185
8188
8188
8189
8189
8191
8192
8192
8194
8194
8194
8195
8197
8198
8199
8199
8200
8200
8201
8201
8202
8204
8204
8205
8208
8208
8209
8209
8210
8210
8211
8211
8212
8213
8213
8214
8214
8216
8216
8216
8217
8217
8218
8218
8218
8218
8218
8219
8222
8223
8224
8224
8224
8226
8227
8227
8231
8232
8233
8234
8234
8234
8235
8236
8236
8237
8237
8242
8242
8242
8244
8244
8244
8245
8245
8247
8247
8247
8248
8248
8249
8251
8251
8253
8253
8255
8256
8258
8259
8259
8261
8262
8263
8265
8267
8267
8267
8268
8269
8269
8269
8269
8269
8270
8270
8270
8270
8271
8271
8272
8274
8274
8275
8277
8278
8278
8279
8280
8283
8285
8285
8286
8286
8288
8289
8289
8289
8290
8290
8291
8293
8293
8294
8294
8294
8294
8296
8296
8298
8300
8301
8304
8307
8308
8309
8309
8309
8311
8312
8312
8313
8318
8319
8320
8320
8321
8323
8323
8324
8325
8325
8326
8328
8329
8330
8330
8330
8331
8333
8336
8336
8336
8336
8336
8336
8338
8338
8340
8340
8343
8344
8346
8347
8347
8350
8353
8356
8356
8358
8359
8359
8360
8360
8362
8365
8365
8366
8367
8368
8370
8372
8372
8373
8376
8377
8378
8379
8380
8383
8383
8384
8386
8386
8386
8387
8389
8389
8391
8391
8391
8391
8391
8392
8392
8393
8394
8395
8395
8396
8396
8399
8400
8400
8400
8402
8402
8403
8404
8404
8404
8406
8406
8407
8407
8408
8408
8408
8409
8410
8410
8412
8414
8414
8415
8416
8418
8418
8419
8419
8422
8422
8424
8424
8427
8427
8428
8428
8430
8430
8431
8432
8433
8436
8437
8438
8439
8440
8440
8440
8441
8443
8444
8446
8447
8449
8450
8453
8454
8454
8455
8455
8457
8458
8462
8462
8462
8464
8464
8465
8465
8465
8467
8467
8468
8472
8472
8473
8473
8474
8476
8476
8477
8477
8477
8478
8481
8482
8483
8484
8485
8485
8485
8486
8491
8492
8493
8493
8494
8495
8496
8497
8498
8498
8499
8499
8500
8502
8502
8503
8503
8503
8508
8508
8509
8509
8510
8511
8512
8512
8515
8517
8517
8517
8517
8519
8519
8519
8519
8519
8520
8521
8521
8522
8523
8523
8524
8528
8534
8535
8536
8536
8537
8537
8542
8543
8545
8545
8546
8548
8548
8549
8550
8550
8551
8553
8555
8555
8556
8557
8559
8560
8561
8562
8562
8563
8563
8565
8567
8567
8568
8570
8573
8573
8576
8576
8577
8578
8579
8579
8579
8579
8580
8580
8580
8581
8581
8582
8583
8584
8584
8584
8586
8588
8588
8590
8591
8591
8592
8595
8596
8600
8600
8600
8601
8602
8602
8602
8602
8604
8605
8606
8606
8607
8611
8612
8613
8615
8617
8617
8618
8618
8619
8619
8620
8622
8622
8622
8622
8625
8625
8625
8626
8627
8629
8631
8633
8633
8633
8635
8637
8637
8637
8639
8642
8643
8644
8645
8646
8646
8647
8648
8649
8649
8650
8653
8654
8655
8657
8658
8659
8661
8661
8662
8662
8666
8667
8668
8668
8669
8669
8672
8672
8673
8675
8676
8676
8678
8678
8679
8680
8681
8682
8682
8682
8682
8683
8684
8686
8688
8688
8689
8689
8692
8692
8692
8693
8693
8693
8694
8694
8695
8696
8698
8698
8699
8699
8700
8700
8701
8701
8703
8705
8712
8713
8713
8715
8719
8719
8720
8721
8723
8723
8724
8727
8727
8729
8729
8730
8730
8731
8732
8734
8734
8735
8739
8739
8739
8739
8740
8741
8741
8742
8743
8744
8745
8746
8746
8746
8747
8747
8748
8749
8749
8750
8750
8752
8753
8754
8755
8756
8757
8758
8759
8759
8759
8759
8760
8761
8762
8763
8764
8766
8767
8768
8768
8768
8770
8772
8773
8775
8778
8780
8781
8781
8782
8786
8786
8786
8787
8788
8789
8789
8790
8790
8791
8791
8791
8792
8793
8794
8794
8794
8795
8795
8795
8795
8798
8800
8800
8801
8802
8804
8805
8808
8811
8813
8813
8814
8814
8815
8816
8817
8817
8817
8819
8819
8819
8819
8824
8824
8825
8825
8825
8827
8829
8829
8831
8832
8835
8836
8836
8838
8838
8838
8842
8843
8844
8845
8845
8845
8847
8848
8849
8850
8851
8853
8854
8855
8855
8858
8861
8862
8864
8864
8864
8864
8865
8866
8869
8870
8871
8871
8872
8872
8872
8873
8874
8874
8877
8880
8880
8881
8883
8883
8883
8884
8887
8887
8887
8889
8890
8890
8892
8893
8894
8895
8895
8895
8896
8900
8901
8901
8902
8904
8904
8904
8906
8906
8906
8908
8908
8908
8908
8909
8910
8911
8912
8914
8914
8917
8917
8917
8918
8918
8919
8921
8922
8922
8923
8923
8923
8925
8925
8925
8925
8926
8926
8926
8927
8929
8929
8929
8932
8933
8934
8935
8936
8937
8937
8938
8939
8941
8941
8944
8944
8946
8948
8948
8948
8949
8950
8950
8954
8956
8957
8957
8957
8958
8959
8959
8961
8962
8962
8962
8962
8962
8963
8963
8964
8965
8966
8968
8969
8970
8970
8970
8970
8971
8971
8972
8973
8974
8974
8978
8978
8979
8979
8979
8980
8981
8982
8983
8984
8984
8984
8985
8987
8989
8991
8991
8993
8993
8994
8994
8994
8995
8995
8997
8998
8999
9002
9006
9006
9006
9007
9007
9008
9009
9010
9012
9012
9013
9013
9014
9015
9016
9016
9017
9018
9021
9021
9021
9022
9023
9024
9024
9025
9027
9028
9028
9032
9033
9033
9036
9036
9037
9038
9038
9039
9040
9043
9043
9044
9044
9046
9049
9050
9051
9051
9055
9058
9058
9058
9058
9060
9061
9062
9065
9068
9068
9069
9069
9069
9070
9070
9071
9071
9072
9072
9072
9073
9074
9074
9076
9076
9077
9078
9081
9082
9082
9083
9083
9083
9083
9085
9089
9090
9092
9093
9093
9095
9098
9099
9100
9101
9102
9105
9109
9109
9110
9110
9111
9112
9113
9115
9115
9115
9116
9116
9117
9118
9120
9120
9121
9122
9122
9123
9125
9127
9127
9129
9130
9131
9132
9133
9136
9137
9137
9138
9139
9140
9141
9142
9145
9148
9149
9150
9152
9155
9155
9159
9160
9160
9162
9162
9163
9165
9167
9167
9169
9171
9172
9172
9172
9173
9174
9175
9175
9176
9177
9177
9178
9180
9182
9185
9185
9185
9186
9188
9189
9190
9190
9190
9191
9192
9193
9193
9193
9196
9197
9197
9198
9199
9200
9202
9204
9204
9204
9205
9206
9209
9211
9211
9214
9217
9217
9217
9219
9220
9221
9222
9223
9223
9225
9227
9227
9229
9230
9231
9231
9231
9232
9233
9233
9233
9234
9235
9236
9236
9237
9237
9239
9239
9239
9239
9241
9243
9246
9247
9248
9249
9250
9252
9253
9254
9254
9255
9255
9255
9257
9259
9260
9261
9262
9262
9263
9266
9267
9267
9268
9268
9268
9269
9269
9270
9273
9275
9275
9277
9277
9277
9277
9278
9280
9280
9280
9281
9282
9283
9285
9286
9286
9287
9291
9291
9292
9293
9293
9293
9294
9294
9294
9296
9296
9297
9297
9298
9298
9298
9299
9299
9300
9301
9303
9305
9305
9307
9307
9307
9308
9309
9309
9309
9312
9312
9312
9313
9314
9315
9315
9321
9321
9321
9323
9323
9324
9325
9325
9329
9329
9329
9329
9330
9331
9334
9336
9337
9338
9338
9339
9341
9341
9341
9343
9344
9345
9346
9348
9350
9351
9352
9353
9353
9355
9356
9357
9358
9358
9361
9364
9367
9368
9369
9369
9370
9370
9372
9373
9375
9376
9379
9380
9381
9382
9384
9385
9390
9390
9391
9392
9393
9393
9399
9399
9401
9403
9403
9406
9406
9406
9406
9407
9407
9408
9410
9412
9414
9414
9416
9418
9419
9419
9420
9422
9423
9424
9425
9425
9426
9426
9427
9427
9428
9428
9430
9431
9431
9432
9433
9433
9433
9433
9434
9434
9435
9436
9437
9437
9438
9438
9439
9441
9442
9442
9444
9446
9446
9447
9448
9448
9449
9449
9452
9452
9453
9455
9455
9456
9456
9456
9457
9460
9460
9460
9462
9467
9468
9468
9468
9469
9470
9471
9472
9472
9472
9474
9475
9475
9476
9479
9479
9480
9480
9481
9483
9484
9484
9485
9485
9486
9487
9487
9488
9489
9490
9490
9491
9492
9492
9493
9495
9500
9501
9502
9503
9505
9506
9506
9508
9509
9509
9510
9510
9512
9512
9513
9514
9514
9514
9515
9515
9517
9517
9519
9519
9519
9520
9521
9523
9525
9528
9529
9530
9531
9533
9533
9535
9536
9537
9537
9538
9541
9541
9543
9543
9544
9545
9545
9545
9545
9546
9547
9547
9549
9550
9550
9550
9551
9552
9556
9556
9556
9557
9557
9559
9560
9561
9562
9562
9563
9563
9564
9564
9565
9565
9565
9567
9568
9569
9571
9571
9577
9578
9579
9580
9580
9582
9584
9585
9585
9586
9590
9590
9591
9592
9593
9593
9593
9595
9595
9596
9596
9597
9597
9599
9600
9600
9600
9601
9601
9601
9603
9603
9604
9604
9604
9604
9605
9605
9606
9606
9608
9610
9610
9610
9611
9613
9615
9616
9620
9620
9620
9621
9621
9621
9623
9625
9625
9625
9626
9627
9628
9629
9633
9633
9634
9634
9636
9637
9637
9638
9639
9640
9642
9642
9643
9644
9645
9645
9646
9648
9648
9649
9652
9653
9654
9656
9658
9660
9663
9666
9666
9669
9673
9674
9676
9678
9679
9682
9684
9685
9685
9686
9687
9688
9690
9690
9693
9695
9698
9699
9699
9699
9700
9701
9701
9703
9704
9706
9710
9711
9711
9711
9716
9716
9719
9721
9724
9727
9727
9727
9728
9728
9730
9732
9732
9732
9733
9734
9735
9738
9741
9742
9743
9743
9746
9747
9747
9748
9748
9748
9748
9749
9750
9751
9753
9753
9754
9754
9756
9757
9757
9758
9760
9762
9763
9764
9765
9767
9768
9770
9771
9771
9772
9778
9778
9778
9779
9780
9781
9781
9781
9782
9784
9785
9785
9785
9785
9788
9788
9789
9789
9789
9790
9791
9792
9793
9796
9798
9799
9800
9800
9800
9802
9802
9804
9805
9806
9807
9808
9809
9810
9811
9813
9814
9815
9817
9817
9818
9819
9819
9819
9821
9822
9823
9825
9828
9830
9830
9834
9835
9835
9836
9836
9837
9839
9840
9842
9842
9843
9843
9845
9845
9846
9846
9849
9850
9851
9852
9852
9853
9855
9855
9856
9856
9857
9857
9858
9859
9861
9861
9863
9864
9864
9866
9866
9867
9868
9868
9868
9869
9869
9870
9870
9870
9870
9873
9873
9873
9873
9874
9877
9878
9880
9881
9883
9884
9885
9886
9887
9888
9889
9889
9889
9890
9890
9891
9892
9896
9898
9899
9901
9901
9901
9902
9902
9902
9903
9903
9904
9905
9905
9910
9910
9912
9914
9914
9916
9917
9917
9917
9917
9919
9921
9921
9921
9921
9923
9923
9923
9924
9925
9925
9927
9927
9927
9928
9928
9929
9929
9930
9931
9932
9934
9935
9937
9940
9941
9942
9944
9944
9946
9949
9949
9949
9950
9950
9952
9952
9953
9954
9954
9955
9956
9957
9958
9958
9959
9960
9960
9961
9962
9964
9964
9965
9966
9966
9968
9969
9969
9971
9973
9973
9977
9979
9979
9980
9981
9981
9982
9982
9983
9983
9985
9985
9986
9986
9987
9988
9988
9988
9990
9990
9991
9992
9993
9993
9996
9997
