0
0
1
1
2
3
3
5
7
8
8
9
10
11
13
15
16
20
22
27
28
29
32
33
34
35
37
38
38
39
40
40
41
42
43
44
46
49
49
49
51
51
52
52
53
55
55
56
58
58
58
58
62
63
63
64
65
66
66
69
70
70
71
71
72
74
75
75
76
76
77
78
79
80
82
83
83
84
85
86
87
89
90
91
92
92
93
93
93
94
94
96
96
98
99
101
103
104
104
105
105
106
107
108
108
109
110
112
113
113
114
115
116
116
117
118
120
120
120
122
122
123
124
127
129
130
131
131
132
134
134
134
135
135
137
138
138
139
140
140
140
143
143
145
146
146
147
149
151
152
152
156
157
157
159
159
159
160
160
161
162
162
162
168
168
170
171
173
173
175
176
177
177
179
179
180
180
180
181
183
185
186
187
187
188
188
188
188
188
189
190
191
191
191
192
193
194
194
195
195
200
201
201
202
202
203
206
206
207
207
207
207
207
208
208
209
209
209
210
212
214
214
214
215
217
217
218
220
222
222
223
223
224
225
227
228
228
230
231
231
232
232
233
235
235
236
240
240
241
242
247
248
250
250
250
250
251
251
255
258
258
259
259
261
262
264
264
264
265
266
266
266
266
268
268
271
271
271
271
272
272
273
274
274
274
274
275
275
275
276
277
277
279
281
281
284
285
286
287
288
290
290
290
291
291
291
293
295
296
296
296
296
297
299
299
300
301
301
301
302
304
305
305
307
308
308
309
310
310
311
313
315
317
318
320
321
321
322
323
324
325
326
327
327
329
329
329
331
331
332
332
333
334
334
335
336
337
337
337
339
340
340
340
341
341
342
342
343
345
346
348
349
350
351
353
354
356
361
361
362
364
365
367
368
370
371
372
372
373
373
375
376
376
376
377
379
379
380
382
383
383
383
384
384
386
387
389
389
391
392
395
396
396
399
401
401
403
403
404
404
405
405
406
407
407
409
413
414
416
417
417
418
420
420
420
422
423
424
426
427
428
429
430
430
432
436
438
438
440
441
441
442
444
449
450
451
451
452
452
452
454
455
456
457
457
457
459
459
459
460
460
461
462
462
463
464
464
465
465
466
468
468
469
470
473
473
474
476
477
477
477
478
478
480
480
485
485
488
488
489
489
490
493
496
496
496
498
500
500
501
502
502
503
503
504
504
505
505
508
508
509
509
509
510
511
513
514
514
515
516
517
517
518
518
519
519
519
519
520
521
522
523
523
523
524
524
524
525
525
526
529
530
531
534
536
536
536
537
538
538
539
539
539
540
543
544
544
545
547
547
549
549
553
554
554
555
557
558
559
562
563
563
564
568
568
568
569
572
572
572
574
574
574
575
575
578
578
588
591
592
592
593
593
594
595
596
597
600
602
610
610
611
614
614
615
616
617
617
617
617
617
618
618
620
621
625
626
628
631
632
632
633
634
634
636
640
640
640
641
641
642
642
643
646
648
648
650
650
651
653
654
654
655
655
656
656
656
657
658
659
660
662
662
663
663
664
666
666
666
666
667
668
670
670
673
673
673
677
677
677
678
678
678
681
684
685
687
687
688
689
691
693
694
694
695
696
696
697
699
699
701
703
703
705
705
707
709
709
709
711
713
714
719
720
721
721
722
723
724
724
725
726
726
727
730
732
732
733
734
736
737
737
738
740
740
741
741
743
744
745
749
750
751
751
753
754
755
755
757
759
762
765
765
767
767
769
771
771
771
775
776
778
778
779
779
780
781
782
783
783
784
787
790
791
791
793
794
798
799
799
799
802
802
802
804
804
804
804
805
805
805
807
807
807
809
810
810
811
811
812
812
813
813
813
814
815
815
817
818
819
820
821
821
823
824
824
825
827
828
828
829
829
829
829
832
833
836
838
838
840
841
843
844
844
845
845
846
846
846
847
848
849
849
850
850
850
853
853
854
855
855
855
856
857
857
858
858
858
859
859
860
861
862
862
863
865
866
866
868
868
870
872
874
876
877
879
880
880
882
882
883
884
884
885
886
887
889
890
894
895
896
898
900
900
902
903
903
905
906
906
908
908
911
911
912
912
913
915
915
916
916
918
918
920
920
922
922
922
924
925
926
926
927
928
928
929
929
930
931
931
932
933
934
935
935
935
936
936
936
938
939
941
944
944
945
946
948
948
948
949
950
951
952
953
953
954
957
958
960
961
961
961
964
965
967
967
967
968
968
969
970
971
971
972
972
973
974
974
974
975
976
976
977
977
978
979
980
981
981
981
982
983
983
985
987
988
989
989
991
993
993
995
995
996
996
999
1000
1003
1003
1005
1006
1007
1007
1007
1008
1008
1009
1010
1012
1014
1016
1016
1018
1019
1019
1020
1023
1023
1023
1024
1025
1025
1026
1029
1030
1030
1031
1034
1035
1035
1036
1036
1036
1037
1038
1038
1038
1039
1041
1042
1043
1044
1044
1046
1046
1050
1051
1053
1055
1057
1058
1058
1061
1063
1065
1066
1067
1068
1069
1071
1071
1071
1072
1073
1074
1075
1076
1076
1077
1078
1078
1078
1079
1080
1080
1081
1081
1082
1083
1084
1087
1088
1088
1089
1089
1090
1091
1093
1094
1094
1095
1096
1098
1098
1099
1100
1102
1104
1105
1106
1106
1111
1115
1118
1120
1120
1121
1124
1124
1124
1125
1125
1127
1128
1128
1128
1129
1130
1130
1131
1133
1133
1134
1135
1135
1135
1137
1139
1140
1143
1144
1145
1145
1145
1146
1148
1148
1149
1151
1151
1152
1153
1154
1155
1156
1156
1157
1157
1158
1159
1160
1161
1161
1167
1168
1169
1169
1169
1170
1171
1172
1173
1174
1174
1176
1176
1177
1178
1179
1180
1180
1180
1182
1185
1185
1185
1186
1186
1187
1187
1187
1189
1190
1190
1193
1193
1194
1194
1194
1195
1195
1198
1199
1200
1201
1202
1202
1204
1205
1205
1205
1206
1206
1207
1207
1209
1210
1211
1212
1213
1215
1216
1217
1218
1218
1219
1220
1222
1224
1225
1225
1226
1226
1228
1229
1231
1233
1237
1238
1239
1240
1242
1243
1247
1249
1250
1251
1251
1252
1253
1254
1256
1258
1258
1259
1259
1261
1261
1262
1262
1264
1265
1265
1266
1266
1266
1267
1269
1270
1270
1272
1272
1272
1273
1273
1274
1274
1276
1276
1277
1278
1280
1281
1282
1283
1284
1284
1285
1287
1291
1292
1292
1293
1296
1296
1296
1298
1298
1300
1301
1302
1302
1305
1305
1307
1308
1309
1309
1309
1310
1311
1312
1312
1313
1313
1314
1314
1316
1316
1317
1317
1319
1319
1320
1320
1320
1320
1321
1321
1322
1324
1326
1328
1329
1329
1329
1333
1333
1335
1338
1340
1342
1342
1342
1345
1345
1346
1349
1350
1351
1351
1352
1355
1355
1355
1355
1359
1359
1365
1366
1366
1366
1366
1367
1367
1368
1369
1370
1372
1373
1373
1374
1375
1375
1376
1376
1377
1378
1378
1380
1381
1381
1382
1382
1382
1383
1383
1383
1384
1385
1385
1388
1389
1391
1391
1394
1398
1402
1403
1404
1405
1405
1405
1406
1407
1408
1408
1409
1410
1411
1413
1414
1415
1416
1417
1418
1419
1419
1420
1421
1422
1423
1424
1428
1429
1431
1435
1436
1438
1439
1440
1440
1441
1443
1443
1446
1446
1447
1448
1448
1449
1450
1453
1453
1454
1456
1456
1456
1456
1457
1457
1459
1459
1461
1461
1463
1464
1466
1470
1471
1471
1472
1476
1478
1478
1479
1481
1483
1488
1488
1489
1490
1490
1491
1491
1492
1492
1495
1495
1495
1495
1496
1498
1501
1503
1504
1505
1506
1507
1509
1510
1510
1511
1512
1514
1515
1515
1517
1517
1519
1520
1522
1523
1523
1524
1525
1525
1525
1526
1526
1527
1529
1529
1530
1531
1531
1531
1531
1533
1533
1535
1535
1535
1536
1537
1538
1538
1539
1540
1542
1544
1544
1547
1547
1548
1549
1550
1551
1553
1554
1554
1554
1554
1555
1557
1558
1558
1559
1559
1559
1559
1559
1562
1562
1563
1564
1565
1566
1566
1567
1568
1569
1570
1571
1572
1572
1572
1573
1574
1576
1579
1579
1579
1579
1579
1579
1582
1584
1584
1586
1588
1588
1588
1590
1591
1592
1593
1595
1595
1595
1595
1596
1596
1597
1598
1600
1601
1601
1602
1604
1605
1605
1605
1605
1607
1608
1608
1610
1610
1611
1613
1614
1614
1614
1615
1615
1616
1617
1617
1618
1620
1622
1626
1627
1627
1628
1629
1630
1635
1636
1639
1642
1642
1644
1645
1646
1647
1648
1649
1649
1651
1651
1653
1653
1654
1655
1658
1658
1659
1661
1664
1667
1668
1670
1670
1671
1671
1673
1674
1674
1675
1677
1680
1680
1681
1682
1682
1683
1684
1687
1687
1688
1690
1690
1691
1692
1693
1694
1695
1699
1699
1699
1700
1701
1703
1703
1704
1707
1709
1709
1709
1710
1716
1718
1718
1718
1718
1718
1722
1723
1726
1726
1727
1727
1727
1728
1729
1731
1731
1734
1735
1739
1739
1743
1743
1743
1746
1749
1749
1749
1750
1751
1751
1751
1754
1754
1757
1758
1758
1759
1759
1759
1760
1761
1761
1764
1765
1766
1769
1771
1771
1771
1771
1771
1773
1773
1774
1775
1779
1779
1780
1780
1780
1781
1781
1781
1781
1781
1782
1783
1783
1783
1784
1785
1789
1790
1791
1791
1793
1794
1795
1796
1798
1799
1800
1800
1802
1803
1804
1805
1805
1805
1805
1808
1808
1810
1812
1813
1815
1818
1820
1820
1822
1822
1824
1824
1825
1826
1826
1827
1828
1829
1829
1830
1831
1832
1832
1836
1838
1838
1838
1838
1839
1839
1839
1840
1842
1843
1845
1845
1848
1848
1848
1849
1850
1851
1851
1852
1853
1853
1853
1854
1854
1856
1857
1859
1859
1859
1860
1863
1865
1865
1868
1868
1869
1873
1877
1878
1880
1882
1882
1883
1884
1885
1886
1886
1887
1888
1888
1889
1890
1891
1892
1893
1895
1898
1898
1898
1899
1901
1902
1903
1903
1904
1904
1908
1908
1909
1910
1911
1911
1912
1913
1915
1916
1916
1916
1916
1917
1920
1925
1926
1927
1928
1929
1929
1932
1932
1933
1934
1936
1936
1937
1937
1939
1942
1943
1943
1945
1949
1950
1951
1952
1953
1954
1955
1955
1956
1957
1958
1958
1960
1960
1961
1961
1962
1963
1963
1963
1966
1968
1968
1970
1970
1971
1972
1973
1974
1975
1976
1976
1977
1979
1979
1981
1982
1983
1983
1984
1985
1987
1987
1987
1988
1989
1990
1991
1992
1993
1993
1995
1998
1998
1998
2004
2004
2004
2006
2007
2008
2009
2009
2009
2010
2010
2010
2011
2012
2012
2013
2014
2015
2015
2017
2018
2019
2019
2021
2022
2024
2025
2027
2030
2031
2032
2032
2034
2034
2036
2037
2038
2039
2041
2041
2041
2042
2042
2042
2044
2044
2046
2047
2047
2048
2048
2049
2049
2052
2052
2053
2055
2056
2056
2058
2059
2059
2059
2059
2060
2060
2062
2064
2064
2065
2066
2071
2073
2073
2074
2074
2076
2076
2077
2077
2078
2078
2079
2079
2080
2081
2081
2082
2085
2085
2085
2086
2089
2090
2091
2092
2093
2094
2096
2098
2101
2103
2103
2104
2104
2105
2105
2110
2112
2113
2114
2115
2117
2118
2119
2120
2121
2121
2125
2127
2128
2129
2130
2130
2132
2132
2133
2136
2136
2136
2136
2136
2140
2140
2145
2146
2146
2146
2146
2150
2150
2150
2151
2152
2152
2152
2154
2154
2155
2156
2156
2157
2157
2158
2158
2158
2159
2159
2161
2161
2162
2162
2167
2169
2169
2170
2172
2173
2173
2173
2173
2173
2175
2176
2176
2178
2178
2180
2180
2181
2181
2183
2183
2185
2185
2186
2186
2186
2187
2187
2191
2193
2196
2197
2197
2200
2200
2200
2201
2203
2204
2205
2208
2208
2208
2208
2208
2210
2210
2212
2214
2215
2218
2218
2219
2219
2221
2222
2224
2224
2225
2226
2226
2228
2228
2228
2230
2230
2232
2232
2233
2234
2236
2238
2239
2240
2241
2242
2243
2247
2247
2247
2248
2250
2250
2251
2252
2252
2253
2253
2254
2256
2257
2257
2258
2258
2259
2259
2259
2260
2262
2263
2264
2264
2265
2265
2269
2270
2271
2272
2272
2273
2275
2277
2277
2279
2281
2282
2282
2286
2286
2287
2293
2295
2295
2296
2296
2298
2300
2301
2301
2302
2307
2308
2309
2309
2309
2309
2310
2310
2311
2311
2312
2313
2313
2314
2315
2316
2319
2320
2320
2320
2321
2323
2324
2327
2327
2328
2329
2330
2332
2336
2336
2338
2340
2342
2343
2344
2344
2344
2345
2345
2346
2348
2349
2350
2351
2354
2356
2356
2357
2358
2360
2360
2361
2362
2363
2364
2365
2366
2367
2368
2368
2369
2369
2370
2375
2377
2379
2381
2381
2384
2387
2391
2392
2393
2393
2395
2395
2398
2398
2400
2401
2401
2401
2402
2404
2408
2410
2411
2412
2413
2415
2416
2416
2417
2417
2420
2421
2423
2423
2423
2423
2424
2426
2426
2427
2428
2430
2430
2431
2431
2432
2432
2434
2434
2435
2436
2436
2436
2436
2436
2437
2438
2439
2439
2440
2442
2442
2443
2443
2444
2444
2446
2448
2449
2449
2450
2451
2451
2452
2452
2454
2454
2457
2457
2458
2458
2459
2460
2461
2461
2462
2463
2463
2465
2465
2467
2469
2470
2471
2471
2472
2474
2476
2477
2478
2478
2478
2480
2480
2480
2481
2483
2483
2484
2485
2487
2487
2487
2487
2488
2491
2492
2492
2493
2495
2496
2499
2500
2501
2502
2502
2502
2503
2504
2504
2505
2506
2508
2510
2511
2511
2513
2515
2516
2516
2519
2519
2520
2523
2524
2524
2524
2524
2528
2529
2530
2530
2530
2531
2531
2532
2532
2532
2532
2533
2535
2536
2536
2538
2539
2539
2540
2543
2544
2545
2545
2546
2546
2546
2547
2547
2548
2549
2552
2553
2554
2556
2556
2556
2558
2560
2564
2565
2566
2566
2568
2568
2568
2569
2570
2573
2574
2574
2575
2576
2576
2578
2578
2579
2580
2581
2581
2583
2584
2586
2586
2587
2589
2590
2590
2590
2592
2593
2595
2595
2595
2595
2596
2596
2597
2597
2598
2600
2600
2602
2603
2607
2610
2612
2614
2614
2615
2616
2617
2618
2618
2619
2619
2620
2620
2623
2623
2624
2624
2625
2625
2626
2627
2628
2628
2630
2631
2633
2633
2633
2635
2636
2637
2637
2640
2640
2640
2640
2641
2641
2646
2648
2649
2650
2652
2654
2655
2655
2656
2658
2664
2667
2667
2667
2671
2671
2672
2672
2673
2673
2673
2674
2674
2677
2677
2678
2678
2680
2681
2684
2686
2686
2686
2687
2688
2688
2688
2691
2692
2694
2694
2695
2696
2696
2699
2699
2701
2702
2702
2703
2703
2705
2705
2706
2707
2707
2708
2708
2709
2710
2712
2714
2715
2715
2715
2717
2718
2719
2719
2719
2722
2725
2726
2727
2730
2732
2733
2734
2734
2736
2737
2739
2742
2743
2743
2745
2747
2749
2749
2750
2752
2752
2752
2753
2753
2759
2759
2760
2762
2764
2766
2766
2768
2769
2769
2770
2770
2771
2771
2771
2772
2772
2773
2774
2775
2775
2775
2775
2776
2778
2778
2778
2778
2778
2778
2778
2780
2781
2781
2781
2782
2782
2782
2784
2785
2785
2786
2786
2787
2787
2790
2792
2792
2793
2794
2794
2795
2795
2795
2797
2797
2799
2800
2800
2803
2804
2804
2804
2807
2807
2807
2810
2811
2811
2812
2812
2812
2814
2815
2815
2816
2817
2819
2820
2822
2823
2825
2826
2826
2827
2828
2828
2828
2829
2831
2832
2833
2833
2833
2834
2836
2837
2838
2839
2841
2842
2843
2843
2846
2846
2846
2849
2849
2849
2851
2853
2854
2855
2856
2859
2859
2859
2860
2860
2860
2862
2862
2863
2865
2873
2874
2874
2874
2874
2875
2875
2878
2878
2879
2881
2882
2883
2883
2885
2885
2886
2887
2887
2889
2889
2890
2890
2891
2891
2892
2892
2893
2893
2894
2895
2897
2898
2899
2901
2903
2903
2903
2905
2906
2908
2909
2910
2910
2910
2912
2912
2914
2914
2915
2917
2917
2917
2919
2919
2920
2920
2920
2921
2921
2923
2924
2924
2928
2929
2929
2929
2929
2930
2931
2931
2931
2932
2932
2932
2932
2936
2936
2937
2938
2938
2939
2939
2939
2939
2940
2941
2941
2943
2944
2945
2946
2946
2947
2948
2950
2952
2952
2954
2957
2958
2959
2959
2959
2960
2961
2961
2962
2963
2964
2965
2966
2969
2969
2970
2973
2974
2980
2982
2983
2984
2985
2986
2986
2988
2989
2990
2992
2993
2993
2994
2995
2996
2997
2997
2999
2999
2999
3000
3001
3003
3006
3007
3008
3008
3008
3010
3012
3012
3013
3013
3014
3014
3017
3021
3022
3022
3025
3025
3029
3030
3031
3033
3033
3037
3037
3039
3039
3041
3042
3042
3043
3044
3044
3046
3048
3050
3051
3051
3053
3053
3053
3056
3057
3057
3063
3063
3065
3066
3066
3068
3068
3068
3070
3072
3072
3073
3077
3078
3079
3079
3082
3083
3084
3085
3085
3086
3086
3087
3088
3089
3089
3091
3091
3093
3093
3093
3096
3096
3096
3097
3097
3098
3098
3098
3099
3101
3102
3103
3105
3106
3109
3110
3111
3111
3112
3114
3114
3115
3117
3118
3118
3118
3121
3121
3121
3122
3123
3123
3124
3127
3127
3128
3129
3130
3132
3132
3132
3132
3133
3134
3135
3139
3141
3141
3142
3142
3143
3145
3147
3150
3150
3155
3158
3158
3158
3159
3160
3160
3160
3162
3165
3166
3167
3167
3167
3168
3168
3169
3170
3171
3171
3171
3175
3177
3180
3181
3181
3184
3186
3186
3186
3187
3188
3188
3190
3190
3191
3193
3199
3200
3200
3201
3201
3204
3207
3207
3208
3209
3210
3211
3215
3215
3217
3217
3218
3220
3220
3221
3222
3226
3226
3227
3227
3227
3230
3233
3233
3236
3239
3243
3243
3244
3246
3246
3247
3247
3247
3247
3248
3249
3249
3249
3250
3252
3252
3252
3253
3255
3256
3256
3256
3256
3257
3259
3259
3259
3260
3262
3265
3265
3266
3266
3267
3268
3270
3271
3271
3273
3273
3275
3276
3276
3276
3280
3282
3282
3284
3285
3286
3287
3287
3287
3288
3290
3291
3292
3293
3293
3293
3294
3295
3297
3298
3299
3299
3300
3300
3300
3300
3300
3301
3302
3302
3303
3305
3308
3308
3309
3310
3311
3312
3312
3312
3313
3313
3314
3315
3316
3317
3320
3321
3322
3324
3326
3327
3327
3329
3329
3330
3330
3331
3331
3331
3332
3333
3333
3334
3334
3335
3338
3338
3339
3340
3341
3341
3342
3342
3344
3345
3350
3350
3351
3351
3352
3352
3353
3356
3356
3357
3358
3359
3360
3360
3361
3362
3365
3366
3367
3367
3369
3370
3370
3370
3370
3371
3372
3373
3373
3373
3375
3375
3376
3379
3380
3381
3382
3384
3384
3388
3389
3389
3391
3393
3393
3394
3395
3397
3398
3398
3399
3399
3399
3400
3400
3400
3401
3401
3404
3404
3406
3407
3407
3408
3408
3409
3411
3412
3412
3412
3412
3413
3414
3415
3415
3420
3421
3421
3421
3422
3422
3423
3423
3424
3425
3426
3427
3431
3431
3432
3433
3435
3436
3436
3437
3437
3439
3441
3441
3442
3443
3444
3445
3445
3445
3448
3448
3451
3451
3452
3453
3454
3456
3456
3457
3457
3458
3460
3460
3460
3462
3463
3463
3464
3465
3467
3467
3467
3467
3468
3468
3468
3469
3470
3472
3472
3472
3474
3475
3475
3475
3476
3478
3478
3481
3481
3482
3482
3484
3484
3485
3487
3487
3487
3488
3490
3490
3490
3492
3497
3497
3499
3500
3501
3503
3506
3506
3508
3508
3509
3509
3509
3510
3511
3512
3513
3513
3513
3514
3514
3515
3515
3516
3516
3517
3517
3518
3518
3519
3520
3523
3525
3526
3526
3526
3527
3531
3534
3534
3534
3534
3534
3535
3537
3537
3538
3544
3545
3546
3546
3547
3547
3554
3554
3555
3555
3555
3557
3557
3558
3558
3559
3559
3562
3562
3562
3563
3564
3565
3566
3566
3567
3567
3571
3572
3574
3576
3576
3578
3578
3578
3579
3580
3585
3585
3585
3585
3587
3588
3590
3591
3592
3592
3592
3593
3593
3593
3595
3596
3597
3598
3600
3601
3601
3601
3601
3601
3603
3603
3603
3603
3610
3611
3615
3615
3615
3615
3617
3617
3620
3622
3622
3624
3625
3625
3626
3628
3630
3633
3635
3635
3636
3636
3637
3638
3639
3639
3640
3640
3641
3641
3641
3643
3643
3644
3646
3646
3647
3647
3647
3653
3653
3653
3654
3656
3656
3657
3658
3659
3663
3663
3663
3665
3666
3667
3669
3669
3669
3670
3672
3673
3675
3675
3676
3677
3677
3678
3679
3679
3680
3680
3681
3682
3685
3685
3686
3687
3687
3690
3691
3692
3693
3693
3693
3695
3695
3695
3697
3698
3699
3699
3700
3702
3705
3705
3708
3709
3709
3710
3711
3711
3714
3714
3715
3715
3715
3716
3719
3719
3719
3720
3725
3725
3726
3729
3731
3731
3732
3733
3736
3737
3737
3737
3737
3739
3740
3740
3744
3745
3747
3747
3748
3749
3749
3750
3751
3751
3752
3753
3753
3753
3753
3758
3759
3762
3763
3764
3765
3765
3768
3769
3770
3771
3771
3771
3773
3775
3776
3776
3776
3777
3778
3781
3783
3785
3785
3786
3787
3789
3791
3792
3793
3794
3794
3795
3796
3797
3798
3798
3799
3800
3803
3805
3806
3807
3808
3809
3810
3812
3814
3814
3814
3814
3815
3815
3816
3819
3820
3821
3822
3823
3824
3824
3824
3828
3829
3829
3833
3833
3835
3835
3838
3838
3839
3841
3842
3843
3843
3846
3846
3846
3847
3848
3848
3849
3851
3852
3855
3857
3857
3859
3859
3860
3860
3860
3861
3862
3863
3864
3866
3867
3870
3871
3871
3871
3872
3873
3876
3877
3878
3880
3880
3880
3881
3882
3884
3885
3885
3887
3890
3893
3894
3894
3894
3895
3896
3897
3898
3902
3903
3908
3908
3909
3909
3911
3911
3912
3913
3913
3913
3915
3915
3916
3916
3917
3917
3919
3921
3924
3924
3926
3926
3927
3928
3929
3929
3929
3930
3930
3932
3933
3934
3935
3937
3938
3939
3939
3940
3943
3944
3945
3946
3948
3949
3949
3949
3953
3953
3954
3954
3955
3956
3957
3958
3958
3959
3959
3960
3960
3961
3962
3962
3963
3963
3969
3969
3974
3974
3974
3976
3978
3978
3978
3978
3979
3981
3982
3983
3983
3983
3983
3985
3985
3985
3985
3988
3990
3990
3991
3992
3993
3995
3996
3997
3997
3999
4000
4000
4001
4002
4002
4003
4003
4003
4003
4005
4006
4006
4008
4009
4010
4010
4010
4011
4011
4012
4013
4014
4014
4015
4015
4016
4017
4017
4018
4023
4026
4027
4029
4030
4030
4031
4031
4033
4036
4036
4036
4036
4037
4037
4040
4040
4040
4040
4041
4050
4050
4052
4054
4054
4054
4055
4055
4060
4060
4063
4063
4063
4064
4065
4065
4065
4068
4069
4070
4070
4070
4071
4071
4072
4072
4077
4079
4080
4081
4082
4083
4083
4083
4084
4086
4088
4090
4091
4091
4091
4092
4092
4092
4098
4099
4099
4101
4101
4102
4103
4103
4104
4106
4106
4107
4107
4108
4108
4109
4110
4112
4113
4113
4114
4114
4115
4115
4115
4117
4119
4121
4121
4123
4123
4124
4125
4125
4126
4126
4126
4127
4127
4128
4128
4128
4129
4129
4129
4130
4132
4133
4134
4136
4137
4138
4139
4139
4139
4140
4141
4141
4142
4142
4144
4147
4147
4148
4148
4149
4151
4153
4153
4153
4154
4154
4154
4154
4156
4157
4157
4158
4158
4159
4160
4162
4162
4163
4164
4164
4165
4165
4168
4168
4169
4170
4170
4172
4173
4173
4174
4175
4175
4176
4177
4179
4181
4182
4184
4184
4185
4185
4186
4186
4186
4186
4188
4190
4190
4191
4191
4193
4196
4197
4197
4197
4198
4199
4199
4201
4202
4203
4203
4204
4206
4206
4206
4207
4207
4207
4208
4209
4210
4212
4213
4215
4216
4216
4217
4218
4218
4218
4219
4219
4221
4221
4222
4223
4224
4225
4226
4227
4227
4230
4231
4231
4231
4232
4234
4234
4234
4234
4236
4237
4240
4240
4241
4243
4245
4246
4247
4247
4248
4248
4249
4250
4250
4251
4251
4251
4253
4254
4259
4259
4264
4265
4267
4269
4269
4270
4271
4273
4275
4275
4275
4276
4277
4277
4277
4277
4279
4280
4281
4281
4282
4283
4283
4285
4287
4287
4287
4288
4288
4288
4289
4292
4293
4293
4294
4294
4294
4294
4295
4295
4296
4297
4297
4300
4300
4301
4302
4302
4305
4305
4305
4308
4309
4309
4310
4311
4311
4313
4313
4313
4314
4314
4316
4318
4318
4318
4321
4323
4323
4323
4323
4323
4324
4324
4324
4325
4326
4326
4326
4327
4331
4333
4333
4334
4334
4335
4335
4335
4335
4335
4336
4336
4336
4336
4336
4336
4337
4338
4339
4339
4340
4340
4341
4341
4342
4343
4344
4345
4346
4346
4347
4348
4351
4352
4352
4353
4357
4358
4358
4359
4364
4364
4365
4365
4366
4366
4367
4367
4370
4371
4372
4374
4376
4377
4378
4379
4379
4381
4382
4382
4383
4386
4388
4388
4388
4391
4392
4392
4396
4399
4399
4401
4401
4402
4403
4403
4403
4404
4408
4410
4410
4411
4412
4412
4413
4413
4416
4417
4417
4418
4420
4420
4425
4426
4427
4427
4430
4430
4431
4432
4432
4433
4433
4433
4434
4435
4436
4436
4438
4438
4439
4440
4441
4443
4444
4444
4445
4446
4448
4449
4450
4451
4451
4453
4456
4456
4458
4458
4458
4459
4459
4460
4461
4461
4462
4464
4465
4466
4467
4467
4468
4468
4468
4468
4470
4470
4470
4471
4471
4471
4473
4474
4475
4478
4479
4480
4482
4483
4484
4486
4488
4488
4488
4489
4489
4489
4490
4493
4494
4495
4495
4495
4496
4497
4497
4497
4498
4498
4499
4500
4502
4502
4503
4507
4508
4510
4511
4512
4513
4513
4515
4518
4520
4520
4520
4521
4522
4523
4523
4523
4525
4527
4527
4529
4531
4531
4532
4532
4533
4533
4534
4535
4536
4539
4539
4539
4540
4541
4542
4542
4543
4544
4544
4547
4547
4547
4550
4550
4552
4553
4555
4555
4556
4557
4558
4560
4560
4561
4561
4562
4562
4564
4564
4565
4566
4569
4569
4571
4571
4572
4573
4575
4575
4577
4577
4577
4577
4578
4578
4578
4579
4580
4583
4584
4584
4584
4584
4584
4588
4591
4592
4593
4593
4594
4594
4594
4595
4596
4596
4599
4599
4600
4601
4602
4604
4606
4606
4606
4607
4608
4609
4609
4610
4610
4610
4611
4611
4612
4613
4613
4614
4616
4617
4618
4618
4619
4619
4619
4619
4620
4620
4622
4624
4625
4626
4626
4627
4627
4629
4632
4632
4632
4632
4632
4633
4633
4634
4638
4638
4639
4640
4640
4640
4640
4644
4644
4644
4645
4647
4649
4650
4650
4650
4650
4650
4654
4655
4655
4656
4656
4656
4657
4657
4659
4662
4663
4663
4665
4665
4666
4666
4667
4668
4668
4669
4670
4673
4673
4674
4674
4674
4675
4677
4677
4677
4679
4680
4681
4684
4684
4687
4687
4687
4688
4688
4691
4691
4693
4695
4696
4696
4697
4697
4699
4699
4700
4700
4701
4702
4703
4704
4705
4705
4705
4706
4707
4709
4710
4710
4711
4711
4711
4712
4712
4713
4716
4717
4718
4719
4720
4722
4722
4722
4723
4723
4725
4726
4726
4729
4729
4730
4731
4733
4733
4734
4734
4735
4735
4736
4737
4737
4738
4738
4739
4739
4740
4740
4741
4742
4742
4742
4744
4746
4746
4747
4749
4750
4750
4751
4752
4752
4752
4752
4753
4753
4753
4757
4762
4762
4764
4766
4766
4767
4767
4769
4769
4769
4769
4770
4770
4771
4772
4772
4773
4773
4774
4775
4775
4777
4777
4778
4779
4779
4780
4780
4782
4782
4784
4784
4786
4787
4787
4788
4789
4789
4792
4794
4795
4795
4796
4797
4797
4798
4800
4801
4801
4802
4803
4803
4805
4808
4808
4809
4809
4810
4811
4814
4814
4817
4820
4820
4821
4822
4822
4822
4823
4823
4823
4827
4828
4829
4830
4830
4831
4833
4833
4836
4836
4838
4840
4843
4845
4847
4848
4851
4852
4852
4853
4854
4856
4856
4862
4862
4864
4864
4867
4868
4871
4871
4872
4873
4874
4874
4874
4876
4880
4880
4881
4888
4890
4891
4891
4892
4892
4893
4893
4894
4894
4894
4895
4895
4895
4896
4898
4898
4899
4899
4900
4900
4901
4902
4903
4904
4906
4907
4908
4908
4908
4911
4911
4912
4912
4913
4913
4914
4915
4916
4917
4918
4921
4922
4922
4923
4924
4924
4925
4928
4930
4930
4930
4932
4932
4932
4934
4935
4936
4937
4940
4941
4942
4943
4943
4943
4944
4944
4946
4947
4951
4952
4953
4953
4953
4954
4955
4957
4958
4959
4961
4961
4961
4964
4965
4967
4967
4968
4969
4969
4971
4974
4974
4974
4975
4976
4976
4976
4977
4977
4978
4979
4979
4980
4982
4984
4984
4985
4985
4987
4988
4988
4990
4994
4995
4995
4995
4998
4998
5000
5002
5003
5005
5005
5005
5006
5006
5006
5007
5008
5009
5009
5010
5011
5015
5016
5016
5018
5018
5019
5019
5019
5020
5023
5025
5027
5028
5029
5029
5030
5030
5031
5031
5031
5033
5035
5035
5036
5040
5041
5043
5044
5044
5045
5046
5046
5046
5046
5048
5049
5051
5051
5051
5052
5053
5053
5054
5054
5055
5055
5056
5056
5056
5057
5058
5060
5061
5062
5062
5062
5062
5063
5065
5065
5066
5067
5068
5070
5072
5073
5074
5074
5074
5074
5075
5075
5077
5078
5078
5080
5081
5081
5082
5083
5085
5086
5086
5086
5088
5088
5089
5090
5091
5091
5092
5092
5093
5093
5093
5095
5096
5096
5097
5098
5098
5098
5098
5099
5100
5100
5100
5101
5103
5104
5104
5105
5107
5114
5119
5121
5121
5121
5122
5123
5124
5125
5125
5125
5127
5127
5127
5128
5130
5130
5130
5130
5131
5133
5134
5134
5135
5136
5136
5137
5141
5144
5145
5145
5146
5147
5147
5147
5151
5151
5152
5153
5156
5156
5163
5164
5164
5164
5165
5165
5165
5166
5166
5167
5170
5173
5173
5173
5176
5178
5178
5179
5180
5180
5180
5181
5182
5183
5184
5185
5186
5188
5190
5190
5191
5193
5193
5196
5197
5200
5201
5202
5202
5205
5208
5208
5209
5210
5210
5214
5215
5215
5216
5216
5216
5217
5217
5217
5218
5220
5221
5223
5223
5225
5226
5226
5226
5227
5227
5227
5232
5234
5235
5235
5236
5236
5239
5239
5239
5240
5240
5240
5241
5243
5243
5244
5245
5247
5248
5250
5250
5251
5252
5252
5252
5254
5254
5255
5256
5256
5256
5257
5258
5262
5262
5263
5264
5267
5267
5269
5270
5270
5271
5274
5275
5275
5276
5278
5278
5279
5279
5279
5280
5283
5283
5284
5285
5286
5287
5287
5287
5289
5289
5292
5292
5293
5293
5294
5295
5299
5299
5299
5300
5301
5304
5304
5306
5309
5309
5310
5313
5316
5317
5318
5318
5319
5320
5321
5321
5323
5323
5324
5324
5326
5326
5327
5328
5329
5330
5330
5333
5337
5338
5339
5339
5342
5346
5349
5349
5350
5354
5354
5356
5357
5359
5359
5361
5361
5362
5364
5364
5364
5365
5365
5367
5367
5368
5369
5369
5370
5370
5371
5371
5372
5373
5373
5375
5375
5375
5378
5379
5379
5382
5384
5385
5390
5391
5392
5392
5393
5393
5394
5396
5397
5400
5401
5401
5402
5405
5405
5405
5405
5405
5405
5408
5408
5410
5410
5412
5413
5414
5414
5416
5419
5421
5425
5425
5426
5426
5428
5429
5430
5430
5431
5434
5434
5434
5435
5435
5436
5437
5437
5438
5439
5440
5441
5442
5442
5445
5446
5448
5451
5451
5453
5454
5457
5457
5458
5461
5461
5462
5463
5464
5464
5464
5467
5468
5468
5468
5470
5474
5475
5476
5478
5482
5483
5484
5487
5491
5492
5492
5492
5493
5495
5495
5497
5498
5499
5499
5500
5500
5500
5500
5501
5501
5502
5502
5503
5503
5504
5506
5507
5507
5507
5508
5511
5512
5512
5512
5514
5515
5515
5516
5516
5516
5516
5517
5517
5521
5522
5522
5523
5524
5524
5525
5526
5528
5529
5530
5532
5533
5534
5535
5535
5537
5537
5538
5541
5542
5543
5547
5547
5549
5549
5551
5551
5551
5552
5555
5556
5556
5557
5558
5561
5563
5568
5570
5572
5574
5575
5581
5583
5583
5584
5584
5585
5585
5586
5588
5588
5588
5589
5591
5592
5592
5592
5592
5594
5594
5598
5600
5601
5601
5601
5603
5605
5606
5606
5606
5608
5608
5610
5612
5612
5612
5613
5613
5615
5615
5617
5617
5618
5618
5619
5619
5620
5624
5625
5627
5631
5631
5632
5633
5633
5633
5633
5634
5635
5635
5636
5638
5639
5639
5641
5642
5642
5643
5644
5647
5647
5648
5649
5650
5651
5652
5652
5653
5653
5653
5653
5655
5655
5655
5656
5656
5658
5658
5659
5660
5661
5662
5663
5663
5664
5665
5667
5668
5670
5671
5671
5674
5674
5675
5675
5676
5676
5678
5679
5679
5680
5682
5682
5683
5685
5686
5687
5688
5689
5690
5690
5690
5693
5693
5694
5696
5696
5698
5699
5700
5703
5703
5706
5708
5708
5709
5713
5715
5717
5718
5718
5719
5719
5720
5720
5721
5722
5723
5723
5723
5726
5727
5728
5730
5732
5732
5733
5734
5737
5738
5738
5738
5739
5741
5742
5743
5744
5744
5746
5746
5746
5747
5748
5750
5752
5755
5758
5758
5758
5759
5759
5762
5762
5763
5765
5766
5768
5770
5771
5771
5772
5773
5773
5774
5774
5774
5776
5776
5776
5777
5777
5780
5782
5783
5788
5788
5788
5788
5788
5789
5796
5798
5799
5799
5799
5800
5800
5802
5803
5804
5804
5805
5805
5808
5808
5809
5810
5813
5813
5814
5814
5817
5819
5820
5823
5824
5825
5825
5828
5828
5829
5830
5830
5830
5831
5832
5832
5837
5838
5838
5839
5839
5840
5840
5840
5840
5842
5842
5843
5845
5846
5847
5848
5848
5848
5848
5848
5848
5850
5853
5855
5857
5858
5858
5861
5863
5864
5865
5865
5867
5867
5868
5869
5870
5870
5872
5873
5874
5874
5877
5878
5880
5880
5881
5883
5883
5884
5886
5886
5886
5887
5887
5888
5890
5894
5895
5895
5896
5896
5896
5897
5897
5897
5897
5898
5898
5898
5899
5900
5901
5902
5903
5907
5907
5908
5909
5911
5913
5915
5915
5916
5917
5918
5920
5922
5924
5924
5928
5928
5929
5930
5930
5931
5936
5940
5941
5944
5945
5946
5951
5952
5953
5956
5957
5957
5957
5958
5963
5964
5965
5965
5966
5966
5967
5967
5970
5971
5973
5973
5974
5975
5975
5978
5978
5981
5985
5985
5985
5986
5986
5987
5987
5989
5992
5993
5993
5994
5995
5995
6000
6001
6002
6003
6004
6005
6005
6006
6006
6008
6012
6013
6013
6014
6016
6017
6018
6018
6018
6018
6021
6023
6023
6024
6025
6026
6027
6028
6028
6028
6030
6030
6031
6031
6031
6032
6032
6034
6034
6035
6036
6036
6037
6037
6038
6038
6039
6039
6041
6042
6042
6043
6045
6046
6046
6046
6047
6047
6048
6049
6049
6049
6049
6050
6050
6050
6051
6052
6056
6058
6058
6060
6061
6062
6063
6063
6063
6064
6064
6064
6069
6070
6070
6072
6072
6073
6075
6075
6077
6078
6079
6079
6079
6079
6081
6082
6085
6087
6088
6091
6091
6092
6092
6093
6093
6094
6094
6094
6097
6098
6098
6099
6100
6100
6101
6103
6103
6103
6104
6105
6106
6106
6107
6108
6109
6110
6111
6114
6116
6116
6119
6119
6119
6120
6121
6122
6124
6125
6127
6128
6128
6128
6129
6130
6131
6131
6133
6133
6135
6136
6136
6137
6137
6140
6141
6141
6141
6142
6145
6148
6148
6149
6149
6151
6152
6154
6154
6154
6155
6155
6158
6158
6159
6161
6164
6164
6165
6166
6167
6168
6168
6169
6170
6172
6172
6172
6173
6173
6175
6177
6177
6177
6179
6180
6180
6180
6182
6183
6184
6185
6186
6187
6187
6188
6189
6189
6190
6191
6191
6192
6193
6196
6196
6199
6200
6202
6203
6203
6204
6205
6206
6206
6206
6208
6209
6209
6210
6210
6210
6211
6211
6212
6212
6212
6214
6214
6214
6214
6214
6215
6215
6217
6219
6220
6220
6222
6222
6223
6223
6224
6224
6226
6226
6227
6227
6227
6229
6229
6229
6229
6230
6230
6230
6231
6231
6235
6235
6235
6235
6236
6236
6236
6236
6236
6239
6239
6240
6242
6242
6242
6243
6244
6244
6246
6249
6252
6253
6256
6257
6258
6260
6263
6263
6263
6264
6265
6267
6269
6269
6269
6270
6271
6272
6274
6274
6275
6276
6276
6277
6277
6277
6278
6279
6279
6279
6283
6283
6286
6287
6289
6289
6290
6290
6290
6293
6295
6296
6297
6297
6297
6298
6298
6300
6300
6300
6301
6301
6301
6301
6303
6305
6305
6307
6307
6307
6308
6309
6310
6310
6310
6311
6311
6315
6316
6316
6317
6317
6320
6320
6321
6322
6323
6324
6325
6327
6328
6330
6331
6333
6333
6334
6335
6336
6337
6340
6343
6344
6344
6344
6347
6349
6349
6349
6351
6351
6351
6353
6354
6355
6358
6358
6359
6361
6362
6362
6364
6366
6366
6367
6367
6367
6368
6368
6369
6372
6372
6372
6373
6374
6374
6375
6375
6375
6375
6375
6375
6377
6379
6379
6379
6379
6380
6380
6380
6382
6382
6382
6383
6384
6385
6386
6386
6388
6388
6390
6390
6391
6393
6393
6393
6395
6395
6396
6398
6399
6400
6401
6402
6402
6403
6410
6410
6412
6415
6416
6418
6419
6419
6421
6421
6422
6425
6426
6429
6430
6431
6433
6436
6438
6438
6438
6439
6439
6440
6440
6442
6443
6444
6444
6444
6447
6449
6450
6450
6451
6453
6454
6454
6455
6456
6456
6457
6457
6458
6460
6461
6463
6463
6465
6465
6465
6467
6468
6468
6469
6469
6470
6471
6472
6472
6473
6473
6473
6475
6475
6476
6477
6477
6478
6478
6479
6480
6481
6481
6482
6482
6484
6487
6489
6491
6491
6492
6492
6494
6496
6496
6500
6501
6502
6504
6504
6505
6508
6510
6511
6513
6514
6516
6516
6516
6517
6517
6518
6518
6519
6519
6520
6521
6521
6521
6522
6522
6522
6523
6525
6526
6527
6527
6528
6530
6530
6532
6532
6532
6533
6533
6534
6536
6539
6540
6541
6542
6543
6544
6545
6546
6549
6549
6550
6551
6551
6551
6551
6552
6554
6555
6556
6557
6560
6560
6561
6561
6562
6562
6562
6563
6564
6564
6565
6565
6565
6566
6568
6569
6569
6571
6572
6578
6579
6580
6581
6581
6581
6583
6584
6584
6585
6585
6586
6586
6586
6587
6592
6594
6594
6594
6596
6597
6598
6598
6600
6600
6600
6601
6601
6601
6602
6603
6603
6604
6606
6609
6609
6609
6611
6611
6612
6614
6615
6616
6616
6616
6618
6620
6621
6622
6623
6624
6625
6628
6630
6631
6632
6633
6633
6637
6638
6638
6641
6642
6642
6643
6645
6646
6646
6647
6647
6648
6649
6652
6653
6653
6655
6655
6655
6656
6657
6658
6658
6658
6659
6663
6663
6664
6668
6670
6671
6671
6672
6672
6672
6673
6673
6673
6675
6675
6676
6678
6679
6679
6682
6684
6686
6686
6687
6687
6687
6688
6689
6689
6689
6690
6691
6691
6692
6692
6693
6693
6695
6696
6697
6699
6700
6704
6705
6706
6708
6709
6710
6711
6711
6711
6712
6712
6716
6717
6717
6718
6720
6721
6721
6721
6722
6722
6725
6726
6727
6727
6728
6728
6729
6731
6732
6733
6733
6733
6734
6734
6734
6734
6735
6737
6740
6740
6743
6744
6745
6747
6748
6748
6749
6750
6752
6752
6753
6756
6756
6756
6759
6759
6760
6765
6766
6769
6769
6770
6771
6772
6772
6772
6773
6773
6773
6776
6778
6778
6780
6783
6783
6785
6787
6789
6789
6790
6790
6790
6792
6793
6795
6796
6798
6800
6800
6801
6801
6802
6802
6803
6803
6806
6807
6812
6816
6816
6816
6818
6818
6819
6820
6822
6823
6825
6825
6826
6826
6826
6827
6831
6834
6834
6836
6837
6837
6838
6838
6839
6839
6839
6840
6842
6843
6844
6845
6845
6846
6846
6846
6848
6848
6849
6849
6849
6850
6850
6851
6852
6852
6854
6855
6855
6855
6857
6857
6858
6859
6859
6859
6860
6860
6862
6863
6865
6865
6866
6867
6867
6868
6871
6873
6873
6875
6875
6876
6876
6877
6877
6879
6879
6880
6881
6881
6881
6881
6881
6883
6885
6885
6885
6885
6888
6888
6890
6891
6891
6891
6891
6895
6895
6896
6899
6899
6899
6901
6902
6904
6904
6905
6908
6908
6908
6909
6910
6911
6911
6914
6919
6920
6923
6924
6924
6924
6925
6925
6927
6927
6927
6927
6928
6928
6929
6931
6933
6937
6938
6940
6943
6945
6945
6946
6947
6950
6951
6951
6951
6952
6952
6953
6953
6955
6957
6959
6959
6961
6963
6964
6964
6965
6965
6965
6966
6966
6970
6971
6972
6973
6975
6975
6977
6977
6978
6979
6979
6980
6983
6985
6986
6987
6987
6991
6992
6992
6997
6998
6998
6998
6998
7000
7000
7001
7001
7001
7001
7002
7007
7007
7007
7008
7010
7010
7012
7014
7014
7014
7015
7015
7015
7015
7017
7018
7018
7018
7021
7021
7023
7023
7024
7024
7024
7025
7025
7027
7029
7030
7031
7033
7035
7036
7037
7037
7038
7041
7042
7044
7045
7047
7047
7048
7048
7051
7051
7052
7053
7053
7053
7053
7054
7054
7056
7056
7058
7059
7059
7062
7062
7062
7063
7064
7066
7066
7067
7067
7068
7069
7069
7069
7070
7071
7073
7078
7078
7078
7078
7079
7079
7079
7080
7080
7081
7082
7083
7084
7088
7088
7089
7089
7089
7091
7091
7092
7092
7092
7092
7093
7094
7094
7096
7098
7101
7101
7103
7105
7106
7106
7106
7107
7107
7108
7108
7109
7111
7112
7112
7112
7113
7114
7114
7115
7115
7115
7115
7118
7119
7119
7120
7120
7122
7124
7124
7127
7132
7133
7133
7135
7136
7137
7138
7138
7139
7139
7141
7143
7143
7144
7145
7147
7148
7149
7149
7150
7150
7151
7151
7155
7155
7156
7156
7157
7157
7158
7158
7158
7159
7159
7159
7160
7163
7164
7165
7166
7167
7167
7169
7169
7169
7169
7170
7172
7172
7174
7176
7182
7182
7183
7184
7184
7185
7185
7186
7187
7187
7187
7188
7188
7188
7188
7189
7189
7189
7192
7193
7193
7194
7195
7195
7198
7198
7198
7199
7202
7202
7203
7203
7203
7203
7204
7204
7204
7205
7208
7209
7209
7210
7210
7211
7212
7212
7213
7213
7214
7215
7216
7217
7217
7219
7221
7221
7221
7221
7223
7223
7225
7226
7226
7227
7229
7230
7230
7233
7234
7234
7234
7235
7235
7236
7236
7237
7239
7239
7240
7241
7241
7241
7242
7243
7243
7243
7245
7246
7246
7248
7249
7249
7250
7251
7253
7254
7254
7255
7256
7257
7258
7258
7260
7260
7260
7261
7262
7262
7262
7263
7264
7265
7266
7267
7268
7269
7269
7269
7270
7271
7272
7272
7272
7273
7275
7276
7277
7277
7278
7279
7280
7280
7280
7281
7281
7282
7282
7286
7286
7287
7288
7289
7289
7290
7290
7291
7291
7292
7293
7293
7293
7294
7294
7295
7297
7297
7299
7300
7301
7301
7303
7303
7304
7305
7306
7307
7307
7308
7308
7309
7310
7311
7311
7312
7312
7312
7314
7315
7315
7316
7317
7317
7318
7318
7320
7322
7323
7326
7326
7326
7327
7328
7329
7330
7330
7331
7332
7333
7333
7333
7335
7335
7335
7336
7339
7339
7340
7341
7341
7343
7344
7345
7346
7346
7347
7347
7347
7349
7349
7351
7351
7353
7353
7356
7356
7357
7357
7358
7358
7359
7360
7360
7360
7361
7361
7362
7364
7365
7365
7366
7366
7368
7369
7370
7371
7373
7374
7374
7376
7377
7377
7377
7378
7379
7380
7380
7380
7381
7382
7383
7383
7383
7383
7385
7386
7387
7387
7388
7388
7390
7390
7391
7391
7391
7392
7393
7393
7394
7396
7397
7398
7399
7400
7400
7400
7403
7404
7406
7406
7408
7408
7408
7408
7409
7409
7409
7411
7412
7413
7414
7415
7415
7416
7419
7419
7420
7422
7423
7424
7425
7425
7425
7429
7430
7431
7431
7433
7433
7433
7434
7435
7435
7437
7439
7439
7439
7440
7441
7442
7442
7442
7442
7443
7444
7445
7445
7446
7446
7446
7446
7447
7447
7448
7450
7450
7450
7451
7452
7453
7454
7455
7458
7459
7461
7461
7464
7465
7466
7466
7466
7466
7469
7469
7470
7470
7472
7474
7475
7477
7477
7477
7479
7480
7481
7482
7484
7485
7485
7486
7486
7487
7489
7489
7491
7491
7492
7493
7493
7499
7499
7501
7501
7502
7502
7506
7506
7507
7508
7509
7510
7510
7510
7512
7512
7512
7514
7517
7517
7517
7518
7519
7520
7521
7522
7522
7522
7523
7523
7525
7525
7527
7527
7529
7530
7530
7530
7530
7532
7533
7534
7534
7542
7543
7543
7544
7544
7544
7544
7544
7548
7549
7550
7553
7553
7554
7555
7555
7557
7557
7559
7559
7560
7560
7560
7561
7561
7561
7562
7563
7564
7564
7565
7565
7566
7566
7567
7569
7570
7570
7571
7571
7572
7573
7574
7574
7575
7577
7579
7580
7580
7580
7582
7585
7586
7587
7587
7588
7589
7589
7590
7592
7594
7594
7597
7598
7599
7599
7599
7600
7603
7603
7604
7604
7605
7605
7605
7606
7607
7608
7609
7609
7613
7613
7613
7614
7614
7614
7614
7616
7616
7619
7621
7621
7622
7624
7625
7625
7626
7627
7628
7628
7629
7629
7630
7630
7630
7630
7632
7632
7633
7633
7633
7634
7634
7636
7637
7637
7639
7641
7642
7642
7644
7646
7646
7648
7648
7651
7654
7656
7657
7658
7658
7658
7658
7659
7661
7662
7666
7667
7667
7669
7672
7673
7675
7676
7677
7678
7678
7679
7680
7681
7683
7684
7684
7685
7687
7689
7690
7690
7691
7692
7692
7693
7695
7696
7697
7698
7699
7700
7700
7700
7701
7704
7706
7706
7708
7709
7709
7711
7711
7712
7713
7714
7714
7716
7717
7717
7718
7718
7719
7719
7720
7721
7722
7722
7723
7723
7725
7727
7728
7730
7731
7731
7732
7733
7733
7734
7736
7736
7737
7737
7738
7738
7739
7739
7741
7742
7743
7743
7744
7746
7751
7755
7756
7757
7759
7760
7761
7762
7764
7764
7765
7765
7765
7768
7768
7768
7768
7769
7769
7770
7775
7775
7776
7776
7776
7778
7779
7781
7782
7784
7785
7787
7788
7788
7789
7789
7789
7790
7790
7792
7794
7794
7794
7796
7796
7798
7802
7803
7804
7805
7806
7808
7809
7809
7810
7811
7812
7812
7813
7813
7816
7817
7818
7818
7821
7822
7823
7823
7824
7825
7828
7829
7829
7831
7831
7833
7834
7835
7835
7836
7839
7840
7841
7842
7842
7843
7844
7845
7846
7847
7848
7848
7849
7850
7850
7851
7852
7853
7853
7854
7855
7856
7856
7858
7858
7859
7859
7860
7862
7863
7863
7864
7865
7867
7869
7869
7873
7874
7875
7876
7878
7880
7883
7884
7885
7885
7885
7890
7890
7890
7892
7893
7893
7893
7893
7894
7894
7895
7897
7897
7897
7897
7898
7898
7900
7900
7900
7900
7901
7901
7902
7904
7905
7908
7908
7910
7910
7910
7911
7911
7912
7912
7914
7914
7914
7914
7915
7915
7916
7916
7916
7917
7918
7919
7919
7919
7920
7922
7923
7924
7924
7924
7925
7925
7927
7927
7929
7931
7933
7934
7935
7935
7936
7936
7938
7939
7940
7940
7942
7942
7943
7943
7944
7945
7945
7945
7946
7947
7950
7950
7951
7951
7954
7956
7957
7958
7959
7959
7961
7962
7963
7963
7964
7964
7965
7966
7966
7967
7967
7968
7969
7970
7970
7970
7971
7971
7971
7971
7972
7973
7974
7975
7976
7977
7977
7977
7978
7979
7979
7979
7980
7981
7983
7984
7984
7985
7987
7989
7990
7990
7991
7993
7994
7995
7995
7996
7997
7999
7999
7999
7999
8000
8001
8002
8002
8002
8003
8006
8006
8006
8010
8011
8011
8015
8015
8015
8016
8016
8017
8017
8019
8021
8021
8023
8024
8024
8025
8026
8026
8028
8030
8031
8031
8032
8033
8033
8033
8034
8035
8037
8038
8039
8039
8042
8044
8044
8046
8047
8049
8049
8049
8051
8051
8052
8053
8053
8056
8056
8056
8058
8060
8061
8062
8062
8063
8064
8064
8065
8066
8073
8075
8075
8077
8078
8080
8081
8081
8082
8082
8083
8084
8084
8084
8085
8087
8089
8090
8092
8093
8094
8094
8095
8096
8097
8099
8099
8100
8100
8100
8101
8102
8104
8105
8106
8106
8108
8109
8110
8110
8110
8110
8110
8110
8110
8111
8112
8113
8113
8113
8115
8115
8116
8116
8118
8119
8120
8121
8122
8122
8123
8124
8125
8128
8129
8130
8130
8131
8134
8135
8137
8138
8142
8142
8143
8145
8146
8148
8148
8149
8149
8149
8151
8152
8154
8155
8156
8156
8157
8159
8159
8160
8163
8163
8164
8168
8169
8170
8170
8172
8175
8176
8177
8178
8178
8179
8180
8180
8183
8185
8186
8186
8187
8187
8188
8189
8189
8189
8193
8196
8196
8196
8198
8198
8199
8200
8201
8202
8203
8205
8205
8205
8205
8206
8206
8206
8209
8209
8210
8210
8211
8212
8212
8213
8214
8215
8219
8220
8220
8220
8221
8221
8224
8224
8226
8228
8228
8229
8229
8230
8231
8231
8232
8234
8235
8236
8237
8237
8237
8237
8238
8240
8241
8241
8247
8248
8249
8249
8250
8251
8251
8251
8251
8252
8252
8252
8253
8253
8254
8260
8261
8261
8261
8263
8263
8263
8264
8264
8265
8266
8266
8267
8267
8270
8271
8271
8272
8272
8273
8275
8275
8275
8276
8277
8278
8278
8279
8279
8279
8279
8279
8280
8283
8285
8285
8287
8288
8288
8288
8290
8291
8291
8293
8294
8295
8298
8299
8299
8300
8302
8302
8306
8307
8308
8309
8310
8310
8311
8313
8314
8315
8316
8317
8317
8319
8320
8321
8325
8325
8326
8328
8328
8328
8329
8330
8330
8332
8334
8336
8337
8341
8341
8344
8344
8345
8345
8346
8347
8347
8348
8348
8350
8352
8352
8356
8357
8357
8358
8358
8359
8361
8363
8364
8365
8365
8366
8367
8367
8368
8371
8371
8371
8371
8372
8377
8377
8377
8378
8378
8379
8380
8382
8382
8382
8383
8383
8384
8387
8387
8390
8390
8391
8393
8396
8401
8403
8403
8404
8404
8404
8406
8407
8409
8410
8411
8411
8411
8412
8413
8414
8414
8414
8414
8417
8420
8422
8424
8424
8424
8427
8428
8429
8429
8430
8431
8432
8433
8436
8436
8436
8437
8439
8440
8441
8441
8443
8445
8446
8446
8449
8452
8454
8455
8457
8459
8459
8460
8461
8462
8463
8463
8466
8468
8470
8471
8472
8473
8473
8474
8474
8478
8478
8480
8482
8482
8485
8486
8486
8486
8489
8490
8491
8492
8496
8498
8498
8500
8501
8501
8502
8503
8507
8507
8508
8509
8509
8509
8510
8512
8512
8513
8514
8515
8515
8518
8521
8523
8523
8523
8523
8524
8526
8526
8530
8531
8533
8534
8534
8534
8535
8537
8537
8540
8542
8542
8543
8543
8544
8550
8553
8554
8556
8557
8558
8559
8564
8566
8566
8569
8571
8571
8573
8573
8574
8574
8574
8577
8577
8577
8578
8578
8579
8579
8580
8580
8580
8582
8582
8583
8584
8584
8586
8586
8587
8587
8589
8590
8592
8594
8596
8596
8597
8600
8600
8600
8602
8603
8604
8606
8607
8607
8608
8609
8610
8611
8613
8614
8614
8615
8616
8616
8617
8617
8617
8617
8618
8620
8620
8621
8623
8625
8628
8629
8629
8629
8630
8630
8631
8631
8631
8633
8634
8634
8635
8635
8637
8638
8638
8639
8639
8640
8640
8641
8642
8643
8644
8645
8649
8649
8650
8651
8651
8652
8652
8657
8657
8659
8660
8661
8661
8662
8662
8664
8664
8664
8667
8667
8670
8673
8674
8676
8676
8678
8679
8681
8683
8684
8686
8687
8690
8691
8694
8696
8696
8697
8698
8698
8699
8699
8699
8699
8700
8701
8701
8701
8701
8704
8705
8706
8706
8707
8709
8709
8709
8711
8711
8712
8718
8719
8725
8727
8728
8728
8729
8729
8730
8731
8732
8734
8736
8737
8737
8738
8738
8738
8742
8742
8742
8743
8745
8746
8748
8749
8749
8752
8752
8754
8758
8761
8763
8763
8763
8764
8765
8766
8768
8769
8769
8769
8769
8770
8770
8770
8772
8774
8774
8774
8775
8775
8776
8777
8777
8777
8778
8781
8782
8782
8782
8782
8783
8784
8784
8787
8787
8788
8792
8794
8794
8794
8795
8798
8798
8798
8799
8800
8801
8803
8804
8804
8806
8807
8807
8809
8810
8811
8812
8815
8818
8819
8820
8821
8821
8821
8822
8824
8827
8829
8830
8830
8831
8831
8834
8835
8836
8837
8838
8839
8840
8840
8842
8842
8842
8842
8842
8844
8849
8850
8852
8852
8852
8853
8853
8853
8854
8855
8855
8856
8856
8857
8860
8861
8863
8865
8866
8869
8869
8869
8870
8870
8871
8875
8877
8877
8877
8877
8878
8881
8881
8881
8883
8883
8883
8884
8885
8885
8886
8888
8888
8891
8892
8893
8894
8894
8896
8896
8897
8897
8898
8898
8899
8902
8902
8902
8903
8903
8906
8906
8906
8907
8909
8910
8910
8911
8911
8912
8913
8913
8914
8915
8916
8917
8917
8919
8921
8921
8922
8922
8923
8925
8925
8925
8926
8931
8931
8933
8936
8937
8937
8938
8938
8941
8941
8942
8945
8945
8946
8946
8947
8947
8947
8948
8949
8950
8950
8951
8957
8957
8957
8958
8959
8960
8961
8962
8963
8965
8965
8967
8969
8969
8971
8971
8972
8975
8977
8978
8979
8980
8981
8982
8983
8985
8985
8986
8987
8991
8993
8993
8994
8994
8994
8995
8996
8997
8998
9000
9000
9000
9000
9001
9001
9005
9006
9007
9008
9009
9009
9012
9013
9013
9013
9014
9014
9014
9014
9015
9018
9018
9023
9024
9025
9027
9027
9028
9028
9029
9030
9031
9031
9032
9032
9032
9033
9033
9034
9036
9037
9037
9040
9041
9041
9041
9041
9041
9043
9043
9043
9046
9048
9048
9049
9050
9051
9051
9052
9052
9053
9053
9054
9054
9054
9056
9056
9056
9056
9058
9059
9061
9061
9062
9062
9062
9062
9062
9063
9065
9065
9066
9068
9068
9071
9072
9073
9074
9074
9079
9079
9080
9081
9081
9082
9084
9086
9088
9088
9089
9090
9090
9092
9094
9095
9095
9096
9096
9099
9100
9101
9102
9102
9104
9105
9106
9106
9108
9111
9113
9115
9116
9116
9117
9117
9119
9121
9121
9121
9122
9122
9123
9126
9126
9127
9127
9130
9130
9130
9131
9131
9133
9134
9135
9135
9135
9136
9138
9138
9139
9141
9142
9142
9144
9145
9146
9147
9148
9149
9154
9155
9156
9156
9159
9160
9160
9161
9163
9164
9164
9164
9165
9165
9167
9168
9168
9169
9172
9173
9173
9177
9178
9178
9179
9179
9181
9181
9181
9182
9182
9184
9184
9184
9185
9186
9187
9188
9189
9189
9190
9191
9191
9192
9195
9197
9198
9199
9200
9200
9200
9200
9204
9204
9205
9207
9207
9207
9210
9212
9212
9215
9216
9217
9217
9217
9221
9221
9221
9222
9224
9225
9225
9226
9226
9226
9228
9229
9230
9232
9233
9233
9235
9236
9237
9237
9238
9239
9240
9241
9243
9243
9243
9245
9247
9248
9248
9250
9251
9251
9253
9253
9254
9254
9258
9258
9259
9259
9262
9262
9263
9263
9264
9265
9267
9269
9270
9271
9271
9272
9275
9276
9277
9278
9278
9279
9283
9284
9288
9289
9289
9290
9291
9291
9293
9293
9294
9294
9295
9295
9297
9297
9298
9298
9300
9301
9302
9304
9304
9304
9304
9306
9307
9308
9308
9308
9311
9311
9312
9312
9313
9314
9314
9315
9315
9316
9317
9317
9318
9318
9318
9319
9319
9320
9323
9325
9325
9328
9328
9328
9328
9330
9332
9332
9332
9333
9334
9335
9335
9335
9336
9336
9336
9338
9339
9340
9340
9343
9343
9346
9346
9346
9347
9349
9350
9352
9353
9353
9353
9353
9354
9355
9355
9359
9359
9361
9363
9363
9363
9365
9366
9367
9368
9368
9370
9370
9371
9371
9372
9377
9377
9377
9379
9380
9380
9386
9386
9387
9387
9387
9388
9389
9391
9391
9393
9393
9394
9394
9396
9397
9398
9398
9400
9400
9402
9403
9408
9409
9410
9410
9411
9411
9412
9413
9413
9413
9413
9415
9419
9421
9429
9430
9430
9431
9431
9432
9432
9435
9435
9438
9439
9439
9440
9440
9441
9443
9444
9444
9445
9445
9446
9446
9447
9452
9452
9453
9454
9455
9455
9456
9456
9457
9458
9458
9458
9459
9460
9460
9461
9463
9463
9463
9465
9467
9467
9468
9471
9471
9473
9474
9475
9476
9477
9478
9478
9479
9480
9480
9481
9483
9483
9484
9484
9484
9484
9485
9487
9487
9488
9488
9488
9489
9489
9489
9491
9492
9492
9494
9494
9495
9495
9495
9495
9496
9497
9499
9501
9501
9502
9502
9503
9503
9504
9507
9508
9508
9509
9510
9513
9515
9515
9516
9517
9519
9519
9520
9524
9528
9529
9530
9531
9537
9538
9539
9539
9541
9543
9544
9544
9545
9545
9546
9548
9548
9550
9552
9552
9553
9553
9554
9554
9555
9555
9557
9558
9560
9561
9562
9564
9564
9565
9570
9572
9572
9573
9574
9574
9576
9576
9576
9577
9577
9577
9580
9580
9582
9583
9583
9584
9585
9585
9587
9588
9589
9596
9602
9603
9603
9603
9607
9607
9607
9609
9610
9610
9611
9611
9612
9612
9617
9617
9619
9620
9620
9621
9621
9622
9622
9622
9622
9623
9623
9623
9624
9625
9625
9626
9628
9628
9628
9628
9629
9631
9632
9636
9636
9637
9638
9638
9639
9640
9642
9643
9644
9646
9647
9648
9648
9650
9653
9654
9655
9657
9657
9657
9658
9659
9660
9662
9664
9664
9670
9671
9671
9672
9675
9675
9676
9676
9679
9679
9680
9680
9681
9685
9685
9686
9686
9686
9687
9689
9690
9692
9692
9693
9694
9694
9695
9696
9696
9697
9698
9698
9698
9699
9699
9699
9699
9700
9700
9701
9702
9702
9703
9703
9703
9703
9703
9704
9706
9706
9707
9708
9708
9709
9709
9710
9710
9711
9713
9714
9719
9719
9719
9723
9723
9725
9725
9726
9727
9729
9730
9731
9732
9732
9734
9736
9738
9738
9740
9740
9742
9742
9742
9743
9744
9744
9744
9745
9745
9745
9747
9747
9747
9748
9749
9750
9752
9752
9753
9754
9754
9754
9754
9755
9756
9757
9758
9759
9762
9762
9763
9763
9764
9765
9765
9766
9767
9768
9769
9769
9770
9770
9773
9774
9775
9776
9776
9777
9777
9777
9780
9781
9783
9784
9786
9787
9788
9790
9790
9791
9791
9792
9792
9793
9794
9795
9797
9797
9798
9799
9799
9800
9801
9802
9803
9804
9804
9805
9806
9809
9809
9810
9810
9811
9813
9813
9814
9815
9815
9816
9817
9817
9818
9820
9821
9821
9822
9822
9827
9827
9828
9828
9829
9829
9831
9832
9832
9834
9837
9837
9837
9838
9838
9839
9842
9845
9845
9845
9845
9851
9852
9853
9854
9855
9855
9855
9857
9858
9858
9858
9858
9858
9859
9861
9861
9861
9862
9862
9863
9866
9866
9867
9868
9868
9869
9869
9869
9871
9871
9871
9872
9872
9873
9874
9874
9875
9877
9877
9877
9878
9880
9881
9882
9883
9883
9884
9884
9884
9885
9885
9885
9886
9887
9889
9890
9891
9891
9892
9895
9895
9895
9896
9896
9898
9898
9899
9899
9900
9903
9905
9905
9905
9906
9907
9909
9911
9912
9913
9913
9913
9921
9924
9925
9926
9927
9929
9929
9929
9930
9931
9931
9932
9932
9935
9935
9936
9937
9937
9938
9939
9939
9941
9941
9941
9943
9944
9945
9948
9950
9951
9952
9954
9954
9956
9956
9957
9957
9957
9958
9958
9959
9961
9962
9965
9965
9965
9966
9968
9969
9969
9969
9969
9973
9973
9974
9975
9975
9976
9977
9980
9980
9981
9982
9982
9983
9984
9984
9985
9988
9989
9991
9991
9992
9992
9993
9993
9998
