0
1
1
2
6
7
8
9
9
10
10
10
12
14
15
16
17
17
18
20
20
22
23
24
24
25
25
26
26
27
29
30
30
31
33
34
35
35
36
45
48
49
49
51
52
54
55
57
57
58
58
59
64
66
66
67
67
68
69
69
70
72
72
72
72
73
75
75
76
76
77
77
80
80
80
81
85
85
87
87
87
87
87
89
92
94
94
94
94
95
97
99
99
100
100
102
104
106
108
109
110
111
112
117
117
118
121
125
126
127
129
129
130
130
130
131
131
132
133
134
134
134
135
135
137
138
139
140
140
141
142
143
143
144
146
149
149
151
152
152
152
154
155
156
162
163
164
165
167
168
169
169
170
170
171
172
174
174
179
180
183
184
185
187
187
188
189
190
192
192
192
193
194
195
196
196
196
199
200
200
200
201
202
202
202
202
202
202
203
205
206
206
207
208
209
211
212
212
213
214
215
215
217
218
220
220
223
224
225
227
228
228
228
229
229
231
233
236
238
239
241
241
242
243
243
244
245
245
246
247
247
249
249
250
250
251
252
252
252
252
253
255
256
256
257
258
259
259
260
262
263
263
264
265
266
267
267
268
269
270
271
271
272
273
274
274
275
275
276
278
279
279
280
281
282
283
284
285
285
287
288
290
293
296
297
297
298
300
301
303
303
305
306
306
307
307
308
308
308
309
313
313
315
316
316
316
316
316
317
318
319
320
321
321
325
326
327
327
327
327
329
330
330
331
335
336
337
337
339
339
343
343
343
344
345
345
347
347
349
349
351
352
353
354
354
354
354
357
360
360
361
362
362
362
363
363
366
367
368
368
369
370
371
371
374
374
374
375
375
375
376
376
377
377
377
380
380
381
382
382
382
382
382
383
383
384
384
384
385
386
386
389
395
395
396
397
397
398
398
400
400
401
402
402
403
404
406
408
408
410
410
411
412
412
412
413
414
414
416
416
417
417
418
418
419
419
420
423
424
425
426
427
428
429
430
430
431
431
432
432
433
434
435
435
436
441
443
445
446
447
447
447
447
448
449
450
453
455
455
456
457
457
458
459
463
464
464
464
465
466
467
468
469
469
471
471
472
472
473
473
474
476
478
478
478
478
483
484
484
484
485
486
486
486
486
487
488
488
488
489
489
489
491
492
493
495
495
497
497
499
499
501
506
507
508
508
512
512
514
515
515
515
517
520
522
523
523
523
526
526
527
527
530
532
533
533
534
534
534
535
536
536
537
538
538
539
539
540
540
542
543
547
548
549
549
551
551
552
552
553
555
556
557
558
558
558
559
559
559
562
563
564
564
567
568
568
568
569
570
571
573
576
579
579
580
580
580
580
581
581
581
581
582
582
583
586
586
587
589
590
591
591
593
594
595
595
595
596
596
596
597
599
600
600
601
602
602
602
603
604
605
606
606
606
608
610
610
610
611
612
613
614
618
620
621
621
621
624
625
626
627
628
630
630
631
632
633
635
637
639
641
642
642
642
643
644
644
644
644
645
645
647
649
649
653
654
655
655
660
663
663
664
664
665
666
666
667
667
668
670
671
671
671
672
672
672
673
673
673
674
674
675
675
678
679
680
681
684
689
689
690
691
691
692
697
699
699
700
701
702
702
703
704
704
713
713
715
715
716
717
717
717
718
719
722
723
724
726
727
728
731
731
732
733
737
738
738
740
741
742
742
742
744
745
746
747
756
757
758
758
759
759
760
763
765
766
768
769
771
775
775
775
776
776
779
779
780
781
781
782
782
783
783
785
787
787
790
790
790
790
791
793
794
796
796
796
797
798
798
799
799
800
800
803
805
806
807
807
809
809
809
809
810
810
811
813
813
814
815
815
815
817
818
818
818
819
819
820
822
822
823
823
825
826
826
829
829
830
830
830
830
832
833
833
835
838
839
839
839
839
842
843
844
845
847
848
848
849
849
852
854
855
855
856
857
857
858
860
861
861
863
863
863
864
865
867
869
870
870
870
871
872
873
873
875
876
876
877
877
878
881
883
884
884
886
887
887
888
889
890
891
892
892
893
893
895
896
898
900
900
902
903
905
906
906
907
908
908
909
909
910
912
912
912
913
917
917
917
918
919
920
922
924
926
926
927
928
933
934
935
935
935
935
936
936
937
938
942
942
942
942
942
943
943
944
945
946
947
949
949
950
950
950
950
951
951
951
951
953
954
956
956
957
958
958
958
958
958
958
959
960
961
962
962
962
962
962
964
964
965
965
967
968
970
971
972
972
973
973
974
977
980
980
981
981
982
983
984
986
988
988
989
990
990
990
992
992
994
994
995
995
996
996
998
998
999
1001
1005
1006
1006
1006
1008
1010
1011
1013
1014
1014
1015
1017
1017
1018
1019
1019
1020
1021
1021
1022
1023
1024
1024
1025
1027
1029
1030
1032
1032
1032
1034
1035
1036
1038
1039
1042
1042
1043
1044
1046
1046
1050
1051
1051
1053
1054
1055
1056
1056
1058
1059
1059
1061
1061
1062
1063
1063
1065
1065
1066
1067
1067
1068
1070
1071
1072
1073
1073
1075
1075
1076
1076
1078
1080
1080
1080
1081
1081
1082
1082
1083
1083
1084
1085
1087
1088
1090
1090
1091
1091
1094
1096
1096
1097
1098
1101
1104
1104
1106
1107
1107
1110
1110
1110
1111
1114
1115
1115
1119
1119
1120
1120
1121
1122
1123
1123
1123
1125
1127
1127
1129
1129
1129
1131
1132
1132
1133
1134
1134
1134
1135
1137
1137
1137
1138
1138
1138
1138
1139
1142
1144
1144
1146
1147
1148
1148
1149
1149
1149
1149
1150
1151
1152
1153
1153
1153
1153
1157
1158
1158
1158
1159
1159
1159
1160
1162
1162
1163
1164
1165
1165
1166
1166
1168
1168
1169
1170
1172
1172
1173
1174
1175
1175
1177
1178
1180
1180
1180
1181
1182
1182
1185
1185
1185
1186
1187
1188
1188
1188
1189
1189
1190
1190
1191
1192
1192
1194
1194
1195
1196
1197
1197
1197
1198
1199
1199
1201
1201
1201
1202
1202
1203
1203
1204
1204
1209
1211
1211
1213
1213
1214
1215
1216
1217
1217
1218
1218
1219
1220
1223
1226
1226
1226
1227
1227
1230
1230
1230
1231
1232
1234
1235
1235
1238
1243
1244
1244
1244
1246
1247
1248
1248
1248
1250
1251
1251
1251
1253
1254
1254
1255
1255
1256
1257
1258
1259
1259
1260
1260
1261
1261
1261
1261
1264
1265
1266
1267
1268
1268
1270
1272
1275
1276
1276
1277
1279
1279
1279
1280
1280
1281
1281
1281
1281
1282
1282
1283
1285
1285
1286
1286
1286
1287
1289
1290
1292
1295
1295
1295
1297
1297
1298
1300
1301
1303
1303
1305
1306
1308
1310
1310
1310
1314
1314
1314
1314
1320
1321
1321
1321
1323
1323
1324
1324
1325
1326
1326
1326
1326
1327
1328
1328
1329
1330
1330
1332
1333
1333
1333
1334
1337
1338
1339
1341
1341
1341
1344
1346
1348
1349
1349
1349
1350
1353
1354
1355
1356
1359
1359
1361
1362
1364
1364
1367
1369
1370
1372
1372
1372
1373
1375
1377
1378
1380
1380
1381
1384
1386
1386
1387
1388
1390
1390
1391
1393
1395
1396
1397
1398
1400
1401
1401
1402
1402
1404
1406
1407
1408
1408
1408
1410
1410
1410
1412
1413
1414
1414
1414
1414
1414
1416
1417
1419
1420
1420
1422
1430
1432
1433
1434
1434
1435
1437
1438
1439
1439
1440
1440
1440
1441
1441
1441
1441
1444
1445
1447
1450
1450
1452
1453
1454
1456
1457
1457
1459
1460
1464
1464
1466
1466
1467
1468
1468
1472
1473
1474
1476
1476
1477
1478
1478
1479
1480
1482
1482
1483
1486
1487
1487
1487
1487
1488
1490
1490
1491
1492
1492
1493
1493
1493
1493
1494
1496
1496
1497
1497
1498
1498
1499
1500
1500
1504
1507
1507
1508
1510
1511
1512
1512
1513
1513
1515
1516
1518
1518
1522
1523
1523
1523
1524
1525
1527
1527
1528
1529
1531
1531
1532
1532
1533
1533
1533
1536
1536
1537
1537
1538
1538
1539
1540
1540
1541
1543
1543
1545
1545
1547
1548
1549
1549
1551
1551
1552
1554
1554
1556
1556
1557
1558
1559
1559
1559
1559
1560
1561
1562
1565
1565
1566
1566
1568
1569
1570
1571
1571
1571
1573
1574
1575
1576
1577
1578
1579
1580
1580
1582
1586
1586
1589
1589
1591
1593
1594
1595
1597
1598
1598
1599
1599
1599
1600
1601
1603
1605
1605
1605
1606
1607
1610
1610
1612
1613
1613
1614
1615
1615
1616
1616
1617
1617
1618
1619
1620
1624
1624
1624
1625
1625
1629
1630
1631
1631
1631
1632
1633
1634
1634
1634
1635
1636
1637
1637
1637
1638
1639
1639
1640
1641
1641
1643
1643
1644
1645
1645
1645
1646
1647
1647
1649
1652
1653
1655
1656
1657
1658
1658
1659
1662
1663
1665
1665
1667
1669
1669
1670
1671
1673
1673
1673
1674
1675
1675
1679
1680
1681
1681
1681
1683
1683
1685
1688
1695
1695
1695
1696
1697
1697
1698
1699
1701
1701
1701
1702
1704
1705
1706
1708
1708
1709
1709
1710
1711
1711
1715
1715
1716
1716
1719
1719
1720
1720
1720
1721
1723
1726
1726
1728
1729
1729
1730
1731
1731
1732
1732
1734
1736
1739
1742
1742
1742
1743
1744
1745
1746
1747
1748
1749
1750
1751
1751
1753
1754
1758
1760
1760
1763
1764
1764
1764
1764
1766
1766
1771
1773
1774
1774
1775
1775
1775
1777
1779
1779
1780
1782
1783
1785
1786
1786
1786
1787
1787
1787
1788
1789
1790
1791
1791
1792
1793
1793
1794
1796
1797
1797
1797
1799
1799
1800
1802
1802
1805
1808
1809
1810
1813
1815
1815
1815
1816
1816
1816
1818
1818
1818
1818
1819
1819
1819
1820
1820
1821
1821
1821
1821
1822
1824
1824
1826
1826
1827
1827
1832
1833
1835
1837
1837
1838
1839
1839
1840
1841
1843
1843
1845
1848
1848
1848
1850
1851
1853
1853
1854
1856
1856
1857
1860
1860
1861
1863
1863
1864
1865
1866
1866
1866
1866
1867
1870
1870
1871
1871
1875
1875
1879
1879
1882
1882
1883
1883
1883
1884
1885
1886
1888
1888
1890
1890
1891
1891
1892
1893
1894
1894
1894
1895
1897
1901
1902
1902
1903
1903
1904
1904
1904
1905
1906
1906
1908
1910
1911
1912
1912
1912
1913
1913
1914
1915
1918
1918
1919
1919
1919
1919
1919
1920
1922
1923
1924
1925
1925
1925
1928
1929
1933
1933
1938
1939
1939
1943
1943
1944
1944
1945
1945
1945
1949
1949
1952
1952
1952
1956
1957
1957
1958
1958
1959
1961
1962
1963
1964
1965
1969
1970
1972
1974
1974
1975
1976
1978
1979
1979
1979
1981
1982
1983
1984
1986
1987
1989
1989
1990
1990
1991
1993
1993
1994
1994
1996
1996
1998
1999
2001
2003
2004
2004
2005
2005
2006
2007
2009
2009
2009
2011
2011
2012
2012
2013
2013
2013
2013
2015
2015
2016
2017
2018
2018
2018
2020
2020
2022
2022
2023
2025
2025
2025
2027
2028
2028
2030
2031
2033
2034
2037
2037
2040
2040
2042
2044
2045
2045
2045
2045
2046
2047
2048
2050
2051
2051
2052
2053
2053
2053
2053
2055
2056
2056
2056
2057
2057
2058
2058
2061
2061
2063
2066
2069
2070
2073
2073
2075
2075
2078
2079
2079
2080
2080
2081
2083
2084
2085
2086
2087
2088
2088
2090
2092
2093
2094
2096
2098
2099
2099
2100
2102
2102
2104
2106
2106
2107
2109
2111
2111
2112
2112
2113
2114
2115
2118
2119
2119
2120
2121
2121
2121
2121
2121
2125
2125
2126
2127
2127
2128
2129
2137
2137
2139
2139
2140
2141
2143
2143
2144
2144
2145
2145
2146
2147
2148
2148
2148
2149
2151
2153
2155
2156
2156
2158
2158
2158
2159
2159
2161
2161
2162
2162
2165
2166
2167
2168
2169
2170
2171
2172
2172
2173
2176
2176
2178
2178
2178
2179
2179
2179
2180
2181
2181
2183
2184
2185
2185
2186
2186
2186
2187
2188
2189
2190
2190
2190
2191
2191
2194
2195
2195
2197
2198
2199
2201
2203
2204
2205
2206
2209
2209
2210
2210
2210
2210
2212
2212
2213
2214
2215
2215
2215
2217
2220
2220
2220
2222
2222
2222
2222
2223
2225
2227
2227
2232
2233
2235
2236
2236
2237
2238
2239
2239
2239
2241
2241
2241
2243
2243
2244
2244
2245
2245
2246
2249
2249
2251
2252
2252
2256
2256
2257
2261
2262
2262
2263
2263
2264
2265
2265
2266
2267
2269
2270
2270
2271
2272
2275
2275
2276
2281
2281
2282
2283
2284
2285
2286
2286
2287
2287
2287
2288
2288
2289
2289
2290
2292
2292
2293
2293
2293
2297
2299
2300
2300
2301
2302
2304
2305
2306
2307
2308
2309
2309
2313
2315
2318
2318
2320
2321
2322
2323
2324
2324
2328
2328
2329
2330
2331
2331
2332
2333
2334
2335
2336
2337
2338
2340
2340
2341
2343
2344
2344
2346
2346
2348
2349
2349
2350
2350
2351
2351
2352
2352
2353
2355
2356
2356
2357
2359
2359
2360
2360
2361
2361
2361
2362
2363
2364
2366
2367
2369
2369
2370
2376
2378
2378
2378
2378
2379
2379
2380
2381
2381
2381
2382
2383
2383
2384
2385
2386
2386
2387
2388
2388
2389
2389
2391
2393
2393
2393
2393
2394
2395
2397
2397
2397
2400
2405
2406
2407
2407
2408
2408
2409
2412
2413
2413
2413
2414
2415
2417
2418
2419
2419
2421
2423
2424
2426
2426
2427
2430
2431
2431
2431
2431
2432
2432
2433
2434
2434
2435
2436
2438
2439
2440
2441
2443
2443
2444
2445
2446
2447
2452
2453
2453
2454
2457
2459
2459
2461
2463
2464
2464
2464
2466
2467
2467
2467
2469
2470
2471
2472
2473
2473
2476
2477
2479
2482
2482
2482
2483
2486
2486
2486
2487
2487
2489
2489
2490
2490
2492
2493
2497
2497
2499
2500
2500
2500
2501
2501
2502
2503
2503
2503
2504
2506
2506
2509
2510
2511
2511
2511
2513
2513
2513
2514
2514
2515
2517
2520
2521
2523
2523
2523
2523
2524
2527
2528
2531
2533
2533
2534
2537
2538
2539
2540
2540
2541
2542
2542
2543
2544
2544
2545
2545
2545
2547
2551
2552
2552
2553
2554
2554
2555
2555
2556
2556
2557
2557
2560
2561
2563
2563
2566
2566
2569
2570
2570
2571
2572
2572
2573
2574
2578
2578
2578
2580
2580
2584
2586
2586
2587
2587
2588
2588
2589
2589
2593
2593
2595
2595
2596
2598
2598
2600
2600
2602
2603
2603
2603
2604
2605
2606
2606
2606
2607
2612
2613
2614
2614
2617
2619
2620
2620
2621
2621
2622
2623
2624
2624
2624
2624
2626
2628
2628
2629
2630
2633
2633
2633
2634
2635
2636
2636
2637
2637
2638
2640
2640
2641
2641
2643
2643
2644
2644
2646
2646
2651
2651
2654
2656
2659
2659
2660
2660
2662
2662
2662
2663
2664
2666
2667
2668
2671
2672
2672
2673
2674
2675
2675
2675
2676
2676
2679
2680
2681
2681
2683
2683
2684
2685
2685
2686
2687
2688
2688
2689
2689
2691
2691
2694
2697
2699
2699
2700
2701
2701
2702
2702
2703
2704
2708
2709
2711
2712
2712
2712
2713
2715
2715
2716
2716
2717
2718
2719
2720
2720
2720
2720
2721
2721
2725
2725
2726
2727
2727
2727
2728
2728
2729
2730
2731
2731
2733
2733
2733
2733
2734
2735
2736
2737
2737
2737
2739
2739
2739
2739
2742
2743
2746
2746
2747
2747
2748
2750
2753
2753
2754
2756
2756
2757
2758
2758
2758
2762
2762
2763
2764
2765
2765
2765
2765
2766
2767
2770
2770
2771
2772
2773
2774
2778
2779
2780
2784
2785
2786
2786
2787
2788
2792
2794
2794
2795
2795
2796
2798
2799
2799
2800
2801
2803
2807
2811
2812
2814
2815
2815
2817
2817
2818
2818
2819
2819
2820
2821
2823
2824
2824
2824
2827
2831
2832
2833
2834
2834
2835
2835
2836
2837
2838
2838
2839
2839
2839
2840
2841
2842
2843
2843
2843
2844
2844
2844
2846
2848
2849
2852
2852
2853
2854
2854
2856
2856
2858
2861
2863
2863
2864
2865
2865
2869
2870
2873
2873
2875
2875
2875
2876
2876
2878
2880
2880
2881
2881
2883
2883
2885
2885
2886
2886
2887
2888
2889
2890
2890
2894
2894
2895
2895
2896
2896
2898
2901
2903
2903
2904
2904
2905
2905
2907
2907
2908
2909
2911
2911
2911
2912
2912
2912
2913
2913
2915
2916
2916
2917
2918
2918
2919
2920
2921
2922
2922
2926
2928
2928
2929
2929
2929
2929
2930
2932
2935
2943
2945
2946
2947
2947
2947
2948
2948
2949
2949
2949
2953
2956
2957
2957
2959
2960
2961
2962
2964
2964
2965
2965
2968
2969
2970
2970
2971
2972
2973
2974
2977
2978
2978
2978
2979
2979
2979
2980
2981
2981
2984
2984
2984
2986
2987
2987
2990
2991
2992
2992
2992
2994
2995
2999
2999
3000
3001
3001
3002
3002
3003
3006
3009
3010
3010
3012
3014
3015
3016
3017
3019
3024
3025
3028
3030
3033
3035
3036
3037
3037
3037
3037
3040
3040
3040
3041
3042
3043
3045
3045
3048
3050
3051
3052
3053
3053
3055
3055
3056
3056
3057
3060
3061
3061
3061
3061
3063
3066
3066
3069
3072
3072
3072
3073
3074
3074
3075
3075
3075
3075
3076
3077
3077
3077
3078
3079
3080
3080
3083
3083
3084
3084
3084
3086
3086
3088
3088
3090
3090
3092
3093
3093
3094
3094
3094
3095
3098
3099
3102
3103
3103
3103
3104
3106
3107
3107
3108
3108
3111
3111
3111
3112
3112
3113
3115
3116
3116
3116
3116
3116
3117
3118
3118
3119
3119
3119
3120
3121
3123
3124
3125
3125
3126
3126
3129
3129
3130
3134
3137
3137
3137
3138
3139
3140
3143
3146
3146
3146
3147
3150
3150
3152
3152
3153
3154
3154
3157
3157
3158
3159
3162
3162
3162
3162
3163
3163
3163
3165
3166
3167
3169
3169
3169
3170
3174
3175
3176
3176
3176
3177
3178
3178
3179
3180
3180
3180
3180
3181
3182
3182
3183
3184
3185
3185
3186
3186
3187
3188
3189
3189
3189
3189
3190
3192
3192
3194
3195
3195
3197
3197
3199
3199
3201
3201
3203
3203
3204
3204
3204
3207
3210
3210
3211
3212
3213
3216
3217
3218
3218
3219
3220
3221
3222
3222
3222
3223
3224
3225
3225
3227
3229
3229
3230
3231
3231
3232
3232
3232
3234
3235
3236
3236
3237
3238
3239
3239
3239
3240
3240
3240
3240
3242
3243
3243
3244
3244
3244
3245
3248
3249
3249
3250
3251
3253
3255
3257
3259
3259
3259
3261
3261
3262
3267
3267
3267
3269
3270
3270
3272
3272
3273
3276
3276
3276
3277
3280
3280
3280
3281
3281
3282
3283
3283
3284
3285
3286
3286
3286
3288
3288
3289
3289
3290
3293
3297
3298
3298
3299
3300
3300
3300
3301
3302
3302
3303
3303
3303
3303
3304
3305
3306
3306
3307
3307
3309
3309
3311
3312
3315
3316
3316
3317
3318
3319
3320
3320
3320
3322
3325
3325
3325
3326
3326
3328
3328
3330
3330
3330
3330
3330
3331
3332
3332
3333
3335
3336
3339
3339
3340
3340
3342
3347
3347
3348
3349
3351
3352
3353
3354
3355
3355
3355
3356
3357
3357
3357
3358
3358
3358
3358
3360
3360
3360
3361
3361
3362
3362
3364
3366
3366
3367
3368
3368
3370
3370
3372
3372
3373
3373
3373
3375
3376
3376
3377
3378
3378
3379
3382
3383
3385
3385
3386
3386
3386
3387
3389
3390
3390
3391
3391
3394
3394
3394
3397
3398
3398
3400
3400
3400
3402
3403
3403
3403
3404
3405
3409
3410
3412
3412
3413
3414
3415
3415
3416
3417
3421
3421
3421
3422
3422
3422
3422
3423
3423
3424
3427
3429
3431
3433
3434
3434
3436
3436
3440
3440
3444
3444
3444
3444
3445
3445
3445
3445
3446
3446
3447
3449
3450
3450
3450
3451
3452
3452
3453
3454
3455
3455
3456
3461
3463
3463
3467
3468
3468
3468
3469
3470
3470
3471
3473
3476
3477
3479
3479
3480
3480
3481
3481
3482
3482
3483
3485
3486
3487
3488
3488
3488
3489
3489
3490
3491
3491
3491
3492
3494
3499
3500
3501
3501
3501
3501
3503
3507
3507
3508
3511
3513
3513
3514
3514
3515
3517
3518
3519
3519
3519
3520
3520
3522
3524
3526
3526
3527
3528
3528
3529
3529
3529
3530
3531
3536
3536
3537
3537
3538
3538
3539
3540
3541
3542
3542
3543
3544
3546
3548
3549
3553
3553
3555
3556
3557
3558
3558
3559
3564
3565
3565
3565
3567
3567
3568
3568
3569
3571
3571
3572
3572
3574
3575
3575
3576
3578
3579
3580
3583
3585
3590
3591
3591
3591
3591
3592
3592
3592
3594
3594
3595
3597
3599
3599
3600
3602
3603
3604
3606
3606
3606
3608
3608
3608
3609
3609
3610
3610
3611
3611
3612
3612
3615
3617
3618
3619
3619
3621
3623
3624
3627
3628
3629
3629
3630
3630
3630
3635
3638
3639
3639
3640
3643
3644
3644
3645
3647
3648
3648
3650
3651
3652
3652
3654
3657
3657
3657
3659
3659
3660
3661
3662
3663
3663
3664
3664
3665
3665
3668
3669
3669
3670
3670
3672
3675
3678
3678
3679
3681
3683
3683
3684
3684
3685
3686
3688
3688
3689
3691
3695
3696
3697
3699
3700
3700
3701
3702
3702
3703
3703
3706
3706
3707
3708
3709
3711
3711
3712
3712
3713
3714
3714
3716
3716
3717
3717
3717
3718
3719
3720
3721
3723
3724
3725
3728
3730
3730
3731
3731
3732
3733
3735
3736
3736
3737
3739
3740
3741
3742
3743
3743
3747
3747
3748
3748
3749
3752
3755
3757
3760
3761
3763
3767
3767
3768
3769
3771
3773
3776
3776
3777
3779
3780
3782
3782
3783
3784
3784
3784
3784
3786
3786
3786
3787
3789
3790
3791
3791
3792
3792
3793
3793
3796
3799
3799
3799
3801
3803
3804
3804
3804
3805
3806
3806
3807
3807
3808
3809
3809
3809
3813
3814
3814
3815
3816
3820
3820
3821
3821
3822
3824
3826
3827
3827
3827
3827
3827
3828
3829
3831
3833
3833
3833
3834
3835
3836
3836
3837
3837
3837
3839
3840
3840
3841
3843
3843
3844
3845
3846
3846
3847
3848
3850
3854
3854
3857
3858
3859
3861
3861
3862
3863
3863
3863
3863
3863
3865
3867
3867
3867
3867
3869
3870
3870
3873
3873
3873
3874
3874
3876
3877
3878
3878
3878
3879
3880
3881
3882
3882
3882
3882
3884
3885
3885
3886
3887
3889
3892
3893
3894
3895
3895
3896
3896
3896
3897
3897
3898
3900
3900
3900
3901
3901
3902
3902
3902
3902
3903
3908
3908
3910
3911
3913
3914
3914
3917
3917
3918
3918
3920
3921
3922
3923
3923
3925
3926
3926
3926
3928
3929
3929
3932
3933
3934
3935
3936
3936
3942
3942
3942
3943
3943
3945
3947
3948
3949
3949
3950
3950
3950
3952
3953
3954
3956
3959
3959
3961
3964
3965
3965
3967
3967
3968
3968
3972
3972
3974
3974
3975
3977
3977
3979
3980
3981
3982
3984
3985
3986
3986
3986
3987
3987
3987
3988
3990
3990
3990
3990
3991
3992
3993
3995
3996
3997
3998
3999
3999
4000
4000
4003
4003
4004
4005
4007
4008
4010
4011
4011
4012
4013
4014
4014
4014
4015
4016
4016
4016
4017
4017
4018
4019
4019
4019
4023
4023
4023
4024
4025
4025
4026
4026
4027
4028
4028
4031
4031
4032
4034
4035
4035
4036
4036
4037
4037
4041
4041
4041
4043
4045
4045
4046
4047
4048
4049
4049
4050
4050
4050
4050
4052
4052
4052
4053
4053
4056
4056
4061
4061
4062
4065
4065
4066
4068
4068
4069
4069
4070
4071
4071
4073
4074
4074
4075
4076
4076
4077
4077
4080
4080
4080
4081
4081
4084
4085
4085
4085
4085
4086
4086
4088
4088
4090
4090
4091
4091
4092
4092
4094
4094
4098
4100
4101
4102
4103
4103
4103
4105
4106
4112
4113
4113
4116
4121
4121
4121
4121
4122
4122
4122
4123
4125
4126
4129
4130
4130
4130
4130
4133
4133
4133
4134
4134
4134
4135
4135
4138
4141
4141
4142
4143
4143
4146
4147
4147
4148
4150
4151
4151
4153
4153
4157
4158
4160
4161
4162
4162
4163
4165
4169
4169
4170
4171
4171
4171
4172
4173
4176
4176
4177
4177
4177
4178
4179
4179
4180
4181
4181
4185
4185
4186
4186
4188
4188
4188
4190
4191
4192
4192
4192
4193
4193
4193
4194
4194
4195
4196
4196
4197
4197
4198
4199
4200
4201
4201
4201
4202
4203
4204
4204
4204
4204
4205
4206
4207
4207
4207
4207
4211
4211
4212
4212
4212
4212
4213
4215
4220
4221
4223
4224
4224
4224
4226
4226
4227
4228
4229
4230
4230
4232
4236
4236
4237
4237
4238
4241
4243
4247
4249
4250
4251
4253
4253
4255
4256
4256
4257
4257
4257
4259
4259
4259
4260
4260
4260
4262
4262
4263
4264
4264
4266
4266
4268
4268
4268
4269
4271
4272
4274
4274
4274
4276
4276
4277
4278
4285
4285
4287
4288
4290
4290
4290
4292
4292
4294
4298
4298
4299
4302
4302
4304
4304
4305
4305
4305
4305
4305
4308
4308
4311
4313
4314
4314
4316
4316
4317
4321
4322
4327
4327
4329
4331
4331
4332
4332
4332
4335
4336
4336
4338
4338
4338
4339
4339
4339
4341
4341
4341
4342
4344
4344
4344
4344
4345
4345
4348
4348
4348
4350
4354
4354
4358
4358
4358
4359
4359
4361
4362
4363
4363
4363
4366
4366
4368
4370
4373
4373
4373
4374
4374
4378
4378
4378
4380
4381
4381
4384
4384
4385
4385
4385
4386
4386
4390
4393
4394
4396
4397
4397
4398
4398
4399
4400
4402
4404
4404
4407
4407
4407
4408
4408
4409
4410
4410
4410
4411
4411
4412
4412
4413
4415
4415
4415
4416
4416
4418
4419
4419
4421
4422
4423
4423
4424
4424
4426
4427
4427
4427
4428
4428
4431
4431
4432
4433
4433
4434
4436
4436
4437
4439
4440
4442
4443
4443
4444
4444
4445
4445
4445
4450
4451
4452
4452
4453
4453
4453
4454
4455
4456
4457
4458
4460
4460
4461
4463
4464
4465
4465
4465
4466
4467
4468
4468
4472
4472
4473
4474
4475
4475
4475
4478
4478
4478
4478
4479
4482
4483
4484
4484
4488
4488
4488
4489
4489
4494
4494
4495
4496
4496
4500
4501
4502
4507
4510
4512
4512
4517
4519
4519
4521
4523
4523
4524
4526
4526
4528
4531
4532
4534
4535
4535
4535
4536
4537
4539
4539
4540
4540
4541
4543
4544
4544
4548
4549
4550
4552
4552
4555
4555
4557
4557
4557
4558
4558
4559
4560
4561
4563
4564
4564
4565
4566
4566
4567
4567
4568
4570
4572
4574
4574
4575
4576
4580
4580
4580
4580
4580
4582
4583
4584
4585
4587
4587
4588
4588
4590
4590
4591
4591
4591
4592
4592
4593
4594
4595
4595
4595
4597
4598
4599
4599
4600
4600
4600
4600
4600
4604
4605
4605
4606
4607
4607
4608
4612
4612
4612
4612
4613
4613
4615
4618
4618
4619
4622
4623
4623
4623
4626
4628
4628
4628
4630
4632
4632
4633
4635
4637
4640
4640
4642
4643
4644
4645
4646
4648
4649
4649
4651
4651
4653
4655
4656
4656
4656
4656
4657
4657
4660
4660
4660
4660
4661
4661
4663
4663
4663
4663
4664
4665
4665
4666
4666
4667
4668
4669
4670
4670
4673
4673
4675
4677
4677
4678
4679
4683
4683
4683
4686
4687
4689
4690
4690
4691
4691
4692
4693
4693
4693
4694
4694
4694
4694
4695
4696
4697
4699
4700
4700
4700
4702
4703
4704
4705
4705
4706
4706
4707
4710
4710
4710
4711
4712
4715
4716
4717
4717
4717
4718
4718
4719
4719
4720
4720
4721
4723
4724
4726
4726
4727
4727
4730
4731
4731
4733
4734
4734
4736
4738
4739
4739
4740
4740
4741
4742
4745
4745
4745
4745
4748
4749
4749
4750
4750
4751
4751
4752
4753
4753
4755
4755
4755
4756
4756
4756
4757
4758
4759
4759
4759
4760
4761
4761
4763
4766
4766
4766
4767
4768
4769
4771
4773
4773
4774
4774
4774
4775
4779
4780
4780
4782
4782
4786
4786
4786
4788
4789
4791
4792
4793
4793
4793
4794
4795
4796
4797
4798
4798
4801
4803
4803
4803
4804
4805
4805
4806
4806
4807
4807
4808
4808
4809
4809
4809
4810
4811
4814
4815
4815
4815
4817
4817
4819
4819
4823
4826
4826
4828
4829
4829
4830
4832
4834
4835
4835
4835
4835
4836
4837
4838
4840
4843
4843
4845
4845
4848
4848
4851
4853
4854
4855
4855
4855
4855
4856
4856
4857
4858
4860
4860
4862
4865
4866
4867
4867
4868
4868
4870
4872
4874
4875
4875
4875
4876
4877
4877
4878
4878
4879
4880
4880
4881
4882
4884
4886
4886
4887
4887
4887
4889
4889
4889
4889
4890
4891
4894
4898
4899
4899
4899
4901
4902
4905
4906
4906
4907
4908
4909
4909
4909
4911
4911
4912
4912
4915
4915
4915
4917
4918
4919
4919
4920
4920
4922
4922
4923
4923
4924
4924
4925
4927
4928
4929
4931
4932
4933
4933
4935
4936
4936
4937
4937
4937
4938
4941
4943
4944
4945
4947
4947
4948
4949
4949
4949
4951
4953
4954
4954
4957
4957
4957
4958
4959
4960
4962
4962
4962
4962
4962
4963
4963
4963
4964
4965
4965
4966
4968
4968
4969
4969
4969
4970
4971
4972
4973
4975
4976
4977
4980
4983
4984
4984
4985
4985
4985
4986
4987
4987
4988
4988
4989
4990
4990
4992
4992
4993
4993
4993
4995
4997
4998
4999
4999
5000
5002
5003
5004
5004
5004
5005
5007
5007
5007
5007
5008
5009
5009
5010
5011
5012
5012
5014
5014
5015
5016
5016
5018
5019
5019
5019
5021
5022
5024
5024
5025
5025
5025
5026
5027
5027
5030
5032
5032
5032
5032
5033
5033
5036
5037
5039
5040
5041
5042
5043
5045
5045
5046
5046
5047
5047
5047
5047
5048
5048
5048
5049
5051
5051
5052
5052
5053
5053
5054
5055
5056
5058
5062
5065
5066
5069
5070
5073
5076
5077
5077
5079
5079
5080
5080
5080
5081
5081
5082
5082
5083
5085
5085
5087
5089
5090
5091
5092
5093
5093
5093
5097
5099
5100
5102
5104
5104
5104
5105
5106
5106
5106
5107
5109
5111
5112
5112
5113
5113
5113
5115
5116
5116
5116
5116
5118
5118
5119
5120
5122
5122
5122
5124
5125
5127
5128
5128
5129
5130
5131
5131
5134
5134
5134
5137
5138
5138
5139
5140
5142
5143
5144
5144
5145
5150
5153
5154
5155
5160
5160
5161
5161
5161
5162
5163
5165
5165
5167
5167
5167
5167
5168
5169
5171
5173
5174
5174
5174
5175
5175
5176
5177
5177
5177
5177
5179
5180
5182
5182
5184
5185
5185
5185
5185
5187
5188
5190
5194
5194
5195
5195
5196
5196
5196
5197
5197
5200
5201
5203
5204
5205
5206
5207
5207
5207
5209
5210
5212
5214
5214
5215
5216
5218
5219
5221
5221
5221
5221
5223
5224
5227
5228
5229
5230
5231
5233
5235
5235
5237
5238
5238
5242
5243
5245
5246
5247
5247
5247
5249
5252
5252
5253
5254
5255
5255
5259
5260
5262
5262
5262
5263
5263
5264
5265
5265
5266
5269
5270
5272
5273
5273
5275
5275
5276
5276
5276
5277
5280
5282
5284
5284
5285
5286
5286
5286
5286
5286
5287
5287
5288
5291
5291
5295
5296
5297
5298
5298
5298
5301
5303
5303
5304
5305
5306
5306
5310
5310
5311
5313
5313
5313
5317
5319
5321
5322
5323
5323
5323
5325
5325
5325
5327
5327
5330
5333
5334
5335
5336
5339
5340
5340
5340
5341
5345
5349
5350
5351
5352
5352
5353
5354
5355
5358
5360
5360
5360
5362
5363
5369
5371
5374
5375
5375
5375
5376
5377
5377
5377
5379
5380
5381
5387
5389
5390
5392
5392
5393
5393
5393
5395
5396
5396
5398
5398
5402
5403
5403
5404
5407
5407
5408
5408
5409
5409
5410
5411
5411
5412
5412
5414
5414
5414
5415
5415
5416
5419
5419
5421
5422
5423
5423
5425
5427
5428
5428
5430
5431
5431
5431
5432
5432
5434
5435
5436
5437
5438
5439
5440
5441
5441
5441
5442
5442
5444
5444
5444
5444
5446
5447
5448
5455
5457
5457
5457
5459
5462
5462
5463
5464
5465
5465
5466
5467
5467
5467
5469
5470
5470
5470
5470
5471
5472
5472
5473
5473
5473
5474
5474
5475
5475
5475
5478
5479
5481
5482
5482
5484
5485
5486
5486
5486
5487
5491
5492
5492
5492
5493
5496
5497
5497
5499
5500
5500
5505
5506
5506
5508
5509
5509
5510
5511
5511
5512
5513
5516
5518
5519
5520
5521
5522
5523
5523
5524
5524
5525
5525
5529
5529
5531
5531
5532
5534
5534
5535
5536
5536
5536
5538
5541
5541
5543
5544
5545
5546
5547
5548
5549
5550
5551
5551
5551
5552
5554
5554
5555
5555
5556
5558
5559
5560
5561
5563
5563
5564
5568
5568
5569
5570
5571
5573
5576
5577
5577
5580
5580
5580
5580
5582
5582
5584
5584
5585
5585
5586
5587
5587
5588
5590
5591
5591
5594
5595
5596
5596
5597
5598
5601
5601
5603
5604
5604
5604
5606
5608
5608
5608
5609
5611
5612
5613
5614
5614
5617
5618
5619
5620
5620
5621
5621
5621
5622
5624
5625
5626
5627
5627
5627
5628
5628
5628
5630
5630
5632
5634
5635
5635
5636
5637
5637
5638
5641
5642
5642
5643
5646
5646
5647
5647
5652
5652
5652
5653
5653
5654
5654
5655
5656
5656
5656
5656
5662
5662
5664
5665
5666
5666
5666
5667
5668
5668
5669
5669
5670
5670
5670
5671
5671
5674
5674
5675
5675
5679
5680
5680
5681
5682
5683
5683
5684
5686
5687
5689
5691
5691
5692
5692
5692
5693
5693
5694
5696
5699
5699
5700
5702
5702
5704
5704
5705
5707
5709
5709
5710
5710
5712
5713
5713
5713
5714
5714
5714
5714
5715
5715
5715
5717
5717
5718
5719
5719
5721
5722
5725
5725
5727
5727
5728
5729
5729
5729
5730
5731
5731
5733
5733
5733
5733
5734
5735
5737
5738
5739
5741
5741
5743
5744
5745
5745
5746
5748
5749
5749
5750
5750
5753
5754
5756
5762
5763
5764
5765
5765
5766
5767
5769
5769
5769
5770
5773
5774
5777
5777
5777
5778
5778
5779
5780
5780
5781
5781
5781
5783
5783
5783
5784
5784
5785
5786
5787
5787
5788
5789
5789
5790
5792
5794
5794
5794
5795
5797
5798
5799
5801
5806
5807
5808
5810
5811
5813
5817
5819
5819
5820
5821
5822
5822
5823
5823
5825
5825
5826
5826
5827
5827
5828
5829
5830
5830
5831
5832
5834
5835
5835
5835
5836
5836
5838
5839
5840
5841
5842
5842
5843
5844
5844
5845
5845
5847
5848
5848
5849
5850
5853
5854
5854
5854
5855
5857
5858
5859
5859
5860
5860
5860
5860
5860
5861
5862
5865
5866
5871
5871
5872
5873
5873
5873
5875
5879
5879
5881
5884
5884
5886
5889
5891
5894
5894
5894
5894
5895
5896
5897
5898
5898
5899
5900
5904
5905
5905
5906
5907
5908
5911
5911
5912
5912
5912
5914
5915
5915
5917
5918
5919
5922
5922
5923
5923
5924
5924
5926
5928
5928
5928
5929
5930
5930
5932
5935
5937
5938
5939
5939
5939
5941
5941
5941
5943
5944
5944
5946
5946
5947
5948
5948
5948
5949
5949
5949
5950
5951
5952
5952
5956
5957
5958
5958
5961
5962
5962
5965
5970
5971
5973
5975
5976
5979
5982
5983
5984
5985
5986
5987
5987
5988
5992
5993
5994
5994
5996
5997
5999
6000
6001
6001
6001
6001
6002
6002
6003
6004
6004
6006
6006
6008
6008
6008
6010
6015
6017
6017
6018
6019
6020
6022
6022
6022
6024
6024
6025
6025
6026
6026
6028
6029
6033
6033
6033
6034
6034
6035
6037
6037
6038
6038
6038
6039
6043
6043
6044
6045
6048
6050
6052
6053
6054
6056
6059
6059
6060
6061
6061
6063
6064
6064
6065
6065
6066
6067
6069
6070
6070
6073
6074
6074
6075
6075
6076
6084
6084
6085
6086
6086
6087
6088
6090
6091
6092
6092
6092
6093
6095
6095
6096
6096
6096
6096
6098
6098
6099
6100
6102
6105
6107
6107
6110
6110
6111
6112
6113
6114
6114
6115
6116
6116
6117
6117
6118
6118
6120
6121
6122
6123
6128
6128
6129
6131
6132
6132
6133
6135
6137
6138
6139
6140
6143
6143
6144
6145
6146
6149
6151
6154
6155
6157
6158
6160
6161
6162
6163
6163
6164
6165
6165
6166
6166
6166
6168
6169
6170
6172
6173
6173
6175
6175
6175
6176
6177
6178
6179
6181
6181
6183
6186
6186
6187
6187
6188
6188
6188
6191
6192
6192
6193
6194
6196
6198
6201
6204
6205
6206
6207
6207
6207
6209
6210
6210
6211
6211
6213
6215
6215
6217
6217
6219
6219
6219
6220
6221
6223
6224
6224
6225
6226
6230
6230
6232
6232
6233
6233
6233
6234
6235
6235
6236
6237
6238
6241
6242
6242
6245
6248
6249
6249
6249
6249
6249
6249
6250
6251
6251
6251
6251
6252
6253
6253
6255
6256
6258
6260
6260
6261
6262
6266
6267
6269
6269
6270
6273
6273
6273
6274
6274
6275
6275
6275
6276
6278
6280
6281
6281
6281
6281
6285
6286
6286
6286
6286
6288
6289
6292
6299
6299
6300
6301
6301
6302
6307
6308
6308
6309
6310
6312
6315
6315
6316
6317
6318
6318
6320
6321
6321
6321
6322
6322
6323
6324
6327
6328
6328
6331
6332
6333
6336
6337
6338
6340
6340
6341
6341
6342
6344
6346
6346
6347
6347
6348
6348
6348
6349
6350
6352
6354
6355
6355
6358
6362
6362
6362
6364
6366
6367
6367
6367
6370
6371
6371
6372
6373
6373
6373
6375
6375
6377
6378
6378
6378
6380
6380
6380
6381
6382
6383
6385
6385
6387
6389
6389
6392
6393
6394
6394
6395
6395
6396
6396
6397
6397
6400
6400
6402
6402
6402
6403
6404
6405
6407
6407
6407
6407
6409
6409
6410
6411
6413
6415
6415
6417
6417
6419
6419
6419
6422
6423
6427
6429
6429
6430
6430
6430
6431
6433
6435
6436
6437
6437
6437
6438
6439
6439
6439
6439
6441
6442
6442
6444
6445
6446
6447
6448
6450
6451
6452
6453
6458
6463
6465
6467
6467
6468
6469
6469
6469
6471
6472
6472
6473
6475
6475
6476
6476
6477
6477
6478
6482
6483
6485
6485
6485
6486
6491
6494
6495
6496
6497
6498
6498
6499
6501
6501
6502
6502
6505
6506
6513
6513
6514
6515
6515
6516
6517
6518
6519
6519
6519
6519
6522
6524
6524
6525
6529
6530
6531
6533
6537
6538
6539
6539
6541
6541
6542
6542
6543
6543
6544
6545
6546
6547
6548
6550
6550
6551
6553
6554
6555
6555
6557
6558
6558
6560
6561
6561
6562
6562
6563
6563
6564
6566
6566
6567
6568
6569
6570
6571
6573
6576
6576
6576
6577
6577
6577
6578
6581
6583
6584
6584
6585
6585
6585
6586
6587
6588
6588
6590
6591
6591
6592
6593
6594
6595
6596
6599
6599
6599
6600
6600
6600
6601
6601
6605
6606
6606
6608
6608
6610
6610
6611
6612
6613
6615
6615
6616
6616
6617
6619
6620
6621
6621
6621
6623
6623
6623
6625
6626
6626
6627
6629
6629
6631
6632
6633
6634
6634
6636
6636
6636
6639
6640
6641
6642
6643
6643
6643
6644
6644
6644
6645
6650
6652
6652
6653
6656
6656
6657
6660
6661
6661
6663
6664
6665
6666
6666
6667
6669
6672
6673
6674
6676
6676
6677
6678
6679
6680
6682
6682
6682
6684
6684
6685
6685
6685
6686
6686
6692
6693
6694
6696
6697
6698
6698
6699
6699
6700
6703
6706
6706
6706
6707
6707
6707
6707
6708
6709
6709
6709
6711
6712
6713
6713
6716
6717
6719
6722
6723
6723
6725
6726
6726
6727
6728
6728
6728
6729
6729
6730
6731
6734
6736
6737
6737
6738
6738
6740
6740
6741
6741
6742
6742
6742
6743
6745
6746
6747
6748
6750
6750
6750
6753
6753
6753
6756
6756
6756
6759
6759
6763
6763
6763
6764
6764
6764
6765
6766
6768
6770
6771
6771
6775
6775
6776
6777
6778
6779
6779
6781
6782
6783
6783
6786
6786
6789
6790
6790
6791
6791
6791
6791
6792
6792
6793
6798
6798
6800
6800
6800
6801
6802
6802
6803
6803
6804
6805
6805
6807
6807
6808
6809
6812
6813
6814
6814
6814
6815
6816
6817
6817
6818
6818
6820
6820
6821
6822
6822
6823
6826
6827
6828
6829
6829
6830
6830
6830
6831
6831
6832
6832
6832
6833
6833
6835
6836
6836
6836
6836
6837
6837
6838
6840
6842
6843
6844
6844
6844
6844
6845
6845
6846
6849
6849
6851
6851
6854
6855
6857
6857
6859
6859
6860
6860
6861
6861
6861
6862
6865
6866
6867
6870
6872
6872
6873
6873
6874
6874
6874
6875
6879
6880
6880
6882
6884
6884
6884
6885
6885
6886
6888
6889
6889
6890
6893
6894
6894
6894
6895
6897
6898
6899
6900
6900
6900
6902
6903
6903
6903
6904
6904
6904
6909
6911
6912
6913
6915
6915
6915
6918
6924
6924
6924
6927
6927
6927
6928
6931
6932
6933
6934
6936
6936
6936
6937
6938
6940
6940
6942
6943
6943
6944
6945
6945
6946
6946
6947
6948
6948
6948
6950
6950
6952
6953
6953
6954
6955
6956
6957
6957
6958
6959
6960
6960
6962
6963
6963
6963
6963
6965
6966
6968
6968
6969
6974
6975
6979
6979
6981
6981
6982
6982
6984
6984
6985
6985
6986
6987
6987
6987
6988
6988
6988
6990
6993
6993
6993
6994
6994
6994
6995
6995
6997
6998
6999
6999
7000
7001
7002
7002
7004
7005
7006
7007
7007
7009
7010
7010
7011
7013
7016
7017
7017
7017
7019
7021
7024
7025
7025
7025
7028
7029
7029
7031
7031
7032
7033
7035
7035
7036
7037
7039
7041
7042
7043
7045
7045
7046
7047
7048
7048
7049
7049
7050
7051
7052
7052
7052
7052
7054
7055
7055
7056
7057
7058
7059
7060
7060
7062
7062
7062
7065
7068
7069
7072
7073
7073
7073
7074
7075
7075
7077
7078
7080
7080
7081
7081
7082
7083
7083
7083
7086
7088
7088
7088
7089
7089
7090
7091
7092
7092
7092
7093
7093
7093
7094
7094
7095
7095
7095
7097
7098
7098
7098
7098
7101
7102
7103
7103
7103
7103
7103
7105
7106
7109
7110
7112
7113
7113
7116
7116
7116
7116
7116
7117
7117
7118
7119
7119
7119
7119
7120
7120
7121
7122
7124
7124
7124
7125
7127
7129
7129
7129
7129
7132
7133
7133
7134
7135
7136
7137
7138
7139
7140
7141
7141
7142
7144
7146
7146
7147
7151
7151
7152
7153
7154
7157
7157
7159
7161
7161
7162
7163
7165
7165
7166
7166
7167
7167
7167
7168
7168
7169
7170
7171
7171
7172
7172
7175
7175
7175
7177
7178
7178
7179
7179
7179
7181
7185
7186
7187
7189
7190
7192
7192
7192
7192
7194
7194
7196
7198
7199
7200
7200
7201
7203
7207
7207
7209
7209
7211
7214
7214
7214
7216
7216
7218
7218
7218
7222
7222
7224
7224
7224
7224
7225
7227
7228
7228
7229
7230
7231
7234
7235
7236
7237
7240
7241
7241
7242
7243
7243
7244
7245
7247
7248
7249
7250
7250
7251
7251
7251
7253
7254
7254
7255
7256
7257
7259
7259
7262
7264
7264
7265
7266
7266
7267
7269
7270
7272
7272
7276
7278
7279
7280
7280
7281
7281
7283
7284
7286
7287
7288
7289
7290
7291
7291
7295
7295
7296
7297
7297
7298
7300
7302
7302
7302
7303
7303
7304
7308
7309
7309
7310
7310
7310
7311
7312
7312
7312
7314
7316
7317
7318
7318
7320
7320
7322
7322
7322
7322
7324
7326
7328
7328
7328
7328
7330
7333
7336
7337
7337
7340
7341
7342
7342
7342
7344
7344
7345
7348
7351
7353
7353
7354
7355
7356
7356
7357
7359
7360
7360
7361
7361
7362
7363
7363
7365
7365
7365
7366
7366
7368
7368
7370
7371
7372
7376
7378
7378
7379
7380
7381
7382
7383
7383
7386
7387
7388
7388
7388
7389
7389
7390
7390
7390
7393
7394
7395
7396
7398
7398
7398
7399
7401
7402
7406
7406
7407
7409
7409
7410
7413
7413
7413
7415
7415
7416
7417
7417
7418
7419
7421
7421
7422
7424
7425
7425
7428
7428
7429
7430
7432
7434
7439
7439
7440
7442
7442
7442
7443
7445
7447
7450
7450
7453
7455
7455
7458
7459
7459
7460
7460
7460
7461
7461
7462
7463
7463
7464
7464
7466
7466
7467
7468
7468
7471
7472
7473
7475
7477
7478
7478
7478
7479
7479
7481
7482
7482
7482
7482
7485
7486
7488
7490
7490
7491
7492
7493
7495
7497
7500
7502
7504
7504
7505
7507
7507
7509
7509
7511
7513
7514
7515
7516
7516
7519
7520
7523
7523
7526
7526
7526
7526
7526
7527
7531
7532
7534
7535
7535
7536
7537
7537
7538
7539
7540
7542
7543
7544
7544
7547
7547
7548
7548
7548
7549
7551
7553
7555
7556
7558
7558
7558
7559
7559
7562
7562
7562
7563
7563
7565
7571
7571
7571
7571
7573
7574
7577
7578
7578
7580
7580
7580
7581
7581
7583
7583
7584
7586
7587
7587
7588
7589
7590
7590
7592
7593
7593
7594
7594
7594
7594
7596
7596
7596
7599
7600
7600
7601
7602
7603
7604
7606
7608
7608
7609
7611
7612
7612
7614
7616
7616
7617
7622
7622
7623
7624
7625
7625
7626
7627
7629
7629
7631
7634
7635
7637
7637
7640
7641
7641
7643
7645
7645
7645
7645
7645
7646
7648
7649
7651
7652
7652
7654
7655
7656
7656
7657
7660
7660
7660
7662
7662
7663
7663
7664
7664
7664
7669
7669
7670
7670
7671
7673
7676
7676
7677
7677
7677
7678
7679
7681
7682
7683
7684
7686
7687
7687
7687
7687
7688
7689
7689
7690
7690
7693
7694
7696
7696
7697
7698
7701
7701
7702
7703
7705
7707
7710
7710
7711
7712
7713
7713
7713
7713
7716
7717
7720
7721
7722
7725
7726
7728
7729
7730
7730
7731
7731
7732
7732
7734
7735
7736
7736
7737
7737
7737
7738
7738
7740
7740
7741
7742
7742
7743
7743
7744
7744
7745
7746
7746
7747
7747
7748
7748
7750
7751
7753
7753
7755
7755
7755
7755
7755
7756
7758
7758
7760
7762
7762
7762
7762
7764
7764
7764
7765
7765
7766
7766
7766
7766
7767
7771
7771
7773
7773
7773
7776
7777
7778
7781
7781
7781
7782
7783
7784
7786
7788
7788
7789
7789
7789
7789
7790
7791
7791
7791
7792
7793
7793
7794
7794
7795
7795
7795
7796
7797
7798
7798
7798
7799
7800
7801
7801
7805
7806
7806
7807
7808
7808
7809
7810
7810
7811
7815
7815
7815
7817
7817
7818
7820
7822
7823
7825
7826
7827
7827
7828
7828
7829
7829
7830
7830
7830
7832
7837
7841
7841
7843
7844
7845
7849
7850
7850
7851
7853
7853
7855
7856
7856
7858
7858
7859
7861
7861
7862
7862
7862
7866
7866
7868
7869
7871
7871
7871
7871
7872
7872
7874
7875
7876
7877
7879
7880
7881
7881
7881
7883
7883
7884
7884
7885
7885
7886
7887
7887
7888
7891
7892
7893
7893
7894
7897
7898
7898
7900
7900
7901
7904
7905
7905
7907
7908
7908
7912
7913
7914
7915
7916
7916
7918
7918
7920
7921
7925
7926
7927
7928
7928
7931
7931
7934
7934
7935
7936
7937
7937
7937
7940
7941
7943
7943
7944
7944
7945
7947
7947
7947
7948
7949
7950
7952
7954
7954
7955
7958
7959
7962
7962
7963
7963
7964
7966
7967
7968
7968
7972
7972
7973
7975
7977
7982
7983
7983
7984
7985
7986
7989
7990
7990
7991
7992
7992
7993
7996
7997
7998
8002
8005
8006
8007
8008
8009
8012
8012
8014
8016
8016
8017
8017
8018
8019
8019
8019
8024
8024
8025
8029
8031
8031
8031
8031
8031
8032
8033
8033
8035
8036
8036
8038
8039
8039
8039
8040
8042
8042
8042
8044
8046
8047
8047
8051
8052
8054
8055
8055
8056
8058
8059
8059
8061
8062
8063
8063
8064
8065
8065
8067
8068
8068
8069
8069
8070
8070
8070
8070
8071
8072
8072
8072
8073
8073
8076
8076
8078
8079
8081
8081
8083
8084
8084
8084
8086
8087
8087
8089
8091
8091
8092
8095
8096
8098
8099
8099
8099
8100
8102
8103
8104
8107
8108
8109
8115
8115
8116
8117
8121
8122
8123
8123
8125
8127
8127
8128
8131
8133
8133
8134
8134
8134
8135
8137
8137
8140
8141
8142
8143
8144
8145
8146
8148
8150
8153
8153
8155
8155
8155
8156
8157
8157
8157
8157
8158
8158
8158
8158
8158
8159
8160
8161
8163
8163
8164
8165
8165
8166
8167
8168
8168
8170
8173
8174
8176
8176
8177
8177
8178
8179
8179
8180
8182
8182
8183
8186
8186
8189
8191
8193
8193
8194
8194
8195
8196
8197
8198
8198
8198
8199
8200
8202
8203
8204
8204
8204
8206
8207
8207
8209
8210
8210
8211
8213
8213
8216
8216
8218
8219
8220
8220
8221
8221
8223
8224
8226
8228
8229
8229
8229
8229
8232
8234
8237
8237
8242
8243
8243
8243
8243
8244
8244
8244
8245
8247
8247
8247
8248
8249
8255
8257
8258
8258
8258
8258
8261
8263
8263
8264
8264
8265
8266
8266
8267
8267
8267
8268
8269
8270
8270
8270
8272
8272
8272
8273
8274
8276
8276
8277
8278
8278
8279
8283
8284
8284
8286
8286
8288
8289
8289
8291
8291
8291
8292
8292
8295
8295
8295
8297
8298
8299
8300
8300
8301
8301
8302
8302
8303
8305
8305
8306
8306
8307
8307
8308
8309
8310
8310
8310
8312
8314
8314
8315
8316
8318
8319
8319
8319
8320
8320
8322
8325
8326
8327
8327
8328
8329
8331
8333
8333
8335
8337
8338
8338
8338
8339
8340
8342
8343
8346
8346
8347
8348
8349
8350
8352
8352
8353
8355
8358
8358
8358
8358
8359
8360
8361
8362
8363
8363
8364
8364
8366
8368
8368
8369
8369
8373
8373
8373
8373
8374
8374
8375
8376
8376
8377
8379
8383
8383
8387
8387
8388
8390
8392
8395
8397
8397
8398
8400
8400
8402
8403
8405
8405
8405
8406
8408
8409
8409
8410
8410
8411
8411
8413
8415
8416
8418
8419
8420
8421
8422
8422
8422
8422
8424
8424
8425
8427
8429
8430
8431
8436
8437
8438
8439
8440
8441
8442
8444
8444
8447
8447
8447
8448
8449
8450
8451
8453
8453
8453
8456
8457
8458
8458
8458
8460
8460
8461
8462
8462
8463
8463
8463
8464
8465
8465
8466
8468
8468
8468
8469
8469
8471
8471
8472
8473
8474
8476
8476
8479
8480
8483
8483
8484
8485
8486
8488
8488
8489
8489
8489
8493
8494
8497
8498
8501
8502
8503
8503
8504
8506
8506
8508
8510
8510
8510
8511
8512
8512
8513
8514
8514
8514
8514
8515
8515
8516
8517
8518
8519
8520
8521
8522
8523
8524
8526
8528
8529
8530
8532
8535
8535
8536
8537
8537
8540
8542
8543
8544
8544
8545
8546
8547
8547
8547
8547
8547
8548
8548
8549
8549
8551
8552
8555
8556
8557
8558
8559
8559
8560
8562
8563
8564
8565
8565
8565
8569
8570
8570
8571
8571
8573
8573
8573
8574
8574
8574
8576
8576
8576
8580
8580
8580
8581
8582
8582
8583
8583
8584
8585
8585
8587
8587
8588
8588
8593
8593
8594
8595
8598
8598
8598
8599
8600
8600
8600
8600
8601
8605
8607
8608
8609
8611
8611
8611
8612
8612
8612
8614
8615
8616
8617
8619
8622
8624
8624
8625
8626
8626
8628
8629
8631
8632
8634
8634
8635
8635
8638
8639
8639
8639
8641
8642
8642
8642
8642
8644
8644
8644
8645
8645
8647
8648
8650
8650
8651
8652
8652
8653
8654
8655
8657
8660
8661
8661
8661
8663
8664
8664
8664
8669
8670
8671
8671
8672
8674
8676
8676
8676
8678
8679
8682
8682
8683
8685
8685
8686
8686
8686
8687
8688
8688
8690
8691
8691
8692
8693
8698
8700
8700
8700
8701
8703
8703
8703
8704
8704
8705
8705
8705
8706
8711
8713
8715
8717
8721
8722
8722
8725
8726
8728
8728
8728
8730
8730
8732
8733
8733
8734
8734
8735
8735
8735
8735
8735
8735
8736
8739
8739
8742
8743
8743
8744
8745
8746
8746
8747
8748
8748
8749
8751
8755
8755
8756
8756
8756
8757
8758
8758
8759
8761
8761
8762
8764
8764
8765
8765
8766
8766
8766
8769
8769
8769
8770
8771
8771
8773
8774
8775
8778
8778
8781
8783
8784
8784
8784
8784
8786
8786
8787
8787
8788
8790
8791
8796
8796
8798
8799
8799
8801
8801
8802
8803
8804
8804
8804
8805
8805
8806
8807
8807
8809
8809
8810
8812
8816
8816
8819
8820
8821
8822
8823
8823
8824
8824
8826
8827
8829
8829
8829
8830
8830
8830
8831
8831
8833
8833
8833
8834
8835
8836
8837
8838
8838
8839
8839
8840
8841
8841
8841
8842
8843
8843
8848
8848
8849
8853
8854
8854
8855
8855
8856
8857
8859
8861
8861
8862
8862
8863
8865
8865
8866
8866
8866
8868
8868
8868
8869
8869
8870
8871
8872
8872
8874
8875
8875
8876
8877
8879
8879
8880
8880
8880
8881
8882
8883
8886
8887
8887
8887
8888
8889
8889
8890
8890
8893
8895
8895
8896
8896
8897
8898
8898
8902
8902
8903
8905
8906
8906
8908
8909
8910
8911
8912
8914
8914
8914
8915
8917
8920
8921
8921
8923
8923
8923
8924
8926
8927
8927
8928
8929
8929
8930
8931
8932
8934
8935
8935
8936
8937
8937
8939
8940
8940
8941
8943
8944
8947
8947
8948
8949
8949
8949
8950
8950
8951
8951
8951
8952
8954
8955
8956
8956
8957
8957
8958
8958
8960
8960
8961
8962
8962
8963
8967
8967
8968
8969
8969
8971
8972
8972
8974
8975
8975
8976
8976
8977
8978
8978
8980
8982
8982
8982
8983
8984
8984
8984
8985
8985
8988
8988
8990
8990
8992
8992
8996
8996
8997
8998
8999
9000
9000
9001
9002
9002
9005
9005
9006
9007
9007
9008
9009
9010
9011
9011
9011
9013
9016
9016
9017
9018
9018
9018
9019
9020
9020
9021
9022
9022
9023
9024
9024
9024
9024
9026
9026
9027
9034
9038
9041
9041
9041
9043
9043
9045
9047
9048
9048
9049
9050
9051
9051
9052
9054
9054
9054
9054
9055
9056
9059
9060
9062
9063
9063
9064
9064
9065
9068
9068
9068
9069
9069
9069
9070
9070
9070
9070
9070
9071
9072
9074
9075
9076
9078
9080
9080
9080
9080
9081
9081
9081
9083
9083
9085
9087
9088
9090
9090
9091
9097
9098
9101
9102
9102
9103
9104
9104
9107
9107
9108
9110
9112
9114
9114
9116
9119
9119
9119
9120
9121
9121
9121
9124
9125
9126
9131
9132
9133
9134
9135
9135
9135
9136
9137
9137
9138
9138
9139
9140
9140
9141
9142
9142
9143
9145
9145
9146
9146
9147
9148
9148
9149
9149
9152
9154
9154
9155
9158
9160
9160
9160
9160
9161
9161
9162
9162
9163
9163
9165
9165
9166
9166
9167
9167
9169
9169
9172
9172
9173
9174
9174
9175
9176
9176
9177
9177
9177
9178
9183
9183
9183
9184
9185
9185
9186
9188
9190
9191
9191
9193
9194
9195
9196
9198
9199
9199
9200
9201
9201
9202
9203
9203
9206
9207
9208
9208
9210
9211
9211
9212
9212
9216
9217
9217
9217
9219
9220
9220
9221
9221
9223
9223
9225
9226
9226
9226
9226
9226
9228
9228
9229
9229
9229
9230
9231
9232
9232
9232
9234
9235
9236
9236
9237
9237
9238
9238
9239
9239
9239
9243
9243
9243
9243
9244
9244
9245
9246
9249
9249
9249
9250
9251
9254
9254
9255
9255
9256
9257
9258
9260
9262
9262
9262
9263
9263
9264
9265
9265
9265
9265
9267
9267
9267
9267
9269
9271
9271
9271
9272
9272
9273
9276
9277
9278
9281
9282
9283
9283
9287
9289
9289
9289
9290
9291
9292
9294
9296
9297
9297
9303
9304
9305
9305
9306
9308
9310
9311
9312
9314
9318
9319
9320
9321
9321
9322
9322
9323
9323
9325
9325
9328
9328
9328
9329
9331
9331
9332
9333
9334
9334
9336
9337
9338
9340
9341
9342
9342
9342
9342
9343
9343
9344
9344
9344
9344
9346
9346
9348
9349
9349
9356
9357
9358
9361
9363
9364
9365
9366
9369
9369
9369
9371
9371
9373
9374
9375
9375
9375
9378
9378
9378
9379
9379
9382
9382
9384
9384
9386
9386
9389
9390
9391
9392
9392
9392
9393
9394
9394
9394
9395
9395
9396
9397
9398
9402
9403
9404
9405
9405
9408
9410
9411
9412
9413
9414
9414
9416
9417
9418
9419
9420
9420
9421
9423
9424
9425
9427
9428
9429
9430
9430
9430
9431
9431
9432
9432
9435
9439
9439
9440
9440
9440
9443
9445
9447
9448
9449
9449
9449
9450
9453
9454
9457
9460
9460
9462
9466
9467
9470
9471
9474
9476
9479
9480
9481
9481
9481
9484
9487
9487
9489
9489
9490
9490
9491
9493
9495
9495
9497
9497
9498
9499
9502
9503
9503
9503
9503
9504
9505
9505
9505
9506
9508
9509
9510
9512
9512
9513
9514
9515
9518
9519
9521
9521
9523
9523
9525
9529
9529
9531
9536
9537
9537
9539
9543
9545
9545
9545
9546
9547
9547
9548
9549
9550
9552
9554
9554
9556
9556
9558
9558
9558
9560
9560
9563
9563
9563
9563
9564
9566
9568
9568
9570
9571
9572
9572
9573
9573
9573
9574
9576
9576
9577
9577
9578
9579
9580
9580
9581
9581
9583
9584
9587
9587
9588
9588
9588
9589
9590
9591
9592
9594
9594
9595
9595
9595
9596
9596
9598
9598
9600
9601
9603
9604
9604
9605
9605
9605
9606
9607
9608
9608
9609
9610
9612
9613
9613
9613
9614
9615
9616
9616
9617
9618
9618
9620
9621
9621
9621
9621
9621
9622
9622
9622
9623
9623
9624
9625
9626
9627
9629
9631
9633
9636
9636
9637
9637
9639
9640
9641
9641
9641
9642
9642
9646
9647
9649
9650
9651
9651
9653
9657
9658
9659
9660
9664
9664
9665
9665
9668
9669
9669
9669
9671
9671
9672
9673
9673
9675
9676
9676
9679
9679
9679
9680
9681
9681
9682
9682
9684
9684
9687
9688
9689
9690
9692
9694
9695
9695
9700
9701
9702
9703
9704
9706
9708
9708
9708
9709
9711
9711
9711
9712
9713
9714
9715
9716
9718
9719
9719
9720
9720
9720
9721
9722
9722
9723
9724
9725
9725
9726
9726
9727
9727
9727
9727
9728
9728
9729
9730
9730
9732
9737
9738
9738
9738
9739
9740
9740
9741
9741
9742
9744
9744
9744
9744
9745
9746
9749
9750
9750
9751
9752
9753
9755
9755
9757
9757
9758
9758
9759
9761
9761
9761
9761
9764
9765
9765
9766
9767
9768
9769
9769
9769
9770
9772
9772
9773
9773
9774
9775
9775
9775
9777
9778
9778
9779
9780
9787
9787
9788
9790
9792
9797
9798
9800
9800
9800
9801
9801
9802
9805
9806
9807
9807
9807
9808
9811
9813
9814
9815
9816
9817
9817
9818
9818
9820
9822
9825
9826
9826
9828
9829
9832
9835
9837
9840
9841
9841
9844
9845
9845
9846
9850
9851
9851
9852
9852
9855
9855
9856
9856
9857
9859
9859
9861
9863
9863
9864
9865
9866
9867
9868
9868
9868
9869
9870
9871
9871
9872
9873
9873
9873
9874
9876
9876
9876
9877
9878
9881
9882
9882
9883
9884
9885
9886
9886
9887
9887
9888
9888
9889
9889
9890
9890
9890
9894
9895
9895
9897
9898
9899
9900
9901
9901
9903
9903
9904
9905
9906
9907
9907
9907
9907
9908
9909
9910
9913
9916
9920
9920
9920
9920
9921
9922
9923
9923
9924
9925
9925
9928
9928
9931
9931
9931
9935
9935
9936
9938
9938
9938
9939
9940
9943
9946
9946
9949
9949
9950
9950
9951
9951
9952
9954
9955
9955
9955
9959
9960
9961
9961
9962
9962
9962
9962
9962
9963
9963
9964
9965
9965
9965
9968
9968
9970
9970
9971
9972
9973
9975
9979
9979
9979
9979
9980
9980
9981
9982
9982
9983
9984
9985
9986
9986
9987
9988
9990
9991
9993
9993
9993
9994
9994
9996
9998
