1
1
2
2
3
4
4
6
7
10
10
12
13
13
13
15
15
19
19
21
22
22
24
27
27
31
31
32
33
33
36
37
40
40
40
44
44
45
46
46
47
48
49
52
52
53
53
54
54
57
58
59
59
59
59
62
62
62
62
63
64
64
65
66
68
69
70
70
71
74
74
74
74
75
75
75
77
77
79
79
80
85
91
95
95
95
98
98
100
104
104
106
106
107
108
108
109
113
113
114
114
114
114
118
118
119
121
122
122
126
127
128
129
130
133
134
135
136
136
136
137
138
139
140
141
141
141
142
144
144
144
147
147
148
148
150
155
155
156
156
157
159
160
162
163
163
165
169
171
171
172
174
174
175
176
176
177
177
179
179
179
180
184
186
187
187
190
191
191
191
192
192
193
196
198
199
200
200
200
202
202
203
209
209
211
212
213
213
213
215
215
216
217
219
219
220
221
222
225
229
229
230
230
231
232
233
233
234
234
235
236
236
236
237
239
240
240
241
244
245
248
251
251
251
251
252
253
253
254
254
258
259
263
266
267
268
269
269
270
270
271
273
273
273
274
275
276
276
278
278
279
280
281
281
281
282
284
284
285
287
290
293
295
296
296
297
297
298
298
301
304
305
309
309
312
313
313
319
319
319
319
324
325
327
327
328
331
332
334
335
336
338
339
339
339
340
340
340
341
342
343
344
345
346
347
347
350
350
351
353
354
354
355
357
359
360
362
362
363
365
366
368
368
369
369
370
370
371
371
372
373
373
374
375
377
382
383
384
384
385
386
387
390
390
391
391
391
392
393
393
393
393
394
397
397
399
400
401
401
401
402
404
405
406
409
409
410
412
412
413
416
417
418
418
419
419
419
420
421
421
422
423
426
429
429
429
431
431
434
434
434
434
435
437
439
440
441
443
443
443
444
445
446
446
448
448
448
449
449
450
450
451
451
451
452
453
454
454
455
456
457
457
458
459
460
460
462
462
463
464
464
466
467
469
469
469
473
475
475
477
477
483
484
484
484
487
488
488
488
489
490
490
490
490
493
494
495
496
496
496
497
497
497
498
499
499
500
500
501
502
504
504
506
506
507
509
509
511
515
515
516
516
517
519
519
519
519
522
524
525
526
527
528
528
528
529
529
533
534
534
534
537
537
540
540
540
543
544
546
546
547
547
548
549
549
550
550
550
551
551
552
553
553
554
557
557
557
560
561
563
563
565
567
567
570
575
576
579
579
582
583
584
585
585
587
588
591
591
592
593
594
595
595
596
596
596
599
600
601
601
602
602
603
604
604
604
604
605
606
607
609
610
612
614
614
615
617
617
618
618
618
619
620
623
623
623
627
629
633
636
638
638
638
642
642
642
643
644
646
646
647
647
651
654
655
655
657
658
658
659
660
660
660
661
662
663
664
664
665
670
670
670
674
676
678
679
679
679
679
681
682
682
683
685
685
686
687
687
687
688
688
688
691
692
693
694
699
700
700
700
704
704
709
709
710
710
712
713
718
720
721
722
723
726
726
726
727
727
728
728
729
730
730
730
730
731
731
732
733
733
734
734
736
738
741
742
743
746
746
746
748
748
749
750
751
751
751
752
752
756
757
758
759
759
760
760
763
763
764
765
766
766
767
768
771
773
774
775
775
777
779
781
782
783
788
789
790
792
794
795
795
796
797
798
799
800
800
801
801
801
802
802
803
805
805
805
807
808
808
809
812
812
812
813
816
816
817
817
818
819
819
821
821
826
826
829
831
832
833
836
837
837
837
838
839
840
840
840
844
845
847
848
852
852
852
853
853
853
855
856
856
856
857
857
857
859
860
865
865
866
866
867
867
868
869
869
871
872
873
873
876
877
878
878
878
879
880
881
881
883
883
884
884
886
886
887
887
887
887
888
889
889
889
891
894
894
895
895
898
898
899
900
900
900
901
902
902
902
903
904
905
905
905
906
906
907
909
910
910
910
910
911
911
913
914
915
915
915
915
916
916
917
918
919
920
920
921
921
923
923
923
923
925
925
925
926
929
934
937
937
938
938
940
941
944
944
945
946
946
946
947
953
953
954
955
957
957
959
960
960
964
965
966
966
968
969
972
972
973
973
976
977
977
979
979
982
982
985
986
986
986
988
991
991
992
992
994
997
997
1001
1001
1006
1008
1012
1013
1013
1013
1013
1014
1016
1016
1018
1020
1021
1022
1023
1024
1024
1024
1025
1028
1028
1029
1030
1030
1031
1032
1032
1033
1033
1035
1036
1037
1037
1038
1038
1039
1039
1040
1041
1041
1042
1042
1045
1046
1047
1047
1048
1049
1049
1051
1051
1052
1052
1054
1055
1055
1057
1060
1061
1061
1063
1066
1067
1067
1068
1068
1071
1072
1072
1073
1074
1075
1078
1078
1079
1079
1079
1081
1082
1085
1085
1087
1087
1087
1088
1089
1090
1090
1090
1090
1093
1093
1094
1094
1094
1094
1094
1095
1095
1096
1096
1096
1097
1099
1100
1101
1102
1103
1104
1106
1106
1106
1106
1106
1107
1109
1109
1109
1109
1111
1112
1112
1114
1115
1115
1116
1117
1118
1118
1118
1119
1120
1122
1123
1123
1125
1126
1126
1127
1127
1128
1129
1129
1130
1130
1130
1131
1132
1135
1136
1137
1137
1138
1138
1139
1141
1141
1142
1142
1143
1144
1144
1145
1145
1150
1151
1152
1152
1152
1154
1155
1155
1155
1157
1157
1159
1159
1162
1164
1164
1167
1168
1170
1171
1171
1173
1174
1175
1178
1179
1179
1180
1181
1182
1183
1184
1185
1186
1186
1188
1189
1189
1190
1190
1193
1193
1194
1196
1199
1199
1199
1200
1202
1204
1205
1205
1207
1209
1209
1210
1213
1213
1213
1213
1216
1218
1218
1219
1220
1220
1226
1226
1228
1229
1230
1230
1230
1232
1232
1233
1234
1234
1235
1237
1238
1238
1239
1242
1242
1243
1243
1244
1247
1251
1252
1253
1255
1257
1258
1259
1260
1260
1261
1261
1265
1268
1270
1270
1271
1272
1273
1274
1274
1275
1276
1276
1277
1279
1279
1280
1281
1282
1283
1285
1286
1286
1288
1289
1289
1290
1291
1292
1293
1295
1296
1298
1298
1300
1300
1302
1303
1307
1308
1309
1310
1310
1311
1311
1312
1312
1315
1316
1320
1321
1322
1324
1324
1324
1325
1326
1326
1327
1327
1329
1329
1330
1330
1332
1332
1332
1335
1335
1336
1336
1337
1338
1339
1340
1341
1341
1343
1344
1345
1346
1348
1348
1348
1349
1350
1353
1354
1356
1357
1357
1358
1361
1363
1363
1363
1363
1363
1364
1365
1366
1366
1366
1367
1367
1368
1369
1370
1371
1372
1373
1375
1376
1376
1376
1377
1377
1377
1378
1378
1379
1379
1381
1381
1382
1383
1383
1387
1389
1390
1390
1391
1391
1395
1396
1400
1401
1402
1404
1404
1406
1406
1408
1408
1409
1411
1411
1413
1413
1413
1415
1416
1416
1416
1416
1417
1417
1418
1418
1420
1420
1420
1421
1421
1422
1425
1427
1427
1427
1429
1432
1432
1435
1437
1437
1437
1437
1438
1440
1443
1447
1447
1449
1450
1451
1453
1453
1453
1455
1455
1457
1458
1459
1459
1460
1462
1463
1464
1465
1465
1466
1466
1467
1468
1470
1470
1471
1471
1471
1472
1472
1473
1473
1473
1476
1476
1476
1477
1477
1478
1478
1479
1484
1486
1488
1488
1490
1491
1492
1492
1493
1495
1495
1496
1501
1501
1502
1503
1505
1505
1505
1506
1507
1507
1507
1507
1508
1508
1510
1512
1513
1513
1516
1517
1517
1518
1519
1520
1521
1522
1523
1523
1524
1524
1524
1525
1527
1527
1527
1527
1528
1529
1529
1529
1530
1530
1532
1532
1532
1533
1533
1534
1535
1535
1537
1539
1539
1541
1542
1544
1545
1548
1552
1553
1555
1559
1559
1561
1561
1562
1564
1566
1569
1570
1570
1570
1573
1575
1575
1575
1576
1576
1579
1579
1580
1583
1584
1584
1585
1585
1585
1587
1587
1587
1588
1590
1593
1594
1594
1595
1595
1598
1598
1598
1599
1599
1600
1600
1601
1601
1602
1602
1602
1604
1604
1606
1607
1608
1612
1612
1613
1613
1614
1615
1615
1616
1616
1618
1620
1620
1620
1621
1621
1621
1624
1624
1626
1627
1627
1628
1630
1630
1635
1642
1644
1646
1647
1647
1647
1647
1649
1649
1650
1651
1651
1652
1652
1656
1658
1659
1662
1665
1668
1671
1673
1674
1674
1674
1675
1678
1681
1681
1683
1685
1686
1686
1690
1692
1692
1693
1694
1694
1694
1697
1697
1698
1699
1703
1704
1704
1705
1705
1705
1705
1706
1708
1710
1711
1712
1712
1713
1715
1716
1717
1718
1721
1721
1722
1722
1723
1723
1725
1725
1728
1729
1729
1732
1732
1733
1734
1734
1735
1736
1736
1736
1737
1738
1738
1738
1739
1740
1740
1740
1740
1743
1743
1745
1746
1748
1748
1748
1749
1749
1750
1751
1756
1757
1759
1759
1759
1760
1760
1761
1761
1762
1763
1763
1764
1765
1765
1766
1767
1768
1768
1768
1768
1769
1771
1771
1771
1772
1772
1773
1774
1774
1775
1777
1778
1778
1779
1781
1781
1783
1783
1783
1784
1785
1785
1786
1786
1786
1787
1787
1787
1788
1789
1790
1790
1791
1791
1791
1791
1793
1793
1793
1795
1796
1797
1797
1799
1799
1800
1808
1809
1811
1812
1815
1818
1819
1819
1819
1820
1821
1823
1824
1824
1824
1825
1825
1826
1827
1827
1832
1834
1834
1835
1835
1837
1838
1838
1839
1839
1840
1840
1840
1841
1842
1842
1844
1844
1845
1845
1846
1850
1851
1851
1852
1853
1853
1856
1857
1859
1859
1860
1860
1865
1868
1868
1868
1870
1870
1872
1872
1873
1874
1875
1878
1879
1881
1882
1882
1883
1886
1890
1890
1891
1891
1892
1894
1894
1895
1896
1897
1898
1899
1899
1899
1901
1901
1904
1907
1908
1908
1908
1909
1909
1912
1912
1913
1914
1914
1917
1918
1918
1918
1919
1919
1920
1920
1920
1920
1920
1921
1921
1922
1925
1926
1926
1926
1928
1929
1931
1932
1932
1933
1933
1935
1936
1936
1937
1940
1941
1942
1944
1944
1944
1946
1946
1946
1946
1947
1948
1950
1951
1951
1953
1954
1955
1956
1956
1956
1958
1959
1959
1960
1961
1962
1962
1965
1965
1967
1967
1970
1970
1972
1972
1975
1977
1978
1979
1979
1979
1980
1981
1984
1985
1985
1987
1989
1990
1995
1997
1998
2001
2001
2002
2005
2005
2008
2008
2008
2009
2011
2011
2012
2013
2015
2015
2015
2016
2016
2017
2019
2019
2019
2020
2021
2021
2022
2022
2025
2026
2029
2030
2032
2032
2036
2036
2036
2037
2039
2039
2039
2040
2042
2042
2044
2044
2048
2048
2050
2051
2051
2054
2054
2054
2054
2055
2055
2057
2057
2058
2058
2058
2059
2059
2059
2060
2063
2063
2064
2066
2066
2068
2071
2072
2072
2076
2076
2076
2076
2079
2079
2080
2081
2085
2086
2086
2090
2090
2092
2095
2095
2097
2098
2101
2101
2101
2102
2104
2104
2105
2108
2109
2110
2110
2111
2111
2111
2114
2115
2117
2118
2118
2120
2122
2124
2129
2130
2131
2133
2133
2133
2134
2135
2135
2137
2138
2139
2140
2141
2141
2143
2145
2145
2147
2148
2149
2149
2150
2151
2154
2154
2154
2155
2155
2156
2157
2157
2159
2160
2161
2161
2163
2163
2163
2163
2164
2164
2164
2165
2165
2166
2171
2171
2173
2175
2177
2179
2179
2180
2181
2181
2184
2185
2185
2185
2186
2186
2187
2187
2187
2189
2189
2192
2194
2195
2195
2196
2196
2199
2200
2202
2203
2203
2205
2208
2209
2210
2212
2213
2214
2216
2216
2218
2219
2220
2221
2221
2221
2221
2222
2223
2223
2224
2226
2227
2227
2227
2228
2229
2230
2230
2231
2231
2231
2233
2234
2235
2235
2235
2237
2238
2239
2239
2239
2240
2242
2242
2243
2243
2243
2243
2244
2246
2246
2247
2250
2250
2251
2251
2252
2252
2254
2255
2257
2257
2260
2260
2261
2262
2262
2263
2264
2266
2267
2267
2268
2272
2273
2274
2275
2278
2279
2283
2283
2284
2286
2287
2289
2290
2291
2292
2293
2293
2294
2294
2296
2297
2297
2298
2298
2300
2300
2301
2303
2303
2306
2310
2310
2310
2311
2311
2312
2314
2314
2315
2319
2319
2320
2321
2322
2322
2323
2323
2323
2324
2325
2325
2325
2325
2327
2331
2332
2333
2333
2334
2334
2335
2335
2335
2336
2337
2337
2338
2339
2340
2341
2341
2342
2343
2344
2344
2344
2345
2348
2348
2350
2351
2352
2353
2354
2354
2355
2356
2359
2360
2360
2360
2360
2361
2361
2363
2363
2365
2366
2367
2367
2367
2367
2368
2369
2370
2370
2371
2372
2377
2377
2377
2377
2378
2381
2382
2382
2383
2384
2388
2392
2392
2393
2393
2394
2394
2394
2394
2395
2396
2396
2398
2399
2399
2400
2402
2402
2404
2404
2404
2406
2407
2407
2407
2410
2411
2412
2412
2413
2414
2415
2415
2415
2415
2417
2417
2417
2417
2422
2422
2423
2424
2425
2426
2427
2429
2430
2431
2431
2433
2433
2435
2437
2438
2439
2439
2440
2440
2440
2444
2445
2445
2447
2450
2452
2453
2455
2456
2456
2457
2459
2459
2459
2461
2463
2463
2463
2463
2464
2464
2464
2465
2466
2467
2468
2469
2469
2471
2473
2473
2474
2475
2477
2478
2479
2481
2481
2481
2483
2484
2484
2485
2485
2486
2487
2488
2489
2492
2493
2495
2495
2496
2496
2496
2499
2500
2500
2502
2502
2503
2503
2503
2503
2503
2504
2504
2505
2506
2509
2513
2515
2517
2521
2522
2524
2524
2525
2525
2525
2526
2526
2527
2527
2528
2529
2529
2532
2533
2533
2533
2534
2535
2536
2536
2536
2540
2541
2541
2541
2542
2546
2546
2547
2547
2547
2548
2548
2548
2549
2550
2551
2552
2554
2556
2557
2557
2558
2560
2561
2562
2563
2564
2567
2568
2571
2576
2576
2578
2578
2578
2581
2584
2584
2585
2587
2588
2592
2593
2593
2594
2594
2596
2598
2599
2600
2602
2603
2605
2606
2606
2607
2609
2611
2612
2613
2614
2616
2619
2620
2620
2622
2623
2623
2624
2625
2626
2628
2629
2630
2631
2631
2634
2634
2637
2638
2639
2640
2640
2645
2645
2645
2647
2648
2649
2650
2650
2657
2658
2659
2660
2661
2661
2661
2662
2663
2664
2665
2665
2665
2667
2667
2668
2668
2669
2669
2669
2670
2671
2672
2673
2673
2675
2678
2678
2678
2679
2680
2681
2681
2682
2682
2684
2686
2689
2690
2691
2691
2691
2691
2693
2693
2696
2696
2697
2700
2701
2702
2703
2704
2704
2704
2705
2705
2706
2708
2709
2710
2710
2714
2715
2716
2716
2719
2719
2722
2728
2728
2728
2730
2730
2731
2732
2733
2734
2735
2736
2736
2736
2738
2740
2741
2741
2744
2746
2746
2747
2748
2748
2749
2749
2749
2750
2750
2753
2754
2758
2758
2759
2759
2759
2761
2762
2763
2765
2765
2766
2766
2767
2767
2770
2770
2770
2771
2771
2772
2772
2773
2775
2777
2777
2778
2778
2778
2778
2781
2781
2781
2786
2786
2787
2788
2790
2791
2792
2794
2800
2801
2802
2803
2803
2803
2803
2807
2807
2808
2809
2810
2810
2812
2813
2814
2814
2814
2814
2816
2818
2820
2821
2822
2822
2823
2823
2823
2823
2824
2825
2827
2827
2827
2828
2829
2829
2830
2831
2832
2839
2839
2841
2841
2842
2843
2845
2846
2846
2847
2848
2850
2850
2852
2853
2854
2854
2855
2855
2855
2856
2856
2859
2860
2863
2864
2865
2865
2865
2866
2867
2867
2867
2868
2871
2873
2873
2874
2874
2875
2877
2878
2880
2880
2881
2881
2881
2881
2882
2882
2882
2885
2888
2889
2891
2891
2892
2893
2894
2894
2896
2896
2901
2902
2904
2905
2905
2908
2908
2910
2912
2914
2914
2914
2914
2915
2922
2923
2923
2923
2925
2927
2927
2928
2928
2928
2928
2929
2929
2929
2930
2930
2930
2930
2931
2932
2932
2932
2933
2933
2935
2936
2936
2938
2938
2939
2940
2940
2941
2941
2943
2944
2945
2946
2946
2948
2949
2951
2952
2953
2954
2955
2956
2959
2959
2959
2963
2964
2964
2965
2970
2970
2971
2971
2971
2972
2973
2974
2974
2974
2975
2975
2976
2977
2978
2979
2979
2980
2980
2980
2982
2982
2982
2983
2983
2986
2987
2990
2990
2992
2993
2993
2993
2994
2995
2996
2997
2998
2999
3000
3000
3000
3001
3002
3003
3003
3004
3005
3006
3007
3007
3009
3010
3011
3014
3016
3017
3018
3019
3019
3021
3023
3024
3025
3025
3025
3027
3027
3027
3028
3028
3029
3029
3029
3031
3031
3032
3032
3033
3034
3035
3035
3037
3037
3038
3039
3042
3045
3045
3048
3051
3051
3051
3052
3052
3053
3054
3055
3056
3056
3057
3059
3061
3063
3064
3064
3064
3065
3065
3065
3066
3066
3067
3068
3069
3070
3070
3070
3070
3071
3073
3074
3075
3076
3076
3078
3084
3086
3089
3089
3090
3091
3092
3093
3094
3095
3095
3095
3096
3096
3097
3098
3098
3098
3100
3100
3100
3102
3102
3103
3104
3104
3105
3105
3106
3107
3108
3109
3110
3112
3113
3114
3114
3116
3116
3117
3120
3120
3121
3123
3125
3128
3129
3129
3129
3130
3134
3135
3135
3135
3135
3136
3136
3137
3137
3137
3138
3138
3140
3140
3140
3141
3141
3142
3142
3147
3149
3152
3153
3153
3154
3155
3155
3156
3157
3157
3159
3161
3161
3164
3166
3169
3169
3170
3170
3170
3170
3171
3174
3174
3175
3176
3176
3177
3179
3182
3183
3183
3183
3185
3186
3187
3187
3188
3188
3188
3189
3189
3189
3191
3192
3193
3194
3194
3197
3197
3198
3198
3200
3200
3201
3202
3204
3204
3204
3204
3206
3207
3208
3208
3209
3210
3210
3210
3213
3216
3217
3217
3220
3221
3221
3222
3222
3224
3224
3225
3226
3228
3229
3230
3234
3235
3236
3237
3238
3238
3238
3239
3239
3240
3241
3244
3244
3246
3247
3248
3248
3248
3250
3250
3251
3251
3254
3255
3256
3258
3258
3259
3262
3262
3263
3263
3263
3265
3266
3266
3267
3268
3269
3270
3270
3271
3274
3275
3278
3278
3279
3280
3280
3282
3282
3282
3282
3283
3283
3284
3286
3287
3287
3287
3290
3290
3291
3291
3294
3294
3295
3295
3295
3296
3297
3297
3299
3299
3301
3303
3307
3307
3308
3308
3308
3310
3312
3314
3314
3314
3315
3317
3318
3319
3321
3323
3326
3326
3328
3328
3329
3329
3330
3330
3332
3333
3335
3335
3335
3336
3337
3338
3339
3339
3342
3343
3345
3346
3346
3349
3350
3350
3352
3353
3353
3353
3354
3357
3359
3359
3359
3359
3360
3361
3361
3364
3364
3366
3369
3370
3372
3374
3374
3377
3378
3378
3379
3380
3380
3380
3380
3381
3385
3388
3388
3388
3389
3389
3391
3392
3393
3393
3394
3396
3397
3397
3397
3398
3398
3400
3401
3402
3404
3405
3406
3408
3408
3409
3411
3414
3414
3414
3415
3415
3417
3417
3417
3419
3419
3421
3421
3422
3423
3423
3424
3426
3426
3427
3432
3433
3434
3435
3435
3435
3436
3437
3438
3440
3440
3442
3442
3442
3443
3444
3446
3446
3450
3450
3451
3451
3453
3453
3454
3454
3454
3455
3455
3456
3456
3457
3458
3458
3459
3461
3462
3462
3463
3463
3463
3465
3465
3466
3466
3466
3467
3468
3470
3471
3471
3471
3472
3473
3473
3473
3474
3475
3476
3477
3480
3483
3484
3485
3486
3487
3487
3489
3489
3492
3493
3493
3494
3495
3496
3497
3498
3502
3502
3504
3506
3507
3508
3510
3510
3510
3512
3513
3515
3516
3521
3522
3522
3523
3526
3527
3527
3528
3528
3531
3531
3532
3532
3533
3533
3534
3534
3535
3535
3539
3542
3543
3545
3551
3552
3553
3554
3556
3556
3558
3558
3559
3564
3564
3567
3569
3570
3572
3574
3574
3574
3576
3577
3578
3580
3580
3583
3583
3584
3584
3586
3586
3587
3588
3588
3590
3591
3591
3592
3593
3594
3594
3594
3594
3595
3599
3601
3602
3602
3605
3606
3607
3607
3608
3608
3608
3608
3609
3609
3609
3610
3612
3612
3612
3612
3613
3615
3615
3616
3618
3618
3620
3620
3621
3621
3624
3624
3625
3627
3627
3628
3629
3630
3630
3630
3631
3635
3637
3637
3640
3641
3644
3644
3644
3645
3646
3646
3647
3647
3649
3650
3653
3654
3654
3655
3655
3655
3657
3657
3659
3660
3660
3661
3661
3661
3662
3662
3663
3664
3666
3666
3667
3668
3669
3673
3674
3675
3675
3675
3679
3680
3681
3682
3683
3683
3685
3685
3686
3688
3689
3689
3689
3693
3694
3694
3695
3695
3695
3697
3697
3698
3700
3701
3702
3702
3704
3704
3705
3706
3706
3707
3707
3708
3708
3708
3708
3711
3711
3712
3713
3716
3716
3716
3717
3720
3720
3720
3721
3722
3724
3726
3729
3730
3734
3734
3737
3737
3737
3738
3738
3740
3741
3742
3742
3743
3743
3744
3744
3745
3746
3747
3749
3749
3755
3755
3755
3756
3756
3756
3756
3759
3762
3762
3765
3766
3766
3766
3766
3766
3766
3768
3769
3770
3770
3772
3773
3774
3774
3777
3778
3780
3780
3782
3782
3784
3784
3785
3785
3785
3785
3787
3788
3788
3789
3789
3790
3795
3797
3798
3799
3799
3800
3800
3801
3801
3801
3802
3803
3803
3804
3805
3805
3809
3810
3810
3810
3812
3815
3817
3818
3819
3819
3821
3821
3824
3825
3827
3831
3833
3834
3836
3837
3840
3842
3843
3844
3848
3848
3849
3849
3850
3851
3851
3851
3852
3852
3853
3855
3856
3856
3856
3857
3859
3860
3860
3861
3861
3862
3865
3867
3868
3869
3870
3870
3870
3870
3874
3875
3876
3877
3880
3880
3880
3880
3885
3888
3888
3890
3890
3891
3891
3892
3895
3897
3897
3897
3899
3900
3900
3901
3902
3902
3904
3904
3904
3905
3905
3905
3906
3907
3908
3908
3908
3909
3909
3910
3911
3911
3913
3913
3913
3913
3913
3914
3916
3916
3917
3918
3918
3919
3921
3921
3921
3922
3923
3924
3925
3926
3926
3926
3926
3927
3927
3928
3929
3929
3929
3929
3932
3934
3936
3936
3937
3937
3940
3941
3943
3945
3945
3945
3945
3946
3946
3946
3949
3949
3950
3951
3951
3951
3951
3952
3953
3953
3954
3955
3958
3959
3960
3960
3961
3963
3964
3965
3966
3967
3968
3968
3969
3970
3971
3971
3973
3973
3978
3980
3983
3983
3985
3986
3987
3987
3989
3989
3989
3990
3991
3991
3992
3992
3995
3997
3997
3998
3998
3998
3999
3999
4000
4002
4003
4003
4005
4005
4006
4006
4006
4009
4010
4013
4013
4014
4014
4015
4017
4018
4019
4020
4020
4022
4022
4024
4024
4024
4025
4025
4028
4028
4028
4029
4029
4029
4034
4034
4034
4036
4036
4037
4037
4039
4039
4042
4044
4045
4047
4047
4047
4048
4049
4050
4050
4054
4056
4058
4058
4059
4061
4061
4063
4063
4064
4064
4064
4065
4066
4066
4068
4070
4071
4072
4073
4074
4075
4075
4076
4076
4078
4079
4079
4079
4080
4080
4080
4081
4083
4085
4085
4088
4088
4089
4089
4091
4094
4094
4097
4098
4098
4098
4102
4104
4104
4107
4109
4110
4112
4112
4115
4115
4117
4118
4119
4120
4121
4121
4123
4123
4124
4124
4124
4124
4125
4125
4125
4125
4125
4126
4126
4126
4128
4128
4130
4130
4131
4133
4136
4136
4137
4139
4140
4141
4142
4142
4144
4145
4146
4148
4148
4150
4150
4151
4151
4152
4153
4154
4154
4161
4162
4162
4164
4164
4164
4166
4166
4167
4170
4170
4171
4171
4172
4175
4175
4175
4175
4178
4179
4180
4181
4182
4182
4182
4182
4183
4185
4189
4189
4189
4190
4194
4195
4196
4197
4198
4198
4198
4201
4202
4202
4202
4203
4203
4203
4204
4204
4205
4206
4206
4207
4208
4209
4209
4209
4210
4211
4212
4213
4214
4218
4218
4218
4219
4219
4220
4220
4220
4221
4223
4223
4225
4225
4226
4226
4228
4229
4230
4233
4235
4235
4237
4237
4237
4238
4238
4241
4241
4243
4244
4245
4247
4249
4252
4254
4255
4256
4258
4258
4259
4261
4261
4261
4262
4263
4265
4265
4265
4266
4267
4270
4271
4271
4272
4273
4274
4275
4275
4275
4276
4276
4277
4277
4277
4278
4278
4280
4280
4282
4284
4284
4284
4285
4286
4286
4286
4286
4287
4289
4290
4293
4293
4294
4295
4298
4301
4301
4302
4303
4304
4305
4305
4306
4307
4307
4308
4308
4308
4308
4312
4313
4314
4314
4314
4314
4314
4315
4316
4317
4317
4318
4318
4318
4319
4321
4323
4323
4324
4324
4324
4325
4325
4326
4326
4328
4331
4332
4332
4334
4336
4337
4338
4339
4340
4343
4343
4343
4344
4344
4344
4345
4346
4346
4346
4346
4351
4351
4351
4352
4352
4354
4357
4359
4360
4362
4363
4364
4364
4365
4365
4367
4368
4369
4371
4373
4373
4373
4374
4376
4376
4376
4376
4377
4378
4378
4379
4380
4381
4382
4383
4383
4385
4385
4385
4385
4385
4386
4387
4387
4388
4388
4388
4390
4391
4392
4392
4396
4396
4396
4397
4397
4398
4399
4399
4400
4400
4404
4404
4407
4408
4409
4411
4411
4412
4413
4414
4417
4417
4419
4420
4421
4422
4422
4426
4426
4427
4428
4428
4429
4430
4430
4430
4433
4434
4434
4437
4439
4440
4441
4442
4442
4443
4445
4448
4448
4449
4457
4457
4462
4462
4463
4464
4465
4465
4466
4468
4468
4469
4470
4470
4471
4474
4474
4475
4481
4482
4485
4486
4487
4487
4487
4489
4490
4490
4490
4491
4493
4495
4496
4497
4499
4499
4500
4501
4502
4502
4502
4503
4503
4504
4505
4505
4506
4508
4512
4512
4515
4519
4519
4519
4521
4523
4524
4525
4526
4527
4527
4527
4528
4531
4531
4532
4533
4535
4537
4537
4539
4541
4542
4543
4543
4543
4546
4547
4547
4547
4548
4549
4549
4550
4552
4553
4555
4558
4558
4559
4561
4561
4561
4562
4563
4565
4565
4567
4568
4568
4570
4570
4571
4573
4577
4577
4578
4578
4579
4579
4580
4581
4581
4582
4583
4584
4584
4585
4586
4587
4589
4589
4590
4592
4593
4593
4593
4594
4595
4596
4596
4598
4601
4602
4602
4602
4603
4604
4605
4606
4607
4607
4607
4608
4611
4612
4614
4614
4615
4616
4617
4619
4619
4620
4621
4621
4622
4624
4626
4627
4627
4637
4638
4638
4638
4638
4639
4640
4641
4641
4642
4643
4644
4647
4648
4649
4649
4650
4651
4651
4651
4651
4651
4653
4654
4654
4655
4656
4656
4657
4658
4658
4660
4660
4662
4663
4664
4664
4664
4665
4665
4665
4668
4670
4670
4671
4674
4674
4675
4677
4679
4679
4681
4682
4686
4687
4688
4691
4692
4697
4698
4699
4699
4699
4701
4701
4705
4705
4705
4707
4707
4708
4709
4709
4711
4715
4715
4716
4716
4716
4718
4719
4719
4720
4721
4722
4723
4724
4727
4727
4729
4729
4731
4732
4733
4734
4738
4738
4739
4741
4741
4741
4742
4742
4743
4744
4744
4746
4748
4754
4754
4754
4755
4756
4757
4757
4757
4757
4757
4757
4758
4759
4761
4764
4765
4766
4768
4772
4773
4773
4774
4774
4774
4777
4779
4779
4782
4784
4785
4787
4788
4788
4791
4792
4792
4792
4792
4795
4796
4796
4796
4797
4799
4799
4801
4801
4802
4802
4805
4806
4806
4807
4810
4812
4812
4815
4815
4816
4816
4817
4818
4819
4819
4820
4822
4822
4823
4824
4824
4825
4826
4826
4827
4827
4828
4829
4831
4831
4832
4832
4833
4833
4833
4834
4835
4835
4836
4837
4838
4838
4843
4845
4847
4848
4848
4853
4855
4857
4860
4860
4860
4860
4862
4867
4867
4869
4870
4870
4871
4871
4871
4874
4875
4875
4879
4879
4880
4885
4886
4887
4889
4891
4892
4895
4895
4896
4896
4898
4902
4902
4902
4903
4903
4903
4904
4905
4906
4907
4908
4908
4910
4910
4911
4912
4913
4913
4913
4913
4915
4917
4917
4921
4921
4922
4924
4924
4924
4925
4925
4926
4928
4928
4928
4930
4931
4934
4934
4937
4937
4937
4937
4937
4938
4939
4939
4940
4941
4941
4942
4943
4944
4945
4946
4952
4953
4954
4955
4955
4955
4956
4957
4958
4958
4960
4960
4962
4965
4966
4967
4967
4969
4969
4970
4970
4972
4972
4973
4973
4975
4976
4978
4980
4980
4982
4983
4988
4988
4989
4989
4989
4990
4991
4991
4991
4993
4994
4994
4995
4995
4995
4996
4996
4997
4998
4998
4999
5000
5001
5007
5007
5008
5009
5010
5011
5012
5013
5014
5015
5015
5015
5015
5016
5017
5017
5017
5018
5019
5020
5020
5021
5024
5024
5024
5025
5027
5027
5028
5029
5029
5030
5032
5032
5034
5034
5035
5036
5036
5038
5039
5040
5042
5043
5045
5048
5049
5049
5050
5050
5051
5051
5051
5051
5052
5053
5054
5054
5056
5057
5057
5057
5058
5058
5060
5060
5060
5061
5062
5063
5064
5065
5065
5065
5067
5069
5069
5069
5069
5071
5072
5072
5073
5073
5073
5076
5076
5077
5077
5077
5078
5079
5080
5081
5082
5083
5086
5087
5088
5088
5088
5089
5090
5090
5092
5094
5094
5095
5097
5097
5098
5098
5099
5099
5100
5100
5103
5103
5104
5106
5108
5108
5110
5111
5112
5114
5114
5114
5114
5115
5115
5115
5115
5117
5117
5118
5119
5121
5123
5124
5124
5125
5126
5128
5130
5130
5130
5130
5132
5132
5136
5136
5137
5138
5140
5141
5143
5144
5145
5147
5148
5148
5148
5149
5152
5153
5154
5157
5160
5162
5163
5163
5164
5164
5164
5166
5169
5169
5169
5170
5170
5171
5173
5173
5176
5177
5178
5179
5180
5181
5181
5185
5186
5186
5187
5189
5192
5193
5195
5196
5197
5198
5198
5198
5199
5200
5201
5201
5202
5203
5203
5203
5205
5206
5210
5212
5214
5215
5215
5216
5217
5218
5221
5221
5221
5222
5224
5224
5224
5224
5226
5226
5228
5229
5229
5230
5233
5234
5235
5240
5241
5243
5243
5243
5243
5244
5250
5252
5253
5254
5256
5256
5259
5260
5260
5260
5260
5260
5261
5261
5261
5261
5261
5262
5267
5272
5274
5275
5276
5278
5280
5281
5283
5285
5285
5287
5288
5291
5295
5296
5297
5297
5298
5298
5298
5298
5298
5299
5302
5304
5304
5306
5306
5307
5307
5309
5310
5312
5316
5319
5320
5321
5321
5322
5323
5324
5324
5325
5328
5329
5331
5333
5335
5337
5338
5339
5340
5340
5341
5341
5342
5342
5343
5344
5344
5345
5346
5347
5347
5353
5353
5355
5356
5356
5358
5358
5358
5358
5360
5366
5366
5367
5367
5368
5369
5370
5371
5371
5374
5374
5374
5381
5383
5385
5385
5388
5390
5390
5390
5391
5392
5393
5394
5394
5394
5395
5396
5398
5399
5399
5400
5400
5401
5401
5402
5403
5404
5406
5406
5407
5408
5409
5409
5411
5411
5411
5411
5415
5416
5416
5416
5418
5419
5420
5421
5421
5421
5422
5422
5424
5424
5424
5425
5425
5426
5427
5427
5427
5428
5429
5429
5429
5432
5433
5433
5434
5437
5439
5440
5441
5442
5442
5442
5442
5443
5444
5445
5446
5447
5447
5449
5449
5453
5454
5456
5456
5456
5457
5458
5458
5459
5459
5460
5461
5462
5462
5463
5463
5464
5464
5466
5468
5468
5468
5469
5470
5470
5470
5470
5472
5472
5472
5472
5474
5474
5475
5475
5475
5477
5479
5479
5480
5481
5482
5482
5486
5491
5494
5494
5495
5497
5498
5498
5499
5501
5502
5505
5507
5507
5508
5510
5510
5510
5511
5512
5513
5513
5513
5514
5515
5515
5516
5518
5520
5520
5520
5521
5521
5523
5524
5524
5525
5527
5528
5529
5530
5532
5532
5532
5535
5536
5536
5538
5538
5538
5540
5541
5541
5541
5541
5541
5542
5545
5546
5546
5548
5549
5549
5549
5550
5553
5553
5555
5556
5556
5561
5562
5562
5564
5565
5568
5568
5569
5570
5570
5572
5573
5574
5577
5577
5577
5577
5578
5579
5579
5580
5580
5580
5580
5580
5581
5581
5582
5582
5583
5584
5585
5586
5588
5588
5588
5590
5592
5594
5595
5596
5599
5600
5602
5603
5605
5607
5607
5607
5608
5608
5609
5609
5610
5611
5611
5612
5614
5617
5619
5619
5620
5620
5621
5621
5623
5624
5625
5625
5628
5630
5631
5633
5633
5636
5638
5639
5639
5639
5640
5642
5643
5646
5646
5648
5648
5649
5649
5649
5650
5650
5650
5654
5654
5654
5655
5656
5656
5658
5662
5663
5663
5663
5664
5665
5665
5665
5666
5667
5667
5668
5668
5669
5671
5672
5673
5674
5675
5676
5676
5677
5677
5679
5679
5680
5680
5682
5684
5685
5686
5686
5687
5687
5688
5688
5688
5690
5692
5693
5693
5694
5696
5697
5697
5697
5698
5700
5700
5704
5706
5706
5708
5708
5709
5709
5714
5714
5714
5715
5718
5718
5719
5720
5721
5722
5724
5725
5725
5725
5726
5727
5730
5732
5733
5735
5736
5737
5739
5741
5741
5741
5742
5742
5745
5745
5746
5748
5748
5749
5750
5752
5752
5753
5754
5754
5755
5755
5756
5756
5757
5758
5759
5760
5761
5762
5763
5763
5764
5764
5765
5765
5766
5766
5767
5769
5770
5773
5773
5776
5777
5777
5778
5780
5780
5781
5782
5782
5784
5785
5785
5786
5788
5791
5794
5795
5795
5796
5796
5797
5797
5797
5798
5798
5798
5798
5799
5799
5801
5803
5805
5806
5808
5808
5809
5812
5812
5814
5814
5814
5815
5815
5815
5816
5816
5817
5817
5818
5818
5821
5821
5823
5825
5826
5828
5829
5829
5830
5830
5831
5831
5831
5832
5832
5832
5834
5834
5837
5838
5838
5841
5843
5844
5845
5846
5846
5846
5846
5848
5848
5848
5849
5851
5851
5854
5856
5859
5859
5859
5859
5860
5861
5861
5866
5866
5867
5869
5870
5874
5875
5876
5876
5878
5879
5883
5884
5885
5888
5888
5890
5890
5890
5892
5894
5898
5898
5899
5901
5901
5902
5902
5902
5902
5903
5907
5907
5910
5911
5912
5913
5913
5915
5916
5918
5920
5921
5923
5924
5925
5927
5927
5928
5928
5929
5930
5931
5931
5932
5932
5933
5935
5935
5935
5935
5936
5936
5938
5940
5940
5941
5941
5942
5942
5944
5944
5948
5951
5951
5952
5952
5953
5955
5956
5957
5957
5957
5958
5960
5961
5962
5962
5963
5964
5965
5965
5967
5968
5968
5969
5970
5974
5975
5975
5976
5977
5978
5980
5981
5982
5982
5983
5983
5985
5985
5985
5986
5987
5988
5988
5992
5994
5994
5995
5995
5996
5997
5997
6000
6001
6003
6004
6004
6008
6009
6011
6011
6012
6013
6013
6014
6015
6016
6019
6020
6020
6021
6023
6023
6024
6024
6024
6024
6026
6026
6027
6027
6027
6027
6028
6028
6028
6032
6034
6034
6035
6036
6036
6036
6038
6038
6038
6038
6039
6039
6039
6040
6041
6042
6042
6043
6043
6044
6044
6045
6045
6047
6047
6048
6048
6050
6050
6050
6051
6053
6053
6053
6053
6053
6055
6056
6058
6058
6059
6060
6061
6061
6062
6063
6063
6064
6065
6066
6066
6067
6069
6069
6069
6069
6071
6072
6072
6073
6073
6073
6074
6074
6076
6077
6077
6079
6080
6081
6083
6084
6086
6087
6088
6090
6090
6090
6091
6092
6092
6093
6097
6097
6098
6099
6099
6100
6100
6100
6101
6102
6102
6103
6103
6104
6106
6108
6109
6110
6112
6112
6115
6115
6117
6118
6121
6122
6124
6124
6125
6127
6128
6130
6131
6131
6132
6133
6133
6138
6139
6140
6140
6144
6144
6146
6148
6150
6150
6150
6152
6152
6154
6155
6156
6158
6158
6159
6159
6159
6161
6163
6164
6165
6165
6166
6167
6167
6168
6168
6170
6171
6175
6176
6178
6178
6178
6179
6180
6180
6185
6186
6186
6186
6186
6187
6187
6187
6188
6188
6188
6188
6190
6190
6191
6191
6192
6192
6193
6193
6196
6196
6197
6198
6198
6199
6200
6201
6201
6201
6204
6204
6205
6205
6205
6206
6206
6207
6208
6208
6210
6210
6212
6214
6214
6214
6214
6215
6215
6215
6216
6218
6219
6220
6220
6221
6222
6224
6226
6228
6229
6230
6233
6233
6234
6235
6237
6238
6239
6240
6240
6241
6242
6244
6244
6244
6244
6245
6247
6248
6248
6248
6249
6250
6250
6251
6253
6254
6254
6255
6255
6255
6257
6257
6258
6258
6258
6262
6262
6263
6263
6266
6266
6266
6268
6268
6268
6270
6270
6271
6271
6272
6273
6274
6274
6275
6276
6279
6279
6281
6281
6282
6282
6283
6286
6286
6287
6287
6289
6291
6293
6293
6295
6295
6296
6296
6297
6297
6300
6300
6300
6304
6306
6307
6308
6312
6312
6312
6313
6316
6317
6320
6320
6321
6321
6324
6324
6325
6325
6325
6326
6327
6327
6331
6332
6332
6332
6333
6334
6334
6334
6334
6335
6336
6337
6338
6339
6340
6341
6342
6343
6344
6344
6344
6345
6346
6346
6346
6346
6347
6347
6347
6347
6348
6348
6349
6349
6350
6351
6354
6356
6357
6357
6358
6358
6358
6359
6359
6361
6361
6362
6362
6365
6369
6369
6369
6370
6371
6371
6372
6373
6375
6375
6377
6377
6378
6378
6381
6382
6382
6383
6385
6385
6385
6386
6387
6388
6389
6393
6394
6394
6395
6395
6395
6396
6396
6396
6396
6398
6398
6399
6401
6401
6403
6404
6404
6406
6410
6411
6413
6413
6414
6414
6414
6415
6416
6418
6421
6424
6425
6427
6430
6430
6431
6432
6433
6434
6434
6436
6437
6442
6442
6442
6443
6443
6445
6446
6446
6448
6448
6448
6450
6450
6450
6452
6452
6452
6453
6453
6455
6456
6456
6457
6457
6459
6459
6459
6462
6464
6464
6465
6465
6466
6466
6466
6469
6471
6471
6471
6472
6473
6474
6475
6476
6477
6477
6478
6480
6480
6481
6482
6484
6485
6486
6486
6487
6488
6489
6489
6489
6489
6490
6491
6493
6493
6494
6496
6496
6497
6499
6499
6500
6500
6500
6500
6500
6501
6504
6504
6504
6505
6505
6506
6506
6507
6507
6508
6508
6509
6510
6510
6511
6512
6513
6515
6518
6518
6518
6518
6521
6523
6525
6526
6526
6526
6530
6531
6533
6533
6537
6539
6540
6541
6541
6543
6544
6544
6545
6545
6545
6545
6547
6547
6548
6548
6548
6549
6549
6551
6551
6553
6554
6555
6556
6558
6559
6560
6561
6562
6563
6564
6564
6564
6565
6566
6567
6567
6568
6569
6570
6572
6572
6573
6574
6574
6575
6575
6575
6576
6578
6580
6580
6582
6583
6587
6587
6587
6587
6588
6588
6590
6591
6591
6592
6592
6592
6593
6593
6595
6596
6596
6597
6597
6598
6598
6599
6599
6600
6600
6602
6602
6605
6605
6606
6606
6607
6607
6608
6609
6610
6612
6612
6613
6613
6613
6614
6615
6615
6616
6616
6617
6618
6621
6622
6625
6626
6626
6627
6628
6629
6629
6630
6631
6634
6636
6637
6637
6641
6642
6643
6643
6644
6645
6648
6649
6649
6650
6651
6654
6656
6657
6659
6660
6662
6663
6663
6664
6664
6664
6665
6666
6666
6668
6668
6671
6676
6676
6677
6677
6679
6679
6679
6680
6680
6681
6682
6683
6684
6685
6687
6687
6688
6688
6689
6689
6692
6692
6694
6694
6696
6696
6697
6698
6699
6699
6700
6702
6702
6703
6703
6704
6706
6709
6710
6711
6711
6712
6712
6713
6713
6715
6715
6716
6716
6718
6718
6721
6724
6726
6727
6728
6728
6729
6731
6734
6736
6736
6739
6741
6743
6744
6744
6745
6748
6750
6753
6754
6754
6756
6756
6757
6759
6760
6760
6761
6761
6769
6773
6774
6775
6775
6776
6777
6777
6778
6779
6781
6781
6783
6783
6783
6783
6783
6783
6784
6785
6786
6787
6788
6788
6788
6789
6789
6789
6790
6790
6791
6794
6795
6796
6798
6800
6801
6804
6804
6805
6806
6806
6806
6807
6807
6808
6809
6809
6811
6812
6813
6814
6815
6817
6817
6818
6818
6822
6822
6823
6823
6824
6825
6826
6826
6826
6827
6828
6828
6830
6830
6830
6830
6832
6833
6833
6833
6834
6834
6835
6838
6845
6846
6847
6849
6849
6853
6855
6855
6858
6859
6859
6860
6861
6861
6861
6861
6861
6863
6864
6864
6864
6865
6866
6866
6866
6866
6867
6867
6867
6869
6870
6870
6875
6876
6876
6876
6876
6878
6883
6883
6883
6884
6884
6885
6885
6889
6889
6889
6891
6892
6893
6894
6896
6896
6898
6901
6902
6902
6903
6904
6905
6905
6905
6907
6907
6909
6909
6913
6914
6915
6915
6916
6919
6920
6920
6922
6923
6925
6926
6926
6926
6928
6928
6930
6930
6933
6935
6936
6937
6937
6938
6939
6940
6942
6942
6944
6944
6944
6945
6945
6946
6946
6946
6946
6946
6948
6951
6952
6952
6952
6953
6954
6954
6954
6956
6958
6958
6958
6959
6959
6960
6960
6961
6961
6961
6962
6963
6963
6967
6967
6969
6971
6971
6972
6972
6973
6974
6974
6976
6977
6977
6977
6977
6977
6978
6979
6979
6980
6981
6981
6982
6982
6983
6984
6985
6986
6987
6987
6988
6988
6989
6989
6992
6992
6993
6993
6993
6994
6995
6997
6997
6998
6998
7000
7000
7002
7010
7010
7010
7011
7012
7012
7015
7015
7016
7018
7022
7023
7025
7025
7027
7028
7028
7028
7029
7029
7033
7033
7033
7034
7035
7036
7036
7036
7037
7039
7039
7041
7041
7041
7042
7042
7042
7043
7046
7047
7049
7049
7049
7049
7050
7050
7052
7052
7053
7053
7053
7054
7054
7055
7056
7056
7058
7058
7061
7061
7061
7063
7063
7066
7066
7066
7067
7069
7070
7070
7072
7073
7074
7074
7075
7078
7079
7080
7083
7083
7083
7088
7090
7090
7094
7095
7096
7097
7097
7098
7098
7099
7099
7100
7100
7101
7102
7103
7103
7104
7104
7109
7109
7110
7111
7112
7112
7113
7114
7116
7119
7121
7122
7126
7126
7126
7127
7127
7128
7128
7128
7129
7131
7133
7135
7136
7136
7136
7136
7137
7142
7144
7146
7149
7151
7151
7151
7151
7152
7154
7155
7156
7157
7158
7159
7162
7163
7163
7164
7164
7165
7165
7165
7166
7166
7166
7166
7167
7167
7168
7169
7169
7170
7170
7172
7173
7176
7178
7178
7178
7179
7180
7184
7185
7186
7188
7190
7192
7193
7194
7194
7196
7199
7201
7201
7203
7203
7204
7204
7205
7205
7206
7206
7206
7206
7207
7209
7211
7211
7211
7212
7213
7213
7213
7214
7215
7215
7216
7216
7217
7218
7218
7219
7222
7223
7223
7223
7223
7225
7226
7227
7227
7227
7230
7235
7237
7237
7237
7239
7240
7241
7242
7243
7244
7246
7246
7248
7249
7250
7251
7252
7252
7253
7254
7256
7257
7258
7258
7259
7259
7260
7261
7261
7261
7262
7263
7264
7264
7265
7265
7267
7267
7268
7268
7269
7270
7271
7271
7271
7272
7272
7273
7273
7273
7273
7276
7276
7279
7279
7279
7281
7281
7282
7283
7285
7285
7286
7286
7288
7289
7289
7289
7293
7298
7299
7299
7301
7301
7302
7303
7304
7305
7306
7306
7306
7306
7309
7309
7309
7310
7311
7312
7312
7313
7314
7315
7315
7315
7315
7319
7319
7319
7320
7324
7324
7325
7325
7327
7329
7331
7331
7332
7333
7334
7334
7334
7335
7335
7335
7336
7336
7337
7338
7338
7338
7338
7339
7341
7343
7344
7344
7344
7345
7349
7351
7351
7355
7361
7361
7362
7363
7363
7364
7364
7366
7366
7366
7366
7368
7370
7370
7372
7373
7377
7378
7378
7379
7381
7381
7382
7383
7385
7387
7387
7388
7388
7389
7390
7390
7390
7390
7391
7392
7392
7394
7395
7395
7396
7399
7400
7400
7400
7401
7401
7402
7403
7406
7406
7409
7410
7410
7411
7411
7412
7414
7415
7416
7416
7416
7417
7418
7419
7419
7421
7422
7422
7422
7423
7423
7424
7424
7428
7428
7428
7429
7432
7436
7437
7438
7440
7441
7442
7442
7442
7442
7444
7444
7445
7447
7448
7452
7452
7454
7455
7456
7457
7461
7462
7462
7463
7464
7466
7466
7467
7471
7472
7473
7475
7476
7479
7481
7481
7482
7484
7487
7488
7490
7490
7492
7494
7494
7494
7497
7497
7498
7498
7499
7499
7502
7502
7503
7504
7505
7505
7506
7506
7506
7507
7510
7512
7514
7515
7516
7516
7518
7518
7518
7519
7520
7520
7520
7521
7521
7523
7524
7524
7525
7527
7527
7529
7530
7533
7534
7535
7536
7536
7537
7537
7538
7539
7540
7541
7541
7543
7543
7545
7545
7545
7548
7549
7549
7550
7550
7551
7553
7555
7556
7557
7558
7559
7559
7560
7560
7561
7562
7562
7562
7562
7565
7567
7568
7569
7571
7571
7571
7572
7573
7575
7577
7578
7578
7579
7579
7581
7583
7585
7586
7587
7590
7590
7591
7591
7594
7597
7598
7598
7600
7602
7602
7606
7606
7607
7607
7608
7608
7608
7608
7609
7613
7613
7613
7613
7614
7616
7616
7617
7617
7620
7622
7623
7623
7624
7625
7625
7627
7628
7629
7629
7630
7632
7632
7632
7634
7635
7635
7636
7637
7638
7640
7645
7645
7645
7645
7647
7650
7651
7651
7653
7654
7654
7657
7658
7659
7660
7660
7662
7665
7666
7667
7668
7668
7668
7670
7671
7671
7674
7674
7674
7675
7676
7676
7677
7680
7680
7680
7682
7683
7683
7684
7684
7687
7688
7688
7689
7691
7691
7692
7692
7694
7695
7696
7696
7700
7700
7701
7701
7702
7705
7705
7707
7708
7708
7709
7711
7711
7714
7716
7717
7717
7718
7721
7723
7724
7726
7729
7730
7730
7730
7733
7733
7735
7735
7736
7738
7738
7739
7739
7740
7740
7741
7744
7745
7746
7746
7746
7747
7747
7747
7748
7750
7751
7756
7756
7758
7760
7760
7760
7761
7762
7763
7763
7764
7766
7766
7767
7768
7768
7769
7769
7769
7769
7770
7771
7771
7771
7772
7772
7772
7773
7775
7777
7777
7778
7779
7779
7779
7782
7785
7788
7789
7792
7793
7793
7794
7795
7795
7796
7796
7798
7798
7799
7799
7800
7801
7803
7805
7806
7806
7807
7807
7809
7810
7814
7814
7814
7816
7817
7818
7818
7821
7821
7823
7823
7824
7825
7825
7826
7827
7831
7835
7837
7837
7838
7838
7838
7838
7839
7839
7842
7842
7842
7845
7847
7847
7848
7849
7850
7851
7852
7855
7855
7858
7860
7861
7861
7863
7864
7865
7866
7868
7868
7868
7868
7868
7869
7871
7872
7872
7873
7873
7873
7875
7876
7876
7877
7877
7877
7879
7879
7879
7879
7880
7880
7880
7880
7880
7881
7882
7883
7883
7883
7884
7884
7884
7886
7887
7889
7890
7890
7894
7894
7896
7896
7897
7898
7899
7900
7903
7904
7904
7904
7905
7907
7910
7912
7913
7916
7917
7917
7919
7921
7921
7922
7923
7925
7925
7925
7926
7928
7928
7929
7930
7931
7932
7933
7933
7933
7933
7933
7934
7935
7935
7937
7937
7939
7939
7940
7941
7941
7941
7942
7942
7945
7946
7946
7946
7946
7947
7947
7948
7949
7950
7955
7955
7955
7956
7956
7959
7959
7960
7961
7962
7963
7964
7968
7970
7970
7971
7971
7972
7972
7972
7973
7975
7976
7978
7978
7980
7984
7988
7991
7991
7993
7994
7998
7999
8001
8003
8005
8006
8007
8008
8009
8009
8010
8011
8011
8011
8014
8015
8015
8015
8017
8017
8018
8019
8020
8021
8022
8025
8025
8026
8026
8027
8028
8028
8029
8029
8030
8031
8032
8033
8036
8036
8037
8037
8038
8038
8038
8040
8040
8040
8041
8043
8043
8044
8044
8045
8045
8045
8046
8047
8048
8049
8049
8050
8051
8051
8052
8052
8053
8055
8056
8057
8059
8059
8060
8061
8061
8063
8063
8064
8067
8068
8071
8071
8073
8074
8076
8078
8079
8082
8083
8083
8083
8084
8084
8085
8087
8087
8088
8088
8088
8089
8091
8091
8092
8092
8093
8094
8096
8096
8096
8097
8098
8099
8100
8101
8102
8103
8103
8104
8105
8106
8107
8108
8109
8109
8110
8110
8113
8115
8117
8118
8118
8118
8119
8120
8121
8122
8123
8124
8124
8127
8127
8127
8128
8130
8130
8131
8133
8133
8136
8136
8136
8137
8138
8138
8140
8140
8141
8141
8143
8144
8144
8145
8146
8147
8149
8149
8151
8152
8153
8156
8156
8157
8157
8159
8160
8160
8162
8165
8166
8166
8171
8171
8171
8173
8175
8177
8177
8178
8178
8179
8182
8182
8183
8183
8185
8185
8189
8190
8192
8194
8194
8195
8196
8198
8198
8200
8200
8200
8202
8202
8203
8203
8203
8204
8207
8208
8208
8208
8209
8210
8210
8211
8213
8213
8213
8215
8216
8217
8220
8221
8221
8222
8224
8225
8226
8227
8227
8228
8229
8230
8231
8231
8232
8232
8232
8233
8234
8235
8236
8236
8236
8241
8242
8243
8245
8246
8248
8248
8250
8250
8251
8251
8252
8252
8253
8254
8255
8256
8258
8259
8260
8261
8262
8262
8263
8263
8264
8265
8267
8268
8268
8269
8269
8270
8272
8272
8272
8273
8275
8275
8275
8276
8277
8277
8279
8282
8283
8283
8284
8285
8285
8285
8285
8285
8286
8286
8287
8288
8288
8290
8290
8291
8291
8292
8293
8294
8294
8295
8296
8296
8296
8296
8297
8297
8299
8300
8300
8303
8304
8304
8305
8307
8308
8309
8310
8310
8311
8311
8311
8311
8312
8312
8315
8315
8315
8316
8316
8318
8319
8320
8320
8320
8320
8323
8326
8326
8327
8328
8329
8329
8330
8331
8334
8336
8337
8341
8342
8343
8344
8346
8348
8349
8349
8349
8349
8351
8352
8352
8353
8354
8355
8355
8356
8356
8358
8360
8361
8366
8368
8370
8371
8371
8373
8373
8374
8375
8376
8376
8377
8379
8381
8381
8382
8383
8383
8384
8384
8385
8388
8388
8390
8392
8393
8394
8394
8394
8394
8395
8395
8395
8396
8397
8399
8399
8400
8400
8401
8402
8405
8406
8408
8410
8413
8413
8415
8416
8418
8421
8422
8423
8423
8423
8423
8429
8429
8429
8430
8430
8434
8437
8438
8439
8440
8440
8440
8440
8441
8441
8441
8442
8444
8444
8445
8445
8446
8447
8449
8449
8449
8449
8449
8450
8450
8450
8451
8452
8452
8453
8455
8456
8456
8458
8458
8459
8460
8462
8463
8465
8466
8466
8470
8470
8471
8471
8472
8472
8472
8473
8475
8475
8476
8478
8479
8480
8480
8480
8482
8483
8484
8485
8485
8489
8490
8491
8492
8492
8494
8496
8496
8496
8496
8497
8498
8498
8499
8499
8499
8500
8502
8502
8502
8503
8503
8503
8504
8508
8508
8509
8509
8510
8512
8513
8513
8514
8516
8516
8517
8518
8518
8521
8522
8522
8523
8525
8525
8525
8526
8527
8528
8528
8530
8531
8531
8532
8532
8533
8533
8534
8535
8536
8536
8537
8537
8537
8539
8539
8541
8541
8542
8544
8545
8545
8546
8548
8548
8549
8549
8550
8550
8551
8551
8551
8554
8554
8556
8556
8559
8559
8559
8561
8562
8563
8563
8563
8564
8564
8565
8566
8566
8567
8567
8568
8571
8573
8573
8573
8574
8575
8575
8575
8575
8576
8577
8578
8579
8581
8581
8582
8584
8587
8588
8588
8589
8589
8590
8590
8591
8591
8592
8592
8593
8594
8596
8599
8599
8600
8600
8601
8601
8601
8602
8603
8605
8606
8607
8607
8611
8611
8611
8612
8612
8612
8612
8612
8614
8614
8614
8615
8618
8618
8619
8619
8621
8622
8622
8622
8623
8623
8623
8626
8628
8628
8632
8632
8632
8633
8633
8633
8635
8637
8641
8642
8644
8645
8647
8648
8649
8652
8653
8654
8656
8658
8658
8659
8659
8660
8661
8663
8663
8664
8665
8665
8666
8667
8667
8669
8670
8673
8673
8675
8677
8678
8679
8679
8681
8682
8682
8683
8684
8684
8685
8687
8687
8688
8690
8691
8692
8692
8695
8697
8700
8701
8702
8703
8703
8704
8705
8705
8706
8706
8707
8707
8708
8709
8710
8711
8711
8712
8712
8713
8713
8714
8714
8715
8715
8716
8716
8716
8718
8719
8720
8721
8722
8723
8724
8725
8728
8729
8731
8731
8733
8733
8734
8735
8735
8735
8735
8736
8738
8738
8739
8739
8739
8741
8741
8742
8742
8743
8743
8744
8744
8745
8746
8746
8747
8750
8751
8752
8752
8752
8753
8754
8755
8755
8757
8760
8762
8762
8763
8764
8764
8767
8769
8771
8773
8775
8776
8776
8777
8778
8779
8780
8782
8782
8783
8786
8788
8789
8789
8790
8792
8792
8793
8793
8797
8798
8798
8798
8799
8799
8800
8800
8800
8800
8800
8801
8801
8803
8803
8804
8805
8805
8806
8806
8808
8809
8809
8811
8811
8811
8812
8812
8814
8815
8816
8817
8818
8819
8820
8820
8821
8821
8821
8822
8823
8824
8824
8825
8827
8829
8829
8830
8830
8832
8832
8834
8834
8835
8835
8837
8837
8837
8838
8839
8840
8841
8842
8842
8842
8843
8843
8844
8845
8846
8847
8847
8847
8849
8849
8850
8852
8853
8854
8859
8860
8860
8860
8860
8862
8862
8864
8866
8868
8871
8874
8874
8874
8875
8875
8876
8877
8880
8880
8880
8881
8881
8881
8881
8882
8882
8883
8883
8883
8884
8884
8885
8885
8885
8885
8885
8887
8887
8887
8887
8889
8890
8891
8891
8891
8892
8893
8894
8895
8896
8896
8897
8898
8898
8900
8905
8905
8907
8908
8909
8909
8910
8910
8912
8912
8914
8919
8922
8922
8923
8923
8923
8923
8924
8924
8924
8926
8927
8929
8929
8931
8932
8932
8933
8934
8938
8939
8939
8940
8940
8940
8943
8945
8945
8945
8947
8947
8947
8947
8949
8949
8949
8950
8951
8951
8953
8954
8955
8955
8955
8959
8960
8963
8963
8963
8963
8964
8966
8967
8967
8968
8969
8971
8972
8973
8973
8974
8975
8976
8976
8977
8978
8978
8980
8981
8983
8986
8986
8986
8986
8987
8988
8995
8995
8995
8995
8996
8997
9000
9003
9004
9004
9004
9004
9005
9006
9007
9007
9008
9013
9013
9015
9017
9019
9020
9020
9023
9023
9023
9024
9024
9024
9024
9025
9026
9027
9030
9031
9032
9032
9032
9033
9035
9036
9036
9040
9046
9046
9046
9047
9048
9050
9052
9052
9054
9055
9059
9059
9059
9060
9060
9061
9064
9064
9065
9066
9066
9067
9068
9070
9070
9072
9073
9073
9074
9074
9075
9076
9077
9077
9080
9080
9081
9082
9083
9083
9084
9085
9086
9087
9088
9088
9089
9090
9093
9094
9096
9096
9097
9098
9098
9099
9099
9099
9100
9102
9102
9103
9104
9109
9110
9110
9110
9111
9111
9112
9113
9115
9115
9115
9116
9116
9117
9117
9117
9118
9118
9119
9119
9119
9121
9121
9122
9123
9124
9125
9126
9126
9127
9127
9128
9129
9131
9132
9133
9134
9134
9134
9136
9137
9137
9138
9139
9143
9143
9144
9146
9146
9146
9151
9152
9152
9153
9154
9155
9156
9157
9157
9158
9158
9159
9162
9162
9162
9162
9163
9163
9165
9165
9168
9168
9169
9169
9173
9174
9177
9178
9180
9181
9181
9182
9182
9182
9185
9185
9187
9187
9188
9189
9189
9189
9190
9191
9192
9192
9192
9192
9195
9196
9196
9197
9198
9198
9199
9199
9199
9201
9201
9203
9206
9207
9208
9208
9208
9209
9210
9210
9211
9211
9212
9213
9213
9214
9215
9215
9216
9217
9217
9218
9220
9223
9226
9226
9227
9227
9228
9228
9229
9229
9229
9230
9230
9231
9231
9232
9233
9235
9236
9238
9239
9239
9240
9241
9242
9242
9243
9245
9245
9245
9246
9246
9247
9249
9250
9251
9252
9252
9253
9255
9257
9258
9259
9259
9260
9260
9263
9264
9265
9265
9265
9266
9267
9267
9267
9269
9270
9270
9271
9271
9272
9273
9273
9274
9276
9277
9278
9279
9280
9281
9284
9287
9288
9299
9299
9299
9301
9302
9302
9304
9305
9305
9306
9306
9307
9308
9308
9309
9310
9311
9311
9311
9312
9312
9312
9313
9313
9314
9315
9316
9316
9318
9318
9318
9319
9320
9321
9323
9327
9327
9328
9329
9329
9330
9333
9334
9335
9336
9336
9337
9338
9339
9340
9342
9343
9345
9347
9348
9348
9349
9349
9350
9351
9352
9353
9357
9357
9360
9360
9361
9363
9364
9364
9365
9367
9367
9367
9369
9369
9372
9375
9378
9378
9379
9380
9381
9382
9383
9384
9385
9386
9386
9387
9388
9389
9389
9389
9391
9392
9393
9393
9395
9396
9396
9396
9400
9400
9403
9404
9407
9408
9408
9409
9410
9411
9411
9412
9412
9412
9413
9413
9414
9415
9415
9416
9416
9417
9417
9418
9418
9419
9421
9421
9424
9424
9424
9426
9426
9427
9428
9428
9428
9428
9428
9430
9430
9431
9432
9433
9433
9436
9437
9438
9438
9439
9439
9439
9439
9439
9441
9441
9442
9443
9444
9446
9446
9446
9448
9448
9448
9451
9453
9455
9456
9456
9457
9457
9459
9460
9461
9465
9465
9466
9467
9468
9470
9471
9472
9472
9473
9474
9476
9480
9482
9484
9485
9485
9488
9490
9490
9490
9492
9493
9496
9496
9496
9496
9497
9499
9500
9500
9501
9502
9502
9503
9503
9505
9506
9506
9506
9507
9507
9508
9509
9509
9509
9510
9510
9511
9512
9512
9514
9514
9515
9516
9516
9517
9517
9517
9519
9521
9521
9522
9522
9522
9523
9523
9523
9523
9525
9525
9525
9527
9528
9528
9529
9529
9529
9530
9530
9530
9531
9531
9532
9533
9536
9538
9538
9540
9540
9542
9543
9546
9551
9551
9552
9553
9554
9554
9555
9556
9556
9558
9558
9559
9560
9561
9563
9564
9565
9565
9567
9570
9571
9573
9573
9575
9575
9575
9578
9580
9580
9580
9580
9581
9582
9582
9582
9584
9586
9586
9587
9587
9589
9590
9591
9592
9594
9595
9595
9596
9596
9597
9598
9599
9600
9601
9601
9601
9604
9606
9607
9607
9608
9608
9609
9609
9610
9611
9611
9611
9612
9612
9612
9613
9614
9617
9617
9617
9618
9618
9621
9628
9629
9632
9633
9633
9634
9634
9634
9635
9636
9636
9638
9638
9639
9641
9641
9642
9643
9643
9644
9644
9645
9646
9647
9651
9652
9652
9654
9655
9655
9657
9657
9658
9658
9660
9660
9665
9665
9666
9666
9666
9666
9667
9669
9670
9672
9673
9673
9674
9675
9677
9678
9678
9678
9679
9681
9682
9683
9685
9686
9687
9690
9690
9690
9691
9691
9692
9695
9697
9698
9698
9699
9702
9703
9703
9704
9705
9705
9706
9706
9707
9708
9708
9708
9709
9709
9710
9710
9712
9715
9716
9716
9717
9728
9729
9730
9731
9731
9731
9732
9732
9732
9733
9736
9736
9737
9740
9742
9742
9744
9745
9745
9746
9747
9748
9748
9751
9752
9752
9753
9753
9754
9754
9755
9756
9757
9757
9758
9759
9759
9760
9764
9764
9765
9766
9766
9766
9768
9768
9769
9770
9771
9772
9773
9777
9777
9778
9779
9779
9779
9780
9782
9783
9784
9785
9785
9787
9788
9789
9790
9792
9792
9792
9793
9794
9794
9794
9795
9796
9797
9798
9798
9798
9798
9799
9801
9803
9805
9808
9808
9809
9810
9810
9812
9812
9814
9815
9817
9817
9817
9818
9818
9819
9819
9820
9820
9821
9821
9821
9824
9825
9830
9832
9833
9833
9834
9834
9835
9835
9836
9836
9836
9836
9837
9839
9841
9842
9842
9843
9845
9845
9846
9846
9846
9846
9847
9847
9851
9852
9853
9856
9857
9857
9858
9858
9858
9858
9859
9859
9860
9860
9860
9861
9867
9869
9869
9870
9871
9871
9874
9878
9878
9879
9880
9880
9881
9882
9883
9884
9884
9885
9886
9888
9890
9891
9891
9892
9892
9893
9894
9895
9897
9898
9899
9899
9904
9904
9904
9904
9905
9906
9906
9907
9908
9909
9909
9910
9910
9912
9913
9913
9913
9915
9916
9917
9917
9918
9918
9921
9922
9922
9924
9926
9929
9930
9932
9932
9934
9934
9936
9936
9938
9939
9940
9941
9941
9943
9944
9944
9946
9946
9947
9949
9949
9950
9951
9951
9952
9952
9954
9956
9957
9957
9958
9958
9958
9958
9960
9960
9961
9961
9963
9963
9964
9964
9966
9969
9969
9969
9970
9976
9976
9976
9977
9977
9979
9980
9980
9983
9985
9986
9988
9989
9990
9990
9990
9993
9993
9996
9997
9998
9999
