8
9
12
13
16
16
17
19
20
24
24
24
25
25
25
25
25
32
32
32
32
33
34
34
34
35
36
37
37
38
38
38
39
39
40
40
41
42
42
46
46
46
47
47
50
51
52
53
53
54
56
56
57
57
58
61
61
61
62
63
66
66
66
66
72
73
74
74
79
79
79
79
79
79
79
80
80
81
81
83
83
84
84
86
86
86
87
88
88
88
90
91
91
91
92
94
95
95
96
97
98
99
100
100
101
103
105
105
106
107
107
107
109
111
112
112
113
113
114
116
116
117
117
118
118
120
120
121
122
123
123
124
125
125
130
130
130
130
131
132
133
133
134
134
135
135
135
136
136
136
140
140
140
142
142
142
145
145
145
146
147
147
147
150
151
151
151
152
157
157
159
160
160
160
161
162
162
164
164
166
169
169
171
171
171
172
172
173
173
175
176
176
177
177
178
179
183
183
184
184
186
187
188
189
189
192
192
195
196
196
199
200
201
201
202
203
203
204
205
205
206
206
206
207
208
208
209
209
209
212
212
213
214
214
214
215
215
217
218
218
220
222
223
225
226
226
226
226
229
229
229
231
231
231
231
235
237
238
239
240
240
240
242
246
246
246
248
248
250
250
250
254
254
258
258
259
259
260
266
267
267
267
269
270
270
271
273
276
277
279
280
283
284
284
285
287
287
288
288
289
289
290
291
292
293
293
294
294
295
298
299
299
299
299
299
300
300
303
303
305
306
306
308
309
311
312
313
314
317
318
320
321
322
323
325
325
325
326
327
328
328
329
330
332
333
333
333
338
339
341
342
342
342
343
345
347
348
349
350
351
351
352
352
352
352
353
359
361
363
365
365
366
367
367
370
371
372
373
374
374
376
378
380
382
383
384
384
385
385
385
386
386
386
386
387
387
388
389
389
392
392
396
396
398
400
400
401
403
403
404
404
406
407
407
408
410
410
414
416
416
416
418
421
422
423
423
424
424
424
425
426
427
427
428
429
434
436
438
438
440
440
440
443
443
444
444
445
445
446
447
448
448
448
448
449
449
451
453
454
455
456
457
457
458
461
461
462
462
462
462
463
463
467
467
467
469
470
471
471
471
473
475
476
477
477
477
478
479
479
482
484
484
485
487
488
488
489
492
492
495
496
496
497
498
499
500
502
506
506
507
508
508
509
509
510
510
510
510
511
512
513
513
513
513
515
515
516
517
518
520
521
521
522
522
523
524
527
532
532
532
534
536
537
537
538
538
539
540
540
541
541
541
542
542
543
544
550
552
553
554
555
555
555
556
556
556
556
558
559
560
561
562
563
563
563
564
564
564
565
566
566
566
566
567
568
568
568
568
569
569
569
570
573
573
577
577
578
578
579
580
580
580
580
581
581
582
582
582
583
586
586
590
592
592
592
593
594
595
595
596
599
603
604
604
605
605
605
606
606
607
610
610
610
611
611
612
613
614
618
618
618
619
621
625
626
626
626
626
628
629
630
630
631
632
633
634
634
635
638
638
638
639
640
640
642
643
645
645
645
646
648
648
648
649
649
651
652
652
654
656
656
657
658
658
661
664
665
667
669
670
670
670
670
671
675
678
680
680
682
682
683
686
686
686
687
688
689
691
692
693
694
695
696
697
697
698
698
698
699
701
702
703
703
704
704
705
705
706
708
714
718
719
719
720
722
723
724
724
730
730
730
731
732
732
732
733
733
734
734
734
736
737
739
739
741
742
746
750
750
752
752
752
754
754
754
754
757
757
757
758
761
761
762
765
766
767
769
770
771
771
772
773
773
775
776
778
779
780
780
781
783
784
785
785
786
787
787
787
789
789
789
789
791
791
792
792
792
792
797
798
799
800
802
803
803
805
805
807
807
809
810
811
814
815
816
817
817
817
818
818
818
819
820
820
821
823
825
826
826
827
828
832
832
833
833
835
836
839
839
839
840
840
844
844
845
845
846
847
848
850
850
853
853
854
854
855
855
855
856
856
856
858
859
859
861
862
862
862
864
866
867
867
869
870
871
872
873
873
873
874
875
875
875
878
878
882
883
883
883
885
885
886
888
888
889
889
889
892
892
892
893
893
893
894
894
895
898
898
900
900
901
901
902
902
903
903
904
909
910
910
914
914
915
917
919
919
920
921
922
922
922
922
923
924
925
926
926
926
927
927
927
928
928
929
931
934
937
937
941
942
943
943
944
946
947
950
950
951
951
951
954
956
958
958
958
962
963
963
963
964
965
966
967
967
967
968
968
968
970
972
974
975
975
978
980
980
982
982
982
984
986
986
988
988
989
989
990
990
990
991
992
995
998
1000
1001
1001
1001
1003
1007
1007
1008
1008
1010
1010
1010
1012
1012
1013
1015
1015
1016
1016
1016
1016
1016
1017
1017
1018
1018
1019
1020
1020
1021
1021
1022
1022
1023
1023
1024
1025
1025
1025
1026
1028
1028
1032
1033
1033
1036
1037
1038
1038
1040
1041
1042
1043
1043
1043
1044
1045
1046
1046
1046
1046
1047
1048
1048
1048
1050
1051
1052
1053
1053
1053
1055
1056
1056
1056
1056
1058
1058
1058
1060
1062
1062
1062
1063
1063
1063
1064
1065
1065
1066
1066
1068
1069
1069
1070
1071
1071
1074
1074
1074
1074
1075
1076
1077
1078
1081
1081
1081
1082
1084
1084
1085
1090
1091
1092
1094
1095
1096
1097
1099
1099
1100
1100
1100
1101
1103
1103
1104
1105
1106
1109
1110
1110
1110
1110
1111
1113
1113
1114
1114
1114
1115
1116
1116
1117
1119
1119
1120
1120
1122
1123
1124
1124
1124
1126
1127
1127
1129
1133
1133
1134
1134
1134
1136
1136
1138
1139
1139
1140
1142
1143
1143
1143
1143
1145
1145
1145
1146
1146
1146
1147
1147
1148
1148
1150
1150
1151
1152
1154
1154
1154
1155
1158
1159
1160
1160
1160
1163
1165
1165
1165
1165
1166
1166
1166
1167
1168
1169
1172
1172
1173
1173
1175
1175
1175
1176
1178
1178
1178
1180
1181
1181
1181
1182
1182
1182
1182
1183
1183
1183
1183
1183
1184
1185
1187
1187
1187
1188
1189
1190
1190
1193
1193
1195
1196
1197
1198
1200
1200
1200
1201
1201
1203
1204
1204
1205
1205
1207
1207
1208
1210
1210
1211
1211
1211
1211
1213
1213
1216
1218
1218
1218
1218
1219
1219
1220
1220
1220
1222
1222
1223
1224
1225
1225
1226
1226
1227
1227
1228
1230
1231
1231
1233
1233
1234
1234
1234
1234
1235
1236
1237
1237
1238
1239
1241
1241
1242
1243
1244
1246
1246
1247
1247
1248
1249
1250
1250
1250
1250
1250
1251
1252
1257
1258
1258
1259
1259
1261
1262
1264
1265
1266
1266
1267
1267
1269
1271
1272
1272
1272
1272
1273
1276
1277
1277
1277
1277
1277
1280
1280
1281
1282
1282
1283
1284
1286
1287
1291
1291
1291
1293
1293
1294
1297
1298
1298
1298
1299
1299
1299
1302
1302
1304
1306
1306
1308
1308
1309
1309
1309
1309
1310
1310
1310
1311
1314
1314
1316
1322
1327
1328
1328
1330
1332
1333
1335
1335
1338
1340
1343
1345
1346
1347
1347
1348
1348
1348
1351
1352
1353
1355
1356
1357
1358
1359
1359
1360
1365
1366
1367
1368
1369
1369
1371
1374
1374
1376
1376
1376
1376
1377
1379
1381
1381
1382
1384
1384
1386
1386
1389
1389
1391
1395
1396
1396
1396
1398
1401
1402
1402
1404
1404
1406
1407
1407
1409
1413
1415
1417
1421
1421
1423
1424
1424
1425
1427
1427
1428
1430
1431
1433
1433
1435
1435
1435
1436
1436
1438
1438
1439
1440
1441
1442
1443
1444
1445
1445
1446
1447
1447
1447
1447
1447
1449
1453
1454
1455
1455
1456
1457
1457
1457
1457
1458
1459
1459
1460
1462
1463
1464
1464
1464
1466
1468
1469
1469
1470
1471
1472
1473
1474
1474
1478
1481
1481
1483
1483
1484
1485
1487
1487
1488
1488
1489
1491
1493
1493
1494
1496
1496
1496
1497
1497
1499
1500
1500
1500
1501
1502
1502
1503
1505
1506
1509
1509
1510
1510
1511
1513
1514
1514
1515
1517
1519
1519
1520
1521
1521
1523
1524
1526
1528
1528
1529
1529
1530
1530
1531
1531
1533
1534
1538
1538
1541
1543
1544
1544
1545
1545
1546
1549
1550
1552
1552
1552
1552
1552
1552
1553
1557
1558
1558
1559
1559
1559
1561
1561
1561
1561
1561
1562
1562
1563
1565
1566
1568
1568
1570
1571
1571
1572
1573
1574
1574
1576
1576
1579
1580
1581
1582
1582
1582
1583
1584
1585
1586
1589
1592
1592
1594
1598
1598
1600
1601
1602
1603
1604
1605
1607
1607
1607
1607
1609
1612
1613
1613
1613
1614
1615
1615
1615
1617
1617
1618
1618
1620
1621
1622
1622
1623
1623
1623
1624
1625
1625
1626
1629
1630
1631
1632
1634
1635
1635
1635
1636
1639
1639
1640
1641
1642
1643
1643
1649
1649
1649
1649
1651
1652
1652
1654
1657
1657
1658
1659
1659
1660
1660
1662
1662
1662
1664
1666
1667
1669
1669
1669
1670
1674
1674
1676
1676
1677
1677
1678
1678
1679
1679
1679
1680
1681
1683
1683
1683
1684
1684
1685
1685
1687
1688
1688
1688
1688
1689
1689
1690
1691
1694
1695
1695
1695
1696
1697
1698
1698
1700
1700
1701
1701
1702
1704
1704
1706
1707
1707
1709
1709
1710
1710
1710
1710
1710
1711
1714
1715
1719
1719
1723
1724
1726
1726
1726
1727
1728
1728
1728
1729
1729
1730
1731
1732
1732
1734
1734
1734
1735
1735
1736
1736
1736
1737
1737
1738
1739
1739
1740
1741
1742
1742
1743
1743
1745
1746
1746
1748
1748
1750
1750
1751
1753
1753
1754
1755
1756
1756
1757
1759
1761
1763
1765
1766
1767
1768
1769
1771
1773
1773
1774
1777
1777
1778
1778
1778
1779
1779
1780
1780
1780
1780
1782
1783
1785
1785
1786
1788
1788
1788
1789
1790
1790
1790
1791
1792
1792
1793
1793
1794
1795
1795
1795
1796
1797
1797
1797
1797
1800
1801
1802
1804
1804
1806
1807
1808
1811
1814
1819
1820
1821
1821
1821
1822
1824
1824
1826
1826
1826
1827
1827
1828
1830
1830
1833
1833
1834
1834
1835
1836
1838
1838
1838
1838
1839
1839
1840
1845
1846
1846
1848
1850
1857
1858
1859
1859
1860
1862
1865
1865
1867
1868
1868
1869
1870
1872
1873
1875
1876
1876
1876
1876
1876
1877
1878
1878
1880
1881
1882
1882
1883
1883
1883
1884
1885
1886
1886
1887
1887
1889
1889
1889
1890
1890
1890
1891
1891
1891
1893
1897
1897
1897
1898
1900
1901
1902
1902
1904
1904
1905
1906
1906
1907
1907
1907
1911
1911
1913
1913
1914
1915
1918
1918
1918
1918
1919
1919
1920
1921
1922
1925
1925
1925
1928
1928
1929
1931
1933
1934
1937
1938
1940
1942
1943
1943
1945
1945
1946
1946
1947
1949
1950
1951
1953
1954
1956
1957
1958
1958
1959
1960
1961
1965
1965
1966
1967
1968
1969
1969
1970
1972
1974
1975
1976
1977
1977
1978
1978
1979
1979
1979
1981
1982
1982
1984
1984
1984
1985
1986
1986
1987
1987
1989
1990
1992
1994
1994
1994
1995
1996
1996
1997
1998
2000
2000
2002
2002
2003
2006
2008
2008
2009
2009
2009
2012
2012
2012
2013
2014
2015
2016
2016
2017
2017
2020
2021
2021
2021
2022
2022
2023
2027
2028
2029
2029
2030
2032
2034
2035
2035
2036
2037
2038
2038
2038
2038
2039
2040
2042
2045
2045
2049
2052
2053
2058
2059
2061
2062
2063
2065
2066
2068
2069
2069
2070
2073
2073
2073
2073
2075
2075
2076
2082
2084
2084
2085
2087
2087
2087
2089
2090
2092
2093
2095
2095
2096
2096
2097
2098
2099
2100
2100
2101
2101
2101
2102
2102
2103
2103
2104
2105
2106
2106
2107
2108
2113
2113
2113
2113
2115
2116
2118
2119
2120
2120
2122
2122
2124
2126
2128
2128
2128
2133
2133
2133
2134
2135
2136
2136
2137
2138
2139
2139
2140
2140
2141
2141
2142
2145
2145
2147
2148
2152
2152
2156
2159
2160
2160
2161
2161
2162
2163
2163
2164
2164
2165
2166
2166
2168
2169
2171
2171
2175
2176
2176
2176
2176
2177
2177
2178
2178
2179
2181
2182
2183
2183
2185
2185
2187
2187
2189
2190
2190
2191
2192
2192
2194
2194
2195
2197
2198
2199
2199
2200
2201
2202
2203
2204
2205
2206
2207
2211
2212
2215
2220
2221
2222
2222
2224
2224
2226
2226
2226
2227
2228
2230
2231
2231
2233
2234
2236
2236
2237
2237
2239
2241
2244
2245
2245
2246
2246
2246
2249
2249
2250
2251
2251
2252
2254
2254
2256
2257
2257
2261
2261
2261
2261
2262
2262
2263
2266
2267
2268
2270
2272
2273
2275
2276
2276
2276
2277
2278
2279
2280
2281
2282
2283
2283
2285
2285
2286
2287
2288
2289
2290
2292
2292
2292
2293
2294
2295
2295
2297
2297
2297
2297
2298
2298
2300
2300
2301
2302
2304
2304
2305
2305
2305
2306
2307
2309
2309
2309
2309
2311
2312
2312
2313
2313
2314
2314
2315
2315
2315
2316
2317
2318
2318
2318
2318
2320
2320
2321
2323
2323
2323
2324
2324
2326
2326
2328
2331
2331
2333
2333
2335
2335
2336
2336
2337
2337
2337
2340
2340
2343
2343
2345
2347
2347
2348
2349
2349
2351
2352
2353
2355
2356
2358
2359
2360
2362
2362
2364
2365
2366
2366
2367
2369
2369
2370
2371
2372
2373
2374
2375
2376
2379
2380
2380
2381
2383
2387
2388
2389
2390
2390
2391
2391
2391
2392
2393
2394
2394
2397
2397
2398
2400
2400
2405
2406
2407
2407
2407
2409
2410
2411
2412
2412
2414
2416
2417
2417
2422
2422
2424
2424
2424
2425
2425
2427
2430
2430
2430
2431
2434
2434
2435
2435
2435
2436
2438
2440
2440
2440
2441
2442
2444
2444
2445
2447
2452
2454
2457
2458
2458
2459
2460
2463
2464
2465
2468
2469
2471
2473
2473
2475
2476
2477
2477
2478
2478
2479
2479
2480
2481
2482
2483
2484
2484
2485
2486
2486
2487
2490
2498
2499
2500
2500
2501
2501
2502
2503
2505
2507
2507
2507
2510
2510
2511
2513
2514
2514
2515
2516
2517
2519
2519
2520
2521
2523
2524
2524
2525
2526
2526
2527
2527
2528
2529
2529
2529
2529
2529
2530
2531
2531
2531
2532
2533
2534
2534
2534
2534
2536
2536
2537
2537
2538
2538
2540
2540
2540
2540
2541
2544
2544
2546
2547
2547
2549
2549
2549
2550
2550
2550
2551
2552
2553
2553
2554
2555
2561
2561
2562
2562
2563
2563
2563
2565
2565
2565
2565
2566
2567
2567
2567
2568
2570
2571
2572
2574
2574
2574
2574
2575
2576
2577
2577
2578
2579
2581
2582
2583
2583
2585
2587
2588
2589
2590
2592
2594
2596
2596
2597
2597
2598
2601
2602
2604
2604
2605
2605
2607
2608
2610
2610
2612
2615
2617
2617
2620
2620
2621
2621
2621
2622
2622
2622
2623
2623
2624
2626
2626
2629
2631
2631
2631
2632
2632
2633
2635
2635
2636
2639
2640
2641
2641
2642
2642
2646
2648
2649
2649
2649
2651
2654
2655
2655
2658
2658
2658
2658
2659
2659
2659
2660
2661
2662
2663
2663
2663
2663
2663
2663
2664
2665
2665
2665
2665
2667
2668
2670
2670
2672
2673
2673
2673
2674
2674
2674
2674
2676
2680
2682
2682
2683
2685
2686
2686
2687
2687
2689
2689
2689
2690
2691
2691
2692
2695
2696
2696
2697
2698
2698
2699
2699
2699
2701
2702
2702
2704
2704
2704
2704
2704
2705
2705
2705
2706
2711
2712
2713
2713
2722
2723
2724
2725
2726
2727
2728
2729
2731
2731
2731
2732
2732
2734
2735
2736
2739
2741
2742
2743
2746
2749
2750
2751
2752
2752
2754
2754
2756
2756
2757
2757
2760
2760
2761
2761
2762
2762
2763
2765
2767
2769
2770
2771
2771
2772
2773
2775
2777
2777
2778
2779
2781
2781
2782
2784
2784
2785
2785
2786
2787
2787
2788
2789
2792
2793
2793
2795
2799
2800
2801
2803
2803
2805
2807
2808
2809
2812
2812
2814
2815
2815
2815
2816
2817
2819
2819
2821
2822
2822
2823
2824
2825
2826
2827
2827
2830
2831
2833
2833
2833
2835
2836
2838
2838
2838
2839
2842
2843
2844
2846
2847
2848
2849
2851
2853
2854
2854
2854
2855
2855
2855
2857
2858
2859
2861
2861
2862
2863
2863
2863
2863
2864
2864
2865
2866
2866
2867
2867
2869
2869
2869
2871
2872
2873
2873
2873
2875
2875
2876
2876
2877
2877
2877
2881
2881
2882
2882
2884
2885
2887
2888
2889
2889
2893
2894
2894
2895
2896
2897
2897
2898
2900
2901
2901
2901
2904
2905
2906
2907
2907
2908
2910
2912
2912
2912
2913
2914
2915
2918
2921
2922
2924
2925
2925
2926
2928
2929
2929
2930
2931
2931
2932
2933
2933
2934
2934
2937
2938
2939
2940
2941
2941
2943
2945
2946
2947
2948
2949
2949
2955
2955
2955
2955
2956
2957
2957
2957
2959
2959
2959
2961
2962
2963
2964
2968
2969
2969
2969
2970
2971
2971
2971
2972
2972
2972
2972
2973
2973
2974
2974
2974
2977
2977
2978
2978
2979
2980
2983
2985
2986
2987
2988
2989
2989
2990
2990
2990
2992
2993
2993
2993
2993
2993
2994
2994
2996
2996
2997
2997
2998
3000
3004
3005
3005
3006
3009
3010
3012
3013
3014
3014
3017
3018
3020
3022
3023
3026
3027
3027
3028
3029
3029
3031
3034
3035
3035
3036
3036
3037
3038
3038
3038
3040
3044
3044
3045
3046
3048
3049
3049
3050
3051
3054
3058
3058
3059
3061
3062
3064
3064
3064
3067
3068
3068
3069
3070
3071
3074
3074
3074
3074
3077
3077
3077
3078
3078
3079
3079
3080
3080
3081
3081
3084
3086
3090
3091
3091
3092
3092
3092
3095
3096
3096
3096
3098
3099
3099
3100
3101
3101
3102
3103
3103
3105
3106
3107
3108
3108
3109
3109
3109
3110
3110
3117
3118
3119
3121
3122
3123
3125
3127
3127
3127
3127
3128
3128
3129
3130
3131
3131
3132
3133
3134
3135
3135
3135
3135
3136
3137
3142
3142
3142
3146
3146
3149
3149
3150
3150
3151
3154
3157
3157
3157
3160
3161
3161
3162
3163
3164
3165
3168
3170
3171
3171
3172
3173
3174
3176
3177
3177
3180
3182
3182
3184
3185
3185
3186
3186
3187
3189
3189
3189
3190
3190
3191
3192
3194
3195
3196
3197
3197
3199
3201
3201
3201
3202
3202
3202
3203
3204
3204
3205
3205
3210
3214
3217
3219
3222
3224
3225
3228
3228
3232
3233
3235
3235
3238
3239
3240
3240
3241
3242
3242
3242
3243
3243
3246
3247
3249
3250
3251
3251
3251
3252
3254
3254
3258
3262
3266
3269
3270
3270
3270
3272
3272
3272
3273
3273
3274
3275
3278
3280
3283
3284
3286
3287
3288
3288
3289
3290
3291
3292
3293
3298
3298
3300
3300
3301
3301
3303
3303
3304
3304
3306
3307
3307
3308
3309
3309
3310
3310
3310
3311
3312
3315
3315
3316
3318
3318
3318
3319
3320
3320
3321
3321
3323
3325
3327
3330
3330
3330
3331
3331
3332
3332
3332
3333
3333
3333
3334
3334
3338
3339
3340
3342
3344
3347
3347
3349
3351
3353
3353
3354
3354
3354
3355
3356
3357
3358
3358
3358
3360
3360
3360
3361
3363
3365
3365
3367
3371
3371
3374
3374
3376
3378
3379
3381
3381
3381
3381
3382
3385
3385
3386
3386
3387
3388
3388
3389
3390
3390
3390
3392
3392
3394
3395
3396
3396
3396
3396
3397
3397
3397
3399
3401
3401
3402
3402
3404
3405
3405
3406
3407
3407
3410
3413
3414
3415
3415
3416
3416
3417
3417
3422
3422
3422
3422
3424
3424
3424
3425
3425
3425
3426
3427
3428
3429
3430
3430
3430
3435
3436
3436
3437
3437
3438
3439
3439
3441
3441
3443
3443
3445
3446
3447
3448
3449
3449
3449
3450
3451
3452
3452
3454
3455
3457
3458
3458
3460
3461
3461
3464
3466
3466
3466
3468
3469
3470
3471
3471
3471
3471
3473
3477
3478
3478
3482
3482
3482
3482
3484
3485
3485
3486
3487
3487
3488
3489
3491
3491
3492
3493
3494
3494
3496
3496
3499
3500
3501
3503
3505
3505
3505
3507
3507
3507
3507
3509
3509
3511
3511
3513
3513
3514
3517
3517
3517
3517
3518
3518
3518
3520
3520
3521
3522
3522
3523
3524
3524
3524
3525
3526
3528
3528
3528
3528
3529
3530
3530
3534
3534
3535
3536
3538
3538
3543
3543
3543
3544
3544
3546
3546
3546
3547
3549
3551
3553
3553
3554
3554
3558
3560
3560
3560
3561
3562
3562
3564
3566
3567
3567
3567
3568
3568
3569
3569
3569
3570
3570
3573
3574
3574
3575
3576
3577
3578
3579
3580
3581
3581
3581
3584
3586
3587
3588
3589
3591
3593
3594
3595
3596
3597
3599
3603
3604
3605
3607
3607
3607
3608
3612
3612
3612
3614
3615
3615
3616
3616
3616
3616
3616
3617
3618
3618
3618
3618
3622
3625
3626
3626
3627
3629
3631
3631
3632
3632
3635
3636
3637
3639
3640
3640
3641
3641
3643
3643
3644
3646
3646
3646
3647
3649
3649
3650
3650
3653
3653
3655
3656
3656
3659
3659
3659
3662
3664
3665
3668
3668
3669
3669
3669
3672
3673
3674
3674
3675
3677
3678
3679
3679
3680
3681
3682
3682
3684
3684
3685
3685
3688
3690
3691
3691
3694
3695
3695
3696
3697
3699
3701
3702
3703
3704
3705
3706
3706
3708
3708
3709
3710
3713
3713
3714
3714
3716
3717
3718
3721
3721
3722
3723
3723
3723
3723
3724
3726
3726
3727
3728
3729
3730
3730
3731
3731
3733
3733
3733
3734
3736
3737
3737
3740
3742
3742
3742
3743
3744
3745
3745
3746
3746
3748
3748
3749
3749
3749
3751
3751
3751
3751
3753
3753
3753
3754
3754
3755
3756
3758
3759
3762
3762
3763
3763
3763
3763
3764
3766
3767
3768
3768
3769
3770
3770
3770
3771
3773
3774
3774
3775
3778
3778
3779
3780
3782
3783
3786
3787
3787
3788
3789
3791
3791
3791
3794
3796
3797
3797
3797
3798
3801
3804
3808
3809
3810
3810
3813
3813
3813
3813
3813
3813
3813
3814
3814
3816
3817
3817
3818
3819
3820
3820
3822
3823
3824
3825
3825
3825
3826
3828
3828
3830
3831
3832
3833
3835
3837
3837
3838
3838
3838
3840
3842
3842
3845
3845
3845
3846
3846
3847
3847
3849
3851
3851
3851
3852
3853
3855
3856
3856
3858
3859
3860
3862
3862
3863
3864
3864
3865
3866
3868
3868
3870
3871
3871
3871
3872
3873
3873
3874
3876
3876
3877
3877
3877
3877
3878
3879
3879
3883
3883
3884
3885
3887
3887
3888
3889
3889
3890
3890
3890
3892
3892
3893
3895
3895
3896
3896
3898
3899
3900
3902
3902
3902
3903
3904
3909
3909
3910
3911
3912
3913
3913
3917
3917
3918
3918
3920
3921
3923
3924
3924
3925
3926
3926
3927
3927
3928
3928
3929
3929
3937
3938
3939
3939
3940
3941
3942
3943
3944
3944
3944
3945
3946
3946
3951
3951
3952
3954
3955
3955
3955
3956
3957
3959
3960
3964
3964
3966
3968
3970
3970
3974
3977
3979
3982
3982
3983
3984
3986
3987
3987
3990
3992
3992
3994
3994
3995
3995
3996
3996
3997
3998
3998
4000
4000
4001
4001
4002
4003
4004
4005
4005
4005
4007
4008
4009
4009
4013
4014
4014
4014
4015
4015
4016
4018
4018
4021
4022
4023
4023
4024
4025
4027
4028
4028
4030
4030
4030
4030
4032
4032
4035
4035
4035
4035
4036
4037
4037
4037
4038
4040
4040
4041
4041
4042
4043
4044
4044
4045
4046
4046
4048
4048
4048
4051
4053
4054
4054
4057
4058
4058
4059
4061
4061
4063
4066
4066
4067
4069
4069
4070
4072
4072
4072
4074
4076
4077
4077
4078
4079
4082
4083
4083
4083
4086
4087
4088
4090
4090
4090
4091
4091
4091
4091
4092
4093
4095
4095
4096
4097
4099
4099
4102
4102
4104
4105
4105
4105
4105
4107
4107
4110
4111
4111
4114
4115
4115
4116
4116
4117
4117
4118
4120
4121
4121
4122
4123
4124
4125
4126
4126
4128
4129
4131
4132
4135
4136
4136
4137
4139
4139
4141
4143
4145
4145
4148
4148
4149
4149
4149
4150
4150
4151
4151
4152
4153
4154
4155
4156
4157
4159
4159
4160
4160
4161
4164
4164
4164
4165
4167
4167
4168
4168
4168
4169
4170
4171
4172
4174
4174
4175
4175
4177
4178
4178
4182
4184
4185
4186
4186
4188
4188
4190
4195
4195
4196
4197
4198
4199
4199
4200
4200
4204
4204
4206
4208
4208
4208
4209
4210
4212
4213
4213
4213
4214
4214
4216
4218
4218
4220
4221
4221
4222
4223
4223
4223
4223
4224
4224
4224
4225
4225
4226
4226
4226
4229
4230
4232
4235
4235
4236
4237
4237
4239
4240
4241
4244
4245
4245
4246
4250
4250
4251
4251
4252
4252
4253
4253
4253
4254
4254
4258
4258
4258
4259
4261
4261
4262
4263
4264
4264
4264
4265
4266
4266
4270
4273
4274
4274
4276
4276
4277
4278
4278
4280
4283
4286
4286
4287
4289
4291
4291
4292
4292
4295
4295
4295
4297
4299
4300
4300
4305
4306
4306
4307
4307
4307
4308
4310
4311
4313
4314
4315
4315
4316
4317
4320
4320
4323
4324
4326
4326
4330
4330
4330
4331
4337
4337
4337
4337
4338
4338
4339
4339
4340
4343
4343
4344
4344
4345
4345
4345
4346
4348
4349
4350
4350
4351
4353
4353
4358
4359
4359
4360
4363
4364
4364
4365
4365
4365
4367
4367
4374
4375
4376
4377
4378
4380
4382
4382
4382
4383
4385
4386
4387
4389
4390
4392
4396
4396
4398
4400
4400
4401
4401
4402
4403
4404
4404
4404
4407
4411
4412
4412
4412
4412
4414
4419
4419
4421
4422
4424
4425
4427
4427
4431
4431
4432
4433
4434
4434
4435
4435
4437
4438
4438
4439
4440
4444
4444
4444
4445
4445
4445
4446
4448
4448
4448
4450
4450
4450
4452
4453
4453
4455
4456
4456
4458
4460
4461
4465
4465
4469
4471
4472
4472
4475
4476
4476
4480
4484
4485
4486
4486
4488
4488
4489
4489
4490
4491
4494
4496
4498
4499
4499
4499
4499
4501
4502
4505
4507
4507
4508
4508
4512
4514
4515
4515
4515
4517
4518
4518
4519
4525
4525
4526
4526
4526
4527
4528
4528
4528
4529
4529
4530
4532
4534
4534
4536
4536
4537
4539
4539
4539
4541
4541
4543
4543
4545
4546
4547
4547
4548
4549
4550
4551
4552
4553
4555
4555
4555
4558
4558
4559
4561
4562
4562
4562
4565
4566
4566
4567
4567
4567
4567
4568
4568
4569
4570
4570
4571
4571
4573
4574
4575
4576
4577
4578
4578
4578
4579
4580
4581
4582
4584
4585
4586
4587
4587
4588
4591
4593
4593
4594
4594
4596
4597
4597
4597
4598
4598
4598
4599
4599
4601
4602
4602
4602
4603
4605
4606
4607
4607
4608
4609
4610
4611
4612
4613
4614
4614
4615
4616
4617
4617
4618
4619
4620
4620
4621
4621
4625
4625
4626
4627
4628
4628
4631
4632
4632
4634
4634
4634
4635
4635
4638
4638
4640
4640
4645
4645
4646
4646
4647
4648
4650
4650
4650
4651
4651
4653
4655
4656
4658
4658
4658
4659
4661
4663
4663
4666
4666
4666
4667
4668
4669
4671
4672
4673
4674
4674
4675
4676
4677
4678
4681
4682
4683
4684
4686
4686
4687
4687
4688
4688
4688
4688
4689
4692
4694
4694
4695
4698
4700
4700
4704
4704
4705
4706
4708
4709
4711
4711
4712
4713
4714
4714
4716
4719
4719
4722
4723
4723
4724
4725
4727
4727
4728
4728
4729
4730
4732
4733
4734
4734
4735
4737
4743
4743
4744
4744
4744
4744
4745
4746
4746
4747
4748
4748
4748
4749
4750
4751
4753
4753
4753
4757
4757
4757
4759
4760
4760
4761
4761
4761
4762
4763
4765
4765
4765
4766
4767
4767
4768
4771
4771
4772
4772
4773
4774
4775
4775
4775
4776
4778
4778
4778
4779
4779
4781
4782
4783
4783
4783
4788
4788
4789
4790
4792
4792
4792
4793
4794
4795
4796
4796
4796
4797
4798
4798
4799
4800
4801
4804
4804
4805
4806
4806
4807
4807
4808
4809
4811
4811
4813
4814
4814
4816
4817
4817
4818
4818
4819
4820
4820
4821
4821
4824
4824
4825
4826
4827
4829
4830
4831
4832
4837
4838
4839
4841
4841
4843
4843
4844
4846
4848
4849
4851
4852
4852
4854
4854
4855
4856
4856
4856
4859
4859
4859
4860
4862
4863
4865
4865
4866
4867
4869
4869
4872
4872
4873
4875
4877
4877
4878
4879
4880
4880
4882
4882
4883
4884
4885
4885
4887
4887
4889
4889
4890
4890
4893
4893
4894
4894
4894
4896
4899
4899
4900
4901
4901
4904
4905
4909
4911
4912
4913
4914
4916
4916
4917
4919
4920
4920
4921
4922
4924
4925
4926
4931
4934
4937
4938
4939
4939
4943
4943
4944
4944
4946
4947
4947
4948
4950
4951
4952
4956
4957
4957
4958
4961
4962
4962
4962
4963
4964
4964
4966
4967
4967
4968
4968
4969
4970
4971
4972
4973
4973
4973
4975
4977
4978
4978
4980
4980
4981
4982
4983
4983
4985
4985
4986
4986
4987
4987
4990
4991
4992
4993
4993
4993
4994
4994
4995
4998
4998
4999
5000
5001
5001
5002
5003
5004
5005
5007
5009
5009
5010
5011
5014
5016
5016
5017
5018
5018
5019
5019
5020
5020
5021
5021
5022
5023
5024
5024
5024
5024
5027
5028
5029
5032
5033
5033
5033
5034
5034
5035
5036
5037
5038
5039
5039
5040
5040
5040
5041
5042
5045
5046
5048
5049
5050
5050
5052
5053
5055
5059
5059
5060
5064
5064
5065
5067
5070
5070
5071
5072
5072
5072
5072
5077
5078
5078
5080
5080
5083
5083
5084
5084
5085
5085
5085
5086
5087
5088
5089
5090
5092
5093
5094
5094
5097
5098
5100
5101
5101
5103
5104
5105
5108
5110
5110
5112
5113
5115
5117
5118
5118
5119
5121
5126
5127
5127
5127
5130
5131
5131
5131
5134
5136
5137
5137
5138
5140
5141
5142
5143
5146
5146
5148
5148
5149
5150
5151
5153
5154
5155
5155
5156
5158
5158
5159
5160
5161
5162
5162
5164
5166
5167
5168
5168
5168
5169
5170
5170
5171
5171
5172
5172
5173
5175
5176
5176
5178
5178
5179
5180
5180
5181
5185
5185
5185
5187
5188
5188
5190
5191
5191
5192
5194
5194
5194
5195
5197
5198
5200
5201
5204
5207
5207
5207
5209
5209
5212
5212
5214
5216
5216
5216
5217
5218
5221
5223
5226
5227
5227
5228
5229
5232
5232
5234
5237
5239
5241
5242
5243
5243
5244
5246
5246
5247
5248
5249
5249
5250
5251
5251
5252
5252
5253
5253
5253
5256
5259
5260
5263
5263
5264
5267
5269
5270
5271
5271
5271
5271
5272
5273
5274
5274
5275
5276
5276
5277
5277
5277
5278
5279
5279
5280
5280
5280
5281
5281
5284
5285
5287
5287
5288
5289
5289
5291
5295
5298
5298
5298
5298
5299
5300
5300
5301
5301
5301
5301
5302
5302
5305
5306
5307
5308
5308
5308
5308
5310
5313
5313
5315
5317
5317
5319
5321
5321
5321
5321
5322
5322
5323
5323
5325
5326
5326
5328
5330
5332
5333
5334
5335
5336
5337
5339
5340
5342
5342
5343
5344
5345
5345
5345
5349
5351
5353
5353
5354
5357
5357
5359
5359
5360
5360
5363
5363
5363
5364
5364
5365
5365
5365
5366
5366
5367
5368
5369
5369
5373
5374
5377
5378
5379
5379
5380
5382
5383
5383
5383
5384
5384
5387
5388
5388
5389
5389
5392
5392
5393
5395
5396
5398
5402
5403
5404
5405
5408
5409
5409
5409
5413
5414
5418
5421
5422
5422
5425
5427
5427
5428
5430
5433
5433
5433
5434
5435
5435
5436
5436
5436
5436
5437
5439
5440
5440
5441
5441
5443
5444
5445
5449
5449
5450
5450
5451
5453
5453
5455
5456
5456
5456
5457
5457
5457
5457
5459
5459
5460
5460
5461
5461
5462
5463
5464
5464
5465
5465
5466
5467
5467
5468
5471
5471
5471
5472
5472
5473
5475
5476
5477
5478
5478
5478
5479
5479
5480
5482
5482
5483
5486
5487
5487
5488
5490
5490
5490
5490
5491
5491
5491
5493
5493
5495
5499
5505
5505
5506
5506
5510
5510
5511
5511
5511
5512
5512
5514
5515
5515
5516
5518
5519
5519
5520
5522
5522
5523
5523
5525
5526
5526
5527
5529
5529
5530
5531
5531
5533
5533
5533
5533
5534
5535
5536
5536
5536
5537
5540
5540
5541
5542
5542
5543
5544
5545
5546
5546
5548
5549
5550
5552
5552
5553
5553
5554
5554
5554
5555
5557
5561
5561
5561
5562
5562
5563
5563
5564
5564
5565
5565
5566
5566
5567
5567
5568
5570
5571
5574
5576
5576
5577
5578
5579
5580
5580
5580
5581
5582
5582
5583
5584
5585
5586
5586
5588
5588
5589
5591
5591
5592
5593
5593
5593
5595
5596
5598
5598
5598
5599
5601
5602
5602
5603
5604
5605
5608
5609
5610
5611
5611
5614
5614
5614
5618
5620
5620
5621
5622
5623
5624
5624
5625
5630
5631
5632
5632
5634
5634
5634
5636
5636
5638
5638
5639
5640
5641
5642
5642
5643
5644
5644
5646
5650
5650
5651
5651
5651
5653
5653
5654
5657
5658
5659
5659
5659
5660
5660
5661
5662
5662
5663
5663
5664
5664
5665
5666
5666
5666
5666
5666
5668
5668
5668
5669
5670
5672
5672
5673
5674
5674
5676
5677
5678
5679
5679
5680
5680
5681
5681
5682
5685
5686
5688
5688
5688
5689
5689
5690
5692
5693
5696
5698
5699
5699
5700
5700
5701
5702
5704
5706
5707
5708
5709
5710
5712
5712
5713
5714
5715
5716
5716
5718
5718
5718
5721
5722
5725
5726
5726
5727
5728
5731
5732
5733
5734
5735
5738
5738
5738
5739
5739
5740
5742
5742
5743
5743
5744
5744
5746
5749
5750
5752
5753
5753
5754
5754
5757
5759
5760
5763
5764
5764
5764
5767
5769
5771
5771
5773
5776
5776
5777
5777
5782
5782
5785
5786
5786
5788
5788
5791
5792
5792
5794
5794
5794
5796
5797
5798
5802
5806
5807
5808
5809
5810
5811
5811
5813
5815
5817
5818
5819
5819
5820
5821
5822
5823
5825
5825
5826
5827
5827
5828
5829
5829
5830
5831
5831
5832
5834
5834
5835
5836
5836
5838
5838
5839
5844
5845
5845
5846
5846
5846
5847
5847
5848
5849
5852
5852
5853
5853
5854
5856
5859
5859
5861
5862
5863
5865
5865
5866
5866
5866
5867
5868
5870
5870
5871
5873
5876
5877
5877
5878
5878
5878
5879
5882
5882
5884
5886
5887
5888
5889
5890
5893
5895
5896
5896
5896
5897
5897
5898
5898
5899
5900
5901
5902
5904
5906
5907
5908
5909
5910
5911
5914
5914
5915
5915
5915
5916
5917
5918
5918
5921
5923
5926
5926
5928
5928
5930
5930
5932
5934
5934
5936
5936
5936
5940
5944
5945
5947
5947
5948
5950
5953
5953
5954
5954
5954
5954
5955
5956
5956
5957
5957
5958
5958
5959
5959
5961
5962
5962
5962
5963
5965
5966
5966
5966
5970
5970
5972
5974
5974
5974
5975
5975
5980
5980
5981
5981
5982
5984
5984
5986
5986
5986
5986
5987
5987
5988
5988
5989
5989
5990
5993
5993
5993
5997
5997
5998
6000
6001
6002
6003
6003
6004
6006
6007
6008
6009
6009
6009
6011
6012
6016
6018
6019
6019
6021
6021
6023
6024
6027
6027
6027
6030
6030
6031
6032
6033
6036
6036
6037
6037
6037
6039
6040
6041
6041
6041
6043
6045
6046
6046
6048
6048
6049
6050
6050
6051
6052
6055
6058
6059
6066
6067
6068
6069
6069
6071
6073
6074
6074
6074
6076
6077
6077
6077
6078
6080
6082
6082
6084
6085
6087
6088
6089
6089
6089
6091
6091
6091
6092
6093
6093
6095
6095
6098
6098
6100
6100
6100
6101
6104
6105
6105
6106
6107
6108
6109
6109
6110
6110
6110
6111
6111
6112
6113
6114
6116
6116
6117
6118
6120
6122
6122
6122
6124
6124
6125
6126
6126
6127
6127
6128
6132
6134
6134
6135
6135
6136
6139
6139
6139
6140
6141
6143
6143
6144
6144
6145
6147
6148
6148
6152
6153
6153
6153
6156
6156
6157
6157
6159
6159
6160
6161
6162
6162
6163
6164
6164
6165
6166
6166
6167
6167
6169
6169
6171
6171
6172
6174
6175
6175
6177
6178
6182
6182
6183
6185
6187
6187
6188
6189
6189
6189
6190
6191
6193
6198
6199
6199
6200
6201
6203
6203
6204
6205
6206
6207
6210
6210
6211
6212
6212
6212
6213
6213
6216
6216
6216
6216
6218
6218
6220
6222
6223
6224
6225
6225
6225
6225
6226
6226
6227
6234
6235
6235
6238
6238
6238
6238
6240
6240
6241
6241
6242
6243
6243
6244
6245
6246
6247
6250
6251
6253
6254
6255
6256
6257
6259
6261
6262
6263
6264
6264
6265
6265
6266
6267
6270
6270
6270
6271
6272
6273
6274
6276
6277
6277
6278
6280
6280
6280
6281
6283
6284
6285
6285
6285
6286
6286
6286
6289
6290
6292
6293
6293
6295
6296
6297
6297
6299
6300
6301
6303
6304
6305
6307
6307
6308
6308
6309
6309
6310
6310
6311
6313
6314
6314
6315
6315
6317
6319
6320
6320
6320
6321
6323
6323
6323
6325
6325
6325
6328
6328
6329
6331
6331
6332
6334
6335
6335
6336
6336
6337
6338
6340
6341
6342
6342
6344
6346
6346
6346
6346
6348
6348
6348
6348
6349
6349
6350
6351
6351
6355
6355
6357
6357
6358
6358
6360
6362
6363
6364
6365
6365
6366
6368
6368
6369
6370
6371
6372
6374
6374
6374
6375
6376
6378
6379
6380
6380
6380
6382
6383
6388
6388
6389
6390
6391
6391
6391
6391
6392
6392
6394
6397
6397
6398
6399
6399
6400
6401
6403
6403
6404
6404
6404
6405
6407
6407
6408
6409
6410
6410
6410
6411
6415
6416
6417
6418
6418
6420
6422
6422
6423
6424
6424
6425
6427
6428
6430
6431
6433
6433
6435
6436
6436
6436
6437
6439
6439
6439
6439
6443
6444
6446
6447
6447
6448
6448
6450
6451
6453
6454
6456
6456
6456
6457
6458
6461
6462
6462
6462
6464
6466
6470
6471
6471
6472
6474
6474
6475
6476
6478
6478
6478
6478
6479
6481
6481
6482
6482
6483
6485
6488
6489
6490
6490
6493
6494
6494
6497
6501
6502
6502
6502
6503
6511
6512
6513
6513
6513
6515
6515
6516
6517
6517
6518
6518
6519
6519
6520
6521
6522
6523
6524
6524
6525
6527
6527
6527
6528
6529
6531
6533
6534
6535
6536
6537
6537
6539
6540
6540
6541
6541
6543
6544
6546
6547
6547
6547
6548
6549
6552
6552
6553
6554
6554
6556
6556
6559
6560
6561
6561
6562
6563
6565
6566
6568
6571
6571
6572
6573
6574
6574
6575
6576
6577
6578
6580
6580
6581
6581
6582
6582
6583
6584
6584
6585
6586
6587
6589
6590
6591
6591
6592
6592
6593
6593
6595
6595
6596
6597
6598
6598
6598
6598
6599
6599
6600
6600
6600
6601
6601
6602
6604
6605
6605
6606
6607
6607
6608
6610
6610
6616
6616
6619
6619
6620
6621
6621
6622
6622
6622
6622
6622
6626
6626
6627
6627
6629
6631
6632
6634
6634
6635
6636
6637
6637
6637
6641
6641
6642
6642
6643
6643
6645
6645
6645
6646
6646
6647
6648
6650
6652
6652
6654
6656
6656
6657
6658
6658
6658
6659
6659
6660
6661
6663
6666
6666
6668
6669
6671
6675
6676
6684
6684
6686
6689
6689
6690
6691
6691
6691
6691
6692
6694
6696
6696
6697
6698
6699
6700
6701
6704
6704
6705
6706
6707
6708
6708
6709
6710
6711
6712
6713
6715
6717
6717
6717
6718
6719
6721
6724
6727
6727
6729
6731
6731
6733
6733
6733
6733
6735
6737
6738
6738
6740
6740
6742
6743
6745
6747
6748
6748
6748
6749
6749
6750
6750
6752
6752
6756
6760
6760
6761
6763
6764
6765
6765
6766
6766
6766
6767
6768
6770
6771
6771
6774
6775
6776
6778
6779
6780
6785
6788
6789
6790
6791
6793
6793
6794
6794
6794
6797
6797
6798
6799
6801
6801
6802
6802
6802
6803
6804
6806
6806
6806
6808
6808
6811
6814
6814
6816
6817
6818
6818
6818
6820
6820
6822
6822
6823
6824
6824
6827
6827
6829
6830
6831
6834
6834
6835
6836
6836
6841
6841
6843
6844
6844
6845
6847
6847
6851
6853
6854
6854
6854
6855
6855
6856
6857
6857
6858
6859
6859
6861
6861
6862
6862
6863
6863
6863
6864
6864
6866
6868
6869
6873
6873
6874
6876
6877
6880
6880
6881
6881
6881
6881
6881
6882
6882
6883
6883
6885
6885
6887
6887
6888
6889
6890
6890
6893
6893
6894
6896
6897
6899
6899
6901
6902
6903
6904
6904
6904
6905
6905
6906
6906
6908
6908
6909
6909
6913
6913
6914
6916
6916
6916
6917
6917
6918
6919
6919
6922
6923
6924
6924
6924
6925
6927
6929
6929
6929
6930
6930
6931
6933
6934
6935
6936
6936
6937
6937
6939
6939
6940
6941
6943
6943
6945
6945
6946
6948
6948
6949
6949
6950
6951
6951
6952
6952
6953
6957
6957
6958
6958
6959
6961
6962
6963
6964
6965
6968
6970
6973
6973
6973
6974
6974
6975
6976
6976
6977
6978
6979
6980
6980
6980
6981
6981
6981
6982
6982
6983
6983
6986
6988
6989
6989
6990
6991
6991
6993
6994
6998
6999
7002
7002
7003
7003
7003
7003
7003
7003
7007
7007
7008
7008
7009
7016
7017
7017
7017
7018
7018
7019
7019
7021
7022
7022
7024
7026
7026
7026
7027
7030
7030
7031
7032
7032
7034
7037
7038
7038
7039
7040
7041
7041
7041
7042
7045
7046
7047
7048
7049
7052
7053
7053
7053
7053
7055
7056
7057
7059
7060
7061
7061
7062
7062
7062
7063
7063
7063
7068
7068
7071
7072
7073
7075
7075
7078
7080
7080
7080
7083
7084
7085
7088
7089
7091
7092
7095
7095
7096
7096
7097
7098
7099
7100
7101
7104
7104
7104
7105
7105
7106
7107
7109
7110
7110
7111
7111
7111
7112
7113
7113
7114
7115
7116
7117
7117
7117
7118
7119
7119
7119
7120
7120
7124
7125
7125
7126
7130
7130
7132
7132
7133
7134
7135
7138
7140
7141
7142
7142
7142
7142
7144
7145
7145
7145
7146
7146
7146
7147
7148
7150
7150
7151
7151
7151
7151
7152
7152
7154
7156
7156
7156
7158
7158
7165
7167
7167
7169
7169
7169
7170
7170
7171
7172
7173
7173
7173
7174
7175
7176
7179
7179
7181
7181
7183
7186
7188
7188
7190
7191
7191
7194
7195
7197
7198
7199
7200
7200
7200
7201
7201
7202
7202
7204
7204
7204
7205
7205
7206
7207
7208
7209
7212
7212
7213
7214
7215
7216
7216
7216
7218
7219
7219
7222
7222
7223
7223
7224
7224
7226
7226
7227
7228
7229
7229
7231
7232
7234
7235
7235
7238
7238
7238
7241
7242
7243
7244
7244
7245
7247
7248
7249
7251
7252
7254
7254
7257
7258
7259
7260
7261
7261
7261
7262
7262
7263
7264
7264
7264
7265
7265
7266
7268
7269
7269
7272
7273
7273
7275
7275
7277
7277
7277
7279
7279
7280
7281
7282
7282
7282
7282
7283
7283
7283
7284
7285
7290
7290
7290
7291
7291
7292
7292
7293
7295
7295
7298
7299
7300
7301
7303
7303
7305
7306
7308
7308
7309
7312
7313
7314
7314
7314
7317
7317
7318
7318
7319
7320
7320
7321
7323
7326
7328
7329
7329
7330
7332
7332
7333
7334
7334
7335
7335
7336
7336
7337
7338
7338
7339
7339
7340
7340
7341
7343
7346
7346
7346
7346
7346
7348
7348
7349
7349
7350
7350
7350
7350
7352
7355
7355
7355
7356
7358
7358
7358
7360
7361
7363
7364
7364
7365
7365
7367
7368
7369
7369
7370
7370
7370
7371
7373
7373
7373
7373
7374
7374
7376
7376
7376
7377
7379
7381
7382
7382
7383
7383
7386
7386
7387
7389
7390
7392
7392
7393
7393
7394
7398
7398
7399
7399
7400
7400
7402
7404
7405
7406
7407
7407
7409
7409
7409
7409
7410
7413
7414
7414
7415
7418
7418
7418
7419
7419
7420
7422
7423
7423
7423
7424
7424
7424
7425
7429
7430
7431
7432
7433
7436
7436
7436
7437
7438
7439
7440
7442
7446
7447
7448
7449
7450
7450
7450
7451
7451
7451
7451
7452
7452
7453
7453
7453
7454
7456
7458
7458
7460
7461
7462
7462
7463
7464
7465
7465
7466
7466
7466
7468
7470
7470
7474
7474
7474
7477
7478
7478
7478
7480
7484
7486
7487
7488
7489
7489
7490
7491
7491
7495
7495
7495
7496
7497
7499
7500
7501
7503
7503
7504
7505
7506
7506
7506
7507
7509
7510
7510
7512
7513
7513
7517
7517
7520
7521
7521
7521
7522
7523
7524
7524
7527
7528
7528
7529
7530
7531
7532
7533
7533
7535
7535
7535
7535
7536
7537
7539
7542
7542
7542
7545
7546
7546
7547
7547
7550
7552
7553
7554
7556
7557
7558
7560
7561
7563
7563
7563
7564
7565
7567
7568
7568
7570
7571
7571
7571
7574
7578
7578
7579
7579
7580
7580
7581
7581
7581
7582
7583
7584
7585
7586
7588
7589
7591
7592
7593
7595
7595
7595
7596
7597
7597
7598
7599
7599
7600
7601
7602
7602
7605
7606
7607
7610
7610
7611
7611
7611
7613
7615
7615
7616
7616
7618
7618
7618
7619
7619
7624
7625
7628
7629
7630
7633
7634
7634
7635
7636
7636
7638
7641
7643
7643
7643
7644
7645
7645
7646
7647
7647
7648
7649
7649
7651
7653
7655
7659
7659
7659
7660
7660
7661
7665
7666
7667
7667
7668
7668
7669
7670
7671
7671
7672
7672
7672
7674
7674
7676
7676
7679
7679
7680
7680
7680
7682
7682
7682
7682
7683
7683
7685
7686
7686
7691
7691
7692
7692
7694
7694
7695
7696
7696
7698
7700
7700
7700
7701
7702
7702
7702
7703
7704
7707
7708
7708
7709
7709
7709
7710
7711
7713
7714
7714
7714
7715
7716
7716
7717
7717
7718
7719
7719
7719
7720
7722
7723
7723
7724
7725
7727
7728
7729
7731
7731
7731
7733
7733
7734
7737
7738
7739
7739
7739
7744
7744
7745
7746
7746
7749
7750
7751
7752
7754
7755
7756
7758
7758
7759
7761
7762
7762
7764
7765
7767
7767
7768
7769
7770
7771
7771
7772
7774
7775
7775
7775
7775
7775
7777
7779
7781
7781
7781
7782
7782
7784
7785
7785
7785
7788
7788
7788
7788
7789
7791
7792
7800
7801
7802
7803
7804
7805
7805
7806
7809
7809
7809
7811
7811
7812
7812
7813
7813
7813
7816
7816
7817
7818
7819
7821
7822
7823
7824
7824
7824
7825
7825
7826
7829
7831
7832
7833
7834
7834
7835
7835
7836
7836
7837
7837
7838
7839
7841
7841
7842
7842
7842
7843
7846
7847
7848
7848
7849
7850
7850
7852
7852
7854
7856
7858
7859
7860
7860
7861
7865
7865
7869
7870
7870
7870
7871
7873
7875
7875
7878
7879
7883
7883
7884
7885
7888
7889
7889
7890
7892
7896
7897
7898
7898
7898
7899
7899
7902
7903
7903
7905
7905
7906
7906
7906
7907
7909
7910
7911
7914
7916
7916
7917
7918
7918
7919
7922
7923
7924
7924
7924
7924
7925
7927
7927
7928
7928
7928
7932
7933
7933
7934
7934
7939
7943
7943
7945
7945
7946
7946
7947
7949
7949
7950
7952
7952
7954
7954
7956
7956
7957
7958
7959
7959
7960
7960
7962
7964
7965
7965
7966
7968
7968
7969
7970
7971
7971
7975
7976
7976
7978
7979
7979
7980
7980
7982
7982
7986
7986
7986
7987
7988
7991
7992
7992
7993
7996
7997
7998
7998
8000
8002
8002
8003
8003
8004
8005
8005
8005
8006
8006
8008
8009
8012
8012
8018
8019
8019
8022
8023
8025
8026
8026
8026
8027
8028
8029
8029
8030
8031
8032
8034
8035
8035
8035
8036
8040
8040
8042
8043
8044
8045
8045
8046
8047
8047
8048
8049
8049
8051
8054
8058
8059
8059
8059
8059
8064
8066
8067
8068
8069
8069
8070
8071
8073
8073
8073
8074
8076
8076
8077
8080
8081
8081
8081
8083
8084
8084
8085
8086
8087
8088
8091
8093
8093
8098
8101
8103
8106
8107
8108
8109
8110
8110
8111
8111
8112
8115
8115
8116
8117
8118
8119
8119
8121
8121
8122
8122
8123
8124
8125
8127
8128
8128
8129
8129
8130
8132
8134
8135
8135
8136
8137
8138
8139
8140
8141
8141
8142
8142
8142
8143
8144
8145
8146
8147
8150
8151
8152
8153
8153
8154
8154
8156
8158
8159
8160
8162
8164
8166
8166
8167
8168
8169
8172
8173
8174
8174
8178
8178
8180
8181
8182
8182
8183
8184
8184
8185
8186
8186
8186
8187
8190
8190
8192
8192
8192
8192
8194
8194
8195
8196
8197
8198
8198
8201
8204
8205
8205
8206
8206
8207
8207
8211
8211
8212
8215
8215
8215
8216
8217
8217
8218
8218
8219
8220
8220
8221
8223
8223
8226
8226
8226
8227
8229
8231
8232
8233
8234
8234
8234
8234
8235
8235
8238
8238
8240
8240
8241
8241
8241
8242
8243
8247
8249
8249
8249
8249
8250
8250
8251
8251
8252
8252
8254
8256
8256
8256
8257
8258
8261
8262
8265
8265
8265
8267
8271
8272
8274
8274
8276
8276
8279
8279
8280
8280
8280
8281
8281
8282
8283
8284
8286
8286
8286
8287
8287
8288
8288
8289
8290
8291
8291
8295
8295
8295
8295
8297
8298
8298
8302
8303
8303
8306
8306
8306
8311
8311
8311
8312
8313
8313
8313
8314
8315
8316
8317
8317
8319
8319
8320
8320
8321
8322
8322
8322
8324
8325
8326
8328
8334
8335
8335
8336
8337
8338
8339
8339
8341
8343
8344
8344
8344
8344
8345
8346
8346
8346
8349
8349
8353
8353
8354
8354
8355
8355
8356
8356
8356
8357
8357
8358
8360
8362
8363
8363
8364
8365
8366
8367
8372
8373
8374
8378
8378
8380
8380
8380
8380
8380
8381
8381
8382
8383
8384
8384
8384
8385
8386
8387
8387
8388
8389
8390
8392
8393
8393
8394
8397
8400
8400
8401
8402
8403
8404
8405
8405
8406
8406
8409
8409
8410
8412
8412
8412
8414
8419
8420
8422
8423
8423
8424
8424
8424
8425
8425
8428
8430
8430
8431
8433
8434
8435
8435
8436
8438
8439
8441
8443
8443
8445
8446
8446
8446
8447
8447
8449
8449
8450
8450
8451
8452
8455
8455
8457
8458
8459
8460
8460
8461
8462
8462
8463
8464
8465
8467
8468
8468
8468
8469
8471
8472
8472
8472
8473
8475
8478
8478
8478
8480
8480
8481
8481
8481
8481
8483
8484
8487
8487
8488
8488
8488
8488
8490
8490
8490
8490
8491
8491
8492
8492
8493
8494
8496
8496
8496
8496
8497
8499
8499
8499
8500
8501
8503
8504
8505
8505
8505
8508
8509
8513
8513
8513
8514
8514
8514
8515
8515
8517
8518
8518
8520
8522
8522
8523
8523
8525
8528
8529
8529
8529
8531
8531
8532
8534
8535
8535
8535
8538
8538
8542
8542
8543
8544
8545
8545
8546
8547
8547
8550
8550
8552
8553
8554
8556
8557
8557
8558
8558
8558
8558
8559
8561
8561
8562
8564
8566
8567
8570
8570
8576
8576
8576
8577
8578
8581
8582
8584
8588
8589
8590
8594
8594
8595
8595
8595
8597
8598
8598
8599
8599
8599
8600
8601
8602
8603
8604
8604
8607
8608
8608
8609
8610
8610
8612
8612
8614
8616
8618
8619
8619
8620
8620
8620
8620
8623
8624
8625
8628
8628
8630
8631
8635
8636
8637
8641
8642
8644
8645
8645
8646
8647
8649
8649
8653
8654
8656
8657
8658
8659
8661
8662
8664
8664
8665
8666
8669
8669
8671
8671
8672
8672
8672
8673
8674
8676
8676
8677
8677
8678
8678
8679
8681
8682
8682
8683
8684
8684
8684
8685
8687
8688
8691
8693
8693
8694
8694
8694
8694
8695
8695
8696
8697
8698
8698
8699
8699
8699
8700
8706
8707
8708
8710
8710
8712
8712
8712
8713
8714
8715
8717
8717
8718
8719
8720
8721
8722
8723
8723
8726
8728
8729
8729
8729
8729
8731
8732
8733
8735
8735
8736
8736
8739
8740
8740
8740
8741
8743
8744
8745
8745
8746
8746
8748
8749
8749
8750
8755
8755
8758
8758
8759
8759
8762
8762
8763
8763
8763
8767
8768
8769
8769
8770
8772
8774
8775
8776
8778
8779
8779
8780
8780
8782
8782
8784
8786
8786
8788
8788
8792
8794
8795
8796
8797
8797
8797
8799
8799
8800
8800
8802
8802
8803
8804
8804
8804
8805
8806
8809
8810
8815
8817
8818
8820
8820
8821
8823
8823
8824
8827
8829
8831
8832
8834
8836
8837
8838
8838
8840
8840
8840
8840
8841
8841
8841
8842
8844
8846
8847
8847
8848
8849
8850
8852
8853
8855
8856
8856
8857
8858
8859
8860
8860
8862
8864
8865
8868
8869
8870
8870
8871
8872
8872
8874
8874
8875
8876
8877
8877
8878
8879
8880
8881
8882
8882
8882
8884
8885
8886
8888
8891
8893
8894
8895
8896
8896
8897
8897
8897
8898
8899
8900
8901
8903
8904
8904
8909
8909
8909
8910
8912
8912
8912
8912
8913
8916
8918
8920
8921
8921
8921
8924
8925
8925
8927
8929
8930
8930
8931
8934
8935
8935
8936
8937
8939
8940
8940
8941
8942
8942
8943
8944
8947
8949
8951
8953
8954
8955
8956
8959
8960
8961
8962
8963
8965
8965
8966
8968
8970
8970
8970
8972
8974
8974
8975
8976
8978
8978
8980
8981
8982
8983
8983
8983
8986
8987
8988
8988
8988
8991
8991
8992
8993
8993
8995
8996
8996
8997
8998
8998
8999
8999
8999
8999
8999
8999
9000
9001
9001
9003
9003
9003
9004
9006
9006
9007
9008
9012
9012
9013
9014
9014
9014
9016
9016
9016
9016
9016
9016
9017
9017
9019
9021
9025
9026
9026
9026
9027
9027
9029
9029
9030
9037
9037
9037
9038
9040
9041
9045
9046
9046
9049
9049
9050
9050
9055
9056
9057
9058
9060
9062
9063
9065
9066
9069
9070
9071
9071
9072
9072
9073
9074
9075
9076
9076
9078
9078
9079
9079
9079
9082
9082
9084
9084
9085
9087
9087
9088
9090
9091
9091
9093
9093
9096
9096
9096
9097
9100
9100
9101
9101
9103
9104
9105
9107
9107
9108
9108
9109
9109
9112
9113
9114
9115
9115
9118
9118
9119
9119
9121
9121
9122
9123
9123
9124
9124
9125
9129
9129
9131
9131
9131
9133
9133
9133
9133
9134
9137
9137
9138
9138
9140
9140
9140
9142
9143
9144
9145
9145
9146
9147
9148
9149
9149
9149
9150
9151
9153
9154
9158
9158
9160
9162
9162
9162
9162
9166
9167
9169
9169
9170
9170
9170
9172
9173
9173
9176
9176
9177
9177
9178
9178
9178
9179
9181
9181
9181
9182
9184
9185
9186
9190
9190
9191
9191
9191
9191
9193
9193
9194
9194
9195
9195
9195
9195
9196
9199
9200
9202
9203
9205
9205
9208
9208
9208
9209
9209
9210
9211
9211
9211
9213
9214
9214
9215
9215
9217
9219
9219
9220
9220
9223
9223
9223
9226
9226
9227
9228
9230
9231
9232
9233
9235
9235
9236
9236
9237
9237
9238
9238
9239
9240
9240
9240
9244
9244
9246
9246
9247
9248
9250
9250
9250
9252
9252
9253
9253
9253
9254
9255
9255
9259
9259
9260
9261
9261
9262
9264
9264
9268
9268
9268
9269
9270
9271
9273
9274
9274
9274
9276
9278
9279
9279
9281
9281
9282
9283
9285
9286
9288
9289
9289
9290
9291
9291
9292
9292
9294
9294
9296
9297
9297
9298
9299
9300
9300
9300
9301
9302
9303
9303
9304
9305
9307
9307
9308
9311
9312
9318
9318
9320
9321
9321
9323
9323
9324
9324
9324
9325
9325
9326
9328
9329
9330
9330
9331
9331
9333
9333
9334
9334
9335
9335
9338
9340
9342
9342
9342
9343
9347
9349
9351
9352
9356
9357
9358
9358
9358
9359
9359
9362
9362
9362
9363
9363
9363
9363
9363
9364
9366
9366
9366
9367
9368
9368
9369
9370
9372
9373
9375
9375
9377
9377
9380
9381
9381
9382
9383
9383
9383
9385
9385
9385
9386
9386
9389
9389
9390
9390
9392
9392
9394
9395
9395
9395
9396
9396
9396
9396
9397
9399
9399
9400
9402
9402
9403
9404
9405
9406
9407
9410
9411
9411
9411
9413
9416
9418
9418
9419
9420
9422
9422
9422
9424
9427
9428
9428
9429
9430
9431
9433
9434
9435
9439
9439
9440
9441
9442
9443
9443
9444
9445
9447
9448
9448
9450
9451
9451
9451
9452
9452
9453
9454
9454
9458
9458
9458
9459
9459
9461
9461
9463
9463
9464
9465
9465
9466
9466
9468
9469
9469
9469
9470
9470
9471
9471
9471
9472
9472
9475
9475
9476
9477
9479
9479
9479
9480
9481
9481
9481
9483
9485
9485
9487
9487
9487
9489
9489
9490
9492
9492
9493
9493
9494
9494
9495
9496
9496
9496
9497
9497
9498
9499
9499
9500
9500
9501
9502
9502
9503
9503
9504
9504
9505
9506
9506
9507
9508
9509
9510
9510
9513
9513
9516
9517
9519
9520
9520
9521
9522
9523
9523
9523
9524
9524
9526
9526
9526
9527
9529
9530
9530
9531
9531
9533
9536
9536
9536
9540
9541
9543
9543
9546
9548
9548
9549
9550
9551
9554
9554
9556
9557
9558
9559
9561
9561
9562
9562
9562
9566
9567
9567
9568
9569
9570
9572
9573
9574
9575
9575
9576
9576
9577
9578
9578
9578
9580
9581
9582
9582
9582
9583
9583
9584
9586
9586
9586
9587
9587
9588
9588
9588
9589
9589
9590
9591
9593
9594
9597
9597
9597
9598
9599
9602
9602
9602
9604
9606
9607
9609
9609
9610
9611
9611
9612
9613
9613
9616
9616
9618
9618
9619
9621
9622
9622
9622
9624
9625
9626
9631
9632
9633
9634
9634
9635
9636
9637
9638
9638
9640
9641
9643
9647
9647
9650
9651
9651
9652
9653
9654
9654
9655
9656
9657
9657
9659
9660
9662
9663
9663
9663
9664
9664
9665
9666
9667
9668
9670
9675
9675
9676
9677
9678
9678
9680
9680
9680
9681
9683
9683
9687
9689
9690
9692
9692
9692
9693
9694
9694
9695
9696
9696
9697
9698
9699
9699
9699
9700
9700
9700
9701
9702
9703
9704
9705
9708
9708
9709
9709
9711
9712
9712
9713
9713
9714
9715
9716
9717
9721
9721
9721
9722
9722
9723
9724
9726
9726
9728
9729
9733
9734
9735
9735
9735
9736
9738
9739
9739
9740
9740
9742
9743
9744
9745
9746
9747
9747
9748
9749
9750
9755
9755
9755
9757
9757
9757
9758
9758
9758
9760
9761
9761
9766
9766
9766
9767
9768
9769
9769
9770
9770
9771
9772
9773
9774
9777
9779
9779
9781
9782
9782
9783
9783
9786
9786
9788
9789
9790
9791
9792
9792
9793
9794
9794
9794
9794
9797
9798
9799
9800
9801
9803
9805
9805
9805
9806
9806
9807
9808
9808
9809
9809
9810
9810
9812
9812
9813
9813
9813
9813
9815
9815
9815
9816
9819
9821
9821
9823
9823
9823
9825
9827
9829
9830
9830
9832
9834
9834
9836
9837
9838
9840
9840
9843
9845
9845
9846
9847
9847
9847
9849
9852
9853
9853
9854
9854
9855
9855
9856
9858
9858
9859
9859
9859
9860
9860
9861
9862
9862
9862
9862
9863
9863
9863
9865
9865
9865
9868
9868
9869
9870
9873
9873
9874
9876
9879
9882
9885
9886
9890
9892
9894
9896
9896
9897
9898
9899
9902
9903
9903
9903
9904
9904
9906
9907
9908
9909
9911
9914
9914
9915
9916
9916
9917
9917
9918
9918
9921
9921
9922
9922
9923
9924
9926
9926
9929
9929
9931
9933
9933
9934
9936
9937
9937
9938
9938
9940
9940
9941
9942
9943
9943
9945
9945
9946
9947
9947
9948
9950
9952
9953
9956
9956
9958
9959
9959
9960
9961
9962
9962
9963
9963
9964
9965
9966
9966
9967
9967
9968
9968
9969
9969
9971
9972
9973
9974
9976
9976
9978
9979
9979
9980
9982
9982
9982
9982
9984
9986
9986
9987
9987
9988
9988
9989
9992
9992
9993
9994
9995
9998
