1
3
3
3
3
4
5
5
14
14
15
17
19
21
22
24
27
28
28
29
29
30
30
33
34
35
36
37
37
38
38
41
41
42
43
44
44
44
45
45
45
45
46
46
46
46
48
48
51
52
54
54
57
58
60
61
61
62
62
66
67
67
70
71
71
72
74
75
78
78
79
83
83
83
84
84
85
86
86
86
87
87
88
88
89
93
94
97
97
98
100
101
101
101
102
103
103
104
105
108
111
113
113
114
116
117
118
118
119
121
121
122
123
124
126
128
129
130
132
132
134
136
136
138
138
139
139
146
147
147
148
149
150
150
150
153
154
154
155
156
157
162
163
166
166
166
166
167
169
170
173
174
175
175
175
179
179
180
181
182
182
188
188
189
190
191
193
194
194
194
197
197
198
199
199
199
200
201
201
202
203
203
204
204
204
205
206
206
208
208
209
209
211
211
211
212
213
213
213
213
214
214
216
216
221
222
223
224
226
226
227
228
231
232
232
235
235
237
238
238
240
245
246
246
246
246
249
249
250
251
252
252
252
253
253
254
255
257
258
260
261
263
266
267
270
270
271
273
276
277
277
278
280
280
282
282
282
283
283
285
286
287
288
288
289
290
291
293
297
298
298
299
299
300
300
300
300
301
302
303
303
303
306
308
308
309
313
314
317
317
317
317
318
320
321
321
321
323
324
324
325
326
327
328
328
328
329
330
331
332
333
335
336
336
338
338
339
341
343
345
346
346
347
347
350
350
350
350
351
351
352
356
357
357
358
358
358
359
361
361
361
362
362
364
365
366
367
368
368
371
372
373
373
373
376
376
379
381
381
386
386
388
390
391
391
394
394
395
396
396
396
396
397
398
398
398
399
399
400
401
401
402
402
402
403
404
405
406
407
407
409
409
409
410
410
412
413
413
414
414
416
416
417
417
419
419
424
424
429
430
430
431
431
432
433
433
434
434
436
436
437
439
440
441
442
442
442
445
445
446
447
449
451
451
456
456
456
458
460
460
461
461
461
462
463
463
465
467
467
468
468
469
473
474
475
476
478
478
480
481
481
483
483
483
485
486
486
486
490
491
492
492
493
495
497
497
498
499
499
502
504
504
505
505
506
507
507
508
509
510
510
512
515
515
517
517
517
517
518
519
521
522
522
522
522
523
524
524
524
525
526
527
527
529
530
531
533
535
537
539
539
541
543
545
545
545
545
547
547
548
548
550
551
552
552
553
553
553
556
556
557
557
558
561
561
562
563
566
567
568
569
569
569
570
571
572
574
574
574
575
575
576
578
579
581
581
581
581
582
586
586
587
588
589
590
591
592
593
593
593
594
594
595
595
598
599
599
599
600
601
601
601
603
605
606
607
607
607
610
610
610
610
611
612
612
615
616
616
617
617
618
619
619
624
624
624
625
626
626
628
630
630
631
631
634
634
637
637
639
641
643
643
644
645
645
646
647
648
649
650
650
651
651
652
652
653
654
654
656
656
656
656
657
658
659
659
661
661
665
665
666
666
668
668
668
668
669
670
670
676
677
677
678
679
680
681
681
682
682
683
684
685
685
687
688
689
689
692
694
694
694
696
697
697
700
700
704
705
705
705
706
708
708
708
711
712
712
713
713
713
714
716
717
718
720
720
722
723
723
725
726
727
727
730
731
732
733
733
735
735
736
737
737
739
740
741
741
741
744
746
746
747
748
751
752
755
756
757
758
758
761
762
762
762
763
766
767
767
767
769
770
771
771
772
772
772
775
778
780
783
784
784
785
785
786
787
788
789
790
791
794
794
794
795
795
796
798
798
798
803
803
804
804
804
806
806
807
807
808
808
808
808
808
809
810
811
811
812
812
815
817
817
818
819
819
820
821
822
822
822
823
823
823
823
824
825
825
826
827
827
829
832
833
833
835
835
836
836
837
838
838
840
843
846
848
848
848
848
849
850
850
851
853
853
854
855
856
856
857
857
860
860
862
862
863
864
869
869
870
872
872
874
875
875
875
875
876
876
877
877
877
879
880
880
881
881
883
884
885
885
888
888
889
889
890
890
891
891
891
892
892
892
899
899
900
902
902
903
903
904
906
908
908
909
909
910
913
914
915
915
918
920
920
921
921
921
922
924
924
925
926
926
926
927
928
929
930
930
930
931
931
931
932
934
938
940
940
940
941
942
942
943
946
946
947
948
950
951
951
951
955
956
956
956
957
959
962
963
963
965
965
965
968
971
971
972
972
972
973
973
974
975
976
978
979
979
979
980
981
981
985
986
986
986
986
987
988
989
990
991
991
992
995
995
996
996
998
998
999
1000
1002
1005
1007
1007
1008
1008
1010
1012
1013
1013
1014
1015
1018
1018
1018
1018
1019
1022
1025
1025
1025
1026
1027
1027
1029
1031
1032
1032
1034
1035
1037
1037
1040
1041
1041
1043
1048
1049
1050
1050
1052
1053
1057
1060
1060
1060
1063
1063
1065
1066
1067
1069
1070
1071
1071
1072
1073
1073
1077
1079
1079
1079
1080
1081
1081
1083
1084
1084
1091
1092
1092
1092
1092
1093
1096
1096
1098
1099
1099
1100
1101
1102
1105
1107
1107
1110
1110
1113
1115
1117
1118
1118
1119
1120
1121
1123
1123
1124
1126
1126
1126
1126
1126
1127
1131
1133
1133
1135
1135
1137
1138
1138
1139
1139
1139
1140
1141
1141
1142
1142
1143
1143
1143
1143
1143
1143
1144
1144
1145
1145
1145
1146
1146
1146
1147
1147
1148
1148
1149
1151
1152
1153
1154
1156
1159
1159
1160
1160
1162
1163
1163
1164
1165
1166
1167
1167
1167
1168
1173
1173
1174
1175
1175
1178
1179
1180
1181
1181
1182
1185
1186
1186
1189
1190
1191
1192
1193
1193
1194
1195
1197
1198
1199
1200
1203
1204
1204
1204
1205
1207
1208
1209
1209
1210
1210
1211
1212
1213
1214
1215
1216
1216
1216
1217
1218
1218
1219
1220
1220
1221
1221
1221
1223
1223
1224
1226
1227
1228
1229
1229
1231
1236
1236
1237
1238
1238
1239
1240
1240
1242
1243
1243
1244
1245
1245
1246
1247
1248
1248
1248
1249
1249
1251
1253
1253
1254
1254
1255
1255
1255
1255
1256
1256
1257
1259
1259
1260
1261
1261
1262
1262
1265
1267
1268
1268
1269
1269
1271
1271
1271
1271
1272
1272
1276
1276
1277
1278
1280
1280
1280
1280
1281
1281
1282
1283
1284
1284
1287
1289
1289
1289
1289
1289
1291
1292
1293
1293
1296
1298
1298
1301
1302
1302
1302
1303
1304
1305
1307
1307
1308
1311
1312
1312
1314
1314
1316
1316
1317
1317
1319
1320
1321
1322
1322
1322
1324
1325
1327
1330
1331
1334
1334
1334
1335
1335
1340
1342
1344
1346
1346
1347
1347
1348
1350
1350
1351
1351
1351
1352
1353
1357
1357
1357
1363
1364
1364
1367
1368
1369
1369
1370
1370
1371
1372
1372
1372
1374
1374
1374
1375
1377
1381
1381
1382
1383
1383
1386
1387
1388
1389
1389
1392
1393
1396
1397
1397
1398
1399
1399
1401
1402
1403
1403
1404
1405
1409
1410
1410
1411
1414
1414
1415
1420
1421
1422
1422
1423
1423
1426
1428
1429
1432
1432
1435
1439
1439
1440
1440
1444
1446
1449
1450
1450
1451
1452
1453
1453
1454
1455
1456
1457
1458
1459
1459
1459
1459
1462
1463
1463
1463
1468
1468
1469
1469
1469
1470
1470
1470
1470
1472
1473
1474
1476
1478
1479
1480
1480
1481
1482
1483
1484
1484
1488
1488
1489
1490
1490
1490
1492
1495
1495
1496
1496
1498
1499
1500
1500
1500
1503
1505
1505
1506
1506
1507
1508
1509
1509
1511
1512
1512
1512
1513
1513
1513
1515
1515
1516
1517
1520
1521
1524
1524
1525
1525
1527
1527
1527
1529
1530
1530
1531
1532
1533
1534
1534
1534
1534
1538
1539
1540
1540
1540
1540
1540
1541
1542
1543
1546
1547
1548
1549
1549
1551
1555
1555
1556
1557
1558
1559
1560
1560
1561
1562
1562
1563
1564
1565
1566
1568
1569
1569
1570
1570
1572
1573
1573
1573
1575
1577
1579
1579
1580
1582
1582
1584
1585
1585
1585
1586
1588
1589
1589
1591
1598
1599
1599
1601
1602
1603
1604
1607
1609
1609
1612
1612
1612
1613
1613
1614
1614
1615
1617
1617
1618
1618
1622
1624
1624
1625
1628
1629
1629
1630
1630
1631
1631
1633
1636
1636
1637
1637
1638
1640
1643
1644
1644
1644
1645
1648
1649
1649
1650
1651
1654
1657
1658
1659
1659
1660
1661
1663
1663
1663
1664
1666
1666
1666
1666
1667
1668
1668
1668
1672
1673
1673
1676
1676
1680
1681
1683
1684
1688
1689
1690
1691
1692
1693
1695
1695
1696
1696
1696
1697
1697
1698
1698
1698
1698
1699
1701
1701
1702
1705
1707
1707
1708
1711
1712
1713
1715
1718
1718
1718
1719
1721
1722
1724
1725
1726
1726
1726
1727
1728
1728
1732
1734
1736
1740
1741
1741
1742
1744
1744
1745
1745
1747
1750
1750
1751
1753
1753
1754
1754
1754
1755
1755
1757
1758
1759
1759
1760
1760
1760
1761
1761
1763
1764
1764
1766
1768
1770
1770
1771
1772
1773
1773
1774
1776
1777
1778
1780
1780
1781
1782
1784
1784
1784
1785
1787
1788
1788
1788
1789
1789
1792
1792
1792
1793
1794
1794
1796
1798
1799
1799
1800
1805
1805
1807
1807
1808
1808
1808
1809
1809
1810
1811
1811
1812
1812
1813
1813
1814
1814
1814
1814
1816
1818
1818
1821
1821
1822
1822
1824
1827
1828
1828
1829
1829
1831
1832
1832
1832
1832
1832
1832
1834
1834
1836
1836
1836
1838
1838
1839
1840
1843
1843
1844
1846
1847
1847
1847
1850
1851
1851
1851
1852
1853
1854
1854
1855
1856
1856
1856
1857
1857
1859
1859
1863
1868
1868
1868
1868
1869
1869
1869
1870
1871
1873
1874
1875
1876
1877
1877
1878
1879
1880
1880
1882
1882
1883
1885
1887
1887
1888
1888
1888
1889
1890
1890
1891
1892
1895
1897
1898
1899
1899
1900
1901
1901
1902
1902
1902
1902
1904
1906
1906
1906
1907
1908
1909
1909
1910
1911
1911
1912
1912
1913
1914
1915
1916
1917
1919
1921
1921
1921
1922
1923
1923
1929
1931
1931
1931
1933
1935
1935
1936
1936
1937
1940
1943
1944
1945
1945
1945
1948
1948
1950
1950
1951
1952
1953
1957
1959
1960
1960
1961
1962
1964
1965
1965
1967
1968
1969
1971
1971
1971
1972
1974
1974
1975
1975
1977
1981
1982
1983
1984
1986
1988
1988
1989
1990
1991
1994
1996
1997
1998
1998
1999
2000
2001
2003
2004
2004
2004
2005
2008
2009
2010
2011
2011
2011
2012
2013
2014
2016
2017
2019
2019
2020
2020
2020
2020
2020
2022
2026
2026
2027
2027
2028
2030
2031
2032
2032
2032
2033
2033
2036
2038
2038
2039
2039
2041
2042
2043
2043
2043
2043
2044
2044
2046
2047
2048
2049
2051
2051
2051
2052
2052
2053
2054
2055
2055
2056
2056
2057
2058
2059
2059
2059
2060
2061
2062
2062
2063
2063
2064
2066
2066
2066
2067
2068
2068
2069
2069
2070
2072
2073
2074
2074
2076
2076
2077
2079
2080
2081
2081
2083
2083
2084
2086
2086
2086
2087
2089
2090
2090
2090
2090
2092
2093
2093
2093
2094
2095
2096
2098
2098
2100
2102
2102
2103
2103
2103
2103
2105
2105
2106
2107
2112
2113
2114
2115
2118
2121
2121
2123
2125
2125
2126
2128
2129
2132
2132
2134
2134
2136
2137
2137
2139
2140
2141
2143
2143
2145
2146
2146
2147
2148
2149
2149
2149
2151
2151
2152
2152
2152
2153
2153
2155
2155
2156
2156
2156
2160
2162
2163
2164
2164
2165
2165
2165
2166
2166
2167
2167
2169
2170
2172
2173
2173
2173
2174
2174
2178
2179
2179
2179
2180
2183
2185
2186
2186
2187
2188
2188
2189
2190
2190
2190
2190
2191
2192
2193
2194
2195
2195
2195
2197
2199
2199
2200
2200
2202
2204
2204
2204
2205
2207
2207
2208
2208
2209
2210
2210
2211
2212
2213
2213
2216
2218
2220
2223
2224
2228
2229
2230
2231
2231
2233
2236
2239
2242
2242
2244
2245
2246
2246
2246
2247
2247
2250
2251
2251
2253
2253
2255
2255
2256
2256
2257
2261
2262
2262
2264
2265
2266
2267
2268
2268
2271
2273
2273
2275
2276
2276
2276
2278
2281
2282
2284
2284
2284
2284
2286
2287
2287
2288
2289
2290
2290
2292
2293
2293
2293
2294
2295
2295
2296
2296
2297
2297
2299
2300
2302
2302
2302
2302
2304
2305
2305
2305
2305
2306
2306
2306
2307
2309
2312
2313
2316
2317
2320
2326
2327
2328
2329
2330
2333
2336
2337
2339
2339
2340
2341
2341
2341
2344
2344
2345
2348
2348
2348
2348
2351
2351
2355
2355
2356
2357
2357
2358
2358
2358
2359
2359
2360
2365
2365
2366
2367
2368
2369
2369
2369
2369
2375
2375
2376
2379
2380
2383
2384
2384
2385
2385
2385
2385
2386
2386
2387
2388
2389
2390
2390
2391
2391
2391
2392
2392
2393
2394
2395
2396
2398
2399
2399
2400
2403
2403
2405
2406
2408
2409
2409
2409
2410
2412
2412
2413
2415
2416
2416
2417
2418
2418
2419
2422
2426
2426
2429
2430
2430
2431
2432
2434
2437
2438
2439
2439
2439
2440
2441
2441
2442
2442
2445
2445
2446
2447
2447
2448
2449
2449
2455
2456
2459
2461
2463
2463
2464
2465
2465
2465
2466
2466
2467
2467
2468
2468
2470
2471
2475
2476
2476
2477
2478
2479
2480
2481
2482
2484
2486
2488
2488
2491
2492
2492
2493
2493
2494
2495
2495
2496
2496
2497
2497
2499
2500
2502
2502
2503
2504
2504
2505
2505
2506
2507
2507
2508
2509
2510
2510
2514
2517
2518
2519
2520
2522
2522
2523
2523
2527
2528
2530
2531
2531
2532
2532
2536
2536
2536
2537
2538
2539
2540
2541
2543
2543
2546
2546
2546
2547
2547
2547
2547
2548
2553
2554
2557
2557
2558
2559
2561
2564
2564
2567
2568
2570
2572
2574
2574
2574
2576
2576
2576
2577
2578
2579
2579
2581
2584
2586
2588
2590
2591
2591
2595
2595
2596
2596
2598
2598
2598
2598
2602
2602
2603
2604
2604
2604
2605
2606
2606
2606
2608
2608
2609
2610
2611
2613
2615
2615
2616
2616
2617
2617
2617
2621
2622
2622
2623
2624
2624
2624
2625
2626
2627
2627
2627
2630
2630
2631
2631
2632
2633
2633
2634
2635
2635
2636
2636
2637
2638
2638
2639
2639
2640
2640
2644
2644
2646
2648
2648
2651
2652
2652
2656
2659
2660
2661
2662
2664
2665
2666
2666
2667
2667
2670
2670
2671
2672
2672
2673
2673
2676
2676
2678
2679
2681
2681
2682
2683
2684
2684
2685
2685
2685
2686
2687
2688
2689
2691
2692
2693
2696
2698
2701
2703
2706
2709
2709
2710
2710
2711
2711
2712
2712
2712
2715
2716
2716
2717
2717
2718
2719
2720
2721
2722
2724
2725
2725
2725
2727
2728
2730
2730
2730
2730
2731
2731
2732
2732
2733
2733
2734
2734
2737
2738
2738
2738
2739
2739
2740
2740
2743
2744
2744
2746
2747
2747
2747
2751
2752
2753
2755
2756
2759
2760
2760
2764
2765
2766
2767
2767
2767
2768
2768
2769
2771
2771
2773
2773
2774
2775
2776
2777
2777
2777
2778
2779
2779
2780
2780
2781
2782
2784
2785
2786
2787
2787
2788
2789
2789
2789
2789
2791
2791
2791
2792
2794
2795
2796
2800
2801
2802
2803
2805
2809
2809
2809
2810
2813
2813
2815
2816
2816
2817
2818
2818
2819
2819
2822
2824
2824
2824
2825
2826
2826
2827
2827
2828
2828
2830
2831
2831
2832
2833
2833
2835
2835
2837
2839
2839
2839
2839
2840
2842
2843
2845
2845
2846
2847
2847
2847
2850
2851
2852
2854
2855
2855
2855
2856
2859
2861
2861
2862
2862
2863
2865
2866
2869
2870
2870
2874
2875
2875
2878
2878
2879
2880
2882
2883
2884
2884
2885
2887
2888
2888
2888
2890
2892
2896
2896
2896
2896
2897
2897
2897
2897
2898
2898
2899
2899
2899
2901
2902
2903
2903
2905
2906
2906
2907
2908
2910
2912
2913
2914
2915
2916
2916
2916
2917
2918
2918
2922
2922
2923
2924
2924
2924
2924
2924
2926
2927
2928
2928
2929
2930
2930
2932
2932
2935
2935
2937
2938
2941
2943
2946
2946
2946
2947
2948
2950
2950
2951
2952
2953
2953
2954
2955
2955
2957
2959
2961
2963
2964
2964
2965
2965
2966
2966
2966
2968
2969
2969
2970
2970
2971
2972
2974
2975
2976
2976
2981
2982
2982
2984
2985
2987
2987
2991
2992
2992
2992
2992
2995
2997
2997
2998
2998
3004
3006
3007
3007
3007
3007
3008
3010
3011
3014
3014
3014
3015
3015
3016
3019
3020
3020
3021
3021
3022
3023
3023
3024
3027
3028
3029
3029
3032
3032
3033
3034
3036
3037
3038
3040
3042
3042
3043
3043
3044
3046
3046
3047
3049
3049
3049
3051
3052
3052
3055
3055
3056
3056
3057
3057
3057
3057
3058
3058
3058
3058
3058
3059
3059
3060
3061
3061
3063
3064
3064
3066
3069
3069
3071
3078
3080
3080
3080
3081
3081
3082
3085
3085
3086
3086
3086
3086
3088
3090
3091
3095
3096
3100
3101
3102
3102
3102
3102
3103
3104
3104
3106
3106
3107
3108
3110
3112
3113
3113
3114
3114
3116
3116
3118
3120
3121
3122
3122
3123
3123
3127
3128
3128
3133
3133
3134
3135
3135
3135
3136
3136
3136
3137
3138
3139
3140
3141
3142
3145
3146
3146
3147
3148
3148
3150
3150
3151
3152
3155
3155
3156
3156
3156
3156
3157
3157
3158
3158
3159
3159
3160
3161
3162
3162
3163
3165
3165
3166
3169
3169
3169
3171
3174
3174
3174
3175
3176
3176
3177
3179
3179
3179
3181
3183
3184
3186
3188
3189
3189
3190
3193
3196
3197
3197
3198
3199
3201
3203
3203
3204
3204
3205
3206
3207
3208
3208
3210
3211
3212
3212
3213
3213
3213
3215
3215
3216
3218
3219
3219
3220
3221
3221
3221
3221
3222
3222
3222
3223
3226
3226
3227
3227
3227
3229
3230
3230
3230
3231
3232
3233
3233
3236
3236
3237
3238
3240
3241
3241
3245
3246
3249
3250
3250
3250
3251
3252
3255
3256
3257
3257
3257
3258
3258
3259
3259
3259
3263
3264
3267
3268
3271
3271
3272
3273
3274
3275
3276
3276
3277
3278
3282
3282
3283
3283
3284
3288
3289
3289
3289
3291
3291
3292
3293
3293
3294
3295
3297
3298
3298
3299
3300
3302
3303
3304
3305
3307
3308
3309
3310
3310
3311
3311
3312
3312
3314
3314
3314
3314
3316
3317
3317
3318
3319
3320
3320
3321
3322
3322
3323
3323
3324
3325
3325
3326
3328
3328
3328
3330
3330
3330
3331
3331
3334
3335
3338
3341
3343
3343
3347
3347
3347
3350
3350
3350
3351
3355
3356
3356
3357
3358
3359
3361
3362
3365
3366
3366
3368
3370
3370
3371
3372
3373
3374
3375
3375
3376
3377
3377
3381
3384
3384
3384
3385
3385
3386
3387
3387
3388
3388
3388
3388
3389
3390
3391
3393
3393
3393
3394
3396
3397
3399
3400
3402
3403
3404
3406
3408
3411
3411
3412
3414
3414
3415
3415
3415
3417
3419
3420
3421
3422
3422
3422
3425
3425
3426
3426
3427
3429
3429
3430
3433
3436
3437
3438
3440
3443
3443
3443
3444
3445
3445
3445
3446
3446
3447
3448
3448
3448
3450
3450
3451
3451
3453
3453
3454
3455
3458
3461
3462
3462
3463
3463
3464
3464
3467
3467
3467
3469
3469
3469
3470
3471
3471
3471
3472
3473
3473
3476
3476
3482
3482
3484
3485
3485
3485
3485
3490
3490
3491
3493
3494
3498
3499
3500
3500
3500
3504
3505
3507
3509
3509
3509
3514
3515
3516
3517
3518
3521
3522
3522
3524
3524
3524
3525
3526
3526
3530
3532
3533
3535
3538
3539
3541
3542
3544
3545
3546
3547
3547
3549
3549
3550
3550
3555
3558
3558
3562
3563
3563
3565
3569
3570
3570
3572
3578
3578
3579
3582
3583
3584
3584
3586
3586
3586
3587
3588
3589
3590
3592
3592
3593
3593
3593
3594
3595
3595
3597
3598
3598
3600
3604
3604
3605
3606
3607
3608
3611
3614
3616
3616
3616
3616
3617
3617
3618
3619
3619
3621
3622
3622
3623
3624
3624
3624
3625
3627
3628
3630
3630
3630
3631
3633
3633
3633
3634
3635
3636
3637
3640
3640
3641
3642
3645
3646
3646
3646
3649
3649
3654
3654
3656
3657
3660
3662
3663
3663
3665
3668
3670
3671
3672
3672
3672
3673
3676
3678
3679
3679
3680
3683
3683
3684
3684
3686
3687
3690
3692
3692
3692
3693
3693
3696
3697
3698
3698
3698
3699
3701
3701
3702
3702
3705
3707
3707
3708
3708
3708
3708
3713
3714
3714
3716
3717
3717
3718
3718
3719
3720
3724
3724
3726
3727
3729
3731
3733
3733
3735
3735
3738
3739
3739
3740
3741
3741
3746
3747
3749
3749
3749
3751
3751
3751
3752
3753
3754
3754
3755
3757
3760
3760
3764
3765
3765
3766
3769
3769
3769
3770
3773
3774
3774
3775
3775
3776
3776
3777
3778
3780
3782
3785
3787
3788
3788
3788
3788
3790
3790
3791
3791
3791
3792
3793
3795
3796
3797
3797
3798
3798
3799
3799
3800
3800
3800
3801
3802
3802
3803
3803
3804
3804
3805
3806
3807
3807
3812
3813
3814
3816
3817
3819
3821
3821
3821
3822
3823
3824
3824
3824
3826
3826
3827
3828
3829
3829
3830
3831
3834
3836
3838
3839
3839
3839
3840
3840
3841
3842
3843
3845
3846
3848
3849
3849
3850
3850
3852
3852
3853
3854
3854
3854
3856
3857
3860
3861
3861
3862
3862
3864
3865
3865
3865
3866
3866
3866
3867
3867
3867
3868
3868
3871
3871
3875
3875
3877
3878
3879
3882
3883
3883
3883
3884
3885
3886
3887
3887
3888
3888
3889
3889
3889
3890
3891
3892
3892
3893
3894
3895
3896
3897
3898
3901
3903
3903
3903
3904
3904
3904
3904
3907
3909
3909
3911
3911
3911
3911
3912
3915
3916
3917
3918
3918
3918
3918
3918
3919
3919
3922
3922
3924
3926
3928
3928
3930
3935
3935
3936
3938
3939
3939
3940
3941
3943
3944
3944
3945
3945
3946
3948
3949
3949
3950
3950
3951
3952
3953
3954
3954
3955
3955
3956
3957
3958
3958
3959
3959
3961
3962
3962
3963
3963
3963
3963
3964
3965
3965
3970
3970
3972
3973
3973
3974
3974
3974
3974
3977
3978
3980
3980
3980
3980
3980
3981
3982
3982
3983
3983
3983
3985
3985
3988
3989
3990
3992
3994
3996
3998
3998
4000
4000
4001
4001
4002
4003
4003
4003
4004
4004
4006
4006
4008
4010
4010
4011
4012
4013
4013
4014
4014
4016
4017
4018
4018
4019
4020
4020
4020
4022
4024
4024
4025
4026
4028
4028
4029
4031
4032
4032
4033
4034
4034
4035
4036
4036
4036
4037
4041
4043
4044
4045
4046
4046
4046
4047
4051
4052
4053
4054
4055
4057
4058
4060
4060
4060
4060
4062
4062
4063
4064
4064
4064
4065
4065
4066
4066
4069
4069
4071
4073
4075
4075
4076
4078
4078
4081
4083
4085
4085
4087
4088
4088
4088
4088
4089
4090
4091
4091
4093
4094
4094
4094
4095
4097
4098
4098
4105
4106
4106
4107
4111
4111
4113
4113
4118
4118
4118
4121
4122
4123
4124
4124
4126
4126
4127
4129
4130
4132
4132
4134
4134
4134
4136
4136
4136
4137
4139
4139
4139
4144
4145
4147
4147
4147
4148
4149
4150
4152
4152
4153
4153
4153
4155
4159
4159
4160
4162
4163
4163
4163
4165
4167
4170
4170
4170
4170
4172
4173
4173
4174
4175
4178
4180
4181
4186
4186
4190
4190
4191
4192
4192
4193
4194
4194
4194
4197
4197
4199
4200
4200
4200
4202
4203
4204
4205
4206
4207
4207
4208
4208
4208
4209
4210
4212
4212
4212
4213
4213
4217
4220
4221
4221
4222
4223
4223
4224
4226
4226
4227
4229
4230
4230
4232
4233
4234
4235
4236
4236
4236
4238
4238
4238
4239
4240
4241
4242
4243
4243
4243
4246
4247
4247
4249
4250
4252
4253
4254
4255
4256
4256
4256
4258
4259
4259
4262
4263
4264
4265
4267
4267
4267
4267
4268
4268
4268
4269
4269
4271
4272
4273
4274
4275
4276
4276
4277
4278
4280
4280
4280
4281
4284
4285
4285
4285
4286
4286
4286
4287
4291
4293
4294
4296
4297
4297
4297
4298
4298
4298
4300
4300
4303
4307
4308
4308
4309
4310
4311
4313
4314
4317
4319
4320
4320
4321
4321
4321
4321
4322
4323
4323
4324
4324
4325
4326
4328
4328
4330
4332
4333
4335
4336
4336
4337
4338
4339
4340
4340
4342
4342
4345
4346
4346
4352
4352
4354
4354
4356
4356
4356
4357
4359
4359
4360
4363
4363
4364
4366
4366
4367
4368
4370
4371
4372
4375
4375
4377
4377
4378
4378
4379
4379
4379
4380
4382
4383
4383
4384
4386
4386
4388
4388
4388
4388
4388
4392
4395
4395
4395
4396
4397
4397
4397
4398
4398
4399
4399
4400
4401
4402
4403
4403
4405
4406
4408
4408
4409
4410
4411
4411
4414
4415
4416
4417
4417
4418
4419
4420
4420
4421
4421
4424
4424
4424
4425
4426
4427
4427
4427
4427
4429
4430
4430
4432
4432
4433
4433
4436
4437
4438
4438
4439
4440
4442
4445
4445
4446
4447
4448
4449
4450
4450
4451
4451
4452
4452
4453
4453
4455
4455
4457
4458
4459
4463
4463
4463
4466
4468
4469
4471
4471
4474
4475
4476
4478
4478
4479
4480
4480
4483
4484
4485
4487
4488
4489
4489
4490
4491
4491
4491
4491
4492
4494
4494
4496
4496
4499
4501
4502
4502
4503
4503
4504
4504
4504
4507
4508
4510
4510
4512
4514
4517
4518
4518
4520
4522
4522
4523
4529
4531
4533
4534
4535
4535
4536
4538
4539
4539
4539
4540
4540
4540
4540
4540
4541
4541
4542
4542
4547
4549
4550
4550
4552
4552
4553
4556
4556
4558
4558
4559
4559
4560
4561
4561
4562
4563
4563
4563
4564
4564
4565
4565
4566
4566
4567
4568
4568
4569
4572
4572
4573
4574
4575
4575
4577
4580
4582
4582
4583
4584
4585
4585
4585
4586
4587
4588
4588
4588
4590
4590
4591
4593
4594
4595
4595
4595
4595
4596
4597
4597
4599
4601
4603
4604
4604
4604
4605
4606
4606
4606
4608
4609
4610
4610
4612
4612
4614
4615
4618
4618
4619
4620
4621
4622
4623
4624
4626
4627
4628
4630
4630
4630
4631
4633
4633
4634
4634
4636
4636
4636
4638
4639
4639
4640
4641
4641
4642
4643
4644
4645
4645
4646
4647
4648
4648
4648
4649
4650
4650
4650
4652
4654
4655
4655
4657
4657
4658
4658
4659
4661
4661
4661
4661
4665
4666
4667
4668
4669
4675
4675
4676
4676
4676
4677
4678
4678
4679
4680
4681
4682
4682
4685
4685
4686
4687
4687
4687
4688
4689
4689
4690
4690
4690
4691
4691
4693
4694
4695
4695
4696
4700
4705
4705
4706
4708
4709
4713
4714
4715
4718
4718
4720
4722
4723
4725
4725
4727
4727
4734
4734
4735
4736
4736
4736
4738
4738
4739
4739
4740
4740
4742
4743
4744
4745
4747
4748
4749
4750
4750
4751
4751
4753
4754
4755
4762
4762
4763
4763
4763
4763
4764
4766
4766
4769
4769
4769
4772
4772
4773
4774
4776
4776
4776
4778
4778
4780
4781
4781
4781
4784
4784
4785
4787
4787
4788
4788
4789
4789
4791
4793
4793
4793
4794
4794
4794
4795
4795
4795
4796
4797
4798
4799
4801
4803
4804
4804
4804
4806
4807
4807
4807
4809
4811
4812
4812
4814
4815
4815
4816
4816
4816
4817
4817
4818
4822
4823
4823
4823
4823
4823
4824
4826
4826
4826
4827
4828
4830
4830
4831
4832
4832
4833
4833
4833
4834
4834
4835
4836
4836
4837
4838
4838
4839
4842
4843
4843
4844
4844
4844
4846
4847
4847
4847
4848
4849
4849
4850
4850
4852
4853
4854
4857
4858
4858
4859
4859
4860
4860
4861
4862
4863
4863
4863
4865
4866
4869
4870
4872
4873
4874
4874
4875
4876
4876
4876
4877
4878
4880
4881
4881
4882
4882
4883
4883
4883
4884
4884
4885
4889
4889
4891
4892
4893
4893
4894
4895
4895
4896
4897
4899
4899
4900
4900
4900
4902
4902
4904
4904
4904
4905
4908
4908
4909
4909
4910
4910
4911
4911
4912
4912
4915
4915
4915
4917
4922
4925
4927
4929
4930
4930
4932
4932
4936
4938
4938
4938
4939
4940
4940
4941
4942
4943
4943
4944
4945
4945
4946
4947
4948
4948
4953
4955
4955
4955
4956
4957
4957
4958
4959
4961
4961
4962
4964
4964
4964
4965
4966
4966
4967
4968
4970
4971
4971
4971
4971
4972
4975
4975
4975
4975
4976
4977
4978
4979
4980
4981
4982
4983
4984
4984
4985
4985
4985
4985
4987
4987
4988
4990
4991
4995
4995
4995
4996
4997
4998
5001
5001
5004
5005
5006
5007
5007
5007
5008
5008
5009
5010
5010
5010
5013
5013
5015
5015
5015
5015
5015
5017
5019
5020
5020
5021
5022
5023
5024
5025
5026
5027
5028
5030
5031
5031
5032
5033
5034
5034
5034
5035
5037
5037
5037
5038
5038
5039
5040
5040
5040
5042
5042
5043
5044
5044
5045
5046
5047
5048
5052
5052
5053
5054
5058
5059
5059
5059
5060
5062
5063
5064
5064
5067
5068
5069
5069
5070
5071
5071
5073
5074
5076
5077
5077
5078
5078
5078
5080
5082
5087
5091
5092
5094
5096
5097
5101
5101
5101
5104
5104
5105
5106
5108
5109
5109
5110
5110
5112
5113
5114
5115
5115
5116
5118
5119
5119
5120
5124
5124
5125
5126
5126
5128
5128
5134
5135
5135
5136
5136
5137
5138
5139
5140
5140
5141
5143
5143
5144
5144
5145
5146
5146
5147
5147
5147
5147
5149
5150
5151
5152
5152
5153
5155
5156
5157
5158
5159
5159
5160
5161
5161
5161
5161
5162
5162
5163
5163
5164
5165
5165
5166
5166
5168
5172
5178
5178
5179
5180
5183
5183
5184
5184
5185
5185
5185
5186
5186
5186
5186
5187
5187
5188
5190
5191
5191
5192
5193
5195
5196
5197
5197
5197
5198
5200
5201
5201
5201
5203
5204
5205
5210
5211
5211
5212
5212
5216
5216
5216
5216
5216
5217
5217
5219
5220
5221
5222
5223
5223
5224
5224
5224
5224
5224
5225
5225
5227
5229
5230
5235
5238
5240
5240
5241
5241
5241
5242
5242
5242
5243
5244
5245
5246
5246
5247
5247
5248
5248
5249
5250
5251
5253
5253
5254
5255
5256
5257
5258
5259
5261
5261
5262
5265
5265
5265
5266
5266
5268
5269
5270
5271
5273
5273
5273
5275
5276
5278
5278
5279
5280
5281
5283
5283
5284
5284
5285
5286
5286
5287
5288
5289
5289
5290
5290
5293
5294
5298
5298
5300
5301
5301
5303
5305
5309
5310
5312
5314
5314
5314
5314
5315
5316
5316
5316
5317
5318
5320
5320
5321
5323
5325
5328
5329
5330
5332
5337
5337
5338
5339
5339
5340
5342
5343
5345
5345
5345
5347
5347
5349
5349
5350
5352
5352
5352
5352
5352
5354
5354
5356
5358
5358
5360
5360
5363
5363
5364
5364
5364
5365
5366
5366
5367
5368
5376
5376
5376
5377
5378
5379
5380
5382
5382
5384
5384
5384
5386
5390
5390
5390
5391
5392
5392
5393
5394
5395
5395
5396
5396
5401
5402
5404
5407
5407
5407
5408
5409
5409
5410
5410
5411
5411
5411
5411
5412
5414
5417
5417
5420
5420
5421
5423
5426
5427
5427
5428
5428
5428
5429
5430
5435
5435
5438
5439
5440
5442
5444
5444
5446
5447
5447
5449
5450
5450
5453
5454
5454
5455
5457
5459
5459
5461
5462
5464
5466
5467
5467
5469
5470
5471
5473
5476
5476
5476
5477
5477
5478
5478
5479
5480
5481
5483
5485
5485
5485
5486
5487
5487
5491
5491
5492
5493
5493
5493
5493
5494
5495
5499
5500
5501
5501
5502
5504
5504
5506
5506
5506
5506
5508
5508
5511
5511
5512
5515
5516
5516
5516
5519
5521
5521
5522
5522
5522
5522
5522
5523
5524
5525
5526
5527
5527
5528
5528
5529
5531
5532
5532
5532
5533
5533
5534
5534
5535
5535
5535
5535
5536
5536
5538
5538
5539
5540
5542
5542
5543
5543
5543
5546
5549
5551
5552
5553
5554
5555
5555
5556
5556
5557
5557
5557
5558
5560
5561
5562
5562
5563
5565
5566
5566
5566
5566
5568
5568
5569
5569
5572
5573
5573
5573
5576
5576
5578
5580
5580
5582
5584
5585
5585
5585
5585
5589
5590
5590
5591
5592
5592
5593
5595
5598
5598
5598
5598
5599
5600
5600
5601
5602
5602
5604
5606
5607
5607
5608
5608
5608
5610
5611
5613
5613
5613
5613
5614
5614
5616
5616
5616
5618
5619
5620
5621
5622
5623
5627
5628
5630
5630
5631
5637
5640
5641
5641
5642
5642
5642
5644
5645
5645
5646
5651
5652
5653
5654
5655
5656
5657
5658
5659
5659
5659
5660
5660
5661
5663
5663
5665
5667
5669
5669
5670
5671
5671
5672
5673
5673
5673
5677
5677
5677
5678
5680
5680
5680
5680
5681
5682
5683
5684
5686
5686
5686
5687
5687
5688
5690
5691
5692
5693
5694
5694
5695
5695
5696
5697
5697
5700
5701
5702
5703
5704
5704
5706
5708
5709
5710
5710
5711
5711
5712
5712
5714
5715
5716
5716
5717
5718
5719
5719
5720
5720
5721
5723
5725
5725
5731
5732
5733
5734
5735
5735
5736
5736
5736
5736
5738
5739
5742
5742
5744
5746
5749
5750
5750
5751
5752
5752
5753
5753
5753
5755
5755
5756
5758
5758
5759
5763
5764
5764
5765
5765
5767
5768
5769
5769
5770
5770
5772
5773
5775
5775
5776
5777
5777
5779
5780
5780
5781
5783
5784
5786
5787
5788
5789
5791
5792
5792
5793
5794
5794
5796
5797
5798
5799
5800
5804
5806
5806
5807
5807
5808
5808
5808
5808
5813
5813
5815
5815
5816
5819
5823
5823
5824
5825
5826
5826
5826
5830
5830
5830
5831
5832
5832
5832
5835
5835
5835
5835
5837
5840
5841
5842
5843
5844
5845
5847
5848
5849
5850
5851
5853
5853
5854
5854
5855
5855
5855
5855
5856
5858
5858
5860
5861
5864
5864
5864
5864
5867
5867
5868
5869
5869
5869
5870
5871
5871
5872
5873
5874
5877
5878
5879
5879
5880
5880
5882
5882
5883
5884
5884
5884
5885
5885
5885
5886
5887
5887
5887
5888
5890
5891
5891
5892
5893
5893
5893
5893
5894
5895
5895
5896
5898
5899
5902
5903
5903
5903
5903
5904
5904
5906
5906
5908
5911
5912
5913
5913
5914
5920
5921
5923
5927
5929
5929
5930
5930
5930
5930
5931
5933
5934
5934
5934
5934
5934
5936
5937
5937
5937
5937
5938
5939
5940
5940
5940
5941
5941
5942
5943
5944
5945
5945
5946
5947
5948
5949
5950
5955
5958
5959
5960
5961
5962
5963
5963
5965
5966
5966
5967
5967
5967
5968
5968
5968
5971
5972
5973
5974
5975
5976
5976
5977
5981
5982
5983
5984
5985
5986
5986
5987
5988
5989
5992
5993
5995
5995
5995
5997
5998
5998
5999
5999
6000
6000
6001
6002
6004
6004
6005
6005
6006
6014
6014
6017
6018
6019
6020
6022
6022
6022
6023
6024
6027
6028
6028
6029
6031
6031
6033
6033
6034
6034
6034
6037
6040
6040
6040
6041
6041
6041
6043
6043
6044
6045
6045
6047
6048
6048
6049
6050
6051
6051
6052
6053
6053
6054
6054
6055
6055
6057
6060
6060
6061
6062
6062
6062
6063
6064
6065
6068
6068
6068
6069
6069
6070
6070
6070
6070
6071
6073
6074
6076
6076
6077
6077
6078
6079
6079
6080
6080
6081
6082
6085
6086
6086
6090
6090
6092
6092
6092
6092
6094
6097
6097
6097
6098
6099
6100
6100
6104
6105
6105
6106
6108
6108
6109
6110
6110
6110
6110
6111
6112
6113
6114
6117
6117
6117
6118
6118
6119
6121
6121
6122
6122
6122
6125
6126
6127
6127
6131
6132
6134
6134
6134
6135
6135
6135
6135
6137
6141
6141
6147
6147
6148
6148
6148
6149
6151
6154
6154
6155
6157
6157
6157
6158
6159
6159
6161
6162
6163
6163
6164
6164
6164
6165
6165
6166
6167
6167
6167
6170
6170
6170
6170
6175
6177
6177
6178
6178
6179
6179
6181
6181
6181
6181
6181
6183
6185
6186
6186
6187
6188
6189
6190
6190
6191
6193
6194
6194
6195
6195
6196
6199
6199
6200
6200
6202
6203
6205
6208
6208
6209
6209
6210
6211
6211
6211
6213
6214
6214
6217
6217
6219
6219
6222
6223
6224
6226
6226
6227
6228
6229
6229
6231
6234
6234
6235
6235
6235
6238
6239
6243
6244
6244
6247
6247
6247
6248
6250
6250
6251
6253
6253
6254
6255
6256
6256
6256
6256
6256
6257
6258
6259
6260
6260
6260
6261
6262
6263
6263
6264
6265
6265
6265
6266
6269
6270
6270
6270
6271
6271
6271
6276
6277
6277
6277
6278
6281
6285
6285
6285
6285
6287
6288
6289
6289
6290
6290
6290
6291
6291
6293
6294
6295
6297
6297
6299
6302
6302
6302
6304
6305
6305
6307
6308
6308
6309
6309
6311
6311
6311
6312
6313
6313
6314
6315
6316
6317
6318
6318
6319
6320
6321
6322
6322
6324
6324
6324
6325
6325
6327
6327
6328
6328
6329
6329
6332
6334
6335
6335
6336
6336
6338
6338
6340
6340
6341
6344
6344
6345
6346
6346
6346
6346
6346
6348
6348
6349
6349
6350
6350
6350
6351
6352
6352
6354
6354
6354
6354
6355
6356
6358
6361
6362
6365
6365
6366
6367
6367
6368
6369
6372
6373
6373
6374
6374
6374
6374
6377
6378
6378
6379
6380
6381
6381
6381
6383
6384
6384
6384
6386
6387
6388
6388
6391
6392
6394
6394
6395
6395
6395
6396
6396
6397
6399
6402
6403
6403
6404
6406
6407
6407
6410
6410
6411
6411
6412
6412
6413
6413
6413
6416
6416
6417
6418
6420
6422
6423
6423
6424
6426
6428
6429
6432
6432
6434
6436
6437
6437
6437
6438
6439
6441
6445
6446
6446
6446
6448
6449
6452
6452
6453
6453
6455
6455
6456
6458
6458
6459
6460
6460
6460
6460
6462
6463
6463
6463
6463
6463
6466
6467
6468
6469
6470
6470
6473
6474
6474
6478
6478
6480
6481
6481
6482
6483
6483
6485
6485
6486
6488
6488
6490
6490
6491
6491
6492
6493
6495
6496
6497
6497
6499
6500
6502
6502
6503
6503
6504
6504
6506
6511
6512
6514
6515
6519
6520
6521
6521
6523
6523
6524
6525
6526
6526
6526
6526
6527
6527
6528
6530
6530
6531
6531
6531
6534
6535
6535
6535
6535
6535
6536
6536
6537
6539
6540
6540
6541
6542
6545
6546
6546
6546
6548
6552
6556
6557
6559
6559
6561
6562
6563
6563
6563
6563
6564
6564
6565
6566
6567
6570
6571
6572
6573
6573
6574
6574
6574
6575
6575
6575
6576
6577
6578
6579
6580
6580
6580
6581
6581
6582
6582
6582
6583
6585
6586
6586
6587
6587
6588
6589
6590
6592
6594
6595
6595
6598
6600
6602
6602
6602
6604
6609
6610
6612
6612
6614
6614
6615
6615
6616
6618
6618
6619
6620
6620
6621
6621
6622
6622
6622
6623
6624
6624
6624
6626
6629
6631
6633
6634
6635
6635
6636
6637
6638
6641
6641
6642
6644
6644
6644
6647
6648
6648
6650
6651
6652
6653
6653
6654
6656
6656
6658
6659
6662
6662
6663
6663
6665
6666
6667
6667
6668
6669
6670
6672
6674
6674
6676
6678
6679
6680
6681
6682
6682
6683
6683
6685
6685
6685
6685
6687
6692
6695
6695
6696
6697
6697
6698
6699
6699
6700
6703
6704
6704
6705
6706
6706
6707
6707
6709
6710
6711
6712
6712
6713
6714
6715
6717
6717
6718
6721
6723
6724
6728
6730
6731
6733
6734
6734
6734
6735
6736
6737
6739
6739
6741
6741
6742
6742
6743
6744
6745
6746
6747
6748
6748
6750
6750
6753
6754
6755
6757
6758
6759
6760
6761
6761
6764
6764
6765
6767
6768
6768
6768
6769
6770
6770
6770
6772
6773
6773
6774
6774
6775
6775
6775
6776
6776
6777
6779
6781
6781
6784
6784
6785
6786
6787
6787
6787
6788
6789
6789
6791
6791
6791
6792
6793
6794
6794
6795
6799
6799
6800
6802
6803
6804
6809
6810
6810
6811
6811
6812
6817
6817
6818
6819
6819
6819
6819
6820
6822
6823
6825
6827
6828
6828
6828
6829
6832
6833
6834
6836
6837
6838
6839
6839
6841
6842
6842
6842
6843
6852
6853
6853
6854
6855
6856
6856
6857
6858
6859
6859
6860
6860
6860
6860
6861
6862
6862
6862
6862
6864
6868
6870
6872
6873
6874
6878
6879
6882
6882
6882
6883
6884
6884
6885
6885
6885
6886
6886
6887
6889
6889
6890
6894
6897
6900
6900
6902
6902
6903
6905
6906
6906
6908
6909
6910
6910
6910
6912
6912
6912
6912
6912
6913
6913
6913
6914
6915
6915
6916
6917
6918
6919
6920
6921
6923
6923
6924
6925
6925
6925
6925
6926
6927
6927
6928
6928
6930
6930
6931
6932
6933
6934
6935
6937
6939
6941
6941
6944
6947
6947
6948
6948
6952
6954
6955
6956
6961
6963
6964
6964
6965
6966
6967
6967
6972
6974
6974
6975
6975
6975
6977
6977
6982
6984
6984
6984
6985
6986
6987
6988
6989
6991
6991
6993
6996
6996
6996
6997
6997
6998
6999
7000
7000
7001
7001
7002
7002
7003
7006
7006
7007
7007
7008
7008
7009
7010
7010
7011
7011
7011
7013
7016
7016
7016
7016
7017
7017
7018
7019
7019
7021
7021
7021
7023
7023
7024
7024
7024
7025
7026
7027
7028
7032
7032
7032
7033
7033
7034
7036
7036
7036
7037
7038
7038
7039
7039
7039
7040
7041
7041
7043
7044
7045
7046
7047
7047
7048
7048
7050
7050
7050
7050
7051
7052
7054
7055
7056
7056
7058
7058
7060
7061
7063
7064
7064
7066
7067
7068
7070
7072
7073
7074
7074
7075
7077
7079
7080
7080
7080
7083
7085
7086
7087
7087
7088
7089
7091
7092
7092
7094
7095
7095
7095
7096
7096
7097
7097
7099
7101
7102
7103
7103
7105
7108
7109
7109
7111
7111
7111
7113
7115
7116
7116
7116
7119
7120
7122
7123
7127
7127
7128
7128
7128
7129
7135
7135
7135
7136
7137
7138
7140
7141
7144
7147
7148
7148
7150
7151
7152
7152
7152
7154
7154
7158
7159
7159
7160
7161
7161
7161
7161
7162
7162
7164
7166
7167
7168
7168
7171
7171
7174
7176
7176
7177
7177
7179
7179
7179
7183
7184
7185
7186
7190
7194
7195
7196
7197
7197
7198
7201
7203
7206
7207
7207
7208
7210
7214
7214
7215
7218
7220
7220
7221
7221
7224
7225
7227
7229
7229
7230
7231
7232
7233
7233
7234
7234
7235
7235
7237
7237
7237
7238
7239
7240
7241
7242
7243
7243
7245
7245
7246
7247
7247
7248
7248
7250
7250
7251
7251
7254
7254
7254
7255
7255
7260
7261
7261
7263
7264
7264
7264
7265
7265
7266
7266
7267
7268
7270
7270
7273
7273
7274
7275
7276
7276
7277
7278
7280
7280
7281
7281
7282
7282
7284
7284
7284
7287
7287
7287
7288
7288
7289
7289
7289
7293
7293
7295
7295
7297
7299
7300
7300
7300
7300
7300
7301
7301
7303
7304
7304
7305
7305
7305
7305
7305
7307
7307
7308
7309
7312
7313
7313
7314
7314
7316
7316
7318
7319
7319
7319
7320
7322
7322
7322
7322
7322
7323
7326
7326
7327
7328
7328
7329
7334
7334
7335
7335
7337
7337
7337
7338
7343
7343
7344
7345
7345
7346
7346
7348
7348
7350
7353
7354
7355
7361
7361
7362
7364
7364
7367
7367
7367
7368
7369
7370
7370
7371
7372
7375
7377
7379
7380
7381
7382
7383
7383
7384
7384
7388
7389
7389
7393
7397
7397
7397
7400
7401
7402
7404
7405
7405
7405
7406
7408
7408
7410
7411
7414
7416
7418
7420
7421
7422
7422
7422
7423
7425
7425
7427
7427
7427
7431
7432
7432
7433
7434
7434
7435
7437
7437
7438
7438
7438
7440
7441
7441
7444
7446
7449
7450
7451
7451
7451
7452
7455
7455
7455
7460
7460
7461
7461
7462
7463
7465
7466
7469
7470
7470
7471
7472
7473
7473
7474
7475
7475
7476
7477
7480
7486
7488
7488
7489
7491
7492
7493
7493
7495
7495
7497
7498
7499
7500
7500
7502
7503
7506
7506
7506
7509
7510
7511
7512
7513
7513
7515
7515
7516
7516
7518
7518
7519
7521
7521
7523
7525
7526
7527
7527
7527
7529
7530
7531
7531
7532
7533
7534
7535
7536
7536
7537
7540
7542
7542
7544
7545
7546
7547
7547
7547
7549
7549
7550
7551
7552
7553
7553
7553
7553
7554
7554
7555
7556
7557
7557
7558
7559
7561
7561
7561
7562
7562
7563
7566
7567
7568
7571
7571
7572
7573
7574
7576
7576
7577
7578
7579
7580
7580
7581
7582
7584
7584
7584
7586
7587
7587
7589
7590
7590
7591
7592
7592
7593
7593
7594
7596
7597
7601
7602
7603
7605
7608
7608
7609
7609
7612
7614
7614
7616
7617
7617
7617
7618
7618
7619
7619
7620
7621
7621
7621
7622
7622
7624
7625
7625
7629
7629
7629
7630
7630
7631
7631
7632
7633
7633
7634
7636
7637
7637
7638
7638
7639
7639
7640
7641
7641
7644
7645
7645
7648
7648
7650
7653
7654
7655
7656
7657
7658
7659
7665
7666
7668
7668
7674
7675
7676
7676
7676
7679
7679
7682
7684
7684
7684
7686
7687
7687
7688
7688
7688
7689
7689
7690
7690
7691
7692
7692
7695
7696
7696
7697
7697
7697
7698
7699
7700
7703
7706
7706
7708
7708
7708
7709
7709
7710
7714
7714
7715
7719
7720
7721
7723
7723
7725
7725
7726
7727
7727
7728
7729
7730
7730
7730
7730
7731
7737
7737
7739
7741
7741
7743
7746
7746
7747
7747
7748
7748
7749
7750
7750
7750
7751
7753
7754
7756
7757
7757
7759
7760
7760
7762
7763
7765
7768
7769
7770
7771
7771
7772
7772
7773
7773
7775
7776
7779
7780
7782
7782
7782
7782
7782
7783
7784
7785
7786
7786
7786
7788
7788
7788
7790
7792
7793
7794
7794
7795
7797
7797
7797
7800
7803
7803
7805
7806
7806
7807
7807
7809
7810
7810
7811
7811
7812
7812
7812
7813
7813
7814
7814
7818
7819
7820
7822
7822
7822
7822
7823
7823
7824
7825
7825
7828
7830
7831
7831
7832
7832
7832
7833
7833
7834
7834
7835
7835
7835
7836
7836
7837
7838
7838
7840
7842
7843
7844
7844
7845
7847
7848
7851
7852
7852
7853
7855
7856
7858
7858
7858
7861
7862
7863
7864
7865
7866
7870
7870
7870
7871
7871
7872
7873
7874
7874
7876
7877
7877
7878
7878
7880
7884
7884
7884
7885
7885
7888
7888
7888
7888
7891
7891
7898
7899
7899
7899
7901
7901
7901
7903
7906
7907
7907
7909
7914
7914
7916
7917
7920
7920
7920
7921
7922
7923
7923
7923
7923
7923
7924
7924
7925
7925
7926
7927
7928
7929
7929
7931
7932
7933
7933
7935
7935
7935
7936
7936
7937
7940
7941
7941
7942
7942
7943
7945
7945
7947
7947
7948
7948
7948
7948
7948
7949
7951
7952
7953
7954
7955
7956
7958
7958
7959
7960
7960
7961
7961
7961
7962
7962
7963
7963
7963
7964
7966
7967
7968
7969
7969
7970
7974
7974
7975
7977
7977
7977
7978
7979
7981
7981
7981
7983
7987
7988
7990
7991
7991
7992
7994
7994
7995
7996
7997
7999
7999
8001
8004
8004
8005
8005
8005
8006
8007
8008
8009
8009
8009
8010
8011
8013
8013
8013
8013
8016
8018
8020
8020
8021
8022
8024
8024
8024
8025
8026
8026
8027
8028
8029
8030
8032
8033
8033
8036
8037
8037
8038
8038
8042
8042
8043
8043
8043
8044
8045
8045
8045
8046
8048
8048
8051
8052
8053
8053
8054
8054
8055
8057
8058
8058
8059
8059
8060
8061
8062
8063
8064
8064
8064
8065
8067
8067
8068
8072
8075
8076
8077
8079
8080
8080
8080
8082
8085
8087
8087
8089
8091
8092
8092
8092
8094
8094
8095
8096
8096
8096
8096
8097
8098
8098
8100
8100
8102
8103
8104
8104
8104
8105
8106
8107
8108
8110
8110
8112
8112
8115
8117
8118
8118
8119
8119
8121
8122
8122
8123
8124
8125
8126
8127
8127
8129
8129
8129
8134
8135
8137
8138
8138
8138
8141
8144
8145
8147
8148
8149
8150
8150
8150
8152
8154
8154
8155
8156
8157
8157
8157
8157
8158
8158
8158
8160
8161
8161
8161
8163
8163
8164
8165
8168
8168
8168
8169
8170
8173
8173
8175
8176
8176
8176
8178
8178
8180
8181
8182
8182
8182
8183
8184
8184
8185
8186
8186
8188
8188
8191
8193
8194
8194
8195
8196
8198
8199
8202
8203
8205
8205
8205
8205
8206
8207
8209
8210
8212
8213
8215
8215
8218
8218
8219
8219
8221
8221
8221
8222
8222
8223
8224
8225
8226
8226
8227
8227
8227
8228
8228
8228
8230
8230
8230
8233
8234
8238
8239
8240
8240
8241
8242
8242
8243
8244
8245
8245
8245
8247
8248
8248
8248
8249
8249
8250
8250
8250
8250
8257
8258
8258
8259
8259
8259
8259
8261
8265
8266
8270
8270
8271
8273
8275
8277
8278
8278
8279
8281
8281
8283
8285
8285
8286
8287
8287
8288
8288
8291
8291
8292
8294
8295
8295
8297
8297
8299
8300
8300
8301
8303
8304
8304
8304
8304
8305
8305
8306
8308
8308
8308
8312
8312
8313
8313
8314
8318
8319
8319
8320
8320
8320
8320
8322
8322
8327
8327
8331
8331
8331
8331
8333
8334
8335
8335
8335
8336
8337
8339
8341
8342
8342
8343
8346
8348
8349
8349
8350
8350
8351
8351
8352
8353
8356
8358
8358
8358
8358
8359
8359
8361
8361
8361
8364
8364
8366
8367
8371
8372
8372
8373
8374
8374
8376
8377
8377
8377
8377
8378
8380
8381
8381
8383
8385
8385
8385
8387
8387
8388
8388
8391
8392
8392
8394
8395
8395
8395
8396
8397
8397
8398
8399
8400
8401
8402
8402
8404
8407
8409
8410
8415
8416
8419
8420
8421
8422
8422
8422
8423
8423
8426
8426
8426
8428
8428
8428
8429
8430
8431
8433
8434
8434
8435
8435
8436
8437
8440
8440
8442
8443
8444
8444
8445
8445
8446
8446
8446
8446
8447
8450
8450
8453
8455
8456
8457
8458
8459
8463
8464
8464
8465
8466
8467
8468
8469
8470
8471
8471
8472
8472
8473
8473
8473
8473
8474
8476
8476
8476
8476
8477
8478
8479
8480
8481
8483
8483
8483
8483
8483
8484
8486
8491
8492
8496
8497
8497
8500
8502
8503
8503
8503
8504
8504
8504
8504
8506
8506
8508
8510
8511
8511
8513
8515
8515
8516
8516
8516
8519
8521
8521
8522
8523
8523
8523
8524
8525
8526
8528
8529
8530
8530
8531
8531
8531
8531
8532
8534
8537
8538
8539
8540
8541
8542
8543
8544
8545
8546
8546
8548
8553
8555
8556
8558
8559
8561
8562
8562
8563
8564
8565
8566
8567
8567
8568
8568
8569
8569
8569
8571
8572
8572
8573
8575
8575
8576
8577
8577
8578
8579
8581
8581
8582
8582
8582
8583
8583
8583
8585
8585
8587
8589
8591
8592
8593
8594
8596
8598
8598
8599
8599
8600
8601
8603
8603
8603
8604
8605
8605
8605
8605
8606
8606
8607
8607
8608
8608
8609
8611
8613
8613
8613
8614
8614
8616
8617
8618
8619
8620
8621
8621
8623
8625
8625
8627
8629
8629
8629
8629
8630
8631
8631
8632
8632
8633
8635
8635
8635
8636
8637
8637
8640
8641
8643
8643
8644
8644
8645
8646
8646
8649
8650
8650
8651
8651
8652
8654
8654
8654
8655
8657
8659
8660
8662
8663
8663
8663
8664
8666
8667
8669
8669
8669
8669
8670
8670
8673
8677
8677
8677
8677
8677
8680
8682
8683
8683
8685
8685
8686
8687
8688
8689
8692
8692
8693
8693
8697
8698
8699
8701
8701
8704
8710
8711
8712
8712
8714
8714
8714
8715
8716
8717
8718
8720
8720
8720
8721
8721
8723
8724
8724
8724
8727
8727
8727
8728
8730
8732
8732
8732
8734
8736
8736
8737
8737
8737
8739
8739
8740
8740
8742
8742
8743
8743
8744
8744
8745
8746
8746
8748
8748
8749
8750
8751
8751
8752
8754
8755
8755
8755
8756
8756
8756
8758
8759
8759
8760
8761
8763
8765
8765
8765
8765
8766
8768
8770
8770
8771
8772
8773
8774
8775
8775
8775
8778
8778
8779
8780
8780
8780
8781
8782
8782
8782
8783
8784
8785
8788
8788
8789
8790
8790
8790
8790
8790
8791
8797
8797
8797
8799
8799
8801
8801
8802
8802
8803
8803
8803
8804
8804
8805
8806
8807
8810
8811
8812
8812
8816
8817
8817
8817
8819
8820
8820
8822
8822
8823
8823
8826
8830
8830
8831
8832
8835
8835
8835
8836
8836
8836
8836
8837
8838
8840
8840
8841
8841
8841
8842
8843
8845
8845
8849
8850
8851
8853
8853
8854
8855
8855
8856
8856
8856
8857
8859
8861
8862
8862
8862
8864
8865
8865
8865
8866
8868
8868
8871
8871
8872
8872
8874
8874
8877
8877
8878
8879
8880
8882
8884
8885
8885
8885
8886
8886
8888
8888
8888
8888
8889
8889
8891
8891
8895
8895
8900
8902
8903
8905
8907
8908
8908
8909
8909
8910
8910
8912
8912
8913
8914
8914
8915
8915
8916
8916
8917
8918
8918
8920
8921
8921
8922
8922
8924
8925
8925
8927
8931
8934
8935
8936
8936
8939
8939
8940
8940
8941
8942
8943
8943
8944
8946
8947
8947
8952
8953
8953
8954
8955
8956
8956
8956
8958
8963
8963
8966
8966
8968
8968
8970
8970
8975
8976
8976
8976
8978
8978
8979
8980
8980
8980
8982
8983
8984
8988
8989
8990
8991
8994
8994
8995
8995
8997
8997
8997
8998
8998
8999
8999
9000
9001
9001
9003
9004
9004
9005
9006
9007
9008
9009
9010
9010
9014
9015
9016
9019
9020
9020
9021
9024
9024
9025
9026
9026
9026
9029
9030
9031
9036
9037
9038
9038
9039
9039
9040
9041
9042
9043
9043
9043
9044
9045
9046
9047
9049
9049
9051
9053
9053
9055
9055
9055
9058
9058
9059
9060
9061
9062
9062
9062
9063
9067
9067
9067
9068
9068
9069
9069
9070
9073
9073
9073
9074
9075
9075
9077
9078
9079
9080
9081
9081
9084
9084
9088
9089
9090
9092
9095
9096
9100
9103
9103
9103
9104
9111
9112
9112
9114
9114
9115
9115
9116
9118
9119
9120
9120
9121
9123
9124
9124
9125
9126
9126
9126
9126
9128
9128
9128
9128
9130
9131
9131
9132
9132
9133
9134
9135
9139
9140
9142
9142
9142
9144
9144
9145
9147
9149
9150
9150
9152
9154
9156
9157
9157
9159
9159
9159
9162
9165
9165
9165
9167
9167
9168
9169
9170
9172
9173
9173
9173
9174
9174
9174
9176
9177
9177
9178
9179
9180
9180
9181
9183
9184
9185
9185
9186
9186
9187
9189
9191
9191
9192
9193
9193
9194
9195
9196
9198
9199
9199
9199
9200
9201
9201
9202
9202
9202
9204
9204
9205
9205
9206
9206
9207
9209
9210
9210
9213
9214
9215
9215
9216
9217
9218
9220
9222
9222
9223
9224
9225
9226
9228
9233
9233
9234
9236
9239
9239
9240
9241
9241
9242
9243
9244
9247
9248
9251
9252
9253
9253
9253
9253
9254
9255
9255
9256
9257
9257
9258
9259
9260
9262
9262
9263
9263
9265
9265
9266
9266
9267
9267
9267
9268
9268
9268
9269
9270
9271
9271
9272
9273
9274
9275
9277
9277
9278
9278
9278
9279
9279
9279
9280
9281
9282
9282
9282
9282
9283
9284
9287
9287
9288
9288
9289
9289
9289
9291
9292
9293
9293
9293
9294
9294
9295
9298
9298
9298
9300
9300
9301
9301
9302
9305
9305
9307
9309
9310
9310
9310
9313
9316
9317
9327
9331
9332
9332
9333
9333
9333
9335
9335
9336
9336
9337
9338
9339
9340
9340
9340
9342
9342
9344
9346
9346
9346
9346
9347
9347
9348
9348
9349
9349
9350
9350
9352
9352
9354
9355
9356
9356
9357
9357
9357
9357
9360
9360
9362
9363
9367
9369
9370
9371
9373
9375
9377
9377
9377
9379
9380
9383
9383
9383
9383
9384
9385
9385
9386
9386
9387
9387
9389
9393
9393
9395
9395
9396
9396
9397
9397
9398
9398
9398
9398
9399
9399
9402
9403
9405
9406
9406
9408
9409
9410
9410
9412
9416
9416
9416
9416
9418
9419
9419
9419
9420
9421
9421
9423
9423
9425
9425
9425
9427
9428
9428
9431
9431
9434
9435
9437
9437
9438
9439
9439
9440
9441
9443
9444
9445
9446
9447
9447
9448
9450
9453
9454
9456
9458
9459
9460
9460
9460
9462
9464
9467
9467
9467
9469
9470
9473
9473
9474
9474
9475
9475
9476
9479
9481
9482
9483
9483
9483
9484
9487
9487
9487
9488
9488
9488
9489
9489
9491
9491
9492
9492
9493
9493
9493
9494
9494
9496
9496
9497
9499
9503
9504
9506
9507
9508
9508
9508
9508
9511
9511
9513
9515
9515
9517
9517
9517
9518
9519
9519
9520
9521
9521
9522
9522
9523
9524
9525
9526
9527
9528
9531
9533
9533
9533
9533
9538
9539
9541
9544
9545
9547
9547
9548
9548
9549
9551
9551
9553
9553
9555
9556
9557
9557
9558
9558
9559
9559
9561
9561
9562
9563
9563
9565
9566
9569
9570
9571
9571
9572
9573
9577
9580
9580
9581
9582
9583
9583
9584
9585
9586
9586
9586
9586
9588
9589
9589
9590
9590
9592
9592
9592
9593
9593
9593
9593
9594
9594
9595
9596
9598
9598
9598
9599
9603
9606
9606
9607
9608
9609
9610
9611
9611
9611
9612
9613
9614
9614
9614
9615
9617
9618
9619
9619
9620
9620
9621
9621
9621
9623
9623
9624
9625
9625
9626
9628
9629
9629
9629
9630
9630
9631
9632
9633
9633
9633
9635
9635
9635
9638
9641
9642
9644
9644
9645
9650
9650
9650
9651
9652
9653
9653
9653
9654
9654
9655
9655
9660
9662
9664
9665
9665
9665
9666
9667
9668
9668
9670
9671
9672
9672
9672
9679
9680
9680
9681
9682
9682
9683
9683
9684
9684
9685
9689
9690
9691
9693
9693
9694
9695
9695
9696
9697
9698
9698
9699
9700
9700
9701
9702
9703
9703
9704
9706
9708
9709
9709
9709
9710
9710
9710
9710
9711
9711
9711
9711
9712
9712
9713
9714
9714
9715
9718
9718
9719
9719
9719
9720
9721
9722
9724
9724
9726
9727
9727
9728
9729
9730
9730
9735
9735
9735
9737
9737
9738
9738
9739
9740
9741
9742
9743
9744
9745
9748
9752
9752
9754
9755
9757
9759
9760
9762
9764
9765
9766
9767
9767
9767
9768
9769
9769
9770
9770
9771
9771
9772
9772
9772
9775
9776
9778
9780
9780
9784
9785
9785
9785
9787
9794
9794
9794
9795
9796
9796
9797
9800
9800
9801
9802
9802
9805
9806
9807
9807
9808
9810
9812
9812
9812
9814
9814
9815
9815
9816
9819
9821
9821
9821
9824
9825
9826
9828
9828
9828
9829
9830
9830
9831
9831
9831
9832
9833
9834
9835
9836
9837
9838
9839
9843
9847
9847
9847
9847
9848
9849
9850
9850
9851
9853
9854
9854
9855
9855
9857
9858
9858
9858
9859
9859
9861
9861
9861
9864
9864
9864
9865
9866
9867
9869
9870
9870
9871
9875
9877
9877
9877
9878
9878
9880
9881
9881
9885
9886
9887
9887
9888
9888
9890
9890
9890
9891
9893
9894
9897
9897
9898
9898
9899
9900
9903
9905
9905
9905
9908
9908
9908
9908
9910
9911
9912
9912
9913
9914
9914
9915
9915
9915
9916
9916
9916
9921
9921
9922
9923
9923
9923
9926
9932
9933
9934
9935
9938
9938
9940
9941
9942
9942
9944
9945
9945
9946
9948
9948
9948
9949
9950
9950
9952
9952
9953
9954
9956
9957
9960
9961
9963
9964
9964
9965
9969
9970
9970
9970
9971
9971
9972
9974
9975
9976
9977
9977
9979
9980
9980
9980
9982
9982
9982
9982
9985
9985
9988
9988
9989
9990
9993
9993
9995
9997
9998
9999
