2
2
5
6
7
8
10
11
12
13
13
14
15
16
18
19
19
19
20
21
21
22
22
23
24
25
30
32
32
32
33
34
34
38
39
40
40
43
45
46
48
49
51
52
54
54
55
55
57
57
60
60
64
64
66
67
68
69
71
73
73
73
75
77
78
79
80
81
82
83
83
84
85
85
85
85
86
86
87
88
89
89
89
91
92
93
93
93
98
98
99
99
100
100
101
101
103
104
104
105
106
107
108
109
110
111
112
113
114
117
117
117
118
120
120
121
122
123
123
125
128
129
129
129
130
130
130
130
131
132
134
137
139
139
139
140
141
141
142
142
142
144
146
148
149
149
150
152
154
159
159
160
160
160
161
161
162
163
163
164
166
166
167
172
174
175
178
179
180
182
184
185
185
186
188
190
190
192
193
195
195
196
197
198
198
200
200
201
203
203
205
207
210
215
215
216
216
217
220
220
220
220
221
221
223
225
225
227
227
229
230
231
232
233
234
234
235
236
237
237
237
237
238
239
239
240
242
243
243
244
252
253
254
255
256
257
257
257
258
258
259
262
263
264
265
265
267
271
271
272
274
275
275
276
277
278
279
281
282
283
284
286
287
288
291
292
293
293
293
294
294
295
295
295
296
296
296
296
297
298
298
300
302
303
305
306
307
308
308
309
309
311
311
312
312
312
313
314
317
317
318
318
319
322
326
326
326
327
327
328
332
332
335
337
337
338
338
342
345
346
347
347
348
348
349
350
351
351
352
353
354
355
355
355
355
356
360
364
365
366
366
370
370
372
373
374
375
376
377
378
379
380
381
382
382
384
385
387
388
388
389
389
390
390
390
391
391
392
394
395
395
396
396
398
400
401
402
403
404
406
406
408
409
412
412
412
413
415
415
417
417
419
419
419
420
421
423
423
424
424
425
427
428
428
428
430
431
431
434
435
435
435
435
437
437
438
438
438
438
439
439
440
441
441
441
441
441
442
443
445
445
446
447
448
449
450
451
454
454
454
455
455
455
456
456
457
457
457
457
458
460
462
463
463
464
465
467
468
469
471
472
473
473
474
474
475
478
480
480
481
481
482
482
484
484
488
488
490
491
491
491
493
494
494
495
496
496
496
498
498
498
498
498
501
502
504
506
507
507
507
508
508
508
508
510
512
513
514
514
516
516
517
518
518
521
521
526
527
528
529
529
530
530
531
533
533
535
536
536
537
537
538
538
538
540
541
541
543
544
544
545
547
549
551
552
553
553
557
557
557
559
561
561
562
562
563
563
564
565
566
567
568
568
569
569
570
570
573
573
575
575
576
579
582
583
583
583
585
587
588
588
591
592
593
593
593
593
594
596
597
599
600
600
600
603
603
604
606
607
607
608
608
609
610
610
610
610
611
611
614
615
615
615
615
618
619
619
620
621
622
626
626
627
628
629
629
629
629
630
631
632
635
635
635
637
637
638
638
639
641
642
643
644
644
647
650
650
653
654
654
656
656
657
658
658
659
661
663
663
664
665
667
667
668
670
670
671
672
674
676
676
677
678
679
680
680
681
681
682
683
683
685
685
687
690
690
691
692
693
693
693
694
695
695
697
698
698
698
698
700
703
704
705
708
709
709
709
710
710
711
712
716
717
717
718
719
719
719
719
720
720
723
724
726
727
727
728
728
728
729
729
729
730
731
734
735
736
739
739
740
740
741
743
743
744
747
748
749
750
751
752
752
753
756
756
757
757
758
759
765
765
766
766
768
768
768
770
774
775
778
778
779
779
785
787
788
789
790
790
794
795
795
795
796
796
798
799
800
800
800
803
804
806
807
807
809
809
809
810
811
811
812
815
815
816
816
816
817
818
820
822
825
825
826
826
826
827
827
828
829
830
831
832
834
837
838
838
839
839
841
842
842
842
843
844
844
844
845
847
847
848
849
850
851
852
852
855
855
855
856
857
857
858
858
859
860
860
861
862
863
864
865
866
866
867
867
868
870
871
873
874
877
877
878
879
879
880
881
881
884
885
886
887
888
889
891
891
899
900
901
902
902
903
903
904
904
906
908
910
911
912
912
913
913
914
915
915
917
917
918
920
920
920
921
921
922
927
927
929
929
931
933
933
934
935
935
936
937
937
938
938
938
939
939
940
940
941
941
942
944
945
947
947
949
949
955
956
957
957
957
958
960
962
964
966
966
967
969
970
972
972
973
974
975
977
978
979
979
980
982
985
986
987
987
987
989
990
991
993
993
993
994
994
997
997
998
999
1001
1001
1002
1003
1005
1005
1009
1009
1010
1013
1016
1016
1019
1019
1020
1021
1022
1022
1022
1022
1023
1023
1024
1024
1028
1028
1028
1029
1030
1030
1031
1033
1034
1034
1037
1037
1037
1038
1038
1038
1041
1042
1044
1044
1045
1045
1047
1049
1049
1050
1051
1052
1053
1053
1053
1054
1054
1055
1056
1058
1058
1060
1061
1061
1062
1063
1066
1068
1068
1070
1074
1075
1075
1076
1077
1077
1079
1079
1079
1080
1081
1082
1082
1083
1085
1086
1086
1087
1088
1089
1089
1093
1093
1093
1094
1094
1096
1098
1098
1101
1101
1101
1101
1101
1105
1105
1105
1105
1106
1107
1108
1109
1110
1110
1113
1113
1114
1118
1119
1119
1120
1120
1121
1123
1123
1125
1125
1127
1128
1132
1132
1132
1132
1135
1135
1135
1136
1137
1138
1139
1139
1140
1141
1142
1143
1144
1144
1144
1145
1145
1147
1149
1151
1152
1152
1154
1155
1155
1155
1157
1157
1158
1159
1160
1162
1162
1162
1163
1163
1166
1167
1168
1168
1169
1169
1169
1170
1170
1171
1172
1172
1173
1174
1174
1175
1177
1177
1178
1179
1180
1181
1181
1185
1186
1187
1187
1187
1192
1192
1193
1193
1195
1195
1196
1196
1197
1199
1199
1199
1199
1200
1201
1202
1202
1205
1206
1206
1206
1207
1209
1211
1212
1213
1213
1216
1217
1218
1220
1224
1224
1225
1225
1228
1230
1232
1234
1234
1234
1235
1235
1235
1235
1235
1235
1236
1241
1242
1242
1246
1249
1249
1249
1250
1252
1252
1252
1253
1254
1255
1256
1256
1258
1262
1263
1265
1265
1265
1265
1266
1266
1267
1267
1269
1270
1273
1274
1277
1279
1282
1282
1284
1285
1287
1288
1290
1291
1291
1291
1292
1292
1292
1293
1295
1296
1297
1301
1303
1304
1305
1306
1307
1309
1309
1311
1312
1315
1315
1316
1317
1317
1318
1320
1322
1322
1322
1322
1324
1325
1325
1326
1327
1327
1328
1330
1332
1332
1333
1333
1336
1337
1338
1339
1340
1341
1342
1343
1343
1344
1345
1346
1347
1348
1350
1351
1352
1353
1353
1354
1356
1356
1357
1358
1362
1362
1364
1365
1365
1366
1366
1367
1367
1368
1368
1368
1370
1372
1375
1375
1376
1378
1378
1379
1379
1381
1381
1382
1383
1384
1385
1386
1389
1389
1390
1392
1392
1393
1393
1394
1395
1396
1396
1398
1398
1399
1401
1403
1405
1408
1409
1410
1412
1413
1414
1414
1414
1414
1418
1419
1419
1419
1420
1422
1422
1424
1424
1425
1426
1427
1427
1427
1432
1432
1434
1434
1435
1440
1441
1441
1442
1447
1447
1447
1448
1448
1451
1452
1453
1454
1454
1456
1456
1456
1458
1458
1461
1462
1463
1466
1467
1467
1470
1471
1474
1474
1475
1475
1476
1478
1481
1482
1483
1483
1483
1483
1485
1486
1487
1488
1488
1489
1490
1490
1491
1492
1492
1492
1493
1495
1495
1495
1495
1497
1497
1501
1501
1504
1504
1504
1506
1506
1507
1507
1508
1511
1511
1512
1512
1514
1514
1517
1521
1522
1523
1523
1523
1524
1525
1526
1526
1528
1529
1529
1529
1530
1530
1534
1537
1537
1540
1540
1541
1541
1542
1542
1546
1550
1553
1554
1555
1556
1556
1556
1557
1557
1558
1559
1559
1560
1560
1561
1562
1562
1565
1565
1567
1567
1568
1569
1571
1571
1574
1574
1574
1574
1577
1577
1578
1578
1579
1580
1582
1582
1582
1583
1583
1586
1587
1588
1590
1591
1591
1592
1595
1596
1597
1597
1598
1598
1599
1600
1600
1601
1601
1602
1602
1603
1604
1605
1606
1606
1608
1611
1611
1612
1614
1619
1619
1619
1621
1623
1625
1625
1627
1628
1629
1631
1632
1633
1633
1633
1634
1634
1634
1636
1637
1639
1639
1639
1639
1640
1641
1642
1643
1643
1643
1645
1646
1646
1647
1647
1649
1649
1651
1652
1653
1653
1654
1654
1654
1654
1656
1656
1658
1661
1661
1666
1666
1667
1667
1667
1667
1668
1669
1670
1671
1672
1674
1675
1676
1677
1677
1678
1679
1679
1679
1679
1681
1681
1684
1685
1688
1688
1690
1691
1692
1693
1693
1696
1697
1697
1697
1698
1699
1700
1701
1702
1702
1702
1703
1705
1707
1708
1709
1710
1711
1712
1714
1716
1717
1718
1719
1719
1721
1721
1722
1725
1726
1727
1730
1731
1731
1732
1732
1732
1734
1734
1737
1737
1737
1738
1738
1738
1739
1740
1741
1742
1742
1743
1743
1743
1745
1746
1747
1749
1750
1751
1752
1754
1754
1755
1756
1758
1760
1762
1764
1764
1764
1765
1765
1766
1767
1767
1767
1767
1768
1770
1771
1771
1771
1771
1772
1772
1774
1775
1777
1777
1777
1778
1780
1781
1781
1783
1783
1783
1784
1785
1786
1787
1787
1788
1789
1790
1790
1793
1793
1793
1793
1793
1793
1795
1797
1801
1801
1805
1805
1805
1806
1806
1807
1807
1808
1808
1808
1808
1810
1812
1813
1814
1815
1815
1817
1821
1821
1821
1823
1824
1824
1825
1825
1828
1831
1835
1836
1837
1837
1838
1840
1840
1841
1842
1842
1843
1844
1845
1846
1846
1846
1849
1849
1849
1850
1850
1853
1854
1854
1854
1854
1855
1856
1856
1856
1857
1858
1858
1859
1862
1863
1866
1866
1866
1867
1869
1870
1870
1872
1878
1878
1880
1881
1881
1881
1883
1885
1885
1887
1887
1887
1888
1888
1888
1889
1891
1895
1897
1897
1897
1897
1898
1900
1900
1902
1902
1903
1903
1904
1904
1906
1908
1909
1909
1910
1912
1913
1913
1914
1915
1916
1916
1916
1917
1917
1920
1921
1921
1922
1922
1923
1924
1926
1928
1928
1930
1930
1930
1930
1931
1931
1931
1932
1933
1933
1933
1934
1934
1935
1935
1935
1935
1937
1937
1940
1940
1940
1945
1945
1946
1948
1949
1950
1951
1951
1952
1952
1955
1956
1957
1957
1958
1958
1958
1960
1965
1966
1966
1966
1967
1968
1970
1971
1973
1973
1974
1976
1976
1976
1976
1977
1977
1978
1978
1978
1980
1980
1981
1985
1986
1986
1987
1987
1988
1990
1990
1990
1991
1993
1993
1994
1995
1996
1996
1998
1998
1998
2000
2000
2001
2003
2004
2004
2005
2006
2007
2009
2010
2011
2014
2015
2019
2023
2025
2025
2026
2026
2027
2027
2028
2029
2029
2029
2031
2033
2033
2033
2035
2036
2043
2045
2045
2046
2046
2046
2048
2050
2050
2050
2050
2050
2052
2052
2055
2055
2056
2057
2061
2062
2063
2065
2066
2067
2069
2071
2073
2074
2075
2080
2083
2086
2086
2088
2089
2091
2091
2092
2093
2093
2095
2099
2099
2099
2101
2103
2103
2104
2105
2106
2109
2109
2111
2111
2112
2114
2116
2116
2117
2118
2123
2124
2125
2126
2126
2128
2128
2128
2129
2129
2129
2129
2129
2130
2131
2131
2131
2131
2131
2132
2133
2134
2136
2137
2139
2140
2140
2143
2144
2145
2145
2145
2145
2146
2147
2147
2148
2148
2150
2151
2152
2152
2154
2154
2155
2159
2159
2162
2162
2163
2164
2164
2164
2165
2166
2170
2171
2172
2172
2173
2178
2178
2179
2179
2180
2181
2181
2181
2182
2183
2185
2185
2186
2187
2188
2188
2189
2189
2190
2191
2193
2193
2193
2193
2194
2195
2195
2196
2196
2196
2197
2197
2198
2198
2201
2203
2203
2204
2204
2205
2205
2206
2206
2207
2208
2208
2208
2210
2210
2211
2213
2213
2213
2214
2216
2216
2217
2218
2219
2220
2220
2220
2221
2221
2222
2223
2224
2226
2226
2226
2227
2227
2228
2229
2229
2234
2236
2238
2238
2239
2239
2239
2242
2243
2244
2244
2244
2249
2249
2250
2250
2250
2251
2252
2253
2254
2255
2257
2257
2257
2259
2260
2261
2262
2262
2262
2264
2266
2266
2267
2268
2268
2268
2270
2272
2272
2273
2275
2275
2275
2276
2276
2276
2277
2278
2278
2280
2283
2285
2286
2287
2287
2288
2288
2288
2289
2290
2291
2292
2294
2296
2297
2297
2299
2300
2301
2302
2303
2303
2303
2304
2307
2307
2308
2310
2311
2311
2312
2312
2312
2315
2317
2318
2319
2319
2320
2321
2321
2321
2322
2323
2324
2325
2328
2330
2333
2333
2336
2337
2338
2339
2339
2340
2341
2342
2342
2343
2344
2345
2346
2347
2347
2348
2349
2349
2350
2350
2350
2352
2352
2353
2353
2354
2356
2357
2358
2359
2359
2360
2360
2361
2361
2363
2364
2365
2366
2366
2367
2367
2368
2369
2369
2371
2373
2374
2374
2374
2376
2376
2377
2378
2380
2380
2380
2380
2382
2382
2383
2383
2383
2386
2388
2389
2389
2389
2391
2392
2393
2393
2394
2394
2395
2396
2397
2397
2399
2401
2403
2411
2412
2412
2413
2414
2416
2416
2417
2417
2417
2418
2419
2422
2422
2423
2424
2424
2425
2426
2429
2430
2430
2431
2431
2431
2432
2434
2435
2435
2437
2438
2438
2439
2440
2441
2441
2442
2442
2444
2445
2446
2447
2448
2448
2448
2450
2450
2452
2453
2455
2457
2457
2459
2460
2460
2460
2461
2461
2463
2464
2464
2465
2466
2468
2473
2474
2475
2477
2477
2478
2479
2480
2481
2482
2483
2483
2486
2486
2486
2487
2489
2490
2490
2491
2492
2493
2494
2495
2499
2500
2502
2502
2504
2505
2506
2506
2507
2507
2508
2510
2511
2514
2515
2515
2515
2516
2516
2517
2517
2517
2517
2518
2518
2519
2520
2521
2521
2522
2523
2524
2524
2526
2527
2527
2528
2529
2529
2529
2530
2531
2532
2532
2533
2535
2537
2537
2540
2541
2542
2542
2543
2545
2545
2546
2548
2548
2550
2550
2553
2555
2555
2555
2556
2556
2556
2559
2560
2560
2560
2561
2561
2561
2562
2563
2563
2564
2565
2566
2566
2567
2570
2571
2571
2574
2574
2575
2578
2579
2580
2582
2584
2586
2587
2590
2590
2590
2591
2592
2593
2594
2594
2595
2596
2598
2598
2600
2600
2600
2602
2603
2604
2604
2605
2606
2607
2608
2609
2610
2611
2611
2612
2612
2613
2614
2615
2615
2616
2617
2617
2618
2618
2619
2619
2620
2620
2620
2621
2622
2623
2624
2624
2627
2629
2630
2631
2632
2633
2634
2634
2636
2637
2639
2639
2640
2640
2642
2642
2643
2644
2644
2644
2645
2647
2647
2647
2648
2650
2651
2651
2652
2652
2652
2654
2655
2655
2655
2656
2656
2657
2657
2657
2658
2658
2658
2661
2662
2663
2664
2665
2665
2667
2668
2670
2670
2672
2672
2674
2676
2676
2677
2677
2677
2677
2678
2679
2681
2682
2683
2685
2685
2687
2687
2688
2689
2691
2692
2692
2693
2695
2696
2697
2698
2698
2699
2699
2702
2702
2705
2705
2706
2706
2707
2710
2715
2717
2717
2718
2719
2720
2721
2722
2722
2722
2725
2725
2725
2726
2727
2728
2728
2730
2730
2731
2731
2734
2734
2735
2735
2736
2736
2738
2738
2739
2741
2741
2741
2742
2743
2743
2743
2743
2744
2744
2745
2746
2747
2748
2749
2753
2753
2753
2755
2755
2761
2762
2763
2765
2765
2765
2766
2769
2774
2775
2776
2777
2777
2778
2779
2780
2780
2780
2782
2782
2783
2784
2784
2785
2785
2785
2786
2787
2788
2789
2789
2790
2791
2792
2792
2792
2794
2794
2795
2796
2797
2798
2801
2801
2802
2803
2803
2803
2804
2804
2806
2806
2807
2807
2807
2808
2809
2810
2810
2810
2813
2813
2813
2816
2816
2817
2817
2818
2819
2819
2821
2821
2823
2823
2823
2823
2823
2824
2825
2825
2826
2827
2828
2828
2828
2829
2831
2832
2832
2833
2835
2836
2836
2837
2838
2838
2840
2840
2840
2840
2841
2842
2842
2842
2844
2845
2847
2847
2849
2851
2851
2852
2853
2854
2855
2856
2859
2859
2859
2861
2861
2862
2863
2863
2863
2866
2867
2868
2870
2870
2872
2872
2874
2875
2875
2875
2876
2876
2877
2877
2879
2882
2885
2886
2887
2887
2887
2892
2893
2893
2893
2894
2895
2896
2896
2896
2898
2901
2902
2903
2905
2906
2907
2907
2908
2908
2909
2911
2911
2911
2914
2914
2914
2914
2915
2916
2916
2917
2918
2918
2919
2919
2923
2924
2925
2925
2926
2927
2928
2929
2929
2930
2933
2935
2936
2936
2936
2937
2937
2938
2940
2942
2943
2944
2944
2945
2947
2949
2950
2950
2950
2951
2952
2952
2957
2957
2960
2962
2962
2963
2963
2965
2965
2966
2971
2971
2973
2973
2974
2974
2975
2975
2975
2977
2981
2981
2982
2982
2983
2984
2985
2985
2985
2985
2986
2987
2989
2991
2991
2992
2992
2994
2996
2997
2997
2997
2997
2997
2998
2998
2998
2999
2999
3002
3002
3002
3006
3006
3006
3008
3009
3009
3010
3010
3012
3013
3016
3017
3017
3017
3018
3019
3020
3021
3021
3021
3021
3021
3023
3023
3023
3023
3024
3025
3025
3025
3025
3025
3025
3026
3028
3028
3028
3029
3030
3031
3031
3031
3031
3032
3032
3032
3033
3034
3034
3034
3035
3035
3037
3038
3039
3040
3040
3042
3045
3046
3046
3047
3047
3048
3050
3050
3050
3051
3052
3053
3055
3056
3056
3057
3058
3059
3061
3061
3061
3062
3062
3062
3062
3063
3064
3066
3066
3067
3067
3067
3069
3071
3071
3071
3071
3072
3073
3074
3074
3074
3075
3075
3078
3081
3082
3083
3083
3084
3084
3085
3085
3086
3086
3087
3087
3089
3089
3090
3091
3091
3091
3091
3092
3092
3093
3095
3095
3095
3097
3098
3098
3099
3099
3101
3101
3102
3102
3104
3104
3105
3105
3105
3106
3106
3107
3108
3108
3111
3111
3113
3113
3114
3117
3117
3118
3118
3119
3120
3123
3124
3125
3128
3128
3128
3129
3129
3130
3130
3133
3134
3135
3136
3137
3137
3139
3140
3143
3144
3144
3145
3145
3145
3146
3148
3150
3150
3150
3150
3151
3152
3152
3153
3154
3155
3155
3158
3158
3161
3161
3162
3165
3166
3167
3167
3167
3167
3167
3169
3169
3169
3171
3171
3172
3172
3175
3175
3177
3178
3179
3180
3182
3182
3183
3185
3186
3186
3187
3187
3188
3190
3191
3191
3192
3194
3196
3197
3197
3198
3199
3199
3199
3200
3204
3205
3205
3206
3207
3207
3209
3209
3210
3213
3215
3217
3218
3218
3218
3219
3219
3221
3222
3222
3223
3224
3225
3225
3225
3226
3227
3228
3229
3230
3230
3231
3231
3231
3232
3233
3234
3235
3236
3237
3237
3237
3237
3238
3239
3240
3240
3240
3241
3243
3243
3243
3244
3245
3245
3246
3246
3247
3248
3249
3249
3250
3252
3255
3257
3257
3259
3259
3260
3261
3261
3261
3262
3263
3265
3265
3265
3267
3268
3270
3272
3272
3273
3273
3275
3275
3277
3278
3281
3281
3283
3283
3283
3284
3284
3285
3285
3285
3286
3287
3288
3289
3289
3290
3290
3290
3292
3293
3293
3294
3294
3295
3295
3295
3296
3297
3297
3299
3300
3301
3302
3304
3304
3305
3305
3306
3306
3308
3308
3309
3309
3312
3312
3313
3316
3316
3318
3318
3320
3321
3324
3324
3328
3328
3330
3331
3332
3332
3332
3332
3333
3336
3337
3337
3338
3339
3343
3343
3343
3343
3343
3344
3346
3346
3349
3352
3354
3355
3355
3356
3358
3358
3358
3359
3359
3360
3362
3362
3363
3364
3365
3367
3368
3369
3370
3370
3370
3371
3372
3372
3373
3374
3374
3374
3375
3378
3379
3380
3381
3382
3383
3383
3383
3386
3388
3389
3389
3390
3390
3391
3391
3394
3395
3395
3396
3396
3397
3400
3401
3403
3405
3406
3406
3406
3407
3409
3411
3414
3414
3414
3415
3416
3416
3417
3419
3421
3423
3423
3425
3425
3428
3430
3430
3431
3432
3433
3433
3435
3435
3435
3436
3436
3437
3438
3438
3440
3441
3442
3444
3449
3449
3450
3451
3451
3452
3452
3453
3455
3455
3459
3459
3460
3461
3461
3462
3462
3463
3463
3464
3465
3465
3465
3466
3466
3466
3467
3470
3472
3474
3477
3477
3478
3478
3479
3481
3481
3488
3488
3488
3489
3493
3493
3494
3494
3495
3499
3501
3502
3502
3504
3505
3505
3505
3506
3508
3512
3514
3514
3514
3515
3516
3517
3519
3519
3519
3520
3521
3521
3524
3526
3528
3530
3531
3531
3534
3534
3534
3536
3537
3537
3537
3538
3539
3542
3544
3545
3546
3547
3547
3547
3551
3551
3552
3554
3554
3556
3561
3562
3564
3564
3564
3567
3567
3568
3570
3574
3574
3575
3576
3576
3578
3579
3580
3580
3584
3586
3587
3589
3589
3592
3592
3592
3592
3594
3594
3595
3596
3596
3597
3598
3598
3601
3601
3602
3603
3604
3604
3604
3604
3605
3608
3609
3610
3610
3610
3615
3616
3617
3617
3618
3618
3618
3618
3619
3619
3619
3620
3621
3621
3621
3622
3622
3623
3625
3625
3626
3628
3629
3634
3635
3637
3637
3637
3640
3640
3643
3643
3644
3645
3645
3646
3646
3647
3647
3647
3649
3651
3651
3652
3652
3653
3654
3656
3656
3657
3658
3658
3663
3664
3664
3664
3666
3666
3667
3668
3668
3672
3673
3674
3674
3675
3675
3676
3676
3677
3678
3679
3680
3680
3680
3681
3682
3684
3685
3685
3690
3692
3694
3696
3697
3698
3699
3699
3700
3702
3704
3706
3709
3710
3710
3710
3711
3711
3715
3716
3718
3723
3724
3724
3726
3728
3730
3732
3732
3732
3732
3735
3735
3735
3735
3735
3737
3738
3739
3740
3740
3740
3741
3742
3744
3746
3746
3747
3747
3747
3748
3748
3748
3749
3749
3752
3752
3753
3754
3757
3757
3758
3758
3758
3758
3761
3762
3762
3762
3763
3763
3764
3765
3766
3766
3767
3768
3769
3769
3769
3771
3771
3771
3772
3773
3773
3774
3776
3776
3777
3778
3778
3778
3780
3781
3781
3781
3782
3783
3784
3785
3786
3787
3787
3789
3789
3790
3792
3793
3795
3795
3797
3799
3799
3800
3800
3800
3800
3801
3801
3802
3802
3802
3802
3804
3807
3807
3809
3810
3813
3813
3815
3816
3816
3819
3819
3820
3820
3820
3821
3822
3822
3823
3824
3824
3824
3826
3827
3833
3833
3835
3837
3837
3839
3841
3841
3842
3843
3846
3846
3848
3848
3848
3849
3849
3851
3852
3853
3855
3855
3856
3858
3859
3860
3861
3862
3862
3863
3863
3864
3864
3865
3866
3866
3866
3870
3870
3870
3872
3872
3874
3874
3875
3877
3878
3879
3880
3881
3882
3883
3884
3885
3885
3885
3886
3889
3889
3890
3890
3891
3892
3892
3893
3893
3894
3895
3897
3898
3899
3899
3900
3900
3901
3902
3902
3902
3903
3904
3907
3907
3908
3908
3908
3910
3910
3910
3910
3911
3912
3913
3914
3915
3915
3918
3918
3919
3920
3922
3922
3923
3923
3925
3926
3926
3930
3931
3932
3934
3935
3936
3936
3938
3938
3941
3942
3943
3944
3944
3947
3948
3948
3948
3951
3952
3954
3960
3960
3962
3963
3963
3964
3964
3965
3966
3967
3968
3968
3968
3970
3970
3972
3973
3974
3974
3975
3975
3975
3976
3976
3977
3977
3981
3982
3984
3985
3985
3986
3988
3990
3991
3992
3992
3993
3996
3999
4001
4002
4002
4003
4004
4007
4007
4007
4008
4009
4009
4014
4014
4015
4016
4018
4019
4019
4024
4027
4027
4030
4030
4030
4031
4032
4032
4032
4033
4033
4035
4036
4036
4036
4038
4040
4040
4041
4041
4041
4043
4044
4044
4047
4047
4048
4048
4049
4049
4049
4049
4052
4056
4058
4061
4063
4067
4067
4068
4068
4068
4069
4070
4070
4071
4071
4073
4076
4077
4077
4078
4080
4080
4080
4081
4081
4082
4082
4084
4089
4090
4090
4092
4092
4092
4093
4093
4095
4096
4097
4099
4100
4100
4102
4102
4103
4104
4104
4108
4109
4110
4111
4111
4112
4112
4113
4113
4113
4114
4118
4120
4120
4121
4121
4121
4121
4122
4123
4124
4126
4126
4128
4128
4129
4131
4131
4132
4133
4135
4135
4136
4136
4136
4136
4137
4138
4139
4139
4139
4140
4140
4141
4142
4142
4143
4143
4143
4144
4145
4146
4148
4148
4148
4149
4150
4150
4151
4151
4152
4153
4154
4154
4156
4156
4157
4158
4158
4162
4162
4164
4164
4166
4166
4167
4167
4167
4169
4170
4173
4173
4174
4175
4176
4177
4178
4179
4179
4181
4182
4183
4184
4185
4185
4185
4188
4188
4189
4190
4190
4191
4192
4193
4193
4194
4194
4194
4199
4199
4199
4201
4201
4202
4202
4205
4205
4206
4207
4207
4207
4208
4209
4210
4210
4210
4211
4212
4212
4215
4216
4217
4218
4218
4218
4218
4220
4220
4220
4222
4226
4226
4227
4227
4227
4229
4229
4229
4230
4230
4230
4232
4233
4235
4236
4236
4237
4238
4238
4238
4240
4240
4240
4242
4242
4245
4245
4245
4249
4249
4249
4250
4250
4253
4253
4254
4255
4256
4258
4259
4263
4264
4264
4266
4267
4267
4267
4267
4268
4270
4271
4272
4273
4276
4276
4278
4282
4282
4285
4287
4287
4289
4290
4290
4295
4297
4299
4304
4304
4304
4304
4305
4307
4308
4311
4313
4316
4321
4324
4324
4325
4325
4326
4327
4331
4331
4331
4335
4336
4338
4341
4341
4342
4344
4344
4348
4349
4350
4352
4354
4357
4357
4357
4358
4358
4361
4361
4361
4362
4362
4363
4365
4365
4366
4366
4368
4369
4370
4371
4371
4371
4372
4374
4375
4377
4377
4378
4379
4379
4380
4380
4381
4384
4384
4385
4386
4386
4391
4392
4392
4392
4393
4393
4393
4394
4395
4399
4401
4402
4403
4404
4405
4406
4407
4409
4410
4410
4412
4416
4418
4419
4419
4420
4420
4421
4425
4427
4430
4431
4432
4435
4436
4436
4437
4437
4437
4439
4440
4441
4444
4445
4446
4446
4446
4447
4448
4448
4450
4453
4453
4455
4455
4456
4457
4459
4459
4460
4462
4462
4463
4464
4464
4465
4466
4466
4466
4466
4469
4470
4470
4471
4472
4472
4472
4473
4474
4474
4475
4475
4478
4479
4480
4481
4483
4484
4484
4485
4485
4486
4487
4489
4490
4490
4490
4490
4491
4491
4495
4496
4496
4499
4499
4500
4500
4502
4503
4503
4503
4504
4504
4507
4507
4510
4510
4510
4514
4515
4515
4515
4517
4518
4519
4520
4521
4522
4522
4524
4525
4528
4530
4531
4532
4540
4543
4544
4544
4546
4549
4549
4550
4551
4552
4552
4552
4553
4554
4556
4557
4558
4559
4560
4562
4563
4565
4565
4565
4566
4566
4567
4568
4568
4568
4569
4569
4570
4570
4572
4573
4574
4576
4577
4577
4578
4579
4580
4580
4581
4583
4584
4584
4585
4587
4588
4588
4588
4589
4589
4589
4592
4594
4594
4596
4597
4600
4602
4603
4606
4607
4608
4609
4610
4611
4613
4614
4615
4615
4617
4618
4619
4619
4622
4623
4623
4625
4625
4629
4631
4631
4633
4635
4636
4636
4637
4638
4640
4640
4640
4640
4643
4645
4646
4646
4646
4646
4647
4648
4649
4649
4652
4653
4653
4654
4655
4655
4656
4658
4659
4659
4660
4660
4660
4661
4663
4663
4664
4664
4666
4667
4668
4669
4669
4671
4671
4673
4674
4674
4675
4676
4677
4678
4679
4679
4680
4680
4680
4681
4682
4684
4686
4686
4687
4687
4687
4688
4689
4690
4690
4690
4692
4694
4697
4698
4701
4704
4705
4705
4707
4707
4707
4708
4708
4709
4709
4709
4709
4714
4714
4714
4716
4716
4717
4717
4718
4719
4719
4720
4721
4723
4723
4725
4725
4726
4726
4729
4732
4733
4735
4735
4736
4737
4738
4740
4740
4741
4742
4744
4744
4744
4745
4747
4747
4749
4749
4750
4751
4752
4753
4753
4754
4755
4756
4757
4758
4758
4760
4760
4761
4762
4762
4762
4763
4764
4765
4766
4771
4771
4771
4771
4772
4772
4774
4777
4777
4778
4778
4778
4780
4780
4780
4781
4781
4782
4782
4782
4785
4786
4786
4787
4788
4789
4793
4796
4797
4798
4798
4802
4802
4803
4804
4804
4806
4806
4807
4808
4808
4809
4810
4813
4813
4816
4817
4817
4819
4819
4819
4819
4822
4823
4824
4824
4825
4825
4826
4827
4827
4828
4828
4829
4830
4831
4831
4832
4834
4835
4836
4838
4839
4839
4840
4840
4842
4844
4849
4849
4850
4850
4851
4852
4853
4853
4854
4855
4857
4858
4860
4862
4862
4865
4865
4866
4867
4868
4868
4869
4870
4873
4874
4875
4875
4880
4881
4881
4881
4884
4884
4886
4887
4888
4888
4889
4889
4890
4891
4891
4892
4892
4892
4894
4894
4895
4896
4896
4898
4899
4900
4900
4902
4904
4904
4904
4904
4905
4906
4907
4907
4908
4911
4912
4913
4914
4914
4914
4917
4920
4924
4926
4926
4927
4928
4930
4931
4931
4932
4938
4938
4939
4940
4940
4941
4943
4944
4945
4945
4946
4946
4947
4949
4950
4953
4954
4955
4955
4956
4956
4956
4956
4957
4958
4959
4959
4960
4960
4960
4960
4961
4961
4962
4962
4962
4964
4964
4965
4966
4967
4967
4967
4968
4968
4970
4971
4973
4974
4974
4974
4975
4977
4977
4977
4977
4981
4982
4984
4985
4985
4987
4988
4988
4990
4990
4991
4992
4993
4994
4995
4995
4995
4996
4996
4998
4998
4999
4999
5003
5003
5003
5004
5004
5005
5005
5006
5006
5009
5009
5011
5016
5016
5017
5019
5019
5020
5021
5021
5026
5026
5026
5026
5027
5028
5028
5029
5029
5031
5036
5037
5039
5040
5040
5041
5041
5043
5043
5044
5044
5044
5044
5044
5044
5045
5045
5046
5046
5047
5049
5049
5051
5052
5052
5053
5054
5055
5056
5056
5062
5063
5063
5064
5070
5070
5070
5070
5071
5075
5075
5076
5076
5076
5079
5081
5081
5082
5083
5083
5084
5085
5090
5090
5091
5091
5092
5092
5093
5094
5095
5095
5096
5098
5098
5099
5103
5104
5104
5105
5107
5108
5110
5110
5110
5111
5112
5112
5113
5115
5115
5116
5116
5118
5119
5120
5120
5121
5123
5123
5126
5126
5127
5128
5128
5128
5129
5130
5131
5131
5132
5132
5132
5133
5133
5133
5133
5133
5133
5133
5135
5136
5136
5137
5137
5140
5140
5141
5141
5142
5143
5144
5144
5145
5145
5145
5146
5146
5146
5148
5149
5151
5151
5151
5153
5157
5157
5159
5160
5160
5160
5161
5162
5163
5163
5163
5164
5164
5164
5165
5166
5168
5169
5173
5173
5175
5176
5178
5179
5180
5184
5184
5184
5185
5185
5186
5186
5186
5186
5188
5188
5189
5191
5192
5192
5194
5196
5197
5197
5199
5200
5200
5202
5202
5204
5204
5205
5207
5208
5208
5209
5209
5209
5210
5214
5214
5214
5218
5218
5220
5220
5223
5224
5226
5229
5229
5229
5231
5232
5232
5232
5233
5234
5234
5235
5235
5235
5236
5237
5238
5238
5239
5241
5244
5245
5246
5247
5247
5250
5252
5252
5252
5254
5255
5255
5256
5259
5260
5260
5262
5262
5262
5263
5263
5263
5263
5264
5264
5269
5269
5271
5271
5272
5272
5274
5276
5276
5278
5282
5282
5282
5285
5285
5288
5288
5288
5288
5289
5289
5289
5292
5294
5294
5294
5294
5295
5296
5296
5300
5301
5301
5304
5304
5305
5308
5308
5309
5311
5313
5313
5313
5314
5315
5318
5320
5323
5325
5326
5329
5330
5331
5334
5335
5336
5337
5339
5340
5344
5345
5346
5346
5347
5348
5348
5348
5349
5350
5350
5350
5351
5355
5355
5356
5357
5358
5358
5358
5363
5364
5364
5364
5365
5368
5368
5370
5371
5371
5372
5373
5373
5373
5376
5377
5379
5380
5381
5381
5382
5383
5383
5384
5384
5389
5390
5391
5392
5393
5396
5397
5398
5400
5401
5406
5406
5407
5407
5409
5411
5412
5412
5412
5412
5413
5415
5416
5417
5418
5419
5423
5427
5427
5430
5430
5431
5433
5433
5433
5438
5439
5440
5440
5443
5444
5448
5449
5451
5451
5452
5454
5455
5455
5456
5458
5461
5463
5464
5465
5468
5468
5469
5469
5470
5471
5471
5472
5472
5474
5475
5476
5477
5479
5480
5481
5483
5487
5487
5488
5488
5490
5491
5491
5491
5491
5493
5494
5495
5495
5496
5496
5497
5499
5499
5499
5500
5501
5501
5507
5508
5508
5511
5511
5512
5513
5514
5515
5518
5518
5518
5522
5522
5523
5523
5526
5526
5526
5531
5531
5534
5534
5535
5535
5537
5539
5539
5539
5541
5541
5541
5543
5543
5544
5545
5545
5546
5551
5552
5553
5555
5557
5559
5560
5561
5561
5561
5563
5563
5564
5566
5566
5567
5568
5568
5568
5568
5570
5570
5571
5571
5572
5574
5574
5575
5575
5578
5578
5582
5582
5583
5588
5591
5592
5592
5593
5593
5596
5596
5596
5598
5598
5599
5600
5600
5602
5602
5603
5604
5604
5609
5609
5609
5610
5610
5612
5613
5613
5613
5619
5619
5620
5620
5620
5621
5622
5622
5623
5624
5624
5625
5627
5628
5628
5629
5630
5631
5632
5632
5632
5632
5633
5635
5636
5639
5639
5639
5640
5640
5640
5642
5643
5644
5645
5647
5647
5647
5648
5648
5649
5650
5651
5653
5654
5655
5655
5655
5657
5658
5658
5658
5659
5659
5659
5660
5662
5662
5662
5662
5665
5666
5667
5668
5668
5668
5668
5670
5670
5673
5673
5674
5677
5679
5679
5679
5679
5680
5682
5682
5683
5683
5687
5687
5688
5691
5691
5691
5693
5694
5694
5695
5697
5699
5699
5700
5701
5703
5703
5704
5704
5705
5706
5709
5710
5711
5711
5711
5711
5712
5714
5714
5715
5716
5716
5716
5717
5717
5718
5719
5719
5719
5720
5722
5722
5722
5723
5727
5729
5729
5729
5730
5735
5736
5737
5739
5739
5739
5740
5741
5741
5743
5743
5745
5745
5749
5750
5751
5752
5752
5754
5757
5757
5758
5759
5759
5759
5767
5768
5769
5769
5770
5770
5771
5772
5775
5776
5778
5779
5779
5780
5781
5782
5782
5783
5784
5784
5784
5785
5785
5785
5786
5786
5790
5790
5790
5791
5791
5792
5792
5793
5795
5795
5796
5797
5800
5801
5801
5803
5804
5807
5808
5808
5809
5812
5812
5812
5813
5813
5814
5815
5815
5816
5822
5823
5823
5823
5824
5825
5825
5826
5827
5830
5830
5831
5831
5832
5834
5834
5835
5835
5837
5838
5839
5839
5839
5839
5839
5840
5841
5842
5842
5842
5843
5843
5844
5847
5848
5848
5848
5849
5849
5849
5851
5851
5851
5854
5855
5856
5857
5858
5858
5859
5861
5862
5862
5862
5863
5864
5864
5865
5865
5866
5868
5868
5869
5870
5870
5870
5870
5871
5874
5876
5877
5877
5877
5878
5878
5879
5881
5881
5881
5881
5881
5882
5883
5885
5886
5888
5888
5889
5890
5891
5891
5892
5892
5894
5895
5895
5896
5897
5898
5900
5901
5902
5902
5906
5908
5908
5909
5910
5910
5911
5913
5914
5914
5914
5915
5917
5918
5918
5919
5919
5921
5921
5921
5923
5924
5924
5925
5925
5927
5928
5928
5929
5929
5929
5930
5933
5933
5936
5941
5941
5942
5943
5943
5944
5945
5945
5945
5945
5946
5947
5950
5952
5952
5952
5953
5955
5955
5957
5960
5960
5961
5962
5963
5964
5966
5966
5966
5968
5968
5969
5969
5970
5972
5973
5973
5974
5975
5976
5977
5978
5978
5979
5979
5981
5982
5983
5984
5984
5984
5987
5987
5988
5989
5990
5991
5991
5993
5994
5995
5995
5995
5996
5996
5997
5997
5997
5998
6004
6006
6006
6008
6010
6010
6011
6013
6013
6015
6016
6016
6016
6016
6020
6021
6022
6024
6024
6025
6026
6027
6027
6029
6031
6031
6032
6033
6035
6035
6036
6038
6039
6040
6041
6042
6042
6044
6045
6046
6048
6049
6049
6049
6051
6051
6051
6053
6054
6054
6055
6055
6056
6056
6057
6057
6059
6059
6062
6066
6068
6069
6070
6072
6074
6075
6076
6077
6077
6077
6077
6078
6078
6079
6080
6081
6081
6082
6082
6087
6088
6088
6089
6089
6090
6090
6091
6091
6094
6094
6094
6094
6096
6097
6101
6102
6105
6105
6108
6109
6111
6111
6113
6114
6116
6116
6116
6117
6117
6117
6117
6118
6120
6120
6121
6121
6122
6123
6123
6127
6127
6129
6129
6130
6131
6133
6133
6134
6135
6136
6136
6137
6137
6138
6140
6140
6146
6146
6146
6146
6147
6147
6148
6148
6150
6151
6154
6154
6156
6157
6158
6158
6161
6164
6165
6165
6168
6169
6172
6172
6172
6173
6174
6175
6176
6177
6178
6180
6183
6183
6187
6190
6191
6193
6196
6196
6197
6197
6197
6198
6200
6200
6200
6203
6203
6207
6207
6207
6207
6208
6209
6210
6213
6213
6214
6214
6216
6216
6216
6216
6219
6223
6226
6226
6226
6227
6227
6228
6228
6231
6234
6234
6237
6237
6238
6238
6238
6238
6239
6239
6240
6241
6244
6244
6245
6245
6246
6246
6248
6252
6253
6253
6254
6255
6256
6257
6258
6259
6259
6260
6261
6261
6262
6263
6264
6265
6266
6267
6269
6270
6270
6272
6273
6273
6273
6274
6274
6274
6275
6277
6279
6281
6283
6283
6284
6284
6284
6285
6286
6286
6287
6288
6288
6291
6293
6294
6295
6295
6295
6296
6302
6302
6303
6304
6305
6308
6308
6311
6312
6314
6316
6316
6318
6318
6319
6320
6321
6321
6321
6321
6322
6323
6325
6326
6326
6329
6332
6333
6334
6335
6342
6342
6343
6344
6345
6346
6347
6349
6350
6350
6351
6352
6352
6352
6353
6354
6354
6357
6357
6358
6358
6359
6360
6360
6360
6361
6361
6363
6363
6363
6366
6368
6369
6370
6371
6371
6372
6372
6372
6376
6376
6376
6379
6380
6381
6382
6382
6383
6384
6384
6384
6386
6386
6387
6387
6389
6390
6390
6392
6392
6393
6393
6394
6397
6397
6398
6398
6399
6402
6402
6403
6403
6404
6406
6407
6409
6410
6412
6414
6414
6415
6416
6418
6426
6428
6428
6429
6430
6431
6432
6433
6434
6436
6437
6438
6438
6440
6441
6441
6441
6443
6443
6444
6445
6447
6447
6448
6450
6451
6454
6455
6455
6456
6459
6460
6460
6460
6462
6464
6466
6467
6467
6468
6470
6472
6473
6474
6474
6474
6476
6477
6483
6483
6484
6484
6485
6487
6487
6489
6491
6492
6492
6493
6494
6496
6497
6497
6497
6500
6501
6508
6512
6515
6515
6517
6519
6520
6520
6522
6522
6523
6523
6524
6529
6529
6533
6533
6535
6537
6537
6539
6540
6541
6542
6544
6546
6546
6547
6548
6548
6548
6548
6549
6550
6551
6552
6552
6552
6553
6553
6554
6554
6555
6555
6555
6555
6556
6556
6556
6557
6557
6560
6560
6560
6561
6561
6562
6563
6563
6564
6565
6567
6567
6568
6569
6569
6571
6571
6575
6576
6576
6578
6580
6580
6581
6582
6582
6583
6583
6584
6585
6586
6586
6586
6587
6589
6589
6589
6590
6591
6591
6593
6595
6597
6598
6602
6602
6603
6604
6606
6607
6609
6610
6613
6613
6615
6618
6618
6619
6622
6622
6622
6623
6623
6624
6624
6625
6626
6627
6627
6628
6629
6631
6633
6635
6636
6636
6637
6638
6639
6639
6640
6642
6643
6643
6644
6646
6649
6649
6650
6650
6650
6652
6652
6652
6653
6654
6654
6655
6656
6658
6660
6660
6660
6661
6662
6662
6663
6664
6664
6664
6666
6666
6666
6666
6667
6668
6672
6673
6674
6675
6675
6675
6678
6679
6679
6680
6681
6682
6683
6685
6688
6691
6691
6692
6694
6695
6695
6698
6698
6700
6702
6703
6703
6705
6705
6706
6708
6709
6710
6710
6711
6713
6714
6715
6715
6716
6717
6718
6719
6720
6720
6720
6721
6722
6723
6724
6724
6724
6724
6725
6727
6727
6730
6731
6731
6732
6733
6733
6733
6734
6735
6736
6738
6739
6740
6740
6740
6742
6743
6745
6746
6747
6747
6748
6748
6748
6749
6749
6750
6752
6752
6754
6755
6757
6758
6760
6760
6760
6761
6762
6762
6765
6765
6765
6766
6767
6768
6769
6771
6775
6775
6776
6777
6778
6779
6779
6780
6781
6781
6781
6781
6782
6783
6785
6786
6787
6788
6791
6791
6791
6791
6792
6794
6794
6796
6797
6797
6798
6800
6800
6802
6803
6804
6807
6807
6808
6811
6811
6813
6814
6818
6818
6818
6819
6819
6821
6823
6823
6824
6825
6827
6828
6828
6829
6830
6833
6833
6834
6834
6836
6838
6839
6840
6842
6843
6845
6846
6847
6848
6848
6850
6850
6850
6851
6851
6852
6853
6853
6854
6854
6854
6855
6857
6861
6862
6862
6862
6862
6862
6864
6864
6865
6867
6868
6869
6870
6870
6870
6871
6871
6872
6872
6874
6875
6877
6877
6877
6878
6878
6881
6881
6881
6882
6883
6885
6886
6893
6896
6896
6898
6899
6900
6900
6901
6901
6902
6903
6903
6903
6905
6905
6905
6905
6906
6906
6907
6908
6909
6909
6911
6914
6916
6917
6917
6919
6920
6920
6920
6921
6921
6921
6921
6922
6924
6924
6924
6924
6927
6928
6929
6930
6931
6933
6934
6935
6940
6940
6941
6941
6942
6942
6945
6945
6947
6948
6948
6949
6950
6952
6953
6955
6955
6957
6959
6960
6962
6962
6963
6964
6964
6965
6966
6966
6966
6968
6971
6971
6973
6977
6977
6979
6980
6980
6980
6981
6981
6982
6984
6984
6986
6987
6987
6989
6990
6990
6991
6991
6992
6992
6993
6994
6994
6994
6996
6997
6998
6999
7000
7003
7004
7006
7006
7006
7007
7007
7008
7009
7009
7010
7011
7012
7013
7013
7015
7016
7016
7017
7017
7019
7021
7022
7024
7024
7025
7025
7025
7025
7026
7028
7028
7029
7030
7031
7033
7033
7036
7037
7041
7043
7044
7044
7046
7046
7046
7048
7049
7053
7053
7055
7057
7058
7058
7058
7059
7059
7060
7060
7062
7062
7063
7063
7064
7065
7066
7067
7070
7071
7073
7073
7074
7074
7075
7076
7077
7078
7081
7081
7082
7084
7085
7086
7087
7088
7089
7089
7090
7091
7093
7094
7094
7095
7095
7098
7100
7100
7103
7103
7104
7104
7104
7105
7105
7106
7107
7110
7111
7111
7111
7113
7114
7117
7118
7118
7119
7119
7119
7121
7122
7122
7124
7124
7124
7128
7128
7129
7130
7130
7130
7132
7133
7135
7136
7137
7138
7138
7139
7143
7143
7144
7146
7146
7147
7147
7147
7147
7148
7149
7149
7149
7150
7152
7152
7152
7153
7153
7154
7154
7154
7155
7158
7158
7162
7162
7164
7165
7165
7166
7166
7167
7168
7168
7170
7170
7170
7170
7170
7171
7174
7175
7175
7176
7177
7183
7183
7184
7184
7185
7186
7186
7189
7189
7191
7191
7194
7195
7195
7196
7196
7196
7196
7197
7200
7201
7204
7205
7206
7206
7207
7207
7208
7209
7209
7211
7211
7212
7213
7213
7214
7215
7215
7217
7218
7220
7222
7223
7224
7225
7225
7225
7226
7226
7229
7229
7230
7231
7232
7233
7233
7233
7234
7235
7236
7237
7238
7238
7238
7239
7245
7245
7245
7246
7249
7249
7251
7251
7251
7252
7253
7256
7257
7258
7259
7259
7260
7261
7261
7262
7263
7263
7263
7265
7266
7266
7266
7271
7272
7272
7272
7273
7273
7274
7279
7280
7282
7284
7285
7285
7285
7287
7287
7288
7291
7293
7295
7298
7299
7299
7300
7301
7302
7304
7304
7305
7305
7305
7305
7306
7308
7308
7309
7312
7312
7313
7313
7314
7315
7315
7316
7316
7317
7317
7317
7320
7322
7322
7322
7323
7326
7328
7328
7329
7329
7332
7333
7335
7335
7336
7339
7339
7339
7340
7340
7341
7341
7342
7342
7343
7344
7346
7347
7347
7350
7350
7351
7352
7353
7353
7354
7355
7355
7356
7358
7359
7361
7362
7364
7366
7367
7367
7368
7370
7372
7372
7372
7373
7378
7379
7379
7379
7380
7381
7381
7381
7385
7385
7386
7386
7386
7387
7387
7389
7391
7392
7392
7395
7395
7396
7397
7397
7398
7399
7401
7401
7402
7407
7408
7410
7410
7414
7414
7416
7416
7416
7417
7418
7420
7420
7420
7420
7424
7424
7424
7426
7428
7429
7430
7430
7430
7434
7436
7437
7437
7437
7438
7440
7440
7440
7441
7443
7444
7444
7444
7445
7446
7447
7448
7450
7451
7451
7451
7453
7453
7455
7455
7457
7458
7458
7458
7458
7461
7462
7462
7463
7463
7465
7466
7467
7468
7468
7470
7471
7472
7474
7475
7475
7475
7476
7478
7478
7479
7480
7480
7482
7489
7489
7490
7492
7492
7492
7493
7493
7494
7494
7497
7499
7499
7500
7500
7501
7501
7502
7502
7502
7502
7504
7504
7504
7505
7505
7506
7506
7510
7510
7512
7513
7513
7514
7514
7514
7514
7516
7517
7518
7523
7524
7526
7526
7527
7528
7528
7531
7532
7533
7535
7538
7539
7539
7539
7540
7540
7542
7542
7544
7544
7547
7547
7547
7548
7549
7551
7551
7556
7556
7557
7560
7560
7560
7562
7563
7564
7565
7566
7567
7569
7573
7574
7575
7577
7580
7580
7581
7582
7582
7582
7584
7586
7588
7588
7589
7589
7591
7594
7594
7596
7597
7597
7597
7598
7599
7599
7599
7601
7603
7605
7605
7606
7607
7608
7608
7614
7615
7615
7616
7620
7620
7620
7620
7621
7621
7621
7621
7623
7623
7623
7624
7626
7626
7627
7627
7628
7630
7630
7631
7631
7633
7637
7637
7638
7638
7638
7638
7639
7639
7642
7643
7643
7643
7646
7650
7650
7651
7651
7652
7653
7654
7654
7655
7655
7656
7656
7657
7659
7661
7661
7662
7664
7665
7666
7667
7667
7668
7668
7669
7669
7670
7671
7672
7673
7677
7677
7678
7681
7682
7683
7684
7686
7687
7688
7688
7689
7693
7694
7695
7695
7697
7701
7701
7708
7708
7708
7709
7709
7709
7710
7711
7714
7716
7719
7719
7722
7723
7724
7724
7724
7725
7725
7725
7725
7725
7726
7729
7729
7729
7730
7732
7732
7733
7733
7734
7735
7736
7738
7740
7741
7741
7741
7741
7743
7745
7746
7748
7749
7749
7751
7751
7753
7754
7754
7756
7756
7756
7767
7767
7768
7768
7769
7771
7772
7772
7773
7776
7778
7779
7781
7783
7784
7784
7784
7786
7787
7788
7788
7790
7791
7793
7794
7796
7797
7800
7801
7801
7803
7804
7804
7804
7805
7807
7807
7808
7809
7810
7812
7813
7814
7814
7816
7816
7816
7817
7817
7817
7818
7819
7820
7821
7821
7822
7822
7822
7822
7823
7825
7825
7825
7825
7827
7828
7828
7828
7829
7830
7830
7831
7831
7832
7832
7832
7832
7832
7832
7833
7833
7833
7838
7840
7842
7842
7842
7842
7842
7843
7844
7844
7845
7845
7845
7847
7847
7847
7849
7851
7851
7852
7855
7858
7860
7862
7865
7865
7866
7866
7869
7870
7871
7871
7872
7872
7872
7874
7878
7879
7880
7880
7881
7883
7885
7886
7888
7889
7890
7891
7892
7893
7894
7895
7896
7897
7899
7899
7901
7901
7903
7903
7903
7905
7906
7906
7907
7907
7908
7908
7909
7910
7911
7911
7911
7912
7913
7913
7914
7915
7916
7916
7917
7918
7918
7921
7921
7922
7922
7924
7924
7924
7924
7926
7928
7928
7928
7929
7929
7930
7930
7931
7934
7935
7937
7937
7939
7939
7940
7940
7941
7942
7943
7945
7945
7945
7945
7948
7949
7949
7950
7951
7955
7956
7957
7957
7958
7958
7958
7960
7960
7962
7962
7962
7963
7963
7964
7965
7966
7967
7970
7972
7974
7978
7978
7978
7979
7979
7982
7985
7988
7990
7991
7994
7994
7995
7996
7996
7997
7997
7998
7999
8000
8002
8003
8004
8006
8006
8006
8007
8009
8009
8010
8011
8016
8016
8017
8017
8017
8018
8018
8019
8019
8021
8022
8022
8023
8024
8025
8026
8027
8028
8029
8031
8031
8032
8033
8033
8035
8035
8037
8038
8040
8043
8043
8044
8045
8046
8046
8047
8047
8049
8052
8053
8054
8054
8055
8057
8058
8058
8060
8060
8063
8065
8068
8069
8071
8072
8072
8073
8074
8075
8075
8076
8077
8077
8077
8077
8080
8080
8081
8081
8082
8082
8083
8088
8089
8089
8089
8090
8090
8092
8094
8095
8097
8099
8100
8101
8101
8101
8102
8102
8103
8107
8111
8111
8112
8113
8119
8121
8123
8123
8125
8126
8127
8128
8129
8130
8135
8135
8135
8136
8136
8137
8137
8139
8139
8145
8145
8147
8149
8150
8151
8152
8153
8154
8156
8158
8158
8159
8159
8161
8163
8164
8164
8165
8167
8170
8171
8172
8173
8174
8174
8174
8175
8176
8176
8179
8180
8180
8180
8181
8181
8182
8183
8183
8184
8185
8185
8186
8189
8190
8190
8191
8193
8195
8197
8197
8199
8199
8201
8201
8203
8203
8204
8206
8206
8206
8210
8210
8210
8213
8213
8214
8216
8216
8218
8219
8219
8223
8223
8224
8224
8225
8227
8228
8229
8230
8231
8232
8233
8234
8234
8234
8235
8236
8236
8237
8237
8238
8241
8242
8242
8243
8243
8244
8245
8247
8248
8248
8250
8255
8257
8257
8259
8259
8260
8260
8262
8262
8264
8265
8266
8268
8268
8269
8270
8271
8273
8273
8274
8275
8276
8276
8279
8282
8284
8287
8290
8290
8292
8292
8292
8293
8293
8296
8298
8298
8299
8302
8302
8303
8303
8305
8306
8307
8307
8308
8308
8309
8310
8312
8314
8314
8315
8316
8316
8317
8318
8318
8322
8322
8322
8322
8323
8324
8324
8325
8325
8326
8327
8328
8329
8332
8333
8335
8335
8335
8336
8336
8336
8337
8337
8338
8339
8339
8339
8340
8340
8341
8341
8344
8345
8345
8347
8348
8349
8350
8350
8350
8351
8351
8352
8352
8353
8353
8354
8357
8357
8358
8358
8360
8360
8362
8362
8363
8364
8364
8365
8366
8370
8371
8371
8372
8374
8376
8377
8377
8378
8378
8380
8381
8382
8382
8384
8384
8387
8388
8390
8391
8391
8391
8394
8397
8398
8399
8399
8399
8401
8402
8405
8405
8405
8407
8408
8408
8408
8410
8410
8410
8412
8412
8413
8413
8415
8415
8418
8419
8419
8421
8421
8421
8422
8422
8423
8423
8424
8424
8425
8426
8428
8428
8428
8429
8429
8429
8430
8430
8432
8432
8433
8433
8436
8438
8438
8439
8439
8440
8441
8443
8444
8444
8451
8452
8454
8454
8454
8455
8455
8458
8458
8458
8460
8464
8465
8466
8468
8468
8469
8469
8469
8470
8471
8472
8473
8473
8474
8474
8476
8476
8477
8478
8479
8480
8480
8482
8485
8485
8486
8488
8490
8491
8493
8493
8494
8496
8498
8499
8500
8500
8501
8503
8507
8510
8510
8515
8516
8517
8517
8519
8520
8521
8521
8523
8524
8524
8524
8525
8528
8531
8531
8531
8531
8531
8532
8532
8533
8533
8534
8536
8536
8536
8536
8538
8540
8540
8541
8541
8541
8541
8542
8543
8543
8544
8545
8546
8547
8550
8553
8554
8555
8555
8556
8558
8558
8559
8559
8559
8562
8563
8564
8565
8566
8566
8566
8567
8567
8571
8572
8574
8576
8577
8577
8577
8578
8579
8579
8581
8585
8592
8592
8593
8593
8594
8594
8595
8595
8597
8599
8601
8602
8604
8604
8607
8608
8609
8611
8612
8612
8613
8615
8617
8618
8618
8618
8620
8627
8628
8629
8629
8629
8630
8631
8632
8632
8633
8634
8635
8635
8637
8639
8639
8643
8643
8644
8644
8644
8645
8645
8647
8648
8649
8650
8650
8651
8651
8652
8653
8654
8654
8655
8657
8658
8661
8661
8661
8664
8665
8666
8669
8669
8669
8670
8670
8671
8671
8673
8673
8673
8674
8675
8675
8675
8675
8675
8676
8676
8676
8678
8679
8680
8680
8680
8680
8681
8682
8683
8683
8683
8685
8687
8691
8692
8696
8696
8698
8701
8702
8703
8705
8706
8706
8706
8709
8709
8711
8713
8713
8716
8716
8717
8717
8718
8718
8718
8719
8723
8724
8725
8725
8726
8729
8729
8730
8733
8734
8734
8735
8737
8737
8738
8738
8738
8741
8741
8742
8743
8743
8743
8745
8745
8747
8747
8749
8749
8750
8752
8754
8755
8756
8759
8764
8765
8765
8765
8766
8767
8767
8768
8768
8768
8769
8769
8770
8771
8771
8772
8775
8775
8776
8777
8777
8777
8777
8778
8778
8780
8781
8782
8783
8783
8784
8786
8787
8787
8788
8791
8792
8792
8793
8794
8794
8795
8797
8797
8798
8799
8800
8803
8803
8803
8804
8805
8806
8807
8807
8807
8808
8812
8813
8813
8814
8815
8818
8823
8826
8826
8826
8827
8827
8827
8827
8829
8830
8832
8834
8835
8835
8835
8835
8837
8838
8838
8838
8839
8839
8839
8839
8840
8844
8844
8845
8849
8851
8851
8853
8857
8858
8859
8862
8862
8863
8863
8865
8865
8866
8866
8867
8869
8870
8871
8872
8872
8875
8875
8877
8877
8880
8880
8880
8882
8882
8884
8884
8885
8885
8885
8888
8890
8892
8893
8896
8898
8899
8899
8899
8901
8901
8902
8902
8903
8903
8905
8905
8907
8907
8911
8912
8914
8915
8915
8915
8917
8918
8918
8919
8920
8923
8923
8924
8924
8926
8929
8929
8930
8931
8931
8932
8932
8932
8933
8934
8934
8935
8936
8936
8937
8938
8941
8942
8944
8946
8948
8951
8952
8953
8953
8954
8954
8956
8958
8960
8961
8962
8962
8963
8963
8963
8964
8965
8965
8965
8965
8966
8966
8967
8968
8968
8969
8971
8972
8975
8976
8976
8976
8977
8977
8978
8979
8979
8979
8980
8980
8980
8985
8985
8990
8990
8991
8992
8992
8993
8993
8994
8994
8994
8996
8997
8998
8998
8999
9000
9000
9002
9002
9003
9003
9004
9004
9004
9005
9005
9006
9007
9010
9010
9010
9012
9012
9013
9015
9015
9018
9019
9020
9021
9022
9023
9024
9024
9025
9027
9028
9029
9029
9029
9030
9032
9032
9032
9034
9034
9035
9036
9036
9038
9039
9039
9040
9040
9041
9041
9041
9041
9042
9042
9043
9044
9047
9049
9049
9050
9052
9053
9054
9055
9056
9057
9058
9060
9061
9061
9062
9064
9065
9065
9066
9066
9067
9067
9068
9068
9068
9068
9070
9071
9072
9072
9074
9074
9075
9075
9075
9076
9076
9077
9077
9081
9081
9082
9083
9085
9085
9089
9091
9094
9094
9095
9096
9096
9096
9096
9096
9097
9097
9097
9099
9099
9100
9101
9101
9102
9103
9103
9103
9104
9104
9104
9106
9107
9108
9109
9110
9115
9116
9117
9117
9120
9121
9122
9122
9122
9126
9126
9126
9126
9127
9127
9127
9127
9130
9131
9131
9132
9132
9139
9141
9143
9144
9144
9145
9146
9146
9146
9147
9149
9149
9153
9155
9156
9157
9159
9159
9159
9160
9161
9162
9162
9164
9165
9165
9166
9166
9166
9168
9171
9172
9174
9175
9176
9179
9179
9180
9182
9186
9186
9187
9189
9189
9191
9191
9198
9200
9202
9203
9204
9205
9205
9205
9205
9208
9209
9209
9211
9211
9212
9216
9216
9217
9217
9217
9217
9217
9218
9218
9219
9220
9221
9221
9221
9222
9223
9224
9226
9226
9227
9227
9228
9229
9231
9231
9232
9232
9233
9234
9235
9235
9235
9235
9237
9240
9241
9241
9241
9241
9241
9241
9242
9244
9244
9245
9245
9245
9247
9249
9249
9249
9250
9253
9253
9255
9255
9255
9256
9256
9258
9259
9262
9262
9265
9267
9269
9270
9271
9272
9274
9275
9276
9277
9277
9278
9278
9280
9280
9281
9282
9283
9283
9285
9287
9291
9292
9293
9295
9296
9297
9297
9298
9299
9299
9305
9305
9309
9310
9312
9312
9313
9314
9314
9315
9316
9316
9317
9318
9319
9321
9323
9323
9324
9325
9325
9326
9326
9327
9327
9328
9332
9332
9334
9335
9338
9338
9340
9340
9340
9341
9341
9342
9343
9343
9343
9344
9344
9344
9344
9344
9345
9345
9349
9350
9351
9351
9353
9355
9355
9355
9356
9356
9356
9356
9359
9359
9361
9361
9362
9364
9365
9366
9367
9367
9370
9372
9372
9374
9375
9375
9375
9379
9379
9381
9381
9382
9382
9383
9383
9387
9388
9389
9391
9393
9394
9396
9396
9396
9398
9399
9400
9401
9401
9402
9402
9402
9402
9403
9403
9403
9404
9404
9404
9405
9405
9405
9406
9408
9408
9412
9413
9413
9413
9414
9414
9415
9418
9418
9419
9419
9419
9420
9421
9421
9422
9422
9426
9428
9430
9432
9438
9439
9440
9441
9442
9442
9443
9444
9445
9446
9446
9447
9448
9451
9452
9452
9453
9453
9454
9457
9458
9459
9462
9463
9463
9467
9467
9467
9470
9470
9472
9473
9473
9474
9474
9477
9477
9480
9480
9480
9482
9482
9485
9487
9488
9488
9490
9490
9491
9491
9491
9494
9496
9496
9497
9499
9499
9500
9500
9502
9503
9504
9504
9504
9505
9506
9507
9508
9508
9510
9513
9513
9514
9515
9515
9516
9516
9517
9517
9518
9518
9518
9519
9519
9522
9522
9523
9524
9524
9525
9525
9525
9526
9526
9527
9529
9530
9531
9532
9533
9533
9534
9534
9536
9537
9538
9539
9539
9540
9541
9542
9543
9543
9547
9548
9548
9549
9551
9551
9551
9552
9552
9553
9553
9556
9556
9557
9558
9558
9560
9562
9564
9564
9566
9567
9569
9569
9569
9570
9570
9570
9571
9573
9573
9574
9574
9574
9575
9575
9576
9577
9577
9577
9578
9578
9580
9581
9582
9582
9583
9583
9584
9584
9585
9588
9588
9588
9589
9589
9589
9591
9591
9591
9592
9593
9594
9594
9596
9596
9597
9598
9598
9600
9601
9601
9601
9604
9604
9604
9605
9607
9608
9608
9609
9609
9609
9609
9612
9614
9615
9619
9620
9621
9623
9624
9624
9628
9630
9632
9633
9633
9634
9634
9635
9637
9637
9638
9638
9638
9639
9643
9643
9644
9647
9647
9647
9649
9651
9651
9652
9652
9652
9653
9654
9654
9654
9654
9655
9658
9659
9659
9660
9660
9661
9661
9661
9661
9662
9662
9663
9664
9664
9666
9668
9668
9669
9669
9670
9670
9670
9672
9673
9674
9674
9674
9674
9676
9677
9681
9682
9686
9687
9688
9688
9688
9689
9689
9691
9691
9692
9693
9693
9695
9696
9696
9697
9698
9700
9706
9706
9707
9709
9711
9713
9715
9716
9717
9718
9719
9720
9722
9723
9724
9724
9724
9725
9725
9725
9727
9728
9729
9729
9731
9733
9733
9733
9734
9734
9735
9737
9738
9738
9739
9739
9740
9741
9742
9742
9745
9746
9746
9747
9749
9750
9750
9751
9753
9754
9755
9756
9757
9759
9760
9761
9761
9762
9766
9768
9768
9770
9770
9770
9771
9771
9771
9772
9774
9776
9776
9777
9777
9777
9778
9778
9780
9780
9780
9780
9781
9785
9789
9789
9790
9794
9794
9796
9796
9798
9798
9800
9800
9802
9802
9803
9803
9804
9804
9804
9805
9806
9807
9807
9812
9812
9812
9812
9813
9813
9816
9816
9819
9819
9820
9820
9821
9821
9821
9822
9822
9823
9823
9823
9824
9826
9828
9829
9829
9829
9831
9831
9831
9831
9832
9832
9834
9835
9838
9838
9840
9840
9840
9840
9840
9841
9841
9841
9842
9842
9844
9845
9845
9846
9848
9848
9848
9849
9850
9850
9850
9850
9851
9851
9852
9852
9852
9853
9854
9855
9855
9856
9857
9857
9857
9861
9862
9863
9866
9866
9868
9869
9870
9872
9873
9874
9875
9876
9877
9879
9880
9880
9881
9883
9884
9885
9888
9888
9888
9889
9889
9891
9892
9893
9894
9894
9895
9895
9897
9899
9901
9901
9901
9901
9905
9908
9909
9910
9911
9913
9913
9916
9916
9916
9917
9917
9918
9918
9918
9919
9919
9923
9923
9924
9925
9925
9926
9926
9928
9931
9932
9933
9934
9935
9935
9936
9936
9938
9939
9940
9940
9940
9940
9942
9942
9944
9944
9945
9946
9947
9947
9951
9952
9953
9953
9953
9955
9956
9956
9956
9956
9957
9957
9958
9958
9959
9960
9961
9961
9962
9962
9963
9965
9965
9965
9969
9973
9974
9974
9975
9976
9980
9981
9982
9986
9989
9991
9991
9991
9992
9993
9995
9996
9996
9996
9998
9998
