0
0
0
0
2
2
7
7
8
8
10
12
13
13
14
17
17
18
19
20
21
22
24
26
27
33
34
34
35
35
36
37
40
41
42
42
43
43
45
45
45
46
46
47
48
50
50
51
51
52
52
52
55
56
57
57
57
59
59
59
60
60
61
61
61
63
64
64
64
67
70
72
75
75
76
77
77
77
80
81
81
85
86
87
87
87
89
89
89
92
92
92
92
93
93
93
97
97
97
98
99
99
100
102
102
102
103
107
108
111
111
115
115
115
115
116
117
119
119
120
121
122
122
123
124
124
125
127
129
134
135
136
136
137
137
138
138
138
140
142
142
145
146
147
148
148
149
150
150
150
150
151
152
153
154
155
156
157
160
160
160
163
163
166
167
169
170
174
175
178
178
178
179
183
186
186
186
188
189
190
190
191
191
192
193
193
194
194
194
195
196
196
196
196
199
199
200
202
202
204
206
207
208
209
210
211
211
212
212
212
213
215
216
216
217
219
222
222
224
224
224
225
225
225
226
226
229
229
232
234
234
235
236
237
237
237
237
239
241
242
244
245
245
245
247
247
248
249
250
250
251
252
253
254
255
255
255
256
256
258
259
259
262
263
264
264
266
266
266
267
268
270
272
273
273
274
275
275
276
276
277
278
279
279
280
280
280
281
286
288
289
290
290
291
291
293
295
296
298
298
298
298
299
303
304
305
305
306
307
311
312
312
313
313
314
314
314
315
315
316
317
317
317
318
320
321
321
325
325
326
327
329
329
330
330
330
330
332
332
333
333
334
334
335
335
336
339
339
339
340
340
343
343
344
344
345
345
346
347
348
349
351
353
355
356
356
356
357
358
358
359
360
361
365
365
366
369
369
369
369
370
373
374
374
374
374
374
375
376
376
377
377
378
379
380
380
380
382
382
383
383
384
384
385
386
386
386
387
387
389
391
391
392
394
395
395
396
396
397
399
399
401
402
404
406
407
408
409
409
409
411
411
411
415
415
416
416
416
416
417
418
418
419
420
420
420
422
422
422
428
430
430
430
431
431
433
436
436
438
438
438
438
440
442
443
443
445
445
445
445
445
448
448
449
451
452
452
453
456
456
456
456
457
460
461
461
462
463
464
464
464
464
465
466
467
469
469
470
471
471
472
473
474
475
476
478
481
481
482
483
483
484
487
491
492
493
493
494
497
498
498
499
499
502
502
503
503
505
505
506
507
507
507
509
510
511
512
514
515
517
519
521
521
521
524
524
525
527
527
529
529
530
530
532
532
535
537
539
539
539
539
540
540
541
542
542
542
542
542
545
548
548
549
551
554
556
560
560
560
561
561
561
565
565
567
569
569
572
574
575
577
578
578
578
580
581
581
581
581
582
584
584
584
585
585
586
586
586
586
588
588
588
589
596
597
599
600
601
602
602
604
604
608
609
610
610
612
612
613
616
618
618
620
621
622
624
624
624
626
627
628
629
629
629
633
633
633
635
635
636
637
637
637
638
640
641
642
643
644
644
644
650
650
650
651
652
653
653
654
655
657
658
660
661
664
664
667
667
668
672
672
674
677
678
681
682
683
683
684
685
685
687
688
689
690
691
691
692
693
694
695
697
698
700
701
701
702
705
706
708
710
711
711
712
713
714
715
715
715
716
716
717
719
719
721
721
722
722
723
725
725
725
725
727
727
727
728
729
729
733
733
734
736
736
736
737
738
738
738
739
739
740
741
742
742
742
743
743
744
744
744
745
745
745
747
748
748
749
750
752
754
754
755
756
758
758
759
761
761
761
762
763
767
771
772
774
774
775
775
776
779
779
779
781
783
783
783
784
787
787
787
790
792
792
794
795
795
795
795
798
798
799
801
802
803
803
804
804
804
804
804
805
805
806
806
807
808
809
809
809
810
812
812
813
814
816
816
817
819
819
820
821
822
825
825
826
828
828
828
828
828
830
832
833
835
835
835
838
838
840
840
841
842
845
845
846
849
849
849
850
851
851
851
852
853
854
854
855
857
858
859
859
861
862
862
863
863
864
866
867
869
869
870
871
871
872
873
874
875
876
876
877
878
878
882
883
883
883
884
887
888
888
889
889
889
889
891
892
892
892
895
896
896
901
901
902
906
908
909
909
910
910
913
913
913
913
914
915
917
917
921
925
925
927
927
928
929
931
931
932
938
938
938
939
939
941
943
944
944
945
947
948
950
950
951
951
953
953
953
954
954
955
956
956
957
957
957
958
960
961
961
961
962
963
966
966
966
967
968
969
969
970
970
971
971
971
973
975
975
978
978
979
980
982
983
984
984
985
985
985
986
988
988
988
988
990
990
990
991
991
991
992
993
994
995
996
998
999
999
999
1000
1002
1002
1002
1004
1007
1010
1012
1012
1013
1014
1016
1016
1017
1018
1018
1018
1019
1020
1022
1023
1025
1026
1027
1028
1029
1029
1030
1031
1031
1032
1032
1032
1033
1033
1033
1034
1034
1035
1035
1036
1036
1039
1042
1043
1043
1043
1044
1044
1045
1045
1046
1046
1047
1048
1049
1050
1051
1052
1053
1053
1053
1053
1055
1055
1057
1059
1059
1059
1060
1061
1061
1062
1062
1063
1063
1063
1066
1066
1066
1067
1067
1069
1069
1070
1070
1071
1071
1072
1072
1074
1074
1075
1077
1078
1079
1083
1083
1084
1086
1086
1086
1087
1087
1088
1089
1089
1090
1093
1094
1094
1096
1096
1096
1097
1097
1098
1098
1098
1098
1100
1102
1104
1105
1105
1106
1107
1108
1109
1109
1110
1111
1111
1112
1113
1114
1118
1118
1119
1120
1121
1122
1122
1123
1123
1125
1126
1127
1127
1127
1128
1132
1137
1138
1140
1140
1140
1142
1143
1145
1146
1146
1146
1149
1149
1149
1151
1151
1151
1152
1153
1155
1156
1157
1157
1157
1159
1163
1163
1164
1164
1165
1166
1167
1167
1168
1169
1170
1171
1171
1173
1173
1176
1178
1181
1182
1182
1182
1184
1185
1185
1186
1188
1190
1191
1193
1194
1195
1200
1200
1202
1202
1204
1205
1206
1207
1208
1208
1208
1210
1211
1211
1212
1213
1215
1217
1217
1218
1218
1218
1219
1219
1219
1219
1222
1223
1225
1225
1226
1226
1226
1228
1230
1232
1232
1233
1235
1237
1240
1240
1240
1241
1243
1243
1244
1244
1246
1247
1250
1250
1251
1252
1253
1254
1254
1259
1260
1262
1264
1264
1266
1266
1266
1270
1272
1273
1273
1273
1275
1276
1277
1278
1278
1278
1280
1280
1282
1285
1286
1288
1289
1290
1291
1291
1292
1292
1295
1298
1298
1299
1299
1300
1301
1302
1304
1304
1306
1306
1307
1308
1308
1309
1312
1312
1313
1314
1315
1315
1315
1317
1317
1318
1318
1319
1321
1321
1322
1326
1326
1330
1331
1331
1331
1332
1334
1335
1336
1336
1338
1338
1339
1340
1340
1341
1344
1344
1344
1345
1346
1349
1350
1350
1351
1353
1353
1353
1355
1355
1357
1358
1360
1361
1364
1368
1370
1372
1373
1373
1374
1375
1375
1376
1377
1378
1381
1384
1384
1384
1384
1385
1386
1388
1391
1391
1392
1392
1392
1394
1394
1395
1396
1399
1399
1400
1403
1403
1403
1405
1406
1407
1407
1407
1408
1409
1410
1410
1411
1411
1411
1413
1417
1419
1419
1419
1421
1423
1424
1425
1426
1427
1428
1429
1431
1431
1432
1433
1435
1435
1436
1442
1443
1443
1444
1446
1446
1446
1447
1449
1449
1450
1450
1450
1457
1457
1457
1459
1460
1460
1461
1461
1463
1464
1464
1464
1465
1465
1466
1466
1467
1467
1469
1469
1471
1471
1472
1473
1473
1474
1475
1477
1477
1478
1479
1481
1484
1484
1485
1485
1487
1489
1490
1491
1492
1493
1494
1499
1499
1500
1501
1501
1503
1504
1505
1505
1506
1506
1507
1508
1508
1511
1512
1512
1514
1514
1515
1516
1516
1516
1517
1519
1521
1522
1524
1524
1525
1527
1528
1531
1532
1532
1532
1533
1534
1535
1537
1538
1539
1540
1540
1541
1543
1543
1543
1544
1544
1545
1546
1548
1548
1549
1550
1550
1552
1552
1552
1553
1553
1557
1557
1559
1560
1562
1562
1563
1564
1564
1567
1569
1569
1569
1571
1572
1572
1574
1574
1574
1575
1575
1577
1577
1578
1579
1579
1580
1582
1582
1583
1585
1586
1586
1591
1591
1594
1594
1595
1595
1595
1596
1597
1601
1602
1603
1607
1608
1609
1610
1611
1612
1612
1612
1614
1614
1614
1614
1617
1619
1619
1622
1622
1623
1626
1626
1631
1632
1633
1634
1634
1635
1637
1637
1638
1639
1641
1642
1642
1646
1646
1647
1648
1649
1649
1650
1651
1654
1654
1655
1655
1657
1657
1658
1658
1659
1659
1660
1660
1661
1662
1663
1664
1665
1666
1667
1670
1671
1673
1673
1674
1675
1676
1676
1678
1678
1679
1679
1679
1680
1680
1681
1683
1686
1686
1686
1687
1688
1689
1689
1690
1690
1690
1693
1694
1694
1696
1696
1696
1697
1698
1699
1699
1701
1701
1702
1703
1704
1704
1706
1707
1708
1709
1709
1709
1710
1712
1712
1714
1715
1715
1719
1719
1719
1720
1722
1723
1723
1723
1724
1726
1726
1727
1730
1731
1734
1734
1734
1735
1735
1735
1736
1738
1738
1739
1740
1742
1742
1744
1744
1744
1745
1747
1747
1747
1747
1748
1749
1749
1749
1749
1750
1750
1751
1752
1752
1752
1753
1755
1755
1756
1757
1757
1758
1758
1759
1759
1760
1760
1761
1762
1764
1764
1766
1766
1767
1768
1768
1769
1771
1772
1773
1777
1778
1779
1780
1781
1782
1782
1784
1785
1790
1790
1791
1794
1796
1797
1797
1797
1798
1798
1799
1801
1802
1802
1803
1809
1812
1813
1813
1813
1815
1815
1817
1821
1821
1821
1822
1823
1823
1824
1824
1825
1825
1826
1827
1828
1828
1830
1830
1831
1831
1831
1832
1832
1833
1836
1838
1838
1840
1840
1843
1843
1845
1847
1849
1850
1853
1853
1853
1854
1857
1863
1865
1872
1873
1873
1874
1874
1874
1875
1875
1877
1879
1881
1883
1884
1885
1886
1887
1890
1891
1895
1895
1896
1896
1896
1897
1898
1898
1899
1899
1900
1901
1901
1904
1907
1907
1910
1912
1913
1914
1915
1916
1917
1917
1920
1922
1922
1923
1924
1926
1927
1931
1932
1933
1934
1934
1936
1936
1938
1940
1940
1942
1943
1946
1946
1946
1947
1947
1949
1951
1953
1954
1954
1954
1955
1956
1956
1958
1958
1958
1959
1960
1961
1961
1962
1963
1963
1966
1969
1970
1971
1972
1976
1977
1977
1979
1979
1979
1979
1981
1981
1982
1984
1985
1987
1987
1987
1988
1989
1991
1991
1997
2000
2000
2000
2001
2002
2003
2004
2005
2007
2007
2008
2009
2010
2011
2015
2018
2020
2021
2021
2023
2023
2025
2026
2027
2027
2028
2029
2029
2030
2030
2031
2033
2034
2034
2035
2035
2035
2036
2038
2040
2040
2044
2047
2047
2050
2050
2051
2053
2055
2055
2055
2056
2057
2057
2058
2058
2058
2060
2061
2061
2063
2063
2065
2065
2066
2067
2067
2067
2070
2070
2070
2071
2072
2072
2078
2079
2080
2080
2081
2082
2082
2083
2083
2085
2085
2089
2089
2089
2089
2090
2090
2093
2094
2095
2095
2095
2096
2097
2098
2098
2099
2100
2101
2102
2103
2105
2106
2106
2107
2108
2108
2109
2111
2114
2115
2115
2115
2115
2115
2116
2117
2117
2119
2120
2120
2121
2121
2122
2122
2123
2124
2125
2127
2127
2128
2128
2129
2131
2131
2132
2133
2133
2136
2138
2140
2141
2141
2141
2147
2147
2147
2149
2151
2152
2152
2153
2153
2155
2155
2158
2158
2161
2161
2165
2165
2166
2168
2168
2168
2169
2169
2170
2170
2171
2171
2172
2173
2175
2175
2176
2176
2176
2177
2180
2180
2182
2182
2183
2184
2186
2186
2188
2190
2191
2191
2192
2192
2194
2195
2195
2195
2195
2196
2197
2198
2200
2201
2202
2202
2202
2202
2204
2205
2206
2206
2207
2208
2209
2216
2218
2219
2219
2221
2225
2226
2227
2229
2229
2229
2230
2231
2232
2233
2235
2236
2237
2239
2239
2240
2241
2242
2242
2244
2245
2245
2246
2247
2250
2250
2251
2251
2251
2253
2253
2253
2256
2256
2256
2257
2259
2260
2260
2261
2261
2262
2263
2264
2264
2265
2265
2266
2266
2268
2269
2269
2270
2270
2274
2276
2278
2278
2278
2280
2281
2283
2283
2283
2284
2285
2287
2288
2288
2289
2291
2291
2291
2293
2293
2293
2294
2296
2296
2296
2298
2298
2299
2304
2305
2307
2308
2309
2310
2310
2310
2311
2314
2315
2316
2316
2318
2319
2320
2320
2321
2322
2322
2323
2323
2324
2324
2324
2326
2326
2328
2329
2329
2331
2332
2335
2340
2340
2343
2343
2345
2345
2346
2347
2347
2348
2348
2348
2350
2350
2351
2351
2352
2352
2353
2353
2356
2356
2357
2358
2359
2360
2361
2361
2362
2365
2366
2367
2367
2367
2367
2370
2371
2371
2373
2373
2374
2376
2377
2377
2378
2379
2379
2380
2380
2382
2382
2383
2383
2384
2384
2385
2385
2391
2393
2394
2394
2395
2396
2397
2397
2398
2402
2402
2402
2403
2405
2406
2406
2407
2408
2408
2409
2409
2409
2410
2412
2413
2414
2415
2416
2416
2417
2418
2419
2420
2422
2426
2426
2426
2426
2426
2427
2427
2427
2429
2429
2429
2430
2430
2431
2431
2433
2433
2436
2437
2440
2442
2442
2442
2443
2443
2444
2446
2447
2447
2450
2452
2454
2455
2456
2457
2460
2461
2461
2466
2466
2466
2466
2466
2467
2468
2468
2470
2470
2471
2472
2472
2473
2474
2477
2479
2479
2482
2482
2482
2484
2486
2486
2487
2488
2488
2491
2492
2492
2493
2495
2502
2503
2504
2506
2506
2511
2514
2515
2516
2516
2517
2519
2523
2523
2524
2526
2529
2530
2532
2532
2533
2534
2534
2536
2536
2536
2537
2537
2537
2540
2541
2541
2541
2542
2543
2543
2544
2545
2546
2546
2547
2547
2548
2548
2549
2549
2549
2550
2550
2553
2553
2556
2557
2558
2558
2564
2566
2567
2567
2568
2568
2569
2570
2570
2570
2572
2572
2573
2574
2574
2577
2577
2577
2579
2579
2580
2580
2581
2582
2583
2586
2588
2591
2591
2591
2592
2592
2593
2594
2594
2595
2596
2597
2599
2600
2601
2603
2604
2607
2608
2610
2611
2613
2614
2615
2617
2617
2618
2620
2621
2621
2621
2622
2623
2625
2627
2628
2629
2629
2629
2629
2631
2632
2634
2634
2634
2635
2635
2636
2636
2636
2640
2641
2643
2644
2645
2646
2646
2650
2653
2656
2659
2659
2659
2661
2662
2662
2662
2662
2664
2665
2665
2666
2669
2669
2670
2671
2671
2672
2672
2673
2673
2673
2675
2675
2676
2677
2679
2680
2684
2690
2690
2690
2691
2691
2691
2692
2692
2693
2697
2702
2703
2703
2705
2707
2708
2708
2708
2709
2713
2713
2713
2713
2714
2715
2715
2717
2717
2722
2723
2724
2725
2725
2726
2727
2727
2727
2728
2730
2731
2731
2732
2733
2735
2736
2736
2737
2737
2737
2739
2740
2740
2740
2742
2745
2745
2745
2745
2746
2748
2750
2750
2753
2753
2753
2759
2760
2761
2761
2764
2767
2769
2771
2772
2773
2774
2777
2778
2778
2778
2778
2779
2779
2780
2781
2782
2783
2783
2784
2786
2789
2789
2791
2792
2793
2793
2794
2796
2797
2798
2798
2799
2802
2802
2803
2805
2805
2806
2807
2807
2808
2808
2809
2809
2810
2811
2812
2813
2813
2813
2814
2815
2816
2817
2820
2820
2820
2821
2822
2822
2822
2826
2826
2827
2828
2830
2830
2831
2833
2833
2833
2834
2836
2837
2838
2838
2842
2842
2843
2843
2844
2844
2844
2845
2845
2845
2846
2846
2847
2848
2849
2850
2851
2852
2853
2854
2856
2857
2857
2857
2862
2863
2865
2867
2868
2869
2870
2870
2871
2871
2872
2873
2874
2877
2877
2878
2879
2879
2880
2880
2880
2880
2881
2883
2885
2887
2888
2888
2889
2889
2891
2892
2894
2895
2895
2896
2896
2896
2896
2896
2898
2898
2898
2898
2900
2901
2901
2902
2902
2904
2905
2905
2905
2905
2906
2908
2908
2910
2910
2911
2911
2912
2913
2916
2917
2917
2917
2918
2920
2921
2921
2923
2924
2924
2925
2925
2927
2930
2930
2930
2931
2932
2933
2935
2937
2939
2939
2940
2942
2942
2944
2944
2945
2947
2948
2948
2948
2951
2951
2952
2952
2954
2955
2955
2956
2956
2957
2957
2958
2959
2960
2961
2961
2961
2962
2966
2967
2967
2967
2967
2968
2969
2969
2969
2969
2970
2971
2972
2974
2974
2976
2977
2979
2980
2980
2983
2983
2985
2986
2989
2989
2990
2992
2993
2995
2997
2999
2999
3001
3002
3002
3003
3004
3004
3005
3006
3006
3007
3007
3008
3008
3008
3009
3009
3010
3011
3011
3013
3013
3014
3015
3016
3019
3024
3026
3029
3029
3030
3030
3031
3031
3033
3033
3035
3036
3038
3041
3042
3043
3045
3046
3046
3049
3049
3050
3053
3056
3056
3057
3057
3057
3059
3059
3060
3061
3063
3064
3064
3065
3067
3067
3067
3068
3068
3068
3072
3075
3076
3078
3079
3082
3084
3085
3086
3088
3088
3089
3089
3089
3091
3091
3092
3094
3095
3096
3099
3099
3100
3100
3102
3102
3103
3103
3104
3105
3105
3107
3108
3108
3109
3110
3110
3112
3112
3112
3113
3116
3117
3120
3120
3121
3122
3122
3122
3124
3125
3125
3127
3127
3128
3130
3131
3132
3132
3132
3133
3134
3135
3135
3135
3135
3138
3140
3142
3142
3143
3146
3147
3148
3149
3150
3151
3151
3151
3153
3153
3153
3154
3155
3155
3156
3162
3162
3162
3162
3164
3166
3166
3167
3167
3168
3169
3169
3169
3170
3171
3172
3173
3174
3177
3178
3182
3182
3186
3187
3188
3190
3190
3190
3190
3191
3192
3193
3193
3195
3196
3196
3196
3197
3197
3197
3198
3198
3199
3202
3203
3203
3204
3205
3205
3206
3209
3209
3211
3213
3214
3214
3215
3217
3218
3219
3222
3222
3225
3226
3227
3227
3230
3232
3237
3238
3239
3240
3243
3243
3244
3244
3244
3245
3246
3246
3246
3246
3246
3247
3248
3249
3251
3251
3252
3253
3253
3253
3255
3255
3257
3258
3259
3261
3264
3264
3268
3271
3272
3272
3273
3274
3274
3275
3277
3277
3279
3279
3279
3279
3281
3282
3282
3282
3283
3283
3283
3285
3286
3288
3288
3288
3290
3290
3291
3293
3294
3294
3295
3295
3296
3298
3299
3299
3299
3299
3300
3300
3300
3301
3302
3304
3306
3306
3307
3307
3308
3308
3309
3310
3310
3311
3314
3320
3322
3322
3323
3323
3324
3325
3327
3328
3329
3330
3330
3331
3331
3332
3332
3333
3334
3336
3337
3337
3341
3341
3346
3347
3347
3348
3350
3350
3350
3351
3354
3355
3355
3356
3358
3360
3362
3364
3365
3365
3365
3366
3367
3368
3369
3370
3370
3371
3371
3374
3375
3376
3376
3376
3377
3378
3378
3378
3378
3380
3383
3384
3385
3385
3386
3386
3387
3389
3389
3391
3392
3393
3398
3398
3400
3400
3401
3403
3403
3409
3412
3412
3412
3414
3415
3416
3416
3416
3420
3420
3424
3425
3425
3427
3431
3435
3436
3436
3437
3437
3439
3440
3440
3441
3441
3441
3442
3443
3444
3445
3447
3447
3448
3448
3451
3454
3454
3455
3455
3455
3456
3457
3457
3457
3458
3459
3466
3466
3467
3468
3470
3471
3471
3472
3472
3472
3474
3475
3477
3477
3478
3478
3479
3481
3482
3482
3484
3485
3485
3486
3486
3489
3490
3490
3490
3491
3492
3493
3494
3495
3495
3498
3499
3503
3504
3505
3507
3507
3507
3507
3508
3508
3508
3508
3510
3513
3514
3514
3514
3515
3515
3521
3521
3521
3522
3524
3526
3527
3527
3527
3528
3528
3529
3529
3530
3531
3533
3535
3535
3536
3537
3537
3540
3540
3542
3544
3545
3546
3548
3549
3550
3550
3553
3553
3554
3555
3556
3557
3557
3557
3557
3559
3561
3566
3567
3569
3570
3572
3573
3573
3574
3575
3575
3576
3578
3582
3582
3582
3582
3583
3583
3584
3585
3585
3587
3587
3588
3589
3591
3593
3593
3593
3594
3594
3595
3596
3596
3597
3599
3600
3601
3602
3602
3603
3604
3605
3605
3606
3606
3608
3609
3609
3610
3611
3612
3612
3613
3615
3616
3616
3616
3616
3618
3618
3619
3619
3620
3622
3622
3623
3625
3627
3627
3629
3630
3631
3631
3631
3631
3632
3632
3633
3633
3634
3634
3635
3636
3637
3637
3639
3641
3641
3642
3642
3644
3646
3647
3648
3648
3648
3648
3648
3649
3650
3650
3652
3652
3652
3653
3653
3653
3655
3656
3661
3662
3663
3663
3664
3666
3666
3669
3670
3672
3673
3673
3675
3675
3676
3677
3677
3678
3678
3678
3679
3679
3680
3682
3682
3683
3683
3684
3684
3685
3685
3688
3689
3689
3691
3692
3693
3693
3695
3695
3695
3696
3697
3698
3698
3698
3698
3699
3699
3700
3701
3704
3704
3705
3705
3708
3708
3709
3710
3710
3712
3713
3713
3714
3715
3715
3717
3717
3718
3720
3720
3721
3724
3725
3725
3726
3727
3728
3729
3731
3731
3732
3732
3733
3734
3735
3736
3738
3739
3740
3741
3742
3742
3742
3742
3744
3744
3744
3745
3746
3749
3749
3750
3754
3757
3758
3758
3758
3759
3763
3764
3764
3765
3766
3767
3767
3768
3770
3770
3771
3771
3771
3773
3775
3775
3776
3779
3780
3781
3781
3782
3782
3783
3784
3784
3784
3786
3787
3787
3789
3789
3789
3790
3790
3790
3792
3792
3793
3795
3795
3796
3796
3796
3797
3797
3799
3799
3800
3800
3800
3801
3803
3803
3805
3805
3806
3806
3808
3811
3813
3815
3815
3816
3816
3818
3822
3823
3823
3825
3825
3827
3828
3828
3830
3831
3832
3832
3832
3834
3834
3837
3839
3839
3840
3840
3840
3841
3843
3844
3844
3844
3845
3845
3846
3846
3846
3848
3848
3851
3852
3853
3854
3856
3856
3856
3857
3857
3858
3858
3858
3860
3860
3861
3862
3862
3862
3864
3864
3864
3865
3867
3870
3872
3873
3874
3875
3876
3877
3879
3879
3881
3881
3882
3883
3883
3884
3886
3887
3887
3888
3888
3888
3889
3890
3891
3891
3892
3893
3893
3893
3893
3894
3894
3895
3895
3896
3897
3897
3898
3898
3898
3898
3899
3899
3900
3902
3906
3907
3907
3907
3908
3909
3910
3912
3913
3914
3914
3919
3920
3920
3922
3922
3923
3923
3924
3925
3927
3927
3928
3931
3934
3936
3936
3936
3939
3939
3940
3941
3941
3942
3942
3944
3946
3947
3949
3949
3950
3951
3953
3954
3957
3959
3960
3960
3964
3964
3966
3966
3966
3967
3968
3969
3970
3970
3972
3973
3974
3975
3978
3980
3980
3980
3981
3982
3982
3982
3984
3986
3987
3989
3990
3991
3991
3994
3994
3995
3995
3998
3998
3999
4001
4002
4006
4007
4009
4009
4011
4011
4012
4013
4014
4014
4015
4016
4016
4018
4018
4020
4022
4022
4024
4025
4026
4029
4029
4030
4030
4030
4031
4031
4033
4033
4036
4036
4037
4039
4039
4042
4044
4046
4048
4048
4049
4050
4050
4052
4053
4054
4056
4056
4057
4058
4058
4059
4059
4060
4061
4062
4064
4065
4065
4066
4067
4067
4068
4068
4069
4069
4070
4071
4072
4073
4073
4077
4078
4078
4079
4079
4079
4080
4081
4081
4081
4082
4084
4084
4084
4087
4088
4090
4090
4090
4091
4094
4095
4095
4095
4096
4096
4096
4097
4097
4098
4098
4099
4099
4099
4101
4102
4103
4105
4109
4113
4114
4115
4115
4115
4118
4119
4119
4119
4119
4120
4120
4122
4122
4123
4123
4124
4125
4126
4126
4127
4127
4128
4129
4130
4130
4131
4132
4132
4132
4133
4135
4136
4136
4138
4139
4139
4139
4141
4141
4144
4145
4146
4148
4148
4148
4151
4152
4153
4154
4162
4162
4163
4165
4167
4169
4170
4173
4174
4176
4177
4177
4178
4178
4180
4180
4181
4184
4185
4185
4187
4187
4188
4190
4190
4191
4193
4193
4194
4194
4194
4195
4197
4197
4198
4198
4199
4200
4201
4201
4201
4202
4203
4203
4204
4205
4206
4206
4206
4206
4208
4208
4209
4211
4213
4213
4214
4216
4217
4217
4219
4220
4220
4220
4221
4222
4222
4222
4224
4224
4227
4228
4230
4230
4230
4230
4230
4230
4232
4233
4234
4235
4239
4241
4241
4241
4241
4243
4244
4247
4248
4248
4248
4249
4250
4250
4252
4252
4253
4255
4256
4256
4259
4259
4259
4265
4265
4265
4266
4266
4266
4267
4269
4270
4270
4270
4270
4270
4271
4271
4273
4273
4274
4274
4275
4276
4276
4277
4279
4281
4286
4287
4288
4292
4293
4293
4293
4295
4295
4295
4297
4299
4299
4299
4299
4301
4301
4301
4303
4304
4304
4305
4305
4305
4307
4307
4308
4309
4309
4309
4313
4313
4315
4316
4317
4317
4318
4319
4319
4320
4321
4322
4323
4324
4324
4325
4326
4328
4328
4328
4330
4330
4331
4331
4332
4332
4333
4333
4334
4334
4335
4337
4338
4339
4340
4341
4342
4342
4342
4343
4344
4345
4345
4345
4347
4347
4349
4349
4350
4352
4354
4354
4357
4358
4361
4364
4364
4365
4367
4369
4375
4382
4383
4385
4386
4386
4386
4387
4388
4388
4389
4389
4390
4393
4394
4396
4396
4397
4397
4399
4399
4400
4400
4401
4401
4402
4402
4402
4403
4404
4405
4406
4406
4407
4407
4409
4409
4410
4410
4410
4411
4411
4412
4412
4412
4416
4417
4420
4420
4421
4421
4422
4422
4423
4423
4424
4424
4425
4426
4426
4428
4430
4430
4432
4432
4433
4434
4435
4437
4437
4437
4441
4442
4442
4442
4443
4445
4445
4447
4447
4449
4450
4450
4451
4452
4454
4455
4457
4457
4458
4459
4460
4460
4463
4463
4465
4465
4466
4467
4469
4469
4472
4473
4474
4474
4476
4477
4478
4478
4478
4479
4480
4484
4485
4485
4485
4486
4486
4486
4488
4488
4489
4489
4490
4490
4490
4491
4493
4495
4495
4497
4497
4497
4498
4499
4503
4503
4508
4508
4509
4509
4509
4510
4511
4513
4517
4518
4518
4521
4523
4525
4525
4528
4529
4530
4533
4533
4533
4534
4534
4535
4536
4537
4537
4539
4541
4543
4543
4543
4544
4544
4544
4544
4545
4547
4547
4547
4548
4549
4551
4553
4553
4553
4553
4554
4557
4557
4557
4557
4557
4557
4559
4560
4561
4562
4562
4563
4564
4565
4569
4569
4570
4570
4572
4572
4572
4572
4572
4573
4575
4576
4576
4578
4579
4580
4580
4580
4580
4582
4583
4583
4583
4583
4585
4585
4585
4586
4586
4587
4588
4591
4592
4593
4593
4594
4596
4597
4598
4598
4598
4599
4599
4599
4599
4600
4602
4604
4604
4604
4605
4607
4607
4607
4609
4609
4610
4611
4613
4614
4615
4615
4618
4619
4619
4619
4620
4620
4623
4624
4626
4626
4626
4628
4628
4628
4629
4630
4631
4632
4632
4635
4637
4637
4638
4638
4639
4642
4643
4644
4644
4644
4644
4645
4648
4649
4649
4651
4652
4654
4654
4657
4660
4661
4661
4662
4662
4662
4664
4665
4667
4668
4670
4670
4671
4671
4671
4671
4671
4672
4673
4676
4679
4680
4681
4682
4682
4685
4686
4686
4687
4688
4691
4694
4695
4699
4702
4703
4704
4706
4707
4708
4708
4712
4712
4713
4713
4716
4717
4719
4720
4720
4720
4721
4722
4723
4723
4723
4725
4725
4727
4728
4728
4733
4735
4735
4735
4737
4739
4739
4740
4740
4740
4741
4741
4741
4742
4742
4743
4743
4747
4748
4748
4749
4751
4752
4753
4755
4756
4757
4757
4758
4758
4758
4759
4759
4761
4761
4763
4763
4764
4764
4765
4767
4768
4768
4771
4773
4773
4774
4776
4777
4777
4778
4778
4779
4780
4780
4782
4784
4784
4785
4785
4785
4786
4786
4786
4786
4787
4787
4788
4788
4788
4789
4789
4791
4792
4793
4794
4794
4795
4795
4796
4796
4796
4797
4797
4798
4798
4799
4800
4801
4801
4802
4806
4806
4807
4807
4808
4809
4813
4817
4818
4818
4819
4819
4819
4819
4820
4821
4821
4822
4822
4823
4825
4826
4826
4832
4832
4833
4833
4834
4834
4835
4837
4838
4838
4838
4840
4840
4842
4845
4847
4849
4849
4849
4850
4851
4852
4853
4853
4854
4857
4858
4859
4859
4863
4864
4865
4865
4866
4867
4868
4869
4869
4870
4870
4870
4871
4872
4872
4873
4873
4875
4876
4876
4877
4877
4880
4880
4881
4882
4883
4884
4886
4886
4888
4890
4892
4895
4895
4896
4896
4896
4897
4898
4898
4900
4901
4902
4907
4908
4908
4909
4910
4911
4914
4915
4916
4920
4922
4922
4923
4923
4924
4926
4928
4930
4931
4934
4936
4937
4941
4941
4941
4942
4943
4944
4944
4945
4947
4948
4948
4949
4949
4951
4952
4952
4953
4954
4955
4955
4956
4957
4957
4958
4960
4962
4962
4964
4968
4969
4972
4973
4975
4976
4976
4976
4978
4978
4979
4979
4983
4983
4984
4984
4984
4985
4986
4986
4988
4988
4989
4990
4991
4991
4992
4992
4993
4993
4994
4996
4997
4997
4998
4999
4999
5001
5003
5003
5004
5010
5011
5012
5012
5014
5017
5017
5019
5021
5022
5022
5025
5026
5027
5030
5031
5031
5031
5032
5034
5035
5036
5036
5036
5038
5038
5039
5040
5040
5041
5042
5043
5044
5044
5045
5045
5045
5046
5047
5047
5051
5051
5052
5052
5053
5054
5055
5058
5059
5059
5059
5060
5060
5060
5061
5061
5063
5064
5065
5065
5065
5067
5069
5070
5070
5071
5072
5073
5073
5075
5079
5079
5080
5080
5081
5081
5082
5083
5084
5086
5089
5091
5091
5091
5094
5094
5094
5096
5096
5097
5097
5101
5102
5103
5103
5105
5106
5106
5108
5108
5111
5111
5111
5112
5112
5113
5114
5115
5115
5116
5117
5117
5118
5118
5119
5119
5120
5121
5123
5125
5125
5126
5127
5129
5129
5129
5131
5132
5132
5132
5133
5133
5134
5134
5135
5135
5139
5139
5140
5142
5145
5145
5146
5146
5147
5147
5147
5149
5150
5151
5152
5154
5157
5157
5159
5161
5161
5162
5163
5166
5168
5168
5170
5171
5171
5172
5173
5175
5175
5176
5176
5177
5178
5178
5178
5178
5179
5181
5181
5183
5183
5183
5183
5184
5185
5185
5186
5189
5190
5194
5194
5196
5198
5198
5198
5199
5200
5201
5203
5207
5208
5208
5210
5210
5211
5212
5213
5214
5216
5217
5218
5218
5218
5219
5219
5220
5220
5221
5221
5221
5222
5224
5226
5226
5226
5227
5228
5228
5229
5231
5231
5232
5233
5235
5235
5237
5237
5237
5240
5240
5241
5241
5242
5243
5244
5244
5245
5247
5248
5248
5248
5248
5249
5250
5251
5251
5252
5252
5255
5258
5259
5259
5260
5262
5263
5264
5264
5265
5266
5267
5268
5269
5269
5271
5273
5274
5274
5275
5276
5277
5280
5280
5280
5281
5282
5282
5283
5287
5288
5288
5289
5290
5293
5293
5295
5295
5300
5303
5304
5305
5307
5307
5308
5308
5308
5308
5309
5309
5309
5310
5310
5310
5310
5310
5311
5313
5314
5315
5315
5316
5316
5317
5318
5318
5319
5321
5321
5321
5321
5322
5323
5323
5323
5323
5325
5328
5331
5331
5332
5333
5336
5342
5342
5343
5343
5343
5343
5346
5346
5347
5348
5348
5348
5350
5352
5352
5353
5356
5356
5358
5361
5362
5365
5366
5368
5370
5370
5370
5371
5371
5372
5375
5376
5377
5378
5381
5381
5384
5385
5387
5388
5389
5390
5391
5393
5393
5393
5394
5396
5396
5396
5397
5398
5398
5400
5401
5402
5402
5402
5403
5404
5405
5405
5405
5406
5407
5409
5410
5411
5411
5411
5411
5412
5413
5413
5414
5414
5415
5416
5418
5419
5419
5419
5421
5424
5424
5424
5425
5428
5430
5432
5433
5433
5434
5435
5436
5436
5436
5437
5437
5438
5439
5444
5444
5444
5446
5446
5447
5448
5448
5449
5450
5450
5451
5453
5453
5453
5454
5455
5455
5456
5456
5456
5457
5458
5460
5460
5460
5462
5462
5462
5463
5466
5467
5468
5469
5469
5470
5474
5475
5475
5476
5477
5479
5479
5480
5483
5484
5485
5486
5488
5490
5490
5491
5491
5492
5494
5494
5494
5495
5495
5496
5496
5496
5497
5498
5498
5498
5499
5499
5501
5502
5505
5505
5507
5508
5509
5510
5512
5513
5515
5521
5522
5523
5525
5526
5528
5531
5532
5535
5537
5537
5538
5539
5541
5541
5542
5542
5543
5544
5545
5546
5546
5547
5547
5547
5550
5552
5552
5553
5553
5554
5555
5555
5555
5557
5558
5558
5559
5559
5560
5561
5562
5564
5565
5565
5566
5570
5573
5575
5576
5576
5578
5581
5582
5583
5583
5584
5585
5586
5586
5586
5587
5587
5587
5588
5588
5588
5589
5594
5594
5595
5596
5596
5596
5596
5598
5599
5602
5603
5603
5603
5606
5607
5607
5607
5608
5608
5612
5612
5612
5613
5615
5616
5617
5617
5617
5618
5619
5620
5622
5624
5624
5626
5628
5629
5630
5630
5631
5631
5631
5632
5633
5634
5635
5638
5639
5640
5641
5641
5645
5646
5647
5648
5650
5652
5652
5654
5654
5654
5655
5655
5656
5656
5657
5658
5659
5660
5661
5662
5663
5663
5663
5665
5665
5666
5667
5667
5669
5670
5671
5671
5675
5679
5680
5682
5682
5683
5683
5684
5684
5686
5686
5686
5688
5688
5688
5691
5692
5692
5692
5694
5695
5697
5699
5704
5704
5707
5707
5708
5711
5712
5712
5712
5713
5714
5717
5718
5718
5718
5721
5722
5722
5723
5725
5727
5729
5729
5729
5730
5731
5731
5732
5732
5733
5733
5735
5736
5738
5738
5739
5739
5739
5740
5740
5741
5742
5743
5744
5745
5746
5746
5747
5747
5748
5749
5749
5750
5750
5751
5752
5754
5754
5755
5755
5756
5756
5759
5759
5760
5760
5763
5765
5766
5768
5769
5769
5771
5772
5773
5773
5774
5775
5776
5777
5778
5778
5779
5780
5780
5781
5782
5783
5785
5787
5787
5788
5788
5791
5791
5792
5794
5795
5795
5798
5800
5801
5801
5801
5802
5803
5804
5806
5806
5807
5808
5809
5809
5810
5810
5811
5811
5811
5812
5813
5814
5814
5816
5819
5820
5823
5823
5825
5826
5827
5827
5828
5828
5828
5831
5832
5833
5834
5834
5834
5835
5835
5835
5836
5836
5836
5836
5836
5838
5839
5839
5839
5840
5842
5844
5844
5844
5845
5846
5848
5848
5850
5852
5853
5855
5855
5856
5856
5858
5863
5866
5867
5867
5870
5872
5873
5874
5875
5877
5877
5878
5881
5881
5881
5884
5884
5885
5886
5887
5888
5888
5888
5889
5891
5892
5892
5894
5895
5896
5899
5900
5900
5901
5907
5907
5908
5908
5908
5909
5909
5909
5910
5911
5913
5914
5915
5916
5918
5918
5920
5922
5924
5925
5925
5925
5925
5927
5928
5929
5931
5933
5935
5935
5935
5938
5938
5942
5943
5943
5943
5947
5947
5947
5947
5949
5949
5951
5952
5954
5955
5955
5955
5955
5956
5958
5958
5959
5960
5960
5965
5966
5967
5968
5968
5968
5968
5969
5969
5970
5971
5971
5971
5971
5974
5975
5975
5975
5975
5976
5980
5981
5981
5982
5987
5987
5987
5988
5993
5995
5997
5997
5999
5999
5999
5999
6001
6006
6007
6008
6009
6009
6009
6009
6010
6011
6013
6013
6015
6016
6018
6020
6021
6022
6022
6024
6024
6026
6026
6027
6028
6028
6029
6029
6029
6029
6029
6030
6031
6031
6032
6032
6032
6033
6034
6034
6034
6035
6036
6036
6037
6037
6038
6039
6040
6041
6042
6044
6045
6046
6047
6048
6050
6051
6053
6054
6054
6058
6060
6060
6063
6064
6065
6065
6066
6067
6069
6069
6070
6071
6071
6072
6073
6073
6073
6074
6076
6076
6076
6077
6077
6078
6078
6079
6079
6081
6081
6081
6082
6082
6082
6084
6084
6085
6086
6087
6087
6087
6088
6088
6089
6091
6092
6093
6093
6094
6095
6098
6099
6100
6100
6100
6104
6104
6105
6106
6107
6108
6108
6108
6110
6110
6111
6112
6114
6114
6116
6118
6120
6126
6127
6129
6130
6130
6133
6134
6134
6135
6136
6137
6137
6137
6137
6138
6139
6139
6140
6143
6143
6145
6147
6148
6148
6152
6154
6154
6155
6155
6156
6156
6156
6157
6157
6157
6159
6159
6159
6161
6161
6162
6163
6163
6165
6166
6166
6166
6167
6167
6168
6168
6171
6171
6172
6172
6173
6173
6174
6176
6177
6178
6178
6180
6181
6183
6183
6183
6187
6188
6188
6192
6194
6195
6196
6197
6197
6197
6198
6198
6198
6199
6199
6199
6201
6202
6202
6203
6203
6203
6204
6204
6205
6205
6205
6208
6208
6208
6208
6209
6209
6211
6211
6212
6212
6213
6214
6214
6215
6216
6217
6218
6218
6219
6220
6221
6225
6225
6230
6231
6233
6234
6235
6238
6238
6240
6240
6243
6243
6245
6249
6252
6253
6255
6256
6256
6257
6258
6260
6260
6261
6261
6263
6263
6263
6264
6265
6265
6265
6267
6267
6267
6269
6271
6272
6272
6274
6274
6274
6275
6281
6282
6283
6284
6286
6286
6287
6288
6289
6291
6292
6293
6293
6293
6294
6295
6295
6295
6295
6296
6297
6299
6300
6301
6302
6303
6304
6305
6306
6306
6307
6307
6308
6312
6314
6314
6315
6315
6316
6316
6319
6320
6320
6322
6325
6327
6328
6329
6330
6332
6333
6336
6338
6338
6339
6339
6340
6341
6342
6342
6345
6346
6347
6347
6348
6349
6349
6352
6355
6355
6356
6356
6357
6359
6359
6363
6364
6364
6365
6365
6365
6366
6366
6367
6368
6368
6368
6369
6369
6370
6370
6370
6371
6377
6378
6378
6380
6380
6381
6382
6382
6382
6383
6383
6383
6385
6385
6385
6386
6388
6388
6388
6390
6391
6391
6393
6393
6395
6396
6396
6401
6405
6406
6408
6408
6409
6409
6409
6410
6410
6411
6412
6414
6414
6417
6417
6418
6420
6421
6422
6423
6424
6424
6424
6428
6429
6430
6430
6431
6434
6434
6435
6436
6440
6441
6442
6443
6445
6447
6450
6451
6451
6451
6451
6452
6454
6455
6455
6455
6456
6458
6461
6467
6467
6467
6468
6470
6471
6471
6472
6472
6472
6472
6475
6476
6477
6479
6479
6479
6481
6482
6485
6485
6486
6486
6486
6487
6487
6489
6491
6491
6492
6493
6493
6493
6495
6496
6498
6498
6498
6498
6498
6501
6503
6503
6504
6505
6505
6505
6506
6506
6507
6507
6507
6509
6509
6511
6512
6513
6517
6517
6517
6518
6519
6519
6520
6522
6523
6523
6525
6526
6526
6529
6529
6530
6530
6531
6532
6533
6533
6534
6534
6538
6538
6540
6541
6541
6541
6542
6543
6544
6546
6546
6547
6549
6549
6550
6550
6551
6551
6551
6553
6554
6555
6555
6556
6556
6556
6556
6556
6556
6557
6558
6558
6559
6559
6562
6564
6565
6565
6567
6568
6569
6569
6569
6570
6572
6572
6573
6574
6575
6575
6576
6577
6577
6579
6579
6579
6579
6580
6581
6581
6582
6582
6584
6584
6587
6589
6590
6591
6591
6592
6592
6593
6594
6595
6596
6597
6598
6601
6603
6604
6605
6607
6608
6608
6609
6610
6611
6613
6615
6615
6615
6617
6618
6619
6621
6622
6624
6625
6625
6626
6627
6627
6628
6629
6632
6632
6632
6638
6639
6639
6639
6640
6641
6642
6645
6646
6646
6647
6649
6650
6651
6651
6651
6653
6655
6656
6657
6657
6659
6659
6659
6660
6660
6663
6664
6665
6665
6666
6667
6667
6669
6669
6669
6670
6672
6672
6673
6674
6674
6676
6677
6678
6679
6679
6680
6680
6680
6681
6681
6682
6682
6683
6684
6687
6690
6691
6691
6691
6691
6691
6695
6696
6697
6697
6697
6698
6701
6703
6704
6704
6704
6707
6708
6709
6710
6711
6714
6714
6715
6717
6718
6718
6719
6719
6719
6720
6720
6721
6722
6723
6725
6726
6726
6727
6728
6729
6730
6731
6732
6732
6733
6733
6734
6735
6735
6736
6736
6736
6737
6737
6738
6738
6739
6740
6741
6741
6741
6743
6743
6744
6744
6745
6746
6747
6747
6747
6748
6750
6752
6752
6753
6754
6754
6754
6759
6760
6762
6763
6765
6768
6771
6774
6777
6777
6778
6778
6780
6780
6781
6781
6781
6781
6783
6786
6787
6787
6787
6788
6789
6789
6791
6791
6792
6793
6793
6795
6796
6796
6796
6798
6799
6801
6801
6803
6808
6808
6809
6810
6812
6812
6812
6813
6814
6815
6816
6817
6817
6818
6819
6819
6820
6821
6822
6822
6823
6824
6825
6827
6828
6829
6829
6833
6836
6838
6840
6840
6840
6841
6842
6842
6843
6843
6844
6844
6845
6845
6845
6845
6847
6850
6853
6853
6855
6856
6858
6859
6859
6868
6869
6869
6869
6869
6871
6872
6872
6873
6873
6874
6874
6876
6876
6876
6877
6878
6879
6881
6881
6882
6882
6883
6883
6884
6885
6886
6888
6889
6891
6891
6891
6892
6892
6893
6893
6893
6894
6894
6896
6896
6897
6897
6898
6898
6899
6899
6900
6901
6901
6903
6905
6906
6906
6906
6907
6908
6911
6911
6912
6913
6913
6914
6914
6914
6917
6917
6917
6919
6920
6920
6921
6922
6922
6924
6924
6924
6927
6927
6929
6930
6931
6934
6935
6935
6936
6937
6938
6938
6938
6939
6939
6940
6941
6942
6943
6944
6946
6948
6948
6953
6953
6955
6955
6956
6957
6957
6957
6958
6958
6959
6959
6959
6960
6960
6962
6962
6963
6966
6966
6966
6968
6968
6969
6969
6970
6971
6972
6974
6977
6979
6980
6980
6982
6982
6984
6985
6985
6987
6989
6989
6989
6990
6991
6991
6992
6993
6993
6994
6995
6995
6996
6996
6997
6997
6998
6998
6998
6999
7000
7001
7002
7006
7006
7007
7009
7009
7010
7011
7012
7013
7014
7015
7016
7016
7018
7018
7018
7019
7022
7022
7023
7023
7023
7025
7025
7027
7027
7027
7028
7029
7029
7031
7032
7032
7033
7034
7035
7035
7038
7039
7041
7043
7046
7050
7050
7051
7051
7053
7053
7054
7054
7055
7056
7057
7057
7060
7062
7063
7066
7069
7070
7071
7073
7075
7075
7076
7076
7076
7076
7076
7078
7080
7080
7081
7081
7082
7084
7084
7085
7087
7089
7090
7090
7092
7093
7096
7099
7100
7101
7101
7101
7101
7102
7104
7105
7107
7109
7109
7114
7114
7114
7114
7121
7122
7124
7126
7126
7128
7128
7128
7129
7130
7130
7131
7131
7132
7134
7134
7135
7136
7136
7136
7136
7138
7138
7139
7139
7140
7140
7143
7144
7145
7146
7147
7148
7149
7150
7151
7152
7154
7154
7155
7156
7156
7157
7157
7158
7158
7159
7160
7161
7161
7162
7163
7165
7166
7166
7167
7168
7169
7169
7170
7171
7173
7173
7174
7177
7179
7179
7179
7180
7180
7181
7182
7184
7185
7186
7186
7187
7188
7189
7190
7192
7193
7195
7195
7196
7197
7198
7199
7199
7199
7199
7200
7202
7202
7204
7205
7207
7208
7209
7212
7212
7213
7214
7218
7218
7219
7220
7221
7224
7225
7226
7226
7229
7229
7230
7232
7235
7236
7236
7238
7238
7239
7241
7241
7243
7244
7246
7247
7252
7253
7254
7254
7256
7256
7257
7257
7259
7259
7260
7261
7261
7262
7263
7264
7264
7265
7266
7267
7271
7272
7272
7273
7273
7276
7276
7277
7278
7278
7280
7281
7281
7282
7285
7286
7288
7289
7292
7292
7293
7297
7298
7300
7300
7301
7301
7304
7304
7305
7305
7305
7306
7307
7307
7308
7308
7309
7314
7315
7318
7319
7319
7319
7320
7320
7321
7326
7326
7330
7331
7333
7335
7337
7338
7338
7339
7343
7345
7346
7346
7346
7347
7348
7349
7349
7351
7354
7356
7356
7357
7358
7358
7358
7361
7362
7365
7366
7366
7367
7367
7369
7370
7371
7372
7373
7374
7374
7375
7376
7376
7378
7379
7379
7380
7381
7382
7382
7385
7385
7385
7386
7388
7388
7390
7391
7393
7394
7396
7396
7397
7397
7397
7397
7399
7401
7401
7402
7403
7404
7405
7406
7406
7406
7406
7409
7409
7410
7410
7411
7413
7414
7414
7415
7418
7421
7423
7425
7425
7426
7426
7428
7430
7432
7432
7432
7432
7432
7433
7434
7435
7435
7436
7436
7439
7439
7441
7443
7443
7443
7444
7445
7445
7445
7445
7446
7447
7448
7448
7448
7449
7452
7453
7453
7456
7456
7457
7460
7460
7462
7463
7466
7467
7467
7468
7469
7469
7469
7471
7471
7472
7473
7474
7474
7476
7476
7481
7482
7484
7485
7486
7486
7486
7487
7490
7490
7493
7493
7493
7494
7495
7496
7496
7497
7499
7499
7500
7503
7504
7505
7505
7506
7506
7506
7511
7511
7514
7515
7516
7518
7519
7526
7530
7530
7530
7530
7531
7531
7532
7534
7535
7536
7536
7536
7538
7539
7540
7540
7541
7542
7543
7546
7546
7546
7547
7547
7548
7548
7550
7550
7552
7553
7555
7555
7555
7556
7556
7557
7557
7559
7560
7562
7563
7568
7569
7570
7572
7572
7573
7573
7580
7582
7584
7584
7586
7587
7587
7588
7589
7589
7590
7591
7591
7593
7594
7594
7596
7597
7598
7598
7600
7600
7600
7600
7601
7601
7602
7602
7602
7604
7604
7605
7605
7606
7607
7608
7608
7614
7616
7617
7618
7620
7621
7623
7623
7623
7624
7624
7625
7625
7625
7626
7626
7626
7628
7628
7628
7631
7632
7632
7633
7633
7633
7634
7635
7635
7636
7638
7638
7640
7641
7642
7644
7645
7646
7647
7648
7648
7649
7649
7651
7653
7654
7654
7655
7655
7657
7658
7658
7658
7658
7659
7661
7663
7664
7667
7669
7670
7673
7674
7675
7675
7676
7676
7678
7679
7682
7682
7682
7684
7684
7684
7686
7687
7687
7687
7688
7689
7689
7694
7694
7696
7696
7696
7701
7701
7702
7703
7703
7704
7704
7705
7706
7707
7708
7709
7709
7710
7711
7712
7713
7715
7717
7717
7719
7719
7720
7721
7723
7724
7724
7726
7729
7730
7731
7731
7733
7734
7734
7734
7737
7737
7738
7740
7741
7741
7742
7743
7744
7745
7745
7748
7748
7749
7751
7752
7752
7753
7754
7754
7755
7756
7758
7759
7759
7761
7761
7762
7762
7764
7764
7765
7767
7767
7767
7770
7771
7771
7776
7777
7778
7780
7780
7782
7784
7787
7789
7793
7794
7794
7794
7795
7798
7799
7799
7802
7803
7805
7807
7808
7808
7810
7810
7812
7812
7813
7815
7815
7815
7817
7818
7818
7818
7820
7821
7822
7823
7825
7825
7828
7828
7829
7832
7832
7833
7833
7834
7835
7837
7837
7839
7839
7840
7845
7845
7845
7845
7847
7850
7850
7856
7857
7857
7858
7859
7859
7860
7860
7863
7865
7867
7867
7867
7868
7869
7870
7872
7872
7873
7874
7875
7875
7875
7877
7877
7878
7879
7881
7881
7881
7884
7884
7885
7887
7889
7891
7891
7892
7892
7893
7893
7895
7895
7896
7897
7898
7900
7902
7902
7902
7904
7906
7907
7907
7908
7912
7913
7915
7915
7916
7916
7916
7916
7917
7918
7918
7919
7922
7924
7924
7925
7925
7926
7926
7927
7928
7928
7928
7930
7931
7933
7933
7934
7934
7935
7936
7936
7936
7936
7937
7937
7938
7939
7940
7941
7942
7943
7944
7944
7945
7946
7948
7948
7949
7951
7951
7951
7953
7953
7954
7955
7955
7956
7956
7957
7958
7959
7962
7962
7965
7966
7967
7967
7970
7970
7971
7975
7976
7980
7981
7982
7982
7982
7983
7983
7984
7986
7987
7988
7989
7989
7990
7990
7991
7994
7997
7999
8001
8002
8002
8003
8003
8003
8003
8004
8006
8007
8008
8009
8010
8011
8012
8013
8014
8015
8015
8015
8017
8017
8017
8018
8020
8022
8023
8023
8029
8030
8030
8033
8033
8033
8033
8035
8035
8036
8036
8036
8036
8038
8040
8041
8041
8043
8045
8045
8046
8046
8051
8052
8052
8052
8053
8053
8054
8058
8058
8059
8059
8059
8059
8061
8062
8062
8062
8063
8063
8064
8064
8064
8066
8067
8070
8071
8071
8072
8073
8073
8074
8075
8075
8076
8076
8078
8079
8081
8081
8083
8086
8086
8087
8089
8091
8093
8093
8094
8095
8095
8096
8097
8097
8099
8100
8100
8103
8103
8104
8104
8105
8105
8106
8111
8111
8115
8118
8120
8120
8123
8124
8125
8126
8127
8128
8131
8131
8133
8134
8134
8135
8135
8137
8137
8139
8139
8139
8139
8140
8141
8141
8142
8142
8143
8144
8144
8144
8147
8148
8148
8149
8151
8152
8152
8153
8153
8153
8154
8154
8154
8156
8157
8158
8158
8161
8161
8161
8163
8163
8164
8164
8164
8166
8168
8169
8169
8169
8169
8172
8172
8173
8174
8176
8178
8179
8180
8180
8181
8183
8185
8186
8187
8187
8187
8187
8188
8191
8192
8195
8195
8197
8198
8200
8200
8200
8201
8201
8202
8203
8203
8204
8205
8209
8210
8210
8212
8213
8213
8214
8214
8217
8218
8218
8220
8220
8222
8223
8224
8225
8226
8228
8231
8232
8232
8233
8234
8236
8238
8238
8239
8242
8243
8244
8244
8246
8247
8249
8249
8250
8251
8252
8253
8253
8257
8257
8257
8257
8259
8259
8261
8262
8262
8263
8263
8263
8265
8266
8267
8268
8270
8272
8275
8275
8276
8276
8278
8279
8280
8280
8281
8281
8282
8283
8284
8284
8285
8285
8286
8287
8287
8288
8288
8289
8291
8293
8293
8294
8295
8295
8296
8297
8297
8299
8301
8302
8303
8303
8304
8305
8307
8307
8308
8310
8312
8316
8318
8318
8318
8319
8320
8320
8321
8326
8326
8327
8327
8328
8329
8329
8330
8330
8330
8332
8333
8333
8335
8335
8336
8336
8337
8339
8344
8346
8346
8347
8347
8347
8348
8350
8352
8353
8354
8355
8355
8357
8358
8360
8362
8362
8364
8364
8365
8365
8369
8370
8371
8375
8377
8377
8378
8378
8378
8380
8380
8381
8383
8383
8383
8385
8385
8385
8386
8388
8390
8390
8391
8392
8393
8393
8396
8397
8398
8401
8402
8402
8405
8406
8407
8407
8408
8408
8410
8410
8411
8411
8412
8413
8414
8415
8416
8417
8418
8418
8418
8419
8422
8422
8422
8423
8424
8426
8426
8428
8428
8429
8430
8430
8431
8432
8432
8432
8433
8434
8434
8438
8440
8440
8440
8440
8441
8444
8445
8449
8450
8450
8450
8452
8453
8455
8457
8457
8458
8459
8460
8462
8462
8464
8464
8465
8465
8465
8465
8467
8467
8467
8468
8468
8469
8469
8470
8470
8471
8471
8473
8476
8477
8477
8477
8477
8477
8478
8480
8482
8483
8484
8485
8488
8489
8491
8493
8494
8495
8495
8498
8498
8499
8500
8501
8501
8503
8503
8503
8507
8508
8508
8511
8513
8513
8515
8515
8516
8516
8517
8517
8518
8520
8521
8521
8522
8523
8523
8524
8525
8527
8528
8531
8534
8535
8536
8536
8537
8537
8539
8540
8540
8540
8540
8540
8541
8541
8543
8543
8544
8544
8546
8548
8549
8550
8550
8551
8552
8552
8552
8553
8555
8557
8559
8560
8560
8562
8562
8563
8565
8565
8566
8567
8568
8569
8571
8574
8574
8575
8575
8575
8578
8579
8580
8581
8581
8586
8586
8586
8588
8588
8588
8589
8589
8590
8590
8591
8592
8592
8593
8594
8597
8597
8599
8600
8601
8603
8603
8607
8608
8609
8611
8611
8611
8611
8613
8614
8616
8617
8618
8620
8620
8623
8623
8624
8625
8627
8627
8628
8629
8629
8629
8631
8631
8634
8635
8635
8642
8642
8643
8644
8644
8644
8644
8645
8647
8647
8648
8648
8649
8651
8652
8653
8653
8653
8653
8653
8654
8655
8657
8660
8662
8662
8664
8664
8667
8668
8668
8671
8671
8673
8673
8673
8674
8675
8676
8677
8677
8678
8678
8679
8682
8683
8683
8683
8684
8684
8685
8687
8690
8690
8690
8691
8691
8692
8693
8695
8696
8697
8698
8698
8699
8699
8699
8700
8701
8701
8701
8701
8703
8703
8704
8705
8707
8710
8711
8711
8712
8713
8715
8715
8716
8717
8718
8720
8720
8720
8721
8724
8727
8728
8728
8730
8731
8731
8732
8733
8734
8735
8736
8738
8739
8739
8739
8741
8741
8743
8744
8744
8745
8745
8745
8746
8747
8747
8748
8749
8750
8753
8753
8754
8756
8756
8757
8757
8759
8763
8763
8765
8765
8765
8766
8768
8768
8769
8771
8771
8772
8773
8776
8776
8778
8778
8779
8779
8779
8781
8783
8784
8784
8785
8787
8788
8788
8789
8790
8790
8791
8792
8793
8793
8796
8796
8797
8797
8798
8800
8801
8801
8802
8802
8803
8804
8804
8804
8805
8805
8805
8807
8807
8808
8808
8809
8809
8810
8811
8811
8812
8815
8815
8818
8821
8824
8824
8824
8824
8824
8826
8828
8828
8829
8829
8830
8832
8833
8835
8836
8837
8838
8842
8843
8845
8845
8847
8849
8850
8850
8851
8851
8851
8852
8852
8853
8853
8854
8854
8856
8857
8858
8858
8858
8861
8865
8868
8869
8869
8872
8873
8874
8874
8875
8876
8879
8879
8879
8879
8880
8880
8881
8881
8881
8881
8881
8884
8886
8887
8888
8889
8889
8890
8891
8892
8894
8894
8895
8895
8896
8898
8899
8899
8900
8901
8901
8902
8902
8904
8904
8904
8905
8906
8906
8907
8907
8907
8908
8909
8909
8911
8911
8911
8912
8912
8912
8912
8916
8918
8920
8920
8920
8921
8921
8921
8924
8925
8926
8930
8931
8931
8932
8932
8933
8933
8934
8934
8939
8940
8940
8941
8941
8944
8945
8946
8947
8949
8950
8950
8951
8951
8952
8952
8953
8953
8953
8955
8955
8957
8959
8959
8961
8963
8964
8964
8965
8966
8966
8966
8967
8967
8967
8968
8968
8969
8969
8970
8971
8972
8974
8974
8974
8975
8975
8975
8976
8976
8979
8980
8986
8989
8989
8989
8991
8993
8993
8994
8995
8995
8996
8996
8999
9000
9000
9001
9002
9003
9004
9004
9006
9008
9009
9009
9011
9012
9014
9017
9017
9018
9019
9020
9020
9021
9022
9022
9022
9023
9023
9023
9024
9024
9025
9025
9025
9027
9028
9031
9032
9035
9035
9036
9036
9037
9037
9038
9042
9042
9045
9046
9046
9049
9049
9050
9053
9054
9054
9054
9056
9057
9057
9057
9057
9057
9058
9059
9063
9065
9066
9066
9066
9067
9067
9070
9070
9070
9071
9072
9072
9073
9074
9075
9075
9075
9077
9078
9078
9078
9079
9081
9082
9082
9083
9085
9086
9088
9088
9089
9089
9089
9090
9091
9091
9091
9092
9093
9093
9093
9096
9098
9098
9099
9102
9102
9105
9105
9105
9106
9107
9107
9108
9108
9111
9111
9112
9114
9115
9116
9116
9116
9117
9118
9121
9122
9124
9125
9126
9127
9127
9128
9128
9128
9129
9129
9130
9131
9132
9132
9133
9134
9136
9136
9136
9139
9139
9139
9143
9144
9145
9146
9146
9147
9148
9148
9150
9151
9153
9154
9154
9154
9157
9159
9159
9160
9161
9162
9163
9164
9165
9168
9169
9171
9173
9178
9178
9180
9181
9181
9181
9181
9182
9183
9184
9185
9186
9188
9188
9191
9192
9193
9194
9194
9194
9195
9196
9197
9197
9199
9201
9201
9201
9201
9203
9204
9206
9207
9208
9209
9209
9211
9211
9213
9215
9216
9218
9219
9219
9219
9219
9220
9220
9223
9224
9224
9226
9227
9230
9232
9234
9235
9236
9237
9239
9240
9240
9243
9244
9244
9248
9248
9249
9249
9250
9251
9254
9255
9255
9255
9256
9256
9262
9263
9263
9264
9266
9266
9268
9268
9270
9270
9270
9272
9272
9273
9273
9274
9275
9275
9275
9275
9275
9277
9278
9279
9279
9280
9281
9282
9282
9286
9286
9287
9287
9289
9291
9293
9293
9293
9293
9295
9295
9298
9298
9298
9299
9301
9303
9303
9303
9304
9305
9305
9305
9306
9308
9311
9311
9312
9314
9315
9317
9318
9319
9322
9323
9324
9325
9325
9325
9326
9326
9326
9327
9328
9328
9329
9330
9333
9335
9336
9336
9337
9337
9337
9338
9339
9341
9342
9343
9346
9346
9347
9347
9348
9351
9351
9352
9354
9358
9358
9359
9360
9361
9364
9365
9366
9367
9367
9368
9369
9370
9371
9371
9372
9372
9374
9375
9375
9376
9376
9377
9377
9377
9377
9378
9380
9383
9384
9386
9388
9389
9390
9390
9391
9391
9391
9393
9395
9395
9398
9398
9402
9402
9402
9403
9403
9404
9404
9404
9405
9407
9410
9412
9414
9417
9418
9421
9421
9422
9422
9422
9423
9424
9426
9426
9427
9427
9428
9429
9429
9430
9431
9432
9432
9434
9434
9438
9439
9441
9442
9443
9444
9445
9446
9447
9449
9450
9451
9451
9453
9455
9457
9460
9463
9463
9464
9466
9467
9468
9469
9469
9469
9469
9470
9471
9472
9473
9474
9474
9476
9477
9477
9478
9480
9480
9482
9483
9483
9485
9488
9488
9488
9489
9489
9489
9491
9491
9492
9493
9493
9493
9494
9497
9497
9498
9498
9499
9499
9500
9501
9502
9503
9505
9507
9507
9508
9509
9510
9511
9513
9513
9513
9513
9514
9515
9515
9516
9516
9518
9521
9521
9523
9524
9524
9526
9528
9528
9529
9529
9529
9533
9534
9534
9535
9535
9535
9535
9538
9543
9543
9543
9546
9546
9546
9546
9549
9549
9551
9551
9551
9552
9553
9553
9555
9556
9557
9560
9560
9560
9561
9561
9562
9562
9563
9564
9565
9566
9567
9568
9568
9571
9572
9572
9572
9573
9575
9575
9578
9578
9578
9580
9582
9584
9585
9587
9589
9589
9589
9590
9594
9594
9594
9594
9596
9597
9599
9603
9604
9604
9605
9606
9606
9608
9608
9608
9609
9610
9610
9612
9613
9616
9616
9618
9619
9620
9622
9622
9622
9623
9624
9624
9626
9627
9629
9630
9630
9631
9631
9633
9633
9634
9635
9635
9637
9638
9640
9642
9644
9644
9644
9649
9650
9650
9651
9653
9653
9655
9656
9657
9659
9659
9659
9661
9662
9662
9663
9664
9665
9666
9666
9666
9668
9669
9669
9670
9671
9672
9675
9676
9677
9677
9678
9679
9680
9680
9681
9684
9685
9685
9686
9688
9688
9689
9690
9690
9691
9691
9694
9695
9696
9697
9697
9697
9697
9698
9698
9699
9701
9704
9705
9705
9706
9707
9707
9707
9709
9710
9712
9713
9715
9718
9718
9720
9721
9723
9723
9723
9723
9724
9725
9725
9729
9729
9731
9732
9733
9733
9734
9734
9734
9734
9735
9737
9738
9740
9740
9741
9741
9741
9742
9743
9743
9744
9744
9744
9745
9748
9751
9752
9752
9754
9755
9755
9756
9757
9758
9758
9763
9763
9764
9766
9768
9768
9770
9771
9771
9772
9772
9772
9773
9774
9775
9778
9780
9781
9781
9782
9783
9786
9787
9788
9790
9793
9794
9794
9803
9805
9805
9806
9807
9807
9808
9810
9811
9813
9813
9814
9814
9814
9814
9816
9817
9818
9819
9819
9819
9819
9820
9821
9821
9823
9825
9825
9826
9827
9827
9828
9828
9828
9829
9830
9830
9832
9832
9835
9835
9835
9835
9836
9838
9840
9841
9841
9842
9843
9844
9845
9846
9847
9849
9851
9851
9851
9854
9854
9855
9856
9857
9859
9860
9862
9862
9863
9864
9864
9867
9867
9869
9870
9870
9872
9872
9872
9872
9872
9873
9873
9875
9877
9877
9878
9878
9879
9879
9880
9880
9880
9882
9882
9882
9882
9883
9883
9883
9885
9887
9889
9890
9890
9891
9892
9893
9896
9896
9898
9899
9900
9900
9900
9901
9901
9901
9901
9908
9909
9909
9910
9911
9911
9911
9912
9912
9912
9914
9914
9915
9916
9918
9918
9919
9919
9920
9921
9921
9921
9921
9922
9922
9923
9926
9927
9928
9929
9930
9931
9934
9936
9938
9938
9938
9939
9939
9940
9941
9943
9943
9944
9945
9945
9946
9946
9947
9948
9949
9949
9950
9952
9952
9952
9953
9953
9954
9955
9955
9956
9958
9959
9959
9960
9960
9960
9961
9961
9965
9965
9965
9966
9967
9969
9970
9970
9970
9970
9970
9971
9971
9972
9973
9973
9974
9974
9975
9977
9977
9977
9978
9979
9980
9981
9983
9983
9984
9985
9985
9985
9986
9989
9989
9990
9991
9993
9994
9994
9995
9995
9995
9996
9996
