1
2
2
4
4
5
8
8
10
11
12
15
17
17
20
23
24
24
26
26
28
29
30
31
31
32
33
33
35
35
35
39
40
41
42
43
43
44
44
45
46
47
48
48
49
50
55
56
57
57
59
62
63
63
63
64
65
65
66
66
67
67
70
70
71
71
72
75
76
78
78
78
78
80
80
80
83
83
86
87
88
88
88
89
90
91
91
93
93
94
94
95
95
95
96
96
97
98
98
99
102
102
102
102
106
106
108
110
111
112
112
114
115
115
116
116
118
123
123
123
123
124
124
124
125
126
126
127
129
129
129
129
130
130
131
131
132
133
134
134
135
135
136
136
137
137
140
141
145
145
146
146
146
147
148
148
150
150
150
153
154
156
156
156
158
161
162
162
162
163
163
166
167
167
167
168
169
169
170
171
171
173
173
174
174
176
176
178
178
179
179
180
181
181
182
185
186
189
189
189
191
192
194
197
198
198
198
198
199
200
202
204
204
205
205
205
205
206
207
209
210
211
211
212
212
215
217
217
220
223
224
225
226
227
228
228
228
229
229
230
230
230
232
233
234
234
234
238
238
241
241
242
243
244
244
250
250
251
251
251
253
253
254
254
254
256
257
258
259
259
259
259
260
261
263
263
263
266
267
268
268
269
271
271
272
272
274
274
277
280
281
282
285
286
286
286
287
288
288
289
290
290
291
292
292
295
295
296
296
300
301
302
302
303
303
303
304
305
306
306
307
307
307
309
310
310
310
311
311
313
314
316
318
318
319
320
321
322
324
324
324
325
325
325
326
326
326
326
327
328
330
330
331
332
332
332
338
339
341
341
343
345
346
346
346
346
346
347
347
347
348
348
352
352
353
354
357
358
358
363
363
365
365
368
369
369
370
370
371
372
373
373
375
375
377
380
380
381
382
382
383
383
385
385
387
387
387
390
390
391
391
392
396
396
397
397
398
398
402
403
404
404
405
406
406
407
407
408
408
408
410
411
412
413
414
414
414
414
417
420
420
421
423
424
424
426
426
427
428
429
430
433
433
434
434
434
434
435
438
442
443
443
444
446
447
448
449
450
451
452
452
453
457
457
458
461
461
462
464
464
465
468
468
472
473
474
475
478
478
480
480
481
482
483
484
485
487
489
490
490
491
492
494
494
496
498
498
499
500
500
501
502
502
503
504
504
505
506
507
507
507
509
513
514
515
515
516
516
517
517
519
521
523
523
523
525
526
528
531
532
534
535
535
535
535
537
539
541
541
542
542
543
546
546
547
549
549
550
550
550
550
550
551
551
551
555
555
556
557
558
559
560
561
562
563
567
569
570
571
571
572
577
577
577
578
580
581
582
582
583
584
584
584
586
586
589
589
590
591
591
591
594
596
597
599
600
600
601
603
604
605
607
607
608
608
609
611
612
612
613
613
614
614
614
614
614
615
616
618
618
620
620
621
621
621
622
622
625
625
627
629
630
631
632
634
640
640
641
641
642
642
644
645
645
645
645
645
647
647
647
648
650
651
652
652
655
655
656
657
657
657
658
658
659
659
660
660
661
663
665
665
666
667
668
669
670
670
670
670
672
672
673
674
676
678
678
680
680
680
683
684
684
686
687
688
688
689
689
690
690
691
693
694
695
695
697
697
698
702
702
704
704
704
704
707
708
709
709
711
712
713
713
713
714
714
714
717
719
721
722
724
726
727
727
727
728
731
733
734
734
735
738
739
741
741
742
743
745
749
749
750
752
756
756
757
758
758
758
759
759
760
760
760
761
762
763
764
765
766
766
767
768
768
769
770
770
772
772
773
775
777
778
780
781
782
782
782
783
784
786
787
787
788
789
789
790
790
791
792
794
796
796
797
798
798
799
799
800
800
802
802
802
804
805
805
806
807
807
808
810
811
811
812
814
814
817
817
818
820
822
823
823
825
826
826
826
828
829
829
830
831
831
831
832
835
836
837
838
840
840
840
840
841
841
843
848
850
851
852
853
854
854
855
855
855
857
858
860
861
862
864
866
868
869
870
871
871
873
874
875
877
878
879
882
882
883
883
884
886
886
887
887
892
892
892
893
893
893
894
894
895
899
902
904
906
907
907
907
910
910
911
912
914
915
917
918
918
918
920
921
922
923
924
924
925
926
926
926
926
926
926
927
928
928
928
930
930
930
931
931
931
933
933
935
936
936
938
938
940
940
943
943
943
943
944
944
945
946
948
949
950
951
951
951
951
952
952
952
955
955
957
957
957
959
959
961
962
964
964
964
965
969
972
973
974
974
974
974
975
977
977
977
978
978
978
980
980
981
982
982
982
982
983
983
985
987
988
988
989
989
993
993
996
997
998
1000
1002
1002
1004
1007
1007
1008
1009
1011
1011
1015
1016
1017
1020
1021
1022
1023
1023
1024
1024
1025
1026
1028
1028
1030
1031
1031
1032
1034
1035
1035
1036
1039
1041
1042
1043
1045
1045
1046
1046
1047
1048
1049
1050
1050
1050
1051
1053
1055
1055
1056
1056
1057
1059
1059
1061
1061
1062
1062
1063
1063
1063
1063
1066
1067
1067
1067
1068
1069
1070
1071
1072
1073
1073
1075
1075
1076
1077
1077
1078
1078
1079
1079
1080
1081
1082
1083
1086
1093
1093
1094
1096
1096
1098
1098
1099
1102
1103
1105
1105
1106
1107
1107
1107
1107
1108
1110
1112
1112
1117
1122
1122
1124
1125
1125
1126
1127
1127
1127
1128
1128
1128
1129
1132
1134
1134
1138
1140
1141
1142
1142
1143
1144
1145
1145
1145
1146
1146
1150
1150
1151
1152
1155
1156
1157
1158
1159
1162
1162
1163
1163
1166
1167
1168
1168
1169
1171
1171
1172
1172
1172
1175
1176
1176
1178
1178
1178
1179
1181
1181
1181
1182
1182
1184
1184
1184
1186
1189
1190
1191
1192
1193
1194
1195
1196
1196
1196
1196
1197
1197
1200
1202
1202
1204
1206
1206
1208
1208
1210
1211
1215
1215
1216
1217
1219
1220
1222
1223
1223
1224
1224
1225
1227
1228
1228
1231
1231
1232
1232
1234
1234
1234
1235
1239
1240
1240
1241
1244
1246
1247
1247
1249
1249
1250
1252
1253
1254
1255
1257
1257
1258
1258
1260
1260
1261
1261
1264
1264
1265
1265
1265
1267
1269
1270
1270
1271
1271
1272
1275
1275
1276
1278
1279
1279
1279
1279
1279
1279
1281
1281
1283
1286
1286
1286
1289
1289
1289
1289
1290
1290
1290
1290
1292
1292
1292
1293
1294
1294
1295
1295
1296
1297
1298
1298
1299
1301
1302
1302
1303
1303
1303
1304
1307
1307
1308
1309
1309
1309
1310
1310
1312
1312
1314
1315
1315
1316
1316
1318
1319
1320
1320
1323
1324
1325
1327
1328
1328
1328
1330
1332
1332
1333
1334
1334
1335
1337
1337
1338
1339
1340
1340
1341
1341
1342
1342
1343
1345
1345
1346
1347
1347
1348
1351
1353
1355
1355
1355
1356
1359
1360
1362
1363
1365
1366
1369
1370
1372
1373
1375
1377
1378
1378
1381
1381
1382
1385
1385
1388
1389
1390
1392
1392
1392
1396
1398
1400
1400
1401
1402
1402
1404
1404
1405
1405
1406
1406
1407
1408
1408
1409
1410
1410
1410
1411
1411
1412
1412
1413
1413
1413
1414
1414
1417
1418
1420
1421
1422
1426
1426
1427
1428
1429
1429
1429
1429
1430
1430
1431
1432
1433
1434
1435
1436
1437
1437
1438
1438
1440
1441
1443
1443
1444
1444
1445
1447
1447
1447
1447
1448
1448
1448
1448
1449
1450
1454
1454
1455
1456
1457
1457
1459
1459
1461
1462
1462
1462
1462
1462
1463
1465
1466
1470
1470
1471
1474
1474
1476
1477
1479
1481
1482
1482
1482
1483
1484
1484
1486
1488
1489
1491
1491
1491
1492
1492
1496
1498
1499
1499
1501
1502
1502
1502
1505
1505
1505
1507
1510
1510
1511
1514
1514
1515
1516
1519
1520
1520
1521
1522
1523
1524
1527
1527
1529
1529
1530
1530
1530
1534
1535
1535
1537
1537
1538
1539
1540
1541
1541
1541
1543
1543
1544
1545
1545
1547
1549
1552
1555
1556
1558
1558
1560
1562
1562
1563
1563
1565
1566
1570
1570
1571
1574
1574
1575
1577
1578
1580
1581
1581
1581
1582
1584
1584
1585
1585
1586
1589
1590
1593
1594
1596
1597
1597
1598
1598
1599
1599
1599
1600
1600
1602
1602
1602
1604
1605
1606
1607
1607
1609
1610
1611
1612
1616
1617
1619
1620
1623
1624
1624
1627
1628
1629
1629
1629
1630
1632
1632
1633
1634
1636
1637
1637
1639
1639
1639
1641
1645
1645
1645
1646
1648
1649
1649
1650
1650
1651
1653
1655
1655
1655
1656
1656
1656
1656
1657
1657
1658
1658
1658
1660
1660
1661
1665
1666
1667
1670
1670
1671
1674
1675
1678
1678
1679
1680
1682
1683
1683
1683
1685
1685
1686
1686
1686
1687
1688
1688
1690
1691
1692
1692
1693
1694
1695
1696
1699
1699
1700
1701
1702
1704
1706
1707
1707
1707
1708
1710
1711
1715
1717
1718
1719
1722
1722
1723
1723
1724
1725
1725
1725
1726
1727
1728
1729
1730
1730
1730
1730
1731
1731
1731
1734
1735
1735
1737
1740
1742
1743
1745
1745
1748
1748
1750
1751
1751
1752
1758
1761
1762
1762
1764
1764
1766
1767
1767
1767
1771
1772
1772
1773
1774
1774
1777
1777
1777
1778
1778
1778
1782
1783
1783
1783
1784
1785
1786
1787
1791
1791
1794
1796
1796
1796
1797
1797
1798
1800
1800
1801
1801
1803
1804
1804
1805
1805
1805
1806
1808
1808
1808
1809
1809
1809
1810
1811
1811
1812
1813
1814
1815
1815
1815
1816
1818
1818
1820
1822
1822
1822
1823
1823
1823
1823
1823
1824
1825
1827
1827
1828
1828
1829
1829
1830
1830
1831
1831
1831
1832
1833
1833
1833
1835
1835
1836
1836
1836
1837
1838
1840
1841
1842
1847
1847
1848
1848
1849
1851
1854
1854
1854
1856
1857
1858
1859
1860
1861
1862
1865
1865
1866
1867
1868
1868
1868
1868
1868
1870
1870
1870
1871
1871
1871
1875
1875
1876
1876
1876
1877
1878
1881
1884
1884
1885
1885
1886
1886
1887
1887
1888
1890
1894
1894
1894
1896
1896
1896
1898
1900
1901
1903
1903
1904
1905
1906
1907
1908
1909
1910
1911
1911
1912
1912
1912
1913
1916
1917
1918
1919
1920
1921
1922
1923
1923
1923
1926
1927
1927
1928
1929
1930
1931
1931
1932
1932
1932
1933
1933
1934
1934
1937
1938
1939
1939
1940
1940
1942
1942
1943
1943
1943
1944
1945
1945
1948
1952
1952
1954
1954
1957
1957
1960
1961
1962
1964
1965
1965
1967
1967
1967
1968
1968
1969
1971
1971
1971
1972
1972
1973
1973
1974
1975
1975
1975
1977
1977
1978
1978
1978
1978
1979
1980
1981
1982
1982
1986
1986
1986
1987
1987
1987
1987
1988
1990
1990
1991
1991
1996
1997
2001
2003
2004
2005
2006
2006
2006
2006
2007
2009
2009
2009
2010
2010
2011
2011
2014
2015
2016
2017
2018
2018
2019
2019
2021
2022
2022
2024
2024
2025
2026
2026
2027
2028
2028
2029
2029
2029
2030
2032
2036
2038
2038
2038
2038
2039
2040
2041
2041
2042
2042
2043
2044
2046
2047
2047
2047
2048
2049
2049
2051
2051
2052
2055
2057
2057
2058
2059
2059
2060
2065
2066
2068
2068
2069
2069
2069
2070
2072
2072
2072
2073
2074
2075
2076
2079
2080
2081
2081
2081
2082
2083
2083
2084
2085
2085
2085
2085
2086
2087
2089
2091
2091
2092
2092
2094
2096
2097
2097
2098
2101
2103
2104
2104
2104
2104
2105
2105
2105
2107
2108
2108
2109
2109
2109
2115
2116
2118
2119
2120
2121
2121
2121
2122
2122
2122
2123
2126
2126
2129
2130
2130
2130
2131
2133
2133
2134
2135
2136
2136
2137
2137
2141
2141
2142
2142
2142
2142
2143
2143
2144
2145
2145
2145
2146
2148
2148
2150
2151
2151
2153
2153
2154
2154
2157
2157
2159
2159
2160
2161
2162
2163
2164
2164
2164
2165
2166
2166
2169
2169
2169
2171
2172
2174
2175
2175
2175
2176
2177
2177
2178
2178
2182
2183
2183
2184
2185
2187
2188
2188
2190
2190
2194
2194
2194
2194
2197
2198
2198
2198
2200
2202
2205
2206
2207
2207
2212
2213
2213
2215
2218
2218
2219
2220
2220
2222
2222
2223
2224
2224
2224
2226
2226
2228
2228
2228
2230
2232
2233
2235
2236
2237
2238
2240
2242
2244
2244
2244
2245
2249
2253
2253
2254
2256
2257
2260
2262
2262
2263
2264
2264
2266
2267
2267
2268
2269
2270
2272
2272
2273
2275
2277
2278
2280
2281
2281
2282
2283
2284
2286
2286
2286
2289
2290
2293
2293
2295
2296
2297
2298
2298
2300
2301
2301
2303
2304
2304
2306
2307
2307
2307
2307
2311
2313
2314
2315
2317
2318
2320
2320
2320
2322
2322
2323
2323
2324
2327
2327
2328
2329
2329
2330
2330
2330
2331
2333
2334
2335
2337
2339
2339
2341
2342
2343
2343
2344
2346
2347
2347
2347
2347
2350
2351
2352
2352
2354
2354
2355
2355
2356
2356
2358
2359
2361
2362
2364
2364
2365
2365
2366
2369
2370
2371
2372
2374
2374
2376
2376
2376
2377
2377
2377
2377
2378
2378
2378
2379
2379
2380
2381
2381
2383
2383
2385
2385
2385
2386
2387
2387
2387
2390
2391
2392
2393
2394
2395
2397
2397
2401
2404
2408
2411
2411
2411
2412
2413
2413
2415
2415
2416
2417
2417
2418
2418
2418
2420
2422
2423
2423
2424
2425
2427
2430
2433
2433
2434
2436
2437
2440
2441
2444
2445
2445
2445
2446
2447
2448
2450
2452
2452
2455
2455
2455
2456
2456
2457
2457
2459
2459
2459
2460
2460
2462
2465
2466
2466
2467
2467
2470
2472
2473
2473
2475
2476
2478
2479
2480
2482
2482
2483
2484
2484
2485
2485
2486
2487
2488
2489
2490
2491
2491
2491
2495
2498
2498
2499
2501
2502
2503
2504
2506
2506
2508
2508
2512
2512
2512
2513
2514
2515
2515
2515
2517
2518
2519
2519
2520
2521
2522
2522
2523
2524
2526
2526
2527
2527
2527
2529
2530
2530
2531
2532
2532
2533
2534
2536
2536
2537
2538
2539
2541
2542
2543
2543
2544
2546
2548
2548
2552
2552
2554
2555
2555
2557
2560
2560
2561
2562
2562
2563
2563
2563
2564
2566
2566
2568
2568
2569
2569
2572
2577
2577
2577
2578
2579
2580
2582
2582
2583
2583
2586
2586
2586
2586
2588
2589
2590
2591
2591
2593
2595
2595
2596
2596
2596
2597
2598
2598
2598
2600
2601
2601
2603
2608
2608
2609
2610
2612
2612
2612
2614
2614
2614
2615
2617
2618
2621
2622
2622
2622
2623
2628
2628
2631
2632
2634
2634
2635
2635
2635
2635
2636
2636
2638
2638
2638
2638
2640
2642
2645
2645
2646
2646
2647
2648
2651
2651
2652
2652
2653
2653
2658
2658
2660
2660
2661
2661
2661
2662
2663
2665
2665
2665
2665
2667
2669
2671
2672
2672
2673
2673
2675
2675
2675
2676
2679
2679
2684
2684
2684
2684
2685
2689
2689
2691
2691
2693
2693
2693
2693
2694
2694
2694
2695
2697
2698
2699
2699
2704
2704
2704
2708
2710
2710
2712
2712
2712
2712
2714
2716
2716
2717
2718
2722
2723
2724
2725
2726
2726
2728
2729
2729
2730
2730
2730
2732
2732
2733
2733
2735
2737
2738
2739
2740
2740
2741
2742
2742
2742
2743
2744
2745
2746
2746
2748
2748
2748
2751
2751
2752
2754
2754
2754
2755
2756
2757
2758
2758
2763
2763
2764
2765
2767
2767
2769
2770
2772
2772
2772
2773
2773
2773
2774
2776
2776
2777
2778
2779
2779
2780
2780
2781
2782
2783
2783
2785
2786
2786
2786
2788
2788
2788
2790
2791
2793
2793
2793
2794
2795
2795
2797
2797
2797
2798
2798
2798
2799
2799
2802
2803
2804
2807
2807
2809
2809
2811
2811
2811
2812
2812
2813
2814
2815
2817
2821
2821
2826
2827
2828
2829
2829
2830
2831
2832
2833
2833
2835
2836
2837
2838
2838
2839
2840
2841
2841
2841
2843
2844
2845
2845
2847
2847
2848
2848
2848
2850
2851
2852
2852
2852
2853
2853
2854
2855
2855
2857
2858
2858
2859
2860
2860
2860
2860
2861
2863
2863
2864
2867
2868
2868
2869
2870
2871
2872
2876
2877
2880
2882
2885
2885
2886
2887
2887
2888
2888
2889
2889
2890
2890
2895
2895
2897
2897
2898
2899
2901
2901
2902
2905
2907
2909
2910
2911
2913
2915
2916
2917
2918
2918
2919
2920
2920
2920
2924
2924
2926
2927
2927
2927
2928
2933
2934
2934
2935
2937
2939
2939
2942
2944
2944
2945
2947
2950
2951
2951
2952
2953
2956
2956
2960
2961
2961
2961
2961
2962
2963
2965
2967
2968
2968
2969
2969
2971
2972
2973
2974
2979
2979
2979
2980
2980
2981
2983
2983
2984
2984
2985
2985
2986
2987
2987
2988
2991
2992
2993
2994
2996
2996
2996
2999
2999
2999
2999
3001
3002
3003
3006
3007
3009
3014
3015
3017
3017
3017
3020
3021
3021
3022
3022
3023
3023
3023
3024
3024
3025
3026
3027
3027
3028
3028
3029
3031
3031
3031
3031
3033
3034
3035
3035
3037
3037
3038
3039
3040
3042
3042
3043
3044
3048
3048
3051
3052
3052
3053
3055
3055
3056
3057
3057
3058
3058
3061
3061
3061
3061
3063
3063
3065
3066
3069
3069
3070
3070
3070
3072
3075
3075
3075
3080
3080
3081
3082
3083
3084
3084
3084
3086
3087
3090
3090
3091
3093
3094
3094
3095
3096
3097
3098
3099
3099
3099
3100
3101
3102
3105
3105
3105
3105
3107
3107
3110
3112
3112
3113
3114
3115
3117
3119
3120
3120
3121
3121
3122
3123
3123
3125
3128
3130
3130
3131
3131
3134
3135
3135
3135
3137
3137
3139
3139
3139
3139
3140
3141
3145
3145
3146
3147
3148
3148
3149
3151
3153
3153
3156
3156
3156
3157
3159
3160
3160
3161
3164
3164
3166
3170
3171
3171
3172
3172
3173
3174
3174
3174
3175
3175
3176
3177
3179
3180
3180
3180
3183
3185
3187
3188
3189
3191
3192
3195
3196
3197
3197
3199
3199
3199
3201
3202
3204
3204
3206
3206
3207
3207
3209
3210
3211
3211
3213
3216
3217
3217
3217
3218
3218
3219
3220
3222
3222
3223
3224
3225
3226
3226
3227
3227
3230
3230
3232
3233
3235
3236
3236
3236
3236
3239
3240
3242
3243
3243
3245
3245
3246
3246
3249
3249
3250
3251
3251
3252
3254
3255
3256
3256
3257
3258
3258
3258
3261
3263
3265
3266
3267
3269
3271
3272
3273
3273
3273
3273
3274
3275
3275
3276
3277
3278
3280
3280
3280
3281
3281
3281
3282
3282
3282
3283
3285
3285
3288
3288
3289
3289
3290
3290
3291
3292
3293
3294
3295
3295
3295
3298
3300
3301
3301
3302
3305
3305
3310
3310
3311
3312
3313
3313
3313
3314
3314
3316
3319
3320
3320
3322
3322
3322
3323
3323
3323
3327
3327
3328
3328
3330
3331
3335
3336
3338
3338
3338
3338
3339
3339
3340
3341
3341
3343
3344
3345
3346
3346
3346
3352
3355
3355
3356
3359
3359
3360
3364
3365
3365
3366
3366
3367
3368
3369
3369
3370
3370
3370
3371
3371
3374
3374
3377
3377
3378
3379
3383
3383
3383
3384
3384
3384
3385
3385
3386
3387
3387
3387
3387
3387
3387
3388
3388
3389
3389
3389
3389
3390
3390
3391
3392
3392
3393
3395
3395
3396
3396
3397
3398
3398
3398
3398
3398
3399
3400
3403
3405
3406
3407
3407
3408
3411
3411
3412
3413
3413
3414
3414
3414
3418
3418
3418
3419
3420
3420
3421
3422
3423
3427
3427
3427
3429
3430
3431
3431
3432
3434
3435
3435
3435
3436
3437
3437
3437
3439
3440
3441
3442
3443
3444
3444
3444
3444
3446
3446
3446
3449
3450
3450
3452
3452
3452
3456
3456
3457
3457
3458
3458
3458
3459
3460
3461
3462
3462
3462
3462
3464
3465
3470
3470
3472
3472
3472
3474
3475
3476
3476
3477
3477
3477
3478
3478
3478
3479
3480
3481
3482
3482
3483
3483
3484
3486
3486
3487
3487
3488
3489
3489
3490
3494
3496
3497
3497
3499
3501
3502
3504
3505
3507
3508
3509
3510
3513
3513
3514
3514
3515
3517
3517
3518
3518
3518
3518
3518
3519
3519
3520
3522
3524
3524
3525
3525
3525
3525
3525
3525
3528
3529
3531
3531
3531
3531
3533
3534
3535
3535
3535
3537
3538
3538
3538
3538
3541
3541
3541
3542
3542
3542
3542
3543
3544
3545
3546
3548
3549
3550
3553
3554
3555
3556
3557
3557
3558
3560
3564
3565
3565
3566
3567
3567
3570
3572
3573
3574
3575
3576
3578
3581
3582
3582
3583
3583
3583
3584
3586
3587
3589
3589
3590
3590
3593
3594
3594
3595
3596
3597
3597
3598
3599
3601
3601
3601
3602
3603
3604
3604
3609
3610
3612
3612
3613
3615
3616
3616
3617
3617
3619
3619
3621
3622
3622
3623
3625
3625
3625
3627
3627
3627
3627
3628
3629
3630
3631
3633
3633
3634
3634
3636
3636
3636
3636
3639
3639
3640
3640
3641
3643
3643
3646
3646
3646
3646
3646
3647
3648
3649
3649
3649
3651
3652
3654
3655
3656
3658
3659
3659
3660
3660
3660
3660
3660
3661
3661
3661
3662
3663
3664
3664
3665
3666
3667
3668
3669
3670
3670
3670
3672
3672
3673
3673
3674
3675
3676
3677
3677
3678
3678
3680
3680
3680
3681
3683
3683
3683
3683
3684
3687
3687
3688
3689
3690
3692
3693
3694
3696
3696
3698
3698
3699
3700
3700
3700
3701
3701
3701
3702
3706
3707
3707
3708
3708
3710
3712
3712
3712
3715
3716
3716
3716
3717
3718
3720
3720
3721
3721
3723
3725
3726
3727
3729
3729
3729
3730
3730
3731
3732
3732
3733
3733
3734
3735
3736
3736
3737
3737
3737
3739
3740
3740
3741
3741
3742
3742
3742
3742
3744
3744
3745
3746
3746
3746
3747
3748
3749
3751
3754
3754
3754
3754
3755
3755
3756
3757
3757
3757
3758
3758
3758
3758
3759
3759
3759
3760
3760
3762
3764
3766
3767
3767
3770
3772
3773
3773
3774
3776
3778
3779
3780
3781
3782
3783
3783
3784
3785
3785
3786
3786
3790
3791
3792
3796
3798
3800
3800
3801
3802
3803
3803
3805
3806
3807
3807
3807
3809
3810
3810
3811
3812
3812
3812
3813
3813
3814
3814
3815
3816
3817
3817
3819
3819
3820
3820
3820
3821
3823
3824
3825
3825
3827
3827
3827
3828
3830
3831
3833
3834
3834
3835
3837
3837
3837
3837
3838
3838
3838
3839
3842
3845
3846
3848
3851
3851
3851
3851
3854
3854
3854
3855
3856
3856
3857
3857
3859
3860
3860
3863
3865
3866
3866
3867
3868
3870
3871
3871
3871
3873
3873
3873
3874
3875
3877
3877
3878
3878
3879
3880
3882
3883
3883
3886
3887
3887
3887
3888
3891
3892
3893
3893
3896
3897
3898
3899
3899
3900
3900
3901
3902
3902
3902
3902
3903
3903
3903
3904
3904
3906
3906
3907
3908
3908
3909
3910
3910
3911
3914
3915
3917
3920
3921
3922
3922
3923
3923
3925
3925
3929
3931
3931
3931
3931
3933
3933
3934
3936
3936
3936
3937
3939
3941
3942
3943
3945
3945
3946
3947
3947
3948
3949
3952
3953
3955
3957
3957
3957
3957
3959
3961
3962
3963
3964
3966
3969
3970
3971
3975
3976
3979
3979
3980
3981
3981
3982
3983
3983
3983
3983
3984
3984
3987
3988
3991
3992
3994
3994
3994
3997
3998
3998
3999
4000
4000
4002
4002
4003
4004
4005
4006
4007
4008
4009
4009
4011
4013
4013
4015
4017
4017
4017
4018
4018
4019
4021
4024
4025
4025
4026
4027
4027
4029
4030
4030
4035
4036
4036
4038
4039
4041
4042
4044
4044
4044
4044
4045
4045
4046
4048
4050
4051
4055
4056
4058
4059
4059
4060
4060
4060
4060
4063
4064
4064
4064
4065
4065
4066
4066
4067
4067
4068
4069
4069
4070
4071
4072
4073
4077
4077
4079
4079
4082
4083
4083
4087
4088
4089
4089
4089
4090
4091
4091
4095
4095
4097
4097
4097
4099
4101
4102
4104
4105
4106
4106
4107
4109
4112
4112
4112
4112
4114
4115
4116
4116
4118
4119
4119
4120
4120
4121
4124
4124
4124
4126
4126
4127
4128
4128
4129
4132
4135
4136
4137
4137
4137
4137
4137
4138
4138
4139
4139
4139
4140
4141
4141
4142
4148
4150
4151
4155
4157
4157
4158
4159
4160
4160
4160
4160
4161
4162
4163
4163
4165
4167
4169
4169
4170
4170
4171
4171
4174
4174
4175
4176
4176
4176
4179
4179
4180
4182
4183
4183
4184
4184
4185
4187
4188
4188
4189
4189
4190
4193
4193
4196
4196
4197
4199
4199
4200
4202
4204
4204
4204
4205
4207
4208
4210
4211
4212
4213
4214
4217
4219
4221
4222
4222
4222
4223
4223
4225
4225
4226
4228
4229
4229
4229
4231
4232
4233
4235
4235
4238
4238
4239
4239
4241
4241
4241
4242
4245
4245
4246
4246
4249
4249
4249
4250
4250
4250
4253
4254
4254
4254
4254
4254
4254
4255
4255
4258
4258
4260
4261
4261
4261
4261
4262
4262
4264
4265
4265
4265
4267
4267
4267
4268
4272
4272
4273
4274
4278
4279
4280
4282
4282
4283
4284
4285
4286
4286
4286
4287
4287
4287
4288
4289
4289
4290
4293
4293
4294
4295
4295
4296
4296
4297
4298
4298
4299
4299
4300
4301
4302
4302
4303
4305
4306
4306
4308
4308
4308
4309
4310
4313
4313
4315
4315
4315
4315
4316
4316
4317
4318
4318
4319
4325
4327
4328
4329
4331
4331
4332
4332
4332
4338
4340
4340
4341
4345
4346
4347
4349
4349
4350
4352
4353
4353
4354
4357
4357
4357
4359
4359
4360
4360
4361
4362
4363
4364
4365
4365
4366
4367
4368
4368
4369
4370
4371
4371
4371
4372
4373
4373
4375
4378
4380
4380
4381
4383
4385
4386
4386
4387
4389
4390
4391
4391
4393
4393
4394
4396
4396
4396
4397
4402
4405
4407
4407
4407
4408
4409
4411
4412
4414
4415
4416
4419
4421
4421
4424
4425
4427
4428
4429
4429
4429
4429
4429
4430
4431
4434
4436
4440
4441
4441
4445
4445
4445
4447
4448
4449
4450
4451
4453
4459
4462
4464
4465
4465
4466
4467
4468
4470
4470
4474
4475
4475
4476
4477
4477
4477
4478
4478
4478
4478
4479
4480
4480
4481
4481
4484
4485
4486
4487
4488
4489
4491
4491
4492
4496
4496
4497
4497
4500
4501
4502
4502
4502
4504
4504
4504
4506
4506
4506
4507
4507
4507
4508
4511
4511
4512
4512
4513
4514
4514
4517
4521
4522
4523
4523
4523
4524
4525
4527
4530
4530
4530
4531
4532
4533
4533
4533
4535
4535
4535
4535
4536
4536
4540
4541
4542
4546
4547
4549
4550
4551
4552
4553
4553
4553
4555
4556
4556
4557
4557
4557
4559
4561
4563
4563
4564
4568
4571
4574
4575
4576
4578
4579
4580
4582
4582
4582
4582
4583
4585
4585
4586
4587
4587
4588
4590
4590
4593
4594
4594
4595
4597
4599
4599
4600
4600
4600
4601
4603
4605
4605
4605
4606
4607
4607
4607
4609
4609
4610
4612
4612
4613
4617
4617
4618
4621
4621
4622
4624
4624
4624
4624
4626
4627
4628
4628
4628
4629
4634
4636
4636
4638
4638
4638
4639
4641
4641
4642
4643
4645
4645
4649
4649
4651
4653
4653
4655
4656
4657
4657
4657
4658
4658
4659
4660
4660
4661
4662
4662
4662
4663
4664
4666
4667
4668
4669
4670
4670
4674
4674
4675
4675
4676
4676
4677
4681
4682
4683
4683
4685
4685
4685
4686
4687
4687
4688
4688
4689
4689
4690
4691
4692
4693
4693
4693
4694
4694
4695
4695
4697
4697
4699
4700
4701
4702
4703
4703
4705
4705
4709
4710
4710
4711
4716
4718
4720
4721
4721
4721
4722
4723
4724
4724
4724
4724
4724
4728
4730
4731
4733
4733
4734
4737
4738
4739
4742
4744
4745
4747
4748
4750
4751
4752
4753
4753
4754
4755
4755
4756
4757
4757
4759
4762
4763
4765
4767
4767
4768
4772
4773
4774
4777
4778
4780
4780
4781
4782
4784
4786
4786
4787
4788
4788
4790
4790
4790
4791
4792
4794
4797
4797
4798
4798
4799
4800
4801
4802
4804
4805
4806
4808
4808
4809
4811
4812
4812
4812
4812
4813
4813
4814
4814
4815
4815
4817
4817
4817
4819
4819
4820
4821
4823
4823
4824
4824
4824
4825
4826
4826
4827
4827
4827
4828
4828
4829
4830
4831
4832
4832
4835
4836
4837
4838
4838
4840
4841
4842
4843
4843
4844
4844
4844
4845
4845
4849
4852
4853
4854
4855
4855
4857
4857
4857
4858
4859
4859
4860
4862
4862
4863
4864
4866
4867
4869
4871
4874
4875
4875
4876
4876
4877
4877
4878
4879
4881
4881
4882
4883
4883
4886
4886
4887
4889
4889
4890
4890
4891
4891
4897
4900
4900
4900
4901
4903
4904
4904
4904
4905
4905
4905
4906
4906
4907
4909
4911
4912
4912
4916
4918
4920
4921
4924
4926
4927
4928
4928
4929
4929
4930
4930
4932
4933
4935
4936
4937
4937
4938
4940
4942
4943
4943
4944
4945
4947
4948
4949
4949
4950
4951
4951
4951
4951
4951
4952
4953
4953
4954
4956
4956
4957
4957
4957
4958
4959
4960
4960
4964
4966
4970
4971
4972
4972
4974
4974
4974
4975
4976
4976
4977
4978
4978
4980
4980
4980
4981
4982
4983
4983
4983
4983
4983
4984
4984
4984
4984
4985
4985
4985
4986
4986
4987
4988
4989
4990
4990
4992
4992
4993
4994
4995
4995
4995
4998
4999
5002
5002
5003
5003
5004
5010
5011
5012
5012
5012
5013
5013
5014
5014
5015
5015
5017
5017
5018
5018
5019
5020
5021
5022
5023
5025
5026
5026
5027
5027
5030
5035
5036
5036
5038
5039
5039
5040
5044
5045
5046
5048
5048
5049
5050
5050
5051
5054
5054
5056
5057
5057
5057
5058
5058
5059
5059
5062
5063
5063
5064
5066
5067
5068
5068
5068
5072
5073
5074
5076
5080
5080
5080
5080
5081
5081
5084
5084
5086
5087
5088
5091
5091
5092
5093
5093
5094
5094
5095
5098
5100
5102
5103
5104
5104
5106
5108
5109
5109
5110
5111
5111
5113
5114
5114
5114
5115
5116
5116
5117
5119
5122
5122
5125
5126
5127
5128
5129
5130
5130
5131
5131
5135
5137
5139
5140
5142
5142
5142
5146
5147
5147
5147
5148
5151
5151
5152
5153
5154
5155
5156
5157
5158
5159
5161
5162
5165
5166
5167
5168
5168
5168
5168
5168
5171
5172
5173
5173
5174
5174
5175
5176
5176
5177
5178
5178
5179
5179
5180
5181
5183
5183
5185
5186
5188
5189
5190
5190
5190
5191
5193
5196
5196
5197
5198
5200
5200
5201
5201
5203
5203
5204
5205
5206
5208
5208
5209
5211
5212
5212
5213
5216
5216
5216
5217
5218
5218
5218
5223
5223
5223
5223
5224
5224
5224
5224
5232
5233
5233
5233
5234
5234
5235
5236
5236
5236
5237
5238
5239
5242
5242
5243
5243
5244
5244
5244
5245
5246
5248
5248
5248
5248
5249
5250
5252
5252
5252
5254
5254
5254
5256
5257
5258
5258
5261
5261
5262
5263
5263
5264
5267
5270
5271
5271
5277
5281
5282
5282
5284
5284
5284
5287
5288
5289
5291
5293
5293
5293
5293
5295
5295
5295
5296
5296
5297
5298
5299
5301
5302
5302
5304
5304
5310
5311
5312
5312
5312
5315
5317
5318
5318
5318
5319
5319
5320
5320
5321
5324
5324
5331
5331
5334
5335
5337
5342
5343
5344
5346
5346
5347
5347
5348
5349
5349
5350
5352
5353
5354
5354
5355
5355
5356
5358
5358
5358
5359
5359
5360
5361
5361
5361
5361
5361
5362
5363
5363
5363
5364
5366
5367
5369
5369
5370
5371
5371
5372
5376
5377
5377
5377
5377
5379
5381
5382
5383
5383
5383
5383
5385
5386
5386
5387
5387
5388
5388
5388
5389
5389
5393
5394
5395
5396
5396
5397
5397
5399
5401
5402
5402
5402
5403
5403
5407
5408
5410
5410
5412
5413
5414
5415
5415
5417
5418
5418
5419
5419
5419
5421
5421
5422
5423
5423
5425
5426
5427
5427
5427
5428
5430
5432
5433
5433
5441
5443
5445
5446
5446
5448
5451
5451
5452
5454
5455
5459
5459
5459
5463
5464
5465
5465
5465
5465
5468
5470
5470
5470
5470
5473
5473
5473
5474
5475
5476
5478
5479
5479
5480
5480
5481
5482
5483
5483
5484
5484
5485
5486
5487
5488
5490
5491
5492
5493
5493
5495
5495
5495
5497
5497
5498
5499
5499
5500
5500
5500
5500
5501
5502
5502
5504
5506
5506
5506
5507
5509
5509
5510
5512
5513
5513
5513
5514
5516
5516
5517
5518
5519
5524
5525
5526
5527
5528
5529
5529
5530
5530
5531
5532
5533
5538
5539
5540
5540
5543
5545
5545
5546
5546
5547
5551
5552
5553
5554
5556
5556
5557
5562
5563
5564
5564
5565
5566
5567
5574
5575
5576
5579
5579
5579
5579
5580
5580
5580
5581
5585
5588
5589
5590
5590
5590
5590
5591
5591
5592
5593
5594
5595
5596
5596
5597
5598
5598
5598
5602
5602
5606
5606
5607
5608
5608
5611
5611
5612
5612
5613
5613
5613
5613
5613
5615
5615
5616
5616
5618
5618
5619
5619
5620
5621
5622
5622
5622
5622
5623
5623
5624
5626
5626
5626
5627
5628
5628
5628
5630
5630
5631
5634
5635
5636
5640
5641
5642
5644
5645
5645
5645
5647
5648
5649
5651
5652
5652
5653
5655
5656
5659
5659
5661
5662
5663
5665
5665
5666
5666
5668
5669
5669
5671
5671
5672
5672
5673
5674
5674
5675
5675
5676
5677
5677
5679
5682
5682
5683
5684
5685
5686
5686
5687
5688
5690
5690
5692
5692
5692
5693
5694
5695
5695
5696
5696
5697
5697
5697
5698
5700
5701
5702
5702
5704
5704
5705
5706
5706
5706
5707
5708
5708
5710
5711
5711
5713
5713
5716
5717
5718
5718
5721
5721
5721
5722
5722
5722
5723
5724
5725
5725
5726
5727
5727
5728
5728
5728
5729
5729
5729
5731
5731
5731
5732
5733
5733
5734
5739
5740
5740
5741
5741
5742
5742
5744
5745
5748
5748
5748
5748
5750
5752
5759
5759
5760
5760
5763
5763
5763
5763
5763
5765
5766
5768
5768
5768
5769
5769
5769
5770
5770
5776
5776
5778
5778
5778
5779
5780
5781
5781
5782
5784
5785
5788
5789
5789
5792
5792
5794
5794
5794
5795
5798
5798
5799
5800
5806
5807
5809
5809
5811
5811
5811
5812
5812
5813
5814
5815
5815
5819
5820
5821
5822
5823
5824
5824
5824
5828
5830
5830
5832
5832
5832
5835
5837
5840
5842
5846
5847
5847
5847
5848
5849
5849
5852
5853
5853
5854
5855
5855
5860
5861
5861
5861
5862
5862
5864
5864
5865
5865
5865
5867
5867
5867
5869
5869
5870
5870
5871
5872
5873
5875
5875
5878
5879
5880
5880
5881
5881
5882
5882
5883
5883
5884
5884
5886
5886
5887
5888
5893
5895
5895
5896
5896
5896
5896
5897
5897
5898
5900
5900
5903
5903
5905
5905
5905
5906
5906
5907
5908
5908
5908
5909
5911
5913
5914
5915
5918
5918
5919
5919
5920
5921
5922
5922
5923
5924
5924
5925
5925
5927
5927
5929
5930
5930
5931
5933
5933
5934
5935
5936
5937
5938
5939
5940
5940
5941
5941
5942
5943
5944
5945
5945
5945
5945
5948
5948
5948
5949
5950
5950
5950
5953
5954
5958
5958
5958
5959
5961
5962
5963
5963
5964
5967
5968
5969
5969
5969
5970
5971
5972
5974
5975
5976
5976
5977
5978
5979
5979
5980
5981
5983
5985
5986
5987
5987
5988
5988
5989
5991
5992
5995
5995
5996
5997
5998
5999
5999
5999
6000
6002
6003
6004
6006
6006
6008
6008
6011
6014
6014
6015
6016
6019
6019
6020
6021
6022
6022
6022
6023
6024
6029
6030
6031
6031
6032
6032
6033
6034
6034
6034
6035
6035
6035
6036
6037
6037
6038
6038
6038
6040
6041
6042
6042
6042
6045
6045
6048
6048
6051
6051
6051
6052
6052
6053
6055
6057
6058
6059
6060
6061
6065
6066
6066
6068
6070
6071
6071
6074
6075
6077
6078
6079
6079
6081
6081
6082
6082
6083
6084
6084
6085
6085
6085
6086
6088
6088
6089
6089
6091
6091
6091
6091
6093
6093
6093
6094
6095
6098
6099
6103
6103
6103
6104
6105
6107
6109
6110
6111
6112
6112
6113
6114
6115
6115
6115
6117
6117
6117
6118
6118
6118
6118
6118
6120
6121
6121
6123
6125
6127
6127
6128
6128
6129
6129
6131
6132
6135
6136
6137
6139
6140
6141
6141
6141
6141
6142
6147
6147
6147
6148
6151
6151
6152
6152
6153
6155
6155
6155
6156
6156
6157
6158
6158
6158
6159
6161
6161
6161
6162
6163
6164
6170
6173
6173
6173
6176
6178
6178
6179
6179
6181
6185
6185
6186
6186
6186
6188
6188
6188
6190
6193
6194
6195
6195
6198
6199
6201
6201
6202
6202
6203
6203
6204
6205
6205
6205
6206
6208
6208
6208
6210
6211
6213
6214
6214
6215
6215
6215
6216
6217
6219
6220
6221
6222
6223
6223
6223
6223
6224
6224
6225
6225
6226
6226
6226
6229
6230
6230
6231
6232
6232
6233
6233
6234
6234
6237
6238
6239
6240
6240
6241
6243
6243
6245
6245
6247
6247
6248
6248
6250
6251
6253
6255
6255
6257
6258
6260
6260
6261
6262
6264
6266
6267
6269
6270
6271
6271
6272
6273
6274
6276
6279
6279
6280
6282
6282
6282
6283
6283
6283
6283
6284
6286
6287
6290
6292
6293
6294
6296
6301
6302
6302
6303
6303
6306
6307
6307
6308
6309
6309
6311
6311
6311
6311
6312
6314
6315
6316
6317
6319
6320
6321
6322
6324
6326
6327
6328
6328
6329
6329
6330
6330
6330
6330
6332
6334
6334
6336
6338
6339
6340
6341
6342
6342
6343
6344
6344
6344
6345
6346
6347
6349
6350
6350
6351
6351
6354
6358
6358
6358
6359
6359
6359
6360
6361
6362
6362
6363
6363
6364
6367
6368
6369
6371
6372
6372
6374
6374
6375
6376
6377
6378
6378
6379
6380
6381
6381
6382
6385
6389
6389
6392
6394
6395
6395
6396
6396
6397
6397
6401
6401
6401
6405
6407
6407
6407
6410
6410
6414
6416
6416
6416
6417
6417
6417
6420
6423
6423
6424
6424
6426
6433
6433
6435
6435
6439
6439
6441
6441
6441
6441
6441
6442
6442
6442
6442
6443
6443
6446
6447
6447
6448
6448
6449
6449
6452
6452
6452
6454
6454
6457
6458
6458
6458
6458
6459
6460
6461
6462
6464
6465
6465
6466
6467
6468
6472
6472
6472
6473
6475
6475
6476
6478
6479
6481
6487
6487
6488
6488
6489
6490
6491
6491
6492
6493
6494
6495
6496
6496
6496
6498
6498
6499
6500
6500
6501
6504
6505
6506
6506
6507
6508
6509
6511
6511
6513
6513
6514
6514
6514
6515
6515
6515
6515
6516
6518
6518
6518
6520
6520
6520
6523
6525
6527
6529
6530
6531
6531
6532
6532
6532
6533
6534
6534
6534
6534
6535
6536
6537
6538
6538
6538
6538
6538
6539
6541
6541
6543
6543
6543
6545
6547
6549
6550
6552
6552
6552
6552
6553
6554
6555
6556
6558
6559
6559
6561
6563
6568
6569
6569
6570
6570
6572
6573
6573
6574
6574
6575
6575
6577
6577
6577
6579
6580
6581
6581
6581
6583
6584
6584
6585
6586
6588
6588
6589
6589
6590
6591
6593
6595
6595
6596
6598
6599
6599
6600
6600
6601
6602
6604
6605
6605
6607
6609
6609
6610
6610
6611
6612
6613
6614
6614
6615
6616
6617
6617
6619
6620
6620
6621
6624
6625
6625
6626
6626
6627
6627
6628
6629
6631
6631
6635
6635
6635
6636
6637
6637
6638
6638
6639
6643
6643
6644
6646
6646
6649
6650
6650
6651
6651
6652
6653
6653
6653
6655
6656
6658
6658
6660
6661
6663
6664
6664
6665
6665
6665
6665
6666
6666
6667
6667
6667
6667
6668
6668
6669
6669
6670
6673
6674
6675
6681
6682
6683
6683
6683
6684
6684
6685
6685
6686
6686
6686
6687
6688
6689
6692
6692
6693
6693
6693
6693
6694
6694
6695
6695
6695
6697
6697
6699
6699
6702
6702
6703
6703
6703
6704
6706
6708
6708
6711
6712
6714
6715
6718
6718
6718
6718
6719
6719
6723
6725
6725
6726
6727
6729
6729
6729
6730
6733
6734
6734
6734
6735
6737
6737
6738
6738
6740
6742
6742
6743
6743
6745
6746
6748
6750
6750
6751
6751
6752
6753
6753
6754
6754
6755
6760
6761
6765
6765
6767
6768
6768
6771
6771
6772
6773
6774
6775
6775
6776
6776
6776
6779
6780
6783
6784
6784
6784
6787
6788
6789
6789
6790
6790
6792
6793
6794
6794
6795
6797
6801
6801
6802
6802
6803
6804
6806
6807
6809
6810
6810
6812
6812
6813
6813
6813
6815
6815
6816
6817
6818
6819
6820
6821
6822
6823
6823
6825
6826
6827
6827
6830
6831
6831
6834
6835
6836
6837
6838
6839
6840
6841
6842
6842
6843
6846
6846
6846
6847
6848
6849
6849
6850
6850
6854
6856
6863
6863
6864
6865
6865
6866
6866
6867
6868
6869
6875
6876
6877
6877
6878
6879
6879
6880
6882
6882
6883
6883
6888
6890
6890
6892
6892
6894
6894
6894
6896
6896
6897
6898
6899
6899
6905
6907
6910
6911
6912
6914
6915
6916
6917
6917
6917
6918
6918
6919
6919
6920
6920
6921
6922
6923
6923
6924
6925
6925
6926
6926
6927
6928
6928
6929
6929
6931
6932
6934
6935
6935
6936
6939
6940
6940
6941
6941
6942
6943
6946
6946
6948
6949
6949
6950
6950
6951
6951
6952
6952
6952
6954
6954
6955
6956
6958
6958
6959
6961
6961
6961
6963
6964
6964
6966
6969
6971
6972
6973
6974
6974
6975
6977
6978
6978
6980
6983
6986
6987
6988
6989
6991
6991
6992
6993
6998
6999
7000
7001
7002
7004
7004
7004
7004
7006
7007
7008
7008
7013
7013
7014
7014
7017
7020
7020
7021
7021
7022
7023
7025
7025
7026
7027
7027
7028
7029
7031
7033
7033
7035
7035
7035
7037
7039
7041
7044
7044
7045
7047
7047
7048
7048
7048
7049
7050
7050
7052
7052
7054
7054
7055
7055
7055
7058
7059
7061
7064
7064
7065
7066
7067
7069
7069
7070
7070
7071
7073
7074
7074
7075
7077
7079
7079
7082
7082
7082
7083
7084
7085
7086
7086
7088
7088
7089
7092
7093
7094
7095
7095
7096
7098
7099
7100
7100
7101
7102
7103
7104
7104
7104
7106
7106
7107
7108
7108
7110
7110
7110
7111
7113
7114
7114
7114
7117
7119
7119
7120
7120
7121
7121
7124
7124
7126
7126
7127
7129
7131
7131
7134
7135
7136
7136
7136
7137
7138
7139
7139
7139
7140
7141
7141
7141
7142
7142
7142
7145
7146
7147
7147
7148
7152
7155
7156
7157
7158
7158
7160
7161
7161
7161
7162
7162
7164
7167
7167
7168
7168
7170
7170
7171
7174
7175
7176
7179
7179
7181
7184
7186
7187
7188
7188
7190
7192
7192
7192
7194
7194
7195
7195
7195
7196
7197
7198
7199
7199
7200
7200
7203
7204
7204
7204
7205
7205
7206
7207
7212
7213
7213
7214
7215
7216
7217
7218
7218
7220
7220
7222
7223
7223
7225
7227
7227
7230
7231
7232
7234
7234
7235
7236
7236
7237
7237
7237
7242
7246
7246
7246
7247
7247
7250
7252
7252
7253
7254
7255
7256
7257
7257
7259
7262
7264
7265
7265
7266
7267
7267
7268
7268
7269
7269
7269
7270
7270
7271
7272
7272
7272
7273
7275
7281
7282
7282
7282
7282
7283
7286
7286
7288
7289
7289
7290
7292
7294
7294
7295
7296
7296
7297
7300
7300
7301
7301
7304
7305
7307
7308
7309
7311
7311
7311
7312
7312
7314
7314
7315
7315
7316
7318
7318
7318
7318
7318
7319
7319
7319
7321
7324
7326
7326
7327
7327
7328
7330
7330
7331
7332
7334
7334
7336
7339
7340
7340
7340
7340
7341
7341
7344
7344
7345
7346
7346
7347
7349
7350
7350
7351
7351
7355
7355
7356
7356
7357
7359
7360
7360
7361
7361
7362
7363
7364
7365
7365
7365
7367
7367
7368
7368
7368
7371
7371
7371
7372
7372
7372
7374
7376
7376
7377
7380
7381
7382
7384
7386
7389
7390
7391
7391
7391
7392
7393
7393
7395
7397
7397
7398
7401
7402
7402
7405
7405
7405
7408
7409
7412
7413
7414
7414
7414
7415
7416
7417
7417
7418
7419
7419
7419
7420
7422
7424
7424
7428
7429
7429
7430
7430
7430
7431
7432
7432
7434
7434
7435
7437
7437
7438
7438
7441
7443
7445
7445
7446
7446
7446
7448
7450
7450
7450
7450
7452
7453
7453
7453
7454
7454
7454
7455
7456
7457
7457
7458
7463
7464
7464
7469
7469
7470
7471
7472
7472
7474
7474
7475
7475
7477
7478
7479
7480
7480
7480
7481
7483
7483
7483
7483
7485
7487
7489
7491
7492
7492
7492
7493
7493
7494
7494
7494
7495
7496
7498
7499
7499
7500
7502
7502
7503
7505
7505
7505
7506
7506
7509
7510
7510
7510
7512
7512
7512
7513
7515
7516
7516
7517
7518
7518
7519
7519
7520
7520
7521
7521
7521
7521
7522
7522
7526
7527
7530
7531
7531
7532
7533
7534
7535
7538
7538
7538
7539
7540
7542
7542
7544
7547
7547
7548
7548
7549
7549
7550
7551
7551
7552
7553
7555
7556
7561
7562
7562
7562
7562
7563
7563
7564
7565
7567
7567
7570
7572
7573
7574
7574
7576
7576
7576
7578
7578
7579
7580
7581
7581
7581
7582
7582
7583
7583
7586
7588
7589
7589
7591
7593
7593
7593
7593
7594
7594
7595
7597
7597
7597
7597
7600
7601
7601
7602
7603
7604
7605
7605
7606
7607
7608
7609
7613
7613
7615
7615
7619
7620
7621
7622
7622
7623
7624
7624
7624
7628
7628
7630
7632
7634
7634
7634
7638
7639
7639
7640
7641
7644
7644
7645
7646
7649
7652
7655
7655
7655
7660
7662
7663
7665
7665
7666
7666
7666
7667
7671
7671
7672
7672
7674
7674
7675
7676
7676
7676
7679
7679
7680
7680
7680
7681
7682
7682
7682
7683
7684
7684
7685
7687
7688
7688
7689
7690
7690
7690
7693
7693
7694
7696
7698
7699
7700
7700
7700
7703
7703
7708
7709
7710
7712
7712
7712
7712
7713
7715
7716
7716
7717
7717
7718
7718
7719
7719
7719
7720
7720
7720
7721
7721
7722
7722
7723
7724
7724
7726
7726
7728
7728
7728
7730
7731
7731
7731
7732
7732
7733
7734
7734
7734
7736
7738
7738
7743
7744
7747
7748
7748
7749
7751
7753
7755
7756
7756
7757
7758
7758
7759
7760
7760
7760
7760
7760
7760
7764
7764
7766
7770
7771
7777
7777
7779
7781
7781
7783
7784
7785
7785
7785
7786
7786
7787
7788
7788
7789
7791
7791
7792
7793
7794
7795
7795
7796
7797
7798
7799
7801
7801
7801
7803
7803
7804
7806
7809
7813
7814
7815
7816
7817
7818
7818
7819
7821
7822
7823
7823
7826
7826
7828
7829
7829
7829
7832
7834
7835
7835
7836
7836
7836
7837
7838
7838
7841
7841
7841
7841
7842
7844
7844
7844
7844
7845
7846
7846
7848
7848
7848
7853
7854
7857
7858
7860
7861
7861
7862
7862
7863
7863
7865
7866
7866
7866
7867
7867
7870
7870
7871
7872
7872
7874
7876
7877
7877
7879
7880
7881
7882
7883
7883
7884
7885
7885
7886
7886
7886
7889
7889
7890
7890
7891
7891
7893
7893
7897
7897
7897
7899
7899
7899
7899
7900
7902
7904
7906
7906
7908
7909
7910
7910
7910
7911
7911
7914
7914
7914
7914
7915
7916
7919
7919
7919
7919
7920
7920
7921
7922
7922
7924
7925
7927
7928
7929
7929
7931
7932
7932
7933
7934
7934
7935
7935
7936
7937
7941
7943
7944
7945
7945
7945
7949
7949
7949
7950
7950
7951
7951
7954
7955
7955
7957
7958
7958
7958
7959
7959
7959
7960
7961
7961
7961
7962
7962
7963
7963
7963
7965
7965
7966
7968
7968
7968
7970
7974
7975
7975
7975
7980
7980
7982
7982
7984
7984
7985
7985
7985
7988
7988
7989
7991
7992
7994
7995
7997
7997
7999
8000
8002
8002
8003
8004
8004
8006
8006
8006
8007
8008
8008
8009
8009
8010
8010
8013
8014
8014
8015
8015
8016
8017
8017
8017
8019
8020
8021
8021
8023
8024
8024
8025
8026
8029
8032
8033
8033
8034
8034
8035
8037
8040
8041
8042
8043
8043
8044
8044
8045
8046
8047
8048
8048
8049
8050
8053
8053
8053
8055
8056
8058
8060
8060
8063
8063
8064
8065
8065
8068
8069
8069
8071
8073
8074
8075
8078
8078
8078
8078
8079
8080
8082
8082
8083
8083
8084
8086
8086
8089
8092
8096
8097
8097
8099
8099
8100
8100
8101
8101
8101
8103
8103
8103
8104
8104
8108
8109
8109
8110
8110
8111
8114
8120
8124
8125
8126
8129
8130
8133
8133
8134
8134
8135
8136
8137
8137
8137
8138
8138
8139
8140
8140
8140
8141
8142
8142
8143
8143
8144
8145
8146
8146
8146
8146
8147
8147
8148
8148
8148
8149
8152
8153
8154
8154
8158
8159
8159
8159
8160
8160
8160
8161
8161
8161
8162
8162
8163
8163
8163
8164
8165
8167
8170
8171
8173
8176
8176
8178
8179
8180
8181
8184
8186
8187
8187
8188
8190
8190
8193
8197
8197
8198
8202
8203
8203
8204
8208
8209
8210
8212
8212
8214
8215
8217
8217
8220
8221
8223
8223
8224
8226
8226
8227
8227
8229
8229
8229
8231
8235
8236
8236
8238
8238
8238
8240
8240
8240
8243
8245
8246
8248
8249
8251
8251
8252
8253
8253
8253
8255
8255
8256
8256
8258
8259
8259
8261
8262
8263
8264
8265
8267
8267
8269
8270
8272
8273
8273
8273
8274
8275
8276
8276
8277
8278
8281
8282
8282
8283
8284
8284
8287
8291
8291
8295
8295
8297
8298
8300
8301
8302
8303
8303
8305
8305
8307
8308
8308
8310
8311
8312
8312
8316
8317
8318
8318
8320
8321
8323
8324
8324
8325
8326
8326
8327
8327
8329
8330
8332
8334
8334
8339
8339
8341
8342
8343
8345
8346
8346
8347
8350
8355
8355
8356
8356
8357
8357
8359
8359
8365
8365
8369
8369
8369
8370
8370
8371
8371
8373
8374
8374
8375
8375
8376
8377
8377
8378
8378
8382
8382
8383
8383
8383
8386
8387
8387
8388
8389
8390
8390
8390
8391
8391
8394
8395
8395
8396
8398
8398
8400
8402
8402
8403
8408
8409
8410
8413
8414
8415
8417
8420
8421
8423
8425
8426
8427
8427
8427
8428
8430
8432
8432
8432
8433
8434
8434
8435
8435
8436
8438
8440
8442
8442
8445
8445
8446
8450
8450
8451
8452
8454
8454
8455
8457
8458
8458
8463
8463
8464
8465
8465
8469
8470
8471
8472
8472
8472
8473
8473
8477
8478
8481
8484
8484
8488
8488
8490
8491
8494
8495
8495
8496
8497
8497
8500
8500
8503
8503
8503
8504
8504
8506
8506
8509
8511
8512
8512
8513
8516
8518
8518
8519
8521
8524
8524
8525
8528
8530
8531
8531
8532
8534
8535
8536
8537
8540
8540
8542
8542
8543
8544
8545
8546
8547
8547
8547
8547
8547
8548
8551
8551
8553
8553
8553
8554
8554
8558
8559
8559
8561
8561
8561
8561
8562
8563
8563
8564
8566
8567
8567
8570
8572
8573
8575
8576
8576
8577
8577
8578
8579
8581
8584
8584
8584
8585
8585
8586
8587
8588
8589
8589
8590
8592
8593
8593
8594
8597
8600
8601
8601
8601
8603
8603
8606
8607
8607
8609
8609
8610
8612
8614
8616
8617
8617
8619
8620
8623
8624
8627
8628
8628
8628
8628
8628
8629
8630
8630
8631
8631
8632
8635
8636
8636
8639
8643
8643
8644
8644
8648
8648
8648
8650
8651
8652
8654
8654
8656
8657
8658
8659
8659
8661
8662
8662
8662
8663
8664
8666
8668
8668
8670
8671
8672
8672
8672
8673
8675
8676
8676
8676
8677
8679
8680
8680
8681
8683
8684
8684
8685
8685
8686
8687
8687
8688
8690
8690
8692
8693
8693
8693
8694
8695
8695
8697
8698
8698
8698
8698
8699
8700
8700
8702
8704
8704
8705
8707
8711
8713
8718
8718
8718
8719
8720
8722
8725
8732
8732
8733
8734
8734
8735
8735
8735
8736
8739
8740
8740
8741
8742
8742
8742
8742
8743
8743
8746
8747
8747
8747
8747
8748
8750
8750
8753
8753
8753
8754
8754
8755
8756
8758
8758
8759
8760
8765
8766
8766
8767
8768
8772
8774
8774
8775
8776
8776
8776
8776
8776
8776
8777
8780
8781
8785
8785
8785
8786
8787
8787
8789
8789
8789
8790
8792
8792
8794
8794
8795
8795
8795
8796
8797
8798
8799
8800
8803
8804
8804
8805
8806
8806
8806
8807
8807
8811
8812
8812
8813
8814
8814
8814
8815
8815
8820
8821
8824
8824
8825
8826
8827
8830
8830
8830
8830
8831
8833
8833
8833
8833
8834
8835
8835
8836
8836
8837
8837
8837
8837
8838
8840
8841
8841
8841
8842
8843
8845
8845
8845
8848
8849
8851
8853
8853
8853
8854
8854
8854
8855
8858
8860
8860
8860
8864
8866
8868
8871
8872
8872
8873
8876
8878
8879
8880
8880
8881
8883
8884
8885
8886
8886
8886
8887
8888
8888
8888
8888
8889
8890
8891
8894
8894
8895
8897
8897
8899
8900
8900
8900
8901
8903
8904
8905
8906
8906
8908
8908
8909
8909
8912
8913
8915
8915
8916
8917
8919
8920
8921
8923
8923
8925
8927
8928
8930
8933
8935
8936
8936
8940
8940
8941
8941
8942
8945
8946
8946
8948
8950
8951
8952
8953
8955
8956
8957
8960
8960
8960
8960
8963
8963
8964
8967
8967
8967
8968
8968
8969
8969
8969
8971
8972
8973
8974
8974
8974
8976
8977
8979
8983
8983
8984
8984
8985
8987
8988
8988
8992
8993
8993
8994
8996
8997
9001
9004
9006
9007
9007
9008
9008
9009
9009
9011
9011
9012
9012
9014
9014
9016
9016
9016
9016
9017
9018
9020
9021
9021
9022
9024
9024
9024
9025
9025
9025
9026
9027
9027
9027
9028
9029
9029
9030
9031
9031
9032
9034
9035
9035
9036
9036
9036
9037
9037
9037
9037
9039
9041
9042
9042
9042
9043
9043
9046
9048
9049
9051
9051
9051
9051
9051
9053
9054
9054
9055
9056
9056
9057
9059
9059
9059
9060
9060
9062
9062
9063
9064
9064
9066
9066
9066
9066
9066
9066
9070
9071
9071
9072
9074
9075
9075
9077
9077
9078
9080
9084
9085
9086
9087
9088
9089
9090
9090
9094
9095
9096
9097
9099
9100
9100
9103
9104
9105
9105
9106
9109
9110
9110
9111
9111
9111
9112
9112
9113
9114
9116
9117
9118
9118
9119
9119
9120
9121
9124
9125
9125
9128
9130
9130
9130
9131
9132
9133
9135
9137
9137
9137
9138
9138
9141
9142
9142
9143
9143
9143
9143
9145
9145
9145
9146
9149
9149
9150
9153
9153
9157
9159
9160
9161
9163
9164
9164
9164
9166
9166
9166
9167
9169
9169
9171
9172
9173
9173
9174
9175
9176
9176
9177
9178
9179
9180
9181
9181
9183
9183
9185
9185
9187
9188
9189
9191
9193
9194
9196
9197
9197
9197
9197
9198
9199
9199
9202
9202
9202
9202
9202
9203
9203
9204
9207
9208
9213
9213
9215
9216
9216
9216
9217
9217
9217
9218
9219
9225
9226
9226
9227
9228
9230
9230
9232
9232
9233
9233
9235
9236
9237
9237
9239
9239
9241
9241
9242
9242
9242
9244
9244
9245
9245
9246
9247
9247
9248
9248
9249
9249
9249
9253
9255
9257
9258
9258
9259
9260
9263
9263
9265
9266
9268
9269
9269
9270
9270
9271
9272
9272
9274
9276
9276
9277
9277
9277
9278
9279
9279
9279
9279
9281
9282
9283
9284
9285
9288
9291
9291
9292
9292
9292
9297
9298
9299
9300
9303
9303
9303
9305
9305
9307
9307
9308
9310
9313
9315
9316
9316
9317
9319
9319
9319
9320
9321
9321
9323
9324
9325
9326
9326
9326
9327
9327
9328
9328
9329
9329
9329
9330
9332
9332
9334
9336
9338
9339
9341
9342
9342
9343
9343
9343
9344
9345
9346
9346
9348
9348
9348
9349
9349
9349
9349
9351
9352
9352
9354
9354
9355
9356
9358
9358
9358
9358
9360
9360
9361
9362
9362
9363
9364
9365
9366
9366
9367
9368
9368
9369
9369
9372
9373
9374
9376
9376
9377
9377
9378
9379
9379
9383
9384
9385
9387
9387
9388
9388
9388
9389
9390
9390
9392
9392
9395
9395
9396
9396
9396
9399
9400
9400
9401
9401
9403
9403
9404
9404
9405
9406
9407
9409
9410
9411
9411
9411
9413
9414
9414
9417
9423
9424
9424
9425
9426
9427
9428
9429
9429
9432
9432
9433
9434
9434
9434
9435
9435
9439
9443
9445
9446
9446
9447
9448
9448
9450
9450
9452
9452
9455
9456
9457
9460
9462
9463
9464
9464
9464
9465
9468
9468
9468
9468
9469
9470
9470
9471
9471
9472
9473
9474
9475
9476
9478
9478
9479
9479
9480
9481
9482
9482
9484
9486
9486
9488
9490
9491
9492
9493
9496
9496
9496
9497
9497
9497
9500
9504
9504
9507
9508
9510
9510
9511
9511
9513
9514
9514
9516
9517
9518
9520
9520
9521
9522
9524
9524
9525
9525
9526
9527
9528
9528
9529
9530
9530
9530
9530
9533
9534
9534
9538
9538
9540
9541
9541
9543
9544
9545
9545
9548
9548
9549
9550
9551
9553
9553
9553
9555
9556
9557
9558
9559
9559
9560
9561
9561
9562
9566
9567
9567
9568
9568
9570
9571
9571
9571
9573
9573
9574
9574
9574
9575
9576
9577
9577
9578
9579
9580
9580
9582
9582
9582
9584
9585
9585
9588
9588
9589
9593
9593
9594
9598
9598
9600
9602
9604
9605
9606
9607
9608
9608
9609
9609
9611
9614
9615
9618
9619
9620
9621
9622
9625
9625
9626
9626
9627
9628
9630
9630
9633
9634
9634
9635
9635
9635
9635
9635
9636
9638
9638
9639
9639
9641
9641
9642
9643
9644
9646
9649
9649
9650
9650
9652
9652
9654
9657
9658
9661
9663
9663
9666
9667
9667
9671
9672
9674
9678
9678
9678
9681
9681
9682
9683
9683
9684
9684
9685
9685
9686
9687
9688
9688
9690
9691
9696
9697
9697
9698
9702
9703
9704
9706
9706
9706
9709
9709
9711
9717
9717
9718
9719
9719
9720
9720
9723
9723
9723
9724
9725
9725
9725
9725
9726
9726
9727
9728
9728
9728
9729
9730
9731
9732
9737
9738
9738
9739
9741
9741
9743
9744
9744
9744
9747
9747
9747
9747
9748
9748
9749
9751
9754
9755
9757
9762
9762
9764
9765
9766
9770
9771
9772
9774
9776
9777
9778
9781
9782
9783
9784
9784
9785
9786
9787
9788
9789
9789
9789
9791
9791
9791
9792
9794
9794
9794
9794
9798
9798
9799
9801
9801
9802
9803
9805
9805
9805
9805
9806
9807
9808
9808
9809
9811
9812
9814
9815
9816
9816
9817
9817
9818
9819
9819
9820
9821
9821
9822
9824
9826
9826
9827
9828
9828
9829
9835
9836
9836
9837
9837
9838
9839
9840
9841
9841
9842
9844
9846
9847
9847
9851
9852
9852
9852
9853
9854
9854
9855
9857
9857
9860
9860
9861
9861
9861
9862
9863
9866
9866
9867
9869
9871
9872
9872
9872
9872
9873
9873
9874
9877
9878
9879
9879
9879
9881
9882
9882
9883
9884
9885
9885
9886
9887
9888
9888
9888
9889
9889
9890
9891
9891
9891
9891
9892
9893
9893
9893
9894
9895
9896
9896
9898
9900
9900
9900
9902
9905
9906
9906
9906
9906
9907
9907
9908
9912
9913
9913
9915
9915
9916
9916
9917
9918
9919
9920
9920
9920
9920
9921
9924
9924
9924
9927
9931
9931
9931
9932
9940
9941
9942
9943
9943
9943
9944
9944
9945
9945
9945
9946
9946
9947
9947
9948
9949
9949
9951
9951
9952
9952
9953
9953
9955
9957
9958
9959
9960
9964
9966
9967
9967
9968
9971
9973
9974
9975
9976
9977
9977
9979
9979
9981
9984
9984
9984
9984
9985
9987
9991
9991
9991
9992
9995
