0
1
1
2
3
3
4
4
6
7
7
8
8
9
10
11
11
11
12
13
14
15
15
17
19
22
22
24
26
26
26
26
27
31
31
32
34
35
36
36
39
39
41
42
43
43
45
46
46
48
48
49
50
50
50
52
53
54
58
58
60
61
63
65
65
66
68
69
69
70
72
74
75
76
77
79
81
82
83
84
84
87
88
88
89
90
91
92
95
96
99
100
101
103
109
110
110
111
112
113
119
119
120
120
121
121
124
124
124
125
125
125
126
127
129
131
132
136
136
138
139
143
143
143
143
145
147
147
147
148
149
150
151
154
156
156
157
158
160
160
161
167
168
171
171
175
176
177
177
177
177
179
179
182
183
184
187
188
189
189
191
191
193
195
196
198
199
202
202
207
209
209
210
212
212
216
217
218
218
221
221
222
222
223
224
225
225
225
227
229
229
229
229
231
231
231
232
232
232
232
233
234
235
236
236
236
237
240
240
240
240
241
242
242
242
242
242
244
244
247
247
248
248
249
250
250
253
253
254
254
255
256
256
258
261
262
262
262
263
264
264
266
268
269
269
271
271
274
274
276
278
279
280
280
282
283
283
283
284
285
286
287
287
287
288
290
295
297
299
299
299
299
300
300
301
303
304
305
305
306
306
306
307
307
307
308
309
311
312
317
319
320
321
322
323
325
325
325
325
325
326
326
327
328
328
329
329
332
333
335
336
336
338
338
339
339
341
346
346
347
347
347
349
351
352
353
354
357
359
359
360
360
361
364
365
366
366
366
368
368
369
369
369
370
371
371
372
373
374
374
377
377
377
379
381
381
381
384
386
386
388
388
389
389
390
391
391
392
392
394
394
394
399
399
400
400
401
402
402
403
403
404
406
406
406
406
406
407
408
408
408
408
409
409
410
412
412
413
413
413
415
417
418
420
420
421
422
422
422
422
423
424
424
426
426
426
429
429
430
434
436
436
436
437
439
439
439
440
440
440
441
443
443
445
446
446
446
448
449
451
452
453
453
454
454
456
456
457
460
460
460
461
461
463
463
463
463
464
464
465
468
468
472
475
479
480
481
481
482
484
484
485
485
486
486
486
487
487
487
489
491
493
494
496
496
496
498
500
501
503
506
507
508
509
510
510
513
514
515
515
516
517
517
518
518
519
521
521
522
522
524
525
526
528
530
532
535
536
536
537
538
539
540
542
544
544
545
545
546
551
552
553
553
553
554
555
555
555
560
563
563
563
564
565
566
566
567
570
571
572
572
573
574
574
575
576
578
578
579
579
580
580
580
582
584
584
584
585
586
589
590
591
593
594
596
596
596
597
598
599
601
602
603
604
604
604
604
605
605
608
608
608
610
610
611
612
615
616
616
617
620
620
620
620
621
621
623
623
625
625
627
628
629
629
631
631
632
632
633
635
636
638
639
640
642
642
642
643
646
646
647
648
648
650
651
651
655
655
656
656
658
658
659
659
659
660
661
662
662
663
665
665
666
667
668
669
670
671
674
676
677
677
677
678
679
679
680
681
681
682
682
682
683
684
685
686
686
688
689
690
691
693
693
696
696
696
697
697
697
697
699
699
700
701
701
702
703
705
706
706
708
709
710
711
711
711
712
712
713
713
715
716
720
722
722
724
724
725
725
726
727
729
730
730
730
734
734
736
736
737
738
738
740
741
742
742
743
744
745
745
746
747
747
749
750
752
753
753
754
755
755
757
757
760
761
761
761
761
762
763
763
765
765
769
769
769
770
771
774
778
779
780
782
782
785
786
786
787
788
788
788
789
789
792
795
795
796
797
797
799
801
803
804
805
808
811
811
811
812
812
812
813
813
813
814
814
814
814
816
817
817
819
820
820
825
825
825
826
826
826
828
828
831
831
833
834
834
834
835
836
837
837
838
839
842
844
844
845
846
847
850
851
852
852
852
856
856
857
857
858
862
864
864
865
866
867
867
868
869
870
874
874
876
877
877
877
878
878
880
883
883
884
884
886
886
887
887
888
888
889
890
891
891
891
891
892
893
895
896
898
898
899
899
901
904
905
905
909
910
910
910
911
912
912
912
913
914
914
914
917
917
917
918
920
922
928
928
932
932
933
934
936
936
939
940
940
941
943
943
944
950
950
950
950
951
952
952
952
953
953
954
954
955
955
955
958
958
959
960
961
964
964
964
967
967
970
971
972
972
974
974
977
979
979
980
983
984
984
985
986
986
987
987
989
989
989
990
993
993
993
995
995
996
999
1000
1001
1001
1002
1002
1004
1004
1005
1006
1008
1008
1010
1011
1011
1013
1013
1014
1016
1018
1018
1020
1020
1020
1022
1022
1022
1022
1023
1024
1024
1024
1025
1025
1027
1028
1028
1028
1028
1030
1030
1030
1031
1031
1033
1033
1034
1038
1039
1040
1042
1046
1047
1050
1052
1053
1053
1053
1054
1054
1054
1056
1057
1057
1057
1057
1058
1059
1060
1061
1063
1064
1065
1065
1066
1067
1067
1067
1068
1071
1071
1071
1071
1073
1074
1074
1074
1077
1079
1079
1080
1081
1084
1084
1085
1086
1086
1086
1087
1088
1092
1093
1093
1094
1097
1098
1098
1099
1099
1101
1101
1102
1103
1103
1105
1106
1108
1109
1110
1113
1114
1114
1121
1124
1125
1125
1126
1127
1128
1130
1131
1131
1133
1135
1135
1135
1135
1136
1137
1137
1138
1139
1140
1142
1142
1142
1142
1143
1144
1146
1146
1148
1149
1150
1150
1154
1155
1155
1156
1156
1159
1160
1161
1161
1162
1166
1169
1169
1169
1175
1175
1176
1177
1178
1178
1178
1178
1179
1180
1182
1183
1183
1185
1187
1187
1188
1188
1188
1190
1192
1193
1193
1193
1195
1195
1195
1196
1197
1200
1202
1203
1204
1205
1207
1207
1207
1208
1210
1212
1213
1213
1213
1214
1214
1215
1215
1215
1215
1217
1217
1217
1219
1219
1224
1225
1226
1226
1229
1230
1231
1231
1231
1232
1232
1235
1236
1238
1239
1239
1240
1241
1242
1246
1248
1248
1248
1249
1253
1253
1255
1255
1256
1257
1258
1259
1259
1260
1261
1262
1263
1266
1267
1267
1268
1269
1271
1271
1272
1274
1274
1274
1276
1277
1277
1279
1279
1281
1283
1284
1284
1286
1286
1286
1287
1288
1289
1291
1293
1294
1296
1299
1299
1300
1301
1301
1302
1302
1302
1303
1303
1305
1305
1306
1307
1308
1309
1310
1311
1314
1316
1317
1318
1319
1319
1320
1321
1321
1321
1321
1322
1323
1323
1325
1326
1328
1329
1330
1332
1332
1333
1333
1333
1335
1335
1336
1336
1337
1340
1340
1343
1343
1344
1348
1349
1351
1352
1353
1354
1354
1354
1355
1356
1357
1357
1358
1359
1359
1360
1360
1361
1362
1363
1364
1364
1364
1364
1365
1367
1367
1369
1370
1371
1372
1374
1374
1376
1376
1376
1380
1382
1383
1386
1387
1391
1392
1392
1392
1396
1396
1397
1397
1397
1398
1398
1398
1398
1399
1401
1401
1401
1402
1403
1404
1405
1405
1406
1407
1410
1412
1412
1412
1414
1416
1416
1419
1422
1422
1426
1426
1427
1429
1429
1429
1430
1430
1431
1433
1434
1434
1435
1435
1436
1438
1438
1439
1440
1440
1441
1442
1442
1444
1448
1448
1449
1450
1451
1453
1455
1455
1456
1456
1456
1458
1460
1460
1463
1464
1465
1466
1466
1473
1474
1475
1477
1481
1484
1485
1486
1487
1488
1488
1488
1488
1490
1491
1491
1492
1494
1494
1495
1497
1498
1498
1498
1501
1502
1504
1504
1505
1505
1505
1507
1507
1507
1507
1507
1508
1508
1510
1510
1511
1511
1511
1512
1512
1513
1515
1515
1515
1518
1521
1522
1524
1525
1525
1525
1526
1526
1527
1528
1528
1528
1529
1529
1530
1533
1535
1535
1536
1541
1541
1541
1542
1543
1543
1544
1545
1546
1546
1547
1550
1551
1551
1551
1552
1554
1556
1556
1556
1557
1557
1560
1560
1563
1565
1566
1566
1566
1566
1567
1567
1569
1570
1571
1573
1574
1574
1575
1575
1579
1580
1580
1581
1583
1583
1584
1585
1588
1588
1588
1590
1593
1593
1593
1594
1596
1597
1597
1601
1601
1602
1603
1603
1603
1604
1604
1605
1606
1606
1608
1609
1610
1611
1611
1611
1612
1614
1616
1618
1622
1622
1622
1624
1624
1625
1625
1625
1627
1628
1628
1628
1629
1629
1630
1633
1634
1635
1635
1636
1637
1637
1639
1639
1639
1640
1641
1641
1641
1641
1642
1642
1643
1643
1643
1644
1645
1645
1646
1647
1647
1647
1648
1648
1650
1650
1651
1651
1656
1656
1660
1660
1661
1664
1665
1665
1665
1666
1666
1668
1669
1670
1672
1675
1676
1681
1681
1682
1682
1684
1685
1687
1688
1689
1689
1690
1690
1690
1691
1691
1692
1693
1693
1693
1694
1694
1694
1694
1695
1696
1697
1703
1703
1706
1709
1710
1711
1712
1713
1713
1713
1715
1716
1717
1717
1718
1719
1720
1722
1722
1722
1723
1723
1724
1726
1726
1728
1728
1728
1730
1732
1734
1734
1734
1735
1735
1735
1737
1741
1742
1746
1746
1747
1747
1747
1747
1749
1750
1750
1750
1751
1752
1753
1753
1754
1756
1757
1757
1759
1760
1762
1762
1764
1764
1765
1765
1765
1766
1768
1771
1771
1772
1773
1773
1774
1776
1776
1777
1778
1779
1779
1781
1781
1781
1782
1787
1789
1790
1793
1794
1794
1796
1796
1799
1800
1800
1800
1800
1800
1801
1801
1802
1802
1804
1805
1806
1807
1808
1808
1808
1812
1815
1818
1819
1819
1820
1821
1822
1823
1825
1825
1826
1826
1829
1829
1830
1832
1833
1833
1834
1835
1835
1835
1835
1836
1836
1836
1837
1837
1838
1840
1840
1840
1840
1840
1840
1841
1843
1846
1846
1847
1848
1849
1849
1850
1850
1851
1854
1854
1854
1855
1855
1856
1856
1858
1863
1864
1869
1870
1870
1874
1875
1875
1876
1878
1880
1882
1883
1883
1884
1885
1885
1885
1888
1888
1888
1890
1892
1893
1895
1895
1896
1896
1896
1897
1898
1898
1898
1898
1899
1900
1903
1903
1906
1906
1907
1908
1908
1909
1910
1910
1910
1911
1912
1913
1913
1916
1917
1919
1919
1920
1923
1923
1926
1929
1930
1930
1931
1932
1933
1934
1934
1935
1935
1937
1938
1939
1939
1940
1941
1942
1944
1945
1946
1947
1948
1948
1949
1952
1952
1952
1953
1955
1955
1956
1957
1957
1957
1959
1959
1960
1961
1961
1964
1964
1965
1965
1965
1966
1966
1967
1970
1971
1971
1972
1972
1972
1973
1974
1977
1978
1980
1980
1984
1985
1986
1987
1989
1990
1994
1994
1994
1994
1996
1997
1999
1999
2002
2003
2004
2005
2005
2006
2006
2008
2010
2011
2011
2014
2017
2018
2018
2020
2021
2022
2022
2023
2024
2025
2026
2027
2028
2028
2031
2031
2038
2039
2040
2042
2042
2042
2043
2044
2045
2046
2047
2048
2048
2048
2049
2050
2050
2051
2052
2052
2053
2053
2053
2053
2054
2056
2057
2058
2060
2061
2061
2062
2063
2063
2065
2066
2067
2068
2069
2070
2070
2072
2073
2073
2074
2074
2075
2075
2075
2075
2077
2077
2078
2080
2080
2080
2080
2081
2081
2082
2083
2084
2084
2085
2086
2087
2087
2088
2090
2090
2091
2091
2091
2097
2097
2098
2098
2098
2099
2099
2100
2101
2101
2102
2105
2105
2106
2107
2108
2109
2111
2111
2111
2113
2114
2114
2114
2116
2116
2116
2120
2122
2122
2123
2123
2125
2126
2127
2127
2128
2129
2132
2134
2134
2135
2135
2137
2137
2138
2139
2139
2142
2142
2143
2144
2145
2145
2145
2145
2145
2147
2147
2150
2151
2151
2151
2151
2152
2152
2152
2154
2157
2158
2158
2160
2160
2160
2161
2161
2162
2163
2163
2163
2165
2166
2168
2168
2168
2170
2171
2171
2172
2172
2172
2173
2175
2176
2177
2178
2178
2178
2178
2178
2180
2181
2181
2182
2183
2183
2183
2184
2184
2185
2185
2186
2186
2187
2187
2189
2190
2190
2194
2197
2198
2199
2199
2200
2200
2202
2203
2204
2207
2207
2209
2209
2209
2209
2210
2210
2211
2211
2212
2213
2213
2215
2216
2217
2218
2218
2219
2219
2219
2222
2223
2223
2226
2226
2228
2229
2229
2230
2230
2237
2242
2244
2245
2245
2248
2248
2249
2250
2250
2251
2253
2253
2253
2254
2255
2256
2256
2257
2258
2258
2260
2261
2263
2265
2265
2266
2266
2266
2268
2268
2274
2275
2276
2276
2278
2280
2282
2282
2282
2284
2286
2287
2287
2288
2289
2290
2292
2293
2293
2294
2296
2296
2298
2298
2299
2301
2302
2304
2305
2306
2306
2307
2307
2308
2310
2311
2311
2313
2314
2316
2317
2319
2319
2320
2320
2324
2325
2327
2328
2328
2328
2330
2331
2331
2332
2333
2333
2337
2339
2339
2340
2340
2341
2342
2342
2342
2342
2343
2345
2346
2346
2349
2350
2351
2352
2353
2354
2355
2355
2356
2356
2359
2359
2360
2362
2363
2364
2364
2366
2370
2370
2371
2371
2373
2373
2374
2374
2374
2375
2376
2376
2377
2377
2378
2381
2384
2390
2390
2391
2391
2392
2397
2397
2397
2398
2399
2399
2401
2401
2403
2404
2406
2406
2407
2407
2409
2410
2411
2413
2413
2414
2415
2415
2419
2420
2424
2424
2425
2426
2427
2427
2427
2427
2427
2430
2432
2432
2433
2435
2436
2437
2438
2438
2439
2440
2440
2440
2442
2442
2443
2443
2447
2448
2449
2449
2449
2451
2451
2453
2453
2456
2459
2460
2461
2462
2462
2466
2466
2467
2467
2468
2470
2472
2474
2474
2474
2475
2475
2476
2476
2478
2480
2484
2484
2486
2487
2489
2490
2490
2492
2493
2493
2494
2494
2494
2496
2496
2497
2498
2498
2499
2500
2500
2502
2503
2503
2503
2504
2504
2505
2506
2506
2507
2507
2508
2509
2509
2511
2511
2511
2513
2513
2515
2516
2516
2516
2519
2519
2520
2524
2525
2525
2527
2527
2528
2528
2528
2528
2528
2528
2530
2532
2533
2533
2534
2535
2535
2536
2538
2538
2543
2544
2545
2546
2547
2547
2549
2550
2551
2551
2551
2552
2553
2554
2554
2556
2557
2557
2558
2561
2561
2561
2562
2563
2563
2564
2565
2566
2566
2566
2566
2567
2567
2568
2569
2569
2569
2570
2572
2573
2575
2575
2578
2578
2583
2583
2583
2584
2584
2585
2585
2586
2590
2590
2590
2591
2591
2592
2592
2593
2594
2595
2598
2599
2600
2601
2603
2603
2604
2604
2607
2608
2609
2610
2612
2614
2614
2614
2620
2621
2623
2624
2624
2625
2626
2627
2627
2628
2628
2629
2630
2631
2632
2632
2633
2634
2634
2634
2637
2639
2641
2643
2643
2644
2646
2647
2647
2647
2650
2654
2655
2655
2657
2659
2660
2661
2662
2662
2663
2665
2665
2667
2673
2674
2676
2676
2677
2679
2679
2679
2680
2681
2683
2684
2685
2688
2688
2689
2690
2693
2695
2696
2698
2698
2698
2698
2698
2699
2699
2700
2704
2704
2704
2706
2707
2707
2707
2710
2713
2714
2716
2718
2718
2718
2722
2722
2722
2722
2724
2726
2726
2727
2727
2728
2728
2729
2729
2730
2730
2731
2731
2733
2733
2736
2738
2738
2739
2739
2741
2741
2742
2744
2744
2745
2745
2746
2746
2746
2748
2752
2752
2753
2753
2756
2759
2759
2759
2760
2760
2761
2761
2761
2761
2761
2761
2763
2764
2765
2765
2768
2768
2770
2770
2770
2771
2772
2772
2773
2774
2774
2774
2775
2775
2777
2779
2784
2784
2792
2792
2794
2795
2796
2797
2797
2797
2797
2798
2798
2799
2799
2802
2803
2805
2805
2805
2807
2809
2810
2810
2810
2811
2811
2812
2812
2814
2814
2820
2820
2824
2825
2826
2826
2828
2829
2830
2831
2831
2832
2835
2836
2837
2838
2838
2838
2838
2839
2839
2839
2839
2842
2842
2843
2843
2843
2843
2845
2846
2846
2847
2849
2849
2850
2851
2853
2854
2855
2856
2859
2860
2860
2861
2862
2863
2864
2865
2865
2865
2867
2869
2869
2872
2876
2877
2880
2883
2883
2884
2885
2886
2887
2889
2889
2890
2890
2891
2892
2894
2894
2895
2896
2897
2897
2900
2900
2900
2900
2901
2901
2901
2902
2902
2903
2907
2907
2907
2909
2910
2911
2914
2915
2917
2918
2918
2919
2919
2922
2924
2925
2925
2925
2926
2926
2927
2927
2928
2929
2930
2931
2932
2933
2933
2933
2934
2935
2940
2941
2942
2942
2943
2943
2944
2945
2945
2948
2948
2950
2951
2952
2952
2952
2952
2953
2955
2955
2958
2959
2960
2961
2961
2962
2963
2963
2963
2964
2964
2966
2967
2967
2969
2971
2972
2972
2973
2973
2974
2974
2977
2978
2981
2982
2982
2983
2984
2984
2984
2984
2984
2984
2984
2986
2987
2987
2988
2989
2990
2990
2990
2991
2992
2992
2993
2994
2994
2997
2997
2997
2998
2998
2999
3000
3000
3004
3004
3005
3008
3009
3010
3010
3010
3013
3013
3014
3014
3016
3017
3019
3020
3022
3025
3027
3027
3027
3028
3028
3031
3031
3033
3033
3037
3038
3039
3039
3040
3040
3040
3041
3041
3042
3042
3043
3045
3046
3047
3048
3048
3050
3052
3052
3053
3053
3053
3054
3055
3055
3056
3057
3058
3058
3060
3061
3064
3065
3066
3066
3066
3066
3068
3070
3071
3071
3072
3072
3072
3072
3072
3076
3076
3076
3081
3081
3081
3081
3082
3083
3083
3087
3089
3089
3090
3090
3090
3090
3091
3091
3094
3099
3100
3100
3100
3101
3103
3103
3105
3106
3107
3108
3112
3113
3115
3119
3120
3120
3120
3125
3125
3126
3127
3129
3129
3130
3131
3132
3134
3134
3135
3137
3138
3141
3141
3143
3144
3144
3144
3144
3145
3145
3146
3148
3148
3151
3151
3151
3152
3153
3153
3155
3157
3157
3157
3159
3161
3164
3164
3164
3165
3166
3166
3166
3166
3166
3167
3168
3168
3169
3170
3170
3171
3172
3173
3173
3174
3177
3177
3177
3177
3180
3180
3180
3182
3183
3185
3186
3187
3187
3190
3191
3191
3192
3193
3194
3194
3195
3195
3195
3196
3196
3197
3197
3199
3200
3202
3203
3203
3203
3204
3205
3206
3207
3207
3209
3209
3210
3210
3212
3213
3214
3214
3215
3217
3217
3217
3218
3218
3219
3222
3223
3224
3225
3228
3228
3229
3230
3230
3231
3233
3234
3234
3237
3237
3239
3243
3245
3247
3250
3251
3253
3253
3254
3254
3255
3255
3257
3258
3258
3260
3262
3262
3262
3263
3263
3264
3265
3265
3266
3268
3268
3269
3271
3273
3273
3274
3275
3277
3277
3278
3282
3282
3283
3283
3284
3285
3286
3288
3289
3289
3291
3292
3293
3294
3294
3294
3296
3297
3297
3298
3298
3301
3301
3303
3304
3305
3307
3308
3308
3309
3310
3310
3311
3312
3312
3313
3314
3315
3315
3317
3317
3317
3321
3323
3327
3329
3331
3331
3332
3332
3334
3335
3335
3335
3338
3338
3339
3339
3342
3342
3342
3343
3345
3348
3349
3350
3350
3351
3352
3352
3354
3354
3355
3356
3357
3357
3358
3358
3358
3359
3359
3360
3361
3362
3363
3363
3364
3366
3368
3369
3370
3371
3371
3372
3373
3374
3374
3375
3376
3377
3378
3378
3378
3380
3381
3382
3382
3385
3385
3385
3386
3387
3387
3387
3387
3388
3388
3389
3389
3390
3390
3393
3394
3395
3395
3397
3398
3399
3399
3401
3402
3403
3403
3403
3404
3405
3407
3408
3409
3409
3409
3409
3410
3411
3411
3415
3415
3415
3416
3417
3417
3417
3418
3419
3419
3420
3420
3420
3423
3423
3424
3424
3426
3426
3428
3430
3431
3431
3432
3432
3433
3435
3437
3437
3438
3438
3439
3440
3440
3440
3441
3441
3442
3442
3442
3444
3446
3447
3449
3449
3450
3450
3451
3451
3452
3453
3455
3455
3457
3458
3460
3464
3465
3466
3466
3467
3468
3468
3469
3471
3471
3472
3472
3472
3472
3475
3475
3475
3476
3476
3476
3479
3481
3481
3482
3485
3486
3487
3488
3489
3489
3490
3490
3493
3494
3494
3495
3495
3496
3496
3497
3497
3501
3502
3503
3506
3506
3507
3507
3507
3508
3508
3510
3511
3513
3516
3516
3519
3521
3521
3521
3522
3523
3524
3525
3527
3527
3527
3531
3532
3532
3533
3533
3536
3537
3537
3539
3541
3542
3545
3546
3546
3547
3547
3549
3550
3550
3551
3551
3552
3552
3556
3557
3557
3559
3561
3561
3563
3564
3565
3567
3567
3569
3572
3573
3573
3574
3574
3575
3575
3576
3576
3577
3578
3578
3579
3580
3581
3581
3582
3582
3583
3583
3583
3585
3585
3585
3585
3585
3585
3585
3586
3586
3588
3588
3588
3588
3588
3589
3589
3589
3590
3590
3591
3591
3591
3591
3592
3596
3596
3597
3598
3598
3599
3600
3600
3602
3603
3604
3608
3608
3608
3609
3609
3610
3611
3614
3614
3616
3617
3618
3619
3620
3620
3621
3623
3625
3625
3625
3626
3628
3628
3630
3630
3634
3634
3635
3642
3643
3643
3644
3645
3645
3646
3647
3647
3648
3648
3648
3649
3650
3651
3652
3653
3655
3656
3659
3660
3663
3663
3666
3667
3669
3670
3670
3670
3671
3671
3672
3674
3676
3677
3677
3680
3680
3681
3682
3685
3685
3686
3686
3688
3690
3690
3692
3695
3697
3700
3700
3702
3703
3704
3704
3705
3705
3705
3706
3707
3708
3708
3709
3709
3711
3712
3712
3715
3716
3717
3717
3718
3718
3719
3721
3721
3725
3727
3728
3730
3730
3731
3733
3735
3736
3738
3739
3741
3743
3747
3748
3748
3748
3748
3749
3751
3752
3753
3755
3755
3755
3756
3758
3758
3760
3760
3760
3761
3764
3765
3765
3766
3766
3769
3770
3772
3773
3776
3776
3777
3778
3780
3780
3780
3784
3785
3787
3788
3788
3788
3788
3790
3791
3792
3796
3797
3799
3799
3800
3800
3801
3803
3810
3811
3811
3811
3812
3813
3813
3814
3815
3815
3816
3816
3817
3817
3818
3819
3819
3819
3822
3825
3827
3828
3830
3830
3831
3832
3833
3833
3834
3834
3834
3834
3834
3834
3835
3838
3838
3839
3839
3840
3841
3841
3846
3846
3848
3849
3852
3852
3853
3853
3854
3854
3855
3856
3858
3858
3858
3858
3859
3859
3860
3860
3861
3862
3865
3866
3866
3866
3867
3868
3869
3870
3870
3871
3871
3874
3876
3878
3878
3878
3879
3880
3881
3882
3883
3884
3887
3888
3891
3892
3892
3894
3895
3895
3895
3897
3897
3898
3898
3901
3902
3903
3904
3905
3905
3906
3907
3908
3909
3909
3910
3910
3912
3912
3912
3912
3912
3915
3916
3918
3918
3919
3919
3920
3921
3922
3922
3923
3923
3923
3924
3926
3927
3927
3927
3929
3929
3930
3930
3931
3931
3932
3932
3932
3933
3934
3936
3937
3939
3942
3943
3944
3946
3948
3948
3949
3949
3950
3951
3952
3954
3954
3955
3955
3956
3956
3956
3957
3957
3958
3958
3958
3960
3963
3963
3963
3964
3967
3967
3968
3968
3968
3969
3972
3974
3974
3976
3979
3979
3980
3980
3981
3984
3984
3985
3986
3986
3987
3989
3991
3991
3993
3993
3996
3997
3998
3999
3999
4000
4001
4002
4004
4004
4005
4005
4008
4010
4014
4015
4016
4018
4019
4019
4019
4019
4019
4019
4019
4020
4021
4022
4023
4026
4028
4029
4030
4032
4033
4033
4034
4034
4034
4035
4035
4035
4036
4037
4038
4038
4040
4043
4043
4044
4044
4045
4048
4048
4050
4053
4054
4054
4054
4055
4055
4056
4057
4057
4058
4058
4059
4061
4061
4063
4064
4064
4064
4068
4068
4069
4069
4071
4077
4077
4078
4079
4079
4079
4079
4080
4081
4083
4083
4087
4088
4090
4090
4090
4091
4091
4091
4096
4097
4097
4098
4099
4099
4100
4100
4100
4101
4102
4103
4103
4104
4105
4106
4106
4107
4107
4108
4108
4108
4108
4109
4109
4110
4112
4113
4114
4114
4114
4116
4118
4119
4119
4120
4121
4121
4122
4123
4124
4125
4126
4127
4127
4127
4127
4129
4129
4129
4131
4132
4132
4136
4136
4138
4138
4138
4139
4139
4142
4145
4147
4148
4148
4150
4151
4153
4153
4155
4155
4158
4159
4160
4160
4161
4162
4162
4163
4163
4164
4165
4166
4168
4169
4170
4173
4174
4174
4175
4176
4176
4177
4177
4180
4181
4182
4182
4182
4185
4185
4185
4186
4188
4188
4189
4192
4192
4193
4194
4194
4194
4196
4196
4196
4197
4198
4199
4199
4200
4202
4202
4202
4203
4204
4204
4208
4209
4211
4212
4212
4214
4215
4216
4216
4217
4217
4219
4220
4221
4221
4223
4224
4224
4225
4227
4227
4227
4228
4228
4229
4231
4232
4232
4233
4233
4234
4234
4237
4238
4239
4239
4239
4240
4241
4241
4241
4242
4242
4243
4243
4245
4245
4246
4246
4249
4249
4250
4252
4252
4253
4253
4255
4255
4256
4257
4258
4269
4269
4269
4273
4273
4274
4274
4274
4276
4276
4277
4277
4277
4281
4282
4283
4284
4285
4287
4288
4289
4289
4290
4293
4293
4297
4297
4297
4299
4301
4301
4302
4302
4304
4304
4304
4304
4307
4308
4308
4308
4310
4315
4315
4316
4316
4317
4318
4320
4320
4322
4322
4323
4323
4324
4325
4325
4325
4325
4326
4328
4328
4329
4330
4332
4332
4333
4333
4334
4334
4335
4335
4338
4338
4340
4344
4344
4345
4346
4346
4347
4348
4348
4348
4349
4351
4351
4352
4352
4353
4353
4353
4353
4356
4356
4357
4359
4360
4360
4363
4364
4367
4367
4368
4368
4369
4371
4372
4373
4373
4374
4378
4378
4379
4379
4380
4384
4385
4386
4389
4390
4390
4390
4392
4393
4395
4398
4398
4399
4400
4400
4404
4405
4405
4407
4408
4409
4411
4415
4417
4418
4420
4422
4422
4425
4426
4427
4427
4427
4428
4429
4430
4430
4432
4433
4433
4433
4433
4434
4436
4438
4439
4440
4440
4442
4443
4444
4447
4448
4449
4449
4452
4452
4453
4456
4457
4458
4458
4459
4459
4459
4459
4460
4461
4462
4462
4463
4463
4464
4466
4467
4470
4471
4473
4473
4473
4474
4475
4476
4479
4479
4480
4480
4480
4480
4481
4482
4485
4485
4489
4489
4493
4495
4495
4497
4497
4498
4498
4499
4499
4499
4500
4502
4503
4503
4504
4504
4505
4505
4506
4508
4508
4508
4508
4508
4509
4510
4511
4512
4513
4514
4514
4516
4516
4518
4519
4519
4520
4521
4521
4521
4522
4523
4523
4524
4524
4525
4526
4528
4531
4531
4531
4532
4537
4537
4538
4540
4542
4542
4542
4548
4548
4549
4551
4552
4552
4556
4558
4559
4560
4560
4560
4561
4561
4564
4565
4566
4567
4567
4568
4568
4568
4569
4569
4570
4572
4573
4574
4574
4574
4576
4576
4577
4578
4579
4580
4582
4582
4583
4584
4584
4586
4586
4587
4588
4589
4589
4589
4590
4591
4591
4592
4592
4595
4595
4596
4597
4597
4598
4600
4600
4600
4603
4603
4605
4607
4608
4608
4613
4613
4614
4614
4616
4616
4617
4617
4618
4621
4621
4622
4622
4623
4624
4625
4627
4628
4629
4634
4636
4636
4639
4639
4641
4642
4642
4643
4643
4644
4645
4646
4646
4646
4648
4649
4649
4650
4651
4651
4653
4653
4654
4655
4656
4656
4657
4657
4657
4657
4659
4659
4659
4659
4660
4661
4661
4663
4663
4667
4668
4669
4670
4673
4675
4676
4676
4676
4677
4678
4679
4679
4680
4684
4687
4691
4692
4692
4693
4694
4695
4696
4700
4700
4700
4703
4704
4708
4709
4709
4709
4709
4714
4715
4715
4715
4716
4716
4717
4717
4719
4720
4722
4722
4723
4724
4725
4725
4726
4726
4727
4728
4728
4729
4729
4729
4730
4731
4733
4735
4737
4737
4738
4738
4738
4738
4738
4740
4740
4741
4741
4741
4742
4745
4745
4745
4747
4748
4748
4750
4751
4752
4753
4754
4755
4755
4756
4758
4760
4760
4761
4761
4762
4762
4762
4764
4765
4766
4766
4766
4768
4769
4769
4770
4770
4771
4772
4774
4775
4775
4776
4776
4777
4778
4778
4780
4780
4781
4783
4784
4784
4786
4788
4790
4790
4790
4791
4791
4792
4794
4796
4797
4801
4803
4805
4806
4806
4808
4813
4813
4814
4815
4816
4816
4818
4818
4820
4820
4820
4821
4823
4824
4826
4827
4827
4828
4830
4830
4831
4831
4832
4833
4834
4834
4836
4838
4839
4839
4842
4842
4842
4843
4843
4844
4845
4845
4845
4846
4849
4850
4850
4853
4853
4853
4854
4858
4858
4859
4859
4860
4862
4863
4865
4866
4866
4866
4867
4868
4873
4875
4876
4876
4878
4879
4880
4880
4882
4882
4883
4884
4886
4886
4887
4888
4888
4888
4890
4891
4891
4892
4892
4892
4893
4893
4894
4896
4897
4899
4900
4901
4902
4902
4902
4903
4903
4904
4906
4907
4907
4909
4910
4911
4912
4912
4912
4914
4915
4916
4916
4916
4917
4919
4920
4922
4922
4922
4923
4924
4926
4926
4927
4928
4929
4929
4930
4930
4932
4933
4936
4936
4936
4938
4940
4941
4942
4943
4943
4943
4943
4944
4947
4948
4949
4951
4951
4951
4952
4952
4953
4956
4958
4959
4960
4961
4962
4962
4963
4964
4964
4966
4968
4970
4971
4972
4973
4975
4978
4979
4980
4985
4986
4987
4987
4987
4988
4988
4990
4992
4993
4995
4995
4997
4997
4997
4998
4998
4999
4999
5000
5000
5001
5001
5001
5002
5002
5002
5003
5004
5007
5008
5008
5009
5011
5013
5013
5014
5014
5015
5018
5019
5019
5023
5023
5024
5025
5026
5027
5027
5028
5029
5029
5030
5032
5032
5032
5033
5033
5037
5041
5041
5042
5043
5044
5044
5044
5045
5045
5048
5048
5048
5050
5050
5051
5053
5055
5055
5055
5055
5055
5056
5058
5058
5059
5059
5059
5059
5061
5062
5063
5064
5065
5066
5067
5070
5073
5076
5076
5078
5079
5079
5079
5081
5083
5084
5089
5089
5090
5093
5094
5095
5095
5095
5097
5098
5099
5100
5100
5101
5103
5104
5107
5110
5110
5110
5111
5111
5113
5113
5115
5116
5116
5116
5119
5123
5123
5123
5125
5125
5126
5127
5127
5128
5130
5132
5132
5133
5133
5134
5138
5138
5138
5138
5141
5143
5144
5145
5145
5146
5148
5150
5151
5153
5153
5154
5159
5162
5163
5164
5164
5166
5166
5167
5167
5167
5169
5169
5170
5170
5171
5171
5172
5174
5174
5176
5177
5177
5179
5180
5181
5182
5185
5185
5186
5187
5187
5191
5191
5192
5197
5197
5198
5198
5199
5202
5202
5203
5205
5206
5206
5208
5208
5210
5211
5213
5214
5215
5217
5217
5217
5219
5219
5219
5221
5221
5222
5223
5225
5226
5227
5227
5228
5228
5228
5230
5231
5231
5232
5232
5233
5234
5234
5234
5236
5237
5239
5240
5240
5242
5243
5244
5245
5246
5248
5249
5249
5250
5250
5251
5251
5252
5252
5252
5256
5258
5258
5258
5259
5259
5261
5261
5262
5262
5265
5266
5268
5269
5272
5273
5274
5274
5275
5278
5278
5279
5279
5282
5284
5284
5285
5285
5286
5287
5288
5290
5290
5290
5290
5291
5291
5292
5292
5294
5295
5298
5298
5298
5301
5301
5302
5302
5303
5306
5306
5307
5308
5308
5309
5309
5310
5312
5312
5313
5313
5313
5315
5315
5316
5317
5318
5318
5319
5319
5321
5321
5322
5322
5323
5323
5323
5325
5326
5326
5327
5330
5331
5331
5331
5333
5333
5335
5335
5336
5336
5338
5339
5339
5341
5342
5343
5344
5346
5348
5349
5350
5350
5351
5354
5355
5361
5362
5363
5363
5365
5365
5366
5366
5367
5367
5367
5367
5368
5371
5372
5375
5377
5377
5377
5378
5379
5380
5380
5381
5382
5382
5382
5383
5383
5385
5385
5385
5385
5385
5386
5387
5387
5388
5388
5389
5389
5389
5390
5393
5396
5396
5396
5397
5397
5397
5397
5398
5399
5400
5400
5401
5402
5402
5405
5405
5406
5407
5407
5407
5408
5408
5409
5411
5411
5411
5411
5412
5413
5414
5415
5416
5418
5418
5421
5421
5423
5423
5424
5427
5427
5429
5429
5434
5434
5435
5435
5436
5436
5436
5437
5437
5440
5441
5441
5443
5443
5444
5444
5446
5446
5448
5450
5451
5451
5451
5452
5455
5455
5456
5456
5462
5463
5464
5465
5466
5466
5467
5468
5468
5469
5470
5473
5473
5474
5475
5476
5477
5480
5481
5481
5482
5482
5483
5484
5484
5485
5485
5486
5487
5489
5492
5492
5493
5493
5495
5497
5497
5500
5500
5501
5502
5502
5503
5503
5503
5504
5504
5506
5507
5508
5515
5515
5516
5516
5518
5521
5522
5522
5522
5523
5523
5524
5526
5527
5528
5529
5530
5531
5532
5534
5535
5535
5537
5537
5538
5538
5540
5540
5544
5544
5546
5547
5547
5547
5547
5548
5551
5551
5551
5553
5555
5555
5557
5557
5558
5558
5558
5559
5560
5564
5564
5564
5566
5567
5568
5569
5572
5572
5572
5573
5573
5574
5574
5579
5580
5581
5582
5582
5583
5584
5584
5585
5586
5586
5587
5588
5588
5589
5590
5590
5592
5592
5592
5593
5594
5596
5597
5599
5601
5601
5602
5602
5602
5604
5606
5606
5606
5606
5607
5607
5608
5609
5609
5610
5613
5614
5615
5617
5618
5618
5619
5622
5623
5623
5623
5624
5624
5627
5628
5629
5630
5631
5632
5633
5633
5633
5634
5634
5634
5635
5641
5641
5643
5643
5643
5644
5645
5647
5648
5649
5650
5654
5656
5658
5659
5659
5659
5662
5662
5662
5662
5663
5665
5665
5668
5670
5671
5671
5671
5675
5676
5676
5681
5682
5683
5684
5685
5686
5688
5690
5690
5692
5692
5695
5696
5696
5699
5699
5700
5700
5700
5701
5706
5707
5715
5715
5716
5716
5716
5717
5718
5718
5720
5720
5720
5720
5720
5720
5723
5724
5724
5725
5726
5726
5727
5727
5730
5731
5732
5732
5733
5733
5734
5735
5736
5738
5739
5741
5742
5743
5743
5744
5747
5748
5748
5750
5752
5752
5753
5753
5755
5756
5756
5759
5760
5760
5762
5763
5763
5763
5764
5765
5765
5767
5767
5768
5768
5768
5769
5769
5770
5770
5771
5773
5773
5774
5775
5775
5775
5775
5778
5781
5781
5783
5785
5786
5787
5787
5788
5789
5789
5790
5791
5793
5794
5797
5797
5798
5798
5800
5801
5802
5805
5806
5808
5808
5808
5808
5810
5811
5812
5814
5815
5815
5816
5816
5817
5817
5818
5819
5819
5821
5822
5822
5822
5826
5829
5829
5830
5832
5835
5835
5835
5836
5843
5844
5848
5849
5849
5849
5852
5854
5854
5855
5857
5858
5861
5861
5861
5864
5865
5866
5867
5868
5869
5871
5872
5874
5875
5878
5879
5881
5882
5883
5884
5886
5886
5889
5891
5891
5891
5893
5894
5894
5895
5898
5899
5899
5900
5902
5902
5902
5903
5903
5907
5912
5914
5916
5917
5917
5918
5919
5920
5922
5924
5924
5925
5928
5929
5931
5931
5931
5934
5934
5935
5935
5936
5936
5936
5937
5938
5940
5943
5943
5944
5945
5945
5945
5946
5947
5949
5949
5952
5954
5956
5956
5957
5957
5957
5957
5958
5960
5961
5961
5961
5962
5962
5962
5963
5963
5966
5966
5967
5968
5970
5971
5971
5974
5974
5979
5979
5981
5982
5983
5983
5984
5986
5987
5988
5988
5989
5989
5990
5992
5992
5993
5993
5994
5995
5995
5996
5998
6000
6001
6001
6001
6002
6002
6005
6006
6006
6007
6007
6007
6011
6013
6013
6013
6014
6014
6015
6015
6015
6019
6021
6021
6023
6024
6024
6024
6029
6029
6030
6030
6030
6030
6031
6033
6033
6033
6034
6037
6037
6038
6039
6041
6041
6042
6049
6049
6050
6051
6052
6053
6053
6053
6054
6054
6055
6055
6057
6057
6058
6061
6063
6063
6064
6065
6067
6067
6067
6068
6071
6073
6075
6075
6077
6078
6078
6079
6079
6081
6082
6082
6083
6084
6086
6089
6089
6089
6090
6091
6091
6092
6092
6094
6095
6095
6095
6097
6102
6103
6104
6104
6107
6108
6108
6109
6110
6111
6114
6116
6118
6118
6119
6121
6121
6122
6124
6124
6125
6125
6125
6127
6127
6128
6131
6131
6134
6134
6134
6137
6138
6138
6140
6141
6141
6142
6143
6143
6144
6144
6145
6145
6146
6147
6147
6148
6149
6150
6150
6150
6151
6151
6151
6152
6152
6153
6154
6154
6154
6154
6154
6156
6156
6161
6162
6162
6163
6164
6164
6165
6166
6166
6167
6168
6169
6170
6171
6173
6174
6174
6174
6176
6176
6178
6179
6180
6180
6182
6183
6184
6186
6186
6187
6188
6190
6190
6191
6191
6191
6193
6193
6196
6196
6196
6197
6198
6199
6202
6204
6204
6204
6204
6205
6205
6206
6207
6207
6208
6209
6209
6210
6214
6219
6220
6221
6221
6222
6223
6224
6226
6229
6230
6233
6233
6235
6236
6237
6238
6239
6240
6242
6242
6244
6244
6244
6244
6245
6245
6246
6247
6247
6248
6256
6256
6257
6259
6259
6261
6263
6263
6266
6267
6268
6269
6270
6272
6273
6274
6278
6278
6278
6279
6281
6283
6283
6284
6285
6286
6286
6287
6288
6289
6290
6290
6293
6294
6294
6294
6295
6298
6298
6299
6299
6299
6301
6301
6301
6301
6302
6302
6303
6303
6305
6306
6306
6307
6308
6309
6312
6315
6315
6316
6318
6318
6319
6319
6321
6322
6322
6322
6326
6326
6327
6327
6328
6333
6335
6336
6338
6338
6339
6339
6340
6344
6344
6345
6345
6348
6356
6357
6360
6360
6361
6362
6362
6363
6364
6364
6365
6366
6366
6367
6367
6368
6369
6371
6373
6373
6375
6376
6377
6377
6378
6378
6378
6382
6382
6382
6385
6386
6387
6388
6390
6391
6393
6394
6394
6395
6395
6398
6398
6400
6400
6400
6403
6403
6403
6403
6404
6406
6406
6406
6408
6408
6408
6409
6410
6410
6411
6411
6413
6413
6413
6414
6414
6415
6415
6415
6415
6415
6416
6417
6419
6419
6419
6426
6427
6427
6427
6430
6431
6431
6432
6432
6432
6432
6433
6433
6436
6438
6440
6442
6442
6443
6444
6446
6447
6449
6449
6451
6452
6453
6453
6456
6458
6458
6458
6459
6459
6460
6461
6462
6463
6463
6464
6464
6465
6466
6467
6468
6468
6470
6471
6473
6473
6474
6475
6475
6479
6480
6482
6488
6489
6490
6491
6492
6495
6495
6497
6497
6498
6499
6500
6500
6501
6502
6502
6506
6507
6508
6508
6511
6513
6514
6515
6518
6520
6524
6526
6526
6528
6530
6530
6532
6532
6533
6535
6535
6537
6537
6538
6539
6541
6542
6543
6544
6545
6546
6546
6546
6547
6550
6550
6554
6555
6555
6556
6557
6557
6558
6560
6560
6563
6566
6566
6566
6568
6572
6574
6575
6577
6577
6579
6579
6579
6579
6581
6582
6582
6584
6585
6585
6586
6586
6587
6588
6590
6592
6593
6593
6596
6597
6599
6601
6602
6602
6603
6603
6604
6605
6606
6608
6609
6609
6609
6610
6611
6612
6612
6613
6613
6615
6616
6616
6617
6618
6618
6619
6620
6621
6621
6622
6623
6628
6629
6632
6634
6635
6635
6636
6637
6638
6639
6639
6639
6639
6639
6640
6640
6642
6642
6643
6643
6644
6647
6647
6647
6648
6650
6650
6651
6651
6652
6652
6653
6653
6654
6655
6656
6657
6657
6658
6658
6659
6659
6660
6660
6660
6661
6664
6664
6666
6666
6668
6669
6669
6670
6670
6670
6671
6671
6672
6672
6672
6676
6677
6678
6679
6680
6681
6684
6684
6685
6687
6689
6690
6690
6692
6692
6694
6697
6698
6701
6701
6701
6702
6703
6706
6706
6709
6709
6712
6713
6715
6717
6717
6720
6720
6720
6723
6724
6725
6726
6726
6727
6727
6728
6729
6729
6730
6730
6731
6732
6732
6733
6734
6735
6735
6735
6736
6736
6738
6739
6739
6741
6742
6743
6743
6743
6745
6746
6747
6748
6748
6749
6751
6751
6753
6753
6754
6754
6755
6757
6758
6759
6759
6760
6761
6766
6768
6769
6770
6771
6771
6774
6774
6775
6775
6777
6777
6777
6778
6778
6780
6780
6781
6782
6784
6784
6785
6785
6785
6785
6786
6786
6790
6792
6792
6793
6794
6796
6796
6797
6798
6799
6800
6801
6802
6802
6803
6803
6803
6803
6804
6805
6805
6810
6810
6811
6811
6811
6812
6812
6813
6814
6815
6815
6816
6817
6818
6821
6825
6827
6828
6828
6828
6829
6830
6830
6832
6832
6833
6833
6833
6834
6834
6834
6835
6837
6839
6839
6839
6840
6840
6843
6843
6843
6845
6845
6848
6849
6851
6852
6853
6854
6855
6856
6856
6856
6856
6859
6860
6860
6861
6862
6862
6864
6865
6865
6867
6868
6871
6871
6871
6872
6872
6875
6876
6879
6881
6882
6882
6883
6884
6884
6885
6886
6886
6888
6889
6890
6893
6893
6894
6895
6896
6897
6897
6900
6900
6900
6900
6902
6902
6903
6906
6907
6908
6908
6909
6910
6910
6910
6911
6912
6912
6913
6913
6914
6915
6915
6918
6919
6920
6920
6921
6921
6921
6922
6923
6924
6924
6924
6925
6926
6931
6931
6933
6933
6933
6934
6934
6936
6941
6944
6945
6949
6950
6951
6952
6952
6953
6953
6956
6956
6958
6958
6959
6960
6960
6961
6961
6962
6966
6967
6969
6969
6969
6970
6970
6970
6971
6972
6973
6974
6975
6976
6977
6977
6977
6978
6981
6982
6983
6984
6984
6984
6985
6986
6988
6988
6988
6989
6989
6989
6990
6993
6993
6996
6996
6996
6998
6999
7000
7002
7002
7003
7003
7003
7004
7006
7006
7007
7009
7011
7011
7013
7014
7015
7016
7016
7016
7017
7018
7018
7018
7019
7020
7020
7020
7021
7022
7024
7025
7025
7027
7027
7027
7029
7029
7029
7029
7031
7032
7034
7034
7034
7035
7035
7035
7037
7038
7040
7043
7044
7046
7046
7046
7047
7047
7047
7047
7052
7053
7053
7055
7056
7056
7058
7060
7060
7060
7061
7061
7063
7064
7064
7065
7066
7067
7068
7069
7069
7071
7071
7072
7072
7072
7074
7074
7075
7077
7080
7084
7084
7085
7086
7086
7086
7086
7088
7091
7091
7092
7092
7092
7092
7094
7096
7097
7097
7100
7101
7101
7101
7102
7103
7107
7107
7108
7110
7111
7111
7112
7112
7113
7115
7115
7115
7115
7116
7116
7120
7120
7121
7121
7121
7122
7122
7122
7123
7126
7127
7131
7131
7133
7135
7135
7136
7136
7136
7137
7137
7137
7138
7138
7140
7140
7143
7144
7146
7146
7146
7147
7148
7151
7151
7151
7154
7154
7155
7155
7158
7162
7162
7163
7164
7164
7166
7169
7171
7171
7172
7172
7174
7175
7175
7176
7178
7178
7178
7181
7183
7185
7185
7187
7189
7190
7193
7194
7194
7194
7197
7199
7199
7199
7200
7200
7205
7205
7206
7207
7209
7209
7210
7211
7213
7214
7216
7216
7217
7219
7219
7221
7222
7223
7224
7224
7226
7227
7227
7228
7229
7229
7230
7230
7231
7231
7233
7237
7237
7242
7243
7243
7244
7246
7246
7248
7249
7250
7251
7251
7252
7253
7254
7254
7254
7255
7256
7257
7258
7258
7260
7260
7260
7263
7263
7263
7267
7268
7269
7271
7271
7272
7272
7272
7273
7273
7274
7275
7275
7275
7275
7276
7276
7277
7278
7279
7279
7283
7285
7286
7287
7287
7289
7290
7290
7294
7295
7298
7298
7298
7299
7300
7301
7301
7301
7302
7303
7305
7307
7307
7310
7310
7313
7313
7314
7315
7316
7316
7318
7319
7319
7319
7321
7321
7321
7322
7325
7325
7325
7327
7328
7328
7330
7331
7332
7332
7333
7333
7333
7333
7336
7337
7337
7337
7339
7340
7340
7340
7341
7342
7343
7347
7347
7348
7348
7350
7352
7353
7353
7354
7354
7355
7356
7358
7361
7362
7362
7364
7365
7365
7365
7366
7367
7367
7368
7369
7373
7374
7375
7375
7376
7376
7376
7376
7377
7377
7378
7380
7383
7385
7388
7389
7391
7392
7392
7393
7393
7393
7396
7396
7397
7398
7398
7399
7399
7403
7404
7404
7405
7406
7407
7407
7407
7408
7412
7413
7413
7413
7416
7416
7417
7418
7420
7420
7422
7423
7424
7425
7426
7426
7428
7429
7430
7432
7433
7433
7433
7435
7436
7436
7437
7438
7439
7439
7440
7441
7442
7444
7446
7446
7447
7447
7450
7451
7452
7452
7452
7456
7457
7457
7458
7458
7459
7459
7459
7462
7463
7464
7465
7465
7467
7468
7468
7469
7469
7470
7472
7473
7476
7476
7477
7477
7478
7478
7478
7479
7479
7479
7480
7481
7485
7485
7489
7489
7494
7494
7495
7499
7499
7500
7503
7503
7503
7504
7505
7506
7506
7508
7509
7509
7510
7510
7512
7515
7516
7516
7516
7516
7516
7518
7518
7519
7520
7521
7523
7524
7524
7524
7526
7527
7528
7528
7528
7529
7529
7530
7530
7532
7533
7533
7534
7535
7535
7535
7535
7541
7541
7542
7544
7546
7546
7548
7548
7548
7549
7549
7551
7552
7552
7554
7554
7556
7556
7557
7561
7561
7562
7562
7563
7564
7566
7567
7568
7568
7568
7569
7569
7570
7570
7571
7571
7572
7573
7574
7575
7576
7576
7577
7577
7578
7582
7583
7583
7583
7584
7585
7588
7589
7589
7589
7590
7591
7591
7591
7592
7593
7594
7597
7598
7600
7602
7602
7602
7602
7603
7604
7604
7605
7605
7606
7608
7609
7610
7611
7612
7613
7613
7614
7614
7615
7620
7620
7620
7621
7622
7623
7624
7624
7625
7625
7629
7629
7630
7631
7631
7632
7633
7634
7634
7635
7635
7636
7637
7637
7638
7638
7639
7639
7639
7640
7640
7642
7644
7645
7648
7649
7649
7650
7651
7651
7652
7653
7654
7654
7655
7656
7657
7659
7663
7665
7665
7667
7670
7673
7673
7674
7676
7678
7678
7678
7679
7679
7679
7680
7681
7682
7682
7683
7683
7683
7684
7685
7686
7686
7687
7690
7692
7693
7694
7694
7695
7695
7696
7698
7698
7701
7703
7704
7705
7705
7706
7706
7706
7706
7708
7709
7710
7715
7716
7716
7716
7717
7717
7718
7719
7719
7720
7720
7721
7721
7724
7724
7724
7726
7726
7728
7730
7731
7733
7734
7734
7735
7736
7736
7738
7739
7739
7740
7740
7740
7743
7743
7743
7746
7747
7749
7750
7750
7751
7751
7752
7756
7756
7757
7759
7759
7760
7760
7760
7760
7761
7761
7764
7764
7768
7769
7773
7774
7774
7775
7776
7776
7777
7778
7778
7779
7782
7783
7783
7783
7784
7786
7790
7790
7791
7794
7795
7795
7798
7799
7800
7801
7802
7803
7804
7804
7813
7813
7814
7815
7816
7817
7817
7821
7822
7824
7826
7827
7827
7828
7829
7829
7829
7829
7832
7833
7833
7834
7834
7836
7837
7838
7838
7840
7840
7842
7843
7843
7843
7845
7845
7845
7846
7847
7851
7852
7853
7857
7858
7858
7859
7859
7859
7860
7861
7861
7861
7862
7863
7863
7864
7864
7867
7868
7870
7871
7871
7872
7872
7873
7874
7875
7875
7877
7877
7878
7878
7879
7879
7880
7880
7880
7880
7880
7882
7882
7882
7883
7884
7885
7885
7885
7886
7888
7889
7890
7890
7892
7892
7893
7894
7895
7895
7895
7895
7896
7897
7897
7899
7900
7902
7905
7906
7906
7907
7908
7908
7909
7909
7911
7911
7911
7912
7912
7913
7913
7914
7915
7916
7917
7919
7919
7919
7920
7921
7922
7922
7922
7924
7925
7927
7928
7930
7930
7930
7933
7933
7934
7934
7935
7939
7939
7940
7942
7944
7944
7944
7945
7945
7946
7946
7947
7948
7952
7952
7953
7954
7956
7960
7960
7960
7961
7962
7962
7962
7963
7963
7964
7964
7964
7964
7964
7966
7969
7969
7969
7970
7970
7971
7972
7973
7973
7976
7976
7977
7978
7978
7980
7980
7983
7983
7984
7986
7986
7988
7990
7992
7993
7993
7994
7994
7995
7996
7996
7998
7999
8000
8001
8003
8003
8003
8005
8005
8007
8010
8012
8013
8013
8013
8015
8016
8018
8021
8021
8022
8023
8024
8024
8024
8028
8028
8029
8030
8030
8030
8030
8032
8033
8034
8035
8035
8036
8036
8037
8038
8038
8039
8039
8042
8042
8043
8044
8048
8049
8051
8052
8052
8052
8053
8055
8056
8056
8057
8059
8059
8062
8062
8063
8063
8066
8067
8067
8070
8071
8075
8078
8078
8078
8078
8079
8080
8081
8081
8081
8082
8083
8084
8085
8086
8087
8088
8088
8090
8091
8093
8094
8095
8096
8100
8100
8103
8104
8104
8104
8105
8106
8106
8108
8108
8109
8109
8109
8110
8111
8114
8115
8118
8120
8120
8120
8122
8123
8124
8124
8124
8125
8128
8129
8129
8129
8129
8130
8130
8132
8135
8135
8137
8139
8142
8142
8143
8143
8144
8144
8146
8147
8148
8149
8149
8150
8152
8154
8155
8156
8156
8158
8158
8159
8159
8160
8162
8162
8162
8163
8167
8167
8167
8168
8168
8169
8172
8173
8173
8174
8177
8178
8180
8182
8183
8183
8184
8185
8186
8187
8188
8188
8193
8194
8195
8195
8196
8198
8199
8199
8199
8201
8203
8204
8204
8204
8204
8208
8208
8210
8214
8214
8214
8218
8220
8220
8221
8223
8223
8225
8225
8225
8229
8230
8232
8234
8235
8236
8236
8236
8237
8237
8238
8238
8241
8242
8243
8244
8244
8245
8246
8253
8254
8255
8257
8258
8259
8259
8259
8261
8264
8265
8266
8268
8268
8269
8269
8271
8272
8272
8272
8273
8273
8273
8273
8273
8274
8275
8276
8277
8279
8279
8279
8279
8281
8282
8282
8287
8287
8290
8291
8292
8293
8293
8293
8294
8295
8296
8297
8301
8301
8302
8302
8302
8303
8303
8306
8308
8310
8311
8313
8313
8313
8313
8314
8314
8315
8315
8315
8316
8317
8317
8320
8320
8320
8322
8323
8323
8324
8325
8326
8327
8328
8331
8332
8333
8334
8337
8340
8341
8341
8341
8342
8342
8343
8344
8344
8346
8348
8349
8349
8349
8350
8350
8350
8351
8352
8352
8353
8353
8355
8355
8356
8356
8361
8362
8364
8364
8364
8365
8366
8367
8367
8367
8367
8367
8372
8372
8373
8373
8376
8377
8378
8378
8378
8380
8383
8384
8384
8385
8386
8388
8390
8392
8393
8395
8395
8396
8396
8399
8401
8401
8402
8402
8407
8409
8409
8409
8409
8410
8410
8411
8414
8415
8415
8417
8417
8418
8418
8418
8419
8419
8420
8421
8422
8424
8425
8426
8429
8429
8430
8431
8432
8432
8434
8435
8436
8436
8436
8436
8438
8438
8439
8439
8440
8440
8440
8441
8442
8444
8445
8447
8449
8449
8451
8451
8452
8453
8453
8453
8454
8454
8455
8457
8460
8461
8462
8463
8463
8463
8463
8463
8464
8464
8464
8465
8465
8466
8466
8467
8468
8469
8470
8472
8472
8472
8473
8477
8477
8478
8478
8479
8480
8482
8483
8484
8484
8484
8485
8485
8489
8490
8490
8491
8491
8492
8493
8494
8495
8497
8497
8501
8501
8502
8502
8504
8505
8505
8505
8508
8510
8511
8512
8513
8513
8514
8514
8515
8516
8517
8517
8517
8518
8519
8520
8520
8521
8523
8525
8526
8526
8527
8527
8528
8531
8536
8537
8538
8540
8541
8542
8542
8544
8545
8546
8546
8547
8548
8549
8557
8561
8563
8563
8563
8565
8565
8565
8566
8567
8568
8568
8569
8570
8570
8574
8574
8575
8576
8577
8577
8577
8578
8579
8579
8579
8580
8583
8583
8584
8585
8585
8585
8586
8586
8587
8588
8588
8591
8591
8592
8594
8594
8594
8594
8595
8598
8600
8600
8601
8604
8605
8605
8606
8607
8608
8608
8608
8609
8609
8610
8612
8612
8612
8614
8615
8615
8616
8617
8618
8619
8619
8621
8622
8623
8623
8623
8624
8625
8625
8626
8626
8626
8627
8628
8628
8629
8629
8632
8632
8632
8633
8634
8634
8634
8635
8637
8637
8639
8639
8640
8642
8642
8643
8644
8644
8644
8644
8644
8645
8646
8650
8650
8650
8651
8651
8654
8654
8655
8657
8658
8660
8660
8661
8661
8661
8664
8664
8664
8664
8665
8667
8667
8668
8668
8668
8668
8669
8673
8678
8681
8683
8684
8684
8684
8685
8685
8687
8688
8689
8689
8691
8692
8692
8693
8693
8694
8695
8697
8697
8700
8700
8701
8702
8703
8704
8705
8705
8705
8705
8706
8708
8708
8708
8708
8708
8710
8710
8710
8713
8713
8714
8714
8716
8717
8717
8719
8720
8722
8724
8724
8724
8725
8726
8726
8727
8728
8728
8729
8732
8733
8733
8734
8734
8735
8735
8737
8737
8740
8741
8741
8741
8742
8742
8743
8743
8744
8744
8744
8745
8745
8746
8746
8749
8751
8752
8753
8753
8755
8757
8757
8757
8760
8761
8762
8762
8763
8764
8766
8766
8769
8770
8771
8772
8774
8777
8778
8778
8778
8781
8782
8782
8783
8784
8784
8784
8785
8785
8785
8786
8787
8788
8791
8791
8791
8792
8792
8793
8793
8794
8795
8797
8798
8800
8801
8803
8803
8803
8804
8808
8808
8810
8810
8811
8811
8812
8813
8814
8814
8815
8815
8816
8817
8818
8818
8819
8820
8823
8823
8824
8826
8828
8831
8833
8834
8835
8838
8839
8841
8842
8842
8842
8844
8844
8846
8846
8846
8847
8848
8848
8848
8849
8850
8851
8851
8852
8852
8852
8852
8853
8853
8855
8857
8857
8857
8857
8858
8858
8858
8859
8859
8860
8862
8864
8866
8867
8867
8867
8870
8871
8873
8874
8875
8878
8879
8881
8881
8881
8883
8884
8885
8887
8887
8888
8888
8888
8890
8890
8891
8894
8894
8894
8895
8896
8896
8897
8897
8899
8900
8900
8903
8903
8904
8906
8906
8907
8909
8909
8909
8909
8910
8910
8911
8911
8912
8912
8912
8912
8912
8914
8917
8919
8919
8920
8925
8927
8928
8928
8928
8930
8930
8932
8933
8937
8938
8940
8941
8941
8942
8943
8943
8945
8945
8945
8946
8947
8949
8950
8950
8951
8952
8952
8953
8953
8953
8956
8958
8960
8961
8963
8963
8964
8965
8965
8966
8966
8966
8969
8970
8970
8976
8977
8978
8979
8979
8980
8982
8983
8983
8985
8986
8986
8988
8992
8992
8992
8992
8995
8998
8999
9000
9000
9000
9002
9002
9003
9003
9004
9005
9005
9007
9007
9007
9007
9010
9011
9011
9012
9012
9012
9012
9014
9015
9016
9018
9018
9019
9021
9022
9022
9023
9024
9024
9026
9027
9031
9032
9032
9033
9033
9034
9034
9034
9034
9036
9036
9037
9037
9038
9038
9039
9040
9041
9041
9041
9042
9042
9043
9043
9043
9043
9044
9045
9045
9045
9046
9047
9047
9048
9048
9049
9050
9050
9050
9051
9051
9052
9053
9054
9055
9058
9059
9060
9061
9061
9064
9064
9065
9065
9066
9066
9067
9068
9068
9069
9070
9071
9071
9074
9075
9078
9082
9083
9084
9084
9084
9085
9087
9087
9088
9088
9090
9091
9095
9095
9095
9097
9097
9098
9099
9099
9101
9102
9102
9103
9103
9104
9106
9107
9108
9109
9111
9112
9112
9115
9115
9115
9115
9115
9115
9116
9125
9125
9126
9127
9127
9129
9129
9129
9129
9130
9131
9131
9132
9133
9133
9136
9136
9137
9138
9138
9139
9139
9140
9141
9142
9143
9143
9144
9145
9145
9146
9146
9147
9149
9149
9150
9151
9151
9153
9155
9156
9158
9159
9160
9161
9162
9164
9165
9166
9167
9167
9168
9169
9171
9171
9172
9173
9173
9175
9177
9180
9182
9182
9183
9183
9186
9186
9186
9188
9190
9190
9191
9193
9195
9196
9197
9197
9199
9200
9201
9202
9203
9204
9205
9206
9206
9208
9209
9210
9210
9215
9215
9216
9218
9219
9219
9220
9222
9222
9223
9223
9224
9225
9226
9227
9228
9229
9229
9230
9230
9230
9230
9234
9236
9236
9237
9238
9239
9240
9241
9242
9243
9244
9244
9245
9245
9248
9250
9250
9250
9252
9253
9255
9256
9256
9258
9258
9258
9258
9258
9261
9264
9264
9265
9267
9267
9269
9271
9272
9272
9272
9273
9274
9274
9276
9277
9277
9278
9279
9280
9283
9284
9284
9286
9288
9288
9290
9292
9293
9293
9294
9295
9295
9296
9297
9297
9298
9298
9299
9300
9300
9300
9301
9302
9303
9303
9304
9306
9310
9310
9311
9311
9313
9313
9314
9315
9315
9317
9317
9317
9318
9318
9318
9321
9322
9322
9322
9323
9326
9326
9327
9329
9329
9329
9330
9334
9335
9336
9337
9337
9337
9340
9341
9342
9347
9348
9351
9353
9353
9354
9356
9356
9356
9357
9359
9359
9360
9361
9363
9363
9364
9366
9367
9368
9369
9369
9369
9369
9371
9372
9373
9373
9374
9374
9374
9376
9376
9377
9377
9379
9380
9381
9381
9385
9386
9387
9388
9389
9389
9389
9389
9392
9396
9397
9398
9399
9400
9400
9402
9403
9407
9407
9408
9408
9409
9409
9410
9411
9414
9414
9415
9415
9417
9418
9423
9423
9424
9425
9427
9430
9431
9431
9432
9432
9433
9434
9435
9435
9437
9439
9439
9441
9442
9442
9446
9446
9447
9449
9450
9451
9452
9453
9457
9457
9462
9462
9463
9463
9464
9465
9466
9466
9469
9472
9475
9477
9477
9479
9482
9483
9484
9484
9484
9485
9485
9485
9486
9490
9490
9491
9491
9492
9492
9492
9494
9496
9497
9497
9498
9498
9498
9498
9499
9499
9501
9502
9503
9505
9507
9507
9508
9509
9512
9512
9513
9514
9514
9514
9515
9515
9515
9516
9517
9519
9521
9522
9523
9523
9524
9525
9526
9529
9529
9532
9534
9535
9535
9536
9538
9541
9541
9543
9545
9547
9548
9550
9550
9550
9552
9553
9556
9557
9557
9558
9559
9559
9561
9565
9566
9568
9569
9571
9571
9571
9572
9573
9574
9575
9575
9578
9580
9580
9582
9582
9585
9585
9586
9586
9587
9587
9587
9590
9590
9592
9593
9594
9594
9594
9596
9596
9598
9599
9601
9601
9602
9604
9605
9605
9605
9606
9607
9608
9608
9608
9608
9608
9610
9611
9612
9612
9614
9616
9616
9617
9620
9620
9622
9623
9625
9625
9626
9626
9628
9629
9629
9630
9631
9633
9634
9635
9636
9636
9636
9638
9639
9643
9644
9644
9645
9645
9648
9649
9652
9652
9653
9653
9654
9654
9654
9656
9656
9657
9657
9658
9660
9662
9662
9665
9666
9667
9669
9669
9670
9672
9673
9674
9674
9674
9675
9676
9677
9677
9678
9678
9678
9680
9680
9681
9682
9687
9687
9687
9687
9690
9691
9691
9691
9691
9692
9692
9693
9693
9694
9694
9697
9699
9700
9702
9703
9703
9705
9706
9707
9708
9708
9712
9713
9713
9714
9714
9714
9715
9715
9716
9716
9717
9720
9721
9721
9722
9722
9724
9725
9725
9725
9725
9726
9727
9729
9729
9730
9730
9732
9732
9735
9736
9738
9739
9739
9739
9739
9740
9741
9741
9742
9743
9744
9744
9744
9745
9745
9746
9746
9749
9749
9749
9749
9750
9751
9751
9752
9754
9755
9757
9759
9760
9763
9763
9764
9765
9766
9766
9767
9767
9767
9768
9770
9771
9771
9772
9773
9773
9773
9773
9774
9774
9774
9775
9775
9775
9776
9776
9777
9780
9781
9782
9782
9782
9784
9784
9784
9785
9785
9785
9786
9786
9788
9789
9790
9791
9792
9792
9793
9794
9795
9795
9797
9797
9799
9799
9800
9802
9803
9805
9806
9807
9807
9808
9809
9809
9810
9810
9812
9813
9814
9815
9817
9819
9819
9820
9820
9824
9824
9825
9825
9825
9826
9827
9828
9829
9830
9833
9833
9834
9834
9835
9836
9837
9838
9838
9838
9844
9848
9848
9850
9851
9852
9852
9853
9854
9855
9858
9861
9861
9862
9863
9864
9864
9864
9866
9869
9870
9871
9872
9876
9876
9877
9877
9878
9878
9878
9880
9880
9881
9882
9883
9883
9885
9886
9886
9886
9887
9892
9892
9892
9893
9894
9895
9895
9895
9895
9895
9897
9898
9899
9900
9900
9900
9901
9903
9904
9904
9905
9905
9906
9906
9907
9907
9908
9912
9912
9913
9913
9915
9915
9916
9918
9918
9920
9921
9921
9921
9923
9924
9924
9924
9926
9927
9927
9928
9929
9932
9933
9934
9935
9935
9940
9941
9942
9942
9943
9947
9948
9949
9950
9952
9952
9952
9952
9954
9956
9957
9959
9959
9961
9962
9962
9963
9965
9965
9968
9969
9971
9971
9974
9977
9978
9978
9979
9979
9980
9980
9981
9982
9984
9985
9987
9987
9988
9990
9990
9991
9991
9991
9992
9993
9995
9996
9998
