0
0
0
1
2
2
3
4
8
9
9
9
10
10
11
12
13
14
15
15
16
16
17
17
18
19
20
21
21
21
21
23
23
23
24
25
26
27
27
29
30
30
31
32
33
34
34
34
37
37
38
40
41
42
42
43
46
46
48
50
51
52
59
59
59
60
60
61
62
63
64
64
66
66
67
67
67
68
69
72
75
76
78
79
80
80
81
82
83
84
87
87
89
90
91
91
93
93
95
95
96
99
99
101
101
101
103
104
106
110
110
113
113
114
115
117
117
119
119
121
121
121
122
123
123
124
125
129
129
129
129
130
130
130
132
133
135
135
135
135
140
140
141
141
141
141
141
143
144
144
144
145
147
148
151
152
154
154
156
156
157
158
159
159
159
160
161
163
164
167
171
172
172
174
176
177
179
180
180
181
186
187
187
187
188
188
189
192
193
195
196
196
196
197
197
198
199
201
203
204
206
207
207
207
207
209
210
213
215
217
218
220
220
222
223
223
224
226
229
231
233
233
234
235
235
235
236
238
238
238
240
241
243
243
246
246
249
249
250
250
251
251
252
254
254
254
254
255
258
259
260
260
261
261
262
263
263
264
264
265
267
268
268
270
271
275
275
275
276
278
280
280
281
283
283
285
285
287
287
287
288
288
289
290
291
292
294
295
295
297
298
299
300
300
301
301
303
303
304
306
306
307
307
307
308
308
309
310
312
312
313
313
314
315
316
317
317
318
318
319
319
319
320
321
322
322
323
323
326
327
329
329
330
330
331
331
331
333
334
336
339
340
340
341
342
342
342
343
343
343
344
345
345
347
349
350
350
350
350
352
353
354
354
357
359
360
365
366
367
368
369
370
370
370
371
373
373
373
373
375
375
376
377
380
380
381
381
381
382
382
383
383
383
383
383
385
386
386
386
389
390
390
390
392
395
397
398
398
398
401
401
404
404
404
405
407
409
410
410
412
412
412
414
415
420
421
421
421
422
422
422
428
430
430
431
431
432
432
434
434
436
438
439
441
441
441
442
444
445
447
447
447
448
451
452
455
455
456
460
462
462
463
463
463
464
464
465
467
468
468
469
470
470
471
472
474
475
475
478
480
481
482
483
485
487
487
487
488
488
490
491
492
494
494
494
495
496
497
500
501
501
502
503
503
503
504
505
505
506
506
507
510
511
511
512
512
514
514
515
516
516
516
520
520
520
520
521
521
522
522
522
524
525
525
527
528
528
530
532
533
537
537
538
538
540
540
541
541
544
544
547
549
549
550
554
554
554
555
556
556
556
558
559
562
563
563
564
564
564
567
570
572
575
576
578
578
581
581
581
583
583
583
584
584
584
586
587
588
590
590
591
592
593
594
596
600
601
603
604
604
605
608
609
610
610
612
613
614
614
615
615
615
615
619
620
621
622
623
623
624
625
625
627
627
627
628
628
628
629
630
631
632
634
638
641
641
642
642
643
646
646
648
650
651
652
652
652
653
654
654
655
655
657
659
660
661
663
663
664
664
664
665
666
667
668
669
669
671
672
676
677
678
678
680
681
681
682
682
682
683
683
684
684
685
686
686
687
687
687
687
688
689
691
692
693
693
695
696
697
697
698
698
698
702
702
704
704
706
711
711
711
712
713
715
716
716
717
718
719
720
721
721
722
723
723
723
724
724
727
729
729
730
731
731
731
733
733
733
733
733
734
734
735
735
739
740
742
743
745
745
746
747
748
750
750
750
752
752
752
753
754
754
754
754
755
755
756
756
757
760
761
763
768
768
768
770
771
773
774
775
775
776
777
779
779
779
782
783
786
786
787
787
788
789
789
789
791
791
791
792
795
795
796
797
798
798
799
802
803
804
804
805
806
806
806
807
810
810
812
813
814
815
816
817
817
818
818
819
822
822
822
822
824
824
825
825
828
829
830
833
834
834
835
835
837
839
840
840
841
841
842
845
845
845
846
847
849
850
850
851
852
853
853
854
855
858
860
860
861
863
864
864
865
866
866
866
866
867
868
868
870
870
871
872
873
874
878
879
879
879
883
884
885
885
885
886
887
888
890
891
891
892
892
892
894
894
894
896
896
896
896
897
897
897
897
897
899
899
900
900
903
903
904
904
904
908
909
909
911
913
915
916
916
917
919
919
920
920
920
920
921
922
922
922
924
924
928
928
928
929
929
929
930
930
931
931
931
932
933
934
934
934
937
937
938
941
942
944
947
948
949
949
950
953
953
954
954
955
955
956
957
958
964
964
964
964
965
966
969
969
969
970
970
971
973
974
975
975
978
978
978
979
979
980
982
983
983
984
985
985
985
986
986
988
989
990
991
993
996
996
1000
1002
1004
1005
1006
1006
1009
1009
1009
1011
1012
1012
1013
1013
1014
1014
1014
1017
1019
1022
1024
1027
1027
1028
1030
1031
1032
1032
1032
1035
1036
1038
1039
1039
1040
1040
1041
1041
1043
1044
1046
1046
1046
1046
1047
1049
1050
1051
1051
1053
1053
1054
1057
1057
1058
1058
1059
1059
1059
1060
1061
1062
1064
1065
1066
1069
1072
1072
1073
1075
1076
1076
1077
1078
1080
1080
1081
1082
1082
1083
1083
1084
1085
1085
1089
1089
1089
1090
1092
1094
1094
1094
1094
1094
1094
1094
1097
1097
1098
1101
1103
1104
1107
1108
1109
1109
1111
1111
1111
1112
1113
1113
1115
1115
1117
1118
1118
1119
1119
1119
1120
1120
1120
1122
1123
1123
1123
1125
1125
1126
1127
1129
1129
1129
1134
1138
1138
1138
1139
1139
1140
1140
1140
1140
1140
1141
1141
1142
1142
1146
1147
1147
1148
1148
1149
1150
1150
1151
1151
1152
1152
1155
1156
1156
1157
1158
1159
1160
1162
1163
1165
1165
1166
1168
1169
1170
1173
1174
1174
1175
1175
1177
1178
1181
1181
1182
1183
1186
1190
1190
1191
1193
1193
1194
1195
1196
1197
1198
1201
1201
1201
1201
1202
1202
1203
1203
1205
1208
1209
1211
1211
1217
1218
1218
1218
1219
1221
1221
1221
1221
1221
1223
1224
1225
1225
1227
1229
1229
1230
1232
1233
1235
1236
1239
1240
1240
1241
1241
1244
1244
1244
1245
1245
1246
1247
1248
1250
1252
1252
1253
1253
1253
1255
1260
1262
1262
1263
1263
1263
1264
1264
1265
1266
1266
1267
1267
1267
1269
1271
1272
1274
1275
1275
1275
1275
1276
1276
1277
1278
1278
1281
1282
1282
1283
1284
1284
1287
1288
1290
1290
1291
1291
1291
1292
1293
1293
1293
1294
1295
1295
1295
1295
1296
1297
1298
1299
1300
1300
1300
1301
1304
1306
1308
1309
1309
1311
1311
1313
1314
1315
1316
1316
1320
1321
1322
1322
1322
1323
1323
1324
1324
1324
1324
1325
1325
1325
1326
1330
1331
1331
1331
1331
1333
1334
1335
1336
1337
1337
1337
1338
1339
1339
1340
1341
1343
1347
1347
1347
1347
1348
1349
1351
1352
1354
1355
1355
1356
1357
1357
1357
1360
1360
1367
1368
1369
1370
1372
1372
1372
1373
1373
1374
1375
1375
1376
1377
1377
1379
1381
1382
1384
1386
1386
1388
1388
1388
1389
1390
1391
1391
1393
1393
1393
1393
1394
1394
1395
1398
1398
1398
1399
1399
1399
1400
1401
1401
1402
1404
1404
1405
1407
1408
1408
1409
1411
1411
1412
1413
1414
1414
1416
1418
1418
1418
1419
1419
1420
1421
1422
1422
1422
1423
1423
1424
1425
1426
1426
1428
1428
1429
1429
1431
1431
1432
1433
1434
1435
1435
1437
1438
1440
1440
1441
1448
1449
1451
1451
1451
1452
1457
1458
1459
1460
1460
1461
1462
1462
1463
1463
1464
1465
1466
1467
1468
1468
1470
1471
1472
1472
1472
1475
1476
1476
1476
1478
1479
1479
1480
1482
1482
1485
1487
1489
1490
1490
1490
1492
1492
1493
1494
1495
1495
1495
1496
1497
1498
1499
1499
1501
1503
1503
1504
1505
1507
1508
1509
1511
1511
1512
1512
1513
1514
1515
1518
1518
1518
1519
1519
1520
1521
1521
1522
1522
1522
1525
1525
1525
1526
1527
1528
1528
1529
1529
1530
1530
1530
1531
1532
1533
1534
1538
1538
1538
1543
1544
1544
1544
1544
1545
1545
1546
1546
1546
1547
1547
1548
1551
1552
1553
1554
1554
1555
1555
1555
1556
1557
1558
1560
1561
1563
1564
1565
1565
1566
1568
1568
1568
1568
1570
1570
1571
1572
1572
1572
1572
1573
1573
1573
1575
1577
1577
1578
1578
1582
1583
1584
1585
1585
1585
1586
1586
1587
1590
1590
1593
1594
1594
1595
1597
1597
1600
1601
1601
1601
1602
1602
1602
1604
1605
1606
1607
1609
1610
1611
1613
1614
1614
1615
1615
1616
1616
1617
1617
1617
1618
1620
1623
1624
1624
1626
1626
1628
1629
1629
1629
1630
1631
1632
1632
1633
1633
1634
1634
1634
1636
1637
1638
1641
1641
1641
1643
1643
1643
1643
1644
1644
1645
1647
1647
1649
1649
1650
1651
1651
1652
1654
1654
1656
1656
1659
1659
1659
1660
1660
1662
1664
1664
1665
1666
1666
1667
1670
1670
1673
1674
1674
1675
1675
1675
1676
1676
1676
1678
1678
1678
1678
1679
1680
1680
1681
1682
1683
1686
1687
1688
1689
1690
1690
1691
1691
1691
1692
1693
1694
1696
1696
1698
1700
1701
1702
1706
1707
1708
1709
1713
1714
1716
1718
1719
1724
1724
1725
1725
1727
1727
1732
1733
1733
1734
1736
1737
1738
1739
1739
1740
1742
1742
1742
1742
1743
1749
1750
1752
1752
1752
1753
1755
1757
1758
1758
1761
1761
1761
1761
1763
1764
1767
1767
1767
1767
1768
1768
1768
1768
1769
1770
1771
1773
1773
1773
1775
1775
1776
1776
1777
1779
1779
1779
1780
1782
1782
1786
1786
1788
1788
1788
1790
1793
1793
1794
1795
1796
1797
1798
1800
1803
1804
1804
1806
1807
1808
1808
1809
1810
1810
1810
1813
1816
1817
1818
1819
1819
1820
1820
1822
1825
1825
1825
1833
1833
1834
1835
1835
1836
1836
1836
1837
1837
1838
1838
1839
1840
1841
1843
1845
1845
1845
1847
1847
1848
1853
1856
1856
1858
1858
1860
1861
1861
1862
1862
1866
1867
1867
1867
1869
1869
1869
1871
1872
1873
1875
1877
1878
1879
1879
1879
1879
1880
1881
1881
1882
1882
1883
1883
1886
1887
1888
1888
1889
1890
1891
1893
1897
1897
1898
1901
1901
1902
1903
1904
1905
1906
1906
1906
1907
1908
1909
1910
1910
1911
1912
1912
1914
1914
1917
1921
1921
1923
1923
1928
1929
1932
1932
1933
1934
1935
1936
1936
1937
1937
1937
1938
1938
1940
1941
1941
1941
1942
1942
1944
1946
1947
1948
1951
1951
1954
1955
1955
1957
1959
1960
1960
1961
1961
1961
1963
1964
1965
1965
1965
1965
1966
1966
1968
1969
1970
1970
1971
1972
1972
1973
1974
1975
1976
1977
1978
1978
1979
1979
1982
1983
1984
1984
1985
1987
1988
1989
1989
1989
1991
1992
1992
1994
1997
1997
1997
1998
2001
2003
2007
2007
2008
2009
2010
2011
2013
2015
2016
2017
2020
2023
2024
2026
2027
2028
2030
2031
2031
2034
2035
2036
2037
2037
2038
2039
2041
2043
2045
2045
2045
2045
2046
2047
2047
2049
2050
2052
2053
2055
2055
2055
2058
2058
2060
2064
2065
2065
2068
2068
2068
2068
2070
2070
2070
2071
2072
2073
2074
2074
2075
2077
2078
2078
2078
2079
2081
2082
2083
2084
2086
2087
2089
2090
2090
2091
2091
2093
2094
2094
2095
2096
2097
2097
2099
2099
2100
2100
2100
2101
2101
2101
2102
2102
2103
2103
2104
2104
2104
2106
2106
2107
2108
2109
2109
2110
2111
2111
2111
2112
2113
2113
2116
2116
2117
2126
2127
2127
2128
2128
2129
2129
2130
2130
2130
2131
2132
2133
2134
2134
2134
2134
2137
2138
2138
2138
2138
2140
2142
2142
2143
2144
2145
2145
2147
2149
2154
2155
2155
2156
2156
2157
2158
2158
2158
2160
2160
2162
2165
2165
2165
2166
2166
2166
2168
2169
2171
2172
2173
2174
2176
2177
2177
2177
2178
2179
2182
2183
2183
2186
2186
2187
2187
2187
2188
2189
2189
2190
2190
2190
2191
2193
2193
2193
2198
2199
2200
2202
2202
2202
2203
2203
2204
2208
2210
2213
2213
2216
2216
2217
2218
2218
2219
2220
2220
2221
2222
2223
2223
2224
2224
2225
2225
2226
2226
2227
2229
2230
2230
2230
2230
2231
2231
2233
2233
2233
2234
2234
2236
2237
2238
2239
2241
2243
2243
2243
2244
2245
2245
2245
2246
2246
2246
2249
2249
2250
2251
2252
2252
2254
2255
2259
2259
2260
2261
2261
2261
2261
2262
2263
2264
2264
2267
2268
2268
2270
2270
2271
2271
2271
2271
2271
2273
2273
2274
2274
2274
2274
2276
2277
2277
2278
2280
2281
2281
2285
2285
2287
2287
2288
2289
2290
2291
2291
2292
2292
2295
2295
2296
2296
2297
2297
2298
2298
2299
2301
2301
2302
2302
2304
2305
2306
2307
2310
2310
2311
2311
2311
2313
2314
2316
2316
2317
2317
2319
2321
2324
2328
2329
2330
2331
2331
2332
2334
2334
2334
2335
2336
2337
2339
2339
2341
2342
2343
2343
2343
2344
2345
2345
2346
2349
2349
2349
2350
2350
2351
2351
2352
2354
2355
2356
2356
2357
2357
2358
2358
2359
2359
2360
2360
2362
2362
2363
2365
2366
2367
2367
2368
2368
2369
2369
2370
2372
2372
2374
2375
2377
2377
2378
2379
2381
2382
2382
2383
2385
2388
2389
2390
2390
2391
2391
2392
2393
2394
2394
2395
2396
2396
2396
2397
2398
2398
2399
2401
2402
2403
2405
2406
2406
2406
2406
2407
2408
2408
2408
2409
2409
2410
2414
2414
2416
2421
2425
2427
2428
2429
2429
2431
2432
2434
2435
2435
2436
2437
2437
2437
2438
2438
2439
2439
2442
2443
2443
2446
2449
2450
2451
2451
2452
2455
2456
2456
2457
2457
2459
2459
2460
2461
2461
2462
2462
2463
2465
2466
2466
2467
2467
2467
2467
2468
2471
2473
2473
2475
2477
2478
2479
2480
2481
2481
2482
2483
2483
2484
2485
2486
2488
2488
2489
2490
2491
2492
2493
2493
2493
2495
2496
2499
2500
2504
2505
2506
2508
2513
2513
2517
2517
2517
2518
2519
2519
2519
2521
2521
2524
2524
2524
2524
2525
2525
2528
2528
2529
2529
2529
2531
2532
2533
2533
2534
2534
2535
2535
2535
2537
2537
2539
2540
2541
2542
2542
2542
2543
2543
2544
2545
2546
2546
2546
2548
2549
2549
2552
2552
2553
2555
2555
2556
2556
2558
2558
2559
2559
2559
2560
2560
2561
2561
2563
2564
2564
2565
2566
2567
2567
2568
2570
2570
2570
2570
2571
2571
2575
2576
2580
2581
2581
2585
2589
2589
2589
2592
2592
2593
2593
2594
2594
2596
2597
2597
2600
2600
2602
2602
2603
2603
2603
2605
2609
2610
2611
2611
2612
2613
2614
2615
2616
2617
2618
2621
2622
2622
2622
2623
2628
2629
2630
2631
2632
2632
2632
2634
2635
2636
2639
2641
2641
2641
2642
2642
2646
2651
2652
2654
2655
2655
2656
2656
2658
2659
2660
2661
2665
2665
2665
2666
2667
2669
2669
2670
2670
2671
2671
2671
2673
2674
2674
2674
2675
2675
2676
2676
2677
2678
2678
2678
2679
2680
2681
2681
2683
2684
2684
2684
2685
2686
2687
2687
2688
2688
2688
2689
2689
2690
2690
2691
2691
2693
2694
2694
2696
2699
2699
2699
2702
2703
2703
2703
2706
2706
2707
2709
2710
2710
2712
2713
2714
2714
2715
2716
2716
2717
2719
2719
2719
2720
2721
2721
2724
2724
2726
2727
2730
2731
2731
2734
2734
2735
2735
2736
2739
2740
2740
2741
2742
2742
2742
2743
2744
2745
2747
2747
2748
2748
2749
2749
2749
2750
2750
2751
2751
2752
2753
2756
2757
2758
2759
2759
2759
2761
2762
2762
2763
2763
2763
2763
2764
2764
2765
2767
2767
2771
2772
2772
2773
2773
2773
2774
2774
2775
2775
2777
2778
2778
2778
2778
2778
2780
2780
2781
2781
2782
2782
2783
2783
2783
2784
2785
2785
2786
2787
2787
2787
2788
2789
2790
2791
2791
2791
2792
2794
2794
2795
2795
2797
2800
2800
2802
2803
2803
2803
2807
2807
2807
2808
2810
2811
2813
2815
2815
2816
2818
2818
2818
2818
2818
2819
2820
2821
2821
2823
2823
2824
2824
2825
2828
2828
2829
2829
2829
2830
2830
2830
2834
2837
2837
2837
2838
2839
2839
2840
2841
2841
2842
2842
2843
2843
2844
2845
2847
2847
2848
2849
2849
2850
2852
2854
2855
2859
2859
2859
2861
2861
2861
2864
2866
2867
2868
2868
2869
2871
2871
2873
2874
2874
2874
2875
2875
2879
2879
2880
2880
2881
2881
2881
2883
2883
2884
2887
2888
2888
2888
2888
2889
2890
2890
2890
2891
2891
2891
2892
2893
2893
2895
2895
2896
2900
2901
2902
2903
2906
2908
2909
2911
2911
2911
2912
2913
2913
2914
2914
2916
2917
2922
2923
2928
2928
2930
2931
2932
2932
2933
2934
2935
2935
2935
2937
2938
2938
2942
2943
2944
2944
2944
2945
2946
2948
2950
2951
2954
2955
2956
2957
2959
2959
2963
2963
2965
2967
2967
2967
2971
2971
2974
2975
2979
2980
2982
2982
2985
2985
2989
2989
2993
2993
2996
2997
2999
3000
3000
3001
3002
3002
3002
3002
3002
3005
3005
3006
3007
3007
3008
3008
3008
3009
3009
3009
3010
3011
3012
3013
3015
3015
3015
3016
3017
3022
3022
3022
3024
3025
3025
3027
3027
3029
3030
3030
3031
3033
3034
3035
3036
3038
3038
3038
3038
3038
3041
3041
3041
3041
3042
3042
3042
3042
3042
3043
3046
3046
3046
3047
3049
3051
3053
3053
3054
3054
3056
3057
3057
3058
3058
3058
3059
3065
3066
3066
3067
3070
3070
3071
3071
3071
3073
3074
3075
3075
3076
3077
3078
3078
3079
3079
3079
3080
3080
3080
3081
3082
3082
3084
3084
3085
3087
3090
3091
3093
3096
3098
3099
3099
3101
3104
3105
3106
3107
3108
3108
3110
3113
3114
3114
3115
3115
3115
3116
3116
3116
3117
3117
3118
3120
3120
3124
3124
3125
3125
3125
3128
3129
3131
3132
3134
3136
3137
3138
3139
3139
3140
3142
3144
3144
3145
3146
3146
3148
3152
3152
3154
3155
3156
3156
3158
3160
3160
3161
3161
3162
3163
3165
3166
3167
3167
3168
3168
3170
3172
3173
3175
3175
3176
3181
3181
3182
3182
3183
3183
3183
3184
3186
3187
3187
3187
3189
3189
3189
3190
3190
3191
3191
3191
3192
3192
3194
3195
3196
3199
3200
3203
3205
3207
3207
3208
3210
3210
3210
3211
3211
3211
3212
3214
3214
3214
3215
3216
3217
3219
3220
3223
3226
3226
3226
3229
3232
3232
3233
3233
3233
3234
3234
3236
3238
3241
3241
3242
3243
3243
3243
3244
3244
3244
3245
3246
3247
3248
3249
3250
3252
3252
3255
3256
3256
3257
3258
3258
3262
3263
3264
3264
3265
3265
3266
3268
3271
3272
3272
3273
3274
3274
3274
3278
3278
3278
3279
3280
3280
3284
3286
3286
3286
3286
3287
3287
3287
3287
3288
3289
3289
3292
3294
3296
3297
3297
3298
3298
3299
3299
3300
3300
3302
3304
3305
3305
3305
3306
3307
3309
3310
3312
3312
3313
3318
3321
3322
3323
3325
3327
3327
3329
3330
3331
3332
3333
3334
3334
3334
3336
3337
3337
3338
3338
3339
3341
3341
3345
3345
3347
3347
3349
3350
3351
3352
3352
3355
3356
3357
3358
3361
3362
3364
3365
3365
3365
3370
3370
3370
3371
3372
3373
3373
3374
3376
3377
3377
3377
3378
3379
3380
3381
3383
3383
3384
3384
3386
3386
3387
3388
3391
3391
3392
3392
3392
3392
3393
3394
3396
3396
3396
3397
3398
3400
3401
3401
3401
3403
3405
3406
3408
3409
3411
3412
3412
3412
3412
3412
3415
3415
3417
3418
3418
3419
3419
3421
3421
3421
3421
3422
3423
3424
3424
3424
3425
3425
3426
3427
3429
3430
3431
3431
3431
3433
3434
3434
3436
3437
3439
3439
3439
3441
3442
3444
3444
3445
3445
3445
3445
3446
3447
3448
3448
3448
3448
3449
3452
3452
3453
3453
3453
3455
3456
3457
3457
3458
3458
3459
3461
3464
3464
3464
3464
3465
3466
3466
3467
3469
3469
3472
3472
3474
3475
3475
3476
3478
3479
3479
3481
3481
3482
3482
3484
3485
3485
3486
3487
3487
3489
3490
3492
3493
3494
3495
3495
3497
3497
3499
3499
3500
3500
3500
3502
3502
3503
3506
3506
3506
3507
3507
3509
3510
3513
3515
3516
3517
3518
3518
3518
3520
3524
3528
3531
3532
3532
3532
3532
3533
3534
3535
3536
3538
3538
3538
3539
3539
3539
3540
3543
3546
3547
3547
3547
3548
3548
3548
3549
3550
3551
3551
3555
3555
3555
3556
3557
3559
3559
3560
3566
3571
3571
3573
3575
3575
3575
3575
3577
3577
3577
3577
3580
3580
3583
3587
3588
3588
3589
3589
3591
3592
3593
3594
3595
3595
3597
3597
3598
3598
3599
3601
3602
3602
3603
3604
3604
3605
3606
3607
3609
3609
3610
3611
3613
3614
3614
3614
3615
3616
3617
3617
3619
3620
3622
3623
3624
3625
3625
3625
3625
3625
3626
3627
3627
3629
3629
3634
3634
3635
3635
3635
3638
3641
3641
3642
3643
3643
3646
3646
3646
3646
3648
3650
3650
3650
3650
3650
3651
3652
3654
3656
3659
3661
3667
3670
3670
3671
3671
3671
3673
3673
3673
3674
3675
3676
3676
3677
3677
3678
3679
3679
3680
3680
3681
3682
3683
3683
3683
3686
3687
3689
3689
3690
3690
3691
3692
3692
3693
3693
3693
3694
3695
3695
3696
3696
3697
3697
3697
3697
3698
3699
3699
3700
3701
3701
3702
3702
3702
3704
3704
3705
3706
3706
3707
3708
3709
3711
3711
3712
3712
3713
3713
3715
3715
3715
3716
3717
3721
3721
3722
3723
3723
3724
3726
3727
3727
3728
3729
3729
3730
3733
3734
3736
3736
3740
3741
3741
3743
3743
3744
3745
3745
3747
3747
3749
3751
3751
3754
3754
3754
3756
3757
3757
3757
3758
3758
3760
3760
3763
3763
3765
3771
3774
3775
3775
3777
3778
3779
3780
3781
3782
3783
3784
3784
3785
3789
3789
3789
3789
3791
3791
3792
3794
3794
3796
3796
3797
3798
3798
3799
3800
3802
3803
3803
3803
3803
3803
3806
3807
3807
3808
3812
3812
3812
3813
3813
3819
3819
3820
3822
3823
3824
3825
3825
3827
3827
3828
3831
3831
3832
3833
3834
3835
3836
3836
3836
3838
3838
3839
3841
3844
3845
3847
3847
3848
3850
3850
3850
3852
3852
3853
3854
3856
3857
3858
3860
3861
3862
3862
3863
3863
3865
3866
3866
3866
3869
3870
3870
3871
3871
3872
3873
3874
3874
3875
3875
3876
3877
3877
3879
3882
3883
3885
3885
3886
3887
3887
3887
3890
3891
3891
3892
3892
3897
3897
3899
3899
3900
3901
3903
3903
3906
3906
3906
3906
3907
3907
3909
3909
3909
3910
3911
3911
3913
3914
3915
3915
3917
3917
3917
3918
3918
3919
3920
3920
3920
3921
3922
3922
3924
3924
3925
3926
3930
3932
3932
3935
3935
3935
3936
3938
3939
3940
3941
3943
3943
3944
3945
3945
3945
3945
3945
3945
3945
3946
3946
3947
3949
3949
3949
3951
3951
3951
3953
3953
3955
3956
3956
3956
3959
3960
3961
3962
3963
3965
3966
3967
3967
3968
3968
3969
3970
3970
3971
3971
3972
3975
3975
3976
3976
3977
3977
3978
3980
3986
3986
3988
3988
3989
3990
3991
3993
3995
3996
3996
3998
3998
3999
4001
4002
4002
4004
4006
4009
4010
4011
4012
4012
4014
4014
4014
4014
4015
4015
4016
4017
4018
4018
4020
4020
4023
4024
4029
4029
4030
4032
4033
4033
4034
4035
4037
4039
4039
4039
4039
4040
4041
4041
4043
4043
4043
4044
4045
4045
4046
4046
4047
4047
4048
4052
4052
4053
4053
4054
4054
4056
4057
4059
4059
4061
4061
4061
4061
4062
4063
4065
4065
4065
4066
4067
4070
4071
4072
4072
4075
4075
4078
4079
4079
4079
4080
4086
4090
4094
4094
4095
4098
4099
4103
4104
4104
4106
4106
4107
4108
4111
4111
4113
4116
4119
4120
4122
4123
4125
4127
4128
4129
4129
4131
4133
4134
4134
4136
4137
4137
4137
4137
4137
4138
4138
4139
4140
4140
4141
4142
4144
4145
4149
4153
4153
4154
4154
4157
4159
4159
4160
4165
4167
4173
4173
4175
4177
4178
4178
4179
4181
4182
4183
4184
4185
4188
4190
4190
4190
4191
4193
4194
4195
4195
4197
4198
4200
4201
4202
4202
4204
4204
4207
4207
4209
4209
4210
4212
4212
4213
4215
4216
4216
4218
4218
4220
4223
4224
4224
4224
4225
4226
4227
4228
4229
4229
4230
4230
4230
4231
4233
4235
4236
4238
4240
4243
4245
4246
4247
4249
4249
4249
4251
4252
4253
4254
4255
4255
4257
4258
4258
4259
4263
4265
4265
4267
4267
4271
4272
4273
4273
4276
4277
4277
4281
4281
4281
4281
4282
4283
4283
4284
4284
4287
4287
4287
4288
4288
4289
4290
4290
4290
4291
4293
4293
4294
4295
4296
4296
4297
4299
4299
4300
4303
4304
4306
4307
4309
4309
4310
4310
4311
4312
4312
4314
4315
4315
4315
4316
4316
4317
4317
4317
4318
4318
4320
4321
4322
4322
4324
4324
4326
4327
4328
4329
4330
4330
4331
4331
4332
4334
4337
4338
4338
4340
4341
4341
4342
4342
4344
4346
4347
4348
4348
4348
4348
4349
4349
4350
4350
4352
4352
4352
4353
4354
4354
4357
4357
4361
4361
4362
4363
4363
4364
4365
4365
4366
4367
4370
4370
4372
4373
4373
4376
4376
4376
4380
4380
4380
4380
4381
4382
4384
4384
4384
4385
4387
4388
4388
4390
4392
4393
4394
4395
4396
4397
4397
4399
4400
4400
4400
4402
4403
4403
4403
4404
4405
4406
4406
4407
4407
4409
4411
4414
4415
4415
4415
4416
4417
4418
4418
4418
4419
4419
4425
4425
4425
4428
4429
4430
4432
4432
4433
4434
4434
4435
4435
4437
4441
4441
4442
4443
4446
4447
4450
4451
4452
4452
4452
4453
4454
4454
4455
4455
4455
4455
4456
4457
4457
4459
4460
4460
4460
4461
4461
4464
4464
4465
4466
4469
4470
4472
4473
4473
4474
4474
4476
4476
4477
4478
4478
4480
4480
4481
4483
4484
4484
4485
4487
4492
4492
4492
4493
4494
4495
4495
4495
4497
4497
4498
4498
4499
4499
4500
4502
4502
4506
4507
4507
4507
4510
4511
4514
4516
4517
4518
4520
4520
4521
4521
4521
4524
4524
4525
4526
4526
4529
4529
4530
4533
4534
4534
4536
4537
4538
4538
4538
4539
4539
4539
4540
4540
4542
4543
4544
4544
4544
4545
4546
4548
4549
4549
4550
4551
4551
4552
4554
4554
4554
4554
4556
4558
4560
4561
4562
4563
4565
4565
4567
4567
4567
4569
4569
4570
4574
4575
4577
4577
4580
4580
4581
4582
4584
4585
4585
4586
4587
4587
4590
4592
4592
4592
4594
4595
4599
4600
4601
4601
4602
4602
4603
4604
4605
4606
4606
4606
4607
4607
4607
4608
4608
4609
4610
4611
4611
4613
4614
4616
4617
4619
4621
4622
4622
4623
4623
4626
4626
4626
4627
4628
4630
4630
4631
4631
4632
4632
4632
4632
4633
4634
4635
4636
4636
4637
4638
4639
4641
4642
4643
4645
4646
4646
4648
4649
4650
4653
4653
4654
4655
4655
4658
4661
4661
4662
4662
4663
4663
4663
4664
4665
4665
4669
4671
4671
4673
4673
4674
4676
4677
4679
4679
4680
4681
4681
4682
4683
4686
4688
4690
4691
4691
4691
4691
4692
4692
4693
4695
4695
4697
4697
4698
4699
4699
4703
4705
4709
4711
4711
4712
4713
4713
4714
4717
4717
4718
4719
4720
4721
4722
4722
4722
4723
4727
4727
4728
4728
4732
4732
4734
4735
4736
4736
4737
4738
4738
4738
4739
4739
4739
4740
4740
4740
4743
4743
4743
4744
4744
4745
4746
4746
4749
4750
4750
4750
4751
4753
4753
4754
4755
4756
4756
4757
4757
4757
4758
4761
4761
4762
4764
4765
4766
4766
4766
4767
4767
4767
4769
4772
4776
4777
4777
4777
4781
4782
4783
4784
4785
4786
4786
4787
4787
4789
4789
4791
4791
4792
4796
4796
4797
4798
4800
4801
4802
4804
4805
4807
4807
4807
4809
4809
4809
4811
4811
4811
4812
4813
4814
4815
4818
4818
4818
4819
4819
4820
4820
4820
4824
4825
4826
4827
4827
4828
4828
4828
4828
4828
4829
4829
4830
4831
4831
4832
4833
4833
4834
4834
4835
4835
4836
4837
4838
4839
4840
4841
4842
4843
4843
4846
4847
4847
4848
4849
4850
4851
4853
4854
4854
4856
4857
4857
4859
4859
4859
4860
4860
4861
4862
4862
4865
4866
4866
4868
4869
4870
4870
4870
4871
4874
4875
4876
4876
4877
4877
4878
4878
4878
4880
4882
4884
4884
4885
4886
4886
4890
4891
4893
4894
4894
4895
4897
4897
4897
4900
4900
4900
4902
4903
4908
4909
4909
4909
4909
4911
4912
4915
4915
4916
4918
4919
4921
4921
4923
4924
4925
4927
4927
4928
4929
4931
4931
4935
4935
4937
4938
4939
4939
4939
4940
4940
4943
4945
4945
4945
4945
4945
4947
4948
4948
4948
4950
4950
4951
4952
4955
4956
4957
4958
4958
4960
4961
4962
4964
4964
4965
4966
4966
4966
4969
4972
4972
4972
4973
4973
4974
4974
4974
4975
4975
4975
4981
4982
4983
4984
4984
4985
4986
4987
4987
4988
4988
4989
4992
4992
4992
4992
4993
4994
4995
4996
4997
4998
5000
5001
5001
5001
5003
5003
5003
5007
5008
5008
5008
5010
5011
5012
5012
5013
5014
5014
5016
5017
5017
5017
5019
5020
5021
5021
5021
5022
5023
5026
5027
5029
5037
5038
5038
5049
5049
5049
5053
5053
5054
5054
5054
5055
5056
5058
5059
5060
5061
5062
5063
5063
5064
5064
5064
5064
5065
5065
5066
5066
5067
5068
5068
5068
5069
5071
5075
5076
5077
5078
5079
5082
5082
5083
5085
5085
5085
5086
5088
5089
5090
5090
5090
5091
5092
5096
5097
5097
5098
5098
5099
5099
5100
5101
5103
5103
5103
5104
5104
5105
5106
5106
5107
5109
5109
5109
5110
5110
5110
5112
5113
5115
5116
5116
5117
5118
5118
5119
5120
5121
5122
5123
5124
5125
5126
5126
5127
5127
5127
5130
5130
5130
5130
5133
5134
5136
5137
5138
5138
5140
5140
5144
5149
5151
5154
5155
5157
5157
5158
5158
5159
5163
5164
5166
5166
5166
5166
5166
5167
5167
5167
5169
5170
5170
5172
5174
5176
5176
5178
5180
5181
5183
5184
5187
5188
5190
5190
5191
5193
5194
5195
5197
5198
5199
5199
5200
5200
5200
5201
5202
5204
5204
5204
5205
5206
5208
5208
5208
5208
5208
5209
5209
5210
5212
5212
5212
5212
5213
5214
5215
5215
5219
5220
5220
5221
5222
5224
5224
5225
5226
5228
5229
5231
5234
5234
5236
5236
5237
5240
5241
5241
5242
5243
5244
5245
5245
5247
5247
5248
5249
5249
5250
5250
5250
5252
5253
5254
5256
5257
5259
5260
5262
5264
5265
5269
5271
5273
5274
5277
5280
5282
5283
5283
5284
5284
5285
5286
5287
5287
5287
5288
5291
5292
5294
5295
5295
5296
5297
5297
5298
5299
5301
5301
5302
5303
5306
5309
5309
5313
5313
5314
5315
5317
5318
5320
5321
5323
5323
5323
5328
5329
5329
5330
5333
5334
5335
5336
5338
5338
5339
5339
5339
5339
5340
5341
5342
5346
5346
5346
5347
5347
5348
5348
5349
5350
5351
5351
5355
5355
5355
5357
5357
5358
5359
5362
5363
5364
5365
5365
5366
5366
5368
5369
5370
5372
5375
5376
5376
5377
5379
5380
5382
5382
5382
5382
5384
5385
5386
5386
5388
5389
5389
5390
5391
5391
5392
5393
5393
5396
5396
5399
5400
5400
5402
5402
5402
5403
5403
5404
5404
5410
5410
5410
5413
5415
5415
5415
5416
5416
5416
5416
5418
5418
5418
5423
5424
5424
5424
5425
5426
5428
5430
5431
5431
5431
5432
5432
5432
5437
5439
5441
5441
5441
5442
5443
5445
5446
5446
5446
5448
5448
5449
5451
5451
5451
5452
5454
5454
5455
5455
5456
5457
5457
5457
5458
5458
5460
5461
5462
5462
5462
5463
5463
5464
5465
5465
5467
5467
5468
5470
5470
5471
5472
5475
5478
5478
5478
5481
5482
5484
5485
5485
5486
5486
5487
5489
5489
5489
5490
5491
5492
5492
5493
5494
5496
5496
5497
5501
5503
5503
5503
5503
5504
5504
5505
5505
5505
5506
5506
5506
5506
5506
5507
5509
5509
5510
5511
5516
5519
5519
5520
5521
5522
5524
5524
5525
5527
5530
5530
5532
5533
5533
5533
5535
5535
5535
5536
5536
5537
5539
5539
5540
5540
5541
5543
5543
5544
5545
5546
5547
5547
5547
5549
5549
5550
5550
5550
5553
5553
5555
5557
5558
5563
5564
5566
5567
5567
5569
5570
5570
5572
5574
5575
5575
5575
5575
5576
5578
5578
5578
5580
5584
5586
5587
5588
5589
5591
5592
5593
5594
5594
5594
5595
5596
5596
5596
5598
5598
5599
5599
5601
5602
5603
5604
5605
5607
5607
5609
5610
5611
5611
5612
5614
5614
5615
5616
5616
5617
5617
5618
5618
5619
5619
5620
5622
5622
5623
5625
5627
5628
5630
5630
5630
5631
5634
5635
5636
5638
5639
5640
5640
5642
5644
5645
5645
5646
5647
5647
5647
5648
5650
5650
5651
5651
5653
5653
5654
5656
5657
5657
5657
5659
5660
5660
5660
5661
5661
5663
5664
5664
5664
5664
5665
5667
5667
5668
5669
5670
5670
5672
5680
5680
5680
5680
5681
5682
5682
5682
5684
5684
5685
5686
5687
5688
5689
5689
5690
5691
5693
5694
5695
5695
5696
5698
5700
5701
5701
5702
5702
5702
5703
5703
5704
5704
5705
5706
5706
5706
5706
5709
5712
5712
5712
5715
5715
5715
5721
5722
5723
5723
5723
5723
5724
5727
5728
5729
5731
5731
5734
5735
5735
5736
5736
5740
5740
5741
5741
5742
5743
5743
5743
5744
5744
5747
5747
5747
5749
5751
5752
5752
5753
5753
5753
5753
5754
5756
5757
5759
5759
5762
5762
5763
5764
5767
5768
5768
5770
5771
5771
5772
5772
5775
5776
5779
5780
5784
5786
5789
5789
5789
5790
5790
5792
5793
5793
5795
5796
5797
5798
5799
5800
5801
5801
5802
5804
5805
5806
5807
5809
5810
5811
5811
5813
5815
5816
5816
5817
5817
5818
5818
5818
5819
5819
5819
5819
5821
5822
5822
5824
5825
5827
5827
5830
5830
5833
5834
5839
5839
5839
5840
5841
5841
5842
5842
5844
5844
5844
5844
5845
5845
5849
5850
5850
5850
5850
5850
5851
5851
5853
5854
5855
5855
5856
5856
5857
5857
5858
5858
5859
5862
5864
5864
5864
5865
5868
5869
5870
5872
5872
5872
5875
5876
5876
5877
5877
5878
5879
5879
5880
5883
5885
5888
5889
5889
5889
5890
5891
5892
5893
5893
5895
5896
5897
5898
5898
5899
5900
5901
5901
5902
5903
5904
5904
5905
5906
5907
5912
5913
5913
5916
5916
5918
5919
5919
5919
5920
5921
5921
5922
5922
5922
5923
5927
5927
5928
5930
5930
5931
5931
5932
5932
5933
5934
5935
5935
5936
5939
5940
5941
5942
5943
5943
5945
5947
5948
5948
5949
5949
5949
5950
5952
5953
5953
5954
5956
5957
5957
5959
5959
5959
5959
5960
5963
5963
5963
5963
5964
5965
5965
5968
5969
5970
5971
5972
5973
5974
5975
5975
5977
5977
5977
5979
5979
5980
5982
5983
5984
5984
5985
5986
5986
5989
5990
5991
5993
5994
5996
5997
5999
6000
6005
6006
6007
6008
6010
6011
6014
6017
6019
6019
6020
6021
6022
6023
6026
6026
6027
6028
6028
6029
6030
6030
6031
6031
6032
6033
6034
6034
6035
6035
6035
6036
6039
6041
6042
6044
6044
6046
6047
6047
6048
6049
6049
6050
6051
6053
6054
6055
6056
6056
6056
6057
6058
6058
6059
6059
6059
6061
6062
6062
6062
6065
6065
6066
6067
6068
6071
6071
6071
6072
6073
6074
6077
6078
6078
6078
6082
6083
6083
6085
6086
6086
6087
6088
6089
6089
6093
6093
6095
6095
6096
6097
6098
6099
6099
6100
6104
6105
6106
6106
6107
6107
6111
6112
6112
6112
6112
6113
6114
6115
6116
6116
6116
6116
6118
6119
6120
6120
6124
6126
6127
6128
6130
6132
6132
6135
6138
6140
6140
6141
6141
6142
6142
6143
6144
6146
6146
6149
6152
6153
6153
6154
6154
6154
6155
6156
6156
6157
6160
6160
6160
6160
6162
6162
6166
6167
6167
6168
6169
6171
6174
6175
6176
6178
6180
6181
6181
6183
6186
6187
6188
6188
6188
6189
6189
6189
6191
6191
6191
6192
6193
6194
6194
6195
6195
6195
6197
6197
6200
6203
6206
6207
6207
6207
6209
6211
6211
6212
6213
6214
6214
6216
6216
6217
6217
6217
6218
6220
6221
6224
6224
6225
6225
6226
6227
6228
6229
6229
6230
6231
6233
6234
6234
6234
6236
6236
6239
6239
6239
6241
6241
6241
6242
6243
6243
6245
6245
6250
6251
6251
6252
6253
6254
6258
6260
6260
6261
6263
6263
6264
6265
6265
6267
6267
6270
6271
6271
6271
6273
6274
6274
6275
6276
6276
6277
6277
6278
6278
6281
6282
6282
6282
6287
6287
6287
6288
6288
6288
6290
6290
6293
6293
6295
6297
6297
6298
6299
6299
6301
6301
6302
6304
6305
6305
6305
6306
6307
6307
6308
6309
6309
6311
6311
6311
6315
6316
6317
6319
6319
6320
6321
6322
6324
6325
6326
6326
6328
6329
6330
6330
6330
6331
6331
6334
6334
6335
6336
6338
6344
6345
6345
6345
6345
6348
6350
6350
6351
6353
6354
6356
6358
6359
6359
6360
6360
6361
6361
6362
6362
6364
6364
6366
6368
6368
6368
6368
6372
6373
6373
6374
6375
6375
6376
6376
6376
6376
6377
6378
6378
6379
6380
6381
6381
6384
6384
6385
6387
6387
6388
6390
6390
6390
6391
6391
6391
6392
6392
6393
6396
6397
6397
6398
6399
6399
6400
6400
6401
6401
6402
6402
6402
6403
6405
6405
6406
6407
6407
6408
6408
6413
6413
6413
6414
6414
6416
6416
6418
6418
6420
6421
6423
6423
6423
6425
6426
6426
6426
6428
6428
6429
6429
6431
6432
6434
6435
6435
6437
6439
6441
6443
6445
6446
6447
6447
6447
6450
6450
6452
6452
6452
6453
6454
6456
6456
6456
6457
6457
6460
6460
6460
6461
6462
6465
6469
6469
6470
6470
6471
6473
6475
6475
6475
6475
6476
6477
6477
6480
6481
6483
6484
6484
6484
6486
6488
6489
6489
6490
6490
6491
6491
6491
6491
6493
6495
6497
6498
6502
6502
6503
6504
6504
6505
6505
6506
6506
6507
6507
6508
6511
6511
6514
6515
6515
6516
6516
6516
6516
6517
6517
6518
6518
6519
6519
6519
6519
6520
6521
6522
6523
6523
6523
6524
6525
6525
6526
6527
6527
6527
6528
6530
6530
6535
6537
6537
6539
6540
6540
6543
6543
6543
6547
6549
6550
6550
6550
6551
6551
6551
6551
6551
6552
6552
6553
6553
6553
6553
6554
6554
6554
6555
6557
6558
6558
6559
6561
6565
6565
6566
6567
6567
6567
6568
6568
6570
6570
6571
6573
6574
6575
6576
6577
6578
6578
6581
6581
6582
6582
6584
6587
6588
6588
6589
6591
6592
6592
6593
6593
6593
6594
6595
6599
6600
6600
6600
6602
6603
6605
6605
6606
6609
6610
6611
6612
6612
6613
6616
6617
6617
6619
6619
6620
6621
6622
6622
6624
6626
6626
6627
6630
6632
6632
6635
6640
6642
6642
6643
6643
6644
6644
6645
6646
6648
6648
6649
6649
6652
6652
6654
6655
6655
6658
6658
6664
6667
6667
6667
6668
6668
6669
6670
6672
6672
6673
6677
6679
6679
6679
6680
6680
6682
6682
6683
6685
6685
6686
6687
6687
6689
6689
6690
6690
6691
6692
6693
6693
6694
6696
6697
6698
6698
6700
6701
6702
6703
6704
6704
6705
6706
6706
6707
6708
6708
6709
6712
6714
6715
6717
6718
6718
6718
6721
6723
6724
6725
6727
6727
6728
6728
6729
6729
6731
6733
6733
6734
6736
6738
6738
6738
6738
6739
6740
6740
6742
6743
6743
6745
6747
6747
6748
6749
6749
6749
6750
6752
6753
6754
6756
6759
6760
6760
6760
6763
6764
6765
6765
6766
6767
6767
6768
6769
6769
6770
6771
6771
6772
6772
6773
6773
6776
6779
6779
6779
6780
6780
6783
6783
6784
6785
6785
6786
6789
6790
6794
6799
6800
6800
6801
6802
6804
6805
6806
6807
6807
6808
6809
6809
6809
6810
6810
6810
6810
6810
6811
6812
6812
6813
6813
6814
6815
6815
6816
6819
6819
6819
6821
6821
6823
6823
6823
6826
6826
6828
6830
6831
6832
6833
6833
6833
6838
6838
6839
6841
6843
6844
6846
6846
6846
6847
6851
6852
6853
6853
6854
6856
6857
6858
6858
6858
6858
6859
6859
6861
6861
6864
6866
6866
6866
6867
6871
6871
6873
6874
6874
6877
6877
6878
6878
6878
6879
6879
6879
6879
6879
6880
6880
6881
6883
6884
6884
6884
6885
6885
6886
6887
6887
6889
6890
6892
6894
6895
6899
6903
6907
6907
6907
6907
6908
6908
6909
6910
6910
6913
6914
6914
6915
6916
6917
6917
6918
6919
6921
6922
6923
6924
6925
6925
6928
6929
6930
6930
6930
6931
6931
6932
6934
6935
6936
6937
6938
6938
6938
6939
6942
6942
6948
6949
6949
6949
6950
6951
6951
6951
6953
6956
6957
6959
6960
6961
6962
6962
6964
6966
6967
6968
6977
6979
6980
6980
6981
6983
6983
6984
6985
6985
6986
6986
6989
6990
6990
6993
6993
6993
6993
6993
6996
6997
6998
6998
6999
7001
7002
7004
7007
7008
7010
7011
7012
7014
7014
7015
7015
7015
7016
7018
7018
7019
7020
7020
7021
7022
7023
7023
7027
7027
7028
7029
7030
7031
7031
7032
7032
7033
7033
7034
7035
7035
7037
7037
7037
7038
7038
7038
7039
7039
7041
7043
7044
7044
7045
7045
7047
7048
7051
7053
7054
7055
7056
7057
7058
7059
7059
7060
7061
7061
7063
7063
7063
7064
7064
7065
7065
7068
7070
7070
7071
7072
7072
7072
7073
7075
7076
7076
7077
7078
7079
7079
7081
7082
7084
7084
7086
7086
7087
7087
7089
7089
7090
7090
7091
7091
7094
7094
7095
7095
7095
7097
7098
7102
7103
7103
7105
7105
7106
7107
7109
7109
7110
7111
7113
7113
7115
7116
7117
7117
7117
7121
7122
7122
7123
7123
7124
7125
7126
7127
7127
7128
7129
7129
7130
7130
7132
7133
7133
7134
7135
7135
7135
7136
7137
7137
7140
7140
7140
7142
7142
7142
7142
7143
7143
7143
7144
7144
7145
7145
7146
7147
7150
7152
7153
7154
7156
7157
7157
7158
7158
7159
7161
7161
7162
7164
7164
7165
7165
7166
7168
7168
7168
7169
7170
7171
7172
7172
7174
7174
7174
7175
7177
7178
7179
7180
7182
7182
7184
7184
7186
7187
7188
7189
7189
7189
7189
7190
7191
7192
7193
7194
7195
7198
7199
7199
7200
7200
7202
7202
7203
7203
7205
7206
7207
7207
7208
7208
7211
7211
7211
7213
7213
7215
7215
7217
7218
7219
7219
7220
7220
7222
7225
7227
7228
7229
7231
7231
7232
7233
7234
7234
7236
7236
7238
7238
7240
7243
7244
7245
7246
7247
7247
7248
7248
7251
7251
7252
7252
7253
7255
7256
7256
7257
7258
7259
7261
7261
7261
7262
7268
7268
7269
7270
7275
7275
7276
7277
7280
7283
7285
7286
7290
7291
7292
7293
7294
7296
7297
7298
7298
7298
7298
7299
7300
7302
7302
7304
7306
7309
7309
7309
7311
7312
7312
7313
7314
7315
7316
7317
7319
7324
7325
7325
7326
7327
7327
7329
7330
7332
7334
7334
7335
7335
7335
7335
7335
7338
7339
7341
7342
7343
7343
7343
7346
7346
7346
7347
7350
7350
7350
7351
7352
7353
7353
7354
7356
7356
7358
7358
7358
7359
7359
7362
7364
7365
7366
7366
7367
7367
7368
7369
7369
7370
7375
7377
7378
7378
7379
7379
7380
7380
7380
7380
7381
7381
7381
7382
7382
7383
7384
7385
7386
7386
7389
7389
7389
7390
7390
7390
7392
7394
7395
7399
7402
7402
7403
7404
7405
7405
7406
7407
7407
7410
7412
7412
7415
7415
7416
7417
7418
7420
7421
7421
7422
7422
7422
7423
7424
7424
7424
7425
7426
7426
7426
7429
7432
7433
7434
7439
7440
7441
7441
7442
7442
7442
7445
7446
7446
7446
7447
7448
7448
7448
7449
7450
7451
7452
7452
7454
7455
7458
7459
7459
7459
7459
7460
7461
7462
7464
7464
7465
7466
7466
7468
7469
7471
7472
7474
7474
7478
7480
7480
7481
7481
7483
7484
7484
7485
7486
7487
7488
7489
7491
7492
7493
7494
7494
7495
7497
7497
7498
7499
7499
7499
7499
7500
7500
7501
7501
7503
7504
7505
7506
7507
7507
7508
7510
7510
7510
7512
7512
7514
7515
7518
7519
7519
7519
7520
7521
7522
7523
7524
7525
7525
7525
7525
7526
7527
7528
7531
7534
7534
7535
7535
7535
7535
7537
7540
7542
7542
7543
7545
7545
7546
7547
7548
7548
7548
7549
7550
7550
7551
7554
7554
7559
7559
7560
7560
7561
7561
7561
7564
7565
7565
7566
7568
7568
7569
7570
7571
7571
7572
7572
7573
7574
7575
7576
7576
7576
7577
7578
7578
7580
7580
7582
7582
7583
7586
7588
7588
7591
7591
7591
7592
7593
7594
7596
7596
7598
7599
7601
7602
7602
7604
7605
7605
7606
7606
7608
7610
7610
7610
7611
7611
7612
7613
7615
7616
7617
7618
7619
7619
7620
7621
7621
7621
7622
7625
7627
7628
7631
7632
7633
7636
7637
7639
7639
7640
7640
7640
7641
7643
7645
7646
7647
7647
7647
7648
7649
7650
7650
7651
7651
7654
7656
7656
7656
7656
7657
7657
7657
7657
7658
7659
7659
7660
7662
7662
7662
7663
7663
7663
7665
7665
7665
7665
7667
7668
7669
7669
7670
7671
7672
7672
7673
7673
7674
7676
7677
7678
7679
7679
7680
7680
7682
7683
7683
7683
7684
7684
7689
7689
7689
7689
7690
7691
7693
7693
7698
7698
7698
7700
7700
7701
7703
7704
7705
7706
7706
7707
7707
7707
7708
7709
7712
7713
7714
7714
7715
7715
7716
7717
7719
7720
7720
7721
7723
7723
7725
7725
7727
7727
7728
7729
7729
7730
7730
7731
7732
7732
7735
7735
7736
7739
7739
7739
7741
7741
7742
7742
7744
7745
7745
7745
7746
7750
7753
7756
7758
7761
7761
7761
7761
7766
7768
7768
7769
7770
7770
7774
7774
7774
7775
7775
7775
7775
7776
7776
7777
7777
7777
7782
7783
7783
7786
7788
7790
7792
7793
7794
7794
7797
7799
7800
7800
7804
7804
7806
7807
7810
7810
7811
7812
7813
7814
7815
7815
7817
7817
7818
7818
7820
7820
7821
7821
7821
7821
7822
7825
7825
7826
7826
7828
7829
7830
7830
7831
7832
7833
7835
7839
7839
7843
7844
7845
7846
7846
7847
7847
7849
7850
7851
7853
7853
7853
7855
7855
7856
7856
7858
7859
7859
7860
7861
7863
7863
7864
7864
7866
7867
7869
7869
7870
7870
7871
7873
7873
7874
7875
7876
7878
7878
7879
7881
7882
7882
7883
7883
7884
7884
7885
7885
7886
7887
7887
7888
7889
7890
7890
7891
7892
7892
7892
7893
7893
7894
7894
7898
7898
7899
7900
7900
7902
7903
7903
7904
7906
7907
7908
7909
7910
7911
7915
7915
7916
7916
7924
7925
7926
7927
7928
7932
7933
7934
7936
7939
7940
7942
7942
7942
7943
7943
7944
7944
7945
7945
7947
7948
7948
7949
7949
7951
7953
7953
7953
7953
7954
7956
7957
7957
7958
7958
7961
7962
7964
7966
7966
7967
7968
7968
7968
7969
7969
7970
7971
7973
7973
7973
7975
7975
7977
7978
7978
7979
7980
7980
7984
7985
7985
7987
7987
7988
7989
7989
7990
7995
7995
7996
7999
7999
7999
7999
8003
8005
8006
8006
8008
8008
8009
8010
8010
8012
8012
8014
8014
8018
8019
8020
8020
8022
8022
8024
8024
8024
8024
8026
8026
8026
8026
8030
8032
8033
8034
8035
8036
8038
8038
8039
8040
8041
8041
8043
8045
8048
8050
8051
8052
8054
8055
8056
8056
8056
8057
8059
8059
8059
8060
8060
8062
8062
8063
8064
8064
8065
8066
8067
8067
8067
8068
8070
8073
8074
8074
8074
8077
8077
8078
8080
8081
8081
8082
8086
8086
8090
8091
8091
8093
8094
8094
8096
8098
8098
8099
8101
8101
8102
8104
8104
8105
8105
8106
8107
8108
8108
8110
8111
8112
8114
8115
8117
8118
8118
8121
8121
8121
8121
8123
8126
8126
8127
8127
8128
8129
8130
8132
8133
8134
8137
8139
8140
8140
8141
8143
8143
8143
8144
8144
8145
8146
8150
8153
8154
8155
8156
8158
8159
8163
8164
8164
8164
8165
8167
8170
8171
8175
8176
8176
8179
8180
8182
8182
8183
8184
8190
8191
8192
8193
8195
8199
8199
8199
8200
8203
8206
8207
8209
8211
8214
8217
8218
8219
8219
8219
8220
8222
8222
8223
8223
8223
8223
8225
8227
8227
8228
8229
8230
8230
8231
8231
8235
8235
8236
8237
8238
8239
8245
8245
8245
8245
8246
8246
8246
8246
8249
8249
8252
8252
8252
8252
8253
8253
8253
8253
8254
8255
8256
8257
8257
8258
8258
8258
8258
8259
8259
8259
8262
8263
8264
8264
8264
8265
8266
8266
8266
8266
8267
8267
8268
8268
8268
8269
8270
8271
8273
8274
8275
8276
8277
8280
8282
8287
8288
8288
8290
8291
8291
8291
8292
8292
8295
8295
8295
8296
8296
8296
8298
8299
8302
8302
8303
8303
8303
8304
8304
8307
8307
8308
8308
8308
8308
8309
8309
8310
8310
8311
8311
8312
8318
8319
8319
8320
8322
8324
8324
8325
8326
8326
8327
8329
8329
8330
8330
8332
8333
8334
8335
8336
8337
8337
8337
8339
8339
8342
8345
8345
8346
8347
8348
8348
8348
8350
8350
8351
8351
8354
8355
8356
8357
8358
8358
8359
8359
8359
8360
8360
8361
8362
8363
8368
8368
8369
8372
8372
8373
8374
8375
8376
8376
8376
8376
8377
8377
8377
8378
8379
8379
8382
8383
8385
8385
8385
8386
8386
8388
8390
8390
8393
8395
8396
8397
8397
8398
8399
8400
8401
8402
8402
8402
8402
8403
8404
8404
8404
8408
8408
8408
8409
8410
8410
8411
8411
8415
8415
8417
8417
8419
8419
8419
8419
8419
8420
8420
8420
8421
8421
8421
8422
8423
8424
8425
8425
8426
8427
8428
8428
8430
8430
8431
8436
8437
8438
8438
8439
8439
8440
8441
8442
8442
8443
8443
8444
8445
8449
8449
8450
8450
8451
8452
8452
8453
8454
8454
8455
8458
8459
8460
8462
8463
8464
8464
8464
8466
8467
8468
8469
8470
8471
8471
8473
8476
8478
8478
8478
8478
8479
8480
8480
8481
8481
8481
8483
8485
8485
8486
8487
8487
8488
8489
8490
8491
8493
8494
8497
8497
8498
8498
8502
8505
8506
8507
8509
8509
8509
8510
8511
8511
8512
8512
8513
8515
8517
8519
8519
8519
8520
8525
8526
8527
8527
8527
8529
8529
8532
8533
8533
8533
8534
8535
8535
8536
8539
8539
8540
8542
8542
8544
8544
8544
8545
8546
8551
8552
8553
8554
8554
8556
8558
8560
8561
8561
8561
8562
8564
8565
8567
8569
8570
8570
8570
8571
8572
8572
8572
8573
8573
8574
8576
8579
8579
8579
8581
8581
8582
8582
8584
8585
8586
8587
8588
8593
8593
8593
8594
8594
8596
8599
8600
8601
8601
8603
8604
8604
8604
8604
8604
8605
8606
8607
8607
8607
8608
8609
8610
8610
8610
8611
8612
8613
8616
8617
8618
8619
8620
8623
8624
8626
8627
8631
8631
8632
8632
8632
8635
8635
8635
8636
8638
8639
8639
8641
8641
8645
8653
8655
8657
8657
8658
8658
8660
8660
8661
8661
8663
8663
8664
8665
8666
8668
8670
8670
8672
8672
8674
8675
8676
8676
8677
8678
8679
8679
8680
8680
8681
8686
8686
8686
8687
8688
8693
8693
8694
8694
8695
8698
8699
8699
8701
8703
8703
8705
8705
8706
8706
8707
8708
8711
8711
8711
8711
8712
8714
8714
8716
8717
8717
8717
8717
8718
8720
8720
8722
8723
8724
8724
8725
8728
8729
8729
8730
8731
8734
8735
8735
8735
8736
8736
8736
8739
8740
8740
8742
8742
8743
8743
8743
8744
8745
8747
8748
8748
8751
8752
8753
8753
8754
8755
8757
8758
8758
8759
8760
8760
8762
8762
8764
8765
8765
8772
8774
8774
8774
8775
8776
8776
8777
8778
8780
8780
8781
8782
8784
8788
8789
8791
8791
8793
8793
8794
8796
8796
8797
8798
8798
8800
8800
8803
8803
8810
8810
8811
8811
8812
8813
8814
8815
8815
8815
8815
8816
8819
8820
8821
8821
8823
8823
8824
8825
8826
8827
8827
8828
8828
8829
8830
8831
8832
8833
8834
8834
8834
8835
8836
8839
8840
8840
8840
8841
8841
8841
8842
8843
8843
8843
8843
8843
8844
8844
8846
8847
8848
8851
8854
8854
8857
8859
8862
8862
8862
8863
8863
8864
8867
8867
8870
8871
8871
8873
8873
8873
8874
8874
8875
8877
8880
8881
8882
8882
8883
8885
8886
8888
8888
8889
8890
8890
8891
8892
8893
8896
8896
8898
8898
8898
8899
8899
8899
8899
8900
8900
8901
8903
8906
8906
8906
8906
8909
8912
8912
8914
8914
8916
8919
8919
8919
8920
8922
8923
8924
8925
8927
8927
8927
8928
8929
8930
8932
8933
8934
8935
8935
8935
8936
8937
8937
8937
8939
8939
8940
8942
8942
8943
8946
8947
8950
8950
8951
8951
8951
8951
8952
8952
8954
8955
8956
8957
8957
8958
8958
8960
8963
8968
8968
8969
8971
8972
8973
8974
8975
8975
8979
8981
8982
8984
8986
8986
8987
8988
8988
8989
8989
8991
8991
8994
8995
8995
8998
8998
8998
8999
8999
9000
9000
9001
9002
9002
9002
9003
9005
9006
9009
9010
9011
9011
9012
9014
9016
9017
9018
9019
9021
9022
9023
9023
9024
9024
9025
9026
9026
9027
9029
9030
9031
9035
9037
9039
9041
9044
9046
9046
9048
9050
9050
9051
9052
9052
9053
9053
9054
9055
9057
9058
9059
9060
9061
9061
9062
9062
9067
9067
9069
9071
9072
9072
9072
9073
9075
9076
9076
9082
9084
9085
9085
9086
9086
9086
9087
9089
9089
9090
9092
9092
9094
9095
9095
9096
9096
9098
9099
9099
9099
9100
9101
9101
9101
9103
9105
9106
9106
9107
9108
9108
9109
9110
9114
9114
9114
9115
9116
9116
9119
9120
9122
9123
9124
9124
9128
9129
9130
9134
9134
9135
9137
9141
9141
9143
9143
9144
9144
9145
9146
9147
9147
9147
9149
9151
9152
9154
9154
9156
9156
9160
9160
9161
9162
9164
9164
9167
9168
9169
9172
9172
9175
9175
9175
9176
9176
9178
9180
9182
9184
9185
9185
9185
9186
9186
9186
9187
9187
9190
9192
9194
9194
9194
9195
9197
9199
9199
9200
9201
9202
9203
9204
9204
9208
9208
9208
9210
9210
9211
9211
9212
9212
9212
9215
9216
9217
9218
9222
9223
9223
9223
9224
9224
9225
9226
9226
9228
9228
9230
9230
9231
9231
9232
9232
9232
9234
9235
9236
9236
9236
9237
9238
9238
9239
9240
9240
9240
9241
9241
9242
9242
9243
9243
9244
9244
9244
9246
9246
9248
9248
9250
9252
9252
9255
9256
9257
9257
9258
9258
9262
9262
9264
9265
9266
9266
9266
9266
9268
9269
9270
9270
9271
9273
9273
9276
9280
9280
9282
9282
9282
9284
9284
9285
9285
9286
9286
9286
9290
9290
9290
9292
9293
9294
9295
9296
9296
9297
9297
9298
9299
9299
9300
9300
9300
9302
9304
9305
9306
9306
9307
9309
9309
9310
9310
9312
9312
9313
9315
9316
9318
9319
9319
9320
9321
9321
9322
9322
9324
9326
9328
9330
9330
9332
9333
9333
9333
9335
9336
9339
9341
9342
9342
9344
9346
9346
9347
9348
9348
9351
9351
9355
9356
9356
9357
9358
9364
9365
9368
9368
9369
9370
9370
9371
9372
9373
9377
9378
9378
9379
9379
9382
9382
9382
9383
9383
9383
9384
9386
9386
9387
9390
9391
9391
9393
9396
9397
9397
9399
9399
9401
9405
9406
9406
9407
9407
9408
9409
9412
9414
9416
9417
9417
9418
9419
9419
9422
9422
9422
9423
9427
9428
9430
9431
9431
9431
9431
9433
9434
9434
9434
9437
9441
9441
9442
9442
9444
9446
9448
9448
9449
9449
9449
9449
9450
9450
9450
9450
9450
9451
9452
9452
9453
9454
9454
9454
9454
9456
9457
9457
9457
9457
9458
9459
9459
9461
9462
9464
9465
9465
9465
9466
9466
9466
9471
9472
9473
9473
9476
9477
9477
9478
9481
9482
9483
9484
9485
9486
9486
9488
9489
9490
9490
9491
9491
9492
9495
9496
9497
9498
9499
9499
9502
9506
9507
9507
9507
9508
9510
9511
9513
9514
9515
9516
9517
9519
9519
9520
9521
9521
9521
9521
9521
9521
9522
9522
9526
9526
9527
9528
9529
9529
9530
9533
9533
9534
9535
9536
9536
9540
9541
9541
9542
9542
9543
9544
9544
9545
9549
9549
9550
9551
9553
9553
9553
9554
9554
9556
9557
9557
9557
9563
9565
9565
9567
9568
9570
9571
9573
9573
9574
9574
9576
9579
9580
9581
9582
9583
9583
9583
9583
9584
9585
9586
9588
9588
9589
9590
9590
9591
9591
9592
9592
9593
9594
9595
9598
9599
9600
9601
9604
9605
9608
9608
9608
9609
9614
9616
9616
9616
9617
9618
9619
9619
9620
9620
9622
9622
9622
9623
9626
9628
9628
9628
9630
9630
9630
9631
9632
9632
9635
9636
9637
9637
9640
9642
9644
9644
9646
9646
9649
9651
9651
9652
9653
9655
9656
9657
9659
9660
9660
9662
9663
9663
9664
9664
9667
9673
9674
9674
9679
9679
9679
9680
9680
9683
9685
9685
9686
9687
9687
9688
9688
9691
9694
9695
9696
9697
9697
9699
9700
9700
9700
9701
9705
9708
9709
9710
9710
9712
9715
9715
9716
9716
9717
9721
9721
9721
9723
9723
9724
9725
9726
9726
9726
9728
9729
9729
9729
9732
9733
9734
9735
9735
9735
9736
9737
9738
9739
9740
9742
9744
9744
9745
9745
9746
9747
9748
9748
9748
9749
9749
9750
9751
9751
9752
9753
9754
9755
9755
9756
9756
9760
9761
9761
9761
9763
9763
9763
9764
9766
9768
9769
9769
9770
9770
9770
9771
9771
9772
9775
9775
9775
9776
9779
9780
9780
9781
9781
9781
9782
9782
9783
9786
9787
9787
9787
9788
9788
9789
9789
9790
9790
9791
9793
9794
9795
9796
9799
9799
9802
9803
9805
9809
9809
9810
9811
9811
9811
9812
9812
9813
9814
9814
9816
9818
9819
9821
9821
9821
9822
9822
9823
9825
9825
9826
9826
9828
9829
9830
9834
9836
9838
9838
9838
9838
9838
9839
9840
9840
9844
9850
9851
9855
9855
9855
9855
9858
9859
9860
9860
9860
9864
9865
9865
9869
9869
9869
9870
9871
9871
9871
9872
9874
9874
9875
9877
9877
9879
9882
9882
9884
9885
9886
9886
9890
9890
9891
9893
9894
9896
9896
9897
9898
9899
9899
9904
9905
9905
9906
9907
9909
9910
9911
9912
9913
9916
9917
9918
9918
9918
9920
9921
9921
9922
9922
9925
9927
9927
9930
9932
9936
9937
9938
9938
9938
9940
9940
9941
9942
9943
9943
9944
9946
9947
9947
9949
9949
9949
9950
9951
9951
9953
9953
9954
9955
9955
9956
9956
9956
9956
9957
9959
9962
9963
9967
9968
9968
9968
9969
9969
9971
9971
9972
9974
9975
9975
9976
9976
9977
9978
9979
9979
9981
9982
9983
9983
9984
9985
9987
9987
9988
9988
9989
9989
9989
9990
9993
9995
9996
9996
9997
9998
9999
9999
