1
1
2
2
3
3
4
6
6
8
8
8
9
9
9
10
11
12
14
14
15
16
16
17
17
18
18
19
19
21
21
22
23
23
24
25
27
30
33
34
38
39
41
41
43
44
46
46
47
47
48
50
51
52
53
54
56
57
59
59
60
60
62
62
62
63
63
64
67
70
71
72
72
72
78
80
80
80
81
85
85
85
85
86
86
86
86
87
88
89
90
91
91
93
95
95
96
97
99
101
102
103
103
107
107
109
109
111
112
112
113
114
114
115
115
115
115
116
117
117
118
119
120
125
125
125
126
127
128
128
129
130
130
132
133
136
138
138
139
140
140
140
141
142
142
143
143
145
146
146
147
147
148
148
149
150
151
152
152
154
154
156
158
160
161
162
162
162
163
163
164
164
165
166
169
169
171
171
174
175
175
176
176
177
177
177
178
178
180
181
181
181
182
183
183
184
186
187
190
192
192
193
193
195
198
201
201
201
203
203
204
204
204
205
205
206
207
208
209
209
209
211
212
214
217
218
219
221
221
222
222
223
224
226
228
228
231
231
232
232
232
233
233
236
238
239
239
239
239
240
240
240
240
241
242
242
245
245
246
247
249
250
250
250
251
251
251
251
251
255
256
256
256
256
257
260
264
265
266
266
268
268
268
270
270
270
270
271
271
272
272
272
273
275
277
278
280
280
281
281
282
282
282
282
283
284
284
286
286
287
288
288
291
292
293
293
294
294
294
294
295
295
296
297
297
298
298
299
302
304
304
305
305
305
306
307
308
309
310
310
310
310
311
312
312
313
314
318
318
319
320
320
322
323
323
324
326
327
328
328
328
330
330
330
330
331
331
333
334
334
334
334
335
335
335
336
336
336
338
339
342
342
343
343
345
346
347
348
348
351
351
353
354
356
359
359
360
360
360
361
363
364
366
367
367
368
369
370
374
377
377
378
380
382
382
383
383
385
385
385
386
387
388
390
390
395
396
396
396
397
397
397
399
400
401
403
405
405
405
405
405
405
405
407
409
410
413
413
414
415
417
418
418
420
420
423
426
426
426
427
429
430
431
432
433
433
433
433
434
434
435
436
436
436
437
438
440
442
444
445
447
448
449
450
450
451
451
453
455
456
458
459
459
460
461
464
464
464
465
466
467
468
469
469
470
471
472
473
473
474
477
477
479
479
479
480
480
481
483
485
486
486
486
487
487
489
490
492
493
494
495
495
496
496
497
497
498
498
498
498
500
500
501
501
503
504
504
505
509
509
510
510
512
514
515
516
516
516
517
517
520
520
521
522
523
523
524
524
527
527
527
528
528
529
529
530
530
530
531
533
533
536
537
537
539
540
543
545
546
548
549
550
550
551
552
556
556
558
559
559
559
561
561
561
561
561
565
566
567
567
568
568
570
571
572
572
574
574
575
576
577
577
578
579
580
580
584
584
585
585
585
586
586
591
591
592
595
597
598
599
600
604
606
607
608
610
611
611
612
613
614
614
615
616
617
618
619
621
621
623
624
624
626
627
628
628
631
633
633
634
636
636
636
637
639
641
642
644
645
645
646
647
647
651
652
652
653
654
654
655
657
657
658
659
660
661
663
663
665
665
665
666
666
667
667
667
667
668
676
679
680
681
681
682
682
687
688
689
690
690
691
693
695
696
697
700
700
701
701
702
703
703
703
703
704
705
706
706
706
706
707
707
708
709
709
709
711
711
712
716
718
718
719
719
720
721
724
727
729
730
731
736
737
737
738
738
738
741
744
744
746
746
747
751
751
753
754
757
758
761
761
763
765
765
767
772
774
775
776
777
778
780
780
781
782
783
783
783
784
785
785
788
792
794
795
795
796
797
800
800
807
808
808
810
810
810
810
810
811
811
813
815
816
816
816
818
818
818
819
819
820
820
821
821
822
822
825
826
826
826
827
828
828
828
834
834
837
838
839
840
841
841
842
842
842
844
845
845
846
846
847
848
848
848
848
849
850
850
853
854
854
855
855
856
856
856
856
857
857
858
859
859
861
863
863
864
867
867
867
868
869
869
869
870
870
872
873
873
874
875
875
875
876
877
877
879
880
881
883
883
885
885
886
886
887
887
888
889
889
891
892
892
896
897
899
899
900
901
905
905
906
907
908
909
909
909
909
910
910
913
915
920
920
922
922
923
923
923
927
928
929
932
934
935
939
940
941
944
946
947
948
949
949
950
952
953
955
956
959
960
960
960
961
961
963
964
966
966
968
970
970
973
976
976
977
978
979
980
982
986
986
986
987
987
988
989
989
993
996
996
998
998
999
1001
1002
1002
1003
1004
1004
1004
1005
1005
1006
1008
1010
1010
1010
1012
1012
1012
1012
1013
1013
1013
1014
1014
1015
1015
1016
1016
1016
1017
1017
1018
1019
1021
1021
1025
1027
1028
1031
1033
1033
1034
1035
1035
1035
1036
1036
1037
1037
1041
1042
1042
1043
1044
1045
1046
1046
1048
1049
1049
1050
1050
1052
1052
1053
1054
1055
1060
1061
1062
1063
1065
1065
1066
1066
1067
1067
1068
1070
1071
1071
1075
1076
1078
1078
1079
1079
1080
1081
1082
1082
1084
1084
1084
1084
1084
1087
1087
1087
1088
1088
1088
1089
1089
1090
1090
1092
1093
1094
1094
1096
1097
1097
1098
1098
1100
1100
1101
1102
1103
1104
1104
1105
1107
1107
1110
1110
1110
1113
1113
1115
1117
1118
1119
1119
1120
1120
1121
1121
1122
1122
1123
1126
1129
1130
1132
1134
1134
1135
1135
1136
1138
1139
1142
1142
1144
1145
1146
1148
1149
1150
1152
1153
1153
1154
1154
1155
1155
1156
1156
1156
1157
1157
1158
1159
1159
1160
1160
1160
1160
1161
1162
1162
1162
1163
1164
1165
1167
1168
1168
1172
1172
1174
1175
1175
1177
1178
1179
1179
1180
1182
1186
1187
1187
1188
1191
1192
1194
1194
1196
1197
1198
1200
1200
1200
1201
1202
1202
1205
1205
1206
1207
1207
1209
1210
1210
1210
1211
1212
1213
1213
1215
1216
1217
1218
1219
1220
1220
1221
1222
1222
1222
1222
1223
1224
1224
1225
1226
1226
1227
1228
1230
1232
1232
1237
1240
1242
1242
1242
1242
1243
1243
1244
1244
1246
1247
1248
1249
1251
1252
1253
1254
1254
1254
1255
1255
1259
1260
1264
1264
1265
1265
1267
1269
1270
1274
1274
1275
1276
1276
1279
1279
1280
1280
1280
1281
1283
1284
1284
1285
1285
1285
1285
1286
1287
1288
1289
1290
1290
1291
1291
1291
1292
1292
1294
1297
1297
1300
1302
1303
1304
1304
1305
1306
1307
1307
1309
1309
1310
1313
1314
1315
1316
1317
1317
1317
1318
1318
1321
1321
1322
1322
1323
1324
1324
1325
1327
1327
1329
1329
1330
1330
1335
1336
1339
1339
1340
1340
1343
1345
1345
1346
1346
1348
1348
1348
1350
1351
1351
1354
1354
1356
1357
1359
1363
1364
1365
1366
1366
1370
1370
1374
1374
1375
1376
1376
1376
1377
1377
1378
1379
1381
1382
1382
1382
1382
1383
1384
1386
1387
1388
1389
1392
1393
1394
1397
1398
1398
1402
1402
1403
1405
1406
1409
1409
1409
1409
1410
1411
1411
1411
1411
1414
1416
1416
1416
1418
1418
1418
1422
1423
1423
1424
1424
1428
1432
1432
1434
1435
1436
1437
1440
1440
1444
1445
1446
1447
1449
1450
1450
1452
1453
1455
1457
1458
1458
1459
1459
1460
1461
1461
1461
1462
1463
1463
1463
1464
1464
1464
1468
1469
1470
1470
1471
1471
1472
1473
1473
1473
1475
1476
1477
1479
1481
1481
1483
1483
1485
1485
1487
1488
1488
1490
1491
1492
1493
1493
1493
1493
1494
1494
1494
1495
1497
1497
1497
1499
1501
1501
1502
1504
1504
1505
1506
1508
1508
1508
1509
1509
1510
1513
1516
1516
1517
1518
1520
1520
1521
1523
1524
1525
1527
1527
1528
1529
1530
1531
1531
1532
1533
1534
1534
1535
1535
1536
1536
1536
1538
1540
1540
1542
1543
1543
1543
1543
1544
1544
1545
1545
1545
1546
1546
1546
1547
1547
1547
1548
1549
1549
1553
1554
1559
1560
1560
1561
1563
1563
1563
1563
1563
1566
1567
1568
1569
1571
1572
1573
1573
1574
1576
1576
1576
1576
1576
1576
1578
1578
1578
1580
1580
1581
1581
1582
1583
1586
1586
1587
1589
1590
1591
1593
1593
1594
1594
1594
1595
1596
1597
1597
1599
1601
1602
1610
1610
1612
1613
1615
1616
1618
1620
1621
1621
1624
1624
1625
1626
1629
1630
1630
1637
1639
1639
1640
1643
1643
1644
1644
1645
1645
1646
1646
1647
1649
1649
1650
1650
1651
1655
1656
1660
1661
1662
1663
1663
1665
1665
1666
1666
1666
1667
1669
1671
1673
1674
1676
1678
1678
1679
1681
1682
1682
1684
1685
1687
1687
1688
1690
1690
1690
1691
1692
1696
1697
1697
1700
1700
1700
1700
1703
1703
1705
1705
1708
1709
1709
1711
1712
1714
1714
1715
1715
1715
1716
1717
1719
1719
1719
1720
1721
1721
1723
1724
1725
1725
1725
1728
1729
1729
1730
1731
1732
1733
1734
1734
1736
1736
1737
1737
1740
1741
1741
1742
1742
1742
1745
1745
1748
1749
1749
1751
1752
1752
1753
1756
1756
1757
1759
1759
1759
1760
1761
1761
1761
1763
1764
1765
1765
1766
1767
1768
1769
1769
1770
1770
1771
1772
1772
1772
1773
1773
1774
1779
1780
1781
1783
1784
1784
1784
1784
1785
1785
1786
1786
1786
1790
1790
1791
1792
1792
1792
1792
1793
1794
1795
1795
1796
1796
1797
1797
1798
1800
1800
1801
1801
1801
1802
1802
1803
1804
1805
1805
1806
1807
1808
1809
1810
1810
1811
1811
1812
1813
1814
1816
1818
1818
1820
1820
1820
1821
1823
1825
1826
1828
1831
1832
1833
1833
1834
1835
1835
1835
1835
1839
1841
1842
1842
1843
1844
1844
1846
1847
1848
1849
1849
1850
1850
1852
1852
1855
1857
1857
1859
1859
1860
1860
1861
1866
1866
1867
1868
1868
1869
1870
1871
1871
1874
1875
1876
1876
1876
1877
1878
1878
1879
1879
1881
1882
1882
1882
1884
1886
1887
1888
1888
1889
1890
1891
1892
1892
1893
1893
1894
1894
1895
1896
1897
1898
1898
1898
1898
1899
1902
1904
1904
1904
1905
1905
1905
1906
1906
1908
1908
1908
1908
1909
1911
1911
1915
1916
1919
1920
1920
1921
1921
1922
1923
1923
1925
1927
1929
1929
1931
1932
1933
1933
1933
1934
1934
1935
1935
1939
1940
1940
1940
1940
1942
1943
1943
1945
1945
1946
1950
1951
1951
1954
1956
1956
1957
1957
1958
1959
1960
1960
1964
1964
1965
1967
1967
1967
1968
1968
1968
1970
1970
1971
1972
1973
1974
1975
1977
1977
1978
1980
1980
1981
1981
1983
1984
1984
1986
1986
1988
1989
1990
1990
1990
1990
1992
1994
1994
1997
1997
1998
1999
1999
2000
2000
2000
2002
2003
2003
2003
2003
2004
2006
2007
2010
2011
2011
2016
2016
2016
2016
2017
2017
2018
2019
2019
2020
2023
2023
2024
2025
2026
2026
2026
2026
2026
2027
2031
2032
2034
2035
2035
2036
2036
2038
2038
2039
2040
2041
2046
2046
2046
2048
2050
2052
2054
2054
2055
2055
2056
2059
2059
2062
2063
2064
2064
2065
2065
2065
2066
2067
2067
2068
2069
2070
2072
2072
2072
2077
2077
2077
2077
2077
2079
2080
2082
2082
2083
2083
2085
2085
2086
2086
2087
2088
2089
2089
2090
2092
2094
2094
2096
2098
2099
2100
2101
2101
2101
2103
2104
2107
2109
2110
2112
2113
2113
2115
2115
2115
2116
2118
2120
2122
2123
2123
2124
2124
2125
2125
2126
2127
2131
2131
2136
2136
2137
2140
2140
2140
2141
2142
2144
2145
2145
2148
2150
2151
2153
2154
2154
2156
2158
2159
2159
2160
2161
2164
2166
2166
2168
2169
2170
2172
2173
2175
2175
2175
2175
2177
2177
2178
2180
2181
2182
2183
2184
2185
2187
2188
2189
2189
2190
2190
2191
2191
2192
2194
2194
2195
2196
2197
2197
2197
2198
2198
2199
2199
2205
2205
2206
2206
2210
2211
2212
2213
2216
2216
2217
2218
2218
2218
2222
2222
2222
2223
2223
2223
2224
2224
2225
2226
2227
2227
2227
2227
2229
2230
2230
2230
2233
2233
2234
2234
2236
2236
2237
2237
2238
2240
2240
2240
2242
2247
2248
2249
2253
2256
2256
2257
2258
2258
2260
2260
2261
2261
2262
2262
2262
2263
2264
2266
2267
2268
2270
2270
2272
2273
2274
2276
2277
2277
2277
2278
2280
2282
2285
2285
2286
2287
2288
2288
2289
2292
2292
2295
2295
2295
2296
2296
2299
2299
2300
2301
2301
2302
2302
2303
2304
2305
2306
2308
2309
2310
2312
2314
2314
2315
2315
2317
2318
2319
2320
2320
2321
2321
2321
2322
2324
2325
2326
2326
2326
2326
2328
2330
2333
2334
2334
2334
2336
2337
2337
2337
2338
2339
2339
2339
2340
2340
2343
2345
2345
2346
2348
2348
2349
2349
2349
2349
2352
2352
2352
2353
2354
2354
2354
2355
2355
2355
2358
2359
2360
2362
2363
2363
2363
2364
2365
2365
2365
2365
2367
2368
2369
2369
2369
2373
2375
2376
2378
2378
2379
2381
2382
2382
2383
2384
2384
2385
2386
2387
2388
2391
2392
2393
2396
2397
2397
2399
2399
2401
2403
2405
2405
2407
2407
2407
2409
2409
2411
2416
2417
2417
2417
2418
2418
2419
2420
2421
2424
2425
2426
2427
2428
2428
2428
2429
2429
2429
2430
2430
2431
2431
2433
2433
2434
2434
2434
2434
2441
2441
2442
2443
2444
2444
2445
2445
2445
2445
2448
2449
2450
2450
2451
2452
2455
2455
2455
2456
2461
2462
2462
2464
2464
2465
2467
2468
2471
2471
2472
2475
2475
2477
2477
2481
2482
2482
2483
2484
2486
2486
2489
2490
2490
2493
2493
2495
2495
2495
2497
2499
2499
2500
2501
2502
2503
2504
2504
2504
2505
2505
2506
2507
2508
2508
2508
2508
2508
2510
2510
2512
2512
2513
2514
2514
2516
2516
2518
2519
2519
2521
2521
2522
2523
2524
2524
2526
2528
2529
2530
2532
2533
2533
2535
2538
2540
2541
2541
2541
2544
2545
2546
2547
2548
2552
2552
2554
2556
2556
2558
2558
2563
2563
2564
2570
2571
2571
2574
2575
2576
2576
2577
2578
2578
2578
2581
2582
2583
2585
2586
2586
2587
2590
2593
2593
2593
2595
2597
2598
2599
2600
2601
2601
2602
2604
2605
2605
2606
2607
2607
2608
2608
2609
2609
2612
2612
2612
2613
2615
2615
2617
2619
2619
2619
2620
2621
2624
2625
2625
2625
2627
2629
2629
2632
2633
2635
2636
2636
2638
2638
2638
2641
2642
2643
2644
2644
2644
2644
2645
2645
2647
2648
2649
2650
2650
2650
2651
2652
2652
2653
2655
2656
2658
2659
2659
2663
2663
2664
2665
2665
2668
2669
2670
2670
2670
2671
2673
2673
2674
2675
2677
2677
2677
2678
2678
2680
2681
2681
2682
2682
2682
2684
2685
2685
2685
2692
2693
2694
2696
2697
2697
2699
2700
2702
2705
2706
2707
2707
2707
2708
2709
2710
2712
2712
2713
2713
2713
2713
2716
2716
2718
2718
2719
2723
2723
2731
2732
2734
2734
2734
2737
2742
2742
2743
2744
2745
2745
2746
2747
2747
2748
2748
2749
2751
2751
2751
2752
2752
2754
2756
2757
2757
2761
2761
2765
2765
2768
2769
2769
2771
2773
2774
2776
2776
2776
2776
2779
2779
2780
2782
2782
2782
2783
2785
2786
2786
2787
2788
2788
2788
2789
2791
2792
2793
2794
2794
2794
2796
2796
2797
2797
2798
2798
2800
2803
2804
2805
2805
2806
2807
2807
2808
2808
2808
2809
2809
2809
2812
2812
2813
2813
2813
2813
2814
2814
2816
2817
2818
2818
2818
2818
2819
2820
2821
2825
2825
2827
2828
2828
2829
2830
2831
2833
2834
2835
2835
2835
2836
2837
2837
2838
2841
2842
2842
2845
2845
2846
2846
2847
2847
2847
2848
2848
2849
2851
2852
2854
2856
2857
2857
2859
2862
2862
2862
2862
2863
2865
2869
2869
2869
2870
2871
2871
2872
2872
2873
2873
2873
2874
2876
2877
2878
2883
2883
2883
2887
2888
2889
2890
2890
2891
2892
2892
2892
2893
2893
2894
2895
2896
2897
2897
2898
2899
2902
2903
2905
2906
2906
2907
2907
2909
2910
2910
2910
2912
2913
2913
2915
2917
2918
2919
2921
2922
2922
2924
2925
2925
2930
2931
2931
2931
2934
2935
2937
2938
2938
2940
2940
2941
2941
2943
2944
2945
2945
2945
2948
2948
2948
2950
2951
2953
2954
2955
2955
2955
2956
2956
2959
2960
2961
2961
2962
2962
2964
2965
2965
2965
2965
2967
2968
2968
2969
2970
2975
2975
2976
2976
2979
2980
2980
2981
2982
2983
2985
2987
2987
2987
2987
2989
2989
2990
2995
2996
2997
2998
2999
2999
3000
3000
3001
3002
3003
3003
3003
3004
3006
3008
3008
3008
3010
3011
3011
3015
3017
3018
3018
3020
3020
3020
3021
3021
3022
3026
3026
3026
3027
3028
3030
3032
3032
3032
3032
3032
3033
3033
3035
3037
3039
3040
3041
3042
3043
3043
3043
3044
3044
3044
3045
3045
3046
3046
3046
3048
3048
3050
3052
3052
3054
3055
3056
3058
3061
3061
3061
3062
3063
3064
3064
3064
3067
3067
3067
3067
3068
3068
3069
3071
3071
3072
3075
3076
3078
3079
3079
3079
3081
3085
3085
3086
3086
3086
3086
3086
3086
3087
3088
3088
3088
3090
3091
3092
3093
3095
3100
3102
3103
3104
3106
3107
3107
3107
3107
3108
3110
3113
3113
3114
3115
3115
3115
3115
3115
3116
3116
3116
3117
3117
3118
3118
3119
3119
3120
3122
3122
3125
3125
3125
3126
3129
3134
3134
3135
3136
3136
3137
3137
3137
3139
3139
3140
3142
3144
3144
3144
3144
3145
3146
3146
3149
3151
3152
3152
3154
3156
3157
3158
3160
3160
3160
3160
3162
3162
3163
3164
3167
3167
3169
3169
3169
3170
3170
3171
3171
3171
3171
3171
3172
3175
3176
3178
3178
3180
3181
3182
3182
3185
3185
3186
3187
3187
3188
3190
3191
3192
3192
3193
3194
3196
3197
3197
3197
3198
3198
3198
3200
3200
3201
3201
3201
3203
3205
3209
3212
3214
3214
3214
3215
3217
3219
3223
3223
3224
3224
3226
3229
3230
3230
3230
3231
3233
3233
3233
3234
3235
3236
3237
3238
3241
3242
3242
3243
3243
3243
3244
3245
3247
3247
3249
3251
3252
3253
3254
3254
3255
3256
3257
3258
3258
3258
3261
3263
3263
3264
3265
3268
3270
3271
3274
3276
3278
3279
3281
3281
3283
3283
3283
3285
3285
3287
3289
3289
3290
3290
3293
3293
3293
3295
3296
3297
3298
3299
3299
3300
3300
3300
3300
3304
3305
3307
3309
3310
3311
3311
3313
3316
3316
3317
3318
3321
3323
3323
3323
3324
3324
3324
3326
3326
3327
3329
3329
3330
3332
3332
3335
3335
3339
3340
3342
3344
3344
3344
3344
3344
3344
3345
3345
3351
3353
3353
3354
3356
3356
3356
3359
3359
3360
3361
3361
3363
3364
3366
3366
3366
3367
3368
3368
3368
3368
3370
3371
3373
3373
3376
3380
3381
3382
3382
3383
3383
3384
3385
3385
3388
3389
3389
3389
3391
3391
3392
3392
3393
3394
3394
3396
3397
3399
3400
3400
3400
3401
3401
3402
3403
3406
3408
3409
3410
3411
3411
3411
3411
3411
3411
3413
3413
3414
3414
3414
3415
3415
3415
3416
3416
3417
3418
3419
3421
3421
3422
3424
3427
3427
3428
3429
3429
3431
3431
3433
3434
3434
3438
3438
3439
3439
3440
3440
3442
3443
3445
3445
3446
3447
3447
3448
3449
3452
3453
3455
3455
3455
3458
3460
3460
3461
3461
3462
3462
3463
3464
3464
3465
3468
3468
3468
3470
3470
3471
3472
3473
3474
3474
3474
3477
3477
3478
3479
3480
3480
3481
3482
3482
3482
3485
3486
3487
3487
3488
3488
3489
3490
3491
3491
3492
3502
3503
3504
3504
3505
3508
3509
3509
3512
3513
3513
3514
3514
3515
3517
3519
3519
3519
3522
3524
3525
3526
3528
3529
3530
3531
3532
3532
3533
3534
3534
3535
3535
3536
3537
3537
3538
3538
3541
3541
3541
3547
3547
3548
3550
3550
3551
3552
3552
3553
3553
3554
3554
3554
3557
3558
3559
3559
3559
3560
3561
3562
3564
3565
3565
3566
3568
3571
3571
3573
3574
3576
3578
3578
3581
3583
3584
3587
3588
3588
3588
3588
3590
3590
3592
3593
3595
3596
3596
3597
3600
3602
3603
3603
3604
3605
3606
3608
3609
3610
3610
3611
3611
3612
3612
3613
3614
3614
3616
3619
3620
3621
3621
3622
3622
3622
3624
3624
3625
3626
3626
3628
3628
3628
3628
3629
3630
3630
3630
3631
3631
3633
3636
3636
3636
3638
3639
3640
3641
3641
3642
3642
3643
3643
3644
3645
3647
3647
3648
3649
3651
3651
3652
3653
3653
3653
3653
3655
3658
3659
3659
3659
3661
3662
3664
3665
3666
3667
3667
3667
3667
3668
3669
3672
3674
3674
3677
3677
3678
3679
3680
3680
3681
3681
3684
3686
3686
3687
3689
3690
3691
3691
3695
3695
3696
3696
3699
3700
3700
3701
3702
3702
3703
3705
3705
3707
3707
3708
3708
3708
3709
3709
3710
3710
3713
3714
3714
3716
3716
3716
3717
3718
3719
3719
3720
3720
3720
3721
3722
3722
3722
3722
3722
3723
3724
3725
3725
3726
3727
3730
3734
3734
3736
3738
3739
3742
3744
3746
3748
3749
3750
3752
3752
3753
3753
3758
3758
3759
3760
3764
3764
3765
3767
3768
3768
3769
3771
3773
3774
3775
3776
3781
3782
3783
3783
3784
3787
3787
3787
3788
3791
3797
3798
3799
3800
3801
3804
3806
3807
3807
3807
3808
3808
3809
3810
3811
3813
3816
3820
3821
3822
3822
3822
3823
3825
3825
3827
3828
3829
3829
3830
3832
3835
3836
3837
3838
3841
3842
3842
3847
3847
3847
3849
3850
3850
3851
3851
3852
3852
3853
3853
3854
3854
3855
3856
3856
3858
3862
3862
3862
3863
3863
3864
3864
3865
3865
3866
3866
3868
3870
3872
3872
3873
3873
3873
3874
3874
3876
3879
3880
3882
3883
3883
3883
3884
3884
3884
3885
3885
3886
3886
3886
3887
3887
3887
3889
3889
3890
3891
3891
3891
3891
3892
3894
3895
3896
3897
3898
3899
3902
3902
3904
3905
3906
3906
3907
3907
3909
3912
3912
3914
3917
3917
3919
3920
3921
3922
3927
3927
3928
3928
3929
3930
3930
3930
3930
3930
3931
3931
3931
3931
3931
3933
3934
3936
3936
3936
3937
3937
3937
3940
3941
3951
3951
3952
3953
3953
3955
3956
3956
3957
3957
3957
3958
3959
3960
3961
3966
3967
3968
3970
3970
3971
3971
3971
3974
3975
3978
3978
3981
3981
3982
3984
3984
3985
3987
3987
3987
3988
3988
3989
3989
3990
3991
3992
3993
3994
3995
3995
3995
3996
3997
3998
3999
3999
3999
4001
4004
4004
4004
4005
4005
4006
4007
4008
4008
4008
4009
4009
4009
4009
4011
4012
4012
4013
4013
4016
4017
4018
4018
4020
4023
4023
4025
4026
4029
4030
4032
4033
4034
4035
4035
4038
4038
4038
4038
4041
4045
4049
4049
4049
4050
4051
4053
4053
4055
4056
4057
4058
4059
4060
4063
4063
4066
4068
4069
4069
4071
4073
4073
4073
4075
4076
4076
4077
4078
4078
4079
4079
4080
4080
4081
4082
4082
4083
4084
4086
4087
4088
4089
4090
4090
4091
4091
4091
4094
4096
4096
4097
4098
4098
4099
4102
4103
4105
4105
4107
4108
4109
4114
4115
4116
4116
4116
4117
4118
4120
4121
4122
4123
4123
4124
4125
4126
4126
4128
4128
4128
4129
4130
4132
4133
4134
4134
4137
4138
4139
4140
4140
4140
4142
4145
4147
4148
4148
4149
4149
4150
4154
4154
4156
4158
4158
4159
4160
4162
4164
4164
4166
4166
4166
4167
4168
4170
4172
4172
4173
4174
4174
4175
4176
4177
4179
4181
4182
4182
4183
4183
4185
4188
4188
4188
4189
4189
4191
4192
4192
4194
4195
4195
4196
4197
4198
4202
4202
4206
4208
4209
4212
4215
4216
4217
4218
4218
4218
4218
4219
4221
4222
4222
4223
4225
4230
4230
4235
4237
4239
4239
4239
4240
4241
4242
4246
4247
4249
4250
4251
4254
4256
4257
4258
4259
4259
4261
4263
4263
4264
4264
4264
4265
4265
4266
4266
4268
4270
4271
4272
4273
4277
4277
4277
4277
4277
4278
4280
4280
4281
4281
4281
4281
4282
4285
4285
4286
4286
4289
4289
4289
4290
4290
4290
4292
4293
4294
4294
4297
4297
4298
4301
4302
4303
4304
4307
4307
4309
4309
4312
4312
4314
4314
4315
4317
4317
4318
4318
4320
4320
4320
4321
4322
4323
4323
4326
4326
4327
4327
4328
4329
4330
4332
4333
4334
4335
4335
4336
4338
4339
4339
4339
4340
4340
4340
4341
4342
4342
4344
4345
4346
4347
4347
4349
4351
4356
4357
4358
4358
4358
4359
4359
4359
4359
4360
4364
4364
4364
4366
4366
4367
4367
4367
4368
4369
4371
4372
4372
4373
4374
4375
4375
4376
4377
4377
4380
4380
4381
4383
4387
4387
4387
4388
4388
4390
4391
4392
4392
4393
4395
4395
4397
4398
4399
4399
4400
4401
4402
4402
4402
4403
4404
4405
4408
4408
4409
4414
4416
4416
4418
4418
4419
4421
4422
4422
4423
4423
4424
4425
4425
4427
4429
4431
4431
4432
4433
4433
4434
4434
4435
4436
4437
4438
4440
4444
4444
4445
4446
4447
4451
4452
4452
4453
4454
4456
4458
4459
4461
4461
4463
4466
4466
4466
4467
4467
4468
4469
4470
4472
4473
4475
4475
4477
4477
4478
4479
4480
4481
4484
4487
4488
4488
4489
4490
4490
4491
4493
4493
4493
4494
4495
4500
4501
4502
4502
4504
4505
4505
4506
4506
4509
4509
4510
4510
4512
4512
4513
4517
4518
4519
4520
4520
4520
4522
4523
4526
4528
4529
4529
4530
4530
4531
4532
4532
4532
4533
4533
4534
4534
4536
4536
4538
4540
4540
4541
4541
4541
4544
4545
4546
4548
4548
4548
4549
4549
4554
4555
4556
4558
4558
4558
4559
4559
4561
4562
4562
4563
4566
4567
4567
4568
4568
4570
4571
4572
4572
4573
4575
4576
4576
4580
4580
4580
4580
4580
4582
4582
4585
4586
4586
4587
4588
4588
4589
4590
4592
4593
4594
4594
4596
4596
4597
4597
4598
4598
4599
4602
4602
4607
4607
4608
4608
4609
4609
4610
4611
4613
4614
4617
4618
4620
4620
4622
4622
4622
4624
4625
4627
4627
4628
4629
4630
4631
4632
4632
4633
4634
4634
4636
4637
4637
4640
4640
4641
4641
4642
4643
4643
4644
4645
4646
4646
4647
4648
4648
4648
4651
4652
4656
4656
4657
4659
4660
4661
4662
4663
4666
4666
4666
4667
4668
4669
4669
4669
4671
4672
4673
4675
4676
4677
4679
4680
4680
4681
4681
4683
4685
4687
4689
4689
4690
4690
4693
4694
4694
4696
4697
4697
4698
4700
4700
4700
4706
4706
4707
4708
4708
4708
4709
4711
4712
4712
4714
4716
4716
4718
4719
4720
4721
4722
4723
4724
4724
4724
4725
4728
4729
4730
4733
4735
4736
4737
4739
4740
4741
4741
4745
4745
4748
4749
4751
4752
4752
4752
4755
4756
4757
4757
4761
4766
4770
4770
4771
4772
4774
4774
4774
4775
4775
4775
4775
4776
4777
4778
4778
4781
4782
4783
4784
4784
4784
4785
4785
4785
4786
4786
4789
4789
4790
4790
4792
4792
4793
4793
4794
4795
4797
4797
4799
4800
4801
4804
4805
4806
4807
4808
4809
4810
4810
4810
4811
4812
4813
4814
4815
4815
4816
4818
4819
4819
4820
4821
4821
4825
4825
4826
4826
4827
4827
4827
4828
4829
4831
4831
4833
4833
4834
4836
4838
4840
4841
4842
4842
4844
4844
4845
4846
4846
4846
4847
4847
4848
4848
4848
4851
4854
4854
4854
4854
4856
4857
4858
4858
4859
4861
4862
4863
4866
4868
4868
4870
4871
4873
4874
4876
4876
4877
4877
4882
4884
4886
4887
4888
4888
4889
4890
4893
4893
4894
4895
4895
4895
4896
4896
4897
4897
4899
4899
4900
4901
4904
4904
4905
4905
4906
4908
4910
4911
4914
4914
4914
4915
4917
4917
4917
4917
4919
4920
4922
4922
4922
4922
4923
4924
4925
4926
4926
4927
4927
4929
4929
4930
4930
4931
4933
4933
4935
4936
4937
4937
4937
4938
4942
4944
4945
4945
4945
4946
4947
4947
4947
4948
4949
4951
4957
4958
4959
4960
4963
4964
4965
4966
4967
4967
4968
4969
4969
4970
4970
4971
4973
4979
4979
4979
4979
4982
4983
4986
4988
4988
4988
4989
4990
4990
4990
4991
4993
4993
4993
4995
4997
4997
4998
4998
5000
5000
5000
5000
5001
5001
5002
5002
5003
5004
5005
5007
5009
5009
5011
5014
5018
5021
5022
5022
5022
5023
5027
5027
5030
5031
5034
5037
5039
5040
5041
5043
5043
5043
5044
5044
5045
5046
5047
5048
5049
5049
5051
5051
5051
5052
5053
5054
5054
5055
5055
5056
5058
5058
5059
5060
5060
5061
5061
5062
5064
5064
5067
5068
5068
5068
5069
5075
5076
5076
5079
5080
5081
5081
5084
5084
5084
5085
5086
5086
5088
5088
5088
5089
5089
5089
5089
5089
5090
5091
5093
5095
5095
5095
5095
5096
5099
5100
5100
5100
5102
5105
5105
5106
5107
5107
5108
5109
5109
5113
5114
5114
5114
5114
5114
5115
5115
5117
5117
5117
5122
5122
5122
5123
5124
5125
5125
5126
5126
5127
5128
5128
5131
5131
5131
5132
5133
5134
5137
5139
5139
5140
5141
5142
5143
5144
5145
5146
5147
5147
5148
5148
5149
5149
5150
5151
5151
5153
5155
5157
5158
5158
5159
5161
5162
5163
5164
5166
5167
5167
5169
5170
5172
5172
5172
5173
5174
5176
5176
5176
5177
5179
5180
5181
5183
5183
5186
5186
5187
5187
5188
5189
5190
5190
5191
5192
5194
5194
5194
5196
5197
5197
5200
5201
5202
5203
5205
5205
5205
5207
5207
5210
5212
5212
5215
5216
5218
5220
5221
5221
5222
5223
5223
5224
5225
5225
5226
5226
5227
5227
5230
5233
5233
5233
5236
5236
5237
5237
5237
5238
5238
5241
5242
5243
5244
5245
5247
5248
5249
5251
5252
5253
5254
5256
5257
5257
5260
5261
5264
5267
5267
5268
5268
5269
5269
5269
5271
5272
5272
5272
5273
5274
5274
5276
5276
5277
5278
5278
5278
5281
5281
5282
5283
5284
5286
5287
5287
5288
5290
5290
5290
5291
5293
5295
5295
5296
5297
5297
5297
5298
5299
5300
5300
5302
5302
5302
5303
5304
5305
5306
5308
5308
5309
5309
5312
5313
5313
5313
5314
5314
5314
5315
5317
5319
5320
5320
5320
5322
5322
5324
5325
5327
5329
5331
5333
5333
5333
5337
5337
5339
5339
5342
5343
5344
5344
5346
5346
5346
5347
5347
5347
5348
5348
5349
5350
5350
5352
5352
5353
5354
5354
5355
5356
5357
5358
5362
5362
5363
5363
5364
5365
5365
5365
5366
5366
5368
5368
5371
5373
5374
5374
5376
5378
5378
5378
5378
5380
5380
5381
5381
5381
5386
5388
5389
5389
5390
5390
5390
5391
5393
5393
5393
5394
5394
5394
5394
5396
5396
5397
5399
5401
5404
5404
5406
5406
5408
5409
5409
5409
5409
5411
5412
5413
5414
5415
5415
5417
5418
5419
5420
5420
5421
5424
5424
5424
5424
5431
5432
5433
5433
5433
5434
5435
5435
5438
5438
5438
5439
5439
5439
5440
5440
5440
5441
5442
5442
5442
5447
5447
5447
5448
5449
5450
5451
5451
5451
5453
5454
5456
5456
5457
5457
5458
5460
5460
5462
5463
5464
5464
5466
5466
5466
5466
5467
5467
5468
5468
5469
5469
5469
5471
5473
5473
5475
5476
5478
5479
5480
5480
5481
5487
5489
5490
5491
5493
5494
5495
5495
5496
5496
5499
5499
5499
5501
5502
5502
5503
5503
5505
5509
5509
5511
5511
5512
5513
5513
5514
5515
5515
5516
5517
5517
5521
5521
5523
5524
5525
5525
5525
5525
5526
5526
5526
5528
5528
5530
5530
5531
5531
5532
5532
5532
5535
5536
5537
5538
5538
5539
5541
5542
5543
5543
5544
5544
5546
5546
5547
5547
5548
5550
5550
5551
5551
5552
5552
5552
5555
5557
5558
5559
5559
5559
5561
5564
5566
5568
5570
5570
5571
5572
5573
5574
5575
5575
5577
5583
5583
5583
5585
5587
5589
5589
5590
5591
5591
5591
5592
5592
5592
5592
5593
5593
5595
5596
5596
5598
5598
5599
5602
5602
5603
5604
5605
5605
5605
5605
5606
5606
5607
5608
5609
5610
5611
5611
5612
5613
5614
5615
5615
5616
5617
5617
5618
5621
5622
5622
5623
5625
5625
5626
5626
5627
5628
5629
5630
5632
5632
5632
5633
5634
5635
5636
5638
5638
5638
5640
5641
5642
5643
5643
5643
5644
5644
5645
5645
5647
5647
5648
5649
5649
5653
5655
5655
5656
5656
5657
5657
5657
5657
5660
5661
5662
5664
5664
5666
5666
5666
5666
5667
5669
5669
5670
5671
5674
5675
5675
5676
5678
5680
5680
5683
5683
5685
5688
5689
5692
5692
5693
5694
5694
5697
5698
5698
5700
5701
5701
5701
5706
5709
5709
5710
5713
5713
5714
5715
5717
5718
5718
5718
5720
5721
5722
5723
5723
5724
5724
5726
5726
5727
5727
5728
5729
5729
5730
5731
5731
5732
5736
5736
5736
5737
5738
5738
5739
5740
5741
5741
5742
5744
5745
5745
5746
5748
5749
5750
5751
5751
5755
5758
5758
5759
5761
5762
5763
5763
5764
5765
5766
5767
5770
5771
5773
5778
5779
5781
5782
5783
5784
5784
5788
5788
5788
5789
5793
5795
5795
5795
5797
5797
5797
5797
5798
5800
5801
5801
5802
5802
5804
5804
5806
5806
5806
5806
5808
5808
5810
5812
5813
5815
5817
5819
5819
5821
5821
5823
5826
5827
5827
5829
5830
5830
5830
5831
5831
5831
5832
5832
5833
5834
5835
5837
5837
5839
5839
5840
5840
5841
5843
5844
5845
5849
5850
5850
5850
5850
5852
5854
5854
5855
5855
5856
5857
5857
5858
5861
5861
5863
5865
5867
5867
5867
5868
5870
5870
5870
5873
5874
5874
5874
5874
5874
5876
5878
5878
5878
5879
5881
5882
5885
5885
5885
5887
5888
5888
5890
5890
5891
5892
5892
5892
5897
5898
5899
5900
5900
5902
5903
5905
5905
5907
5908
5909
5910
5911
5911
5913
5916
5917
5919
5919
5921
5922
5926
5929
5931
5931
5931
5932
5934
5934
5934
5935
5935
5938
5938
5939
5940
5940
5941
5942
5942
5942
5943
5943
5945
5947
5951
5951
5954
5956
5957
5960
5962
5964
5965
5966
5966
5967
5970
5971
5972
5973
5973
5974
5974
5976
5977
5977
5979
5981
5982
5983
5985
5986
5989
5990
5992
5994
5994
5994
5995
5995
5995
5996
5996
5997
5998
6000
6002
6002
6004
6007
6009
6009
6011
6011
6012
6012
6013
6014
6016
6016
6017
6018
6018
6019
6019
6019
6020
6021
6021
6024
6026
6026
6026
6027
6027
6028
6029
6030
6030
6031
6032
6034
6034
6036
6036
6038
6038
6038
6038
6039
6039
6041
6041
6042
6042
6043
6045
6045
6046
6047
6049
6050
6050
6051
6052
6053
6053
6054
6054
6054
6054
6056
6056
6057
6057
6058
6058
6059
6060
6060
6060
6060
6062
6063
6064
6065
6065
6065
6067
6067
6067
6068
6071
6072
6073
6073
6075
6075
6075
6076
6077
6078
6078
6080
6082
6083
6085
6086
6088
6088
6089
6090
6091
6091
6092
6093
6093
6095
6098
6099
6101
6104
6105
6105
6106
6112
6113
6115
6115
6117
6118
6119
6120
6121
6121
6121
6123
6124
6124
6125
6126
6127
6127
6128
6129
6129
6130
6130
6130
6134
6135
6136
6136
6136
6137
6137
6139
6139
6139
6140
6140
6141
6142
6143
6144
6144
6145
6147
6150
6151
6151
6153
6153
6153
6154
6154
6154
6155
6156
6156
6158
6159
6159
6160
6161
6166
6167
6168
6168
6169
6170
6171
6172
6173
6174
6174
6175
6176
6177
6178
6178
6179
6180
6180
6181
6182
6185
6185
6187
6187
6188
6191
6191
6192
6192
6193
6193
6197
6197
6197
6198
6199
6199
6199
6201
6201
6202
6202
6205
6205
6207
6208
6208
6209
6209
6210
6216
6216
6217
6219
6220
6222
6223
6223
6224
6224
6225
6225
6227
6232
6232
6235
6241
6243
6243
6245
6246
6246
6247
6250
6251
6252
6252
6253
6253
6254
6254
6255
6259
6260
6260
6261
6261
6261
6263
6263
6264
6264
6266
6267
6269
6269
6270
6271
6271
6271
6272
6272
6274
6275
6276
6276
6276
6277
6279
6280
6280
6281
6281
6281
6283
6284
6284
6284
6285
6286
6288
6289
6290
6290
6293
6294
6294
6296
6296
6299
6300
6300
6301
6302
6305
6305
6306
6306
6306
6308
6311
6312
6315
6315
6316
6317
6319
6319
6321
6322
6322
6323
6324
6324
6324
6324
6325
6325
6326
6326
6327
6327
6328
6328
6328
6330
6330
6330
6331
6332
6333
6333
6333
6334
6334
6335
6335
6337
6341
6343
6343
6344
6346
6347
6348
6348
6348
6349
6352
6352
6352
6354
6354
6355
6355
6356
6356
6357
6357
6358
6360
6361
6361
6361
6365
6366
6367
6368
6369
6372
6372
6374
6374
6375
6375
6375
6376
6376
6378
6382
6383
6384
6385
6385
6386
6386
6387
6388
6389
6389
6390
6390
6390
6392
6393
6393
6394
6394
6395
6396
6397
6397
6397
6397
6398
6399
6400
6401
6401
6402
6404
6405
6406
6407
6407
6408
6410
6411
6411
6412
6413
6414
6416
6420
6420
6421
6422
6423
6423
6424
6425
6425
6426
6427
6427
6429
6429
6430
6431
6431
6431
6434
6434
6437
6438
6439
6440
6440
6440
6442
6443
6444
6445
6446
6447
6448
6448
6450
6451
6452
6452
6456
6456
6457
6458
6459
6461
6461
6462
6462
6462
6463
6467
6467
6467
6468
6468
6468
6469
6469
6470
6472
6473
6473
6476
6476
6476
6478
6480
6481
6482
6483
6483
6486
6487
6487
6491
6493
6494
6495
6496
6497
6498
6499
6502
6502
6502
6503
6503
6503
6505
6507
6508
6508
6511
6511
6513
6514
6514
6515
6516
6517
6519
6519
6520
6520
6522
6522
6523
6525
6526
6526
6528
6529
6531
6532
6532
6532
6535
6536
6536
6537
6537
6539
6540
6541
6541
6542
6544
6548
6548
6548
6549
6550
6550
6550
6553
6553
6553
6555
6555
6555
6555
6556
6556
6556
6557
6560
6561
6562
6564
6564
6564
6565
6565
6565
6566
6567
6567
6569
6571
6572
6572
6572
6573
6574
6576
6576
6576
6577
6578
6579
6580
6581
6582
6583
6583
6584
6585
6586
6587
6587
6587
6588
6590
6590
6590
6592
6592
6592
6592
6594
6595
6596
6598
6599
6599
6600
6601
6602
6603
6604
6605
6607
6608
6609
6611
6612
6612
6613
6613
6614
6615
6615
6616
6617
6619
6620
6620
6621
6621
6623
6623
6623
6624
6626
6627
6628
6630
6631
6637
6637
6638
6638
6638
6639
6639
6639
6641
6641
6642
6643
6645
6645
6647
6647
6647
6648
6649
6651
6651
6651
6652
6654
6654
6655
6655
6657
6657
6659
6659
6660
6660
6660
6660
6662
6664
6664
6664
6666
6668
6669
6669
6669
6672
6672
6674
6674
6675
6675
6675
6676
6677
6677
6677
6678
6682
6682
6684
6686
6688
6689
6689
6690
6690
6691
6691
6692
6694
6696
6699
6699
6700
6702
6703
6708
6711
6711
6713
6714
6716
6716
6717
6719
6722
6724
6725
6726
6727
6729
6729
6730
6730
6731
6732
6732
6732
6733
6733
6734
6734
6734
6734
6735
6735
6735
6737
6738
6738
6739
6739
6740
6743
6745
6746
6748
6748
6749
6749
6749
6751
6756
6757
6760
6761
6762
6763
6764
6765
6765
6766
6766
6766
6766
6768
6768
6769
6769
6769
6770
6770
6770
6772
6772
6774
6775
6775
6776
6778
6779
6783
6783
6783
6784
6784
6786
6789
6789
6790
6792
6792
6793
6793
6793
6794
6794
6795
6800
6800
6801
6802
6804
6806
6806
6806
6807
6810
6811
6812
6813
6813
6817
6818
6818
6819
6823
6824
6825
6825
6826
6827
6828
6828
6828
6829
6830
6830
6831
6831
6832
6832
6832
6833
6835
6838
6838
6838
6839
6839
6840
6846
6847
6848
6850
6851
6854
6854
6855
6856
6856
6858
6859
6859
6859
6860
6861
6861
6863
6864
6864
6868
6868
6869
6869
6870
6871
6873
6874
6875
6875
6875
6875
6876
6876
6878
6878
6878
6879
6881
6882
6883
6885
6890
6890
6891
6891
6892
6892
6893
6894
6894
6895
6895
6896
6897
6898
6900
6901
6903
6903
6903
6904
6904
6904
6904
6905
6905
6905
6906
6907
6909
6910
6910
6912
6912
6912
6913
6913
6914
6916
6918
6918
6919
6921
6922
6922
6923
6924
6925
6925
6925
6926
6926
6927
6929
6929
6929
6929
6930
6933
6935
6936
6937
6939
6940
6940
6940
6942
6943
6944
6946
6946
6946
6948
6949
6950
6950
6951
6951
6951
6952
6954
6957
6957
6958
6959
6960
6960
6961
6961
6962
6963
6964
6968
6969
6971
6971
6974
6975
6976
6976
6978
6978
6978
6980
6980
6980
6982
6982
6983
6984
6984
6985
6985
6986
6987
6987
6988
6989
6990
6990
6991
6991
6992
6992
6993
6993
6994
6994
6995
6996
6997
6998
6998
6999
7000
7000
7001
7002
7002
7005
7007
7009
7010
7011
7014
7014
7014
7015
7015
7016
7016
7019
7019
7019
7022
7022
7025
7025
7025
7026
7027
7028
7029
7029
7029
7030
7032
7033
7034
7034
7034
7036
7036
7037
7038
7038
7039
7039
7042
7042
7042
7043
7043
7045
7045
7045
7045
7046
7048
7052
7053
7056
7056
7058
7059
7063
7064
7064
7065
7065
7066
7067
7068
7069
7070
7072
7074
7074
7075
7075
7077
7079
7080
7082
7082
7085
7085
7087
7090
7092
7093
7095
7095
7097
7097
7099
7100
7101
7102
7106
7107
7107
7108
7109
7110
7112
7113
7113
7113
7114
7114
7115
7115
7116
7118
7118
7118
7119
7120
7120
7120
7121
7121
7121
7121
7125
7126
7126
7127
7127
7128
7128
7128
7129
7131
7133
7133
7134
7135
7137
7137
7137
7137
7139
7139
7140
7140
7143
7143
7144
7144
7146
7148
7148
7149
7150
7150
7151
7154
7155
7158
7158
7158
7163
7163
7166
7166
7167
7167
7167
7169
7169
7169
7171
7174
7174
7175
7175
7175
7178
7178
7178
7179
7180
7180
7181
7181
7184
7184
7184
7186
7189
7189
7189
7190
7190
7193
7193
7194
7195
7197
7197
7197
7198
7199
7199
7201
7202
7202
7202
7202
7205
7205
7206
7207
7207
7208
7209
7209
7209
7211
7212
7216
7217
7217
7217
7218
7220
7221
7222
7224
7227
7227
7227
7227
7228
7229
7229
7229
7230
7231
7233
7234
7238
7239
7239
7241
7241
7242
7246
7247
7248
7249
7249
7249
7251
7254
7255
7255
7256
7256
7258
7258
7261
7261
7261
7266
7267
7269
7269
7269
7270
7272
7272
7274
7274
7275
7275
7275
7277
7278
7279
7279
7282
7282
7283
7288
7290
7292
7293
7293
7293
7294
7295
7296
7299
7301
7302
7302
7302
7305
7307
7310
7311
7312
7316
7318
7318
7318
7323
7323
7324
7325
7327
7328
7328
7330
7331
7333
7333
7335
7335
7336
7337
7337
7338
7338
7340
7342
7343
7343
7344
7344
7346
7347
7348
7349
7353
7353
7354
7355
7357
7358
7359
7360
7361
7361
7361
7361
7362
7362
7363
7364
7364
7365
7368
7368
7369
7371
7372
7374
7374
7374
7375
7376
7381
7381
7384
7384
7386
7386
7386
7386
7387
7388
7389
7389
7390
7392
7392
7393
7395
7397
7398
7399
7401
7403
7403
7404
7407
7407
7409
7410
7410
7410
7411
7412
7412
7412
7414
7414
7417
7418
7418
7419
7421
7422
7426
7428
7428
7431
7432
7432
7437
7439
7440
7443
7444
7444
7444
7444
7445
7446
7446
7448
7448
7448
7449
7450
7450
7453
7454
7454
7455
7458
7458
7459
7459
7465
7467
7468
7468
7468
7468
7469
7470
7471
7472
7473
7475
7475
7476
7478
7478
7481
7482
7482
7485
7485
7489
7489
7489
7490
7491
7492
7492
7494
7494
7496
7496
7497
7498
7498
7500
7500
7501
7502
7503
7504
7505
7506
7507
7508
7509
7509
7510
7511
7512
7513
7514
7514
7515
7515
7516
7520
7520
7525
7525
7526
7527
7527
7530
7531
7533
7533
7533
7534
7535
7535
7536
7537
7539
7540
7541
7543
7543
7544
7544
7545
7545
7545
7545
7545
7546
7548
7549
7549
7550
7551
7552
7552
7553
7554
7554
7555
7556
7557
7558
7558
7559
7560
7561
7561
7562
7563
7563
7564
7565
7565
7566
7567
7567
7568
7569
7569
7569
7570
7571
7572
7574
7576
7576
7576
7577
7579
7579
7579
7580
7580
7581
7583
7585
7585
7586
7587
7587
7587
7588
7588
7588
7589
7590
7590
7591
7591
7592
7592
7593
7594
7595
7595
7598
7599
7600
7600
7600
7600
7600
7602
7602
7603
7604
7604
7607
7608
7608
7608
7609
7609
7609
7611
7612
7614
7614
7616
7617
7621
7622
7622
7623
7623
7623
7624
7626
7627
7628
7629
7631
7631
7631
7633
7634
7635
7636
7636
7636
7636
7637
7638
7638
7638
7640
7642
7644
7644
7650
7650
7652
7652
7652
7652
7652
7654
7654
7654
7655
7656
7660
7660
7663
7663
7664
7666
7668
7669
7669
7669
7670
7670
7671
7673
7674
7675
7675
7675
7677
7678
7679
7679
7680
7683
7684
7686
7690
7691
7692
7693
7694
7694
7696
7696
7699
7704
7705
7705
7705
7707
7708
7710
7711
7711
7712
7713
7713
7713
7713
7713
7715
7715
7716
7717
7718
7719
7720
7722
7725
7726
7727
7727
7727
7728
7728
7730
7730
7731
7732
7732
7735
7735
7736
7739
7740
7740
7741
7741
7742
7743
7746
7746
7748
7751
7752
7752
7754
7754
7754
7754
7756
7757
7757
7757
7759
7760
7760
7761
7761
7762
7765
7766
7767
7769
7770
7770
7770
7774
7774
7777
7777
7780
7782
7782
7782
7783
7783
7784
7784
7785
7787
7787
7787
7788
7788
7789
7789
7790
7791
7791
7793
7793
7797
7798
7798
7799
7800
7801
7803
7804
7806
7807
7808
7808
7810
7810
7814
7815
7815
7816
7818
7819
7821
7821
7825
7826
7826
7826
7828
7828
7830
7831
7831
7832
7832
7832
7833
7835
7838
7839
7839
7839
7840
7840
7841
7843
7843
7844
7845
7845
7846
7847
7848
7848
7849
7850
7851
7851
7852
7854
7854
7854
7855
7855
7856
7859
7859
7860
7860
7860
7860
7861
7863
7865
7865
7867
7869
7870
7871
7872
7873
7873
7875
7875
7876
7878
7878
7880
7881
7882
7883
7883
7883
7884
7886
7891
7891
7891
7893
7893
7895
7895
7896
7897
7897
7899
7899
7902
7903
7904
7904
7906
7906
7907
7907
7908
7909
7910
7910
7910
7912
7913
7913
7913
7914
7915
7915
7915
7915
7917
7917
7919
7920
7921
7923
7925
7925
7926
7926
7926
7927
7927
7928
7929
7929
7931
7931
7932
7933
7937
7938
7939
7941
7942
7942
7942
7946
7947
7948
7948
7949
7949
7952
7957
7957
7958
7959
7963
7965
7967
7967
7968
7970
7970
7972
7973
7974
7975
7976
7976
7978
7978
7980
7981
7981
7982
7986
7988
7989
7990
7990
7995
7995
7995
7996
7996
7996
7998
7999
7999
8001
8003
8003
8005
8005
8006
8006
8010
8011
8011
8011
8011
8012
8013
8014
8015
8015
8016
8017
8019
8019
8019
8020
8020
8022
8022
8023
8025
8025
8026
8027
8027
8027
8029
8029
8032
8032
8034
8034
8037
8038
8041
8043
8044
8046
8046
8046
8046
8048
8049
8050
8051
8051
8052
8052
8054
8054
8055
8058
8058
8059
8059
8059
8060
8061
8064
8064
8066
8066
8067
8067
8068
8068
8069
8069
8069
8071
8071
8072
8073
8075
8076
8076
8078
8079
8079
8080
8083
8083
8087
8088
8088
8090
8091
8091
8092
8093
8094
8094
8095
8096
8099
8099
8100
8100
8101
8102
8102
8105
8105
8106
8106
8107
8107
8108
8108
8109
8111
8111
8112
8113
8113
8119
8119
8119
8123
8123
8124
8125
8125
8126
8126
8127
8128
8128
8128
8129
8129
8130
8130
8130
8131
8131
8133
8133
8134
8134
8134
8135
8137
8138
8139
8139
8139
8139
8140
8143
8143
8145
8145
8145
8146
8147
8147
8148
8148
8151
8151
8152
8152
8153
8153
8154
8154
8154
8155
8156
8156
8156
8157
8159
8160
8161
8161
8164
8166
8166
8168
8168
8169
8169
8170
8170
8171
8173
8178
8178
8179
8179
8179
8181
8183
8184
8184
8185
8185
8185
8185
8186
8187
8187
8187
8188
8190
8190
8190
8191
8191
8191
8191
8192
8195
8195
8196
8197
8197
8198
8198
8198
8199
8200
8202
8204
8206
8208
8209
8212
8212
8213
8213
8213
8216
8217
8219
8219
8220
8221
8222
8224
8227
8230
8231
8232
8232
8233
8235
8236
8237
8237
8238
8238
8238
8239
8240
8241
8241
8243
8243
8246
8247
8251
8251
8252
8253
8253
8254
8258
8258
8259
8260
8260
8262
8263
8265
8265
8269
8269
8270
8271
8273
8276
8277
8278
8278
8279
8279
8280
8281
8281
8281
8282
8283
8283
8284
8285
8285
8287
8287
8287
8288
8288
8288
8289
8289
8289
8290
8293
8294
8294
8295
8296
8298
8300
8300
8302
8303
8306
8306
8306
8307
8310
8311
8311
8312
8314
8314
8314
8315
8318
8320
8320
8320
8320
8321
8321
8321
8321
8321
8321
8322
8322
8323
8323
8324
8325
8328
8329
8332
8333
8334
8334
8335
8335
8335
8335
8335
8337
8337
8337
8337
8339
8339
8339
8341
8341
8343
8346
8346
8347
8347
8348
8350
8350
8351
8352
8356
8356
8357
8358
8360
8361
8361
8361
8362
8362
8362
8365
8366
8366
8366
8368
8368
8369
8369
8369
8370
8370
8371
8371
8372
8373
8374
8375
8376
8377
8377
8379
8380
8380
8380
8381
8383
8386
8388
8388
8389
8390
8393
8393
8393
8393
8395
8395
8396
8397
8398
8399
8400
8401
8402
8402
8404
8405
8405
8406
8406
8407
8410
8411
8411
8412
8414
8414
8415
8417
8418
8418
8421
8421
8421
8422
8423
8425
8425
8425
8429
8431
8432
8433
8434
8439
8439
8440
8440
8441
8444
8444
8444
8445
8448
8449
8450
8451
8452
8453
8453
8455
8457
8458
8459
8459
8460
8462
8462
8462
8465
8466
8466
8467
8468
8470
8470
8473
8474
8474
8476
8477
8478
8481
8483
8484
8485
8485
8487
8487
8488
8490
8490
8491
8491
8492
8493
8494
8494
8495
8496
8497
8498
8499
8500
8500
8500
8500
8501
8502
8503
8503
8506
8507
8508
8512
8513
8514
8514
8515
8516
8517
8518
8519
8520
8520
8520
8521
8521
8522
8522
8525
8526
8529
8533
8534
8535
8536
8537
8537
8538
8540
8540
8543
8545
8546
8547
8547
8547
8549
8549
8552
8555
8556
8557
8557
8561
8562
8565
8566
8568
8568
8571
8571
8572
8573
8575
8575
8575
8576
8578
8580
8580
8581
8582
8582
8583
8583
8585
8587
8588
8588
8589
8590
8590
8590
8591
8594
8597
8602
8603
8604
8605
8605
8605
8606
8608
8609
8610
8610
8611
8613
8614
8615
8617
8617
8617
8619
8620
8621
8622
8622
8625
8629
8630
8632
8636
8637
8637
8637
8638
8639
8639
8640
8642
8642
8642
8644
8644
8646
8648
8650
8650
8650
8652
8653
8653
8657
8665
8666
8667
8667
8668
8668
8669
8671
8672
8672
8673
8674
8674
8675
8677
8678
8679
8681
8681
8681
8681
8681
8681
8682
8682
8683
8684
8684
8685
8685
8685
8688
8690
8694
8694
8695
8697
8698
8698
8699
8700
8700
8701
8702
8702
8703
8704
8705
8705
8707
8707
8709
8709
8709
8709
8712
8713
8714
8714
8714
8716
8717
8718
8720
8720
8721
8721
8721
8722
8723
8723
8725
8725
8725
8725
8726
8728
8728
8732
8732
8734
8734
8737
8737
8738
8740
8740
8745
8745
8746
8746
8749
8750
8751
8752
8752
8753
8753
8753
8754
8756
8756
8758
8759
8760
8760
8761
8762
8762
8764
8765
8765
8768
8769
8769
8770
8773
8777
8778
8778
8778
8779
8781
8781
8781
8782
8783
8784
8786
8787
8790
8792
8796
8797
8797
8801
8804
8804
8805
8806
8807
8808
8809
8809
8811
8812
8813
8813
8814
8814
8815
8820
8820
8821
8821
8821
8823
8824
8825
8825
8826
8826
8828
8829
8830
8830
8831
8833
8834
8835
8836
8836
8836
8837
8838
8842
8845
8847
8847
8848
8851
8852
8852
8853
8853
8854
8854
8854
8854
8856
8856
8858
8859
8859
8860
8861
8863
8864
8868
8869
8869
8870
8870
8871
8873
8873
8875
8876
8877
8877
8881
8883
8884
8886
8887
8888
8889
8889
8891
8892
8893
8894
8894
8894
8895
8895
8896
8898
8899
8901
8901
8905
8908
8910
8910
8910
8911
8911
8911
8912
8912
8914
8915
8915
8917
8919
8919
8921
8922
8923
8923
8924
8924
8924
8925
8926
8926
8927
8927
8928
8929
8930
8930
8930
8931
8931
8931
8933
8934
8936
8937
8937
8938
8938
8938
8940
8941
8943
8946
8947
8949
8950
8950
8952
8955
8956
8956
8958
8959
8960
8961
8961
8963
8964
8965
8965
8966
8966
8967
8970
8971
8973
8973
8973
8974
8975
8975
8977
8977
8978
8978
8978
8978
8978
8979
8979
8980
8981
8982
8983
8983
8984
8987
8987
8988
8989
8989
8991
8991
8992
8996
8996
8997
8998
8998
9002
9004
9004
9005
9005
9005
9006
9006
9007
9008
9010
9010
9010
9014
9015
9015
9016
9017
9019
9021
9022
9023
9024
9025
9025
9026
9028
9028
9028
9029
9033
9035
9038
9040
9040
9040
9043
9043
9044
9045
9045
9046
9048
9048
9049
9049
9050
9051
9053
9054
9055
9058
9059
9060
9060
9060
9061
9061
9062
9062
9063
9064
9065
9066
9066
9066
9067
9067
9070
9071
9071
9071
9071
9073
9074
9076
9076
9076
9077
9079
9079
9080
9081
9082
9083
9084
9085
9085
9086
9086
9087
9087
9089
9089
9089
9090
9090
9091
9091
9091
9092
9092
9094
9094
9095
9096
9097
9098
9099
9099
9099
9101
9102
9103
9103
9104
9105
9106
9107
9107
9108
9111
9111
9112
9112
9113
9114
9115
9116
9116
9117
9117
9118
9118
9121
9121
9122
9123
9123
9125
9127
9128
9128
9130
9130
9131
9131
9133
9133
9134
9138
9141
9142
9142
9143
9143
9144
9144
9144
9145
9146
9147
9149
9150
9151
9151
9152
9153
9153
9155
9156
9157
9157
9157
9158
9159
9160
9162
9164
9164
9164
9164
9167
9168
9169
9169
9172
9172
9174
9174
9175
9176
9177
9177
9178
9178
9179
9180
9181
9181
9183
9183
9184
9185
9185
9186
9189
9192
9193
9193
9194
9195
9198
9198
9201
9202
9202
9202
9203
9203
9204
9204
9204
9205
9206
9207
9208
9208
9209
9210
9215
9215
9216
9216
9216
9216
9217
9219
9222
9223
9225
9225
9226
9226
9227
9228
9229
9230
9230
9231
9231
9238
9239
9240
9243
9243
9244
9244
9245
9246
9247
9249
9250
9251
9253
9253
9253
9255
9255
9256
9257
9258
9258
9259
9259
9260
9260
9261
9263
9263
9265
9269
9269
9269
9270
9271
9273
9274
9275
9276
9277
9277
9280
9283
9283
9284
9284
9285
9286
9288
9288
9289
9291
9292
9292
9293
9293
9294
9294
9295
9296
9296
9299
9300
9300
9300
9301
9302
9302
9302
9303
9308
9309
9309
9310
9310
9312
9312
9313
9315
9315
9315
9315
9316
9316
9317
9318
9318
9319
9320
9320
9320
9322
9322
9322
9324
9324
9332
9332
9333
9335
9337
9338
9340
9340
9341
9342
9342
9343
9345
9346
9346
9348
9349
9350
9350
9352
9354
9355
9357
9357
9358
9359
9359
9360
9360
9362
9364
9364
9364
9367
9367
9367
9368
9368
9369
9370
9370
9371
9371
9372
9372
9373
9376
9376
9377
9378
9379
9381
9381
9382
9382
9383
9383
9384
9384
9385
9385
9387
9388
9388
9389
9390
9390
9391
9391
9391
9394
9394
9395
9396
9397
9399
9400
9400
9400
9404
9404
9405
9406
9407
9407
9408
9409
9409
9410
9410
9410
9411
9411
9413
9413
9414
9415
9415
9415
9416
9416
9418
9419
9419
9422
9422
9422
9426
9426
9428
9430
9430
9432
9432
9432
9432
9433
9433
9433
9434
9437
9438
9438
9439
9439
9439
9439
9440
9440
9443
9444
9444
9445
9447
9448
9449
9449
9451
9451
9454
9455
9456
9458
9458
9459
9460
9462
9464
9466
9469
9470
9472
9473
9474
9476
9476
9477
9478
9479
9480
9480
9483
9487
9488
9488
9492
9493
9494
9494
9498
9501
9501
9502
9505
9506
9506
9509
9509
9510
9510
9511
9511
9511
9511
9512
9513
9514
9519
9519
9520
9521
9522
9523
9525
9526
9527
9528
9531
9533
9533
9534
9534
9535
9537
9539
9540
9540
9542
9543
9543
9543
9544
9544
9544
9545
9545
9547
9548
9549
9551
9555
9556
9560
9561
9561
9561
9561
9562
9562
9563
9563
9563
9565
9566
9568
9568
9569
9569
9572
9572
9573
9578
9579
9579
9579
9580
9580
9581
9582
9582
9583
9584
9584
9584
9585
9585
9587
9588
9589
9590
9591
9591
9592
9593
9594
9594
9597
9602
9608
9609
9609
9609
9610
9611
9612
9614
9614
9614
9615
9615
9615
9617
9617
9618
9621
9622
9623
9624
9624
9624
9625
9625
9626
9626
9626
9627
9627
9628
9630
9630
9631
9632
9633
9633
9633
9634
9634
9635
9635
9636
9637
9640
9640
9640
9641
9642
9643
9643
9646
9646
9647
9648
9649
9649
9649
9650
9651
9654
9654
9654
9656
9657
9659
9660
9660
9662
9663
9663
9665
9665
9667
9668
9669
9671
9671
9672
9672
9677
9680
9681
9682
9683
9683
9683
9683
9684
9685
9688
9688
9690
9690
9691
9691
9692
9692
9695
9696
9696
9696
9699
9699
9700
9700
9700
9701
9701
9702
9703
9706
9706
9707
9707
9708
9708
9709
9709
9710
9711
9714
9715
9715
9717
9717
9718
9718
9720
9720
9721
9722
9724
9725
9725
9726
9727
9728
9729
9729
9730
9731
9732
9734
9734
9736
9736
9738
9739
9741
9742
9742
9743
9743
9743
9744
9745
9746
9746
9747
9747
9750
9752
9753
9753
9755
9757
9759
9759
9765
9765
9765
9768
9772
9772
9773
9773
9776
9776
9776
9777
9777
9778
9780
9781
9782
9783
9785
9786
9788
9789
9789
9789
9789
9790
9791
9791
9792
9792
9793
9794
9795
9795
9795
9797
9797
9798
9798
9799
9801
9802
9803
9805
9805
9806
9806
9807
9807
9809
9809
9810
9814
9820
9820
9821
9822
9822
9824
9826
9827
9827
9829
9830
9830
9830
9832
9832
9832
9834
9834
9835
9836
9836
9837
9837
9837
9839
9840
9840
9843
9843
9845
9846
9846
9846
9848
9849
9850
9850
9852
9852
9852
9853
9853
9853
9854
9857
9858
9859
9859
9861
9865
9866
9866
9867
9867
9867
9868
9869
9869
9871
9871
9872
9873
9873
9879
9884
9884
9885
9885
9887
9888
9889
9890
9891
9891
9892
9894
9896
9899
9899
9900
9901
9901
9902
9902
9904
9904
9905
9905
9906
9906
9907
9910
9911
9914
9915
9917
9917
9918
9918
9919
9920
9921
9923
9923
9925
9925
9925
9926
9926
9926
9926
9927
9927
9927
9932
9932
9933
9935
9935
9936
9938
9938
9938
9938
9939
9939
9940
9940
9941
9943
9943
9944
9944
9945
9946
9947
9948
9949
9949
9949
9951
9951
9951
9953
9953
9953
9954
9955
9955
9957
9960
9960
9965
9965
9965
9967
9969
9969
9971
9974
9975
9976
9976
9978
9979
9980
9980
9981
9982
9983
9983
9983
9983
9985
9985
9986
9987
9987
9988
9989
9989
9990
9991
9991
9992
9994
9995
9995
9996
9997
9997
9998
