1
2
2
3
3
7
7
7
7
7
8
10
10
11
14
17
18
20
23
23
27
30
30
30
31
31
31
32
33
33
33
36
37
39
39
40
41
41
42
42
42
45
45
46
50
50
50
52
53
53
53
54
54
57
57
58
62
62
63
65
65
65
66
67
67
69
70
73
74
74
74
74
75
80
80
80
83
84
85
85
85
86
86
88
91
91
91
92
93
94
95
95
98
102
102
103
103
103
104
106
107
110
111
111
111
112
114
115
116
117
117
122
125
125
127
129
133
133
134
134
136
136
137
138
138
138
139
140
142
143
144
146
148
148
148
149
150
150
150
150
151
151
151
151
151
152
153
155
156
158
159
159
159
160
160
160
161
161
161
163
164
164
165
166
167
168
168
170
170
171
173
173
176
176
176
177
178
179
180
181
182
184
185
188
189
190
192
192
193
194
194
194
195
197
200
200
202
203
203
203
206
210
211
212
212
214
214
214
214
215
216
218
219
223
223
223
224
226
226
227
228
230
232
232
233
236
236
237
238
239
240
242
243
244
244
245
245
246
246
248
248
248
251
253
253
255
255
255
258
259
261
261
262
262
263
263
264
264
267
267
267
268
268
269
272
273
273
274
274
275
276
277
280
283
284
285
286
286
286
287
288
288
290
293
293
293
295
296
296
297
297
298
302
304
304
305
305
305
309
309
310
312
312
312
313
314
314
315
315
316
317
317
322
322
323
323
324
324
326
326
327
329
329
332
332
333
334
335
336
337
338
339
339
340
341
342
342
342
343
344
345
345
347
347
348
349
350
351
353
354
354
355
355
357
360
360
361
362
363
364
365
366
367
368
370
370
371
372
372
373
374
375
375
376
377
378
378
378
380
380
380
381
382
384
384
384
384
386
387
387
388
388
389
389
390
392
393
393
394
396
396
397
397
399
399
399
403
404
405
406
407
407
408
408
410
410
411
411
413
414
418
419
421
422
422
423
423
424
425
425
428
429
430
431
432
432
432
433
433
436
437
437
437
438
439
439
441
442
442
442
444
446
446
447
448
448
449
450
451
452
454
459
461
461
464
466
466
468
468
471
471
472
472
472
473
476
476
477
478
480
481
481
482
484
484
484
485
486
487
489
489
492
492
493
493
493
494
495
496
497
497
498
499
500
500
500
501
501
503
505
506
507
507
513
514
514
514
514
515
518
519
519
521
522
522
523
525
526
526
526
527
527
530
530
531
533
533
533
535
536
536
537
539
540
542
543
545
546
547
547
547
549
550
555
555
555
556
557
558
561
562
563
565
567
568
569
571
571
572
572
572
573
575
576
576
576
585
585
585
586
586
586
587
587
588
590
591
591
592
593
594
595
596
599
600
600
602
603
604
604
604
604
606
607
607
609
609
611
613
613
614
614
617
619
620
621
625
626
626
626
627
628
629
629
630
631
631
632
634
634
635
636
637
637
638
638
639
640
643
644
644
648
648
649
649
650
651
652
652
653
657
659
659
660
660
661
663
664
665
665
666
666
667
667
668
668
670
673
673
674
677
677
679
679
681
682
683
684
685
686
687
687
687
689
689
689
690
690
692
692
692
693
694
695
696
696
698
700
700
703
704
706
707
708
709
710
712
713
715
717
717
717
718
719
719
720
722
723
723
724
725
726
728
728
728
728
728
729
730
730
731
732
732
733
736
736
737
738
739
739
739
739
740
740
741
743
743
743
745
745
747
749
750
750
751
752
752
752
753
753
754
756
758
758
758
760
761
761
761
763
764
764
765
766
767
767
769
771
773
774
774
776
776
776
776
776
779
779
781
782
783
785
785
785
786
786
788
788
789
791
793
794
796
796
796
797
798
799
799
800
801
801
802
804
805
806
806
808
809
810
811
812
813
813
813
818
819
819
819
823
824
830
830
831
832
832
832
834
835
835
836
837
838
839
839
841
844
848
849
850
851
852
852
853
855
855
857
857
860
860
861
862
864
865
865
865
865
865
865
867
869
869
871
872
873
874
874
878
879
879
879
880
880
883
884
884
884
884
885
886
886
886
887
887
888
888
889
890
890
891
891
891
893
893
895
897
897
898
900
901
903
904
904
905
906
909
910
911
911
912
914
915
916
916
917
917
919
920
920
921
921
922
923
925
927
927
929
931
932
932
934
934
935
936
937
938
938
939
939
939
939
939
940
941
942
942
943
944
945
945
947
947
949
952
952
952
954
954
956
958
959
959
960
960
960
960
961
962
962
962
964
967
968
969
971
971
972
973
974
974
976
978
978
980
981
983
984
984
987
988
988
988
989
990
991
992
995
995
996
998
999
1000
1002
1002
1004
1008
1009
1009
1010
1010
1010
1013
1013
1015
1017
1017
1018
1019
1023
1024
1027
1027
1029
1029
1030
1031
1031
1033
1034
1036
1036
1036
1037
1037
1038
1038
1039
1040
1044
1044
1045
1046
1046
1047
1049
1049
1050
1051
1052
1052
1053
1053
1054
1054
1055
1055
1055
1055
1056
1056
1058
1060
1061
1061
1061
1062
1063
1064
1068
1069
1069
1069
1072
1072
1073
1074
1074
1074
1075
1075
1075
1077
1078
1078
1079
1079
1080
1081
1084
1085
1086
1089
1089
1089
1090
1091
1094
1096
1096
1096
1096
1097
1098
1098
1101
1103
1103
1103
1103
1106
1106
1107
1107
1110
1110
1113
1115
1115
1120
1120
1121
1123
1125
1126
1127
1130
1132
1133
1134
1135
1135
1136
1137
1137
1137
1138
1139
1139
1139
1142
1145
1145
1147
1149
1149
1150
1151
1151
1152
1153
1155
1156
1156
1156
1157
1157
1157
1161
1161
1163
1163
1165
1165
1167
1168
1170
1173
1174
1175
1177
1178
1179
1180
1180
1180
1181
1182
1182
1185
1185
1188
1188
1188
1191
1191
1194
1194
1194
1194
1195
1196
1196
1197
1198
1199
1200
1201
1202
1202
1202
1204
1204
1206
1207
1207
1208
1210
1211
1211
1212
1213
1215
1215
1216
1217
1218
1219
1219
1220
1221
1221
1221
1222
1224
1224
1225
1225
1226
1226
1226
1227
1227
1228
1229
1229
1230
1231
1232
1235
1237
1238
1238
1239
1240
1240
1241
1242
1242
1244
1244
1245
1247
1247
1248
1253
1253
1253
1256
1257
1257
1258
1258
1260
1262
1265
1266
1269
1270
1270
1270
1270
1271
1271
1272
1273
1273
1274
1274
1275
1276
1278
1278
1281
1281
1282
1282
1283
1283
1285
1286
1286
1287
1288
1288
1289
1292
1294
1294
1295
1296
1296
1299
1299
1301
1302
1304
1308
1308
1312
1312
1312
1313
1315
1315
1315
1316
1316
1317
1319
1320
1320
1321
1321
1323
1324
1329
1329
1336
1337
1342
1342
1343
1343
1344
1345
1346
1348
1348
1349
1349
1349
1352
1352
1352
1356
1356
1357
1358
1361
1361
1361
1362
1366
1367
1368
1368
1370
1371
1371
1371
1372
1373
1376
1377
1378
1378
1378
1378
1379
1379
1380
1382
1382
1382
1383
1386
1387
1388
1389
1391
1391
1393
1394
1395
1396
1396
1397
1397
1397
1399
1399
1400
1400
1401
1402
1402
1403
1403
1404
1406
1406
1406
1407
1407
1408
1410
1411
1411
1411
1411
1413
1414
1415
1415
1416
1416
1417
1418
1419
1421
1421
1423
1423
1424
1424
1427
1427
1428
1430
1430
1430
1431
1436
1439
1441
1443
1445
1446
1446
1447
1447
1448
1448
1449
1450
1450
1451
1451
1452
1452
1454
1454
1455
1456
1456
1456
1456
1458
1458
1459
1460
1462
1462
1462
1463
1464
1464
1464
1465
1465
1467
1467
1467
1468
1469
1469
1472
1476
1476
1476
1479
1479
1481
1483
1483
1483
1484
1485
1488
1488
1488
1488
1489
1489
1493
1494
1496
1496
1497
1497
1497
1498
1499
1501
1503
1503
1505
1505
1507
1508
1510
1512
1512
1512
1514
1515
1515
1516
1516
1517
1518
1519
1521
1521
1527
1527
1527
1529
1529
1530
1530
1530
1531
1531
1532
1532
1533
1533
1533
1534
1537
1539
1541
1542
1543
1547
1548
1551
1552
1553
1553
1553
1554
1554
1555
1558
1558
1559
1560
1560
1562
1562
1562
1564
1567
1569
1571
1573
1574
1575
1575
1576
1578
1580
1581
1583
1584
1584
1584
1586
1586
1587
1588
1588
1588
1589
1589
1590
1591
1591
1592
1593
1593
1593
1593
1595
1597
1598
1601
1602
1602
1604
1604
1605
1606
1608
1609
1610
1611
1612
1617
1617
1618
1619
1619
1620
1621
1623
1627
1628
1628
1628
1629
1631
1631
1632
1632
1634
1634
1635
1635
1635
1635
1638
1639
1640
1645
1645
1645
1646
1648
1650
1652
1653
1654
1654
1654
1655
1655
1655
1655
1656
1657
1657
1657
1658
1659
1659
1660
1660
1660
1661
1661
1662
1662
1663
1664
1664
1666
1666
1667
1669
1669
1671
1671
1671
1673
1673
1675
1676
1676
1677
1677
1678
1678
1680
1683
1683
1686
1686
1686
1688
1688
1689
1690
1690
1691
1691
1693
1695
1696
1697
1698
1699
1700
1702
1702
1703
1703
1703
1704
1705
1705
1706
1706
1706
1710
1710
1712
1713
1713
1716
1716
1717
1720
1721
1721
1723
1725
1725
1725
1727
1727
1728
1728
1728
1729
1730
1732
1733
1734
1735
1736
1738
1738
1738
1738
1738
1741
1741
1741
1743
1744
1744
1746
1747
1747
1748
1748
1749
1750
1750
1750
1751
1751
1752
1753
1753
1753
1754
1759
1760
1760
1763
1764
1765
1766
1767
1767
1768
1769
1769
1769
1770
1773
1774
1774
1774
1774
1777
1777
1779
1780
1781
1783
1784
1785
1786
1786
1787
1787
1788
1789
1789
1791
1791
1791
1791
1792
1793
1794
1794
1794
1799
1801
1803
1804
1806
1806
1806
1808
1813
1814
1815
1818
1820
1820
1821
1821
1822
1823
1824
1825
1825
1825
1826
1828
1830
1830
1832
1833
1833
1837
1838
1839
1841
1844
1844
1844
1845
1846
1847
1847
1849
1850
1851
1852
1852
1853
1854
1855
1858
1859
1859
1860
1861
1861
1862
1862
1863
1863
1864
1865
1865
1866
1867
1867
1870
1873
1873
1877
1878
1878
1879
1879
1879
1880
1880
1880
1881
1883
1883
1883
1885
1885
1886
1888
1888
1889
1890
1890
1892
1893
1893
1895
1895
1896
1899
1900
1901
1902
1902
1904
1904
1904
1904
1904
1905
1905
1907
1907
1908
1909
1910
1910
1910
1911
1912
1912
1913
1915
1915
1916
1917
1917
1917
1917
1918
1918
1918
1918
1919
1920
1920
1921
1921
1922
1923
1925
1926
1927
1927
1928
1928
1929
1930
1930
1931
1933
1934
1935
1935
1936
1937
1938
1939
1940
1941
1942
1945
1946
1949
1950
1950
1952
1954
1955
1956
1958
1959
1960
1964
1964
1966
1966
1968
1970
1970
1971
1973
1975
1977
1978
1978
1980
1981
1983
1987
1987
1989
1994
1995
1995
1996
1998
1998
1998
1999
2000
2001
2002
2005
2005
2006
2006
2006
2007
2007
2010
2013
2014
2014
2015
2016
2018
2019
2019
2020
2021
2022
2022
2023
2023
2023
2023
2023
2024
2025
2028
2030
2030
2034
2035
2036
2038
2038
2039
2039
2040
2041
2042
2042
2042
2042
2043
2044
2044
2044
2044
2047
2048
2048
2049
2050
2051
2052
2053
2055
2057
2057
2057
2058
2059
2060
2061
2061
2062
2063
2066
2069
2071
2071
2073
2074
2075
2075
2079
2080
2081
2082
2083
2083
2088
2088
2089
2089
2090
2090
2090
2091
2091
2094
2096
2097
2097
2098
2100
2104
2109
2110
2110
2113
2114
2115
2116
2117
2117
2118
2118
2120
2120
2121
2123
2126
2128
2129
2130
2130
2131
2132
2134
2136
2137
2138
2138
2139
2140
2140
2140
2141
2142
2142
2143
2143
2145
2146
2150
2151
2151
2151
2154
2154
2155
2156
2156
2156
2160
2160
2162
2162
2163
2164
2167
2168
2170
2170
2170
2172
2173
2173
2174
2174
2175
2175
2175
2176
2176
2177
2177
2178
2179
2179
2182
2184
2184
2184
2185
2185
2186
2187
2188
2188
2188
2189
2190
2192
2193
2195
2195
2195
2196
2196
2198
2200
2203
2208
2208
2209
2210
2212
2213
2213
2214
2215
2215
2218
2219
2220
2221
2222
2226
2226
2228
2228
2229
2230
2231
2231
2235
2235
2236
2237
2238
2241
2241
2242
2243
2243
2244
2244
2245
2245
2245
2245
2246
2246
2248
2248
2249
2251
2254
2255
2258
2259
2260
2262
2263
2265
2266
2268
2268
2268
2269
2269
2271
2272
2273
2273
2274
2275
2276
2278
2279
2279
2281
2286
2286
2291
2291
2291
2291
2291
2292
2293
2293
2294
2294
2300
2300
2300
2300
2301
2301
2306
2306
2307
2308
2309
2311
2312
2312
2314
2315
2316
2319
2320
2322
2322
2324
2325
2328
2329
2329
2329
2331
2335
2336
2338
2338
2338
2338
2339
2341
2343
2343
2344
2345
2346
2346
2348
2348
2350
2351
2351
2355
2357
2360
2361
2363
2364
2364
2365
2365
2365
2366
2366
2367
2367
2369
2370
2371
2373
2376
2377
2377
2378
2379
2379
2381
2382
2383
2383
2383
2384
2386
2388
2390
2391
2391
2392
2392
2392
2392
2393
2394
2395
2396
2400
2402
2403
2403
2404
2405
2405
2407
2407
2409
2409
2410
2414
2414
2414
2414
2415
2416
2418
2419
2420
2422
2422
2424
2425
2425
2425
2428
2429
2430
2430
2431
2432
2432
2432
2433
2434
2438
2439
2439
2440
2442
2446
2446
2447
2448
2448
2449
2449
2450
2454
2457
2457
2460
2460
2461
2462
2462
2463
2463
2464
2465
2467
2467
2467
2467
2469
2470
2471
2471
2472
2474
2474
2476
2477
2477
2479
2479
2481
2482
2484
2485
2486
2486
2487
2487
2491
2492
2493
2494
2496
2498
2498
2502
2503
2506
2507
2509
2509
2509
2509
2509
2510
2511
2511
2515
2515
2517
2518
2519
2519
2520
2520
2522
2522
2523
2524
2524
2525
2527
2528
2530
2532
2533
2534
2535
2535
2535
2536
2537
2538
2538
2538
2539
2539
2540
2542
2544
2545
2546
2548
2548
2548
2549
2549
2550
2551
2553
2555
2555
2555
2561
2563
2564
2564
2565
2566
2566
2567
2571
2571
2571
2575
2575
2576
2577
2579
2580
2582
2582
2582
2584
2584
2584
2586
2586
2586
2590
2595
2597
2598
2599
2599
2599
2599
2600
2603
2604
2604
2605
2605
2606
2606
2607
2609
2610
2613
2613
2614
2614
2617
2617
2618
2619
2625
2627
2627
2628
2628
2631
2632
2632
2633
2634
2635
2639
2642
2646
2646
2647
2649
2650
2651
2654
2654
2654
2655
2656
2658
2658
2660
2660
2660
2664
2665
2668
2669
2670
2670
2670
2670
2670
2670
2671
2673
2673
2675
2676
2678
2678
2679
2680
2680
2680
2681
2682
2683
2684
2688
2689
2689
2691
2692
2692
2693
2695
2697
2698
2699
2701
2701
2702
2703
2704
2704
2705
2707
2708
2708
2710
2711
2712
2712
2716
2716
2716
2717
2717
2718
2719
2719
2719
2719
2719
2719
2720
2720
2721
2721
2725
2725
2726
2727
2728
2731
2731
2732
2732
2733
2733
2735
2738
2738
2739
2739
2740
2741
2741
2741
2741
2743
2744
2745
2745
2747
2747
2747
2748
2749
2749
2750
2752
2752
2753
2755
2755
2756
2756
2757
2757
2758
2759
2759
2760
2762
2763
2764
2765
2766
2766
2768
2768
2768
2770
2772
2774
2776
2777
2778
2778
2779
2779
2780
2781
2781
2783
2783
2786
2786
2788
2792
2794
2794
2798
2798
2798
2799
2801
2803
2803
2805
2808
2808
2809
2811
2811
2812
2812
2812
2812
2812
2814
2815
2818
2823
2824
2825
2827
2828
2833
2833
2835
2836
2838
2839
2840
2840
2841
2842
2842
2843
2844
2847
2848
2850
2851
2852
2852
2853
2853
2855
2856
2857
2857
2858
2858
2859
2860
2861
2862
2864
2864
2866
2866
2867
2867
2868
2868
2869
2869
2870
2872
2872
2875
2877
2878
2878
2878
2878
2879
2880
2881
2882
2883
2883
2883
2884
2885
2886
2887
2887
2887
2887
2889
2891
2892
2892
2892
2892
2893
2896
2896
2896
2896
2900
2902
2902
2904
2904
2907
2907
2908
2908
2909
2910
2911
2911
2916
2918
2918
2919
2920
2921
2921
2921
2922
2922
2922
2923
2924
2924
2928
2928
2929
2930
2932
2934
2936
2938
2943
2943
2943
2944
2947
2947
2948
2949
2951
2951
2951
2951
2952
2953
2953
2955
2955
2955
2956
2957
2957
2957
2957
2957
2959
2959
2960
2961
2963
2964
2964
2964
2967
2968
2968
2969
2969
2969
2971
2976
2977
2977
2978
2982
2982
2983
2984
2984
2985
2985
2985
2985
2988
2988
2988
2989
2990
2992
2993
2994
2994
2995
2996
2996
3003
3003
3004
3007
3008
3009
3009
3009
3010
3010
3014
3014
3015
3016
3018
3022
3024
3027
3028
3028
3028
3029
3029
3030
3034
3034
3034
3034
3034
3034
3035
3035
3036
3036
3037
3041
3043
3045
3046
3046
3048
3051
3051
3052
3052
3054
3054
3055
3055
3056
3057
3058
3059
3059
3059
3060
3060
3062
3064
3065
3066
3067
3069
3069
3069
3070
3070
3070
3071
3071
3071
3072
3074
3076
3077
3077
3078
3080
3080
3082
3084
3085
3086
3086
3088
3090
3091
3091
3091
3092
3093
3093
3094
3096
3096
3097
3098
3098
3098
3099
3101
3101
3102
3104
3105
3107
3108
3109
3110
3111
3112
3113
3114
3115
3115
3116
3117
3118
3118
3119
3121
3121
3121
3124
3124
3125
3125
3125
3126
3128
3130
3131
3133
3133
3134
3136
3136
3136
3137
3137
3138
3138
3139
3140
3142
3142
3143
3144
3144
3145
3145
3147
3148
3149
3149
3150
3151
3151
3152
3152
3153
3153
3155
3155
3156
3158
3158
3159
3159
3160
3161
3162
3162
3162
3164
3164
3164
3166
3168
3168
3170
3173
3173
3175
3176
3177
3179
3180
3181
3182
3182
3182
3185
3185
3185
3188
3188
3189
3190
3190
3192
3195
3195
3196
3196
3202
3202
3204
3205
3206
3206
3209
3211
3212
3213
3213
3214
3214
3214
3217
3217
3217
3218
3218
3220
3220
3220
3221
3222
3222
3223
3223
3224
3225
3226
3226
3226
3226
3227
3227
3228
3229
3229
3231
3232
3233
3234
3234
3236
3236
3236
3238
3238
3238
3241
3242
3244
3244
3245
3245
3246
3248
3248
3253
3255
3255
3256
3257
3260
3261
3262
3264
3264
3265
3267
3268
3270
3271
3272
3273
3274
3274
3275
3278
3278
3281
3281
3281
3283
3283
3283
3283
3285
3286
3286
3287
3288
3288
3288
3289
3291
3292
3293
3293
3294
3294
3295
3295
3299
3300
3300
3303
3304
3306
3306
3309
3309
3310
3310
3315
3316
3316
3316
3316
3316
3317
3317
3317
3320
3321
3321
3321
3324
3324
3324
3325
3326
3327
3330
3332
3333
3333
3334
3334
3335
3335
3341
3341
3348
3348
3348
3349
3350
3351
3351
3351
3351
3352
3352
3352
3352
3354
3354
3355
3355
3356
3357
3357
3357
3357
3358
3358
3361
3361
3361
3365
3365
3367
3368
3370
3370
3372
3372
3375
3378
3378
3379
3380
3383
3384
3387
3389
3390
3391
3391
3393
3393
3393
3394
3396
3396
3397
3398
3398
3399
3400
3400
3401
3404
3405
3405
3406
3408
3409
3410
3410
3411
3412
3412
3412
3413
3414
3415
3418
3419
3420
3422
3425
3426
3426
3427
3428
3429
3430
3431
3431
3433
3433
3435
3437
3437
3438
3440
3440
3443
3444
3444
3444
3445
3445
3448
3448
3449
3449
3450
3451
3451
3452
3452
3453
3454
3457
3457
3458
3459
3461
3463
3463
3464
3464
3465
3466
3467
3468
3469
3469
3469
3469
3470
3470
3472
3472
3472
3473
3473
3475
3476
3479
3481
3484
3485
3485
3485
3486
3486
3487
3487
3489
3489
3489
3489
3489
3489
3491
3493
3493
3494
3495
3498
3501
3501
3502
3502
3502
3502
3503
3505
3506
3507
3509
3509
3510
3511
3511
3511
3512
3513
3513
3513
3514
3514
3515
3515
3517
3519
3522
3525
3526
3526
3526
3527
3527
3528
3530
3531
3531
3531
3532
3532
3533
3536
3536
3537
3538
3539
3540
3541
3541
3541
3541
3541
3545
3545
3545
3546
3546
3547
3547
3548
3548
3550
3551
3552
3553
3553
3555
3556
3556
3558
3558
3559
3560
3561
3561
3561
3561
3563
3564
3565
3567
3567
3568
3569
3570
3571
3573
3573
3575
3575
3575
3576
3576
3577
3577
3577
3579
3581
3581
3583
3585
3585
3586
3586
3586
3587
3589
3590
3591
3591
3592
3592
3593
3595
3596
3596
3596
3599
3600
3601
3601
3602
3602
3604
3604
3607
3607
3610
3610
3610
3611
3611
3611
3614
3614
3615
3616
3616
3617
3620
3623
3623
3625
3629
3633
3634
3635
3636
3638
3639
3639
3639
3640
3641
3643
3645
3645
3645
3646
3647
3649
3650
3651
3651
3651
3651
3654
3655
3656
3658
3658
3659
3660
3661
3662
3662
3663
3664
3664
3665
3665
3666
3668
3668
3668
3668
3669
3670
3671
3673
3674
3674
3675
3676
3677
3678
3680
3681
3681
3682
3682
3682
3682
3685
3686
3688
3688
3688
3689
3689
3689
3689
3691
3691
3691
3691
3694
3695
3696
3697
3698
3699
3700
3700
3702
3702
3704
3705
3706
3707
3707
3708
3708
3710
3711
3711
3713
3714
3715
3718
3719
3720
3720
3723
3724
3724
3724
3726
3727
3727
3728
3728
3730
3731
3732
3734
3735
3735
3735
3736
3736
3736
3737
3738
3739
3739
3739
3741
3742
3743
3745
3746
3748
3749
3749
3749
3751
3751
3751
3752
3753
3754
3755
3758
3759
3760
3761
3761
3763
3763
3764
3765
3766
3766
3766
3767
3768
3770
3771
3772
3772
3773
3773
3773
3775
3775
3775
3778
3778
3779
3780
3780
3781
3781
3781
3781
3781
3782
3787
3788
3788
3789
3790
3793
3795
3796
3796
3801
3802
3803
3803
3803
3803
3804
3806
3806
3808
3809
3809
3810
3810
3812
3814
3814
3815
3815
3815
3817
3817
3821
3821
3822
3822
3822
3827
3828
3829
3831
3833
3833
3834
3835
3836
3836
3837
3837
3839
3839
3839
3839
3841
3842
3843
3847
3848
3848
3852
3853
3855
3856
3856
3857
3858
3860
3860
3861
3862
3862
3862
3864
3865
3866
3867
3870
3870
3871
3871
3873
3874
3874
3876
3877
3880
3881
3885
3886
3886
3886
3887
3890
3890
3891
3895
3896
3897
3898
3901
3902
3903
3904
3909
3909
3912
3915
3917
3918
3920
3920
3923
3925
3926
3926
3927
3928
3931
3933
3934
3934
3935
3936
3936
3937
3939
3941
3943
3943
3944
3947
3947
3948
3948
3950
3951
3951
3952
3954
3956
3958
3959
3959
3961
3961
3963
3963
3966
3967
3969
3971
3971
3971
3971
3972
3973
3978
3978
3978
3979
3979
3979
3979
3979
3980
3982
3983
3984
3984
3985
3986
3987
3989
3990
3990
3991
3991
3991
3992
3994
3994
3994
3995
3995
3995
3996
3997
3998
4002
4003
4003
4005
4005
4006
4007
4009
4011
4011
4011
4012
4014
4014
4015
4015
4017
4018
4018
4019
4020
4020
4021
4023
4023
4025
4025
4026
4027
4027
4028
4029
4032
4033
4034
4034
4035
4035
4038
4039
4039
4040
4043
4043
4044
4044
4044
4046
4046
4046
4047
4047
4048
4048
4049
4049
4049
4052
4054
4054
4054
4054
4057
4057
4058
4058
4059
4060
4061
4063
4063
4064
4064
4064
4064
4065
4066
4066
4067
4067
4067
4068
4069
4069
4069
4070
4071
4073
4073
4073
4074
4074
4075
4076
4077
4077
4078
4081
4081
4084
4085
4085
4085
4088
4090
4090
4093
4093
4093
4094
4096
4097
4099
4099
4101
4102
4103
4103
4103
4104
4104
4105
4110
4111
4113
4117
4117
4118
4119
4119
4121
4121
4123
4123
4124
4125
4125
4126
4126
4127
4128
4129
4132
4134
4135
4135
4136
4136
4136
4136
4138
4138
4138
4140
4141
4141
4141
4141
4142
4143
4144
4145
4145
4145
4145
4148
4149
4149
4156
4156
4159
4159
4160
4161
4161
4162
4163
4164
4168
4168
4170
4172
4173
4175
4177
4178
4178
4179
4180
4180
4181
4183
4184
4185
4188
4189
4191
4191
4192
4192
4193
4194
4194
4195
4195
4195
4198
4198
4198
4199
4200
4200
4202
4202
4202
4203
4205
4206
4206
4207
4208
4209
4210
4211
4211
4213
4213
4214
4214
4216
4216
4219
4220
4224
4225
4226
4227
4228
4228
4229
4229
4229
4229
4230
4230
4232
4234
4238
4238
4238
4240
4241
4241
4242
4243
4243
4243
4244
4248
4251
4251
4253
4254
4255
4255
4256
4256
4258
4259
4259
4262
4264
4264
4265
4265
4268
4269
4271
4271
4271
4271
4274
4274
4275
4275
4277
4281
4281
4282
4282
4282
4285
4286
4287
4292
4292
4294
4294
4295
4295
4296
4296
4296
4296
4297
4301
4302
4303
4304
4305
4306
4307
4309
4310
4310
4311
4311
4312
4313
4314
4314
4315
4316
4316
4316
4318
4318
4319
4321
4322
4323
4323
4324
4325
4325
4326
4326
4329
4330
4331
4331
4333
4333
4334
4335
4336
4336
4337
4337
4339
4340
4342
4343
4343
4343
4343
4344
4345
4347
4348
4348
4348
4348
4351
4351
4352
4352
4353
4355
4356
4358
4358
4359
4360
4361
4361
4361
4363
4364
4364
4368
4368
4368
4369
4370
4371
4372
4374
4378
4379
4379
4379
4379
4381
4383
4383
4384
4384
4384
4385
4386
4387
4388
4388
4389
4390
4392
4393
4393
4396
4396
4399
4400
4401
4401
4403
4404
4405
4409
4410
4410
4412
4413
4414
4414
4415
4415
4415
4416
4416
4417
4417
4418
4418
4420
4421
4424
4424
4425
4425
4426
4428
4428
4429
4430
4431
4432
4434
4434
4435
4435
4437
4437
4438
4438
4441
4441
4442
4442
4443
4445
4446
4447
4447
4448
4448
4449
4449
4449
4451
4452
4454
4454
4454
4455
4455
4456
4459
4462
4462
4464
4465
4466
4467
4467
4468
4468
4471
4473
4474
4474
4475
4476
4477
4480
4480
4480
4482
4482
4490
4491
4493
4494
4495
4498
4498
4499
4501
4502
4502
4503
4503
4503
4504
4504
4505
4507
4508
4509
4509
4510
4510
4511
4511
4513
4514
4514
4514
4516
4516
4517
4517
4517
4517
4517
4517
4517
4517
4519
4521
4522
4523
4524
4526
4527
4527
4530
4532
4533
4533
4533
4534
4535
4535
4536
4536
4539
4539
4539
4541
4541
4543
4543
4547
4547
4547
4548
4548
4549
4549
4549
4550
4552
4554
4555
4556
4560
4561
4561
4562
4563
4563
4564
4565
4566
4566
4567
4569
4569
4570
4570
4573
4576
4576
4577
4577
4577
4578
4578
4579
4580
4583
4584
4585
4585
4586
4586
4587
4587
4587
4588
4590
4592
4592
4594
4597
4598
4598
4599
4600
4601
4601
4602
4602
4603
4603
4605
4605
4606
4606
4608
4613
4613
4613
4613
4618
4618
4619
4619
4619
4619
4620
4620
4621
4622
4622
4624
4625
4625
4626
4626
4627
4628
4629
4629
4630
4631
4631
4633
4637
4638
4638
4638
4639
4639
4640
4642
4642
4644
4645
4648
4648
4648
4649
4650
4650
4651
4652
4654
4655
4655
4657
4659
4659
4659
4659
4661
4661
4662
4664
4664
4666
4666
4666
4666
4666
4667
4668
4669
4669
4671
4671
4671
4673
4673
4674
4674
4676
4678
4678
4679
4679
4682
4683
4684
4684
4687
4687
4689
4689
4689
4689
4690
4690
4692
4694
4695
4696
4697
4698
4699
4700
4702
4704
4704
4704
4705
4706
4707
4708
4708
4709
4710
4711
4713
4716
4716
4717
4718
4719
4720
4720
4721
4730
4730
4731
4734
4734
4736
4737
4737
4739
4739
4741
4743
4745
4745
4747
4747
4748
4750
4751
4753
4753
4753
4755
4756
4759
4759
4759
4760
4760
4761
4761
4762
4762
4763
4765
4765
4765
4765
4766
4767
4768
4770
4771
4771
4772
4773
4774
4776
4777
4778
4780
4780
4781
4781
4782
4782
4783
4783
4784
4784
4785
4785
4786
4786
4787
4789
4790
4791
4792
4795
4796
4797
4798
4798
4798
4801
4802
4802
4802
4803
4805
4805
4806
4807
4807
4809
4810
4810
4811
4811
4812
4813
4814
4817
4818
4820
4824
4825
4825
4827
4828
4828
4829
4829
4831
4831
4832
4832
4833
4833
4834
4836
4836
4836
4838
4839
4840
4841
4843
4844
4845
4845
4846
4847
4848
4849
4850
4850
4851
4853
4853
4853
4853
4853
4856
4860
4863
4864
4866
4866
4866
4867
4871
4871
4873
4874
4874
4877
4877
4878
4881
4881
4882
4883
4883
4883
4883
4884
4886
4889
4890
4891
4892
4893
4894
4895
4895
4895
4897
4899
4900
4900
4904
4904
4904
4905
4908
4909
4911
4914
4915
4915
4916
4916
4916
4919
4920
4920
4920
4921
4923
4926
4928
4928
4931
4931
4933
4933
4934
4939
4939
4941
4942
4943
4943
4944
4945
4948
4949
4949
4949
4950
4950
4951
4951
4952
4954
4954
4955
4955
4955
4956
4957
4959
4959
4959
4959
4959
4959
4960
4960
4961
4962
4965
4966
4967
4967
4969
4971
4972
4972
4972
4972
4972
4973
4975
4976
4976
4976
4978
4982
4988
4988
4989
4989
4990
4990
4991
4992
4992
4993
4994
4994
4995
4996
4996
4998
4999
4999
4999
5000
5000
5000
5001
5002
5002
5002
5003
5005
5005
5006
5006
5007
5007
5010
5010
5011
5011
5011
5013
5014
5014
5016
5016
5017
5021
5022
5022
5022
5026
5029
5031
5031
5033
5033
5033
5035
5036
5036
5038
5039
5039
5042
5042
5043
5044
5045
5046
5048
5048
5049
5049
5050
5050
5050
5052
5052
5052
5053
5054
5055
5055
5056
5057
5059
5060
5061
5061
5062
5062
5063
5064
5067
5068
5070
5070
5070
5071
5072
5072
5074
5074
5075
5078
5080
5081
5081
5082
5082
5082
5083
5086
5090
5090
5091
5093
5093
5093
5093
5095
5096
5097
5097
5098
5099
5100
5103
5104
5105
5107
5107
5108
5111
5112
5113
5114
5114
5115
5115
5115
5116
5117
5119
5119
5120
5120
5120
5121
5121
5121
5125
5126
5126
5126
5127
5127
5128
5128
5128
5130
5132
5133
5136
5137
5137
5138
5140
5141
5141
5142
5142
5143
5143
5144
5144
5147
5148
5148
5151
5152
5153
5155
5155
5156
5156
5157
5157
5157
5158
5160
5160
5160
5160
5161
5161
5162
5162
5167
5170
5171
5171
5171
5177
5177
5178
5181
5182
5186
5187
5187
5188
5189
5189
5191
5192
5192
5192
5193
5194
5194
5194
5197
5197
5197
5198
5199
5200
5200
5202
5202
5202
5203
5204
5205
5205
5206
5206
5207
5207
5212
5213
5214
5215
5216
5217
5219
5220
5221
5221
5222
5222
5222
5223
5224
5224
5224
5224
5227
5228
5228
5231
5231
5233
5233
5234
5235
5235
5235
5235
5237
5237
5238
5239
5241
5243
5244
5245
5246
5253
5254
5254
5256
5257
5259
5259
5259
5260
5262
5265
5265
5265
5266
5268
5270
5271
5275
5275
5276
5276
5277
5278
5279
5281
5281
5282
5284
5284
5285
5285
5285
5286
5288
5289
5289
5290
5292
5293
5296
5296
5297
5298
5300
5300
5302
5303
5305
5307
5308
5308
5309
5310
5310
5310
5312
5313
5313
5314
5314
5318
5319
5320
5321
5321
5322
5323
5323
5324
5325
5326
5327
5330
5331
5332
5333
5334
5334
5336
5336
5337
5341
5342
5343
5346
5348
5349
5349
5353
5354
5356
5356
5358
5359
5360
5360
5364
5364
5366
5367
5368
5369
5369
5370
5371
5371
5376
5378
5379
5380
5381
5383
5384
5385
5385
5386
5386
5386
5388
5388
5388
5388
5389
5390
5390
5390
5391
5393
5395
5396
5397
5399
5400
5400
5404
5406
5406
5408
5409
5409
5410
5411
5411
5414
5415
5417
5418
5419
5419
5419
5420
5420
5420
5421
5421
5424
5428
5428
5429
5429
5430
5430
5431
5432
5432
5433
5435
5436
5436
5436
5437
5438
5439
5439
5441
5442
5443
5445
5445
5446
5446
5448
5449
5449
5450
5450
5450
5450
5451
5451
5453
5453
5453
5454
5456
5457
5458
5458
5461
5461
5463
5463
5464
5466
5467
5470
5470
5471
5472
5473
5473
5473
5474
5476
5476
5477
5479
5482
5484
5484
5485
5487
5487
5488
5488
5489
5490
5490
5491
5491
5493
5494
5494
5495
5496
5498
5500
5503
5504
5506
5506
5507
5508
5508
5510
5510
5511
5512
5513
5513
5513
5514
5515
5515
5516
5516
5517
5521
5521
5521
5523
5525
5525
5527
5528
5528
5528
5529
5531
5532
5532
5537
5537
5539
5540
5542
5542
5542
5543
5544
5544
5544
5544
5546
5546
5546
5547
5548
5548
5548
5548
5548
5549
5553
5553
5555
5559
5560
5560
5560
5560
5561
5562
5563
5564
5565
5566
5567
5567
5569
5570
5571
5572
5573
5575
5575
5577
5577
5578
5579
5581
5582
5585
5586
5586
5587
5592
5592
5594
5595
5597
5597
5600
5601
5602
5602
5602
5603
5604
5605
5605
5607
5608
5609
5611
5611
5613
5613
5618
5618
5619
5623
5625
5628
5629
5630
5630
5630
5634
5635
5636
5636
5637
5638
5638
5639
5640
5641
5641
5641
5642
5645
5645
5645
5646
5647
5647
5648
5649
5650
5650
5650
5651
5652
5653
5656
5662
5662
5662
5663
5665
5666
5667
5668
5669
5670
5671
5672
5672
5672
5673
5675
5677
5677
5678
5679
5680
5680
5682
5685
5685
5685
5686
5686
5687
5689
5689
5690
5691
5691
5691
5691
5692
5692
5693
5694
5694
5699
5699
5703
5703
5704
5705
5707
5708
5709
5710
5711
5713
5713
5715
5716
5718
5720
5721
5723
5725
5728
5728
5728
5729
5729
5731
5732
5732
5732
5733
5737
5738
5738
5742
5742
5742
5743
5744
5745
5746
5747
5747
5747
5748
5749
5749
5749
5749
5750
5753
5754
5757
5760
5760
5762
5762
5763
5764
5764
5765
5765
5766
5766
5766
5766
5766
5767
5768
5768
5768
5768
5769
5769
5774
5775
5776
5778
5780
5782
5782
5782
5783
5785
5788
5788
5789
5793
5797
5800
5803
5804
5805
5807
5808
5809
5809
5811
5813
5813
5814
5815
5815
5816
5817
5817
5818
5818
5818
5819
5819
5819
5819
5822
5824
5824
5824
5824
5825
5826
5826
5827
5828
5829
5829
5829
5829
5829
5830
5831
5831
5832
5832
5832
5834
5835
5839
5839
5840
5841
5842
5842
5843
5843
5845
5845
5848
5848
5849
5849
5850
5851
5854
5854
5854
5856
5858
5858
5859
5859
5861
5863
5865
5865
5868
5869
5870
5871
5872
5872
5873
5874
5877
5877
5878
5879
5881
5881
5881
5882
5882
5882
5883
5883
5883
5884
5886
5886
5887
5888
5889
5891
5891
5892
5892
5893
5896
5898
5899
5900
5903
5903
5904
5905
5906
5906
5907
5908
5908
5910
5910
5914
5914
5914
5915
5915
5916
5920
5920
5922
5922
5922
5924
5924
5925
5926
5927
5927
5930
5931
5931
5932
5932
5933
5934
5934
5934
5935
5935
5937
5938
5940
5940
5940
5941
5941
5942
5942
5943
5943
5944
5948
5949
5950
5953
5954
5955
5957
5958
5959
5961
5961
5962
5963
5966
5967
5967
5967
5967
5971
5972
5973
5973
5974
5974
5975
5975
5976
5977
5978
5979
5982
5986
5988
5989
5992
5993
5994
5994
5995
5996
5999
6002
6005
6006
6009
6017
6017
6017
6017
6020
6020
6022
6023
6023
6023
6023
6024
6024
6025
6026
6027
6027
6028
6029
6030
6030
6030
6031
6031
6031
6032
6034
6034
6035
6036
6036
6037
6037
6038
6039
6039
6041
6043
6043
6044
6045
6046
6047
6051
6051
6053
6053
6054
6055
6055
6056
6056
6056
6056
6057
6060
6061
6063
6063
6063
6063
6065
6066
6066
6067
6068
6069
6070
6070
6071
6071
6072
6074
6074
6075
6075
6076
6077
6077
6078
6079
6080
6082
6083
6083
6083
6085
6086
6087
6088
6088
6089
6091
6091
6091
6092
6092
6093
6094
6094
6096
6096
6097
6097
6097
6098
6100
6101
6102
6102
6104
6104
6104
6105
6105
6106
6106
6106
6107
6107
6107
6108
6108
6108
6109
6110
6110
6112
6113
6114
6116
6116
6117
6118
6118
6119
6120
6120
6122
6122
6122
6122
6122
6124
6125
6127
6128
6129
6129
6129
6129
6131
6131
6132
6132
6135
6135
6136
6136
6138
6139
6139
6142
6143
6144
6148
6148
6149
6149
6150
6151
6151
6153
6153
6154
6154
6154
6155
6156
6156
6157
6157
6157
6158
6159
6159
6160
6160
6160
6160
6164
6165
6166
6167
6167
6168
6169
6169
6169
6170
6171
6171
6174
6175
6175
6175
6175
6176
6176
6177
6180
6180
6181
6182
6182
6182
6183
6183
6184
6187
6189
6193
6194
6195
6197
6197
6197
6198
6200
6200
6200
6201
6201
6203
6204
6205
6205
6206
6207
6207
6207
6208
6209
6210
6210
6211
6211
6212
6212
6214
6214
6216
6216
6216
6217
6218
6218
6219
6220
6220
6221
6221
6221
6222
6225
6226
6226
6227
6230
6232
6232
6234
6235
6236
6237
6238
6241
6241
6241
6241
6241
6242
6245
6246
6250
6251
6251
6256
6260
6261
6261
6261
6262
6262
6263
6265
6266
6267
6267
6267
6267
6268
6272
6272
6275
6280
6281
6283
6283
6283
6284
6285
6285
6286
6286
6286
6287
6288
6289
6289
6289
6290
6290
6292
6292
6293
6296
6296
6297
6297
6298
6298
6302
6303
6303
6304
6306
6307
6308
6310
6312
6314
6316
6316
6318
6318
6321
6321
6321
6323
6324
6324
6325
6325
6326
6327
6328
6328
6329
6329
6331
6332
6332
6334
6334
6335
6335
6336
6337
6338
6338
6339
6340
6340
6342
6342
6343
6344
6345
6346
6346
6347
6347
6348
6350
6350
6351
6351
6354
6354
6356
6356
6357
6357
6358
6360
6361
6362
6366
6369
6369
6373
6374
6374
6374
6375
6376
6377
6378
6381
6382
6385
6386
6388
6389
6389
6391
6391
6393
6393
6394
6397
6399
6400
6400
6402
6403
6403
6406
6406
6407
6408
6409
6413
6413
6417
6418
6418
6418
6418
6419
6419
6419
6420
6421
6423
6423
6425
6425
6427
6428
6429
6432
6434
6435
6436
6437
6437
6437
6441
6441
6442
6442
6443
6443
6444
6445
6447
6448
6449
6450
6450
6451
6451
6454
6454
6454
6456
6457
6458
6458
6459
6459
6459
6461
6461
6463
6463
6464
6464
6464
6465
6467
6468
6470
6470
6470
6471
6472
6472
6473
6475
6476
6476
6477
6478
6478
6480
6480
6481
6482
6483
6483
6486
6487
6487
6488
6488
6490
6492
6492
6493
6493
6494
6496
6496
6497
6498
6499
6501
6501
6502
6503
6505
6505
6506
6510
6510
6513
6513
6514
6516
6516
6517
6518
6519
6519
6520
6520
6520
6521
6521
6521
6522
6522
6523
6524
6524
6524
6525
6527
6529
6530
6531
6532
6532
6533
6534
6535
6537
6537
6537
6538
6542
6544
6544
6545
6545
6545
6546
6547
6549
6556
6556
6557
6558
6559
6559
6559
6559
6559
6560
6562
6562
6562
6562
6562
6564
6564
6565
6566
6566
6567
6567
6568
6571
6574
6574
6574
6575
6577
6578
6578
6581
6581
6581
6581
6581
6582
6582
6582
6583
6583
6583
6584
6584
6584
6585
6585
6586
6587
6588
6591
6591
6592
6592
6593
6594
6595
6595
6597
6597
6598
6599
6601
6602
6602
6603
6604
6604
6604
6605
6609
6609
6610
6610
6610
6611
6613
6613
6615
6618
6618
6621
6621
6622
6622
6622
6623
6625
6626
6627
6628
6628
6629
6630
6631
6632
6632
6634
6636
6637
6637
6640
6640
6644
6646
6648
6648
6649
6649
6653
6653
6660
6660
6660
6665
6666
6666
6666
6670
6671
6672
6672
6672
6672
6674
6675
6678
6678
6679
6679
6680
6680
6681
6681
6681
6682
6682
6684
6684
6685
6687
6688
6689
6689
6694
6695
6695
6695
6695
6696
6696
6697
6697
6701
6702
6704
6704
6704
6705
6706
6707
6708
6709
6709
6711
6712
6713
6713
6715
6715
6716
6716
6718
6719
6719
6719
6719
6719
6722
6722
6726
6728
6729
6730
6731
6731
6732
6732
6733
6734
6734
6735
6736
6740
6743
6743
6744
6745
6746
6747
6747
6748
6751
6751
6754
6755
6755
6757
6758
6758
6759
6760
6760
6762
6763
6763
6765
6765
6773
6773
6774
6776
6777
6777
6780
6781
6781
6784
6785
6785
6786
6786
6790
6790
6790
6793
6793
6793
6794
6795
6796
6797
6798
6799
6800
6800
6802
6803
6804
6806
6806
6808
6808
6810
6811
6812
6813
6813
6815
6816
6816
6817
6821
6826
6827
6828
6831
6832
6832
6832
6833
6833
6835
6835
6840
6840
6843
6844
6844
6846
6847
6847
6848
6849
6849
6849
6850
6850
6850
6850
6851
6854
6855
6856
6856
6856
6857
6857
6857
6859
6859
6860
6861
6863
6864
6864
6866
6866
6867
6867
6867
6868
6868
6870
6871
6873
6873
6873
6875
6876
6878
6880
6880
6880
6882
6882
6882
6883
6884
6887
6888
6889
6890
6891
6893
6893
6893
6894
6894
6895
6897
6898
6899
6900
6901
6901
6904
6904
6905
6905
6907
6908
6909
6910
6913
6914
6914
6915
6915
6915
6916
6916
6916
6916
6917
6920
6920
6920
6920
6921
6923
6923
6925
6925
6926
6928
6928
6928
6929
6930
6931
6932
6933
6934
6934
6935
6937
6937
6941
6941
6942
6942
6943
6943
6945
6946
6947
6948
6950
6950
6952
6953
6955
6955
6955
6956
6956
6957
6959
6959
6960
6961
6962
6964
6964
6966
6966
6967
6967
6971
6971
6972
6972
6972
6975
6975
6975
6976
6977
6979
6979
6979
6980
6980
6980
6980
6981
6982
6982
6983
6984
6984
6985
6986
6987
6990
6994
6994
6995
6996
6996
6997
6999
6999
7002
7002
7003
7003
7004
7005
7005
7005
7006
7008
7009
7011
7011
7012
7012
7013
7013
7013
7014
7014
7015
7016
7018
7019
7020
7020
7021
7021
7022
7023
7024
7024
7024
7025
7026
7026
7027
7028
7033
7034
7035
7037
7037
7037
7038
7040
7040
7041
7042
7042
7042
7043
7043
7044
7047
7049
7049
7051
7051
7053
7054
7055
7057
7057
7058
7058
7059
7061
7063
7063
7064
7064
7065
7066
7066
7067
7067
7068
7071
7074
7074
7074
7075
7077
7077
7078
7079
7080
7080
7081
7082
7084
7085
7086
7087
7088
7088
7089
7092
7092
7093
7094
7095
7095
7095
7096
7098
7098
7098
7099
7100
7100
7103
7104
7104
7105
7107
7107
7107
7108
7110
7111
7112
7119
7120
7120
7121
7122
7123
7124
7125
7125
7126
7127
7127
7127
7128
7128
7129
7129
7129
7130
7130
7132
7133
7133
7134
7135
7136
7138
7139
7140
7141
7143
7144
7145
7146
7147
7147
7148
7149
7149
7149
7150
7151
7153
7153
7154
7154
7157
7157
7158
7158
7158
7159
7160
7160
7162
7162
7162
7164
7165
7166
7167
7167
7168
7168
7168
7168
7170
7170
7170
7175
7176
7176
7176
7176
7177
7177
7183
7185
7187
7187
7189
7190
7191
7192
7192
7193
7196
7196
7202
7202
7205
7205
7206
7207
7207
7209
7209
7209
7210
7213
7215
7215
7219
7223
7223
7224
7225
7227
7227
7230
7231
7233
7233
7233
7234
7239
7239
7239
7239
7239
7239
7240
7244
7244
7246
7246
7247
7247
7248
7252
7252
7252
7253
7253
7254
7254
7255
7255
7257
7258
7263
7264
7265
7266
7266
7267
7267
7267
7268
7269
7269
7269
7271
7271
7271
7271
7272
7273
7273
7275
7275
7275
7275
7275
7276
7277
7277
7279
7279
7279
7280
7280
7281
7282
7282
7285
7287
7289
7290
7291
7292
7293
7294
7297
7297
7299
7301
7304
7304
7304
7304
7305
7305
7305
7307
7308
7308
7308
7312
7315
7316
7317
7321
7321
7322
7323
7323
7323
7324
7324
7325
7325
7326
7326
7326
7327
7327
7327
7327
7328
7329
7329
7329
7331
7332
7333
7335
7335
7336
7336
7337
7338
7338
7339
7339
7339
7341
7341
7341
7342
7343
7343
7345
7347
7348
7350
7352
7353
7353
7354
7355
7360
7362
7363
7364
7365
7366
7366
7366
7367
7367
7367
7368
7368
7368
7371
7371
7373
7373
7373
7374
7376
7379
7379
7379
7379
7380
7380
7380
7382
7383
7384
7384
7384
7385
7386
7386
7388
7388
7389
7389
7391
7391
7391
7393
7393
7396
7396
7396
7397
7397
7398
7399
7401
7401
7402
7403
7407
7407
7407
7408
7410
7410
7411
7415
7416
7417
7417
7418
7419
7420
7422
7424
7424
7428
7428
7429
7429
7430
7433
7437
7439
7439
7439
7439
7440
7440
7441
7441
7442
7443
7443
7444
7444
7447
7449
7450
7450
7451
7453
7456
7456
7458
7458
7458
7459
7459
7459
7461
7462
7464
7465
7466
7467
7468
7468
7471
7472
7473
7475
7478
7478
7482
7483
7483
7484
7484
7485
7486
7487
7488
7490
7491
7491
7492
7492
7494
7499
7499
7499
7499
7499
7501
7502
7504
7505
7505
7506
7508
7510
7512
7512
7512
7513
7513
7516
7518
7520
7520
7520
7523
7523
7524
7525
7525
7525
7527
7527
7528
7529
7530
7531
7532
7533
7535
7535
7535
7535
7537
7539
7542
7542
7544
7544
7544
7546
7546
7547
7549
7549
7550
7551
7552
7554
7554
7554
7555
7555
7555
7556
7558
7561
7561
7563
7564
7564
7566
7567
7567
7571
7572
7573
7574
7576
7576
7576
7578
7579
7580
7580
7580
7583
7584
7586
7586
7587
7588
7589
7589
7590
7591
7595
7597
7598
7598
7599
7599
7599
7600
7602
7602
7603
7604
7606
7606
7608
7609
7610
7610
7611
7612
7613
7613
7614
7614
7615
7615
7616
7618
7619
7621
7621
7622
7622
7624
7625
7625
7625
7626
7627
7629
7630
7631
7632
7634
7635
7636
7642
7643
7643
7644
7644
7646
7646
7646
7647
7650
7650
7651
7652
7652
7654
7654
7655
7657
7665
7666
7666
7666
7668
7670
7670
7670
7672
7672
7672
7672
7673
7674
7675
7676
7677
7678
7679
7679
7680
7682
7682
7682
7683
7685
7689
7690
7691
7692
7692
7694
7695
7695
7697
7699
7702
7703
7703
7704
7707
7707
7707
7711
7712
7713
7715
7716
7717
7718
7719
7721
7721
7722
7722
7724
7724
7725
7726
7728
7728
7728
7729
7731
7732
7734
7735
7736
7736
7737
7738
7740
7741
7741
7741
7741
7741
7745
7746
7748
7750
7750
7752
7752
7753
7754
7755
7755
7757
7761
7763
7764
7764
7765
7766
7769
7769
7769
7770
7770
7772
7772
7775
7776
7782
7786
7787
7788
7788
7788
7789
7791
7791
7791
7792
7793
7794
7795
7797
7799
7800
7800
7800
7800
7801
7801
7801
7803
7803
7803
7805
7805
7806
7808
7808
7808
7810
7811
7812
7812
7816
7817
7817
7818
7823
7826
7827
7827
7830
7830
7831
7831
7831
7832
7832
7832
7833
7835
7836
7838
7839
7840
7841
7841
7846
7846
7847
7848
7848
7850
7850
7851
7853
7853
7856
7858
7861
7861
7862
7863
7865
7865
7866
7867
7867
7868
7869
7870
7872
7872
7873
7873
7874
7874
7875
7875
7876
7877
7878
7880
7880
7883
7885
7886
7886
7889
7889
7890
7891
7891
7893
7893
7898
7899
7899
7900
7901
7904
7906
7906
7909
7909
7910
7911
7911
7911
7912
7912
7913
7915
7916
7916
7918
7918
7921
7922
7923
7924
7926
7926
7928
7928
7929
7929
7929
7929
7930
7932
7932
7933
7934
7934
7935
7938
7938
7938
7940
7941
7941
7943
7943
7944
7944
7945
7946
7946
7947
7948
7949
7951
7951
7952
7952
7953
7953
7954
7954
7954
7956
7957
7957
7957
7958
7959
7960
7960
7960
7964
7964
7964
7965
7966
7968
7968
7968
7969
7971
7972
7973
7973
7974
7975
7976
7976
7980
7981
7981
7981
7983
7987
7987
7987
7989
7993
7994
7996
7997
7998
7998
7998
7998
7999
8000
8001
8001
8003
8005
8005
8005
8007
8010
8011
8013
8013
8014
8016
8017
8018
8019
8020
8022
8023
8023
8024
8024
8024
8025
8027
8027
8028
8030
8030
8031
8032
8036
8038
8039
8039
8039
8040
8040
8040
8041
8041
8043
8043
8045
8050
8050
8051
8053
8053
8054
8055
8055
8055
8055
8055
8055
8056
8056
8057
8057
8058
8060
8061
8062
8062
8064
8064
8064
8064
8064
8065
8066
8068
8068
8073
8073
8073
8075
8076
8077
8078
8079
8080
8080
8082
8084
8085
8086
8086
8086
8087
8088
8089
8091
8092
8094
8095
8096
8097
8097
8099
8100
8101
8103
8106
8106
8106
8108
8110
8110
8110
8111
8111
8112
8114
8114
8115
8116
8118
8119
8119
8119
8120
8120
8121
8121
8123
8124
8126
8128
8130
8131
8132
8132
8133
8134
8135
8135
8137
8138
8139
8140
8143
8144
8145
8146
8146
8147
8147
8149
8153
8153
8153
8155
8155
8156
8159
8159
8160
8160
8160
8160
8168
8169
8171
8173
8173
8173
8174
8175
8176
8177
8177
8178
8181
8181
8182
8183
8184
8185
8186
8187
8188
8192
8193
8193
8195
8195
8196
8197
8197
8197
8197
8198
8199
8199
8200
8201
8202
8203
8206
8207
8207
8209
8210
8210
8212
8215
8216
8217
8218
8219
8220
8220
8220
8221
8221
8223
8223
8225
8226
8227
8228
8230
8231
8232
8233
8233
8233
8234
8235
8236
8236
8239
8239
8240
8241
8242
8248
8248
8249
8249
8251
8251
8251
8253
8254
8254
8256
8256
8256
8257
8258
8260
8260
8261
8262
8262
8263
8264
8264
8264
8265
8266
8267
8268
8269
8270
8271
8271
8277
8278
8278
8278
8279
8282
8283
8283
8283
8285
8286
8287
8287
8289
8290
8291
8291
8299
8299
8299
8300
8302
8302
8304
8304
8304
8305
8305
8307
8309
8309
8309
8310
8312
8312
8312
8316
8319
8320
8320
8322
8322
8324
8324
8324
8325
8326
8326
8329
8330
8332
8333
8334
8335
8336
8336
8338
8339
8339
8339
8339
8342
8343
8344
8344
8344
8345
8346
8347
8348
8348
8349
8350
8350
8352
8353
8353
8353
8355
8355
8355
8355
8356
8357
8359
8360
8361
8361
8361
8362
8363
8364
8364
8364
8365
8366
8367
8368
8368
8372
8372
8372
8373
8374
8374
8375
8375
8375
8376
8376
8377
8380
8381
8381
8383
8384
8384
8387
8387
8387
8387
8388
8389
8389
8390
8390
8392
8393
8393
8393
8394
8395
8395
8397
8399
8400
8401
8401
8401
8402
8402
8402
8403
8403
8403
8405
8405
8406
8407
8410
8411
8412
8413
8413
8414
8414
8414
8415
8417
8417
8418
8418
8421
8421
8423
8423
8424
8424
8424
8425
8427
8429
8429
8429
8432
8433
8433
8437
8439
8439
8440
8441
8442
8443
8447
8447
8448
8449
8449
8449
8451
8452
8452
8453
8454
8455
8455
8456
8458
8458
8459
8461
8462
8463
8464
8469
8471
8471
8471
8472
8475
8476
8478
8481
8483
8483
8485
8486
8491
8491
8491
8496
8496
8499
8499
8500
8500
8502
8505
8505
8507
8507
8509
8510
8511
8512
8514
8516
8516
8516
8519
8519
8520
8521
8527
8528
8530
8530
8532
8532
8533
8533
8534
8535
8535
8535
8536
8537
8538
8538
8539
8544
8545
8545
8546
8548
8549
8549
8549
8549
8549
8550
8552
8553
8554
8554
8554
8556
8556
8557
8559
8559
8559
8559
8560
8560
8561
8562
8562
8562
8564
8565
8568
8569
8569
8570
8571
8574
8574
8574
8576
8576
8576
8576
8576
8576
8577
8578
8580
8582
8582
8583
8583
8583
8583
8585
8586
8586
8587
8588
8590
8590
8591
8591
8593
8594
8595
8596
8598
8602
8602
8602
8603
8607
8609
8609
8610
8610
8612
8612
8613
8613
8614
8614
8618
8619
8619
8620
8621
8622
8622
8622
8622
8625
8626
8626
8626
8627
8627
8627
8630
8632
8633
8634
8635
8636
8637
8637
8638
8639
8640
8640
8641
8641
8642
8642
8643
8644
8644
8644
8644
8645
8647
8649
8649
8649
8650
8651
8652
8652
8654
8654
8657
8659
8662
8667
8668
8668
8670
8670
8673
8674
8677
8677
8678
8678
8680
8681
8681
8681
8684
8685
8685
8686
8689
8689
8690
8690
8690
8691
8692
8692
8693
8694
8694
8696
8697
8699
8703
8703
8704
8706
8706
8707
8708
8708
8709
8711
8711
8712
8713
8713
8714
8719
8719
8719
8719
8722
8725
8725
8726
8726
8726
8728
8729
8734
8735
8735
8736
8736
8738
8739
8739
8739
8742
8743
8743
8743
8743
8743
8743
8745
8746
8746
8749
8753
8754
8755
8755
8756
8756
8758
8759
8759
8764
8764
8764
8765
8765
8765
8765
8765
8766
8766
8768
8769
8770
8771
8772
8772
8774
8774
8774
8775
8778
8780
8780
8782
8783
8784
8787
8788
8788
8788
8789
8790
8790
8790
8791
8792
8792
8792
8793
8794
8795
8795
8796
8796
8797
8797
8798
8799
8801
8801
8802
8803
8803
8803
8806
8808
8809
8812
8813
8815
8815
8815
8816
8816
8816
8817
8817
8820
8820
8820
8821
8821
8822
8823
8824
8825
8825
8827
8829
8829
8830
8830
8831
8832
8835
8838
8841
8842
8844
8847
8847
8847
8847
8848
8848
8850
8851
8851
8851
8852
8852
8853
8853
8854
8854
8855
8855
8858
8860
8861
8862
8865
8866
8866
8867
8872
8872
8873
8874
8875
8875
8875
8876
8876
8878
8878
8878
8880
8882
8884
8884
8886
8886
8888
8888
8889
8890
8890
8892
8893
8894
8894
8896
8897
8897
8898
8898
8899
8900
8900
8900
8903
8903
8905
8906
8908
8908
8909
8912
8912
8913
8915
8915
8916
8916
8919
8920
8921
8921
8921
8923
8923
8924
8925
8925
8925
8926
8926
8926
8927
8928
8930
8930
8931
8932
8933
8935
8936
8937
8938
8938
8939
8940
8942
8942
8944
8945
8946
8947
8948
8949
8949
8950
8950
8951
8951
8953
8954
8954
8956
8958
8960
8962
8964
8966
8966
8968
8968
8970
8970
8971
8972
8973
8973
8973
8973
8974
8975
8979
8980
8981
8981
8982
8983
8983
8984
8984
8985
8986
8987
8989
8990
8990
8991
8991
8992
8995
8998
8998
9000
9000
9000
9001
9001
9002
9002
9004
9004
9004
9005
9006
9006
9007
9007
9008
9008
9009
9010
9011
9012
9013
9015
9016
9017
9018
9019
9022
9022
9022
9024
9027
9030
9031
9031
9032
9032
9032
9038
9038
9039
9039
9040
9040
9041
9042
9044
9045
9045
9047
9047
9047
9047
9050
9052
9052
9052
9053
9053
9055
9055
9056
9061
9062
9064
9065
9065
9065
9066
9067
9067
9068
9073
9075
9075
9075
9075
9076
9076
9080
9081
9081
9082
9083
9084
9088
9088
9089
9089
9090
9090
9091
9096
9097
9099
9101
9102
9103
9104
9104
9104
9105
9105
9105
9106
9107
9107
9108
9110
9111
9112
9112
9113
9114
9114
9114
9115
9118
9119
9119
9121
9123
9124
9125
9128
9128
9129
9129
9134
9135
9136
9138
9139
9140
9140
9143
9143
9144
9148
9149
9149
9149
9152
9152
9153
9153
9153
9154
9155
9157
9159
9159
9160
9162
9163
9164
9165
9165
9165
9166
9166
9169
9170
9170
9171
9171
9172
9172
9172
9174
9176
9176
9177
9178
9179
9181
9182
9184
9184
9189
9190
9191
9193
9193
9193
9194
9196
9197
9197
9197
9198
9198
9200
9200
9200
9200
9201
9206
9207
9208
9208
9210
9211
9211
9212
9214
9215
9216
9220
9220
9222
9223
9225
9228
9229
9231
9231
9231
9231
9231
9232
9233
9233
9234
9234
9235
9235
9235
9235
9236
9236
9237
9237
9238
9240
9240
9242
9242
9242
9243
9244
9245
9248
9248
9252
9253
9253
9254
9255
9255
9255
9259
9259
9259
9262
9263
9264
9265
9266
9266
9268
9268
9269
9269
9270
9270
9270
9271
9271
9271
9273
9273
9273
9275
9277
9279
9280
9281
9285
9285
9286
9287
9288
9289
9291
9291
9291
9293
9293
9294
9297
9297
9297
9298
9299
9302
9306
9306
9306
9307
9309
9310
9312
9313
9313
9314
9317
9318
9319
9320
9320
9320
9320
9322
9323
9323
9324
9326
9328
9329
9329
9330
9330
9331
9332
9332
9334
9334
9335
9336
9338
9338
9339
9339
9339
9340
9340
9340
9343
9344
9345
9345
9347
9347
9349
9349
9350
9351
9355
9356
9356
9356
9357
9357
9358
9359
9359
9359
9359
9360
9361
9362
9362
9363
9363
9364
9367
9369
9372
9372
9372
9373
9373
9374
9377
9377
9378
9379
9380
9380
9381
9381
9382
9386
9386
9386
9389
9390
9390
9391
9392
9393
9395
9395
9396
9397
9397
9397
9401
9402
9404
9404
9404
9404
9404
9404
9405
9405
9408
9409
9409
9410
9411
9411
9411
9412
9413
9413
9414
9415
9415
9416
9417
9419
9419
9421
9423
9425
9425
9427
9427
9432
9433
9433
9436
9437
9440
9441
9447
9447
9449
9450
9450
9450
9451
9453
9455
9456
9456
9457
9457
9458
9459
9461
9464
9464
9465
9466
9466
9466
9468
9471
9472
9472
9472
9472
9473
9473
9473
9473
9474
9475
9475
9477
9479
9479
9480
9480
9480
9480
9481
9482
9483
9484
9484
9484
9485
9486
9486
9488
9489
9491
9493
9494
9494
9494
9496
9496
9496
9496
9497
9497
9498
9499
9500
9502
9502
9502
9502
9503
9508
9510
9511
9513
9513
9513
9515
9515
9518
9519
9522
9523
9524
9525
9526
9526
9526
9528
9528
9530
9530
9531
9531
9531
9532
9532
9533
9533
9536
9539
9539
9541
9541
9544
9544
9546
9546
9548
9548
9548
9548
9549
9549
9552
9553
9560
9564
9564
9565
9565
9568
9569
9570
9571
9572
9572
9573
9573
9573
9574
9574
9576
9576
9577
9577
9578
9578
9579
9579
9579
9580
9580
9580
9582
9582
9583
9585
9586
9586
9587
9587
9587
9588
9589
9589
9592
9593
9593
9594
9594
9594
9595
9595
9595
9595
9595
9599
9600
9603
9604
9604
9604
9604
9605
9606
9608
9610
9610
9611
9613
9614
9618
9619
9623
9625
9626
9626
9626
9626
9627
9629
9629
9629
9630
9630
9630
9632
9632
9633
9634
9635
9635
9638
9638
9639
9640
9641
9642
9643
9643
9644
9644
9645
9647
9648
9648
9648
9648
9648
9649
9649
9650
9653
9653
9655
9657
9658
9658
9659
9661
9662
9662
9662
9662
9662
9662
9663
9664
9664
9664
9665
9665
9665
9665
9666
9668
9668
9669
9669
9669
9674
9676
9678
9679
9681
9682
9682
9682
9683
9684
9685
9685
9685
9686
9686
9687
9687
9688
9689
9689
9690
9690
9690
9694
9696
9696
9697
9697
9697
9698
9699
9701
9702
9704
9704
9704
9705
9705
9706
9707
9709
9713
9714
9717
9717
9719
9719
9720
9720
9722
9723
9724
9726
9728
9730
9730
9732
9733
9735
9736
9736
9737
9737
9739
9740
9740
9740
9741
9741
9743
9743
9744
9747
9748
9749
9753
9753
9753
9755
9757
9758
9760
9760
9761
9763
9764
9764
9765
9766
9768
9771
9771
9774
9774
9775
9776
9776
9779
9780
9781
9781
9781
9783
9784
9785
9786
9787
9787
9790
9790
9790
9791
9791
9791
9791
9793
9793
9793
9793
9794
9795
9795
9796
9797
9797
9798
9799
9801
9801
9802
9803
9805
9808
9813
9813
9816
9817
9817
9818
9818
9820
9821
9822
9822
9823
9825
9825
9826
9826
9827
9828
9829
9829
9829
9830
9830
9831
9831
9832
9832
9833
9833
9834
9835
9835
9835
9836
9837
9840
9841
9841
9842
9843
9843
9843
9844
9844
9845
9849
9850
9852
9852
9853
9854
9854
9854
9855
9855
9856
9856
9858
9858
9860
9861
9862
9863
9863
9864
9864
9864
9864
9864
9868
9868
9873
9875
9875
9879
9881
9885
9885
9885
9886
9887
9887
9888
9890
9891
9892
9892
9894
9896
9896
9897
9897
9900
9901
9903
9906
9908
9908
9908
9908
9909
9910
9910
9912
9917
9917
9917
9918
9919
9919
9920
9922
9926
9926
9927
9927
9928
9935
9935
9936
9936
9940
9940
9940
9941
9942
9943
9943
9943
9945
9945
9948
9948
9950
9951
9952
9953
9955
9955
9957
9957
9958
9958
9961
9963
9968
9970
9973
9975
9975
9975
9979
9980
9980
9981
9981
9981
9982
9984
9985
9985
9985
9986
9988
9990
9990
9993
9994
9995
9996
