1
1
4
5
5
7
9
9
11
12
14
15
15
17
18
18
19
19
20
20
21
22
23
23
25
25
25
27
27
29
29
29
31
31
34
34
35
36
37
38
39
40
42
44
44
45
45
46
46
47
47
48
48
48
49
50
51
54
54
55
56
56
59
59
60
60
61
62
62
62
62
63
65
67
69
69
71
72
72
72
72
73
75
75
77
78
79
79
79
80
82
84
84
84
85
85
85
86
86
86
87
89
90
90
91
92
93
95
96
98
98
99
99
101
102
103
104
105
107
107
107
107
109
111
111
111
111
112
112
112
113
113
113
113
115
115
116
116
117
118
119
120
120
121
122
123
124
124
124
127
127
127
128
128
129
130
130
131
131
132
132
133
133
134
135
137
137
137
139
143
143
144
145
146
146
146
147
147
150
150
152
152
152
153
154
154
155
156
157
157
158
159
159
159
159
160
160
162
162
162
163
166
170
170
170
170
170
171
171
171
172
175
176
177
177
177
179
180
186
186
186
187
187
188
189
189
190
190
192
192
198
199
199
199
200
202
203
205
206
206
207
208
209
209
211
211
212
212
212
212
213
213
214
214
215
215
217
218
219
219
219
219
221
222
224
225
230
230
231
231
235
236
236
236
240
242
242
242
243
243
244
244
245
247
249
249
249
250
252
253
254
257
257
258
259
260
260
261
262
262
263
264
265
265
265
266
267
267
268
270
271
275
275
276
277
277
277
277
278
278
279
279
280
281
282
282
283
283
284
284
284
284
285
285
286
289
290
292
295
296
297
297
297
298
302
302
302
306
306
308
308
308
308
309
310
311
312
312
312
313
314
316
316
316
317
317
318
318
319
319
320
321
324
326
327
329
330
332
333
333
334
334
335
335
335
336
337
339
340
341
344
344
345
345
346
346
347
348
349
349
351
351
353
353
354
354
356
356
356
357
358
360
362
365
365
366
366
366
366
367
367
368
368
370
374
375
376
377
378
380
381
382
382
382
385
390
390
390
390
394
395
396
397
398
398
400
400
401
401
402
405
405
406
406
408
408
408
410
412
413
414
415
416
417
418
420
420
421
422
423
423
424
426
426
426
427
428
428
429
430
432
432
433
433
434
435
438
439
440
441
441
442
443
444
444
445
445
448
449
450
450
450
451
454
455
458
458
459
460
461
461
463
463
463
464
468
468
469
470
471
471
472
472
473
473
474
475
476
477
477
477
481
482
482
483
486
486
487
488
488
488
491
491
493
493
494
495
496
497
497
499
500
501
502
502
503
505
506
506
508
509
509
513
513
515
515
516
517
517
518
519
521
523
524
524
525
527
528
529
529
530
530
531
532
533
534
539
540
540
542
543
543
545
545
545
546
547
548
549
549
550
555
555
557
558
558
559
559
560
562
562
563
563
566
567
569
570
571
571
572
573
577
578
580
581
582
583
584
585
585
586
587
592
592
592
593
594
594
595
596
596
597
597
598
598
601
604
606
608
609
611
612
614
614
615
616
616
617
618
619
620
620
622
622
623
623
624
625
625
628
628
628
630
630
630
632
634
635
636
637
639
642
643
643
644
644
645
645
646
649
649
650
651
652
653
654
655
655
656
656
657
658
661
662
663
665
665
665
667
669
670
670
671
672
676
678
679
679
679
680
680
680
680
681
682
682
682
683
683
685
685
687
687
689
691
691
691
693
695
696
697
699
700
701
702
702
702
703
705
705
706
708
709
710
711
714
714
716
719
721
724
726
727
727
732
733
734
736
736
736
740
740
741
743
744
744
745
747
747
748
750
752
752
753
753
754
754
755
756
756
757
757
757
758
759
759
762
765
766
768
769
770
772
773
773
774
778
778
779
780
780
782
784
784
785
785
786
786
787
788
789
789
789
790
791
791
791
791
793
798
799
799
800
800
801
803
804
804
805
805
805
806
807
808
808
808
808
809
809
810
810
810
811
812
813
813
814
815
817
818
819
820
820
821
823
824
825
825
826
826
827
828
828
829
829
830
831
832
832
835
836
838
839
839
839
840
841
841
841
843
843
845
846
847
848
850
851
852
852
853
853
854
855
859
859
861
861
861
864
864
866
867
868
871
871
871
872
872
873
874
874
876
876
877
877
878
878
879
879
882
886
887
887
888
889
889
892
892
894
894
895
895
897
898
899
900
903
903
904
904
905
905
905
907
907
909
913
913
914
915
915
916
916
916
918
918
919
921
924
924
928
928
929
930
931
932
932
935
939
940
940
942
943
944
945
945
947
951
951
953
956
956
958
959
959
960
961
961
961
962
965
970
970
971
974
974
975
978
978
982
984
984
985
985
985
989
991
994
994
998
998
999
999
999
1001
1001
1002
1004
1005
1005
1006
1007
1008
1010
1011
1012
1012
1012
1012
1013
1014
1017
1017
1017
1018
1018
1019
1021
1022
1022
1025
1025
1026
1026
1027
1028
1028
1029
1029
1029
1032
1033
1036
1037
1039
1042
1042
1043
1043
1044
1044
1046
1047
1047
1048
1050
1050
1051
1051
1052
1053
1053
1055
1055
1055
1058
1059
1059
1060
1060
1061
1064
1064
1065
1067
1067
1070
1071
1071
1071
1072
1073
1073
1074
1077
1077
1077
1078
1080
1081
1082
1083
1083
1084
1084
1087
1088
1090
1092
1095
1095
1097
1100
1102
1102
1104
1105
1106
1106
1107
1108
1108
1108
1108
1109
1109
1110
1112
1112
1114
1116
1118
1118
1119
1120
1120
1120
1121
1122
1123
1124
1124
1124
1124
1125
1127
1127
1127
1128
1129
1131
1132
1133
1134
1137
1138
1139
1140
1141
1143
1143
1144
1145
1146
1147
1147
1147
1148
1148
1150
1153
1153
1154
1154
1154
1154
1155
1156
1157
1157
1157
1157
1158
1158
1158
1158
1159
1159
1161
1162
1162
1163
1165
1166
1168
1169
1172
1173
1176
1176
1176
1177
1177
1179
1179
1180
1180
1181
1181
1181
1183
1183
1184
1184
1184
1185
1186
1186
1188
1189
1189
1190
1190
1192
1192
1193
1194
1196
1196
1197
1197
1198
1199
1200
1202
1203
1205
1206
1207
1207
1207
1209
1209
1211
1211
1212
1212
1213
1214
1216
1216
1218
1218
1218
1219
1221
1221
1221
1222
1223
1224
1224
1224
1225
1226
1226
1227
1229
1231
1231
1233
1233
1233
1234
1235
1235
1240
1241
1241
1243
1246
1247
1248
1248
1249
1250
1250
1252
1252
1256
1256
1256
1258
1258
1259
1259
1260
1260
1261
1263
1265
1265
1265
1267
1268
1268
1270
1270
1270
1270
1272
1273
1275
1275
1276
1276
1278
1281
1281
1282
1287
1288
1290
1291
1291
1294
1294
1295
1295
1297
1299
1299
1301
1304
1304
1304
1307
1308
1308
1310
1310
1312
1314
1315
1316
1318
1318
1318
1319
1320
1320
1322
1322
1323
1324
1325
1325
1326
1328
1329
1330
1331
1332
1334
1336
1336
1337
1338
1339
1340
1341
1341
1341
1346
1347
1348
1349
1349
1350
1352
1352
1353
1354
1355
1356
1356
1357
1358
1358
1358
1361
1362
1362
1366
1367
1367
1367
1367
1370
1371
1372
1373
1373
1376
1376
1377
1379
1379
1379
1380
1381
1382
1382
1385
1385
1386
1386
1387
1389
1391
1395
1395
1396
1398
1399
1399
1400
1403
1403
1403
1403
1403
1405
1405
1405
1406
1407
1407
1408
1408
1413
1413
1414
1415
1416
1417
1420
1421
1421
1421
1426
1426
1426
1430
1430
1432
1433
1433
1434
1434
1436
1436
1436
1438
1441
1442
1442
1443
1443
1443
1443
1445
1445
1447
1447
1450
1450
1451
1451
1452
1453
1454
1458
1458
1460
1461
1462
1462
1463
1463
1466
1467
1467
1467
1468
1468
1468
1468
1469
1469
1469
1470
1471
1473
1473
1474
1475
1475
1476
1476
1478
1479
1482
1483
1484
1484
1485
1485
1486
1487
1489
1489
1491
1492
1492
1493
1494
1495
1495
1496
1496
1498
1499
1501
1501
1501
1501
1502
1503
1504
1504
1505
1505
1506
1507
1507
1508
1509
1510
1512
1512
1512
1513
1513
1514
1515
1515
1516
1517
1518
1518
1518
1518
1519
1523
1523
1526
1527
1528
1529
1530
1530
1532
1532
1532
1534
1534
1536
1536
1537
1537
1537
1539
1540
1541
1543
1545
1545
1545
1545
1550
1553
1554
1555
1556
1557
1558
1559
1559
1560
1560
1561
1562
1563
1566
1568
1569
1569
1570
1572
1576
1576
1578
1581
1582
1582
1585
1586
1586
1586
1590
1590
1591
1592
1592
1592
1594
1594
1595
1596
1597
1597
1599
1599
1600
1602
1603
1606
1611
1611
1612
1612
1613
1614
1615
1615
1616
1617
1620
1620
1620
1622
1622
1624
1625
1625
1627
1627
1628
1629
1629
1629
1630
1630
1635
1636
1638
1640
1640
1640
1641
1641
1642
1646
1647
1647
1648
1652
1652
1652
1653
1655
1655
1655
1656
1659
1660
1661
1662
1662
1662
1662
1665
1667
1668
1668
1668
1670
1670
1673
1675
1676
1678
1679
1680
1680
1680
1681
1681
1681
1682
1682
1684
1686
1687
1687
1690
1690
1693
1693
1694
1695
1695
1696
1698
1701
1702
1702
1703
1703
1704
1706
1706
1708
1710
1711
1712
1713
1714
1716
1717
1718
1719
1720
1721
1721
1721
1723
1724
1725
1726
1726
1726
1727
1728
1728
1728
1729
1731
1732
1732
1732
1733
1734
1734
1734
1735
1738
1738
1738
1738
1740
1740
1744
1744
1745
1746
1747
1749
1753
1753
1754
1754
1755
1761
1761
1761
1762
1762
1763
1764
1765
1767
1768
1768
1774
1774
1774
1775
1775
1777
1777
1778
1778
1778
1779
1780
1781
1783
1784
1786
1787
1788
1788
1789
1789
1790
1790
1793
1794
1795
1795
1795
1796
1796
1800
1801
1801
1802
1802
1802
1802
1803
1803
1804
1805
1805
1806
1807
1808
1809
1813
1815
1815
1815
1816
1817
1818
1818
1821
1822
1823
1823
1823
1824
1824
1824
1825
1826
1827
1827
1827
1831
1835
1836
1838
1840
1841
1841
1841
1843
1844
1844
1845
1845
1847
1847
1848
1848
1849
1850
1851
1853
1854
1854
1855
1855
1855
1856
1856
1857
1857
1858
1859
1861
1864
1865
1865
1867
1867
1867
1868
1869
1869
1869
1870
1870
1870
1871
1871
1871
1872
1873
1877
1878
1879
1879
1882
1884
1885
1888
1888
1889
1890
1891
1892
1893
1893
1894
1895
1896
1899
1900
1901
1901
1901
1904
1904
1907
1908
1909
1910
1911
1912
1912
1913
1915
1915
1915
1916
1916
1917
1917
1918
1918
1920
1922
1924
1926
1926
1928
1928
1928
1929
1930
1930
1931
1931
1933
1934
1935
1935
1935
1936
1936
1936
1938
1939
1940
1940
1940
1942
1942
1943
1944
1945
1945
1946
1947
1949
1949
1949
1949
1951
1951
1951
1955
1955
1958
1958
1960
1960
1962
1963
1963
1965
1966
1967
1967
1968
1969
1969
1969
1969
1971
1972
1974
1974
1977
1977
1980
1980
1981
1982
1984
1985
1987
1988
1990
1992
1996
1997
1997
1999
1999
1999
2000
2004
2004
2006
2006
2008
2011
2011
2012
2015
2017
2018
2020
2022
2023
2023
2025
2026
2026
2026
2027
2027
2028
2029
2029
2030
2031
2031
2031
2034
2034
2035
2035
2035
2038
2040
2041
2043
2043
2045
2046
2047
2048
2051
2053
2054
2055
2057
2058
2061
2062
2063
2063
2063
2064
2065
2066
2067
2067
2068
2071
2072
2072
2074
2074
2074
2075
2076
2077
2080
2080
2080
2081
2082
2083
2083
2083
2085
2085
2085
2086
2088
2088
2089
2090
2091
2093
2095
2096
2096
2097
2098
2099
2100
2100
2101
2101
2103
2103
2105
2105
2106
2107
2107
2107
2108
2109
2113
2113
2113
2115
2115
2115
2117
2117
2118
2119
2120
2123
2126
2126
2126
2127
2127
2127
2128
2128
2128
2129
2130
2132
2132
2133
2136
2137
2138
2138
2139
2139
2140
2140
2141
2141
2143
2145
2145
2147
2148
2149
2150
2151
2152
2158
2160
2161
2162
2163
2163
2163
2168
2169
2171
2171
2172
2172
2173
2174
2178
2179
2180
2182
2183
2183
2184
2186
2187
2189
2190
2191
2193
2194
2195
2195
2196
2197
2198
2198
2198
2198
2199
2200
2201
2201
2203
2205
2206
2206
2206
2207
2207
2208
2208
2208
2208
2209
2210
2211
2213
2215
2216
2216
2217
2218
2218
2221
2221
2222
2222
2222
2223
2225
2228
2230
2230
2231
2235
2238
2238
2238
2239
2240
2241
2241
2242
2244
2244
2244
2245
2245
2245
2246
2248
2249
2251
2251
2251
2252
2255
2255
2256
2256
2256
2256
2256
2257
2257
2258
2258
2259
2259
2260
2262
2265
2266
2267
2267
2267
2268
2270
2270
2272
2272
2273
2274
2274
2275
2276
2276
2276
2278
2278
2280
2282
2282
2283
2283
2285
2286
2287
2287
2288
2289
2289
2290
2291
2291
2291
2292
2292
2294
2297
2300
2300
2300
2300
2301
2302
2302
2302
2306
2307
2308
2309
2310
2311
2311
2312
2315
2315
2316
2316
2319
2319
2321
2321
2321
2325
2326
2326
2326
2327
2328
2329
2331
2332
2332
2333
2334
2335
2337
2338
2338
2339
2344
2348
2351
2351
2353
2354
2355
2356
2358
2358
2359
2360
2361
2363
2365
2368
2370
2370
2371
2371
2374
2374
2376
2377
2377
2377
2377
2378
2381
2381
2382
2382
2382
2383
2383
2385
2386
2387
2387
2388
2390
2391
2393
2394
2394
2394
2394
2395
2395
2396
2396
2399
2399
2399
2400
2403
2407
2407
2408
2410
2410
2412
2414
2417
2417
2419
2419
2419
2420
2421
2421
2422
2423
2423
2424
2425
2426
2429
2429
2431
2433
2435
2436
2436
2439
2439
2440
2440
2441
2441
2442
2442
2444
2444
2444
2445
2445
2446
2447
2448
2449
2450
2450
2450
2451
2451
2451
2451
2454
2456
2456
2458
2458
2458
2459
2459
2460
2462
2464
2467
2467
2468
2468
2470
2470
2471
2472
2472
2473
2475
2475
2476
2476
2476
2476
2477
2477
2478
2481
2484
2485
2485
2486
2488
2488
2489
2489
2494
2494
2497
2500
2501
2502
2503
2504
2505
2505
2506
2506
2507
2508
2508
2508
2509
2509
2509
2512
2512
2512
2513
2515
2517
2517
2518
2518
2520
2521
2522
2522
2524
2524
2525
2525
2528
2528
2528
2530
2531
2534
2537
2538
2538
2539
2539
2540
2543
2544
2545
2546
2547
2548
2548
2550
2552
2552
2553
2556
2557
2557
2558
2559
2559
2564
2569
2569
2570
2571
2572
2574
2574
2575
2578
2579
2579
2579
2579
2580
2582
2582
2582
2583
2583
2584
2584
2585
2585
2585
2587
2588
2588
2589
2590
2592
2592
2592
2594
2595
2597
2597
2597
2598
2599
2599
2599
2599
2601
2602
2602
2602
2603
2604
2606
2606
2607
2607
2608
2611
2611
2614
2615
2616
2618
2620
2621
2623
2624
2629
2631
2632
2633
2633
2634
2635
2635
2635
2636
2636
2637
2637
2638
2639
2639
2639
2639
2640
2641
2641
2644
2644
2645
2646
2648
2649
2650
2650
2650
2652
2652
2652
2653
2654
2654
2654
2655
2656
2656
2656
2657
2658
2659
2659
2659
2663
2664
2665
2665
2669
2672
2673
2674
2675
2678
2679
2679
2680
2680
2681
2682
2683
2684
2685
2686
2686
2688
2688
2688
2689
2691
2694
2696
2697
2698
2699
2699
2699
2700
2700
2701
2703
2703
2704
2705
2709
2709
2709
2709
2712
2714
2717
2717
2717
2721
2721
2721
2722
2722
2723
2724
2724
2725
2727
2728
2728
2730
2731
2731
2732
2735
2735
2736
2736
2737
2740
2740
2741
2741
2741
2742
2742
2742
2742
2743
2744
2744
2744
2744
2745
2746
2747
2747
2749
2750
2751
2751
2752
2754
2755
2756
2756
2757
2758
2758
2758
2759
2759
2760
2760
2760
2760
2763
2763
2764
2765
2765
2765
2765
2766
2766
2766
2767
2767
2775
2776
2776
2777
2778
2780
2781
2781
2782
2782
2783
2783
2784
2785
2785
2786
2787
2789
2790
2791
2791
2792
2794
2794
2798
2798
2798
2800
2803
2803
2804
2804
2804
2805
2806
2807
2807
2808
2810
2811
2812
2813
2814
2815
2815
2816
2817
2817
2817
2818
2820
2821
2822
2826
2826
2826
2827
2828
2828
2828
2830
2831
2831
2834
2835
2836
2837
2840
2840
2840
2840
2842
2843
2843
2843
2843
2845
2845
2849
2850
2853
2853
2853
2855
2857
2858
2858
2858
2860
2861
2861
2863
2864
2865
2868
2868
2869
2870
2871
2871
2873
2873
2877
2879
2879
2880
2880
2882
2883
2884
2888
2889
2891
2891
2891
2892
2896
2896
2897
2899
2899
2900
2900
2901
2901
2901
2905
2905
2905
2906
2907
2908
2909
2911
2913
2914
2915
2916
2916
2917
2918
2920
2922
2924
2924
2925
2925
2926
2927
2928
2928
2928
2929
2930
2930
2932
2934
2934
2934
2935
2936
2937
2938
2938
2939
2940
2943
2944
2944
2948
2950
2951
2952
2954
2954
2955
2955
2955
2956
2959
2959
2962
2963
2963
2965
2965
2966
2966
2966
2967
2967
2969
2970
2970
2971
2971
2973
2974
2975
2975
2977
2979
2980
2980
2980
2982
2983
2985
2985
2985
2986
2987
2987
2987
2988
2988
2988
2989
2990
2990
2992
2994
2994
2995
2998
3001
3002
3002
3002
3002
3002
3004
3006
3010
3012
3013
3015
3015
3017
3019
3020
3021
3021
3021
3022
3022
3022
3023
3024
3025
3027
3028
3028
3029
3031
3032
3032
3033
3033
3034
3037
3038
3038
3038
3042
3044
3045
3045
3045
3047
3048
3048
3050
3050
3052
3052
3054
3054
3055
3056
3056
3057
3058
3060
3060
3061
3062
3064
3067
3068
3069
3070
3071
3072
3072
3073
3073
3073
3074
3078
3079
3081
3081
3081
3082
3083
3083
3084
3084
3085
3086
3086
3088
3088
3091
3091
3091
3091
3093
3094
3095
3096
3097
3097
3097
3097
3101
3103
3103
3103
3103
3106
3108
3110
3111
3112
3113
3115
3115
3117
3118
3121
3121
3122
3123
3124
3124
3124
3128
3129
3132
3133
3133
3135
3137
3138
3139
3140
3140
3141
3141
3143
3144
3145
3146
3147
3148
3150
3151
3155
3155
3156
3157
3157
3159
3162
3163
3166
3166
3167
3169
3170
3171
3172
3173
3173
3174
3174
3175
3175
3175
3176
3177
3178
3179
3182
3183
3183
3183
3184
3184
3185
3185
3186
3186
3186
3187
3188
3189
3189
3190
3191
3191
3192
3196
3198
3199
3201
3203
3204
3204
3205
3206
3206
3207
3207
3209
3212
3213
3214
3215
3216
3217
3218
3218
3218
3219
3220
3222
3224
3224
3226
3227
3228
3229
3232
3233
3234
3236
3237
3237
3237
3238
3241
3241
3242
3244
3245
3245
3245
3251
3252
3255
3255
3257
3258
3261
3262
3262
3262
3262
3263
3268
3268
3269
3271
3271
3274
3274
3276
3276
3277
3278
3280
3280
3282
3282
3285
3286
3286
3287
3288
3289
3289
3290
3290
3291
3292
3293
3294
3294
3296
3296
3298
3301
3301
3302
3302
3302
3303
3305
3306
3307
3307
3308
3308
3309
3309
3310
3311
3311
3312
3313
3315
3316
3316
3317
3317
3319
3320
3322
3323
3323
3324
3324
3325
3325
3331
3333
3334
3334
3336
3338
3340
3341
3343
3344
3346
3347
3347
3348
3350
3351
3352
3354
3356
3357
3357
3357
3358
3359
3359
3360
3362
3363
3363
3363
3364
3366
3366
3368
3369
3370
3371
3371
3372
3374
3378
3378
3380
3380
3381
3382
3382
3383
3384
3385
3385
3387
3390
3391
3392
3394
3396
3400
3400
3400
3402
3404
3404
3405
3407
3408
3408
3411
3413
3413
3413
3416
3418
3421
3423
3423
3423
3423
3423
3425
3426
3427
3428
3429
3430
3431
3433
3434
3435
3436
3439
3441
3441
3442
3442
3442
3443
3445
3445
3446
3446
3452
3454
3454
3456
3456
3456
3457
3457
3458
3460
3462
3465
3465
3465
3466
3467
3469
3469
3470
3471
3473
3473
3474
3474
3474
3476
3476
3476
3476
3476
3477
3478
3479
3480
3480
3480
3480
3481
3481
3482
3483
3483
3483
3485
3485
3486
3487
3489
3490
3492
3493
3495
3496
3496
3497
3498
3502
3504
3504
3506
3507
3507
3507
3507
3508
3508
3511
3513
3513
3514
3515
3515
3516
3516
3517
3520
3521
3521
3523
3525
3526
3527
3527
3529
3531
3534
3534
3536
3536
3539
3540
3540
3541
3541
3541
3542
3543
3544
3549
3551
3551
3551
3552
3553
3553
3554
3555
3555
3556
3556
3556
3556
3559
3559
3564
3565
3565
3566
3567
3567
3568
3568
3569
3570
3570
3570
3571
3573
3575
3577
3578
3579
3580
3582
3582
3582
3584
3585
3586
3586
3586
3587
3589
3591
3591
3593
3595
3598
3599
3604
3605
3605
3609
3611
3615
3616
3616
3617
3619
3619
3619
3622
3622
3622
3622
3624
3625
3625
3627
3631
3635
3635
3635
3635
3636
3637
3638
3638
3640
3640
3640
3640
3641
3642
3644
3644
3644
3644
3646
3648
3648
3649
3649
3649
3650
3652
3653
3653
3653
3655
3658
3658
3661
3663
3663
3664
3665
3670
3670
3672
3672
3673
3673
3673
3673
3675
3677
3678
3679
3679
3679
3680
3680
3680
3680
3681
3682
3682
3684
3685
3686
3686
3687
3687
3688
3689
3689
3689
3690
3690
3690
3691
3691
3692
3692
3692
3696
3696
3696
3698
3698
3701
3701
3701
3703
3703
3704
3704
3706
3707
3708
3708
3709
3710
3711
3712
3712
3712
3713
3714
3714
3717
3717
3720
3720
3721
3721
3722
3722
3726
3727
3728
3728
3730
3731
3731
3732
3736
3739
3739
3740
3740
3740
3742
3742
3743
3743
3744
3744
3744
3745
3748
3749
3750
3752
3752
3753
3754
3754
3754
3757
3757
3760
3761
3762
3762
3765
3767
3767
3768
3768
3768
3768
3768
3771
3772
3773
3774
3775
3775
3776
3777
3780
3781
3781
3782
3784
3784
3786
3788
3792
3795
3795
3797
3798
3798
3799
3800
3801
3802
3802
3805
3806
3807
3807
3809
3810
3810
3812
3814
3814
3816
3817
3818
3819
3819
3819
3821
3821
3822
3823
3824
3825
3825
3827
3829
3831
3831
3834
3835
3836
3836
3838
3839
3841
3841
3842
3842
3844
3847
3847
3848
3850
3850
3851
3851
3852
3853
3853
3854
3855
3855
3856
3856
3856
3857
3858
3860
3860
3860
3860
3861
3863
3864
3864
3865
3865
3865
3866
3866
3866
3866
3869
3869
3871
3872
3872
3873
3873
3873
3874
3874
3874
3876
3876
3876
3878
3884
3885
3885
3886
3886
3887
3887
3888
3888
3890
3891
3893
3895
3896
3898
3898
3898
3899
3901
3902
3903
3903
3904
3905
3907
3908
3908
3909
3909
3909
3910
3911
3911
3913
3914
3914
3915
3916
3917
3924
3924
3925
3926
3927
3928
3928
3929
3932
3932
3933
3933
3934
3934
3934
3935
3936
3936
3936
3936
3936
3937
3937
3939
3939
3940
3941
3941
3942
3942
3943
3944
3945
3946
3949
3950
3950
3952
3953
3955
3955
3956
3957
3959
3960
3960
3962
3966
3966
3966
3967
3968
3968
3970
3972
3974
3976
3977
3977
3977
3979
3979
3980
3981
3982
3983
3984
3985
3985
3986
3986
3987
3988
3988
3989
3989
3989
3990
3991
3991
3994
3995
3995
3996
3997
3997
3998
3999
4000
4001
4003
4005
4006
4011
4013
4014
4015
4015
4016
4018
4018
4018
4019
4021
4021
4022
4023
4024
4026
4027
4030
4032
4033
4034
4035
4035
4035
4037
4037
4037
4037
4037
4038
4040
4040
4041
4044
4048
4048
4050
4051
4053
4058
4058
4059
4059
4059
4060
4060
4061
4061
4061
4062
4064
4067
4067
4067
4069
4070
4070
4072
4072
4072
4074
4074
4077
4078
4079
4079
4081
4081
4082
4082
4082
4084
4085
4085
4085
4087
4089
4089
4091
4091
4098
4099
4100
4102
4102
4103
4103
4105
4105
4107
4109
4112
4114
4115
4116
4116
4116
4117
4117
4120
4120
4121
4121
4121
4123
4123
4123
4125
4126
4127
4128
4128
4128
4128
4130
4130
4130
4130
4130
4131
4132
4132
4134
4134
4135
4135
4138
4139
4140
4142
4143
4143
4143
4143
4143
4145
4147
4147
4148
4148
4149
4149
4150
4150
4150
4152
4153
4154
4155
4155
4155
4155
4156
4157
4158
4159
4160
4161
4161
4162
4162
4165
4165
4165
4165
4165
4168
4170
4170
4171
4172
4172
4173
4174
4175
4176
4176
4177
4177
4179
4180
4180
4180
4181
4181
4181
4184
4185
4186
4186
4187
4187
4189
4191
4193
4195
4195
4197
4197
4198
4200
4202
4203
4205
4207
4207
4208
4209
4210
4211
4211
4212
4216
4216
4218
4218
4218
4219
4219
4220
4220
4220
4220
4222
4222
4222
4223
4224
4225
4225
4227
4229
4230
4230
4231
4232
4233
4233
4234
4235
4239
4241
4242
4246
4246
4249
4252
4253
4255
4257
4259
4259
4259
4261
4263
4266
4266
4266
4270
4271
4272
4272
4274
4275
4276
4278
4279
4281
4281
4282
4284
4286
4287
4288
4288
4289
4290
4290
4292
4294
4295
4296
4298
4298
4302
4303
4303
4303
4303
4305
4305
4308
4309
4309
4312
4314
4316
4317
4317
4319
4322
4323
4324
4325
4326
4328
4328
4328
4329
4329
4330
4330
4331
4331
4331
4331
4334
4335
4335
4337
4342
4342
4346
4346
4346
4348
4348
4349
4349
4350
4351
4351
4352
4352
4352
4354
4354
4354
4356
4357
4358
4359
4360
4361
4361
4361
4362
4362
4364
4366
4367
4367
4368
4368
4369
4370
4371
4372
4372
4374
4376
4380
4384
4385
4387
4387
4393
4395
4395
4395
4398
4399
4400
4401
4401
4401
4403
4404
4405
4405
4406
4408
4408
4408
4411
4412
4414
4415
4416
4417
4418
4418
4419
4420
4420
4422
4422
4422
4423
4424
4426
4426
4426
4428
4430
4432
4432
4435
4436
4437
4438
4439
4441
4442
4444
4444
4445
4446
4449
4450
4455
4455
4455
4455
4458
4459
4463
4463
4465
4466
4467
4467
4468
4468
4470
4471
4471
4471
4473
4473
4474
4475
4476
4477
4478
4478
4480
4480
4481
4481
4483
4485
4486
4488
4489
4494
4495
4496
4497
4498
4498
4498
4498
4498
4498
4499
4501
4501
4502
4504
4504
4505
4508
4508
4509
4509
4510
4512
4516
4516
4518
4518
4518
4519
4519
4522
4523
4524
4524
4525
4525
4526
4527
4528
4529
4530
4532
4533
4535
4535
4535
4537
4539
4541
4542
4543
4544
4545
4545
4547
4550
4550
4550
4552
4553
4553
4553
4555
4556
4557
4558
4559
4559
4560
4560
4561
4562
4562
4564
4565
4566
4568
4570
4571
4573
4573
4574
4578
4578
4579
4580
4580
4583
4583
4583
4584
4585
4585
4588
4590
4590
4590
4590
4591
4593
4593
4595
4595
4595
4598
4598
4600
4600
4600
4600
4602
4602
4603
4604
4604
4606
4607
4607
4607
4607
4610
4610
4612
4613
4613
4614
4615
4616
4616
4616
4616
4617
4617
4618
4618
4619
4620
4620
4621
4622
4622
4623
4623
4624
4624
4626
4628
4630
4631
4633
4633
4634
4635
4635
4635
4635
4636
4637
4640
4641
4641
4642
4642
4644
4644
4645
4648
4650
4651
4652
4653
4653
4655
4655
4655
4655
4655
4657
4658
4658
4658
4658
4660
4660
4660
4660
4661
4662
4662
4662
4665
4669
4671
4674
4676
4676
4678
4680
4680
4681
4682
4683
4685
4686
4690
4693
4693
4693
4694
4695
4697
4699
4699
4701
4702
4703
4704
4705
4707
4707
4708
4709
4709
4711
4711
4711
4714
4714
4715
4716
4720
4721
4721
4721
4723
4724
4724
4726
4726
4726
4727
4728
4728
4729
4729
4730
4730
4733
4734
4734
4735
4735
4736
4736
4738
4740
4740
4740
4741
4742
4743
4743
4746
4748
4748
4749
4749
4751
4751
4751
4752
4753
4754
4756
4756
4758
4758
4759
4759
4759
4760
4761
4762
4766
4767
4768
4768
4769
4770
4773
4775
4775
4776
4777
4778
4778
4778
4779
4781
4782
4783
4784
4784
4786
4787
4788
4790
4792
4793
4793
4793
4795
4795
4796
4798
4800
4803
4804
4804
4808
4809
4809
4814
4815
4816
4817
4820
4824
4825
4827
4827
4827
4827
4829
4830
4831
4831
4832
4833
4835
4837
4840
4841
4841
4841
4842
4844
4846
4846
4847
4847
4848
4849
4851
4852
4853
4853
4855
4855
4856
4857
4858
4859
4859
4859
4859
4860
4862
4862
4862
4863
4865
4865
4865
4865
4867
4868
4871
4873
4875
4875
4875
4875
4877
4879
4880
4880
4881
4881
4883
4883
4884
4885
4885
4886
4889
4891
4893
4895
4896
4897
4898
4898
4898
4898
4900
4900
4902
4903
4904
4904
4904
4907
4908
4910
4911
4911
4912
4914
4918
4920
4920
4920
4921
4923
4925
4927
4928
4931
4932
4933
4933
4937
4938
4939
4942
4942
4943
4945
4945
4947
4948
4949
4952
4952
4954
4955
4955
4955
4956
4957
4961
4961
4962
4962
4962
4963
4965
4969
4970
4971
4971
4972
4973
4973
4974
4975
4975
4976
4976
4977
4981
4982
4983
4984
4985
4986
4987
4987
4987
4988
4989
4992
4995
4995
4999
5000
5000
5002
5002
5003
5005
5006
5007
5009
5009
5010
5010
5012
5014
5015
5017
5018
5019
5020
5020
5020
5021
5022
5023
5024
5025
5025
5025
5026
5027
5027
5028
5031
5031
5032
5035
5036
5036
5037
5038
5039
5040
5041
5042
5044
5046
5049
5052
5053
5054
5054
5055
5055
5058
5058
5059
5059
5060
5060
5061
5062
5066
5067
5068
5068
5068
5069
5069
5070
5070
5075
5076
5077
5078
5078
5079
5081
5081
5086
5086
5088
5088
5089
5090
5090
5091
5091
5091
5095
5096
5097
5099
5100
5100
5101
5102
5103
5103
5104
5104
5104
5105
5106
5106
5107
5107
5108
5109
5110
5111
5111
5112
5115
5117
5118
5119
5120
5123
5123
5125
5125
5125
5127
5129
5130
5133
5134
5134
5135
5136
5136
5136
5137
5138
5139
5140
5140
5141
5141
5141
5142
5142
5143
5144
5145
5149
5149
5149
5149
5150
5151
5152
5155
5155
5155
5155
5155
5158
5159
5159
5160
5161
5162
5165
5165
5165
5166
5166
5168
5169
5170
5171
5171
5172
5173
5173
5174
5174
5174
5175
5175
5178
5180
5182
5183
5187
5188
5188
5188
5191
5191
5192
5193
5195
5198
5203
5203
5203
5205
5207
5207
5208
5211
5215
5215
5216
5217
5217
5217
5217
5219
5220
5221
5221
5222
5223
5226
5228
5229
5229
5230
5231
5238
5239
5240
5240
5241
5241
5242
5244
5244
5244
5245
5247
5248
5248
5248
5250
5250
5251
5251
5251
5251
5253
5254
5254
5255
5258
5260
5260
5261
5261
5262
5263
5265
5265
5266
5267
5267
5268
5269
5269
5274
5274
5275
5276
5276
5278
5280
5281
5281
5283
5284
5284
5285
5287
5287
5287
5288
5289
5292
5293
5294
5295
5296
5296
5297
5297
5297
5298
5299
5299
5300
5300
5301
5301
5302
5303
5304
5304
5306
5306
5308
5310
5311
5311
5312
5313
5315
5316
5316
5316
5317
5321
5323
5327
5328
5329
5332
5333
5334
5336
5337
5337
5338
5338
5339
5340
5340
5342
5343
5343
5344
5345
5345
5345
5346
5346
5347
5347
5348
5348
5349
5351
5351
5352
5353
5353
5354
5354
5354
5355
5357
5359
5360
5360
5360
5362
5363
5364
5365
5366
5367
5367
5367
5368
5370
5371
5371
5371
5373
5374
5374
5375
5375
5375
5376
5376
5376
5377
5379
5380
5381
5381
5382
5382
5382
5383
5385
5386
5387
5388
5390
5391
5395
5395
5395
5396
5396
5399
5402
5402
5402
5403
5407
5407
5407
5408
5413
5413
5414
5415
5415
5416
5420
5427
5429
5430
5432
5432
5432
5433
5433
5433
5435
5437
5437
5438
5438
5440
5440
5443
5445
5448
5448
5449
5450
5450
5451
5451
5452
5452
5453
5456
5456
5457
5458
5459
5459
5460
5461
5464
5465
5468
5468
5468
5468
5469
5469
5469
5469
5472
5473
5474
5478
5479
5480
5480
5480
5480
5480
5480
5481
5481
5481
5481
5483
5485
5486
5489
5492
5497
5499
5499
5499
5501
5504
5504
5504
5505
5505
5508
5512
5513
5513
5514
5515
5520
5522
5523
5524
5524
5525
5525
5529
5529
5530
5531
5534
5535
5535
5538
5538
5539
5542
5543
5544
5545
5545
5548
5550
5550
5551
5551
5554
5556
5556
5556
5556
5556
5557
5557
5557
5558
5560
5560
5562
5563
5567
5568
5573
5574
5576
5577
5579
5580
5580
5583
5583
5586
5588
5588
5588
5590
5593
5594
5594
5594
5595
5596
5597
5598
5598
5600
5600
5600
5602
5602
5603
5604
5607
5607
5608
5609
5609
5609
5612
5612
5613
5613
5616
5616
5620
5620
5621
5623
5624
5624
5624
5625
5626
5629
5629
5631
5631
5633
5634
5635
5637
5638
5638
5639
5639
5640
5641
5642
5642
5643
5643
5644
5644
5645
5645
5647
5648
5648
5651
5653
5656
5656
5658
5658
5660
5660
5662
5662
5662
5663
5663
5664
5666
5666
5667
5668
5668
5668
5668
5670
5670
5672
5673
5673
5674
5674
5675
5676
5677
5677
5678
5678
5680
5680
5680
5680
5681
5682
5683
5683
5684
5687
5687
5689
5692
5692
5694
5696
5696
5697
5698
5699
5699
5700
5702
5703
5703
5704
5705
5705
5706
5707
5708
5708
5708
5709
5710
5711
5712
5714
5714
5714
5716
5716
5718
5718
5721
5722
5724
5726
5728
5728
5729
5731
5737
5737
5740
5740
5740
5742
5744
5744
5744
5747
5747
5749
5750
5752
5753
5753
5753
5755
5756
5756
5757
5758
5758
5758
5760
5761
5763
5764
5765
5766
5767
5767
5769
5770
5770
5774
5775
5776
5776
5776
5777
5777
5778
5778
5778
5781
5781
5781
5781
5784
5784
5785
5787
5788
5788
5789
5789
5791
5791
5794
5794
5797
5797
5799
5802
5802
5803
5803
5804
5804
5805
5807
5807
5808
5808
5810
5811
5813
5813
5814
5815
5816
5816
5816
5817
5817
5817
5819
5819
5820
5821
5822
5825
5826
5826
5826
5829
5829
5831
5832
5832
5833
5834
5834
5835
5837
5837
5838
5838
5839
5839
5839
5840
5841
5841
5843
5843
5843
5843
5843
5846
5847
5847
5847
5850
5850
5851
5851
5852
5852
5852
5854
5855
5855
5856
5857
5857
5858
5860
5861
5861
5862
5865
5865
5866
5868
5870
5870
5873
5874
5875
5878
5878
5881
5882
5882
5884
5884
5887
5888
5889
5893
5893
5893
5894
5894
5896
5896
5898
5898
5899
5899
5900
5900
5900
5900
5901
5903
5904
5905
5905
5905
5907
5907
5908
5909
5911
5911
5912
5913
5914
5914
5915
5915
5915
5917
5917
5917
5918
5919
5920
5924
5926
5928
5928
5928
5930
5931
5932
5933
5933
5933
5934
5934
5936
5937
5937
5937
5938
5938
5942
5942
5943
5943
5945
5946
5946
5947
5947
5949
5949
5952
5952
5952
5954
5956
5956
5957
5958
5958
5958
5959
5960
5961
5961
5962
5963
5965
5965
5968
5970
5971
5971
5971
5972
5972
5976
5976
5979
5979
5981
5982
5982
5982
5983
5983
5983
5983
5984
5985
5986
5987
5987
5991
5991
5991
5993
5993
5995
5995
5995
5995
5996
5997
5998
5998
5999
5999
6002
6002
6002
6006
6007
6007
6007
6009
6009
6011
6013
6014
6014
6015
6017
6018
6018
6019
6019
6019
6022
6024
6024
6024
6024
6027
6027
6027
6029
6031
6031
6032
6033
6034
6036
6037
6037
6037
6037
6038
6039
6039
6040
6041
6043
6045
6046
6047
6051
6053
6054
6054
6055
6056
6056
6056
6057
6057
6058
6060
6060
6063
6066
6067
6067
6069
6071
6073
6074
6074
6074
6075
6075
6079
6079
6080
6080
6080
6080
6082
6084
6087
6087
6089
6089
6090
6091
6091
6096
6097
6097
6098
6100
6100
6101
6102
6103
6103
6104
6105
6106
6107
6107
6111
6111
6112
6112
6113
6113
6114
6115
6115
6116
6117
6121
6122
6122
6124
6125
6126
6126
6126
6126
6130
6132
6133
6134
6134
6134
6134
6135
6135
6135
6136
6136
6136
6137
6138
6139
6140
6143
6143
6145
6146
6147
6148
6148
6149
6149
6149
6151
6151
6152
6153
6154
6155
6156
6156
6161
6163
6164
6165
6165
6166
6168
6169
6171
6173
6174
6174
6176
6176
6178
6178
6179
6181
6181
6183
6183
6183
6184
6184
6185
6186
6186
6187
6187
6188
6190
6190
6190
6191
6192
6193
6195
6196
6197
6197
6200
6200
6201
6202
6203
6204
6205
6206
6207
6207
6211
6211
6211
6211
6212
6212
6214
6215
6215
6216
6216
6217
6218
6218
6219
6220
6221
6223
6225
6225
6225
6225
6226
6227
6228
6229
6230
6231
6231
6231
6233
6233
6236
6237
6237
6237
6237
6240
6240
6242
6242
6242
6243
6243
6244
6245
6245
6248
6249
6250
6250
6251
6251
6251
6253
6253
6253
6254
6255
6257
6258
6260
6260
6265
6271
6271
6271
6274
6276
6276
6281
6281
6281
6282
6283
6284
6286
6286
6287
6287
6287
6289
6290
6290
6294
6294
6295
6296
6296
6296
6297
6297
6299
6299
6299
6300
6300
6302
6302
6303
6304
6305
6306
6307
6308
6308
6309
6310
6313
6314
6314
6314
6315
6316
6318
6320
6320
6321
6322
6326
6327
6329
6329
6330
6331
6332
6334
6335
6336
6337
6337
6339
6339
6340
6340
6342
6346
6348
6349
6349
6350
6351
6351
6352
6353
6356
6356
6356
6356
6357
6358
6359
6360
6360
6360
6361
6361
6361
6363
6363
6365
6366
6367
6367
6368
6368
6368
6369
6371
6374
6374
6375
6376
6376
6376
6377
6377
6378
6378
6379
6380
6380
6381
6381
6381
6382
6384
6384
6384
6386
6386
6387
6390
6391
6391
6392
6392
6392
6393
6393
6393
6393
6394
6394
6395
6398
6398
6399
6399
6401
6402
6403
6404
6410
6412
6412
6413
6413
6413
6416
6417
6417
6418
6419
6419
6419
6420
6420
6422
6422
6422
6425
6427
6428
6428
6428
6428
6431
6431
6432
6434
6434
6435
6437
6438
6439
6439
6440
6441
6441
6441
6441
6441
6441
6443
6443
6446
6446
6447
6448
6449
6450
6450
6451
6453
6453
6454
6455
6455
6458
6458
6461
6462
6462
6463
6464
6467
6467
6468
6469
6472
6472
6475
6476
6478
6482
6484
6484
6484
6484
6484
6484
6485
6487
6488
6488
6489
6493
6494
6495
6496
6496
6496
6497
6497
6497
6498
6499
6501
6501
6501
6502
6503
6503
6503
6508
6509
6510
6510
6511
6511
6512
6513
6514
6516
6516
6518
6518
6519
6519
6519
6520
6521
6522
6523
6525
6525
6528
6528
6529
6534
6534
6535
6536
6538
6541
6543
6546
6546
6548
6548
6550
6551
6551
6558
6558
6558
6559
6560
6562
6564
6564
6564
6565
6565
6565
6565
6566
6566
6566
6569
6569
6569
6570
6571
6574
6575
6576
6577
6578
6580
6580
6581
6581
6586
6588
6590
6591
6591
6592
6593
6596
6597
6597
6597
6597
6598
6599
6600
6602
6603
6604
6605
6606
6607
6609
6610
6611
6613
6613
6618
6619
6620
6620
6622
6623
6623
6627
6627
6628
6628
6629
6629
6631
6635
6635
6636
6636
6638
6638
6641
6642
6642
6642
6642
6643
6645
6647
6649
6649
6650
6651
6653
6655
6658
6658
6660
6660
6661
6661
6661
6661
6663
6663
6664
6666
6666
6666
6667
6667
6668
6670
6670
6670
6670
6671
6672
6672
6673
6674
6674
6675
6676
6676
6676
6677
6677
6678
6679
6679
6680
6680
6680
6681
6682
6683
6684
6685
6686
6688
6688
6689
6689
6690
6690
6691
6691
6691
6692
6692
6695
6696
6696
6697
6697
6697
6698
6698
6699
6699
6700
6700
6700
6701
6702
6702
6702
6704
6706
6706
6708
6709
6711
6711
6712
6713
6714
6715
6716
6716
6716
6717
6719
6719
6719
6719
6720
6722
6722
6724
6726
6726
6726
6727
6727
6729
6730
6731
6732
6735
6735
6736
6736
6736
6736
6737
6737
6739
6740
6740
6740
6741
6741
6742
6742
6745
6746
6748
6748
6749
6750
6752
6752
6755
6755
6755
6756
6758
6758
6758
6759
6762
6763
6765
6766
6767
6767
6768
6769
6770
6772
6772
6772
6773
6775
6775
6776
6777
6777
6777
6778
6778
6778
6778
6782
6783
6785
6786
6786
6788
6789
6789
6789
6790
6794
6795
6796
6797
6797
6798
6800
6801
6803
6804
6805
6806
6807
6808
6809
6809
6810
6810
6811
6812
6815
6815
6816
6818
6819
6820
6820
6822
6824
6825
6825
6825
6827
6828
6829
6830
6830
6830
6832
6832
6832
6833
6835
6835
6836
6836
6838
6838
6838
6838
6839
6839
6839
6840
6841
6842
6845
6846
6850
6851
6851
6851
6852
6852
6853
6853
6854
6854
6854
6855
6857
6857
6858
6859
6859
6859
6859
6861
6861
6862
6863
6863
6864
6865
6865
6867
6871
6871
6871
6872
6875
6876
6878
6881
6882
6882
6884
6885
6886
6886
6886
6887
6887
6888
6890
6890
6893
6895
6895
6896
6896
6897
6898
6898
6899
6902
6903
6903
6904
6905
6905
6905
6909
6912
6912
6912
6913
6914
6918
6920
6921
6921
6922
6922
6924
6925
6925
6926
6927
6928
6928
6930
6933
6933
6935
6935
6935
6935
6936
6939
6939
6943
6943
6946
6949
6950
6951
6951
6952
6953
6953
6954
6957
6958
6958
6958
6958
6960
6961
6962
6962
6964
6965
6966
6969
6970
6972
6972
6972
6973
6973
6977
6978
6978
6980
6980
6983
6984
6984
6985
6987
6988
6990
6990
6990
6991
6993
6996
6996
6997
6998
6999
7001
7001
7002
7003
7005
7007
7007
7007
7008
7008
7008
7009
7010
7010
7012
7012
7013
7013
7014
7014
7016
7017
7018
7018
7018
7021
7021
7023
7027
7027
7028
7029
7030
7030
7031
7034
7035
7035
7036
7036
7037
7038
7039
7039
7040
7040
7041
7044
7045
7045
7048
7050
7051
7052
7053
7053
7054
7055
7058
7059
7061
7062
7063
7063
7065
7065
7068
7069
7070
7070
7072
7073
7074
7074
7074
7075
7076
7076
7077
7077
7078
7080
7082
7083
7085
7086
7088
7088
7089
7090
7094
7095
7096
7097
7097
7098
7098
7100
7101
7102
7103
7104
7105
7105
7105
7107
7107
7110
7111
7112
7114
7115
7115
7116
7116
7118
7119
7121
7123
7123
7123
7128
7129
7130
7131
7132
7133
7133
7135
7136
7136
7141
7142
7145
7146
7146
7146
7147
7149
7150
7152
7152
7153
7153
7154
7154
7155
7155
7157
7158
7159
7161
7163
7164
7164
7166
7166
7166
7168
7169
7170
7171
7173
7173
7173
7173
7174
7174
7176
7176
7177
7179
7180
7180
7180
7180
7181
7181
7181
7182
7184
7184
7186
7186
7189
7192
7192
7195
7195
7196
7198
7201
7203
7204
7207
7208
7208
7209
7210
7211
7212
7212
7214
7214
7214
7215
7215
7219
7219
7220
7222
7223
7224
7227
7227
7228
7228
7228
7228
7230
7230
7230
7232
7232
7233
7233
7237
7237
7238
7239
7239
7241
7241
7242
7243
7244
7244
7244
7245
7246
7246
7249
7250
7252
7252
7253
7253
7253
7255
7255
7256
7256
7256
7260
7261
7265
7267
7270
7270
7272
7273
7276
7276
7278
7278
7280
7280
7287
7288
7288
7289
7289
7290
7291
7293
7293
7294
7295
7297
7298
7298
7298
7301
7303
7303
7304
7306
7307
7309
7309
7310
7313
7313
7314
7315
7315
7317
7321
7321
7323
7324
7324
7324
7324
7324
7325
7328
7328
7330
7331
7333
7336
7336
7336
7337
7338
7338
7338
7339
7340
7341
7343
7343
7343
7344
7345
7346
7346
7347
7348
7349
7349
7352
7352
7353
7353
7357
7357
7357
7357
7360
7361
7362
7362
7364
7365
7370
7370
7373
7375
7378
7379
7379
7380
7383
7385
7385
7386
7387
7387
7389
7390
7390
7393
7394
7394
7395
7396
7397
7397
7398
7398
7399
7399
7401
7401
7402
7402
7402
7405
7406
7407
7413
7414
7415
7416
7417
7417
7420
7420
7421
7422
7423
7423
7426
7426
7427
7427
7429
7429
7429
7430
7432
7433
7433
7435
7435
7436
7436
7437
7438
7438
7438
7439
7439
7440
7443
7444
7444
7445
7447
7447
7448
7448
7448
7451
7452
7452
7453
7454
7454
7454
7455
7456
7456
7457
7457
7457
7460
7461
7461
7462
7463
7464
7464
7466
7466
7467
7467
7468
7469
7473
7473
7474
7475
7481
7482
7482
7484
7486
7489
7490
7491
7492
7492
7495
7496
7497
7497
7498
7499
7500
7500
7501
7502
7503
7503
7505
7506
7508
7510
7512
7512
7512
7512
7517
7519
7521
7521
7522
7527
7527
7527
7529
7531
7534
7535
7536
7538
7539
7541
7543
7544
7544
7545
7547
7548
7548
7549
7550
7551
7552
7554
7555
7558
7558
7559
7560
7560
7561
7562
7564
7565
7566
7567
7568
7568
7568
7569
7570
7570
7570
7572
7575
7576
7576
7579
7579
7580
7580
7584
7584
7584
7585
7586
7588
7588
7588
7589
7589
7589
7590
7590
7591
7594
7594
7597
7601
7602
7602
7603
7603
7603
7604
7604
7604
7604
7606
7607
7607
7607
7607
7608
7608
7609
7609
7609
7614
7614
7615
7616
7616
7616
7617
7617
7618
7618
7619
7619
7620
7621
7621
7622
7623
7627
7628
7629
7631
7633
7636
7637
7637
7638
7638
7640
7643
7645
7645
7645
7647
7647
7649
7649
7650
7651
7652
7653
7653
7654
7654
7655
7658
7659
7659
7659
7660
7660
7664
7666
7666
7667
7670
7671
7671
7672
7673
7673
7676
7677
7681
7681
7682
7683
7683
7685
7686
7686
7687
7688
7688
7688
7689
7690
7690
7690
7691
7692
7693
7694
7695
7695
7697
7700
7701
7701
7702
7703
7703
7704
7706
7707
7707
7710
7711
7711
7712
7713
7715
7715
7716
7716
7717
7719
7720
7720
7720
7721
7722
7723
7724
7724
7725
7727
7728
7729
7730
7732
7732
7733
7734
7735
7737
7739
7739
7740
7740
7743
7743
7743
7743
7744
7744
7747
7747
7748
7748
7749
7749
7750
7750
7751
7752
7754
7754
7755
7756
7757
7758
7758
7759
7760
7760
7760
7761
7761
7763
7763
7764
7765
7766
7766
7767
7768
7771
7771
7772
7772
7773
7773
7775
7777
7777
7777
7779
7779
7780
7780
7781
7781
7782
7782
7784
7784
7784
7784
7786
7786
7786
7787
7787
7790
7790
7794
7795
7795
7795
7797
7798
7801
7801
7801
7801
7802
7802
7803
7803
7803
7804
7804
7806
7806
7807
7808
7809
7809
7809
7810
7812
7814
7814
7814
7815
7815
7817
7818
7819
7820
7821
7822
7822
7824
7824
7824
7825
7826
7828
7828
7831
7832
7832
7833
7833
7833
7835
7835
7837
7839
7839
7840
7841
7844
7846
7847
7848
7848
7851
7852
7853
7854
7856
7859
7860
7862
7863
7863
7866
7867
7868
7869
7870
7871
7871
7872
7872
7872
7872
7872
7872
7873
7873
7874
7875
7875
7876
7877
7877
7877
7878
7878
7878
7881
7886
7887
7889
7889
7890
7893
7895
7896
7896
7897
7897
7898
7900
7901
7903
7904
7904
7905
7905
7905
7907
7908
7909
7910
7911
7912
7912
7912
7913
7914
7915
7917
7919
7919
7920
7920
7922
7924
7925
7925
7925
7929
7929
7930
7931
7933
7936
7936
7936
7937
7937
7939
7941
7945
7945
7946
7946
7947
7948
7948
7949
7950
7951
7951
7952
7952
7953
7953
7955
7955
7955
7959
7959
7959
7960
7962
7962
7963
7967
7967
7968
7969
7969
7969
7972
7974
7974
7974
7975
7975
7975
7976
7977
7980
7981
7981
7982
7982
7982
7984
7986
7987
7988
7988
7989
7989
7990
7990
7992
7992
7996
7997
7997
7998
7998
8000
8000
8002
8002
8003
8004
8005
8006
8007
8010
8011
8012
8013
8014
8015
8016
8016
8018
8018
8018
8019
8021
8021
8021
8022
8022
8022
8022
8024
8024
8025
8030
8031
8032
8034
8034
8034
8034
8036
8038
8039
8039
8039
8040
8040
8042
8042
8043
8044
8045
8047
8047
8048
8048
8049
8049
8049
8054
8054
8054
8056
8059
8059
8062
8062
8062
8063
8063
8064
8064
8065
8069
8071
8071
8072
8073
8073
8073
8074
8074
8076
8076
8076
8077
8078
8078
8078
8080
8080
8082
8085
8086
8088
8089
8089
8091
8091
8092
8092
8092
8093
8094
8098
8098
8099
8100
8100
8103
8106
8107
8108
8109
8110
8110
8111
8111
8111
8111
8113
8113
8114
8115
8118
8120
8120
8121
8121
8121
8122
8125
8126
8129
8129
8129
8130
8131
8133
8135
8136
8139
8139
8139
8140
8141
8141
8143
8143
8144
8145
8146
8147
8147
8148
8150
8150
8152
8155
8156
8159
8162
8162
8163
8163
8165
8166
8167
8169
8170
8172
8173
8173
8175
8175
8178
8179
8180
8180
8181
8182
8182
8182
8184
8185
8186
8188
8188
8189
8195
8196
8197
8198
8198
8199
8199
8201
8201
8202
8203
8203
8205
8208
8210
8213
8215
8215
8216
8217
8217
8217
8218
8218
8218
8220
8221
8222
8222
8222
8223
8223
8224
8225
8228
8228
8228
8230
8230
8231
8231
8233
8234
8234
8235
8236
8238
8241
8242
8243
8244
8245
8246
8246
8248
8250
8250
8251
8252
8252
8252
8254
8254
8256
8257
8258
8258
8259
8261
8264
8267
8268
8268
8268
8270
8270
8271
8271
8272
8273
8275
8276
8276
8279
8279
8279
8279
8284
8286
8286
8286
8287
8288
8288
8289
8291
8291
8293
8295
8295
8296
8297
8297
8297
8298
8300
8300
8301
8302
8306
8307
8307
8309
8309
8310
8311
8314
8315
8315
8316
8318
8319
8320
8321
8321
8322
8323
8323
8327
8327
8328
8329
8330
8330
8331
8335
8335
8336
8337
8338
8338
8340
8344
8346
8347
8348
8348
8349
8349
8350
8350
8351
8351
8352
8352
8354
8354
8355
8355
8356
8357
8357
8359
8359
8359
8359
8360
8360
8360
8361
8362
8363
8363
8363
8363
8364
8366
8366
8367
8368
8368
8368
8368
8370
8371
8371
8372
8374
8375
8375
8375
8376
8376
8377
8377
8378
8379
8379
8379
8386
8386
8387
8389
8390
8392
8394
8397
8397
8399
8399
8401
8402
8402
8403
8403
8403
8403
8404
8404
8404
8405
8407
8408
8408
8409
8409
8409
8410
8412
8413
8413
8415
8415
8417
8417
8418
8418
8419
8420
8420
8421
8422
8422
8423
8423
8423
8427
8427
8428
8428
8429
8429
8431
8431
8432
8433
8434
8435
8435
8436
8437
8437
8437
8438
8439
8442
8442
8442
8442
8445
8445
8445
8445
8446
8447
8450
8451
8451
8451
8451
8452
8452
8453
8453
8455
8457
8457
8457
8459
8461
8462
8462
8462
8463
8464
8464
8465
8465
8466
8466
8467
8467
8468
8471
8472
8473
8475
8475
8476
8476
8476
8477
8479
8480
8482
8482
8483
8483
8484
8487
8488
8490
8491
8492
8493
8494
8494
8494
8497
8499
8500
8500
8500
8500
8502
8502
8503
8504
8506
8509
8510
8510
8512
8515
8515
8516
8518
8519
8519
8520
8520
8521
8522
8523
8523
8526
8527
8527
8528
8528
8529
8529
8530
8530
8532
8533
8533
8534
8535
8535
8535
8536
8537
8538
8539
8540
8541
8543
8543
8543
8544
8544
8545
8547
8548
8548
8550
8551
8552
8553
8553
8554
8555
8557
8557
8557
8558
8558
8559
8560
8561
8562
8563
8565
8565
8566
8567
8568
8568
8568
8572
8572
8574
8575
8575
8575
8576
8577
8578
8579
8581
8582
8582
8583
8584
8584
8584
8585
8585
8585
8586
8586
8586
8586
8588
8589
8590
8590
8591
8591
8591
8592
8592
8593
8594
8595
8596
8597
8598
8600
8601
8603
8605
8606
8606
8607
8609
8611
8612
8612
8613
8613
8614
8615
8615
8615
8615
8617
8618
8618
8620
8624
8627
8627
8627
8628
8628
8629
8629
8631
8632
8633
8634
8635
8636
8636
8638
8638
8638
8638
8644
8644
8645
8645
8646
8649
8649
8651
8651
8651
8651
8652
8654
8655
8655
8656
8657
8658
8659
8659
8659
8661
8662
8666
8667
8669
8671
8671
8672
8673
8673
8673
8675
8677
8677
8678
8679
8684
8684
8685
8685
8685
8685
8686
8687
8688
8690
8691
8692
8692
8696
8697
8698
8701
8703
8707
8711
8711
8712
8712
8712
8713
8719
8720
8721
8724
8726
8726
8726
8729
8730
8730
8732
8732
8734
8738
8740
8740
8740
8741
8742
8744
8744
8745
8745
8746
8747
8748
8748
8749
8749
8749
8750
8751
8752
8753
8754
8754
8755
8755
8755
8755
8756
8756
8758
8759
8759
8762
8763
8765
8765
8768
8768
8769
8770
8770
8770
8770
8772
8773
8774
8775
8775
8775
8775
8778
8780
8783
8784
8784
8786
8786
8788
8790
8791
8791
8792
8792
8793
8794
8795
8795
8796
8797
8797
8798
8799
8800
8803
8804
8805
8805
8807
8807
8812
8812
8814
8814
8815
8815
8815
8818
8819
8819
8820
8820
8821
8821
8821
8823
8823
8825
8826
8827
8828
8828
8829
8829
8830
8830
8831
8834
8834
8835
8836
8837
8837
8840
8841
8841
8842
8843
8844
8845
8845
8846
8846
8847
8847
8849
8852
8853
8855
8855
8857
8857
8860
8860
8861
8862
8863
8863
8864
8865
8866
8868
8868
8871
8871
8872
8872
8872
8873
8874
8875
8876
8877
8878
8880
8881
8881
8883
8884
8885
8887
8889
8893
8894
8895
8895
8898
8898
8898
8901
8901
8901
8901
8903
8903
8903
8904
8904
8905
8905
8907
8907
8907
8910
8910
8910
8912
8913
8914
8915
8915
8915
8916
8918
8920
8920
8920
8920
8920
8921
8922
8924
8924
8924
8925
8925
8926
8928
8928
8930
8931
8932
8936
8936
8937
8938
8939
8940
8945
8946
8948
8948
8951
8951
8952
8952
8953
8954
8955
8959
8959
8959
8959
8962
8964
8965
8965
8965
8965
8966
8967
8967
8968
8969
8969
8971
8971
8972
8973
8975
8975
8977
8980
8986
8987
8987
8991
8991
8992
8992
8993
8994
8994
8995
8996
8996
8997
9000
9001
9002
9004
9004
9006
9008
9009
9009
9010
9010
9011
9011
9012
9013
9017
9017
9018
9019
9020
9021
9021
9022
9023
9024
9024
9028
9030
9031
9032
9032
9033
9035
9036
9036
9037
9037
9037
9037
9039
9039
9039
9039
9041
9042
9042
9043
9044
9045
9045
9046
9046
9047
9047
9049
9051
9052
9052
9052
9053
9054
9055
9056
9057
9057
9060
9061
9063
9063
9064
9066
9068
9069
9070
9071
9072
9072
9073
9076
9076
9076
9076
9077
9077
9078
9078
9078
9079
9080
9080
9081
9082
9087
9087
9089
9090
9091
9092
9092
9093
9093
9095
9096
9097
9098
9103
9105
9105
9105
9105
9106
9106
9108
9109
9110
9112
9113
9114
9115
9116
9118
9118
9119
9119
9120
9121
9123
9124
9124
9125
9128
9128
9128
9129
9131
9131
9131
9132
9132
9135
9135
9135
9136
9136
9137
9137
9137
9138
9138
9138
9140
9141
9141
9142
9143
9144
9144
9144
9145
9150
9150
9150
9151
9152
9153
9154
9154
9154
9154
9155
9155
9156
9156
9157
9158
9162
9163
9163
9164
9165
9167
9167
9169
9170
9171
9171
9172
9175
9175
9177
9180
9181
9181
9181
9182
9183
9184
9186
9186
9187
9188
9188
9188
9189
9189
9190
9191
9192
9193
9195
9197
9197
9198
9198
9199
9200
9200
9201
9202
9203
9205
9205
9207
9208
9208
9210
9211
9213
9216
9216
9217
9217
9218
9220
9221
9221
9222
9222
9224
9225
9226
9226
9228
9231
9231
9231
9232
9235
9236
9237
9239
9240
9241
9244
9244
9245
9247
9248
9248
9250
9250
9251
9251
9252
9255
9256
9256
9257
9257
9258
9258
9259
9260
9261
9263
9263
9264
9266
9267
9267
9269
9270
9271
9272
9272
9273
9274
9275
9275
9277
9277
9278
9278
9278
9279
9280
9284
9284
9284
9284
9286
9286
9287
9289
9290
9290
9291
9291
9292
9294
9294
9296
9297
9297
9298
9299
9300
9300
9301
9303
9303
9304
9305
9305
9306
9306
9308
9309
9310
9311
9312
9313
9315
9316
9316
9316
9317
9317
9318
9318
9318
9319
9320
9320
9321
9321
9323
9324
9325
9326
9326
9327
9328
9328
9329
9329
9330
9331
9331
9331
9332
9333
9334
9334
9335
9335
9339
9339
9339
9342
9342
9342
9346
9347
9351
9353
9353
9354
9355
9358
9358
9359
9359
9363
9363
9364
9364
9364
9366
9367
9368
9372
9372
9373
9373
9375
9375
9375
9375
9376
9376
9377
9378
9379
9380
9381
9381
9381
9392
9392
9392
9392
9394
9394
9395
9395
9400
9401
9401
9402
9402
9405
9405
9405
9407
9408
9411
9412
9413
9414
9415
9417
9417
9417
9418
9419
9419
9420
9422
9423
9423
9423
9425
9427
9429
9430
9432
9433
9433
9434
9434
9434
9437
9437
9438
9438
9440
9441
9441
9443
9443
9444
9445
9445
9446
9447
9447
9448
9449
9452
9452
9457
9457
9458
9458
9460
9461
9462
9463
9464
9466
9467
9468
9468
9468
9468
9469
9469
9469
9470
9471
9471
9474
9474
9477
9477
9479
9479
9480
9481
9481
9483
9484
9485
9485
9486
9486
9486
9486
9487
9487
9490
9491
9491
9493
9494
9494
9494
9496
9497
9500
9502
9502
9502
9502
9506
9507
9507
9508
9508
9508
9509
9511
9511
9512
9513
9514
9515
9517
9517
9518
9518
9518
9519
9519
9520
9520
9521
9523
9525
9527
9527
9528
9529
9529
9531
9532
9533
9534
9535
9538
9538
9539
9539
9539
9539
9540
9540
9543
9543
9543
9544
9544
9544
9545
9547
9548
9548
9549
9552
9555
9556
9556
9557
9558
9558
9560
9561
9561
9565
9565
9565
9566
9566
9568
9569
9569
9570
9572
9572
9574
9574
9575
9575
9577
9577
9579
9580
9582
9583
9583
9584
9585
9586
9587
9587
9587
9587
9588
9588
9589
9589
9592
9593
9594
9594
9594
9594
9595
9596
9596
9599
9601
9602
9602
9602
9602
9604
9606
9606
9609
9613
9613
9614
9617
9618
9619
9619
9621
9623
9624
9624
9625
9627
9628
9629
9630
9631
9632
9635
9635
9636
9636
9636
9639
9639
9639
9641
9641
9641
9642
9642
9643
9645
9646
9647
9647
9647
9648
9648
9648
9651
9652
9652
9653
9655
9655
9655
9656
9656
9657
9659
9660
9661
9661
9662
9662
9663
9664
9664
9665
9666
9668
9669
9670
9671
9675
9675
9675
9675
9676
9678
9678
9679
9680
9680
9682
9685
9686
9686
9687
9687
9687
9688
9688
9688
9691
9691
9693
9694
9695
9697
9699
9700
9701
9701
9702
9703
9704
9705
9709
9709
9710
9711
9711
9711
9712
9712
9713
9714
9714
9714
9715
9715
9721
9723
9723
9724
9724
9725
9728
9729
9730
9730
9731
9733
9734
9735
9736
9738
9739
9741
9742
9743
9744
9746
9747
9749
9749
9750
9751
9752
9753
9753
9754
9755
9755
9755
9756
9756
9757
9757
9759
9760
9762
9764
9764
9765
9765
9766
9769
9770
9772
9773
9774
9775
9776
9778
9779
9780
9782
9784
9784
9788
9789
9790
9790
9791
9792
9793
9793
9794
9794
9796
9796
9798
9801
9804
9805
9805
9807
9810
9812
9813
9814
9816
9817
9818
9819
9819
9820
9822
9823
9824
9825
9825
9826
9827
9827
9830
9830
9832
9834
9834
9836
9837
9837
9837
9837
9837
9838
9838
9840
9842
9843
9843
9843
9843
9844
9844
9845
9845
9845
9846
9848
9849
9850
9851
9853
9853
9853
9853
9855
9858
9858
9862
9862
9863
9864
9865
9867
9868
9868
9870
9871
9873
9874
9876
9879
9879
9880
9880
9882
9884
9885
9885
9885
9886
9889
9890
9891
9891
9892
9892
9892
9893
9896
9902
9904
9904
9904
9904
9904
9905
9907
9907
9909
9910
9911
9912
9913
9914
9916
9917
9919
9923
9929
9931
9932
9933
9933
9934
9935
9935
9936
9937
9939
9941
9942
9944
9948
9949
9949
9950
9950
9950
9954
9957
9957
9957
9960
9961
9962
9964
9966
9967
9967
9968
9969
9969
9971
9973
9974
9975
9976
9976
9977
9979
9979
9980
9980
9980
9981
9981
9982
9982
9982
9983
9984
9985
9986
9988
9988
9988
9988
9990
9990
9991
9993
9994
9995
9995
9999
9999
