1
1
3
3
4
5
7
7
8
8
11
11
11
15
15
17
17
17
18
18
18
19
20
20
22
23
24
26
26
27
27
27
28
28
29
29
30
33
34
34
34
36
38
38
38
40
40
41
42
44
46
48
49
49
50
53
53
54
54
58
58
59
60
60
61
61
62
62
63
64
66
69
69
70
70
73
73
75
75
76
76
76
78
80
82
84
85
86
86
86
87
88
89
89
90
91
91
91
92
93
95
95
100
103
104
105
108
109
110
110
111
112
113
114
114
119
120
121
122
122
124
125
126
127
130
132
132
134
135
135
137
137
138
138
139
141
141
143
143
143
144
144
147
148
150
150
151
151
152
152
155
159
161
161
163
163
164
166
166
167
168
169
169
169
170
171
171
174
176
176
177
178
178
179
179
179
180
180
181
183
184
186
186
187
187
188
189
192
192
192
193
193
194
194
195
195
198
198
199
200
200
201
202
203
207
209
209
211
211
211
213
215
216
216
216
217
217
218
219
219
222
222
222
223
223
223
229
231
231
231
232
235
235
235
236
236
240
242
242
243
243
244
244
245
246
248
248
248
249
250
250
251
253
255
255
255
256
256
258
258
259
260
262
264
264
267
273
274
274
274
275
278
278
279
281
281
282
285
285
285
287
290
291
291
291
292
297
297
300
303
308
308
310
312
312
316
317
319
319
321
322
322
323
324
324
324
325
326
327
328
329
329
330
330
331
334
334
336
336
339
341
343
344
344
344
345
347
348
350
350
350
351
352
353
353
354
354
354
355
355
355
356
357
357
359
360
360
361
362
362
362
363
363
364
364
366
366
366
367
367
368
368
370
371
371
374
375
376
377
378
382
384
386
388
389
391
393
394
395
395
396
396
398
398
400
400
401
402
403
404
406
409
409
410
410
410
411
411
416
416
416
417
419
419
421
422
423
423
424
425
425
426
426
426
426
429
430
431
432
433
434
434
434
435
436
436
436
436
439
440
443
443
444
444
446
446
447
448
450
451
451
452
453
456
457
458
458
458
460
461
461
462
464
464
464
466
467
469
469
470
471
471
473
476
478
478
479
482
482
483
487
490
490
490
492
493
494
494
496
497
497
498
498
500
501
501
501
501
502
504
504
504
505
508
508
508
509
511
511
512
513
513
516
518
519
520
523
524
526
527
530
532
533
534
536
537
538
538
539
540
540
542
545
547
548
548
549
549
554
555
555
555
557
557
558
558
558
559
559
560
563
567
567
570
571
571
572
573
575
575
576
577
577
578
579
579
580
581
581
582
584
586
588
590
590
590
592
593
594
594
598
598
599
599
600
603
604
605
607
608
609
610
611
611
613
614
615
615
616
618
618
618
619
620
622
624
627
628
629
629
631
634
634
639
639
639
639
641
642
644
646
650
651
651
652
652
652
652
653
654
656
657
658
659
660
667
667
667
668
670
673
676
677
678
679
679
679
680
682
682
682
682
682
683
683
684
684
687
687
688
688
689
689
690
690
691
691
691
692
694
695
695
696
696
697
700
700
700
702
704
704
705
708
709
711
712
712
712
713
713
717
720
720
721
721
722
724
724
728
728
729
731
734
734
736
736
737
737
738
740
743
743
743
744
745
749
749
750
751
751
752
753
753
754
755
755
755
757
757
757
758
759
760
761
762
762
764
765
765
765
766
766
768
768
768
769
770
771
772
772
773
774
776
776
776
777
779
779
780
780
781
782
782
783
785
786
787
787
790
791
792
792
793
793
795
795
795
798
798
799
800
800
801
802
803
803
803
804
806
809
809
810
811
812
813
814
814
817
818
819
820
820
822
823
823
825
826
826
827
827
827
828
828
830
831
832
832
832
834
836
836
836
837
837
838
838
839
839
839
840
840
841
841
842
843
844
844
846
846
847
847
847
850
852
853
854
854
854
856
856
857
857
857
857
858
860
860
860
861
862
864
865
866
866
867
867
870
871
871
872
873
875
878
878
879
879
880
882
887
890
891
892
894
895
896
896
896
902
903
904
904
905
906
907
908
914
916
916
916
916
916
917
917
917
918
922
924
926
926
928
929
930
931
931
933
934
936
936
936
938
939
939
940
942
942
943
944
946
946
947
947
947
948
949
950
950
951
951
952
954
954
955
955
956
957
958
960
962
963
963
965
967
967
968
970
971
972
974
976
977
978
978
978
980
980
985
986
988
988
989
989
991
992
993
994
994
995
996
996
996
997
998
998
999
999
1000
1000
1001
1004
1005
1006
1007
1009
1010
1011
1011
1013
1013
1013
1014
1015
1016
1018
1018
1019
1019
1021
1021
1022
1024
1024
1026
1026
1026
1027
1027
1028
1028
1029
1030
1030
1031
1033
1033
1033
1034
1038
1039
1041
1042
1042
1042
1047
1049
1049
1052
1052
1054
1055
1056
1057
1058
1059
1060
1061
1061
1061
1063
1065
1067
1070
1071
1071
1072
1072
1073
1073
1075
1075
1075
1076
1078
1078
1079
1079
1080
1080
1081
1081
1082
1082
1083
1085
1085
1086
1086
1087
1089
1090
1090
1090
1091
1091
1091
1092
1092
1092
1094
1094
1096
1096
1096
1097
1102
1106
1106
1109
1109
1110
1111
1111
1112
1112
1114
1116
1116
1119
1119
1120
1121
1124
1124
1128
1130
1130
1133
1134
1134
1136
1137
1138
1138
1138
1140
1141
1144
1144
1145
1146
1147
1147
1149
1150
1151
1152
1152
1152
1154
1154
1154
1154
1155
1155
1159
1160
1161
1162
1163
1163
1165
1165
1165
1166
1167
1168
1168
1170
1171
1171
1172
1173
1174
1176
1177
1177
1177
1178
1179
1179
1180
1180
1181
1182
1182
1184
1185
1185
1185
1186
1188
1189
1191
1192
1192
1192
1193
1194
1195
1195
1198
1198
1201
1203
1203
1205
1209
1210
1212
1213
1213
1213
1214
1215
1215
1219
1220
1223
1223
1224
1228
1228
1229
1229
1230
1232
1233
1235
1235
1235
1236
1238
1238
1239
1239
1241
1242
1242
1243
1243
1243
1244
1244
1245
1245
1245
1245
1247
1247
1251
1252
1253
1254
1254
1257
1258
1258
1258
1258
1260
1263
1265
1265
1265
1265
1266
1269
1269
1270
1270
1272
1273
1273
1273
1274
1274
1274
1275
1275
1277
1278
1279
1281
1281
1282
1282
1282
1285
1287
1288
1288
1290
1292
1292
1293
1293
1294
1295
1296
1299
1302
1303
1303
1304
1305
1307
1310
1310
1310
1311
1312
1313
1313
1315
1315
1315
1317
1318
1318
1319
1319
1320
1320
1321
1323
1324
1324
1325
1326
1326
1329
1330
1330
1331
1333
1333
1335
1336
1336
1337
1338
1339
1340
1340
1342
1342
1343
1343
1343
1344
1345
1345
1346
1347
1349
1352
1354
1354
1356
1356
1360
1360
1360
1363
1364
1364
1364
1367
1367
1367
1368
1368
1370
1370
1371
1371
1372
1372
1373
1374
1374
1375
1375
1377
1377
1377
1378
1379
1380
1381
1381
1381
1382
1383
1384
1385
1386
1387
1387
1389
1389
1394
1394
1395
1396
1398
1400
1401
1401
1401
1402
1403
1404
1405
1406
1407
1408
1410
1411
1413
1413
1414
1417
1417
1417
1419
1421
1421
1423
1423
1424
1426
1428
1428
1429
1430
1431
1432
1433
1433
1434
1436
1437
1437
1437
1438
1440
1442
1443
1444
1444
1444
1445
1446
1449
1449
1450
1450
1450
1451
1452
1453
1454
1455
1456
1458
1459
1462
1462
1463
1463
1464
1464
1464
1464
1464
1466
1467
1468
1468
1470
1470
1471
1472
1472
1475
1476
1476
1476
1476
1476
1478
1478
1478
1480
1481
1481
1482
1482
1482
1483
1483
1483
1486
1487
1487
1488
1488
1490
1490
1491
1492
1493
1493
1493
1493
1494
1494
1495
1495
1495
1496
1497
1497
1499
1502
1504
1504
1504
1505
1505
1506
1506
1510
1510
1510
1512
1512
1516
1518
1518
1520
1522
1523
1523
1524
1526
1527
1527
1527
1528
1530
1530
1534
1535
1537
1541
1542
1544
1549
1550
1553
1554
1554
1555
1556
1560
1561
1562
1562
1564
1564
1566
1566
1567
1567
1568
1569
1570
1571
1571
1572
1572
1572
1573
1574
1575
1576
1577
1579
1580
1581
1581
1588
1589
1589
1590
1591
1592
1592
1593
1593
1594
1594
1596
1598
1599
1600
1601
1601
1602
1603
1604
1605
1605
1605
1606
1606
1607
1608
1608
1608
1609
1610
1611
1611
1612
1612
1614
1617
1618
1618
1619
1619
1620
1620
1622
1622
1622
1625
1627
1629
1629
1630
1631
1631
1633
1635
1635
1635
1636
1637
1639
1639
1640
1640
1643
1645
1647
1650
1650
1651
1652
1652
1654
1654
1656
1657
1657
1661
1661
1661
1663
1663
1664
1665
1666
1667
1668
1669
1669
1669
1670
1671
1672
1674
1674
1674
1674
1674
1676
1676
1679
1680
1681
1682
1683
1684
1686
1687
1691
1693
1694
1694
1696
1697
1698
1699
1699
1699
1702
1704
1707
1708
1709
1710
1710
1710
1715
1716
1717
1718
1720
1721
1721
1724
1724
1725
1726
1727
1728
1730
1732
1734
1736
1740
1740
1742
1742
1743
1743
1743
1744
1745
1746
1746
1749
1752
1753
1753
1755
1755
1756
1756
1756
1757
1757
1757
1758
1758
1758
1760
1760
1761
1762
1763
1764
1765
1766
1767
1768
1768
1769
1769
1770
1771
1771
1771
1772
1773
1774
1774
1775
1775
1776
1777
1777
1779
1779
1780
1781
1782
1785
1786
1786
1786
1788
1789
1791
1791
1792
1795
1796
1797
1797
1798
1799
1800
1801
1802
1802
1804
1805
1807
1809
1809
1810
1810
1811
1811
1811
1812
1813
1813
1814
1814
1815
1817
1817
1818
1820
1821
1822
1822
1822
1823
1824
1827
1827
1827
1828
1828
1829
1829
1829
1829
1830
1830
1832
1832
1833
1835
1836
1837
1837
1838
1838
1838
1839
1840
1840
1841
1841
1841
1842
1843
1844
1846
1847
1847
1848
1848
1849
1850
1850
1850
1850
1850
1850
1852
1853
1853
1853
1855
1857
1858
1859
1860
1863
1864
1864
1865
1867
1868
1868
1868
1868
1868
1869
1870
1871
1872
1872
1876
1876
1877
1878
1879
1879
1879
1882
1883
1883
1885
1886
1886
1887
1887
1888
1888
1891
1891
1893
1893
1894
1894
1894
1894
1896
1896
1897
1897
1899
1901
1902
1903
1903
1904
1904
1905
1907
1907
1908
1909
1909
1910
1911
1911
1911
1913
1914
1915
1915
1918
1919
1919
1920
1921
1923
1923
1926
1927
1930
1930
1932
1932
1932
1935
1937
1938
1939
1941
1941
1944
1945
1945
1945
1946
1948
1949
1950
1951
1952
1952
1955
1955
1956
1956
1959
1961
1962
1964
1965
1967
1968
1969
1969
1971
1971
1971
1974
1975
1976
1976
1977
1977
1981
1983
1984
1984
1985
1986
1987
1987
1988
1989
1989
1990
1990
1991
1991
1992
1993
1995
1996
1997
1998
1999
2000
2001
2001
2001
2002
2003
2003
2004
2004
2005
2005
2007
2007
2008
2010
2011
2011
2011
2012
2014
2018
2018
2018
2021
2021
2022
2023
2023
2026
2026
2026
2028
2030
2030
2032
2033
2034
2035
2035
2035
2035
2036
2038
2038
2039
2039
2041
2042
2042
2043
2043
2047
2047
2048
2049
2050
2050
2054
2056
2056
2058
2058
2059
2060
2061
2062
2064
2065
2070
2071
2071
2072
2072
2073
2073
2074
2075
2075
2075
2076
2078
2078
2081
2081
2081
2082
2082
2084
2085
2085
2087
2087
2089
2090
2092
2095
2096
2097
2099
2103
2104
2104
2105
2106
2108
2108
2109
2111
2112
2113
2114
2115
2119
2122
2124
2125
2127
2130
2130
2131
2132
2132
2135
2136
2136
2136
2137
2138
2142
2142
2143
2144
2144
2146
2146
2147
2148
2149
2150
2150
2151
2152
2153
2154
2156
2156
2157
2159
2159
2160
2160
2160
2162
2162
2163
2164
2165
2166
2167
2168
2173
2175
2176
2176
2177
2180
2181
2181
2181
2183
2184
2185
2187
2190
2192
2192
2193
2193
2193
2194
2195
2195
2196
2196
2199
2199
2199
2201
2204
2204
2204
2206
2206
2208
2209
2210
2211
2212
2214
2216
2216
2216
2217
2217
2217
2219
2223
2223
2224
2225
2225
2225
2226
2227
2228
2231
2231
2231
2233
2233
2234
2234
2237
2238
2239
2239
2240
2240
2242
2243
2244
2244
2244
2245
2246
2247
2247
2247
2248
2248
2249
2250
2251
2251
2252
2253
2255
2256
2257
2257
2257
2261
2263
2263
2263
2266
2268
2269
2271
2271
2274
2274
2274
2276
2276
2276
2278
2279
2279
2282
2282
2282
2282
2283
2283
2284
2284
2285
2287
2288
2289
2290
2291
2293
2295
2295
2296
2299
2299
2300
2301
2301
2302
2303
2304
2305
2306
2309
2310
2314
2316
2319
2319
2320
2324
2325
2325
2326
2326
2327
2328
2328
2328
2330
2331
2332
2332
2333
2333
2333
2333
2334
2334
2335
2335
2340
2341
2342
2342
2342
2343
2344
2344
2347
2349
2350
2351
2352
2353
2353
2353
2354
2356
2357
2357
2358
2358
2359
2360
2361
2364
2364
2365
2369
2369
2370
2371
2371
2371
2372
2372
2377
2379
2380
2383
2383
2383
2387
2387
2387
2388
2388
2389
2389
2390
2391
2392
2392
2392
2396
2396
2397
2397
2398
2399
2399
2400
2401
2402
2405
2406
2408
2408
2409
2410
2411
2411
2412
2414
2415
2416
2416
2418
2421
2423
2424
2424
2424
2424
2426
2429
2431
2433
2433
2435
2436
2436
2437
2440
2440
2440
2440
2441
2441
2443
2446
2446
2446
2447
2447
2447
2448
2448
2448
2448
2451
2451
2452
2452
2454
2455
2455
2457
2460
2461
2461
2462
2462
2463
2464
2464
2466
2468
2471
2471
2471
2472
2474
2476
2476
2477
2477
2477
2479
2479
2479
2480
2480
2482
2485
2486
2487
2488
2488
2490
2491
2491
2493
2493
2493
2494
2496
2496
2497
2498
2499
2500
2500
2502
2506
2509
2509
2510
2511
2512
2513
2514
2514
2515
2517
2518
2520
2520
2521
2521
2521
2522
2522
2524
2524
2526
2526
2526
2527
2531
2531
2532
2533
2533
2534
2534
2534
2536
2536
2539
2541
2543
2543
2544
2545
2546
2546
2546
2548
2548
2550
2551
2551
2558
2559
2560
2561
2561
2562
2562
2564
2564
2564
2565
2566
2566
2567
2567
2568
2568
2568
2568
2569
2571
2574
2575
2575
2578
2580
2580
2584
2585
2585
2586
2590
2592
2594
2594
2595
2598
2598
2599
2600
2601
2603
2604
2604
2604
2605
2606
2607
2607
2608
2608
2609
2609
2611
2613
2614
2614
2616
2616
2616
2618
2619
2619
2619
2619
2620
2621
2622
2623
2624
2625
2626
2626
2627
2627
2629
2631
2631
2631
2636
2637
2638
2639
2639
2640
2640
2640
2643
2644
2644
2645
2646
2646
2646
2648
2650
2653
2653
2654
2654
2655
2657
2658
2659
2661
2661
2662
2663
2664
2664
2665
2666
2667
2667
2670
2671
2672
2673
2675
2676
2678
2680
2681
2681
2681
2682
2683
2683
2685
2686
2687
2689
2691
2691
2692
2692
2692
2693
2693
2693
2695
2697
2697
2698
2699
2700
2700
2700
2700
2701
2702
2704
2704
2707
2708
2709
2709
2710
2711
2713
2713
2716
2716
2717
2718
2719
2721
2722
2722
2723
2724
2727
2727
2727
2728
2729
2731
2732
2733
2734
2736
2738
2740
2741
2741
2742
2742
2743
2745
2745
2746
2746
2747
2747
2747
2748
2748
2752
2754
2756
2757
2758
2760
2760
2762
2763
2764
2765
2765
2766
2767
2768
2769
2770
2771
2774
2776
2777
2777
2777
2778
2778
2779
2780
2782
2782
2783
2785
2786
2787
2788
2789
2789
2792
2793
2794
2795
2799
2800
2801
2802
2803
2803
2805
2805
2806
2807
2807
2808
2809
2810
2811
2811
2813
2815
2818
2822
2824
2824
2824
2826
2827
2827
2828
2828
2828
2829
2831
2831
2832
2834
2835
2835
2836
2836
2837
2838
2838
2838
2838
2839
2840
2840
2840
2842
2842
2843
2845
2846
2850
2851
2851
2852
2854
2855
2856
2857
2857
2859
2860
2862
2862
2864
2864
2864
2865
2867
2867
2868
2868
2868
2868
2868
2869
2869
2869
2869
2869
2871
2872
2873
2874
2875
2877
2877
2878
2879
2879
2880
2881
2881
2882
2882
2882
2882
2884
2885
2885
2887
2887
2887
2888
2890
2891
2891
2892
2893
2894
2895
2896
2896
2897
2898
2898
2898
2899
2900
2900
2900
2900
2901
2902
2902
2904
2905
2905
2906
2907
2908
2908
2909
2911
2912
2914
2914
2915
2915
2916
2917
2919
2919
2920
2921
2922
2922
2922
2923
2923
2923
2924
2924
2927
2927
2930
2930
2930
2930
2934
2934
2935
2936
2937
2938
2938
2939
2939
2940
2941
2942
2946
2947
2948
2948
2953
2953
2954
2954
2955
2955
2956
2958
2959
2960
2961
2961
2963
2963
2964
2965
2966
2967
2967
2968
2970
2970
2975
2975
2976
2976
2976
2977
2977
2978
2979
2979
2980
2982
2984
2986
2987
2988
2988
2989
2989
2991
2992
2992
2993
2993
2995
2999
3001
3003
3003
3003
3003
3005
3008
3008
3011
3012
3013
3014
3015
3017
3018
3019
3020
3020
3021
3022
3022
3024
3024
3024
3026
3027
3027
3028
3029
3029
3032
3032
3032
3033
3034
3034
3035
3035
3036
3037
3038
3040
3040
3041
3042
3042
3043
3044
3045
3045
3046
3047
3048
3049
3050
3050
3051
3051
3051
3052
3053
3053
3054
3054
3054
3055
3055
3056
3056
3056
3056
3058
3058
3059
3059
3060
3060
3063
3063
3064
3065
3066
3066
3067
3070
3070
3070
3070
3073
3074
3074
3074
3075
3076
3076
3077
3078
3078
3079
3079
3079
3080
3081
3082
3082
3084
3084
3084
3087
3088
3091
3092
3094
3096
3097
3097
3099
3100
3100
3101
3101
3104
3105
3105
3105
3106
3107
3109
3110
3112
3113
3115
3115
3116
3116
3116
3120
3120
3120
3121
3121
3126
3126
3126
3127
3129
3130
3130
3132
3132
3133
3135
3136
3138
3139
3142
3142
3142
3142
3143
3143
3143
3144
3144
3145
3146
3146
3146
3148
3148
3148
3148
3149
3150
3150
3151
3153
3153
3154
3155
3155
3155
3156
3157
3157
3158
3159
3159
3160
3162
3163
3166
3166
3167
3171
3172
3173
3175
3177
3178
3179
3179
3180
3182
3182
3182
3183
3187
3187
3188
3189
3191
3193
3197
3197
3198
3199
3200
3205
3205
3205
3205
3206
3206
3206
3207
3211
3211
3212
3214
3215
3216
3216
3216
3216
3217
3218
3219
3220
3220
3223
3223
3224
3225
3226
3226
3226
3227
3228
3228
3231
3232
3233
3233
3238
3238
3238
3239
3239
3239
3240
3242
3242
3244
3244
3244
3244
3245
3247
3248
3248
3253
3253
3254
3257
3258
3258
3259
3261
3262
3262
3262
3263
3264
3265
3269
3270
3270
3273
3273
3273
3276
3277
3277
3278
3279
3279
3279
3279
3279
3279
3280
3280
3281
3281
3281
3282
3286
3286
3289
3290
3291
3291
3292
3292
3292
3294
3299
3299
3299
3300
3301
3303
3304
3305
3306
3307
3308
3309
3313
3313
3314
3314
3314
3317
3317
3317
3317
3317
3319
3319
3320
3321
3321
3321
3323
3323
3324
3328
3328
3329
3329
3331
3333
3334
3336
3337
3337
3337
3338
3341
3343
3344
3345
3346
3347
3348
3348
3352
3353
3353
3354
3356
3357
3358
3359
3360
3362
3364
3365
3365
3367
3368
3370
3371
3372
3373
3374
3374
3374
3375
3376
3376
3376
3377
3380
3380
3380
3381
3381
3382
3382
3383
3384
3384
3385
3387
3388
3391
3391
3391
3392
3394
3398
3399
3399
3399
3402
3403
3405
3405
3406
3406
3407
3408
3410
3411
3411
3412
3413
3415
3416
3418
3418
3423
3426
3427
3428
3429
3430
3432
3435
3437
3437
3437
3438
3439
3439
3439
3440
3441
3442
3444
3445
3445
3446
3447
3448
3449
3450
3450
3450
3450
3450
3451
3453
3453
3454
3454
3457
3457
3459
3460
3460
3461
3461
3462
3463
3464
3467
3467
3469
3470
3473
3473
3474
3474
3475
3475
3476
3477
3478
3481
3481
3482
3482
3483
3483
3485
3486
3487
3488
3490
3492
3493
3494
3494
3495
3496
3496
3498
3499
3499
3499
3499
3503
3503
3505
3505
3505
3507
3507
3509
3509
3509
3510
3513
3513
3513
3515
3516
3517
3519
3521
3522
3522
3523
3523
3524
3527
3528
3529
3530
3530
3530
3531
3531
3532
3532
3532
3533
3535
3536
3539
3539
3539
3539
3540
3541
3541
3542
3543
3543
3543
3544
3545
3546
3549
3550
3550
3552
3554
3555
3558
3558
3559
3559
3560
3561
3562
3562
3562
3563
3563
3564
3565
3566
3568
3568
3572
3572
3572
3573
3575
3577
3578
3580
3583
3584
3584
3585
3586
3587
3587
3588
3589
3589
3590
3592
3592
3593
3594
3594
3594
3596
3597
3597
3601
3601
3602
3602
3604
3605
3606
3606
3607
3607
3607
3609
3609
3610
3613
3614
3614
3615
3615
3618
3619
3620
3622
3623
3625
3626
3627
3628
3630
3631
3631
3632
3633
3634
3635
3637
3638
3640
3640
3641
3641
3643
3643
3643
3643
3643
3644
3645
3648
3648
3649
3649
3649
3649
3651
3652
3652
3653
3655
3657
3657
3658
3659
3660
3661
3662
3663
3663
3664
3664
3665
3668
3668
3669
3670
3671
3671
3672
3673
3673
3674
3674
3675
3676
3678
3678
3679
3681
3681
3681
3682
3682
3683
3683
3684
3685
3685
3685
3687
3687
3687
3687
3687
3688
3690
3691
3692
3693
3694
3695
3695
3696
3697
3697
3697
3698
3698
3700
3701
3702
3703
3706
3710
3710
3711
3713
3713
3715
3717
3719
3724
3724
3724
3725
3725
3726
3729
3730
3731
3732
3732
3734
3736
3738
3739
3739
3740
3741
3741
3743
3744
3744
3745
3746
3746
3747
3747
3748
3748
3749
3750
3750
3751
3751
3752
3753
3755
3755
3759
3760
3761
3761
3761
3761
3763
3764
3766
3766
3766
3767
3768
3768
3768
3770
3770
3770
3771
3773
3774
3774
3778
3779
3779
3780
3781
3781
3782
3782
3782
3783
3783
3787
3789
3789
3789
3790
3790
3791
3793
3794
3795
3795
3796
3796
3799
3799
3801
3801
3802
3802
3803
3803
3803
3804
3804
3804
3805
3806
3806
3806
3806
3807
3809
3809
3810
3811
3811
3812
3812
3814
3816
3816
3818
3823
3824
3827
3827
3827
3828
3829
3830
3830
3831
3831
3833
3835
3835
3835
3835
3836
3839
3841
3843
3844
3845
3847
3847
3847
3848
3849
3849
3849
3851
3852
3852
3853
3853
3855
3855
3856
3857
3859
3864
3864
3865
3865
3866
3866
3868
3868
3869
3870
3871
3872
3872
3873
3873
3874
3876
3877
3877
3884
3885
3887
3887
3888
3889
3893
3894
3896
3897
3898
3899
3899
3899
3899
3900
3900
3903
3903
3904
3904
3906
3907
3909
3909
3910
3910
3911
3911
3916
3918
3919
3919
3920
3922
3922
3923
3923
3924
3925
3925
3928
3928
3930
3932
3932
3933
3936
3939
3940
3940
3941
3941
3943
3944
3945
3946
3947
3948
3950
3950
3951
3952
3953
3956
3956
3957
3960
3964
3966
3967
3967
3970
3972
3973
3973
3973
3975
3975
3976
3976
3977
3979
3980
3981
3983
3985
3986
3987
3987
3988
3989
3989
3989
3992
3992
3995
3996
3998
4001
4002
4002
4003
4004
4004
4004
4005
4006
4010
4010
4013
4013
4013
4014
4014
4014
4014
4018
4018
4019
4019
4019
4020
4021
4021
4024
4024
4026
4028
4028
4031
4032
4034
4036
4036
4037
4038
4038
4039
4040
4040
4040
4040
4043
4043
4048
4050
4053
4055
4057
4057
4060
4061
4063
4064
4064
4064
4065
4068
4069
4069
4072
4072
4072
4072
4073
4074
4075
4077
4079
4080
4081
4082
4084
4084
4084
4087
4089
4092
4092
4092
4093
4093
4093
4094
4095
4095
4095
4096
4096
4100
4102
4102
4104
4107
4107
4107
4108
4111
4111
4113
4115
4115
4117
4119
4121
4121
4121
4123
4123
4124
4125
4125
4126
4127
4128
4131
4134
4134
4135
4136
4136
4139
4139
4140
4140
4140
4141
4141
4142
4144
4144
4146
4147
4147
4149
4150
4151
4151
4151
4152
4152
4153
4154
4155
4155
4156
4156
4157
4157
4157
4158
4159
4160
4161
4161
4161
4162
4162
4162
4163
4163
4165
4165
4166
4167
4168
4169
4169
4171
4172
4174
4175
4176
4176
4178
4178
4178
4179
4180
4181
4181
4183
4184
4184
4185
4187
4189
4190
4192
4193
4193
4194
4196
4198
4198
4199
4199
4202
4204
4205
4208
4210
4210
4215
4216
4217
4218
4219
4220
4221
4222
4223
4223
4227
4227
4228
4228
4235
4240
4242
4243
4243
4243
4244
4246
4246
4250
4251
4256
4256
4257
4258
4261
4262
4262
4264
4265
4266
4267
4268
4268
4269
4270
4271
4274
4275
4275
4275
4276
4279
4279
4280
4281
4282
4282
4283
4284
4284
4285
4285
4287
4287
4289
4289
4290
4291
4291
4292
4292
4293
4294
4295
4296
4298
4298
4298
4299
4300
4301
4303
4304
4305
4305
4305
4307
4307
4309
4310
4310
4311
4311
4311
4311
4312
4314
4314
4314
4315
4318
4318
4319
4321
4321
4322
4322
4324
4325
4326
4328
4330
4331
4334
4335
4336
4336
4340
4341
4341
4343
4345
4345
4345
4346
4348
4352
4353
4353
4354
4355
4355
4357
4358
4359
4360
4360
4360
4361
4362
4365
4365
4365
4368
4370
4370
4371
4371
4372
4372
4372
4372
4373
4375
4376
4378
4383
4384
4385
4386
4387
4391
4391
4392
4394
4394
4395
4395
4396
4396
4396
4396
4397
4398
4399
4399
4399
4400
4402
4402
4403
4404
4404
4405
4405
4407
4407
4407
4408
4409
4409
4409
4411
4411
4411
4411
4412
4413
4414
4416
4416
4418
4418
4421
4421
4426
4426
4426
4427
4428
4430
4435
4435
4436
4436
4436
4437
4438
4439
4439
4439
4439
4440
4441
4441
4441
4441
4442
4445
4446
4446
4446
4447
4449
4452
4452
4453
4454
4454
4454
4455
4456
4457
4459
4460
4461
4461
4461
4462
4462
4462
4462
4463
4464
4464
4464
4465
4466
4467
4467
4467
4469
4470
4470
4471
4472
4472
4473
4473
4473
4475
4477
4478
4479
4480
4480
4481
4482
4482
4482
4483
4483
4489
4490
4493
4493
4494
4494
4495
4497
4497
4499
4501
4503
4504
4504
4505
4506
4506
4507
4507
4507
4508
4508
4509
4511
4512
4513
4515
4516
4516
4518
4518
4518
4519
4519
4519
4521
4522
4522
4524
4524
4525
4525
4528
4530
4532
4532
4533
4535
4536
4536
4536
4537
4538
4539
4540
4541
4543
4543
4544
4544
4545
4545
4546
4547
4549
4549
4550
4551
4552
4554
4556
4557
4558
4558
4558
4561
4562
4562
4562
4562
4562
4565
4565
4566
4566
4566
4567
4569
4570
4576
4578
4579
4579
4580
4581
4584
4586
4588
4588
4588
4589
4589
4590
4593
4593
4593
4595
4595
4597
4600
4601
4604
4604
4605
4605
4606
4606
4607
4608
4609
4609
4609
4611
4612
4615
4616
4618
4620
4620
4621
4621
4621
4622
4622
4622
4623
4627
4632
4633
4634
4637
4637
4638
4639
4640
4640
4643
4644
4644
4646
4648
4649
4650
4650
4651
4652
4653
4654
4655
4656
4656
4656
4657
4658
4658
4659
4659
4660
4660
4660
4660
4661
4662
4663
4664
4665
4666
4667
4667
4671
4673
4674
4675
4675
4676
4676
4676
4678
4678
4679
4679
4680
4680
4681
4682
4682
4683
4684
4685
4686
4687
4688
4689
4689
4689
4694
4695
4696
4696
4698
4699
4699
4699
4699
4701
4702
4703
4707
4708
4708
4710
4710
4711
4712
4712
4713
4713
4714
4714
4715
4717
4718
4718
4718
4718
4720
4720
4722
4723
4723
4723
4724
4724
4726
4726
4726
4727
4727
4727
4729
4729
4729
4731
4731
4733
4737
4738
4740
4740
4741
4742
4742
4742
4743
4744
4744
4746
4747
4747
4747
4748
4748
4749
4751
4751
4752
4756
4757
4758
4765
4766
4768
4769
4770
4770
4771
4771
4771
4771
4773
4774
4775
4777
4779
4779
4779
4780
4780
4781
4781
4782
4783
4784
4785
4786
4787
4787
4788
4788
4789
4789
4790
4790
4790
4791
4791
4792
4792
4792
4793
4793
4793
4793
4796
4796
4796
4797
4798
4799
4799
4800
4801
4802
4802
4803
4803
4805
4807
4809
4811
4813
4814
4815
4815
4816
4816
4817
4818
4819
4823
4824
4824
4825
4826
4829
4830
4832
4832
4833
4834
4835
4835
4836
4838
4840
4843
4847
4850
4852
4853
4854
4856
4856
4859
4860
4861
4862
4863
4863
4865
4866
4867
4868
4868
4870
4871
4871
4872
4872
4873
4874
4874
4874
4878
4879
4881
4881
4881
4882
4883
4883
4883
4883
4884
4885
4885
4886
4888
4891
4892
4893
4895
4897
4898
4899
4899
4899
4901
4902
4903
4904
4905
4906
4907
4908
4909
4910
4911
4912
4915
4916
4917
4918
4918
4919
4919
4919
4920
4920
4922
4923
4924
4926
4927
4929
4932
4933
4933
4934
4934
4936
4938
4939
4940
4941
4943
4943
4944
4945
4945
4945
4948
4950
4950
4950
4951
4951
4951
4952
4953
4955
4955
4959
4962
4963
4965
4967
4968
4968
4968
4969
4971
4973
4974
4974
4975
4976
4976
4978
4978
4978
4978
4980
4981
4981
4981
4982
4982
4983
4985
4987
4987
4988
4990
4991
4992
4992
4994
4994
4995
4995
4995
4996
4999
4999
5000
5001
5001
5002
5003
5003
5003
5007
5008
5008
5008
5009
5010
5010
5013
5013
5020
5020
5021
5025
5028
5028
5028
5029
5030
5031
5032
5033
5035
5038
5038
5039
5039
5040
5040
5042
5044
5045
5048
5049
5049
5050
5052
5053
5056
5056
5057
5057
5057
5057
5057
5057
5057
5058
5059
5060
5060
5061
5061
5062
5063
5064
5065
5065
5066
5067
5067
5069
5069
5071
5071
5072
5075
5076
5076
5077
5078
5078
5079
5081
5081
5082
5082
5082
5090
5091
5091
5092
5093
5094
5096
5097
5098
5098
5099
5099
5102
5103
5104
5105
5106
5108
5108
5109
5109
5109
5111
5112
5113
5113
5113
5114
5115
5116
5117
5117
5117
5117
5118
5119
5120
5123
5123
5124
5124
5124
5126
5126
5128
5129
5132
5133
5133
5135
5137
5138
5140
5141
5141
5141
5142
5144
5144
5145
5145
5146
5147
5148
5148
5152
5152
5154
5155
5155
5156
5156
5157
5157
5158
5159
5159
5160
5160
5163
5163
5164
5167
5167
5168
5168
5169
5169
5169
5169
5172
5173
5173
5176
5179
5180
5180
5181
5183
5183
5185
5185
5187
5189
5190
5193
5193
5193
5194
5197
5200
5201
5203
5203
5205
5205
5205
5205
5206
5206
5208
5208
5210
5210
5211
5212
5215
5216
5217
5217
5217
5217
5217
5221
5221
5221
5223
5223
5223
5223
5224
5224
5224
5224
5225
5225
5226
5226
5229
5230
5230
5230
5231
5232
5232
5233
5233
5234
5234
5235
5236
5237
5238
5238
5239
5239
5240
5242
5242
5242
5244
5245
5250
5250
5250
5251
5256
5256
5256
5257
5257
5258
5259
5260
5260
5260
5262
5263
5263
5263
5265
5265
5265
5266
5268
5269
5270
5273
5274
5274
5276
5277
5278
5279
5279
5279
5282
5283
5283
5284
5289
5291
5291
5294
5294
5295
5297
5298
5299
5299
5300
5301
5301
5301
5302
5302
5303
5304
5305
5306
5307
5312
5313
5316
5316
5318
5318
5319
5321
5322
5322
5327
5328
5330
5330
5333
5333
5334
5339
5339
5341
5343
5344
5345
5348
5349
5352
5352
5353
5354
5355
5355
5356
5357
5357
5361
5362
5362
5363
5363
5364
5367
5367
5368
5370
5371
5372
5374
5375
5375
5378
5378
5381
5381
5382
5385
5385
5385
5385
5386
5387
5387
5388
5388
5391
5392
5392
5393
5399
5401
5403
5403
5404
5405
5406
5407
5409
5411
5412
5412
5412
5413
5413
5414
5415
5416
5416
5416
5416
5419
5419
5420
5420
5420
5420
5421
5422
5423
5423
5428
5430
5431
5432
5436
5437
5437
5439
5439
5439
5440
5440
5440
5440
5441
5441
5442
5442
5442
5443
5444
5444
5445
5445
5445
5446
5446
5447
5448
5450
5450
5450
5452
5454
5455
5455
5456
5457
5457
5458
5458
5459
5460
5460
5460
5462
5462
5465
5466
5466
5467
5468
5469
5470
5470
5470
5471
5471
5472
5473
5474
5475
5476
5476
5479
5479
5481
5481
5485
5487
5488
5490
5491
5493
5494
5497
5499
5500
5501
5506
5506
5508
5509
5510
5510
5511
5514
5515
5515
5516
5516
5517
5517
5518
5520
5521
5522
5524
5526
5526
5529
5530
5530
5532
5533
5535
5535
5536
5537
5538
5539
5540
5540
5542
5542
5543
5543
5543
5545
5546
5546
5547
5547
5549
5552
5554
5555
5555
5556
5559
5561
5563
5564
5565
5565
5565
5566
5566
5567
5567
5568
5569
5571
5572
5573
5575
5576
5576
5578
5580
5583
5583
5584
5584
5584
5585
5585
5586
5589
5590
5592
5596
5597
5597
5598
5600
5604
5604
5606
5607
5608
5608
5609
5610
5612
5612
5612
5613
5616
5616
5617
5618
5618
5620
5621
5621
5622
5623
5623
5626
5627
5630
5630
5630
5630
5632
5634
5634
5634
5639
5639
5639
5641
5642
5642
5644
5646
5646
5647
5649
5649
5650
5651
5651
5651
5652
5653
5653
5653
5654
5654
5655
5656
5657
5658
5658
5658
5658
5659
5662
5664
5664
5665
5665
5666
5666
5671
5671
5674
5676
5677
5681
5681
5681
5682
5683
5684
5684
5685
5685
5686
5687
5687
5689
5690
5690
5691
5692
5693
5694
5695
5695
5695
5696
5697
5698
5699
5701
5702
5702
5702
5703
5704
5706
5706
5707
5712
5713
5714
5715
5715
5716
5717
5717
5717
5718
5718
5719
5719
5721
5722
5722
5724
5724
5725
5728
5728
5730
5730
5731
5732
5734
5736
5737
5737
5737
5738
5739
5740
5741
5742
5742
5743
5743
5744
5745
5745
5747
5747
5757
5758
5758
5759
5760
5762
5763
5763
5763
5763
5764
5764
5764
5767
5769
5770
5770
5774
5776
5777
5779
5780
5781
5783
5783
5784
5786
5786
5788
5788
5790
5790
5792
5792
5794
5797
5798
5799
5800
5800
5802
5802
5803
5803
5803
5804
5804
5805
5806
5808
5808
5810
5813
5814
5820
5822
5825
5825
5827
5827
5828
5828
5830
5830
5830
5830
5832
5833
5834
5835
5837
5837
5838
5838
5839
5839
5839
5840
5843
5844
5844
5844
5846
5847
5848
5848
5849
5850
5852
5854
5855
5856
5857
5858
5858
5862
5863
5864
5864
5864
5865
5867
5867
5868
5868
5869
5871
5873
5873
5874
5874
5875
5878
5883
5883
5887
5887
5888
5888
5889
5891
5893
5893
5894
5894
5894
5894
5898
5899
5900
5901
5901
5904
5904
5905
5905
5908
5910
5912
5912
5913
5914
5914
5914
5914
5915
5915
5915
5915
5918
5919
5921
5924
5924
5924
5924
5925
5926
5926
5927
5928
5928
5929
5929
5930
5931
5932
5933
5934
5935
5935
5936
5936
5937
5937
5937
5937
5938
5939
5941
5941
5942
5943
5946
5947
5947
5947
5948
5948
5949
5952
5952
5953
5954
5955
5955
5956
5959
5964
5964
5967
5967
5970
5971
5972
5973
5976
5976
5977
5980
5980
5980
5981
5981
5983
5984
5984
5986
5986
5986
5988
5988
5989
5989
5991
5992
5992
5993
5993
5995
5996
5996
5997
5998
5999
5999
6000
6002
6002
6002
6004
6008
6009
6009
6015
6016
6016
6016
6016
6016
6018
6019
6023
6025
6025
6028
6031
6032
6034
6034
6034
6036
6039
6041
6042
6045
6045
6045
6046
6047
6047
6047
6049
6050
6052
6052
6054
6054
6056
6057
6058
6058
6058
6058
6059
6061
6062
6062
6063
6063
6066
6066
6066
6067
6067
6068
6068
6069
6069
6069
6070
6072
6072
6073
6075
6076
6076
6076
6078
6078
6080
6081
6082
6084
6085
6087
6088
6090
6091
6091
6093
6093
6095
6095
6096
6098
6098
6098
6098
6099
6099
6101
6101
6109
6109
6110
6112
6117
6118
6121
6121
6123
6124
6126
6126
6126
6127
6130
6131
6133
6134
6134
6136
6136
6136
6138
6138
6138
6138
6140
6140
6141
6143
6144
6144
6146
6146
6147
6147
6147
6147
6148
6151
6151
6151
6152
6152
6152
6154
6155
6156
6158
6160
6160
6161
6162
6163
6165
6166
6168
6168
6169
6170
6174
6174
6175
6180
6180
6181
6182
6183
6183
6184
6185
6187
6189
6189
6190
6190
6190
6190
6193
6197
6198
6199
6200
6201
6201
6201
6201
6202
6202
6203
6203
6203
6205
6206
6207
6209
6209
6212
6212
6212
6212
6214
6214
6215
6215
6215
6216
6217
6217
6217
6218
6219
6219
6220
6220
6220
6222
6224
6225
6225
6226
6226
6227
6228
6231
6231
6232
6235
6236
6236
6241
6242
6242
6243
6244
6244
6245
6245
6249
6251
6252
6253
6254
6254
6254
6255
6255
6255
6257
6257
6257
6259
6260
6261
6261
6262
6264
6268
6269
6270
6273
6274
6275
6275
6276
6277
6279
6279
6279
6281
6281
6282
6282
6282
6282
6282
6283
6283
6283
6283
6285
6285
6286
6287
6288
6289
6289
6291
6291
6292
6294
6295
6297
6297
6298
6298
6299
6300
6301
6302
6304
6304
6306
6308
6308
6309
6309
6309
6311
6312
6313
6313
6314
6314
6315
6315
6317
6317
6318
6319
6320
6322
6322
6324
6326
6326
6326
6327
6327
6327
6327
6329
6331
6331
6332
6333
6334
6334
6336
6336
6338
6341
6342
6343
6343
6344
6346
6347
6349
6349
6351
6352
6355
6355
6355
6356
6358
6358
6360
6360
6362
6362
6362
6363
6365
6366
6367
6367
6368
6369
6370
6371
6372
6375
6376
6376
6377
6377
6377
6377
6378
6378
6378
6378
6379
6380
6382
6382
6383
6383
6385
6386
6386
6388
6388
6390
6390
6390
6390
6391
6391
6392
6392
6393
6395
6395
6395
6395
6397
6397
6398
6398
6398
6400
6401
6401
6402
6403
6403
6404
6405
6406
6406
6406
6406
6406
6408
6409
6409
6410
6411
6411
6413
6416
6418
6418
6418
6418
6418
6419
6419
6420
6421
6422
6423
6424
6424
6424
6425
6425
6425
6426
6427
6428
6429
6429
6430
6430
6431
6432
6436
6436
6437
6437
6438
6439
6441
6441
6442
6443
6448
6449
6449
6452
6453
6459
6459
6460
6461
6462
6462
6468
6469
6471
6471
6472
6472
6472
6473
6473
6474
6474
6476
6476
6476
6477
6477
6478
6478
6479
6480
6480
6480
6485
6485
6486
6486
6489
6489
6491
6492
6493
6494
6495
6497
6497
6497
6498
6498
6498
6498
6499
6499
6503
6503
6505
6506
6507
6507
6507
6509
6511
6512
6513
6514
6514
6515
6516
6518
6518
6520
6520
6522
6524
6525
6525
6525
6526
6527
6528
6528
6528
6528
6531
6531
6531
6532
6533
6535
6536
6537
6537
6540
6541
6543
6544
6546
6546
6546
6548
6549
6551
6551
6552
6552
6553
6554
6556
6556
6557
6559
6559
6559
6561
6562
6562
6564
6564
6568
6569
6570
6570
6572
6572
6572
6575
6576
6577
6577
6578
6580
6581
6583
6584
6585
6586
6586
6587
6587
6588
6589
6589
6590
6593
6594
6594
6595
6596
6596
6597
6597
6597
6600
6600
6600
6601
6602
6603
6603
6604
6604
6609
6610
6612
6613
6614
6616
6618
6618
6619
6620
6620
6620
6620
6621
6622
6624
6625
6627
6628
6628
6630
6631
6633
6633
6633
6634
6637
6637
6638
6639
6640
6641
6642
6642
6643
6643
6643
6644
6645
6645
6645
6646
6651
6651
6653
6654
6658
6660
6660
6662
6662
6663
6663
6664
6664
6664
6667
6668
6670
6671
6672
6674
6674
6675
6675
6675
6676
6677
6677
6677
6679
6679
6681
6681
6681
6682
6684
6686
6686
6687
6688
6690
6692
6693
6694
6695
6697
6698
6698
6698
6699
6700
6701
6701
6702
6702
6703
6705
6706
6708
6708
6709
6709
6711
6711
6713
6715
6716
6716
6717
6719
6720
6721
6721
6722
6723
6727
6727
6728
6729
6730
6731
6732
6732
6732
6733
6734
6735
6735
6735
6736
6736
6736
6736
6736
6737
6738
6738
6738
6747
6747
6749
6751
6753
6753
6759
6762
6762
6762
6762
6764
6764
6765
6765
6767
6767
6767
6768
6768
6768
6769
6773
6774
6774
6776
6776
6777
6779
6779
6780
6780
6780
6782
6783
6785
6786
6789
6789
6790
6792
6794
6795
6795
6795
6795
6795
6796
6796
6798
6799
6799
6799
6800
6802
6805
6807
6808
6809
6810
6811
6812
6812
6814
6814
6816
6819
6819
6819
6819
6820
6821
6821
6821
6822
6822
6822
6826
6828
6828
6828
6829
6830
6831
6832
6832
6833
6834
6835
6835
6836
6836
6838
6841
6844
6848
6849
6850
6852
6852
6852
6853
6854
6855
6856
6857
6858
6859
6860
6861
6861
6862
6863
6863
6864
6865
6865
6866
6867
6867
6867
6868
6868
6870
6870
6871
6871
6871
6872
6873
6874
6875
6875
6875
6879
6879
6880
6881
6882
6882
6883
6883
6883
6884
6885
6886
6886
6888
6888
6889
6889
6889
6890
6891
6893
6895
6895
6895
6897
6898
6899
6899
6900
6901
6901
6901
6902
6902
6902
6903
6904
6907
6909
6912
6912
6913
6914
6914
6914
6915
6915
6916
6916
6916
6918
6919
6921
6921
6923
6924
6924
6925
6926
6927
6929
6931
6932
6933
6934
6934
6934
6935
6939
6939
6939
6940
6940
6940
6942
6942
6943
6943
6943
6944
6944
6945
6945
6946
6946
6947
6947
6947
6947
6948
6948
6949
6950
6951
6951
6952
6952
6955
6958
6958
6960
6961
6962
6962
6963
6965
6966
6968
6969
6970
6974
6974
6974
6975
6975
6975
6976
6977
6978
6978
6978
6979
6979
6980
6982
6987
6987
6989
6990
6991
6994
6996
6997
6998
7000
7000
7002
7002
7003
7003
7005
7005
7005
7005
7006
7006
7007
7007
7007
7008
7011
7012
7012
7012
7014
7015
7015
7015
7015
7016
7016
7016
7018
7019
7019
7020
7021
7022
7024
7024
7024
7025
7025
7025
7025
7026
7028
7028
7029
7030
7031
7032
7032
7036
7039
7039
7041
7042
7044
7044
7046
7049
7050
7050
7051
7054
7054
7055
7056
7056
7058
7058
7058
7059
7059
7060
7061
7063
7063
7064
7065
7067
7068
7069
7072
7072
7073
7075
7076
7077
7079
7083
7084
7084
7085
7085
7086
7088
7089
7096
7096
7097
7098
7098
7100
7102
7103
7105
7106
7108
7111
7112
7112
7113
7115
7115
7115
7117
7117
7118
7120
7122
7122
7124
7124
7125
7127
7128
7131
7132
7133
7133
7135
7135
7135
7136
7138
7138
7138
7141
7143
7144
7144
7145
7146
7148
7149
7149
7150
7152
7153
7154
7154
7155
7156
7159
7159
7160
7165
7165
7167
7167
7168
7169
7169
7172
7175
7178
7179
7182
7184
7186
7186
7186
7187
7187
7187
7188
7189
7189
7190
7191
7193
7193
7194
7194
7197
7200
7201
7202
7203
7205
7205
7207
7208
7209
7209
7209
7210
7211
7212
7213
7213
7213
7214
7216
7217
7218
7219
7219
7219
7220
7221
7221
7222
7222
7225
7227
7228
7230
7230
7231
7232
7232
7233
7234
7236
7237
7240
7241
7241
7241
7243
7245
7245
7246
7248
7249
7250
7251
7251
7252
7252
7253
7255
7256
7256
7257
7258
7258
7259
7260
7261
7262
7262
7262
7263
7263
7263
7265
7267
7268
7268
7268
7270
7270
7272
7272
7274
7276
7277
7277
7278
7278
7281
7284
7285
7285
7286
7287
7288
7288
7289
7289
7290
7290
7291
7291
7292
7292
7294
7294
7298
7298
7298
7299
7301
7301
7305
7306
7306
7307
7308
7308
7309
7309
7309
7310
7311
7313
7314
7315
7318
7319
7319
7321
7321
7321
7323
7323
7323
7324
7324
7325
7328
7328
7330
7331
7333
7336
7337
7338
7339
7341
7341
7342
7342
7348
7352
7353
7353
7354
7355
7356
7356
7357
7358
7360
7360
7361
7362
7363
7364
7365
7367
7368
7369
7369
7370
7371
7371
7372
7373
7375
7376
7376
7379
7381
7382
7383
7384
7385
7386
7386
7386
7386
7386
7388
7390
7390
7391
7392
7393
7397
7398
7398
7400
7401
7401
7402
7403
7403
7404
7405
7406
7406
7407
7408
7408
7408
7410
7412
7412
7415
7415
7415
7416
7417
7418
7418
7418
7420
7421
7422
7424
7427
7428
7429
7430
7433
7433
7434
7435
7435
7435
7437
7438
7438
7438
7438
7439
7440
7441
7441
7443
7443
7444
7445
7446
7446
7448
7450
7450
7454
7457
7457
7457
7459
7461
7463
7464
7466
7466
7467
7469
7470
7471
7472
7475
7475
7475
7475
7475
7477
7478
7480
7480
7481
7482
7482
7482
7483
7483
7483
7484
7484
7484
7487
7488
7489
7489
7493
7494
7496
7496
7497
7498
7499
7500
7501
7507
7509
7509
7510
7510
7513
7513
7514
7515
7516
7519
7519
7522
7524
7525
7529
7529
7530
7531
7532
7533
7533
7537
7537
7539
7539
7540
7541
7541
7542
7542
7542
7543
7544
7544
7545
7546
7548
7551
7552
7554
7554
7554
7555
7556
7556
7556
7557
7558
7558
7558
7558
7560
7563
7563
7565
7567
7569
7569
7569
7569
7571
7572
7575
7575
7577
7578
7578
7582
7584
7584
7586
7586
7587
7588
7588
7588
7590
7590
7590
7591
7592
7592
7593
7595
7597
7597
7597
7600
7600
7602
7603
7604
7606
7607
7608
7608
7609
7609
7610
7610
7611
7614
7614
7615
7616
7616
7617
7618
7620
7621
7621
7622
7622
7623
7623
7624
7625
7626
7626
7627
7627
7628
7628
7628
7629
7629
7631
7631
7633
7634
7635
7636
7638
7639
7640
7641
7641
7642
7642
7643
7643
7643
7644
7644
7645
7645
7645
7647
7651
7652
7653
7653
7656
7656
7656
7656
7658
7658
7660
7662
7663
7664
7665
7666
7668
7669
7669
7669
7670
7672
7673
7674
7674
7676
7676
7680
7681
7681
7682
7682
7682
7682
7685
7686
7686
7687
7688
7688
7688
7688
7690
7690
7694
7694
7695
7696
7696
7697
7698
7698
7698
7699
7700
7700
7701
7702
7702
7704
7704
7705
7706
7707
7708
7709
7710
7710
7711
7712
7713
7714
7717
7719
7720
7721
7722
7723
7723
7723
7724
7726
7727
7727
7728
7732
7733
7733
7734
7734
7735
7736
7736
7738
7739
7739
7739
7741
7742
7743
7745
7746
7746
7747
7750
7750
7751
7751
7754
7754
7755
7755
7756
7757
7758
7762
7764
7764
7764
7765
7767
7768
7769
7769
7774
7774
7777
7780
7781
7781
7784
7785
7785
7786
7787
7788
7789
7789
7790
7790
7793
7793
7793
7796
7797
7797
7798
7798
7803
7804
7806
7807
7807
7808
7808
7808
7809
7811
7812
7812
7813
7814
7815
7816
7816
7817
7817
7817
7820
7820
7821
7824
7826
7827
7829
7829
7830
7830
7831
7831
7832
7833
7835
7836
7839
7839
7840
7840
7841
7842
7842
7842
7845
7847
7850
7850
7853
7854
7854
7855
7855
7856
7856
7860
7861
7861
7862
7862
7863
7865
7866
7866
7866
7867
7868
7868
7869
7869
7871
7872
7872
7873
7876
7876
7877
7877
7877
7879
7879
7881
7881
7882
7883
7887
7887
7888
7889
7889
7890
7892
7894
7895
7897
7898
7899
7900
7902
7902
7903
7903
7903
7904
7905
7905
7906
7908
7909
7909
7909
7911
7912
7912
7913
7913
7913
7914
7917
7917
7919
7920
7920
7921
7923
7923
7924
7926
7926
7928
7928
7928
7929
7930
7931
7933
7933
7933
7934
7934
7934
7935
7936
7937
7939
7939
7940
7941
7943
7944
7945
7946
7946
7946
7946
7947
7949
7950
7950
7950
7951
7951
7951
7952
7953
7953
7954
7954
7956
7956
7957
7957
7958
7958
7958
7959
7959
7960
7960
7961
7962
7962
7964
7964
7964
7965
7966
7966
7967
7969
7970
7970
7971
7971
7971
7972
7972
7976
7977
7979
7979
7980
7980
7981
7982
7983
7986
7987
7988
7988
7989
7989
7993
7993
7994
7996
7998
7999
8000
8000
8000
8000
8001
8001
8002
8003
8003
8005
8006
8006
8009
8009
8009
8010
8011
8011
8012
8012
8013
8016
8016
8016
8016
8017
8018
8018
8019
8020
8020
8021
8022
8023
8026
8029
8029
8030
8030
8031
8031
8031
8032
8032
8033
8035
8035
8036
8037
8039
8039
8041
8042
8043
8043
8044
8046
8049
8050
8050
8050
8050
8051
8051
8051
8055
8056
8057
8058
8059
8059
8064
8065
8065
8067
8068
8069
8069
8070
8070
8071
8072
8073
8073
8074
8074
8074
8075
8075
8075
8077
8079
8081
8082
8082
8083
8087
8087
8090
8091
8093
8093
8093
8094
8096
8097
8097
8097
8099
8100
8104
8107
8107
8109
8110
8111
8111
8113
8114
8116
8117
8117
8120
8120
8120
8121
8122
8122
8127
8127
8129
8129
8129
8130
8131
8133
8135
8136
8136
8137
8139
8141
8141
8143
8143
8143
8143
8146
8149
8150
8153
8155
8156
8157
8161
8163
8164
8166
8166
8167
8168
8168
8169
8171
8173
8175
8176
8176
8176
8178
8179
8180
8181
8182
8183
8184
8185
8185
8185
8186
8188
8190
8193
8193
8194
8195
8196
8198
8198
8198
8201
8202
8202
8203
8205
8207
8208
8209
8210
8211
8212
8212
8213
8213
8214
8218
8220
8220
8220
8221
8222
8224
8226
8226
8226
8227
8228
8229
8229
8232
8233
8235
8236
8239
8239
8239
8241
8245
8246
8248
8249
8250
8251
8252
8252
8253
8253
8257
8258
8258
8262
8263
8263
8263
8264
8264
8264
8264
8265
8265
8265
8266
8272
8272
8273
8273
8275
8275
8276
8277
8278
8278
8278
8283
8285
8286
8286
8287
8287
8287
8288
8290
8291
8292
8292
8292
8294
8295
8297
8298
8299
8299
8299
8302
8303
8306
8307
8307
8307
8307
8310
8311
8311
8312
8313
8313
8314
8315
8316
8316
8316
8318
8318
8321
8321
8324
8325
8325
8325
8326
8328
8329
8330
8331
8334
8334
8335
8335
8338
8339
8340
8342
8344
8344
8346
8346
8346
8347
8348
8349
8349
8350
8351
8351
8351
8353
8361
8362
8363
8365
8366
8366
8371
8371
8371
8371
8372
8372
8373
8374
8374
8374
8374
8374
8375
8376
8377
8378
8380
8380
8381
8382
8383
8386
8388
8388
8388
8391
8391
8391
8391
8394
8397
8398
8400
8401
8402
8402
8404
8404
8408
8409
8410
8411
8412
8412
8413
8414
8414
8416
8417
8417
8417
8418
8419
8420
8422
8422
8423
8423
8425
8426
8426
8426
8426
8426
8427
8427
8429
8429
8430
8431
8432
8432
8433
8433
8434
8434
8436
8437
8438
8438
8438
8439
8439
8441
8441
8442
8442
8442
8447
8448
8452
8452
8454
8455
8455
8457
8457
8458
8458
8461
8462
8462
8462
8463
8465
8465
8467
8467
8467
8468
8468
8469
8471
8472
8473
8474
8474
8474
8474
8475
8475
8476
8477
8478
8479
8480
8481
8482
8483
8486
8486
8487
8488
8489
8492
8492
8493
8495
8495
8495
8498
8498
8500
8503
8506
8506
8507
8507
8507
8510
8510
8511
8515
8515
8516
8517
8518
8518
8519
8520
8521
8522
8522
8523
8524
8525
8525
8526
8526
8529
8530
8531
8533
8534
8534
8535
8535
8536
8540
8542
8544
8545
8546
8546
8548
8549
8553
8553
8554
8556
8556
8556
8557
8559
8559
8559
8561
8562
8562
8563
8563
8563
8565
8565
8566
8566
8566
8566
8567
8568
8569
8570
8571
8571
8572
8572
8579
8579
8581
8584
8587
8589
8589
8590
8592
8592
8592
8594
8595
8597
8597
8598
8598
8600
8600
8601
8602
8604
8604
8606
8609
8609
8610
8614
8615
8615
8616
8617
8617
8618
8619
8619
8620
8622
8622
8623
8627
8627
8629
8630
8633
8633
8635
8636
8637
8638
8640
8640
8641
8641
8642
8643
8644
8645
8646
8646
8648
8649
8649
8650
8651
8651
8652
8654
8655
8655
8658
8658
8661
8663
8664
8664
8664
8664
8665
8669
8669
8669
8670
8670
8671
8671
8672
8673
8673
8676
8678
8678
8678
8679
8681
8682
8682
8682
8683
8684
8686
8687
8687
8687
8688
8688
8690
8690
8691
8694
8695
8695
8695
8699
8699
8703
8704
8705
8706
8707
8708
8709
8709
8712
8712
8713
8717
8717
8718
8719
8719
8720
8720
8721
8721
8721
8721
8724
8724
8725
8729
8732
8735
8735
8740
8743
8747
8747
8747
8751
8752
8753
8754
8755
8755
8756
8758
8758
8761
8765
8765
8766
8766
8767
8767
8768
8769
8769
8771
8772
8772
8773
8773
8774
8775
8776
8776
8779
8786
8787
8787
8788
8789
8790
8791
8792
8794
8796
8799
8800
8801
8801
8802
8803
8805
8805
8806
8810
8810
8810
8812
8812
8814
8814
8819
8820
8823
8824
8824
8824
8825
8825
8825
8826
8826
8827
8827
8827
8828
8829
8829
8830
8832
8832
8833
8834
8835
8837
8839
8842
8843
8843
8845
8846
8846
8847
8847
8848
8848
8848
8850
8851
8851
8852
8853
8853
8853
8855
8855
8856
8857
8857
8858
8859
8862
8863
8863
8864
8865
8865
8866
8867
8868
8868
8868
8868
8869
8870
8870
8871
8872
8872
8873
8873
8876
8877
8879
8880
8881
8882
8882
8883
8883
8884
8884
8885
8886
8889
8889
8889
8891
8891
8892
8895
8895
8896
8897
8898
8898
8899
8899
8901
8901
8902
8903
8904
8908
8910
8910
8910
8910
8911
8911
8911
8916
8918
8918
8918
8919
8920
8921
8922
8922
8923
8924
8924
8924
8925
8925
8926
8926
8927
8928
8928
8929
8930
8931
8931
8931
8931
8932
8932
8933
8935
8936
8937
8941
8943
8943
8943
8944
8947
8948
8948
8949
8955
8961
8962
8963
8963
8964
8965
8966
8969
8969
8969
8969
8970
8971
8971
8971
8971
8974
8974
8976
8982
8982
8983
8987
8988
8988
8989
8990
8991
8993
8994
8994
8999
9000
9000
9000
9000
9000
9001
9001
9001
9003
9004
9004
9004
9006
9006
9009
9010
9010
9011
9011
9012
9012
9013
9016
9016
9020
9024
9024
9024
9025
9026
9027
9028
9029
9032
9036
9036
9038
9038
9039
9041
9042
9042
9043
9044
9047
9049
9050
9051
9054
9054
9054
9055
9057
9058
9062
9062
9064
9066
9066
9067
9067
9067
9069
9072
9072
9072
9073
9074
9074
9075
9075
9078
9079
9081
9082
9082
9083
9086
9087
9088
9089
9089
9090
9091
9091
9092
9092
9095
9095
9096
9098
9099
9101
9101
9101
9106
9106
9106
9107
9107
9108
9108
9108
9109
9110
9111
9111
9112
9113
9114
9114
9115
9115
9117
9118
9119
9119
9120
9122
9122
9122
9122
9127
9131
9132
9132
9133
9136
9137
9138
9141
9143
9143
9143
9144
9144
9144
9144
9145
9146
9146
9147
9149
9149
9151
9152
9153
9153
9153
9153
9155
9157
9157
9157
9158
9159
9159
9162
9162
9163
9164
9165
9166
9167
9169
9170
9171
9172
9172
9172
9173
9178
9179
9180
9180
9182
9182
9183
9183
9184
9184
9185
9185
9185
9185
9186
9186
9187
9190
9192
9193
9193
9196
9198
9198
9200
9200
9200
9201
9201
9201
9202
9203
9205
9205
9206
9207
9208
9213
9213
9214
9214
9216
9217
9217
9218
9219
9219
9219
9219
9219
9220
9220
9221
9223
9225
9225
9226
9228
9228
9228
9229
9230
9231
9233
9234
9236
9236
9236
9236
9236
9238
9238
9239
9239
9239
9241
9242
9242
9245
9253
9253
9254
9254
9255
9258
9259
9259
9260
9260
9260
9261
9262
9262
9264
9264
9265
9268
9269
9272
9274
9276
9277
9277
9277
9279
9280
9282
9282
9282
9283
9283
9284
9286
9287
9289
9289
9292
9293
9294
9295
9296
9297
9297
9298
9298
9298
9299
9301
9302
9302
9303
9305
9308
9309
9310
9310
9311
9314
9314
9314
9316
9318
9318
9319
9319
9320
9321
9321
9324
9324
9326
9327
9328
9329
9329
9330
9330
9330
9331
9333
9333
9333
9333
9335
9337
9337
9338
9338
9338
9340
9340
9341
9342
9343
9344
9345
9345
9346
9346
9346
9347
9347
9347
9349
9350
9350
9350
9351
9352
9353
9354
9355
9357
9359
9360
9361
9364
9365
9367
9367
9368
9371
9371
9372
9372
9373
9373
9373
9376
9376
9376
9376
9377
9380
9382
9382
9384
9384
9385
9386
9387
9387
9388
9389
9390
9391
9392
9392
9394
9394
9394
9396
9400
9404
9405
9406
9406
9408
9410
9411
9411
9412
9413
9413
9414
9416
9419
9420
9421
9422
9423
9423
9424
9424
9425
9425
9425
9425
9426
9428
9428
9429
9432
9434
9434
9435
9436
9438
9441
9443
9443
9444
9445
9445
9445
9447
9448
9449
9449
9451
9451
9451
9453
9464
9464
9465
9466
9466
9468
9471
9471
9472
9474
9474
9478
9479
9480
9483
9484
9484
9486
9487
9489
9489
9490
9490
9490
9492
9493
9494
9495
9495
9495
9498
9498
9499
9499
9502
9502
9502
9502
9503
9503
9503
9505
9507
9509
9510
9511
9513
9515
9515
9515
9516
9516
9517
9517
9520
9521
9522
9525
9526
9526
9527
9529
9530
9530
9531
9531
9532
9533
9534
9535
9536
9537
9537
9537
9542
9543
9544
9544
9545
9546
9547
9549
9550
9550
9552
9554
9558
9559
9559
9559
9560
9560
9561
9563
9565
9567
9568
9568
9568
9570
9570
9575
9576
9577
9577
9578
9580
9580
9581
9582
9582
9586
9587
9588
9589
9590
9590
9592
9593
9593
9594
9595
9596
9596
9597
9597
9597
9597
9598
9599
9600
9600
9600
9601
9601
9603
9603
9604
9608
9608
9609
9610
9610
9611
9611
9612
9612
9612
9612
9615
9615
9615
9616
9617
9618
9618
9621
9623
9623
9624
9624
9627
9627
9628
9629
9630
9632
9632
9633
9633
9634
9635
9636
9637
9637
9638
9638
9639
9639
9640
9642
9643
9643
9644
9645
9645
9645
9645
9646
9649
9652
9654
9656
9656
9656
9656
9656
9656
9657
9659
9661
9662
9663
9664
9672
9673
9673
9673
9673
9674
9674
9675
9675
9676
9680
9680
9683
9685
9686
9686
9687
9687
9688
9689
9693
9694
9694
9696
9696
9696
9696
9697
9697
9700
9702
9703
9705
9705
9705
9708
9709
9711
9713
9713
9713
9714
9714
9714
9718
9719
9720
9722
9723
9724
9725
9727
9727
9728
9729
9729
9729
9730
9730
9731
9732
9732
9732
9733
9733
9735
9740
9741
9742
9743
9744
9746
9747
9747
9747
9747
9751
9751
9752
9753
9753
9756
9757
9757
9757
9757
9757
9758
9758
9761
9761
9761
9764
9765
9766
9766
9769
9771
9771
9772
9773
9774
9774
9775
9775
9776
9776
9776
9778
9778
9778
9779
9780
9780
9781
9782
9783
9783
9785
9786
9786
9788
9788
9788
9789
9789
9791
9791
9791
9792
9792
9793
9793
9794
9794
9795
9796
9796
9796
9797
9799
9800
9800
9800
9803
9804
9805
9806
9808
9810
9810
9811
9811
9813
9816
9817
9817
9819
9819
9820
9822
9823
9824
9825
9825
9827
9828
9829
9829
9830
9833
9834
9834
9835
9837
9837
9838
9838
9839
9839
9839
9839
9841
9842
9842
9842
9843
9843
9844
9845
9846
9847
9847
9848
9849
9851
9853
9854
9855
9856
9856
9858
9859
9860
9862
9862
9862
9863
9863
9864
9864
9865
9865
9866
9866
9868
9869
9870
9871
9871
9871
9874
9877
9878
9879
9879
9880
9881
9881
9882
9882
9883
9883
9884
9884
9884
9885
9886
9888
9889
9890
9891
9894
9895
9896
9897
9897
9897
9898
9899
9900
9901
9902
9902
9902
9903
9903
9904
9904
9908
9909
9909
9909
9910
9911
9913
9913
9914
9915
9916
9916
9917
9918
9920
9920
9920
9922
9923
9925
9926
9928
9928
9929
9930
9931
9931
9931
9932
9933
9934
9935
9935
9935
9935
9935
9936
9936
9936
9937
9938
9939
9939
9940
9944
9944
9945
9945
9946
9946
9946
9950
9951
9952
9952
9952
9953
9954
9956
9956
9958
9959
9959
9959
9960
9960
9960
9962
9963
9963
9964
9965
9966
9966
9966
9967
9967
9967
9967
9967
9968
9971
9971
9971
9972
9972
9973
9975
9975
9976
9976
9978
9980
9981
9982
9984
9988
9988
9989
9991
9992
9993
9994
9994
9994
9995
9995
9996
9997
9997
9998
9998
9999
