0
3
3
4
4
5
5
5
5
5
7
8
8
10
11
13
15
16
17
18
18
19
19
21
22
22
23
24
27
28
28
30
31
32
32
33
34
34
35
35
37
37
38
38
38
39
39
40
40
40
41
42
44
46
48
50
51
52
54
56
56
57
60
60
61
61
62
63
63
63
65
65
66
67
68
68
69
71
71
72
72
73
73
73
74
75
76
79
80
81
82
82
83
86
89
97
98
99
99
100
100
104
104
104
106
106
108
108
110
110
111
111
112
118
118
118
118
119
120
121
122
122
123
124
124
127
127
128
128
134
134
134
135
136
136
138
139
141
142
142
143
144
144
144
144
146
146
147
147
148
150
150
154
157
159
160
162
162
162
163
163
163
164
165
165
165
166
166
167
168
168
169
169
170
171
176
177
177
178
180
180
183
184
184
186
187
188
188
189
189
189
191
192
192
193
194
195
196
196
196
197
197
197
198
203
205
206
206
207
207
208
209
209
210
210
211
212
215
215
216
216
218
218
218
218
218
219
220
222
224
224
224
225
225
229
229
231
233
233
234
237
237
237
239
239
240
242
242
244
245
245
245
246
249
250
250
251
253
253
255
256
256
256
258
260
262
262
263
264
265
265
265
266
270
273
275
276
277
277
278
279
279
279
281
283
283
284
284
285
287
287
289
289
290
291
291
292
292
296
297
297
298
299
299
300
300
303
305
307
308
308
309
310
310
311
311
311
312
312
313
315
315
316
317
318
321
322
322
325
325
325
325
329
330
331
332
334
334
336
336
337
338
338
338
341
341
343
343
344
344
345
345
345
346
346
351
351
351
352
353
353
354
355
356
356
356
356
360
360
360
361
362
363
366
366
368
369
370
370
371
372
372
373
374
378
379
383
384
385
385
386
386
388
388
388
389
389
390
391
391
393
396
397
398
398
398
399
400
401
401
402
402
402
403
406
408
408
409
410
410
412
412
413
414
415
415
417
417
418
419
419
419
420
422
424
427
427
432
433
434
435
435
435
439
439
439
441
441
442
444
447
450
453
453
453
453
454
454
454
456
457
457
458
459
460
463
463
466
467
468
468
469
471
473
473
474
475
476
476
477
477
478
479
479
479
481
482
483
483
483
486
486
487
487
488
489
491
491
494
496
496
500
500
502
502
502
503
505
506
506
507
507
507
508
509
509
510
511
513
513
513
514
514
516
520
521
523
523
523
523
524
524
527
528
529
530
530
531
531
532
533
534
535
536
540
540
540
541
542
542
542
543
544
544
544
545
547
548
549
550
550
551
552
552
553
553
553
555
556
556
558
559
559
559
560
561
561
561
562
563
563
564
566
567
567
568
568
569
569
569
570
570
571
571
571
572
573
574
575
575
576
577
578
579
580
581
581
581
583
584
585
587
588
590
594
595
596
597
598
599
600
601
602
602
602
604
605
605
607
607
607
607
607
609
609
609
610
611
611
611
612
612
613
614
614
614
615
615
618
619
619
619
621
623
623
623
624
624
626
629
629
631
633
635
635
635
636
636
636
637
638
639
639
640
640
641
641
641
642
643
647
647
647
648
648
648
648
651
652
654
655
655
656
656
658
662
663
663
664
666
666
666
666
666
667
668
668
668
670
671
671
671
672
673
673
675
675
676
676
677
677
678
679
679
679
680
680
680
680
680
681
681
682
682
684
684
686
687
687
687
688
688
688
689
693
694
694
695
699
699
700
701
701
702
702
704
709
710
711
712
713
713
714
715
718
721
724
725
726
726
728
728
728
729
730
731
732
733
733
735
736
736
736
738
739
739
740
742
743
743
744
745
747
747
747
748
748
748
749
751
751
753
754
754
756
756
756
757
757
758
761
761
762
762
765
765
766
767
768
770
770
772
772
773
773
774
775
776
777
777
778
779
779
780
781
782
783
786
787
789
789
792
797
797
798
799
800
804
804
805
806
806
809
809
811
812
813
814
814
818
819
819
821
822
823
823
826
826
827
827
830
830
831
831
831
832
832
832
832
833
833
834
834
837
837
837
839
840
842
843
844
848
849
850
850
850
850
850
851
853
853
856
856
858
858
859
860
860
860
860
862
863
864
864
865
865
865
867
867
868
870
871
872
875
875
877
878
879
879
881
884
885
886
886
887
888
889
889
889
890
890
890
890
893
894
894
895
896
897
898
899
899
899
899
900
901
904
904
905
907
907
908
909
909
909
909
913
914
915
916
916
917
917
917
919
921
921
922
922
922
923
923
925
925
926
927
927
932
933
933
936
937
938
938
940
942
944
944
944
945
946
946
946
947
947
947
947
949
949
951
953
954
955
957
959
961
961
962
963
964
966
967
967
968
968
969
969
970
970
971
971
972
973
974
974
974
975
978
979
979
980
980
981
982
983
983
985
987
987
987
988
992
993
994
994
995
996
996
997
997
997
997
1001
1002
1002
1003
1004
1005
1009
1010
1010
1011
1013
1013
1014
1016
1018
1018
1019
1020
1020
1020
1022
1025
1025
1030
1032
1032
1033
1036
1036
1037
1037
1038
1040
1040
1041
1043
1044
1046
1046
1046
1048
1050
1050
1050
1051
1053
1053
1054
1054
1055
1055
1056
1057
1057
1057
1057
1059
1059
1059
1061
1061
1061
1063
1066
1067
1068
1069
1070
1070
1071
1072
1073
1073
1075
1076
1077
1077
1078
1079
1079
1080
1080
1081
1082
1082
1084
1085
1085
1085
1086
1086
1089
1090
1090
1091
1094
1095
1095
1095
1095
1095
1096
1096
1096
1096
1097
1098
1099
1099
1099
1103
1103
1106
1107
1107
1107
1108
1109
1110
1111
1112
1113
1116
1118
1119
1120
1120
1121
1123
1123
1123
1124
1125
1128
1128
1129
1129
1129
1131
1132
1133
1134
1135
1136
1137
1138
1139
1140
1141
1143
1143
1143
1143
1143
1144
1145
1146
1147
1147
1148
1148
1149
1152
1152
1153
1154
1154
1154
1155
1156
1164
1164
1166
1167
1169
1173
1175
1175
1176
1176
1179
1180
1181
1182
1182
1182
1183
1187
1188
1189
1189
1189
1191
1193
1194
1194
1195
1195
1196
1197
1198
1198
1200
1200
1203
1205
1205
1206
1206
1209
1209
1210
1211
1211
1211
1213
1215
1215
1216
1217
1217
1218
1219
1219
1220
1221
1221
1222
1223
1227
1228
1228
1228
1231
1231
1232
1233
1234
1234
1235
1235
1235
1238
1239
1240
1240
1241
1243
1244
1244
1245
1245
1246
1247
1247
1248
1248
1250
1251
1253
1254
1255
1256
1259
1260
1261
1263
1263
1266
1267
1269
1270
1272
1272
1273
1274
1275
1276
1278
1278
1286
1286
1288
1288
1292
1292
1292
1295
1296
1298
1299
1301
1302
1302
1303
1304
1305
1306
1306
1308
1310
1310
1311
1311
1312
1313
1313
1314
1315
1315
1316
1316
1317
1317
1317
1319
1319
1324
1326
1328
1329
1329
1329
1329
1333
1335
1336
1337
1339
1340
1341
1343
1344
1344
1345
1345
1346
1347
1348
1348
1350
1350
1351
1351
1352
1353
1354
1354
1354
1356
1362
1363
1365
1367
1368
1369
1370
1370
1370
1371
1374
1375
1376
1376
1378
1378
1381
1381
1382
1382
1382
1385
1385
1385
1386
1386
1388
1395
1395
1398
1399
1400
1400
1401
1402
1404
1404
1406
1407
1408
1412
1413
1414
1415
1417
1418
1418
1420
1421
1421
1421
1421
1423
1424
1424
1425
1425
1426
1426
1430
1431
1434
1434
1435
1437
1437
1438
1440
1442
1444
1445
1447
1449
1449
1453
1454
1454
1456
1456
1457
1458
1458
1459
1459
1459
1462
1462
1463
1464
1464
1466
1466
1467
1468
1468
1468
1470
1470
1471
1472
1473
1475
1478
1479
1480
1481
1481
1482
1482
1483
1484
1484
1485
1485
1485
1485
1489
1490
1491
1491
1492
1492
1493
1497
1497
1497
1501
1503
1503
1507
1509
1511
1512
1514
1514
1514
1516
1517
1519
1520
1520
1520
1521
1521
1521
1522
1524
1524
1525
1526
1527
1527
1528
1529
1529
1530
1530
1530
1531
1534
1537
1537
1537
1539
1539
1544
1547
1548
1548
1548
1548
1549
1551
1551
1551
1551
1552
1553
1553
1554
1554
1554
1557
1557
1559
1561
1561
1562
1563
1564
1564
1566
1568
1570
1573
1578
1580
1580
1582
1582
1582
1582
1584
1585
1585
1585
1586
1586
1587
1587
1587
1587
1590
1591
1591
1591
1592
1592
1594
1595
1597
1597
1598
1598
1599
1600
1600
1602
1604
1605
1606
1607
1608
1608
1609
1609
1609
1611
1611
1615
1616
1616
1619
1620
1620
1620
1620
1621
1621
1622
1622
1623
1623
1626
1626
1626
1627
1630
1631
1631
1633
1633
1634
1634
1636
1636
1637
1637
1637
1637
1639
1641
1642
1642
1642
1643
1643
1643
1643
1644
1647
1647
1647
1647
1648
1648
1648
1649
1650
1650
1651
1651
1651
1652
1652
1652
1653
1653
1654
1655
1657
1657
1658
1661
1662
1662
1665
1666
1667
1670
1671
1671
1674
1675
1675
1675
1676
1678
1679
1681
1681
1683
1684
1684
1686
1686
1686
1687
1687
1687
1690
1690
1691
1692
1693
1693
1693
1694
1694
1695
1696
1697
1698
1698
1698
1698
1698
1700
1701
1702
1702
1703
1705
1706
1707
1707
1708
1709
1709
1710
1711
1713
1715
1717
1719
1720
1720
1721
1721
1722
1722
1724
1726
1726
1726
1726
1727
1729
1729
1730
1730
1732
1733
1734
1735
1735
1735
1736
1736
1737
1737
1737
1740
1741
1742
1745
1747
1747
1747
1748
1749
1749
1749
1750
1754
1754
1755
1756
1757
1757
1758
1759
1760
1760
1761
1762
1762
1763
1764
1765
1765
1766
1767
1769
1769
1770
1771
1772
1772
1772
1773
1775
1775
1776
1776
1777
1778
1778
1779
1780
1781
1782
1782
1784
1784
1784
1785
1786
1786
1786
1788
1788
1789
1789
1789
1791
1792
1793
1794
1794
1794
1795
1795
1797
1797
1798
1801
1801
1801
1807
1807
1809
1810
1811
1812
1812
1812
1813
1813
1815
1816
1817
1818
1818
1820
1820
1822
1824
1824
1824
1826
1827
1827
1828
1828
1830
1831
1834
1834
1835
1835
1836
1836
1839
1840
1842
1843
1843
1844
1844
1844
1844
1844
1846
1846
1847
1849
1851
1852
1852
1853
1854
1854
1857
1859
1862
1863
1863
1863
1866
1867
1868
1868
1869
1869
1870
1876
1877
1878
1879
1880
1880
1880
1881
1881
1881
1883
1884
1884
1888
1889
1889
1891
1892
1893
1894
1895
1895
1895
1896
1897
1898
1899
1900
1901
1902
1902
1902
1904
1906
1906
1906
1906
1908
1908
1908
1910
1913
1914
1917
1918
1919
1920
1921
1921
1921
1921
1921
1922
1922
1924
1925
1927
1928
1929
1932
1932
1934
1934
1935
1936
1936
1937
1937
1938
1939
1939
1939
1940
1941
1943
1945
1946
1947
1949
1949
1949
1950
1953
1953
1953
1954
1957
1957
1961
1961
1965
1967
1967
1967
1968
1970
1971
1973
1974
1975
1975
1976
1977
1977
1978
1983
1984
1986
1986
1986
1987
1989
1989
1991
1992
1993
1998
1999
2000
2001
2001
2002
2003
2005
2005
2006
2006
2006
2006
2008
2009
2009
2009
2011
2012
2013
2013
2016
2018
2019
2019
2020
2022
2024
2027
2028
2031
2032
2033
2034
2034
2035
2035
2036
2036
2037
2037
2040
2042
2043
2043
2045
2045
2045
2047
2047
2048
2050
2050
2050
2050
2051
2054
2054
2055
2055
2055
2056
2056
2059
2060
2061
2062
2064
2065
2066
2067
2067
2071
2071
2074
2074
2076
2079
2080
2081
2082
2083
2085
2086
2087
2088
2089
2090
2091
2092
2093
2094
2094
2098
2102
2103
2104
2105
2105
2106
2110
2111
2112
2112
2113
2114
2115
2115
2118
2119
2120
2121
2123
2125
2126
2128
2130
2131
2132
2132
2134
2134
2137
2140
2141
2141
2142
2142
2143
2144
2144
2145
2145
2148
2149
2150
2151
2152
2153
2154
2154
2155
2156
2159
2160
2161
2162
2164
2165
2165
2165
2165
2166
2166
2166
2167
2168
2170
2170
2170
2170
2171
2172
2173
2174
2174
2176
2177
2179
2181
2182
2185
2185
2185
2187
2193
2193
2193
2193
2194
2196
2196
2196
2198
2199
2201
2201
2202
2204
2206
2206
2207
2207
2208
2209
2212
2212
2212
2212
2212
2213
2216
2217
2218
2219
2219
2224
2224
2225
2226
2227
2228
2229
2231
2234
2234
2235
2235
2236
2237
2237
2238
2238
2238
2240
2242
2244
2244
2245
2246
2251
2253
2254
2257
2257
2257
2258
2264
2265
2265
2265
2265
2266
2266
2267
2267
2269
2272
2272
2274
2274
2278
2279
2281
2281
2283
2284
2286
2290
2291
2292
2293
2293
2293
2293
2293
2294
2295
2295
2297
2297
2299
2300
2301
2303
2304
2305
2305
2305
2305
2306
2306
2308
2308
2311
2311
2314
2316
2317
2317
2317
2318
2322
2322
2324
2324
2326
2328
2328
2328
2329
2329
2330
2331
2334
2334
2335
2335
2335
2336
2336
2338
2339
2340
2340
2341
2342
2342
2342
2343
2344
2344
2345
2346
2347
2348
2348
2349
2350
2350
2353
2355
2356
2357
2361
2362
2365
2367
2367
2367
2368
2373
2376
2376
2378
2378
2378
2379
2380
2381
2382
2383
2385
2385
2386
2386
2389
2389
2390
2394
2395
2397
2398
2399
2400
2400
2401
2401
2402
2402
2405
2405
2406
2407
2409
2410
2411
2413
2414
2414
2415
2416
2417
2419
2419
2420
2420
2424
2424
2425
2425
2425
2428
2429
2431
2431
2432
2435
2435
2435
2436
2437
2439
2440
2442
2445
2445
2445
2446
2448
2448
2449
2449
2450
2450
2451
2453
2453
2453
2455
2455
2456
2460
2462
2464
2466
2469
2472
2473
2474
2474
2475
2475
2476
2478
2478
2479
2480
2483
2483
2483
2483
2483
2484
2485
2486
2487
2487
2488
2489
2489
2490
2491
2493
2494
2495
2496
2496
2496
2497
2498
2499
2499
2500
2501
2501
2503
2504
2504
2504
2507
2507
2508
2509
2511
2512
2512
2514
2514
2515
2516
2516
2520
2521
2521
2522
2523
2523
2524
2525
2525
2525
2528
2530
2532
2532
2533
2534
2536
2536
2538
2540
2541
2542
2544
2545
2545
2546
2546
2547
2547
2547
2552
2555
2557
2557
2557
2557
2559
2560
2560
2564
2566
2567
2567
2569
2569
2570
2570
2570
2571
2573
2574
2574
2575
2575
2576
2576
2576
2577
2579
2580
2580
2582
2583
2585
2585
2586
2586
2586
2588
2589
2590
2590
2591
2591
2592
2592
2594
2594
2594
2597
2598
2601
2601
2606
2607
2608
2611
2612
2613
2614
2614
2616
2618
2619
2619
2620
2622
2623
2624
2626
2627
2630
2630
2631
2632
2633
2634
2634
2635
2638
2639
2643
2643
2645
2646
2647
2648
2649
2649
2651
2653
2653
2655
2657
2657
2657
2658
2662
2664
2665
2666
2666
2667
2670
2671
2671
2671
2672
2672
2672
2672
2673
2673
2674
2676
2676
2677
2677
2677
2678
2678
2680
2681
2682
2682
2683
2683
2687
2687
2688
2688
2690
2691
2691
2693
2697
2700
2701
2701
2702
2702
2703
2704
2704
2705
2708
2708
2709
2710
2712
2712
2713
2714
2716
2717
2717
2719
2719
2719
2720
2720
2723
2723
2723
2724
2724
2725
2727
2727
2728
2728
2729
2729
2731
2731
2734
2735
2735
2737
2737
2737
2739
2741
2741
2742
2742
2743
2745
2746
2747
2747
2748
2748
2748
2748
2749
2750
2750
2752
2753
2754
2754
2756
2756
2758
2759
2761
2764
2765
2769
2770
2770
2772
2777
2778
2779
2779
2781
2781
2782
2782
2782
2784
2785
2785
2786
2788
2788
2789
2791
2792
2792
2792
2793
2793
2793
2794
2795
2795
2797
2798
2798
2800
2802
2804
2805
2806
2806
2807
2808
2813
2814
2815
2817
2823
2829
2830
2833
2834
2834
2835
2836
2838
2839
2840
2841
2841
2841
2842
2844
2844
2846
2849
2850
2850
2852
2853
2853
2856
2856
2857
2859
2860
2862
2863
2864
2864
2864
2865
2866
2868
2868
2870
2870
2873
2873
2875
2877
2877
2879
2882
2882
2883
2884
2884
2886
2886
2887
2888
2889
2889
2892
2893
2898
2899
2900
2900
2900
2901
2904
2905
2906
2906
2907
2909
2909
2911
2912
2913
2914
2917
2919
2920
2922
2924
2924
2925
2929
2929
2929
2929
2930
2930
2930
2931
2931
2932
2933
2936
2936
2941
2941
2941
2942
2943
2945
2947
2947
2948
2949
2949
2950
2951
2952
2952
2952
2952
2955
2956
2956
2958
2960
2960
2964
2964
2965
2965
2967
2969
2969
2970
2970
2970
2971
2972
2972
2973
2974
2975
2975
2976
2976
2979
2979
2979
2979
2980
2982
2982
2982
2982
2983
2985
2985
2986
2986
2986
2987
2987
2989
2990
2990
2992
2993
2993
2994
2996
2997
2997
2998
2998
2998
2999
3004
3004
3005
3005
3005
3006
3009
3010
3012
3013
3013
3013
3015
3016
3017
3018
3018
3019
3020
3023
3025
3025
3026
3028
3031
3032
3032
3032
3033
3033
3034
3035
3036
3039
3041
3042
3042
3044
3044
3044
3044
3046
3047
3048
3049
3049
3050
3052
3052
3053
3054
3054
3055
3057
3058
3058
3059
3061
3063
3065
3065
3067
3068
3069
3071
3072
3073
3074
3076
3079
3079
3080
3081
3083
3083
3084
3086
3088
3088
3089
3091
3091
3098
3102
3102
3102
3102
3105
3106
3106
3107
3108
3108
3114
3117
3118
3119
3119
3120
3122
3122
3125
3125
3127
3127
3129
3129
3129
3130
3131
3133
3133
3133
3136
3137
3137
3138
3138
3140
3141
3142
3144
3145
3149
3149
3149
3149
3150
3150
3152
3152
3153
3153
3153
3153
3153
3154
3155
3155
3157
3157
3157
3159
3161
3162
3162
3164
3165
3165
3165
3168
3168
3170
3173
3173
3174
3175
3177
3181
3181
3181
3182
3182
3182
3183
3184
3185
3186
3188
3189
3189
3190
3190
3193
3193
3198
3199
3201
3203
3203
3205
3205
3205
3207
3208
3209
3210
3212
3212
3213
3214
3215
3216
3216
3218
3218
3218
3218
3221
3221
3221
3223
3224
3226
3227
3228
3229
3231
3233
3234
3234
3235
3235
3237
3239
3243
3243
3245
3247
3248
3250
3252
3252
3252
3255
3256
3257
3257
3258
3259
3260
3262
3262
3263
3264
3267
3268
3270
3271
3273
3273
3274
3274
3275
3276
3276
3278
3278
3279
3280
3283
3285
3287
3289
3290
3290
3292
3292
3292
3293
3294
3294
3295
3295
3295
3296
3298
3298
3298
3299
3300
3301
3304
3305
3305
3306
3306
3307
3307
3307
3309
3311
3313
3315
3318
3320
3320
3320
3321
3325
3325
3326
3328
3329
3329
3332
3332
3332
3333
3337
3338
3338
3338
3341
3342
3342
3342
3343
3343
3346
3347
3348
3350
3350
3351
3352
3353
3355
3355
3356
3356
3357
3357
3357
3357
3360
3360
3361
3361
3362
3365
3366
3367
3368
3370
3372
3372
3372
3372
3373
3374
3374
3374
3377
3378
3378
3380
3381
3381
3382
3382
3383
3383
3385
3386
3387
3387
3389
3393
3395
3396
3396
3397
3398
3399
3399
3400
3405
3405
3406
3409
3409
3410
3411
3411
3414
3414
3415
3416
3418
3419
3421
3422
3424
3425
3425
3425
3426
3430
3430
3431
3433
3433
3434
3435
3437
3439
3440
3440
3440
3441
3443
3443
3444
3445
3445
3448
3449
3450
3451
3451
3451
3451
3452
3452
3455
3456
3457
3459
3459
3460
3460
3461
3464
3466
3467
3467
3467
3468
3468
3469
3470
3470
3470
3472
3473
3473
3474
3474
3477
3479
3480
3483
3483
3486
3486
3488
3488
3488
3490
3490
3491
3493
3493
3493
3494
3494
3497
3499
3499
3500
3500
3504
3506
3506
3506
3506
3507
3509
3509
3510
3510
3512
3515
3515
3516
3517
3518
3521
3522
3523
3524
3525
3526
3527
3530
3530
3531
3531
3533
3533
3534
3534
3537
3537
3538
3539
3539
3539
3539
3539
3542
3542
3544
3547
3547
3547
3548
3549
3549
3551
3551
3552
3552
3552
3554
3555
3555
3555
3556
3557
3560
3560
3561
3561
3562
3563
3564
3565
3567
3567
3568
3569
3573
3574
3575
3576
3576
3576
3576
3577
3578
3578
3579
3582
3583
3585
3586
3586
3586
3589
3593
3594
3594
3595
3595
3595
3597
3597
3598
3598
3598
3598
3603
3603
3604
3605
3605
3605
3607
3607
3608
3608
3611
3611
3612
3614
3614
3616
3616
3619
3619
3619
3623
3623
3626
3626
3628
3630
3630
3631
3632
3633
3633
3633
3634
3634
3637
3638
3638
3638
3640
3640
3642
3642
3642
3643
3644
3646
3647
3647
3648
3651
3651
3652
3652
3654
3655
3656
3657
3658
3661
3663
3664
3665
3666
3667
3667
3667
3670
3670
3670
3671
3671
3672
3672
3672
3672
3674
3674
3674
3675
3679
3680
3680
3680
3680
3680
3680
3680
3681
3683
3684
3684
3684
3686
3687
3687
3688
3688
3690
3691
3691
3691
3693
3693
3694
3694
3697
3698
3698
3699
3699
3699
3700
3700
3703
3704
3705
3706
3707
3707
3707
3709
3710
3710
3710
3715
3716
3720
3722
3722
3724
3724
3725
3726
3727
3728
3728
3728
3733
3733
3734
3734
3734
3736
3738
3740
3741
3742
3743
3744
3744
3745
3746
3746
3746
3747
3751
3751
3752
3753
3756
3757
3759
3759
3760
3762
3763
3764
3765
3765
3765
3767
3767
3768
3769
3771
3773
3773
3774
3777
3778
3779
3781
3782
3783
3783
3785
3785
3785
3787
3787
3789
3790
3790
3791
3791
3795
3795
3795
3799
3802
3803
3803
3806
3808
3808
3811
3812
3813
3815
3815
3815
3818
3819
3819
3820
3820
3820
3821
3821
3824
3825
3826
3827
3827
3828
3829
3832
3832
3834
3835
3837
3837
3840
3840
3841
3842
3842
3842
3845
3847
3847
3849
3850
3850
3851
3851
3851
3852
3852
3853
3853
3857
3857
3858
3858
3858
3861
3861
3862
3864
3865
3867
3867
3869
3869
3869
3869
3870
3872
3872
3872
3875
3876
3876
3876
3877
3878
3880
3882
3884
3884
3885
3886
3886
3888
3889
3889
3890
3890
3893
3893
3895
3897
3898
3898
3900
3903
3905
3906
3907
3908
3912
3913
3913
3913
3914
3915
3916
3917
3917
3919
3919
3921
3922
3923
3924
3925
3926
3927
3928
3929
3930
3931
3931
3932
3933
3936
3937
3939
3939
3940
3940
3942
3943
3943
3946
3947
3948
3951
3951
3952
3954
3954
3955
3955
3957
3957
3957
3959
3960
3960
3960
3962
3965
3966
3966
3968
3969
3970
3974
3974
3974
3975
3977
3981
3981
3981
3982
3982
3983
3983
3984
3984
3984
3984
3985
3988
3989
3989
3994
3995
3997
3998
3999
4002
4002
4003
4004
4004
4008
4008
4011
4012
4013
4014
4014
4014
4015
4016
4018
4019
4020
4022
4023
4024
4026
4027
4029
4029
4030
4031
4032
4032
4034
4035
4036
4037
4037
4038
4041
4042
4043
4044
4046
4047
4047
4048
4050
4051
4053
4057
4057
4060
4061
4062
4062
4064
4065
4065
4068
4069
4071
4072
4072
4072
4073
4074
4074
4076
4076
4081
4083
4083
4087
4087
4087
4088
4088
4089
4089
4090
4093
4093
4097
4098
4098
4100
4101
4102
4103
4104
4105
4106
4106
4107
4109
4109
4110
4110
4111
4111
4114
4115
4115
4117
4118
4120
4121
4122
4123
4124
4125
4125
4126
4126
4127
4128
4128
4129
4129
4129
4131
4132
4133
4133
4134
4134
4135
4136
4136
4137
4137
4139
4140
4142
4144
4144
4146
4147
4148
4150
4150
4151
4153
4154
4156
4156
4156
4159
4159
4165
4167
4167
4167
4167
4168
4169
4171
4171
4173
4174
4175
4175
4176
4176
4177
4178
4179
4180
4182
4182
4182
4184
4186
4186
4190
4190
4191
4191
4192
4194
4196
4196
4198
4198
4198
4200
4200
4200
4201
4201
4202
4202
4204
4204
4204
4206
4208
4208
4209
4210
4211
4212
4212
4212
4213
4214
4215
4216
4217
4217
4217
4218
4219
4219
4223
4224
4224
4225
4225
4226
4227
4229
4230
4230
4231
4231
4232
4234
4234
4234
4237
4239
4239
4240
4240
4242
4244
4247
4248
4248
4249
4249
4249
4249
4252
4252
4253
4253
4255
4255
4256
4256
4257
4261
4262
4263
4264
4267
4268
4268
4268
4269
4269
4272
4272
4274
4274
4276
4279
4281
4282
4283
4285
4285
4285
4286
4286
4288
4289
4290
4290
4291
4293
4294
4294
4294
4299
4299
4301
4302
4303
4305
4305
4305
4305
4305
4306
4307
4307
4308
4311
4311
4312
4313
4314
4315
4316
4320
4321
4322
4323
4324
4325
4326
4327
4328
4328
4328
4329
4330
4330
4331
4331
4332
4332
4332
4332
4332
4334
4334
4334
4336
4336
4337
4338
4338
4338
4340
4340
4340
4341
4342
4343
4343
4344
4348
4351
4352
4352
4354
4354
4355
4355
4356
4357
4357
4357
4358
4359
4360
4361
4362
4362
4365
4368
4368
4369
4370
4370
4370
4372
4372
4372
4373
4373
4373
4374
4374
4375
4376
4378
4379
4380
4381
4381
4382
4382
4383
4383
4385
4386
4386
4387
4387
4387
4388
4388
4389
4389
4389
4392
4392
4392
4393
4394
4394
4395
4396
4397
4398
4398
4399
4400
4400
4402
4403
4403
4405
4407
4407
4408
4409
4410
4410
4411
4412
4413
4413
4413
4417
4419
4419
4419
4420
4421
4421
4423
4423
4423
4425
4426
4426
4427
4428
4428
4429
4429
4429
4430
4431
4432
4432
4436
4438
4438
4439
4440
4444
4445
4446
4447
4447
4447
4447
4449
4450
4454
4456
4457
4457
4459
4459
4460
4461
4462
4462
4463
4464
4465
4465
4465
4468
4468
4468
4468
4469
4470
4471
4472
4472
4473
4476
4478
4479
4479
4480
4481
4482
4483
4484
4486
4487
4487
4488
4488
4489
4489
4489
4489
4489
4490
4490
4493
4495
4497
4498
4498
4500
4503
4504
4507
4508
4511
4511
4511
4512
4513
4516
4517
4519
4520
4522
4522
4523
4524
4525
4526
4529
4530
4531
4532
4532
4533
4535
4536
4539
4542
4543
4543
4544
4547
4548
4549
4549
4550
4550
4551
4551
4551
4551
4551
4555
4555
4556
4556
4558
4560
4562
4563
4563
4566
4568
4569
4569
4569
4570
4571
4572
4573
4574
4575
4578
4586
4586
4586
4587
4588
4591
4592
4592
4594
4595
4596
4598
4598
4598
4598
4599
4600
4601
4602
4602
4603
4603
4604
4604
4606
4606
4607
4607
4607
4614
4614
4614
4615
4616
4616
4616
4617
4617
4618
4618
4618
4619
4620
4621
4624
4625
4627
4628
4633
4634
4635
4637
4637
4637
4638
4640
4640
4641
4644
4645
4646
4647
4657
4657
4657
4658
4659
4659
4659
4661
4663
4663
4663
4666
4667
4668
4668
4670
4670
4670
4671
4671
4672
4673
4673
4674
4675
4675
4676
4676
4676
4677
4678
4679
4680
4680
4682
4683
4684
4684
4684
4686
4687
4687
4688
4689
4689
4690
4692
4694
4695
4695
4696
4698
4698
4700
4700
4704
4705
4706
4707
4711
4712
4714
4715
4719
4719
4719
4720
4721
4721
4722
4722
4723
4724
4725
4726
4726
4726
4727
4729
4729
4729
4730
4730
4735
4736
4736
4737
4737
4737
4738
4739
4739
4739
4739
4739
4741
4742
4743
4744
4744
4745
4745
4748
4750
4753
4754
4754
4756
4756
4757
4759
4759
4760
4760
4762
4762
4764
4766
4769
4769
4770
4773
4773
4774
4775
4779
4781
4782
4782
4783
4784
4785
4786
4788
4788
4789
4790
4792
4793
4794
4794
4795
4796
4796
4798
4798
4800
4800
4803
4803
4804
4804
4805
4806
4806
4807
4810
4811
4812
4813
4813
4814
4818
4819
4819
4819
4819
4820
4821
4823
4823
4824
4825
4825
4826
4826
4828
4829
4829
4832
4832
4832
4834
4834
4835
4838
4838
4838
4838
4840
4840
4841
4841
4842
4842
4842
4844
4847
4847
4847
4847
4849
4850
4850
4855
4858
4858
4863
4864
4865
4865
4866
4866
4867
4868
4870
4871
4871
4874
4875
4879
4880
4880
4880
4882
4885
4886
4886
4888
4889
4891
4892
4893
4893
4894
4895
4896
4897
4898
4898
4898
4900
4902
4903
4905
4907
4908
4910
4910
4914
4914
4914
4914
4915
4915
4917
4917
4918
4919
4920
4921
4921
4925
4927
4928
4929
4929
4929
4931
4931
4932
4934
4939
4939
4940
4940
4940
4942
4942
4943
4943
4943
4943
4944
4944
4947
4947
4949
4953
4954
4955
4957
4958
4958
4959
4961
4962
4962
4962
4963
4963
4964
4964
4964
4966
4967
4967
4968
4969
4970
4973
4973
4974
4975
4976
4977
4978
4978
4981
4982
4983
4983
4984
4984
4985
4985
4986
4986
4987
4989
4991
4992
4993
4994
4994
4995
4998
4999
4999
5000
5000
5002
5002
5002
5004
5004
5004
5006
5008
5009
5011
5011
5014
5015
5015
5016
5018
5018
5018
5019
5019
5021
5021
5022
5023
5024
5025
5025
5025
5026
5027
5028
5028
5028
5031
5031
5033
5033
5034
5035
5037
5037
5037
5039
5040
5041
5042
5042
5042
5042
5044
5044
5045
5045
5045
5046
5051
5053
5054
5055
5055
5055
5056
5057
5060
5060
5061
5062
5063
5065
5065
5066
5067
5072
5072
5073
5075
5076
5076
5076
5076
5077
5083
5083
5084
5086
5087
5090
5091
5091
5092
5092
5093
5093
5094
5094
5098
5102
5103
5103
5103
5104
5105
5105
5106
5108
5109
5114
5114
5116
5116
5118
5119
5121
5121
5123
5123
5123
5123
5124
5129
5130
5132
5132
5133
5134
5135
5136
5137
5137
5139
5139
5139
5144
5145
5147
5150
5150
5150
5152
5152
5153
5154
5157
5158
5159
5159
5160
5160
5162
5165
5165
5165
5166
5167
5171
5171
5172
5172
5172
5173
5173
5174
5174
5174
5174
5174
5177
5178
5178
5178
5180
5181
5184
5187
5187
5189
5189
5190
5190
5190
5192
5192
5194
5196
5197
5199
5199
5200
5200
5202
5202
5203
5204
5204
5205
5209
5210
5211
5211
5211
5213
5213
5214
5214
5215
5216
5217
5220
5222
5223
5223
5224
5227
5227
5230
5230
5231
5231
5231
5232
5233
5233
5235
5237
5237
5238
5240
5240
5241
5241
5242
5242
5244
5245
5246
5248
5248
5249
5250
5250
5250
5251
5252
5252
5253
5254
5255
5256
5258
5259
5260
5260
5261
5261
5262
5264
5264
5264
5266
5266
5266
5267
5268
5270
5270
5271
5271
5272
5273
5274
5275
5277
5277
5278
5279
5281
5281
5285
5287
5288
5289
5292
5292
5293
5295
5295
5295
5295
5296
5297
5297
5299
5299
5303
5303
5304
5306
5306
5307
5308
5309
5311
5313
5313
5314
5316
5317
5317
5318
5318
5319
5319
5319
5319
5319
5321
5322
5323
5323
5325
5326
5329
5329
5329
5329
5330
5332
5336
5339
5340
5341
5341
5341
5342
5342
5344
5345
5345
5345
5345
5346
5346
5346
5347
5347
5348
5349
5349
5351
5351
5351
5353
5354
5355
5355
5357
5359
5360
5360
5362
5365
5365
5366
5368
5373
5373
5374
5374
5374
5374
5375
5376
5377
5379
5379
5380
5382
5382
5382
5382
5384
5384
5385
5385
5386
5387
5388
5388
5390
5390
5392
5393
5394
5394
5394
5395
5396
5398
5400
5401
5401
5402
5402
5402
5403
5404
5408
5409
5410
5411
5413
5413
5415
5419
5419
5419
5420
5422
5427
5428
5430
5430
5433
5434
5435
5436
5438
5439
5440
5441
5445
5448
5449
5452
5457
5458
5458
5459
5461
5461
5461
5462
5463
5463
5464
5464
5466
5467
5467
5468
5470
5471
5471
5471
5472
5473
5474
5474
5475
5476
5476
5477
5478
5479
5482
5483
5486
5486
5486
5487
5487
5487
5487
5490
5491
5493
5495
5495
5496
5496
5496
5501
5503
5503
5504
5504
5505
5505
5506
5508
5510
5512
5512
5513
5513
5514
5515
5516
5516
5517
5519
5519
5520
5520
5523
5525
5528
5528
5528
5530
5531
5531
5532
5532
5534
5534
5536
5536
5536
5536
5537
5538
5539
5541
5543
5544
5544
5545
5547
5547
5549
5550
5551
5553
5553
5555
5556
5557
5558
5558
5558
5560
5560
5563
5569
5570
5571
5572
5572
5573
5573
5575
5576
5576
5578
5578
5579
5579
5580
5580
5581
5582
5583
5584
5585
5586
5586
5586
5587
5589
5589
5589
5590
5591
5593
5594
5595
5596
5596
5597
5598
5599
5600
5601
5602
5604
5608
5608
5608
5610
5610
5610
5611
5611
5612
5612
5613
5613
5615
5615
5617
5619
5619
5620
5620
5622
5623
5624
5624
5625
5625
5627
5628
5628
5629
5629
5630
5631
5632
5633
5634
5634
5634
5634
5635
5635
5635
5635
5636
5636
5637
5637
5638
5638
5639
5640
5641
5641
5643
5644
5644
5645
5645
5647
5649
5650
5651
5651
5651
5652
5652
5652
5653
5653
5654
5654
5654
5655
5656
5656
5658
5659
5659
5659
5660
5663
5663
5665
5666
5667
5670
5670
5672
5672
5673
5673
5674
5674
5674
5677
5677
5678
5678
5679
5681
5681
5682
5682
5682
5683
5685
5686
5686
5687
5688
5688
5688
5689
5689
5691
5691
5693
5695
5695
5696
5696
5696
5697
5698
5698
5700
5701
5701
5702
5703
5704
5704
5707
5707
5707
5708
5708
5711
5711
5712
5715
5715
5716
5719
5720
5721
5722
5722
5723
5723
5725
5725
5727
5728
5729
5729
5729
5730
5733
5733
5736
5739
5739
5740
5740
5741
5741
5741
5741
5742
5742
5742
5745
5747
5749
5750
5752
5752
5754
5754
5756
5756
5757
5762
5762
5762
5764
5765
5766
5768
5769
5770
5771
5772
5774
5776
5777
5778
5779
5781
5781
5783
5783
5784
5785
5786
5786
5787
5787
5788
5788
5790
5791
5792
5792
5793
5793
5794
5797
5799
5799
5800
5801
5802
5803
5803
5803
5804
5804
5805
5809
5810
5810
5812
5814
5817
5819
5819
5820
5822
5822
5823
5824
5824
5826
5826
5827
5828
5829
5830
5831
5835
5838
5839
5842
5843
5848
5848
5848
5849
5849
5851
5856
5856
5858
5860
5860
5860
5860
5860
5861
5862
5862
5863
5865
5867
5868
5868
5868
5868
5869
5869
5871
5873
5873
5873
5874
5874
5875
5876
5876
5877
5877
5878
5879
5880
5880
5881
5882
5883
5883
5886
5886
5887
5887
5889
5890
5891
5891
5896
5896
5897
5897
5899
5900
5903
5905
5906
5907
5909
5912
5915
5916
5916
5916
5917
5919
5920
5921
5922
5922
5924
5926
5926
5927
5927
5927
5928
5930
5931
5932
5933
5934
5935
5935
5937
5937
5937
5938
5942
5943
5946
5948
5948
5949
5950
5951
5951
5952
5952
5953
5953
5954
5954
5955
5956
5957
5958
5962
5962
5962
5964
5964
5966
5966
5967
5968
5972
5972
5973
5974
5975
5975
5977
5978
5982
5983
5984
5984
5985
5985
5985
5988
5988
5989
5989
5992
5992
5993
5997
5997
5998
5999
6000
6002
6005
6005
6007
6008
6008
6009
6009
6009
6011
6011
6014
6014
6017
6017
6017
6018
6018
6018
6018
6021
6021
6022
6022
6023
6024
6024
6026
6027
6028
6029
6030
6031
6032
6032
6036
6036
6037
6039
6040
6040
6042
6042
6043
6044
6045
6046
6047
6049
6049
6049
6051
6052
6054
6055
6055
6058
6064
6065
6066
6067
6067
6067
6068
6069
6070
6070
6071
6071
6073
6073
6075
6077
6080
6081
6081
6082
6084
6085
6085
6086
6087
6088
6089
6089
6090
6091
6093
6094
6097
6097
6098
6098
6098
6098
6099
6100
6100
6101
6101
6101
6102
6103
6104
6105
6105
6106
6106
6110
6110
6111
6112
6112
6114
6114
6115
6115
6115
6117
6118
6119
6120
6121
6121
6122
6123
6124
6127
6128
6129
6129
6130
6131
6131
6134
6134
6135
6136
6136
6136
6136
6138
6139
6140
6140
6142
6142
6144
6146
6146
6147
6151
6151
6152
6154
6155
6156
6156
6158
6158
6159
6160
6161
6161
6161
6161
6161
6162
6162
6163
6164
6165
6165
6165
6165
6166
6168
6168
6169
6170
6170
6171
6172
6173
6175
6175
6175
6175
6176
6177
6177
6179
6179
6181
6182
6182
6184
6185
6186
6186
6187
6187
6187
6188
6189
6192
6195
6196
6197
6197
6198
6199
6199
6201
6201
6202
6202
6203
6203
6203
6205
6205
6205
6205
6207
6207
6210
6211
6212
6214
6215
6217
6217
6217
6220
6220
6221
6222
6223
6223
6224
6225
6225
6227
6228
6229
6231
6233
6234
6235
6238
6238
6238
6238
6242
6244
6245
6245
6246
6247
6247
6248
6250
6250
6252
6252
6253
6254
6257
6257
6258
6259
6259
6259
6261
6261
6261
6261
6262
6262
6263
6264
6264
6264
6265
6265
6266
6266
6267
6267
6269
6269
6269
6269
6273
6274
6276
6276
6276
6281
6282
6283
6283
6284
6284
6287
6291
6291
6292
6293
6294
6295
6298
6299
6299
6300
6301
6301
6301
6302
6302
6303
6303
6304
6304
6304
6304
6304
6305
6305
6307
6309
6310
6310
6311
6312
6313
6313
6313
6314
6314
6314
6316
6319
6321
6322
6322
6325
6325
6326
6327
6328
6328
6328
6329
6329
6332
6334
6334
6334
6336
6336
6336
6336
6338
6341
6342
6342
6342
6342
6343
6344
6345
6346
6347
6347
6348
6348
6349
6349
6350
6351
6351
6352
6355
6355
6355
6356
6357
6358
6359
6359
6359
6360
6361
6361
6361
6362
6363
6363
6363
6366
6369
6369
6369
6369
6371
6372
6373
6375
6376
6377
6378
6378
6379
6380
6380
6381
6381
6386
6386
6388
6390
6391
6391
6392
6393
6393
6393
6394
6395
6396
6397
6398
6401
6401
6402
6405
6405
6410
6410
6413
6414
6415
6415
6417
6417
6420
6422
6423
6423
6424
6425
6426
6426
6427
6427
6428
6430
6433
6434
6435
6439
6440
6440
6440
6441
6442
6443
6443
6446
6446
6448
6450
6451
6451
6451
6451
6452
6452
6455
6455
6456
6456
6458
6459
6459
6460
6461
6461
6462
6462
6462
6464
6465
6466
6466
6467
6467
6468
6468
6469
6470
6472
6473
6473
6474
6474
6475
6475
6476
6477
6477
6477
6478
6478
6479
6480
6481
6482
6483
6485
6486
6486
6487
6488
6488
6488
6491
6492
6492
6494
6495
6496
6496
6496
6496
6497
6499
6500
6501
6501
6501
6503
6503
6507
6509
6509
6509
6513
6513
6514
6514
6514
6515
6516
6516
6517
6518
6519
6523
6523
6523
6523
6524
6524
6525
6525
6525
6526
6531
6533
6534
6534
6534
6536
6538
6538
6539
6540
6540
6541
6542
6542
6543
6544
6544
6545
6545
6549
6550
6550
6552
6552
6553
6553
6554
6554
6554
6555
6556
6557
6558
6558
6558
6559
6560
6565
6567
6567
6571
6571
6572
6572
6575
6575
6576
6576
6578
6579
6580
6580
6580
6583
6585
6586
6586
6587
6588
6589
6590
6591
6591
6591
6591
6592
6592
6592
6593
6593
6594
6595
6595
6595
6596
6597
6598
6599
6599
6600
6600
6602
6602
6603
6603
6606
6606
6606
6607
6607
6608
6609
6610
6611
6611
6612
6613
6613
6614
6615
6617
6618
6618
6618
6619
6619
6620
6620
6622
6622
6623
6624
6626
6626
6627
6628
6629
6629
6630
6630
6632
6632
6632
6634
6634
6635
6636
6639
6639
6639
6640
6640
6641
6643
6643
6644
6648
6650
6651
6653
6653
6653
6653
6653
6655
6655
6657
6657
6658
6659
6660
6663
6664
6664
6666
6666
6666
6667
6667
6669
6670
6671
6673
6673
6674
6674
6676
6676
6677
6677
6678
6681
6681
6681
6681
6682
6684
6686
6686
6686
6687
6688
6688
6689
6691
6691
6691
6691
6691
6692
6694
6695
6697
6698
6699
6705
6705
6707
6708
6709
6710
6710
6712
6713
6713
6715
6716
6716
6719
6722
6724
6725
6726
6726
6727
6727
6728
6731
6732
6732
6733
6734
6734
6735
6736
6736
6737
6737
6738
6738
6738
6739
6739
6741
6742
6742
6743
6743
6744
6745
6745
6748
6750
6751
6751
6751
6752
6752
6752
6752
6753
6755
6756
6756
6757
6758
6758
6760
6761
6762
6763
6763
6767
6767
6771
6777
6780
6782
6782
6784
6784
6785
6785
6789
6789
6789
6790
6790
6790
6791
6793
6794
6795
6796
6798
6798
6798
6799
6800
6800
6802
6803
6804
6804
6805
6807
6807
6808
6809
6810
6810
6813
6815
6816
6817
6818
6819
6819
6819
6821
6822
6822
6823
6823
6825
6825
6828
6828
6828
6830
6830
6830
6831
6831
6832
6832
6833
6833
6834
6835
6835
6836
6836
6836
6838
6839
6841
6841
6842
6843
6843
6844
6845
6846
6848
6849
6853
6853
6853
6856
6856
6859
6859
6860
6862
6863
6864
6866
6868
6868
6869
6869
6869
6870
6871
6872
6874
6875
6875
6879
6880
6882
6883
6884
6884
6885
6885
6886
6886
6887
6888
6888
6888
6889
6894
6894
6895
6896
6897
6897
6898
6899
6901
6901
6902
6902
6902
6903
6904
6905
6905
6905
6905
6906
6906
6906
6907
6907
6909
6909
6911
6915
6915
6918
6919
6922
6922
6923
6924
6926
6927
6927
6927
6928
6928
6929
6929
6931
6931
6932
6932
6932
6932
6933
6936
6936
6937
6938
6940
6940
6943
6943
6945
6945
6946
6946
6946
6949
6949
6950
6952
6953
6954
6955
6955
6956
6957
6958
6959
6963
6963
6966
6969
6969
6969
6973
6974
6975
6975
6976
6978
6978
6982
6982
6982
6982
6984
6984
6985
6986
6987
6988
6990
6991
6991
6992
6993
6994
6994
6995
6998
6999
7002
7005
7006
7006
7006
7006
7009
7009
7010
7010
7010
7012
7016
7016
7017
7017
7017
7017
7020
7020
7020
7021
7023
7024
7024
7024
7024
7025
7026
7028
7028
7030
7030
7031
7031
7031
7032
7032
7033
7034
7035
7035
7036
7036
7038
7039
7041
7042
7042
7046
7047
7048
7049
7050
7050
7050
7051
7053
7054
7055
7056
7057
7057
7057
7058
7058
7059
7060
7060
7061
7063
7064
7064
7065
7066
7067
7067
7068
7070
7070
7071
7072
7073
7073
7075
7075
7076
7076
7076
7077
7077
7078
7078
7079
7081
7082
7083
7083
7086
7088
7088
7089
7091
7091
7091
7091
7092
7093
7097
7099
7100
7101
7101
7103
7105
7105
7106
7108
7108
7109
7112
7116
7116
7118
7119
7121
7121
7122
7124
7126
7126
7126
7126
7127
7127
7127
7128
7128
7129
7129
7129
7130
7130
7131
7132
7133
7133
7136
7136
7136
7141
7142
7142
7144
7144
7145
7145
7145
7146
7146
7147
7148
7148
7149
7151
7152
7154
7154
7154
7154
7155
7156
7157
7161
7162
7162
7164
7164
7169
7169
7169
7175
7177
7179
7179
7180
7180
7182
7185
7186
7186
7187
7187
7188
7188
7189
7191
7193
7195
7195
7196
7198
7199
7199
7199
7200
7200
7201
7201
7203
7204
7204
7205
7205
7205
7205
7206
7206
7207
7208
7208
7208
7208
7210
7210
7210
7211
7212
7212
7215
7216
7216
7217
7217
7217
7218
7218
7219
7220
7220
7221
7221
7224
7224
7226
7229
7230
7230
7231
7232
7236
7239
7241
7241
7242
7243
7244
7245
7247
7247
7250
7253
7254
7255
7256
7258
7258
7258
7259
7261
7261
7262
7262
7262
7263
7263
7266
7268
7268
7269
7270
7271
7272
7273
7276
7276
7278
7279
7279
7280
7282
7282
7283
7284
7285
7286
7288
7289
7289
7290
7290
7291
7291
7291
7292
7292
7293
7294
7297
7298
7299
7299
7300
7300
7303
7303
7304
7304
7305
7306
7306
7307
7307
7311
7312
7313
7313
7314
7315
7317
7318
7318
7319
7319
7320
7321
7322
7322
7322
7322
7324
7324
7324
7325
7325
7326
7327
7328
7329
7335
7337
7337
7339
7339
7339
7342
7343
7343
7343
7345
7351
7351
7352
7354
7354
7354
7355
7355
7357
7357
7358
7358
7359
7359
7360
7362
7362
7363
7364
7364
7365
7365
7366
7367
7370
7370
7372
7373
7376
7376
7377
7377
7378
7378
7379
7381
7381
7381
7385
7386
7387
7387
7389
7390
7390
7393
7397
7397
7397
7398
7399
7400
7401
7402
7404
7404
7405
7405
7405
7408
7408
7409
7409
7410
7410
7410
7411
7413
7414
7415
7415
7418
7419
7419
7421
7421
7422
7425
7427
7428
7428
7428
7428
7432
7435
7436
7437
7440
7445
7447
7449
7449
7450
7450
7453
7453
7455
7455
7456
7457
7459
7462
7463
7463
7464
7465
7465
7466
7466
7466
7466
7468
7469
7470
7472
7472
7472
7472
7474
7474
7474
7474
7475
7476
7481
7481
7483
7484
7486
7491
7492
7494
7497
7498
7500
7500
7503
7504
7505
7506
7507
7509
7510
7511
7511
7512
7512
7515
7517
7518
7518
7520
7521
7522
7522
7523
7524
7525
7525
7525
7526
7526
7527
7527
7528
7528
7528
7530
7531
7531
7532
7533
7534
7536
7538
7538
7538
7539
7540
7540
7541
7544
7545
7545
7547
7547
7549
7550
7551
7551
7551
7552
7552
7552
7553
7553
7554
7554
7555
7557
7559
7560
7560
7561
7562
7562
7563
7563
7564
7564
7567
7568
7569
7569
7569
7573
7574
7575
7576
7576
7576
7576
7577
7577
7578
7578
7578
7579
7579
7580
7581
7583
7584
7586
7586
7588
7588
7588
7588
7590
7591
7591
7593
7596
7600
7602
7602
7603
7603
7604
7608
7612
7613
7613
7613
7613
7614
7615
7616
7618
7618
7618
7618
7620
7620
7620
7620
7622
7623
7623
7624
7625
7625
7626
7627
7628
7630
7630
7630
7630
7631
7632
7633
7634
7635
7637
7639
7640
7640
7640
7641
7643
7644
7644
7644
7645
7646
7648
7648
7648
7649
7652
7654
7654
7656
7658
7659
7662
7662
7663
7664
7664
7664
7664
7665
7665
7666
7669
7669
7670
7670
7672
7672
7672
7673
7673
7673
7674
7676
7676
7677
7679
7679
7679
7682
7682
7682
7684
7684
7685
7688
7688
7691
7691
7694
7694
7694
7694
7696
7696
7698
7698
7699
7703
7703
7705
7706
7707
7707
7708
7708
7709
7710
7710
7710
7714
7714
7715
7716
7716
7716
7718
7719
7721
7721
7722
7722
7723
7724
7725
7726
7727
7728
7728
7728
7729
7729
7731
7732
7733
7734
7735
7736
7736
7736
7739
7739
7740
7741
7741
7742
7742
7745
7746
7747
7748
7749
7750
7750
7751
7751
7751
7752
7752
7752
7753
7759
7759
7762
7763
7763
7764
7764
7767
7767
7768
7769
7770
7771
7771
7771
7771
7771
7773
7773
7773
7774
7774
7775
7776
7776
7777
7778
7779
7779
7780
7782
7786
7787
7788
7793
7794
7796
7797
7798
7800
7800
7801
7801
7802
7803
7805
7806
7807
7807
7811
7812
7813
7818
7820
7822
7823
7823
7824
7825
7826
7827
7827
7827
7830
7832
7832
7833
7834
7834
7834
7835
7836
7838
7838
7839
7840
7840
7841
7843
7843
7846
7846
7846
7847
7847
7847
7848
7850
7851
7851
7851
7852
7853
7859
7860
7860
7862
7862
7867
7872
7873
7873
7875
7876
7876
7878
7879
7879
7879
7880
7882
7882
7882
7884
7884
7885
7886
7888
7888
7888
7889
7889
7890
7890
7890
7891
7891
7893
7893
7895
7896
7898
7899
7901
7901
7901
7901
7902
7904
7904
7906
7908
7908
7915
7915
7916
7921
7922
7924
7924
7924
7925
7926
7926
7926
7928
7929
7929
7931
7932
7932
7932
7936
7938
7939
7940
7942
7943
7943
7945
7946
7947
7947
7947
7948
7948
7948
7949
7949
7949
7949
7951
7953
7954
7954
7954
7955
7955
7956
7956
7958
7958
7959
7959
7961
7963
7964
7965
7966
7967
7969
7969
7970
7971
7971
7972
7976
7977
7977
7978
7979
7979
7979
7981
7981
7982
7983
7983
7985
7987
7991
7991
7992
7992
7993
7997
7999
8000
8002
8002
8003
8003
8003
8005
8006
8008
8009
8010
8012
8012
8013
8014
8015
8016
8016
8017
8017
8017
8018
8018
8018
8020
8020
8020
8020
8020
8021
8021
8022
8022
8023
8023
8025
8026
8028
8030
8031
8031
8032
8033
8034
8034
8035
8036
8037
8037
8038
8039
8040
8041
8041
8041
8041
8042
8043
8044
8044
8045
8045
8050
8050
8051
8051
8052
8053
8054
8054
8055
8056
8056
8057
8057
8058
8058
8059
8059
8059
8059
8059
8059
8059
8060
8060
8060
8060
8061
8061
8062
8064
8064
8067
8067
8068
8071
8072
8072
8073
8073
8074
8074
8075
8076
8079
8079
8079
8080
8082
8083
8083
8085
8090
8090
8091
8092
8093
8093
8094
8095
8096
8098
8098
8098
8099
8101
8102
8103
8104
8104
8105
8106
8106
8108
8109
8109
8109
8110
8110
8111
8112
8112
8113
8113
8114
8114
8114
8117
8117
8118
8118
8120
8121
8122
8124
8124
8125
8126
8128
8128
8129
8131
8133
8133
8133
8133
8134
8134
8134
8135
8137
8137
8138
8139
8139
8142
8142
8142
8143
8144
8145
8146
8146
8147
8149
8150
8151
8151
8153
8153
8155
8155
8156
8156
8158
8162
8163
8164
8165
8168
8169
8171
8172
8174
8175
8175
8176
8176
8177
8178
8179
8179
8180
8180
8181
8181
8185
8188
8189
8191
8196
8198
8199
8200
8200
8201
8201
8205
8205
8205
8205
8205
8207
8208
8209
8209
8210
8210
8212
8213
8213
8214
8217
8218
8219
8219
8219
8219
8220
8221
8222
8224
8226
8229
8229
8230
8230
8231
8232
8232
8232
8232
8234
8236
8239
8239
8241
8241
8241
8244
8244
8245
8245
8248
8250
8251
8251
8252
8255
8256
8257
8258
8258
8260
8261
8263
8265
8265
8265
8265
8267
8267
8267
8269
8270
8270
8270
8271
8273
8273
8273
8273
8274
8274
8275
8275
8278
8278
8279
8281
8281
8283
8283
8284
8284
8285
8285
8286
8287
8287
8288
8291
8293
8293
8294
8295
8297
8297
8297
8298
8299
8301
8301
8302
8302
8302
8305
8305
8305
8306
8307
8308
8308
8309
8310
8310
8311
8311
8312
8312
8313
8314
8316
8316
8317
8321
8323
8323
8325
8327
8327
8327
8329
8329
8331
8332
8332
8333
8336
8337
8339
8339
8340
8341
8343
8343
8344
8345
8347
8348
8350
8351
8352
8353
8354
8354
8355
8356
8356
8357
8357
8357
8357
8358
8362
8362
8362
8363
8363
8365
8368
8369
8369
8370
8371
8372
8372
8372
8372
8372
8373
8375
8376
8376
8379
8379
8379
8381
8381
8383
8383
8385
8385
8386
8386
8386
8387
8387
8391
8392
8393
8394
8394
8395
8396
8396
8397
8399
8401
8402
8402
8403
8403
8403
8404
8406
8406
8406
8408
8409
8410
8411
8412
8413
8414
8416
8417
8417
8418
8420
8420
8421
8421
8425
8426
8426
8427
8432
8433
8435
8436
8438
8439
8439
8439
8440
8441
8443
8443
8443
8445
8445
8445
8446
8446
8447
8448
8448
8450
8453
8455
8455
8456
8457
8460
8462
8463
8463
8467
8467
8467
8471
8472
8474
8474
8475
8475
8476
8477
8477
8477
8481
8481
8482
8482
8482
8483
8485
8486
8486
8486
8487
8487
8488
8488
8490
8495
8496
8496
8498
8499
8499
8500
8500
8500
8501
8504
8504
8505
8508
8510
8511
8513
8514
8515
8515
8516
8516
8516
8518
8519
8520
8524
8526
8526
8526
8527
8528
8531
8531
8532
8534
8535
8537
8538
8538
8539
8540
8541
8543
8545
8546
8548
8549
8550
8551
8552
8554
8554
8555
8556
8558
8558
8560
8561
8562
8563
8564
8564
8564
8566
8566
8568
8569
8570
8571
8574
8575
8576
8576
8576
8577
8578
8579
8580
8580
8581
8581
8581
8582
8583
8585
8585
8586
8586
8586
8589
8591
8591
8593
8594
8596
8597
8597
8597
8600
8602
8603
8603
8604
8605
8606
8610
8610
8610
8611
8612
8616
8617
8618
8618
8619
8622
8624
8626
8627
8627
8628
8629
8630
8632
8633
8637
8637
8638
8639
8639
8639
8639
8641
8641
8644
8645
8646
8646
8648
8648
8648
8649
8649
8652
8652
8657
8657
8658
8660
8662
8662
8664
8664
8665
8665
8669
8669
8669
8670
8671
8671
8672
8673
8675
8676
8676
8678
8680
8681
8682
8682
8687
8688
8689
8690
8691
8691
8693
8693
8693
8694
8694
8695
8697
8698
8699
8699
8700
8703
8703
8705
8705
8706
8706
8707
8708
8708
8710
8710
8712
8712
8714
8714
8714
8714
8716
8719
8719
8719
8720
8720
8720
8722
8722
8723
8723
8727
8727
8730
8731
8732
8732
8736
8736
8737
8737
8737
8740
8740
8740
8742
8742
8743
8746
8747
8751
8752
8753
8753
8754
8754
8755
8755
8755
8756
8759
8764
8767
8768
8768
8770
8770
8772
8773
8775
8776
8777
8778
8782
8782
8783
8783
8783
8784
8785
8787
8787
8788
8790
8793
8795
8795
8796
8796
8796
8799
8799
8801
8801
8801
8802
8802
8803
8804
8804
8805
8807
8807
8807
8811
8812
8814
8815
8815
8816
8816
8817
8820
8822
8822
8822
8822
8822
8823
8825
8826
8826
8828
8831
8832
8832
8833
8833
8834
8837
8838
8839
8840
8840
8844
8846
8846
8847
8849
8849
8851
8854
8854
8855
8855
8856
8856
8857
8857
8858
8858
8860
8861
8862
8863
8865
8865
8866
8867
8868
8869
8870
8872
8872
8874
8874
8874
8875
8876
8876
8878
8878
8879
8879
8880
8881
8883
8883
8885
8886
8887
8889
8889
8889
8890
8890
8890
8891
8891
8893
8893
8893
8893
8894
8894
8896
8896
8897
8897
8898
8899
8899
8899
8901
8903
8906
8906
8907
8907
8909
8912
8912
8913
8914
8914
8917
8919
8921
8921
8923
8923
8923
8925
8925
8925
8928
8929
8929
8929
8930
8933
8933
8933
8934
8934
8936
8936
8937
8939
8939
8940
8941
8943
8946
8946
8947
8947
8947
8947
8949
8950
8954
8955
8956
8959
8961
8961
8962
8962
8963
8963
8966
8969
8970
8971
8971
8976
8976
8979
8982
8982
8984
8984
8984
8984
8985
8988
8988
8989
8991
8992
8994
8995
8996
8996
8998
8999
9000
9001
9001
9002
9002
9002
9002
9003
9003
9003
9005
9005
9005
9005
9006
9007
9007
9007
9009
9009
9011
9013
9014
9015
9015
9015
9016
9016
9017
9018
9018
9019
9019
9020
9020
9021
9023
9023
9023
9025
9028
9033
9033
9034
9034
9035
9036
9037
9038
9038
9039
9039
9042
9043
9043
9045
9045
9046
9047
9047
9047
9047
9049
9050
9053
9053
9054
9055
9056
9057
9057
9057
9058
9060
9060
9062
9063
9064
9065
9065
9066
9068
9068
9068
9069
9069
9070
9071
9074
9075
9075
9076
9077
9078
9079
9079
9079
9079
9080
9081
9082
9082
9084
9084
9085
9086
9087
9088
9091
9093
9093
9094
9094
9095
9095
9098
9099
9099
9100
9100
9101
9101
9103
9103
9103
9106
9108
9108
9108
9109
9109
9110
9112
9112
9112
9112
9114
9114
9114
9116
9117
9118
9120
9123
9124
9125
9127
9130
9132
9132
9132
9134
9135
9135
9136
9137
9138
9139
9139
9139
9140
9141
9142
9143
9143
9145
9145
9147
9148
9149
9149
9149
9150
9151
9151
9152
9153
9154
9157
9157
9159
9160
9160
9163
9166
9168
9169
9170
9171
9171
9172
9174
9174
9174
9176
9176
9179
9181
9181
9182
9182
9183
9184
9185
9185
9185
9188
9189
9189
9189
9191
9192
9193
9193
9194
9194
9194
9195
9196
9196
9196
9198
9198
9198
9199
9202
9203
9204
9205
9206
9209
9210
9211
9213
9217
9217
9219
9219
9219
9222
9226
9227
9228
9230
9230
9230
9231
9231
9232
9233
9235
9236
9238
9238
9238
9239
9239
9241
9243
9244
9245
9246
9247
9248
9248
9248
9250
9251
9252
9253
9253
9254
9254
9255
9255
9258
9258
9259
9260
9262
9262
9264
9268
9269
9270
9271
9272
9272
9273
9273
9275
9275
9276
9276
9276
9277
9278
9279
9279
9279
9280
9281
9282
9285
9288
9289
9290
9290
9291
9292
9292
9292
9293
9293
9297
9297
9297
9298
9299
9300
9300
9301
9301
9302
9303
9306
9310
9310
9310
9312
9316
9317
9317
9320
9320
9323
9324
9326
9327
9327
9329
9329
9333
9333
9335
9336
9338
9339
9342
9342
9342
9344
9344
9346
9346
9347
9347
9348
9348
9349
9350
9352
9352
9353
9355
9355
9356
9356
9359
9359
9361
9362
9363
9366
9367
9368
9370
9372
9372
9374
9375
9375
9376
9376
9376
9377
9377
9377
9377
9378
9378
9379
9379
9380
9380
9381
9381
9381
9381
9382
9382
9382
9383
9385
9386
9387
9387
9388
9388
9391
9394
9395
9395
9396
9397
9397
9398
9399
9399
9400
9400
9401
9404
9405
9405
9408
9409
9409
9409
9410
9411
9412
9413
9414
9416
9417
9421
9422
9423
9423
9424
9425
9426
9426
9428
9428
9429
9431
9432
9432
9433
9433
9434
9434
9435
9435
9436
9436
9437
9438
9438
9441
9442
9444
9445
9447
9449
9449
9450
9450
9450
9451
9451
9452
9454
9454
9457
9457
9457
9459
9460
9463
9464
9464
9464
9464
9464
9465
9465
9465
9468
9470
9470
9471
9476
9480
9480
9481
9482
9483
9483
9485
9485
9486
9487
9487
9489
9490
9491
9491
9491
9491
9492
9495
9495
9495
9496
9496
9501
9502
9502
9502
9503
9504
9505
9505
9507
9507
9509
9509
9512
9512
9514
9516
9516
9517
9518
9518
9518
9524
9524
9524
9526
9527
9529
9529
9530
9531
9531
9531
9532
9533
9533
9534
9538
9542
9542
9542
9546
9547
9547
9547
9551
9553
9553
9554
9555
9558
9561
9561
9563
9566
9567
9567
9568
9569
9572
9573
9575
9575
9576
9576
9576
9577
9578
9579
9579
9579
9580
9580
9581
9581
9581
9581
9582
9582
9583
9583
9584
9585
9585
9586
9589
9590
9590
9590
9590
9591
9591
9592
9592
9592
9592
9594
9594
9595
9595
9597
9597
9597
9598
9599
9599
9599
9601
9602
9602
9603
9604
9605
9606
9606
9608
9608
9609
9609
9612
9613
9613
9614
9615
9617
9617
9618
9619
9621
9621
9622
9622
9622
9622
9623
9623
9625
9625
9626
9627
9627
9627
9628
9628
9629
9629
9629
9630
9632
9633
9633
9633
9633
9634
9634
9635
9635
9635
9637
9637
9637
9638
9638
9639
9640
9640
9641
9641
9642
9643
9644
9644
9644
9646
9647
9647
9648
9649
9649
9649
9651
9651
9651
9652
9652
9655
9656
9656
9658
9659
9659
9659
9659
9660
9661
9661
9663
9663
9665
9665
9666
9667
9667
9669
9670
9674
9675
9676
9676
9678
9678
9679
9679
9680
9680
9680
9683
9686
9689
9691
9691
9692
9693
9694
9695
9695
9696
9696
9696
9696
9698
9699
9700
9701
9701
9702
9702
9704
9706
9708
9710
9713
9713
9715
9716
9716
9717
9722
9724
9726
9726
9727
9728
9729
9730
9731
9733
9734
9734
9737
9738
9739
9740
9742
9743
9746
9746
9748
9750
9751
9751
9752
9752
9754
9754
9754
9757
9758
9758
9758
9758
9761
9762
9763
9764
9764
9764
9767
9767
9768
9769
9769
9773
9778
9778
9779
9780
9780
9781
9781
9782
9782
9783
9783
9785
9786
9786
9788
9788
9788
9791
9794
9795
9796
9797
9797
9800
9800
9800
9802
9803
9803
9805
9808
9810
9811
9812
9812
9812
9812
9813
9814
9814
9817
9817
9818
9819
9819
9819
9820
9822
9823
9824
9825
9826
9826
9826
9827
9828
9830
9830
9834
9835
9836
9836
9837
9837
9839
9839
9842
9842
9842
9843
9848
9849
9851
9852
9852
9852
9852
9854
9854
9856
9857
9861
9861
9862
9862
9864
9865
9865
9865
9866
9866
9867
9867
9869
9871
9874
9874
9875
9876
9876
9876
9877
9878
9878
9878
9878
9879
9879
9882
9883
9884
9884
9886
9887
9887
9887
9888
9888
9891
9891
9895
9896
9899
9907
9908
9908
9908
9910
9911
9913
9914
9915
9915
9916
9919
9919
9919
9924
9924
9927
9929
9929
9933
9937
9937
9937
9938
9940
9940
9941
9941
9943
9944
9945
9945
9946
9946
9948
9948
9949
9949
9951
9952
9952
9952
9953
9953
9956
9956
9957
9957
9957
9959
9960
9963
9965
9965
9968
9968
9969
9970
9970
9971
9972
9972
9973
9974
9974
9978
9980
9981
9981
9981
9982
9982
9983
9983
9984
9985
9986
9990
9990
9992
9992
9993
9998
9999
9999
