5
10
11
13
14
14
16
16
18
18
19
21
23
25
25
25
27
27
28
28
29
30
31
31
34
36
36
38
38
39
40
41
42
42
42
44
46
50
50
51
52
59
60
61
62
62
63
63
66
67
67
67
67
68
68
68
68
71
71
71
71
72
72
73
73
75
77
80
81
83
84
85
85
87
88
88
89
89
89
90
90
90
91
92
94
94
97
98
99
99
99
99
101
103
103
104
105
107
111
114
114
115
117
118
118
119
120
121
122
123
125
126
128
130
132
134
137
137
138
138
138
139
141
141
141
141
141
144
144
146
150
150
150
151
152
153
153
154
154
154
155
159
160
160
161
163
163
164
165
165
166
166
168
168
168
171
174
176
177
177
178
178
180
180
181
181
181
181
182
182
183
185
185
186
186
187
188
188
189
191
191
192
193
193
194
195
197
199
204
204
205
206
206
207
207
208
209
209
211
215
215
216
216
217
217
218
218
221
221
222
223
224
224
224
224
225
226
227
227
229
229
230
230
232
232
232
233
233
233
234
235
235
236
236
237
240
240
240
241
242
242
244
246
247
248
248
248
248
249
250
252
253
253
254
255
259
261
264
265
269
269
270
270
271
273
276
277
277
277
278
278
278
279
284
285
285
286
286
287
288
289
289
290
290
292
294
296
298
299
300
300
301
302
302
304
305
307
308
309
311
312
314
314
316
317
317
317
318
318
318
320
321
324
324
325
326
326
327
329
330
330
332
332
333
334
335
335
336
336
336
337
339
339
340
341
342
343
345
346
347
348
348
348
349
349
350
351
351
352
352
353
354
355
356
360
360
361
362
363
363
363
365
367
367
368
371
373
374
374
376
380
380
380
383
384
385
386
386
388
389
391
392
393
393
394
395
396
399
401
404
404
406
406
407
408
409
409
411
412
413
414
414
415
415
415
415
418
419
419
420
421
421
422
422
423
425
426
426
426
426
430
431
431
431
432
432
432
433
433
433
434
434
435
437
439
439
441
441
447
449
450
452
453
453
457
458
458
459
459
460
461
462
462
462
462
463
463
465
466
466
467
468
469
471
472
473
474
475
477
479
481
481
482
482
486
486
486
486
486
487
487
487
488
488
489
490
490
490
491
492
492
492
492
493
493
493
493
493
496
496
497
498
498
499
499
499
500
500
501
502
503
505
505
507
509
511
512
512
512
513
514
516
516
516
517
518
519
521
524
525
526
526
526
528
529
530
531
532
532
532
533
533
533
534
534
534
535
536
538
539
541
542
542
543
545
545
546
547
547
547
552
552
553
553
555
555
555
559
560
563
565
565
567
569
569
569
575
576
576
576
581
581
581
586
586
587
587
587
588
589
589
589
590
591
593
593
594
594
595
596
596
599
600
600
603
605
606
606
607
607
608
609
609
609
611
612
613
613
613
614
614
614
615
615
616
618
618
618
619
620
621
622
623
624
624
624
627
629
633
634
636
636
637
637
639
640
641
641
641
641
642
642
643
644
647
648
648
649
649
650
650
650
652
652
655
656
656
658
659
661
663
663
664
666
666
666
669
669
671
671
673
674
674
675
675
677
679
679
680
681
682
683
684
687
688
688
688
689
690
690
690
692
694
695
699
699
700
701
701
703
705
705
706
707
707
709
711
713
714
716
717
718
719
719
720
722
724
725
725
725
726
729
729
731
731
731
733
736
736
736
737
737
739
739
739
740
742
743
743
743
746
748
749
755
755
755
761
762
763
764
765
765
765
767
768
768
769
770
770
772
772
773
773
773
777
777
777
779
782
782
783
784
784
784
785
785
786
787
787
788
789
789
794
794
794
795
796
796
797
798
799
800
800
801
802
802
802
803
805
805
805
806
808
808
810
813
813
814
814
816
817
818
818
820
820
821
821
823
824
826
827
828
829
830
831
833
835
837
837
838
839
840
841
844
844
845
845
845
847
848
848
848
850
851
852
854
855
857
857
857
857
858
861
861
861
862
866
866
867
868
869
869
869
870
872
873
873
874
877
878
878
879
880
881
882
883
885
886
889
889
890
890
891
892
892
893
893
893
893
893
894
894
896
897
898
899
899
900
900
901
901
903
905
906
909
909
911
912
912
912
915
916
916
917
917
918
920
921
921
923
926
927
927
927
929
929
929
931
933
933
935
936
936
937
937
938
943
943
945
946
946
946
947
947
948
952
953
953
953
953
956
959
960
961
962
963
964
965
966
967
967
968
970
971
972
972
972
972
973
974
975
976
977
978
978
978
979
980
980
981
982
982
985
986
986
987
987
988
991
991
991
991
993
994
995
996
997
999
1002
1003
1005
1006
1006
1007
1007
1009
1013
1014
1014
1015
1016
1017
1020
1021
1021
1021
1023
1024
1024
1026
1026
1026
1030
1036
1038
1039
1040
1043
1043
1044
1046
1047
1047
1047
1048
1048
1050
1053
1054
1055
1056
1056
1057
1058
1060
1060
1060
1060
1061
1064
1065
1066
1066
1067
1067
1070
1071
1072
1073
1075
1075
1077
1078
1078
1078
1079
1082
1082
1084
1084
1084
1087
1091
1091
1092
1092
1098
1098
1098
1100
1101
1102
1102
1103
1104
1104
1104
1106
1106
1107
1109
1109
1110
1112
1112
1112
1112
1115
1115
1115
1119
1120
1122
1123
1126
1126
1127
1127
1130
1131
1134
1136
1139
1140
1140
1142
1143
1144
1146
1148
1151
1154
1154
1155
1156
1157
1159
1160
1162
1163
1163
1164
1165
1167
1167
1167
1172
1172
1172
1173
1173
1174
1174
1176
1179
1179
1181
1182
1184
1186
1186
1187
1187
1187
1188
1188
1189
1192
1192
1194
1194
1194
1196
1196
1197
1197
1199
1200
1201
1203
1203
1204
1207
1208
1209
1209
1210
1211
1212
1214
1214
1215
1215
1216
1216
1216
1217
1217
1218
1218
1219
1219
1221
1222
1223
1224
1224
1224
1224
1226
1226
1228
1232
1232
1235
1236
1237
1239
1240
1241
1245
1245
1247
1248
1251
1252
1254
1254
1255
1255
1257
1257
1258
1258
1261
1261
1261
1263
1263
1264
1267
1267
1268
1268
1269
1270
1270
1272
1272
1273
1275
1276
1276
1277
1278
1278
1279
1280
1281
1282
1283
1284
1285
1289
1290
1290
1290
1292
1292
1293
1297
1298
1301
1302
1302
1302
1306
1307
1307
1307
1308
1309
1313
1314
1314
1314
1314
1315
1315
1316
1326
1327
1330
1331
1332
1332
1333
1334
1334
1334
1335
1335
1336
1336
1339
1341
1342
1343
1343
1343
1344
1344
1347
1348
1349
1349
1350
1351
1351
1353
1354
1355
1356
1356
1356
1356
1357
1357
1357
1357
1357
1357
1358
1358
1359
1360
1361
1362
1362
1363
1364
1366
1366
1367
1368
1370
1372
1372
1374
1374
1375
1377
1377
1379
1382
1383
1384
1385
1385
1387
1388
1389
1391
1392
1392
1393
1394
1394
1395
1396
1399
1399
1401
1401
1402
1403
1406
1407
1408
1408
1411
1413
1413
1413
1414
1415
1416
1417
1417
1418
1418
1419
1422
1422
1425
1427
1427
1429
1434
1434
1436
1436
1437
1437
1438
1439
1439
1441
1442
1442
1442
1442
1445
1446
1446
1451
1451
1451
1451
1453
1453
1454
1455
1456
1457
1457
1457
1460
1461
1461
1463
1465
1465
1467
1469
1473
1475
1476
1476
1478
1479
1479
1480
1481
1484
1484
1486
1487
1487
1489
1489
1490
1493
1493
1494
1495
1496
1497
1498
1500
1501
1501
1502
1503
1504
1504
1504
1504
1507
1507
1512
1514
1514
1517
1518
1518
1518
1521
1522
1522
1524
1524
1525
1525
1526
1527
1528
1528
1528
1529
1529
1529
1531
1532
1533
1533
1533
1534
1534
1536
1537
1538
1539
1539
1541
1542
1543
1543
1545
1545
1546
1548
1548
1548
1548
1549
1549
1550
1551
1551
1551
1552
1552
1552
1553
1554
1555
1556
1556
1556
1557
1558
1560
1561
1561
1562
1563
1564
1564
1566
1570
1571
1572
1573
1574
1574
1575
1576
1576
1577
1578
1578
1579
1580
1580
1583
1586
1586
1586
1589
1589
1590
1591
1592
1594
1599
1602
1604
1604
1604
1606
1607
1609
1610
1610
1611
1612
1614
1615
1615
1615
1617
1619
1621
1622
1623
1623
1624
1625
1625
1626
1626
1628
1628
1632
1633
1633
1634
1635
1635
1635
1635
1636
1637
1638
1639
1640
1640
1641
1642
1643
1644
1645
1646
1646
1646
1646
1647
1647
1648
1649
1650
1650
1651
1652
1654
1655
1655
1656
1657
1657
1658
1658
1659
1659
1659
1660
1661
1662
1662
1663
1665
1668
1669
1671
1671
1674
1676
1678
1679
1680
1680
1681
1681
1681
1685
1686
1687
1688
1688
1689
1689
1691
1692
1695
1695
1700
1701
1701
1701
1702
1702
1703
1703
1705
1706
1708
1708
1708
1708
1710
1711
1713
1713
1715
1717
1718
1718
1720
1721
1721
1722
1723
1724
1724
1725
1726
1727
1728
1728
1728
1730
1730
1730
1731
1731
1731
1734
1734
1736
1738
1738
1740
1740
1740
1741
1741
1742
1742
1742
1744
1748
1749
1751
1751
1751
1752
1752
1753
1753
1754
1756
1756
1757
1757
1758
1760
1762
1762
1763
1763
1764
1764
1765
1766
1767
1768
1770
1770
1770
1771
1774
1776
1776
1777
1778
1778
1778
1779
1779
1779
1781
1781
1783
1785
1788
1788
1788
1788
1789
1790
1791
1792
1792
1792
1793
1795
1795
1795
1797
1798
1799
1800
1801
1803
1803
1804
1804
1805
1805
1806
1807
1810
1811
1812
1813
1813
1813
1813
1814
1816
1817
1818
1818
1819
1819
1819
1820
1820
1820
1821
1821
1821
1823
1824
1825
1826
1826
1827
1828
1830
1831
1831
1831
1832
1835
1836
1837
1838
1839
1843
1843
1844
1845
1845
1846
1847
1848
1848
1849
1850
1851
1854
1856
1857
1857
1858
1859
1861
1863
1865
1865
1865
1868
1869
1869
1870
1871
1871
1872
1873
1873
1874
1876
1876
1879
1879
1881
1882
1882
1883
1883
1884
1884
1885
1885
1886
1887
1887
1889
1890
1890
1890
1893
1893
1893
1894
1899
1899
1901
1902
1903
1903
1903
1904
1905
1906
1908
1908
1909
1911
1911
1913
1914
1914
1916
1917
1919
1920
1920
1921
1925
1931
1931
1934
1935
1936
1938
1939
1942
1942
1942
1943
1945
1945
1946
1946
1949
1950
1950
1951
1952
1952
1953
1953
1953
1954
1954
1955
1956
1956
1958
1958
1959
1959
1960
1961
1964
1964
1965
1967
1969
1971
1971
1972
1972
1973
1974
1974
1974
1974
1974
1975
1975
1976
1977
1978
1981
1981
1984
1984
1984
1985
1986
1987
1987
1987
1988
1988
1990
1991
1991
1993
1993
1993
1997
1997
1998
1999
2000
2000
2003
2005
2005
2005
2005
2006
2008
2008
2008
2008
2009
2011
2013
2014
2015
2016
2017
2018
2020
2020
2020
2020
2021
2021
2022
2023
2024
2024
2024
2026
2026
2028
2030
2030
2032
2033
2033
2033
2033
2035
2035
2037
2037
2038
2041
2041
2042
2042
2043
2043
2046
2046
2046
2047
2047
2047
2047
2048
2048
2049
2050
2053
2053
2054
2055
2056
2057
2057
2057
2058
2058
2058
2059
2060
2060
2061
2061
2062
2065
2066
2067
2069
2072
2072
2072
2073
2074
2075
2077
2077
2078
2079
2080
2080
2081
2081
2082
2083
2084
2084
2085
2086
2086
2088
2088
2091
2091
2093
2095
2095
2095
2096
2097
2097
2099
2100
2101
2104
2104
2106
2107
2109
2110
2112
2112
2114
2116
2117
2118
2121
2123
2123
2124
2124
2124
2124
2126
2127
2127
2129
2129
2130
2130
2133
2133
2134
2134
2135
2138
2138
2138
2138
2142
2143
2144
2145
2145
2145
2146
2147
2149
2149
2150
2150
2151
2151
2152
2152
2153
2153
2154
2154
2154
2154
2155
2156
2157
2158
2158
2160
2162
2163
2163
2163
2164
2165
2166
2167
2167
2167
2167
2169
2171
2171
2172
2173
2173
2175
2175
2175
2176
2178
2178
2180
2181
2182
2184
2184
2186
2187
2188
2189
2190
2190
2190
2193
2193
2195
2195
2195
2198
2198
2200
2201
2201
2202
2202
2202
2205
2208
2208
2209
2211
2211
2212
2212
2213
2213
2216
2217
2217
2217
2218
2218
2220
2222
2229
2229
2231
2232
2233
2234
2235
2236
2236
2237
2238
2239
2240
2241
2242
2244
2246
2246
2248
2249
2251
2252
2253
2257
2258
2258
2259
2261
2262
2263
2265
2267
2267
2268
2268
2268
2269
2269
2270
2271
2275
2277
2278
2279
2279
2280
2282
2286
2288
2288
2289
2289
2289
2292
2292
2295
2296
2296
2298
2299
2300
2302
2303
2303
2304
2304
2305
2305
2307
2309
2310
2311
2311
2312
2312
2313
2313
2315
2316
2316
2317
2319
2320
2321
2321
2322
2324
2325
2325
2326
2326
2328
2328
2329
2330
2330
2330
2331
2332
2335
2336
2339
2340
2340
2340
2340
2340
2341
2342
2344
2344
2345
2345
2346
2346
2346
2347
2347
2349
2349
2350
2351
2352
2354
2354
2355
2358
2359
2360
2361
2361
2362
2365
2365
2367
2367
2368
2372
2374
2380
2382
2382
2382
2383
2383
2383
2386
2386
2386
2386
2387
2389
2389
2389
2392
2393
2394
2396
2396
2397
2397
2398
2398
2399
2401
2401
2401
2402
2406
2407
2410
2410
2411
2411
2411
2412
2412
2413
2415
2415
2415
2416
2416
2417
2420
2421
2421
2421
2423
2427
2428
2428
2429
2429
2432
2434
2434
2435
2437
2437
2438
2440
2444
2444
2446
2446
2447
2447
2448
2452
2453
2453
2454
2455
2457
2459
2459
2459
2459
2460
2460
2461
2462
2462
2462
2464
2464
2466
2467
2468
2468
2470
2471
2472
2475
2476
2477
2479
2479
2480
2482
2484
2485
2485
2486
2487
2488
2491
2491
2492
2492
2492
2502
2506
2508
2509
2509
2511
2512
2514
2516
2516
2516
2518
2518
2521
2523
2524
2524
2525
2525
2525
2525
2527
2528
2531
2531
2532
2532
2533
2533
2536
2537
2538
2540
2541
2542
2542
2543
2543
2544
2545
2545
2547
2547
2547
2548
2549
2550
2551
2553
2554
2555
2556
2556
2558
2558
2559
2562
2564
2566
2566
2568
2569
2571
2571
2573
2575
2575
2575
2577
2579
2579
2581
2581
2581
2583
2587
2588
2589
2590
2591
2592
2593
2594
2595
2595
2596
2597
2597
2599
2601
2601
2601
2602
2602
2602
2603
2605
2607
2607
2607
2608
2610
2611
2611
2613
2613
2615
2615
2618
2618
2621
2621
2621
2623
2625
2626
2626
2627
2628
2629
2629
2632
2634
2634
2635
2636
2636
2638
2638
2639
2639
2642
2643
2644
2644
2644
2645
2645
2646
2647
2647
2647
2648
2650
2650
2651
2655
2655
2655
2656
2657
2658
2660
2666
2666
2668
2669
2669
2673
2674
2675
2677
2677
2678
2681
2681
2682
2683
2684
2686
2686
2687
2688
2688
2689
2689
2689
2691
2692
2692
2692
2693
2693
2693
2693
2694
2694
2695
2695
2696
2697
2697
2699
2699
2700
2700
2700
2701
2703
2703
2705
2705
2706
2706
2706
2707
2709
2711
2713
2714
2715
2717
2717
2718
2718
2719
2719
2719
2720
2720
2721
2722
2722
2723
2724
2724
2725
2725
2726
2726
2727
2727
2728
2729
2731
2733
2734
2735
2736
2736
2737
2737
2737
2739
2740
2741
2741
2744
2744
2747
2747
2749
2750
2750
2750
2751
2752
2754
2754
2755
2756
2756
2756
2760
2761
2761
2763
2764
2766
2766
2766
2768
2768
2769
2771
2773
2774
2776
2778
2779
2780
2781
2783
2783
2783
2783
2784
2785
2785
2785
2787
2787
2788
2788
2789
2790
2791
2794
2797
2798
2800
2802
2802
2802
2802
2802
2804
2805
2806
2806
2806
2809
2810
2811
2812
2813
2814
2814
2820
2822
2823
2826
2827
2827
2827
2828
2830
2833
2833
2834
2834
2837
2837
2838
2838
2841
2841
2843
2843
2844
2844
2846
2846
2846
2847
2848
2849
2850
2851
2851
2853
2855
2858
2859
2859
2860
2861
2861
2861
2861
2861
2862
2863
2863
2864
2865
2865
2868
2870
2870
2872
2876
2876
2878
2880
2880
2882
2884
2886
2886
2887
2889
2890
2892
2893
2893
2894
2894
2895
2897
2897
2897
2898
2899
2900
2901
2901
2902
2903
2904
2904
2905
2906
2909
2915
2916
2917
2918
2920
2922
2922
2923
2924
2924
2925
2926
2927
2928
2929
2929
2929
2930
2931
2932
2933
2933
2935
2936
2936
2936
2937
2938
2938
2938
2941
2943
2944
2944
2945
2945
2946
2950
2951
2951
2951
2955
2958
2958
2958
2958
2959
2959
2959
2961
2963
2964
2969
2970
2970
2971
2973
2974
2974
2975
2976
2979
2979
2980
2982
2984
2984
2984
2986
2989
2990
2990
2992
2993
2993
2995
2995
2995
2997
2997
2998
2999
2999
3000
3003
3004
3005
3006
3007
3007
3008
3008
3010
3010
3010
3012
3012
3013
3013
3013
3018
3021
3021
3021
3021
3022
3023
3026
3027
3028
3029
3029
3030
3030
3033
3034
3035
3036
3036
3037
3040
3040
3041
3043
3044
3044
3045
3046
3047
3047
3047
3049
3050
3050
3050
3050
3051
3051
3052
3052
3053
3053
3054
3054
3055
3057
3060
3060
3061
3062
3062
3063
3063
3064
3064
3064
3065
3067
3068
3070
3072
3072
3072
3073
3073
3073
3074
3079
3080
3080
3081
3081
3084
3085
3086
3087
3088
3089
3089
3090
3090
3090
3090
3092
3093
3095
3096
3097
3097
3097
3098
3098
3100
3102
3103
3104
3105
3111
3111
3111
3112
3113
3114
3115
3115
3118
3119
3120
3121
3122
3124
3126
3128
3129
3129
3130
3130
3130
3131
3131
3132
3132
3133
3134
3134
3135
3136
3137
3137
3138
3138
3139
3140
3142
3143
3144
3144
3145
3145
3146
3147
3148
3148
3148
3150
3151
3152
3153
3154
3154
3154
3155
3158
3158
3159
3162
3164
3168
3169
3170
3171
3171
3172
3172
3175
3176
3180
3180
3181
3182
3183
3184
3186
3188
3192
3194
3195
3198
3199
3200
3201
3201
3203
3204
3205
3207
3208
3210
3211
3211
3212
3214
3214
3215
3215
3215
3216
3217
3217
3219
3219
3219
3219
3220
3220
3226
3227
3228
3228
3229
3229
3229
3233
3233
3235
3236
3238
3239
3240
3242
3243
3244
3246
3247
3247
3248
3249
3249
3252
3253
3253
3255
3255
3256
3257
3258
3261
3261
3263
3263
3263
3264
3265
3265
3265
3265
3266
3266
3268
3268
3269
3269
3271
3274
3275
3278
3280
3281
3282
3282
3286
3286
3287
3287
3288
3288
3288
3289
3291
3291
3291
3292
3293
3294
3294
3295
3296
3297
3300
3301
3302
3303
3303
3304
3305
3305
3305
3308
3309
3310
3311
3312
3312
3312
3312
3316
3316
3320
3320
3321
3321
3321
3324
3324
3325
3326
3326
3327
3327
3328
3329
3329
3329
3330
3330
3330
3330
3331
3331
3333
3334
3336
3338
3340
3342
3343
3344
3345
3346
3346
3346
3346
3347
3349
3352
3352
3354
3354
3355
3360
3360
3361
3361
3363
3363
3363
3364
3365
3365
3365
3365
3366
3369
3370
3370
3371
3371
3374
3374
3374
3375
3376
3376
3377
3377
3377
3378
3378
3379
3380
3380
3381
3381
3381
3382
3382
3385
3385
3386
3387
3389
3391
3392
3392
3393
3397
3398
3398
3400
3401
3401
3402
3405
3408
3409
3409
3411
3412
3413
3414
3415
3416
3416
3417
3418
3419
3419
3420
3422
3423
3423
3424
3424
3425
3426
3426
3427
3428
3428
3429
3430
3430
3430
3431
3431
3433
3433
3434
3434
3435
3437
3437
3437
3437
3438
3438
3439
3440
3442
3443
3444
3444
3445
3446
3446
3447
3447
3448
3449
3450
3451
3451
3452
3456
3457
3459
3459
3460
3462
3462
3470
3471
3472
3474
3475
3475
3476
3481
3482
3482
3482
3485
3487
3487
3489
3490
3490
3490
3491
3492
3492
3493
3493
3495
3497
3497
3497
3498
3498
3501
3504
3505
3506
3506
3507
3508
3509
3509
3510
3511
3512
3512
3513
3514
3514
3515
3516
3517
3520
3522
3522
3522
3523
3524
3526
3528
3528
3529
3531
3532
3532
3533
3534
3535
3535
3536
3537
3540
3542
3542
3543
3544
3545
3547
3547
3549
3551
3551
3552
3552
3552
3552
3554
3554
3554
3555
3556
3558
3560
3560
3562
3563
3564
3564
3564
3565
3567
3569
3570
3571
3574
3578
3579
3580
3584
3584
3584
3585
3588
3588
3589
3591
3593
3594
3595
3596
3598
3598
3599
3599
3600
3600
3602
3602
3604
3606
3607
3610
3610
3612
3612
3612
3615
3615
3616
3617
3619
3619
3619
3620
3622
3622
3625
3626
3626
3627
3628
3628
3629
3629
3630
3631
3632
3633
3634
3636
3639
3639
3641
3643
3645
3646
3646
3646
3647
3649
3649
3653
3653
3655
3656
3657
3657
3658
3658
3659
3661
3661
3662
3662
3665
3666
3667
3667
3667
3672
3672
3674
3675
3676
3677
3677
3679
3680
3682
3683
3683
3683
3685
3685
3687
3689
3690
3690
3690
3691
3691
3691
3693
3693
3694
3694
3695
3696
3697
3697
3699
3699
3699
3700
3701
3703
3704
3704
3704
3705
3706
3707
3709
3709
3710
3711
3711
3712
3713
3715
3717
3717
3719
3721
3722
3724
3724
3724
3728
3728
3728
3729
3731
3732
3732
3732
3733
3736
3737
3738
3738
3739
3740
3747
3748
3750
3750
3751
3752
3752
3753
3754
3754
3755
3756
3756
3758
3758
3759
3759
3760
3760
3760
3760
3760
3760
3760
3761
3762
3762
3762
3763
3763
3763
3764
3768
3768
3768
3769
3771
3772
3773
3777
3778
3778
3779
3781
3782
3783
3784
3784
3785
3786
3786
3789
3789
3790
3790
3792
3792
3792
3794
3794
3794
3795
3796
3796
3797
3800
3801
3801
3802
3802
3802
3803
3804
3804
3805
3806
3807
3807
3808
3809
3810
3812
3812
3814
3814
3815
3818
3820
3820
3821
3824
3824
3824
3825
3825
3826
3827
3829
3829
3830
3831
3832
3835
3836
3837
3838
3838
3840
3842
3844
3844
3845
3849
3851
3852
3853
3853
3856
3858
3860
3860
3860
3862
3862
3862
3863
3865
3868
3868
3869
3872
3873
3876
3878
3878
3878
3879
3879
3880
3880
3880
3880
3883
3885
3886
3888
3889
3889
3891
3891
3891
3891
3893
3894
3894
3894
3894
3895
3895
3896
3897
3898
3898
3899
3901
3901
3903
3903
3904
3905
3906
3907
3907
3909
3913
3914
3916
3919
3920
3921
3921
3921
3923
3923
3925
3926
3927
3933
3935
3935
3936
3936
3937
3939
3939
3939
3941
3941
3942
3942
3942
3946
3947
3947
3947
3949
3949
3950
3950
3951
3951
3952
3954
3955
3955
3957
3957
3958
3960
3961
3961
3962
3962
3963
3963
3964
3966
3966
3967
3967
3969
3969
3969
3970
3971
3973
3973
3974
3975
3975
3976
3976
3976
3976
3976
3977
3978
3980
3981
3981
3983
3988
3988
3991
3992
3993
3993
3994
3994
3994
3997
3998
3998
3999
4000
4001
4002
4002
4003
4003
4003
4004
4005
4005
4008
4011
4012
4013
4014
4017
4018
4018
4019
4020
4020
4020
4024
4025
4028
4028
4028
4029
4029
4031
4032
4033
4033
4033
4035
4036
4037
4037
4038
4039
4040
4041
4042
4042
4042
4043
4043
4045
4047
4049
4049
4050
4051
4054
4055
4056
4056
4059
4059
4063
4063
4064
4064
4064
4066
4066
4066
4067
4068
4069
4071
4071
4071
4073
4073
4074
4075
4077
4078
4079
4079
4080
4080
4082
4082
4083
4084
4086
4087
4090
4092
4092
4092
4093
4093
4094
4095
4097
4098
4099
4100
4101
4102
4102
4103
4103
4105
4105
4105
4106
4107
4108
4109
4109
4109
4112
4114
4115
4118
4119
4121
4122
4122
4122
4123
4125
4126
4126
4127
4128
4128
4129
4129
4129
4133
4133
4134
4135
4136
4137
4138
4139
4140
4141
4141
4141
4142
4142
4144
4146
4148
4150
4151
4155
4158
4158
4158
4159
4163
4164
4165
4165
4166
4166
4167
4171
4172
4172
4174
4174
4174
4176
4177
4179
4181
4181
4182
4183
4186
4188
4189
4189
4189
4189
4190
4190
4190
4190
4191
4191
4191
4192
4193
4193
4193
4194
4194
4195
4195
4195
4196
4197
4198
4198
4201
4202
4203
4203
4206
4206
4207
4208
4208
4209
4210
4212
4212
4214
4216
4217
4218
4218
4219
4220
4221
4222
4222
4224
4226
4231
4232
4232
4234
4235
4236
4238
4239
4244
4245
4247
4248
4249
4250
4250
4254
4254
4254
4256
4258
4258
4258
4259
4259
4260
4261
4262
4263
4266
4266
4268
4269
4270
4270
4271
4273
4274
4275
4276
4276
4277
4278
4278
4279
4281
4283
4285
4286
4286
4288
4290
4291
4293
4294
4295
4301
4301
4304
4305
4307
4307
4309
4310
4311
4313
4314
4316
4316
4317
4321
4321
4322
4322
4324
4324
4325
4325
4325
4326
4326
4327
4330
4331
4331
4331
4333
4334
4335
4336
4337
4338
4338
4339
4341
4343
4345
4345
4347
4348
4349
4349
4350
4352
4353
4356
4359
4360
4362
4362
4364
4365
4366
4367
4368
4369
4369
4370
4370
4371
4372
4372
4373
4374
4378
4378
4379
4380
4380
4380
4381
4382
4383
4384
4384
4384
4386
4387
4387
4388
4389
4391
4392
4395
4395
4395
4395
4397
4397
4397
4398
4399
4399
4400
4400
4400
4401
4402
4402
4403
4404
4404
4404
4405
4405
4405
4410
4410
4411
4411
4411
4412
4412
4415
4415
4415
4415
4417
4419
4419
4420
4420
4424
4424
4425
4426
4426
4426
4427
4427
4428
4428
4428
4430
4431
4431
4432
4432
4434
4437
4439
4439
4441
4441
4441
4444
4445
4445
4447
4453
4455
4455
4458
4459
4462
4462
4462
4463
4464
4466
4466
4468
4468
4470
4471
4471
4473
4474
4475
4476
4478
4478
4478
4479
4481
4484
4485
4485
4486
4486
4486
4487
4487
4488
4488
4491
4492
4493
4493
4494
4495
4496
4498
4501
4502
4503
4504
4504
4504
4506
4506
4507
4507
4509
4509
4510
4510
4511
4511
4511
4512
4514
4515
4516
4516
4519
4520
4520
4520
4520
4522
4522
4523
4523
4526
4526
4526
4527
4529
4531
4531
4532
4532
4533
4534
4534
4535
4535
4536
4537
4538
4539
4539
4539
4540
4543
4543
4543
4543
4544
4547
4547
4549
4549
4550
4552
4553
4553
4554
4558
4560
4561
4561
4562
4562
4564
4565
4565
4565
4566
4569
4571
4572
4572
4572
4573
4575
4576
4576
4577
4578
4579
4582
4582
4582
4584
4584
4586
4588
4588
4589
4589
4590
4591
4591
4592
4592
4592
4592
4592
4593
4597
4598
4599
4601
4601
4603
4604
4604
4606
4610
4610
4611
4611
4612
4612
4613
4614
4616
4616
4623
4624
4625
4626
4627
4627
4627
4628
4630
4630
4630
4631
4632
4634
4634
4636
4636
4637
4637
4638
4640
4642
4642
4642
4644
4646
4646
4648
4648
4651
4653
4653
4654
4654
4655
4655
4656
4657
4658
4659
4659
4662
4662
4663
4664
4665
4669
4670
4671
4671
4672
4672
4675
4676
4676
4677
4678
4678
4679
4679
4680
4681
4681
4681
4682
4684
4686
4687
4687
4687
4688
4690
4691
4691
4699
4703
4705
4705
4705
4706
4708
4710
4711
4713
4713
4714
4715
4718
4720
4721
4722
4723
4724
4726
4726
4728
4728
4729
4731
4731
4731
4732
4732
4734
4736
4740
4741
4741
4742
4745
4746
4746
4747
4748
4750
4750
4750
4753
4754
4755
4755
4755
4755
4757
4757
4759
4759
4762
4764
4764
4765
4765
4767
4768
4768
4768
4768
4770
4770
4770
4770
4771
4772
4773
4773
4773
4775
4776
4777
4778
4778
4779
4780
4780
4781
4781
4781
4782
4782
4783
4784
4785
4785
4786
4786
4786
4787
4788
4789
4789
4789
4791
4791
4791
4791
4792
4792
4794
4795
4795
4795
4798
4799
4799
4800
4800
4805
4805
4805
4805
4807
4809
4810
4810
4812
4812
4813
4813
4816
4820
4822
4825
4826
4827
4828
4828
4828
4832
4832
4833
4835
4836
4838
4839
4839
4840
4843
4843
4844
4844
4846
4847
4847
4848
4848
4848
4849
4849
4850
4850
4850
4850
4850
4854
4856
4856
4857
4860
4861
4861
4862
4863
4866
4867
4868
4868
4868
4869
4869
4869
4870
4871
4872
4873
4876
4877
4877
4877
4878
4880
4880
4880
4884
4887
4889
4889
4889
4890
4892
4893
4895
4896
4898
4899
4899
4900
4900
4900
4901
4902
4903
4906
4907
4908
4911
4912
4912
4913
4915
4917
4920
4921
4924
4924
4924
4924
4925
4925
4929
4929
4929
4932
4933
4934
4936
4938
4938
4938
4940
4941
4941
4942
4942
4943
4946
4946
4947
4948
4949
4949
4949
4949
4949
4950
4951
4951
4951
4952
4953
4955
4955
4957
4958
4958
4959
4959
4959
4959
4960
4961
4961
4962
4962
4963
4964
4965
4965
4966
4967
4967
4968
4968
4968
4968
4969
4969
4970
4970
4972
4973
4974
4974
4977
4977
4977
4980
4980
4980
4980
4981
4981
4982
4985
4987
4987
4990
4990
4991
4992
4993
4996
4997
4997
4998
4998
4999
4999
5000
5001
5002
5003
5004
5006
5006
5006
5007
5007
5008
5008
5010
5011
5011
5011
5013
5013
5013
5015
5015
5019
5019
5020
5021
5023
5024
5029
5029
5030
5031
5031
5031
5031
5032
5032
5033
5038
5041
5043
5043
5044
5045
5046
5048
5048
5049
5049
5050
5050
5051
5052
5053
5053
5053
5053
5058
5058
5058
5060
5061
5061
5063
5065
5065
5065
5065
5065
5066
5067
5067
5068
5069
5070
5075
5075
5076
5077
5077
5078
5079
5079
5079
5079
5081
5082
5083
5083
5083
5084
5084
5086
5086
5086
5087
5088
5088
5088
5089
5090
5090
5091
5092
5092
5093
5095
5097
5104
5109
5110
5110
5110
5110
5111
5112
5112
5113
5114
5115
5117
5119
5120
5121
5123
5124
5124
5124
5124
5125
5127
5128
5128
5129
5129
5131
5133
5133
5137
5138
5140
5140
5142
5143
5144
5145
5146
5148
5150
5150
5150
5153
5156
5156
5157
5157
5158
5159
5159
5161
5161
5162
5163
5164
5167
5168
5169
5170
5170
5171
5173
5173
5174
5174
5175
5175
5175
5175
5176
5176
5177
5178
5178
5179
5180
5180
5183
5183
5186
5188
5189
5190
5191
5192
5193
5194
5195
5195
5196
5197
5198
5198
5200
5200
5201
5205
5206
5206
5209
5212
5212
5213
5217
5217
5218
5219
5219
5219
5220
5222
5223
5223
5224
5226
5227
5230
5231
5231
5231
5232
5232
5232
5232
5233
5238
5239
5240
5241
5241
5243
5243
5244
5244
5245
5246
5247
5248
5251
5252
5254
5256
5257
5257
5257
5257
5257
5258
5259
5259
5260
5260
5261
5262
5262
5263
5264
5265
5266
5267
5268
5270
5270
5272
5273
5273
5275
5277
5277
5279
5279
5280
5281
5283
5286
5286
5287
5287
5288
5289
5290
5291
5292
5293
5295
5296
5296
5297
5302
5303
5303
5307
5309
5312
5313
5313
5314
5315
5316
5316
5316
5318
5319
5320
5320
5321
5321
5322
5323
5323
5323
5324
5328
5329
5330
5331
5332
5332
5332
5333
5334
5336
5340
5340
5341
5341
5342
5342
5343
5345
5348
5351
5356
5358
5359
5360
5363
5363
5363
5367
5367
5368
5370
5373
5375
5376
5378
5382
5382
5385
5386
5387
5387
5389
5390
5390
5390
5390
5392
5392
5393
5393
5393
5393
5395
5395
5398
5399
5400
5402
5403
5403
5404
5405
5407
5409
5409
5413
5413
5413
5414
5414
5415
5415
5416
5416
5416
5417
5418
5419
5419
5421
5423
5424
5425
5425
5427
5428
5429
5429
5429
5430
5430
5431
5432
5433
5434
5435
5435
5435
5436
5437
5438
5438
5439
5439
5439
5442
5444
5445
5447
5448
5449
5451
5453
5456
5459
5460
5461
5462
5465
5466
5466
5468
5468
5469
5470
5471
5471
5471
5473
5473
5473
5474
5474
5474
5477
5478
5478
5481
5482
5482
5483
5485
5485
5488
5488
5489
5489
5490
5491
5492
5493
5494
5495
5496
5496
5498
5499
5500
5500
5501
5501
5502
5504
5504
5505
5506
5508
5509
5510
5510
5512
5513
5515
5516
5516
5517
5517
5518
5519
5520
5521
5521
5522
5522
5525
5526
5526
5526
5527
5527
5527
5527
5531
5535
5535
5537
5538
5543
5544
5545
5546
5546
5547
5547
5547
5550
5550
5551
5552
5556
5556
5558
5559
5562
5564
5564
5564
5565
5565
5565
5568
5570
5572
5573
5573
5573
5575
5577
5579
5579
5581
5582
5582
5582
5582
5584
5585
5589
5593
5593
5594
5595
5595
5596
5596
5598
5598
5600
5601
5601
5602
5603
5603
5604
5606
5607
5608
5608
5609
5609
5611
5611
5613
5614
5616
5616
5617
5617
5617
5617
5618
5618
5618
5619
5619
5620
5623
5623
5625
5628
5629
5631
5631
5632
5634
5636
5636
5637
5637
5638
5638
5639
5639
5640
5640
5640
5641
5641
5641
5643
5644
5645
5645
5646
5647
5649
5649
5650
5652
5652
5656
5656
5657
5657
5657
5658
5658
5659
5661
5662
5663
5668
5669
5672
5674
5675
5677
5678
5678
5678
5680
5681
5682
5683
5685
5685
5686
5687
5690
5690
5690
5692
5693
5694
5694
5694
5695
5695
5695
5697
5698
5698
5698
5699
5699
5700
5701
5703
5705
5707
5707
5708
5709
5710
5710
5710
5713
5713
5714
5714
5715
5716
5716
5717
5717
5717
5718
5719
5721
5721
5722
5724
5725
5727
5728
5728
5729
5729
5730
5730
5733
5733
5735
5736
5736
5737
5739
5740
5740
5741
5742
5744
5745
5745
5747
5748
5748
5751
5752
5752
5753
5755
5755
5755
5756
5757
5757
5758
5761
5762
5765
5766
5766
5766
5767
5768
5769
5770
5771
5771
5771
5772
5772
5772
5773
5775
5776
5777
5777
5777
5778
5779
5779
5780
5783
5783
5784
5784
5784
5784
5784
5785
5786
5786
5787
5788
5790
5792
5794
5797
5799
5799
5800
5802
5802
5804
5804
5804
5805
5807
5808
5808
5809
5809
5810
5810
5810
5811
5811
5812
5814
5816
5820
5820
5822
5822
5824
5824
5826
5826
5828
5829
5829
5831
5832
5832
5833
5833
5836
5836
5838
5840
5840
5840
5845
5846
5846
5848
5850
5851
5852
5852
5852
5852
5853
5855
5855
5856
5858
5859
5861
5862
5863
5864
5867
5867
5869
5871
5872
5873
5874
5874
5875
5879
5879
5879
5880
5880
5880
5882
5883
5885
5886
5887
5889
5889
5890
5891
5891
5893
5893
5893
5894
5894
5896
5897
5899
5899
5900
5901
5901
5903
5903
5903
5904
5907
5907
5907
5908
5910
5910
5911
5911
5911
5911
5912
5913
5915
5916
5916
5917
5918
5919
5920
5921
5921
5922
5923
5924
5926
5927
5928
5928
5930
5930
5930
5931
5931
5931
5931
5931
5933
5934
5935
5935
5937
5937
5937
5938
5938
5939
5940
5941
5942
5942
5943
5943
5944
5945
5945
5946
5946
5946
5946
5947
5952
5952
5952
5953
5954
5954
5955
5955
5955
5956
5960
5960
5960
5960
5962
5964
5965
5965
5965
5966
5967
5967
5968
5969
5972
5973
5973
5975
5976
5976
5977
5979
5979
5981
5981
5982
5983
5984
5984
5984
5985
5986
5987
5987
5987
5987
5988
5989
5990
5990
5990
5991
5992
5992
5992
5993
5994
5995
5995
5996
5996
5997
5997
5999
6000
6002
6004
6006
6007
6008
6010
6011
6018
6019
6020
6023
6023
6024
6024
6024
6025
6025
6028
6030
6031
6032
6034
6036
6036
6037
6037
6039
6039
6041
6041
6042
6043
6044
6044
6045
6048
6052
6052
6052
6052
6052
6053
6055
6056
6056
6056
6056
6056
6057
6059
6059
6060
6061
6061
6062
6063
6063
6064
6065
6065
6068
6069
6070
6071
6071
6072
6072
6073
6075
6076
6077
6078
6078
6079
6081
6082
6082
6082
6082
6084
6084
6085
6086
6086
6087
6088
6088
6089
6089
6089
6090
6092
6093
6095
6097
6097
6097
6099
6099
6100
6100
6101
6102
6102
6102
6103
6103
6104
6105
6107
6108
6109
6109
6110
6111
6112
6113
6114
6114
6114
6115
6115
6116
6117
6117
6118
6119
6120
6120
6121
6122
6123
6124
6125
6127
6129
6129
6130
6130
6132
6133
6134
6134
6136
6138
6140
6140
6140
6144
6146
6146
6146
6151
6151
6153
6154
6154
6155
6157
6158
6159
6160
6161
6161
6162
6163
6163
6164
6165
6165
6167
6167
6167
6168
6170
6170
6171
6171
6171
6172
6172
6172
6172
6174
6175
6175
6175
6176
6177
6178
6178
6178
6178
6178
6179
6179
6179
6184
6186
6188
6189
6189
6189
6193
6193
6193
6195
6195
6196
6199
6200
6201
6201
6201
6202
6205
6207
6207
6210
6211
6211
6213
6214
6214
6214
6215
6215
6216
6216
6216
6217
6218
6218
6224
6224
6226
6228
6228
6228
6229
6229
6233
6234
6234
6234
6235
6235
6235
6238
6238
6241
6242
6243
6244
6244
6244
6245
6247
6249
6253
6253
6254
6254
6255
6257
6258
6258
6258
6260
6260
6260
6261
6261
6262
6262
6265
6266
6266
6266
6268
6268
6268
6269
6269
6272
6274
6274
6274
6275
6275
6275
6276
6276
6276
6279
6280
6281
6283
6285
6286
6288
6288
6289
6291
6292
6292
6293
6293
6293
6295
6296
6297
6300
6300
6301
6304
6307
6308
6309
6310
6312
6313
6313
6314
6314
6314
6314
6315
6315
6315
6315
6316
6317
6318
6318
6319
6320
6321
6322
6326
6327
6327
6327
6328
6328
6330
6331
6332
6333
6333
6333
6334
6337
6338
6338
6339
6341
6344
6348
6351
6351
6354
6355
6356
6358
6360
6364
6365
6366
6367
6368
6369
6372
6373
6373
6374
6375
6376
6377
6377
6379
6379
6380
6380
6382
6383
6384
6384
6385
6385
6385
6387
6387
6388
6389
6389
6389
6389
6390
6390
6391
6392
6392
6393
6393
6394
6394
6394
6396
6396
6396
6397
6398
6398
6398
6399
6399
6400
6400
6400
6403
6405
6407
6407
6408
6409
6410
6411
6411
6411
6412
6413
6414
6415
6415
6416
6417
6418
6419
6420
6421
6422
6422
6423
6424
6426
6427
6427
6428
6429
6430
6430
6430
6434
6434
6434
6435
6435
6438
6439
6439
6440
6446
6449
6450
6451
6453
6454
6455
6456
6461
6463
6464
6465
6465
6466
6466
6470
6470
6470
6471
6472
6473
6477
6477
6478
6479
6479
6479
6480
6480
6480
6481
6481
6483
6483
6485
6486
6486
6487
6487
6489
6489
6489
6490
6491
6495
6496
6498
6498
6500
6502
6502
6503
6504
6504
6505
6505
6505
6506
6506
6508
6509
6510
6510
6510
6511
6511
6511
6511
6512
6514
6514
6514
6515
6516
6517
6519
6520
6520
6521
6521
6522
6522
6522
6522
6523
6523
6523
6523
6523
6523
6523
6525
6528
6528
6532
6532
6537
6538
6538
6539
6539
6540
6540
6541
6542
6543
6543
6543
6544
6547
6548
6549
6550
6550
6554
6554
6556
6557
6558
6558
6558
6560
6561
6562
6563
6564
6567
6569
6571
6571
6571
6572
6574
6574
6576
6577
6578
6578
6579
6580
6580
6580
6581
6582
6582
6583
6583
6584
6585
6586
6587
6587
6589
6589
6589
6590
6590
6591
6592
6593
6594
6594
6594
6595
6595
6595
6596
6597
6597
6599
6599
6599
6600
6601
6601
6601
6604
6605
6605
6605
6605
6606
6607
6607
6607
6607
6608
6609
6611
6611
6611
6612
6614
6614
6615
6615
6615
6616
6616
6617
6618
6618
6620
6621
6621
6622
6622
6624
6627
6628
6628
6628
6630
6631
6633
6633
6634
6636
6637
6637
6639
6639
6640
6640
6641
6642
6643
6645
6646
6646
6653
6654
6655
6655
6655
6660
6661
6663
6664
6665
6666
6666
6667
6667
6667
6670
6671
6672
6673
6673
6674
6675
6675
6679
6682
6682
6684
6685
6689
6689
6690
6690
6691
6691
6692
6692
6693
6693
6693
6694
6695
6695
6695
6696
6696
6700
6700
6700
6703
6704
6706
6709
6711
6711
6711
6714
6716
6719
6723
6723
6724
6724
6725
6727
6728
6728
6728
6729
6729
6731
6732
6732
6733
6734
6736
6737
6737
6738
6742
6745
6746
6748
6750
6752
6753
6754
6754
6754
6755
6756
6756
6756
6756
6759
6759
6760
6760
6761
6761
6761
6762
6763
6764
6765
6765
6770
6774
6774
6775
6776
6777
6779
6779
6779
6780
6780
6781
6781
6783
6783
6783
6783
6785
6786
6787
6787
6789
6789
6793
6795
6796
6796
6797
6798
6798
6799
6801
6801
6802
6802
6805
6806
6807
6808
6809
6811
6812
6812
6812
6812
6813
6814
6816
6817
6818
6818
6820
6821
6821
6822
6823
6825
6826
6826
6829
6832
6833
6834
6835
6835
6837
6837
6838
6839
6840
6841
6841
6842
6842
6843
6845
6845
6846
6846
6846
6847
6847
6847
6851
6852
6853
6853
6854
6855
6856
6856
6857
6858
6859
6861
6862
6862
6862
6863
6864
6864
6866
6866
6868
6868
6869
6870
6871
6872
6873
6873
6874
6875
6878
6878
6878
6879
6881
6881
6882
6886
6887
6887
6889
6890
6890
6892
6893
6895
6899
6900
6900
6901
6901
6904
6907
6908
6908
6910
6911
6912
6912
6913
6914
6914
6914
6915
6916
6917
6919
6920
6920
6921
6923
6923
6925
6927
6928
6931
6932
6934
6936
6936
6937
6937
6939
6940
6942
6942
6943
6943
6943
6945
6945
6945
6947
6948
6948
6951
6951
6951
6953
6953
6954
6955
6956
6957
6957
6959
6961
6962
6962
6962
6963
6963
6964
6965
6966
6966
6968
6970
6970
6970
6971
6971
6971
6972
6972
6973
6974
6975
6976
6976
6977
6978
6978
6982
6982
6982
6983
6984
6984
6986
6987
6987
6987
6990
6991
6991
6992
6992
6994
6995
6996
6997
6999
7001
7001
7001
7002
7003
7003
7005
7006
7006
7006
7006
7007
7008
7008
7009
7009
7011
7011
7012
7012
7013
7014
7014
7016
7016
7017
7017
7018
7019
7020
7020
7020
7021
7025
7026
7027
7027
7027
7028
7028
7029
7029
7029
7030
7031
7032
7032
7033
7033
7033
7034
7034
7034
7035
7036
7038
7038
7038
7039
7039
7041
7048
7049
7052
7053
7054
7055
7056
7058
7059
7061
7065
7065
7066
7066
7067
7067
7068
7070
7070
7072
7072
7072
7074
7074
7075
7077
7077
7077
7080
7081
7082
7083
7084
7087
7087
7089
7089
7091
7092
7093
7097
7098
7098
7099
7100
7101
7101
7101
7102
7102
7103
7104
7105
7109
7110
7111
7111
7113
7114
7119
7119
7121
7121
7126
7127
7128
7129
7130
7133
7135
7136
7137
7137
7139
7141
7141
7144
7146
7148
7148
7150
7150
7154
7155
7158
7159
7159
7169
7170
7171
7171
7172
7174
7177
7177
7179
7179
7180
7180
7181
7181
7182
7185
7185
7186
7187
7187
7187
7188
7189
7189
7190
7190
7190
7192
7194
7194
7195
7197
7199
7199
7200
7200
7201
7203
7203
7204
7204
7205
7205
7206
7206
7207
7215
7217
7218
7219
7219
7220
7220
7220
7224
7226
7227
7227
7228
7228
7228
7230
7232
7232
7232
7234
7235
7237
7238
7238
7239
7239
7241
7242
7243
7243
7244
7244
7246
7247
7248
7250
7250
7251
7252
7256
7256
7256
7257
7257
7258
7258
7259
7261
7262
7267
7267
7268
7269
7269
7270
7270
7271
7271
7272
7274
7274
7275
7275
7275
7278
7279
7279
7282
7285
7287
7288
7289
7290
7291
7291
7292
7295
7296
7297
7298
7300
7300
7300
7302
7302
7303
7303
7304
7305
7305
7307
7308
7310
7311
7311
7312
7313
7315
7317
7318
7318
7318
7319
7320
7320
7320
7322
7322
7323
7324
7324
7325
7325
7326
7327
7328
7329
7330
7331
7332
7333
7334
7334
7334
7336
7338
7338
7338
7339
7342
7343
7345
7346
7347
7350
7351
7351
7351
7353
7354
7354
7355
7355
7356
7357
7357
7358
7358
7358
7359
7359
7360
7360
7361
7361
7362
7362
7364
7365
7367
7367
7368
7368
7369
7370
7371
7372
7373
7374
7374
7374
7375
7375
7375
7376
7377
7378
7378
7378
7378
7379
7380
7380
7381
7381
7381
7381
7383
7383
7383
7384
7386
7389
7389
7391
7391
7394
7396
7399
7400
7400
7401
7401
7401
7407
7407
7408
7410
7411
7411
7411
7413
7415
7416
7417
7420
7420
7421
7422
7423
7424
7425
7426
7427
7428
7430
7435
7435
7436
7437
7438
7438
7440
7441
7441
7442
7445
7445
7445
7446
7448
7450
7450
7450
7451
7451
7452
7452
7452
7453
7454
7454
7454
7455
7455
7457
7458
7459
7459
7460
7460
7462
7465
7467
7467
7467
7469
7469
7470
7470
7471
7472
7472
7473
7473
7474
7474
7474
7476
7478
7483
7483
7484
7484
7485
7487
7489
7490
7490
7490
7492
7493
7494
7495
7495
7495
7496
7497
7498
7499
7499
7502
7502
7503
7504
7506
7506
7506
7506
7507
7507
7507
7509
7513
7514
7514
7516
7516
7517
7518
7518
7519
7519
7520
7520
7522
7523
7524
7525
7525
7525
7526
7527
7527
7527
7530
7531
7532
7534
7534
7536
7537
7537
7539
7540
7541
7541
7542
7542
7548
7548
7549
7549
7550
7550
7552
7552
7552
7552
7553
7554
7554
7554
7555
7555
7557
7557
7558
7561
7561
7561
7561
7562
7562
7565
7565
7568
7569
7570
7571
7573
7574
7574
7575
7575
7576
7577
7578
7578
7579
7579
7581
7581
7582
7582
7583
7585
7587
7587
7588
7588
7590
7591
7592
7592
7593
7595
7595
7597
7600
7601
7601
7602
7603
7604
7607
7608
7609
7609
7609
7609
7609
7609
7610
7610
7611
7612
7614
7615
7616
7616
7618
7618
7619
7620
7621
7623
7623
7624
7624
7624
7625
7625
7626
7627
7628
7628
7628
7630
7631
7631
7632
7635
7636
7637
7638
7639
7639
7640
7640
7643
7644
7645
7646
7648
7648
7649
7650
7653
7653
7653
7654
7654
7655
7656
7657
7658
7658
7659
7662
7663
7665
7665
7665
7666
7666
7666
7667
7668
7671
7673
7673
7675
7675
7677
7678
7679
7680
7683
7684
7686
7687
7688
7690
7690
7690
7690
7690
7691
7691
7692
7693
7696
7696
7697
7699
7699
7700
7702
7703
7703
7703
7704
7704
7705
7705
7707
7707
7708
7709
7709
7710
7711
7711
7712
7714
7715
7717
7717
7717
7718
7719
7722
7722
7723
7723
7723
7724
7725
7726
7726
7730
7731
7732
7732
7733
7733
7734
7735
7736
7739
7740
7742
7743
7746
7747
7748
7749
7750
7753
7753
7753
7755
7757
7758
7759
7762
7762
7762
7763
7763
7764
7765
7766
7768
7769
7770
7770
7771
7772
7773
7773
7774
7777
7778
7778
7779
7780
7780
7781
7781
7784
7786
7789
7789
7790
7793
7794
7796
7796
7796
7797
7798
7799
7803
7805
7807
7811
7812
7815
7815
7821
7821
7822
7823
7825
7828
7828
7830
7831
7831
7832
7832
7833
7834
7834
7834
7834
7835
7836
7836
7837
7838
7838
7839
7841
7842
7843
7845
7845
7845
7845
7846
7846
7847
7848
7848
7849
7849
7849
7851
7852
7853
7853
7854
7855
7856
7856
7858
7859
7860
7861
7863
7863
7864
7864
7864
7865
7865
7866
7866
7867
7867
7868
7869
7871
7873
7876
7877
7878
7882
7883
7883
7884
7885
7885
7885
7886
7887
7887
7887
7888
7889
7890
7894
7894
7894
7894
7895
7895
7897
7899
7900
7900
7900
7900
7901
7902
7903
7904
7906
7906
7908
7909
7909
7910
7911
7911
7912
7913
7913
7914
7914
7916
7917
7918
7920
7921
7921
7922
7923
7926
7926
7931
7933
7933
7933
7934
7935
7936
7938
7938
7939
7939
7939
7941
7943
7943
7945
7946
7947
7949
7949
7950
7950
7951
7951
7954
7954
7956
7956
7959
7960
7961
7961
7961
7961
7962
7963
7965
7966
7966
7967
7970
7970
7973
7973
7974
7974
7975
7976
7976
7978
7978
7980
7982
7982
7983
7984
7985
7985
7986
7986
7987
7988
7988
7989
7990
7990
7990
7993
7993
7995
7996
7999
7999
8000
8000
8001
8002
8003
8004
8004
8005
8006
8006
8006
8006
8008
8008
8010
8013
8013
8014
8014
8014
8014
8016
8018
8018
8019
8021
8021
8022
8022
8023
8024
8025
8025
8026
8028
8029
8029
8030
8032
8032
8033
8035
8038
8039
8040
8042
8042
8042
8044
8044
8045
8046
8047
8047
8047
8050
8050
8051
8051
8053
8053
8054
8054
8054
8057
8060
8061
8061
8062
8063
8063
8065
8070
8070
8070
8071
8073
8073
8073
8074
8077
8077
8080
8080
8080
8081
8081
8081
8084
8085
8086
8086
8086
8087
8088
8089
8089
8091
8094
8094
8095
8096
8096
8097
8102
8104
8105
8106
8107
8108
8111
8111
8112
8114
8115
8116
8116
8118
8118
8119
8119
8119
8121
8122
8123
8123
8124
8127
8127
8127
8129
8131
8132
8132
8133
8134
8134
8136
8136
8136
8136
8137
8137
8138
8138
8139
8140
8141
8141
8141
8142
8143
8145
8146
8147
8148
8149
8150
8151
8151
8152
8152
8152
8152
8154
8155
8155
8157
8158
8160
8161
8164
8165
8166
8167
8168
8169
8170
8171
8172
8174
8174
8175
8175
8176
8176
8176
8178
8178
8180
8181
8181
8182
8183
8184
8187
8188
8188
8190
8190
8190
8190
8192
8192
8192
8194
8194
8195
8199
8200
8201
8201
8202
8202
8203
8203
8205
8205
8207
8207
8209
8210
8211
8213
8214
8214
8214
8214
8215
8216
8216
8217
8218
8218
8218
8219
8221
8221
8223
8224
8224
8224
8225
8228
8228
8229
8229
8229
8230
8230
8231
8232
8232
8233
8235
8236
8237
8238
8238
8239
8240
8242
8243
8243
8244
8244
8246
8246
8248
8248
8249
8249
8251
8252
8254
8254
8255
8255
8257
8258
8258
8259
8259
8259
8260
8262
8265
8266
8266
8268
8268
8269
8269
8272
8273
8274
8275
8277
8278
8279
8279
8280
8281
8281
8281
8282
8283
8284
8285
8285
8286
8289
8289
8291
8292
8293
8295
8295
8296
8296
8297
8298
8299
8301
8302
8303
8303
8303
8305
8305
8305
8306
8307
8308
8308
8309
8309
8309
8311
8311
8312
8314
8319
8319
8322
8322
8323
8324
8325
8326
8327
8328
8329
8329
8330
8331
8335
8337
8338
8339
8340
8341
8341
8343
8344
8345
8346
8347
8347
8347
8347
8348
8350
8351
8353
8354
8358
8358
8358
8359
8359
8362
8362
8364
8364
8368
8372
8373
8373
8375
8376
8377
8377
8377
8377
8378
8379
8379
8379
8381
8382
8384
8384
8384
8384
8387
8389
8389
8390
8394
8395
8396
8398
8400
8400
8401
8401
8405
8405
8406
8406
8406
8407
8408
8414
8415
8415
8415
8417
8417
8418
8418
8418
8419
8420
8422
8422
8422
8425
8427
8428
8428
8429
8429
8436
8436
8437
8438
8440
8442
8445
8445
8449
8451
8451
8454
8455
8456
8456
8457
8457
8457
8458
8459
8459
8463
8465
8466
8466
8467
8469
8469
8470
8471
8475
8475
8476
8478
8479
8480
8480
8481
8481
8482
8483
8483
8484
8486
8486
8486
8487
8487
8488
8488
8488
8488
8488
8488
8490
8490
8490
8490
8491
8491
8492
8494
8495
8497
8498
8499
8499
8499
8500
8500
8501
8503
8504
8504
8505
8506
8506
8506
8507
8507
8508
8508
8508
8508
8510
8511
8512
8512
8513
8514
8517
8518
8521
8521
8523
8526
8526
8527
8527
8528
8529
8530
8530
8531
8533
8533
8535
8537
8538
8538
8541
8545
8545
8546
8547
8548
8548
8549
8550
8552
8553
8554
8555
8555
8556
8557
8558
8558
8560
8562
8564
8565
8567
8569
8571
8572
8574
8575
8575
8577
8577
8579
8579
8580
8581
8582
8583
8584
8584
8585
8587
8587
8588
8588
8588
8588
8589
8593
8595
8595
8596
8596
8597
8598
8598
8601
8602
8602
8605
8607
8609
8609
8613
8613
8614
8614
8615
8616
8616
8618
8618
8618
8619
8619
8620
8620
8621
8624
8624
8624
8625
8626
8628
8628
8632
8634
8636
8636
8639
8639
8640
8642
8642
8643
8643
8643
8644
8646
8647
8647
8648
8649
8649
8649
8649
8649
8650
8654
8655
8657
8657
8658
8659
8664
8669
8670
8670
8671
8673
8674
8675
8675
8678
8678
8680
8681
8682
8682
8683
8683
8687
8691
8692
8692
8693
8693
8694
8696
8697
8697
8698
8699
8701
8702
8702
8704
8707
8709
8711
8712
8713
8715
8715
8716
8721
8723
8723
8723
8726
8726
8726
8727
8727
8729
8730
8731
8731
8731
8732
8732
8732
8733
8735
8736
8736
8736
8738
8739
8739
8741
8742
8742
8742
8742
8743
8743
8743
8745
8745
8747
8748
8748
8749
8749
8750
8751
8752
8753
8753
8753
8754
8755
8755
8760
8762
8763
8764
8766
8766
8766
8767
8768
8768
8769
8769
8770
8771
8771
8772
8775
8775
8775
8775
8776
8776
8777
8780
8780
8780
8780
8782
8782
8783
8785
8786
8787
8788
8789
8789
8791
8792
8793
8793
8795
8796
8797
8799
8799
8799
8799
8801
8801
8801
8801
8801
8802
8804
8806
8807
8811
8811
8812
8813
8814
8816
8816
8816
8817
8819
8820
8821
8822
8823
8823
8823
8823
8824
8825
8825
8827
8828
8829
8829
8833
8834
8834
8835
8836
8838
8838
8840
8840
8841
8842
8843
8845
8845
8847
8848
8848
8849
8849
8851
8854
8855
8857
8859
8860
8865
8867
8868
8870
8872
8872
8872
8873
8875
8876
8876
8877
8878
8879
8880
8880
8880
8880
8881
8881
8881
8883
8883
8886
8887
8888
8890
8890
8894
8894
8897
8897
8898
8898
8900
8901
8904
8904
8906
8908
8908
8908
8911
8912
8913
8913
8913
8914
8916
8916
8917
8918
8919
8919
8919
8921
8921
8921
8922
8923
8924
8924
8925
8925
8926
8926
8927
8928
8933
8934
8935
8935
8936
8937
8937
8942
8943
8944
8945
8945
8946
8947
8948
8949
8952
8952
8953
8954
8954
8954
8958
8958
8959
8959
8960
8960
8961
8963
8963
8966
8966
8967
8967
8970
8971
8971
8971
8972
8973
8973
8973
8975
8976
8978
8980
8980
8982
8982
8982
8982
8983
8984
8986
8987
8991
8992
8992
8993
8993
8995
8995
8995
8996
8996
8997
8997
9000
9002
9003
9003
9003
9003
9005
9006
9006
9007
9007
9007
9008
9008
9010
9011
9011
9012
9012
9016
9016
9017
9017
9017
9018
9018
9019
9019
9019
9020
9020
9020
9021
9021
9022
9022
9022
9023
9023
9025
9025
9028
9028
9029
9029
9030
9030
9033
9033
9033
9034
9035
9036
9037
9038
9039
9041
9041
9042
9043
9043
9044
9046
9046
9046
9047
9047
9049
9050
9052
9053
9054
9056
9057
9058
9059
9059
9059
9059
9061
9062
9063
9064
9064
9065
9065
9066
9067
9068
9068
9069
9069
9070
9070
9072
9072
9072
9072
9074
9075
9075
9075
9076
9076
9076
9078
9078
9078
9080
9083
9084
9085
9086
9086
9086
9086
9087
9089
9089
9090
9092
9093
9094
9096
9096
9097
9098
9099
9099
9101
9104
9107
9109
9112
9112
9114
9114
9115
9115
9116
9116
9116
9117
9119
9122
9126
9126
9126
9127
9127
9128
9129
9131
9131
9132
9133
9133
9133
9135
9136
9137
9137
9138
9140
9140
9142
9144
9144
9144
9145
9145
9146
9151
9153
9154
9155
9156
9157
9158
9159
9160
9160
9161
9161
9163
9165
9166
9166
9166
9167
9170
9172
9172
9172
9173
9173
9176
9176
9177
9177
9179
9179
9180
9181
9182
9182
9184
9184
9184
9186
9187
9187
9187
9188
9189
9190
9191
9191
9193
9195
9195
9195
9204
9205
9206
9206
9207
9208
9208
9208
9209
9209
9210
9211
9211
9214
9214
9214
9215
9215
9216
9217
9217
9218
9221
9222
9223
9224
9226
9226
9227
9227
9227
9229
9230
9231
9234
9235
9235
9236
9238
9239
9239
9240
9241
9241
9242
9243
9244
9246
9248
9249
9250
9252
9252
9253
9255
9260
9260
9261
9261
9261
9263
9265
9267
9269
9270
9270
9273
9274
9274
9274
9274
9275
9277
9278
9280
9281
9281
9285
9287
9293
9293
9294
9296
9296
9297
9300
9300
9301
9301
9301
9304
9304
9305
9306
9306
9307
9307
9307
9308
9309
9309
9312
9312
9316
9316
9318
9320
9322
9323
9324
9324
9325
9326
9329
9331
9334
9334
9334
9335
9337
9338
9339
9340
9340
9343
9344
9347
9347
9352
9353
9353
9353
9353
9354
9355
9355
9357
9358
9358
9359
9361
9362
9362
9362
9363
9363
9363
9363
9363
9364
9365
9366
9366
9367
9367
9368
9371
9371
9376
9378
9379
9381
9382
9382
9384
9384
9384
9385
9386
9387
9389
9391
9392
9392
9392
9396
9398
9398
9399
9401
9402
9403
9403
9404
9405
9405
9405
9406
9408
9409
9410
9412
9412
9412
9412
9413
9413
9413
9414
9414
9414
9415
9415
9416
9420
9420
9421
9421
9421
9422
9423
9424
9424
9425
9426
9428
9428
9428
9429
9433
9436
9437
9438
9439
9440
9440
9441
9442
9442
9443
9446
9446
9446
9446
9447
9449
9449
9451
9454
9454
9454
9455
9455
9456
9458
9459
9460
9461
9462
9462
9462
9463
9465
9465
9466
9467
9468
9468
9471
9472
9473
9474
9474
9474
9475
9477
9478
9479
9480
9481
9484
9486
9487
9488
9488
9488
9489
9491
9492
9493
9495
9495
9496
9497
9497
9497
9498
9498
9498
9500
9500
9500
9502
9502
9503
9503
9503
9504
9506
9507
9507
9507
9508
9509
9510
9512
9512
9514
9516
9517
9517
9517
9519
9519
9519
9520
9521
9522
9523
9524
9525
9525
9526
9526
9526
9527
9528
9529
9529
9529
9530
9530
9531
9532
9533
9534
9534
9534
9535
9535
9538
9539
9540
9542
9543
9543
9545
9545
9547
9548
9550
9550
9550
9551
9552
9553
9556
9557
9559
9560
9560
9562
9562
9566
9566
9569
9570
9570
9570
9570
9573
9573
9574
9574
9576
9576
9577
9580
9581
9582
9585
9585
9586
9588
9590
9590
9592
9593
9594
9595
9595
9595
9596
9596
9597
9597
9597
9598
9600
9603
9604
9604
9605
9605
9607
9608
9608
9608
9610
9611
9612
9612
9614
9616
9616
9617
9617
9621
9622
9622
9623
9623
9625
9628
9629
9630
9630
9632
9635
9636
9636
9636
9638
9639
9640
9642
9642
9646
9652
9655
9657
9658
9659
9660
9661
9661
9662
9662
9662
9664
9664
9664
9665
9666
9666
9667
9667
9667
9669
9669
9671
9673
9674
9674
9676
9676
9676
9678
9678
9679
9679
9679
9683
9687
9689
9691
9691
9692
9692
9693
9693
9694
9695
9696
9700
9700
9701
9701
9704
9705
9706
9707
9708
9709
9710
9713
9716
9716
9717
9719
9720
9722
9723
9725
9726
9727
9727
9728
9729
9729
9733
9736
9736
9738
9739
9741
9742
9743
9745
9746
9747
9748
9749
9751
9752
9753
9755
9755
9756
9759
9759
9761
9762
9763
9763
9764
9765
9767
9767
9767
9768
9771
9772
9773
9773
9776
9776
9778
9779
9780
9787
9788
9789
9790
9791
9792
9792
9793
9796
9797
9797
9798
9800
9801
9803
9805
9806
9806
9807
9807
9808
9809
9810
9810
9811
9812
9812
9813
9814
9816
9817
9817
9818
9822
9824
9825
9825
9826
9826
9827
9831
9832
9833
9834
9835
9841
9842
9845
9846
9847
9848
9850
9850
9851
9852
9853
9853
9853
9854
9858
9862
9863
9863
9864
9865
9869
9869
9871
9871
9872
9873
9874
9874
9876
9877
9878
9878
9878
9879
9880
9880
9881
9881
9881
9883
9884
9885
9885
9886
9888
9888
9888
9888
9889
9889
9889
9892
9893
9897
9897
9898
9901
9901
9902
9904
9905
9905
9906
9907
9909
9909
9910
9910
9911
9911
9912
9913
9915
9916
9916
9917
9917
9921
9922
9924
9924
9924
9926
9926
9927
9927
9927
9928
9928
9928
9930
9931
9932
9932
9935
9936
9939
9939
9940
9941
9941
9943
9944
9944
9945
9946
9946
9947
9948
9952
9952
9952
9954
9954
9955
9957
9957
9958
9959
9960
9960
9961
9964
9965
9966
9968
9968
9968
9970
9970
9972
9972
9973
9974
9975
9976
9977
9978
9980
9982
9982
9983
9984
9984
9985
9986
9987
9987
9988
9989
9990
9991
9991
9991
9993
9993
9994
9994
9995
9995
9996
