0
2
4
5
6
8
10
11
12
12
13
14
14
14
15
16
19
22
22
23
24
25
26
26
26
27
29
30
30
31
32
33
34
36
36
37
41
41
42
43
44
46
49
50
51
52
53
53
54
55
56
56
58
59
61
62
62
62
63
63
64
70
71
72
73
77
77
78
78
80
81
81
84
85
85
85
87
88
89
89
90
91
92
92
93
93
94
96
97
97
98
98
99
99
99
100
100
100
101
101
102
102
104
105
105
105
105
106
106
107
109
109
109
110
112
113
113
113
114
116
117
117
118
118
119
119
120
121
122
123
124
124
125
129
131
132
134
136
137
138
138
139
139
141
141
142
142
144
145
145
148
149
149
150
153
154
156
156
156
158
160
163
164
165
165
166
166
168
168
170
170
170
171
172
178
178
178
180
182
183
185
185
187
187
187
187
188
189
191
192
193
193
196
196
200
200
200
201
202
203
204
206
208
208
210
211
211
211
211
212
212
213
214
215
216
217
219
220
221
222
223
225
226
227
229
230
232
233
233
235
235
237
237
239
240
243
245
246
249
249
251
252
253
253
254
255
255
255
257
257
260
261
261
262
263
263
264
264
266
267
270
271
271
272
272
272
273
273
276
277
277
278
278
280
280
280
282
282
282
282
284
284
285
288
289
291
291
291
294
295
300
301
301
301
302
302
302
303
304
305
306
307
308
310
313
314
314
315
316
319
319
321
322
323
324
326
327
327
329
329
329
330
331
331
335
335
337
337
337
338
338
339
340
340
341
341
342
344
345
345
345
346
348
348
349
350
351
351
352
354
354
354
355
356
356
357
358
358
358
359
360
360
361
365
366
367
367
368
368
370
371
371
374
375
376
376
377
378
379
379
380
380
381
383
385
385
385
386
387
388
389
391
393
394
395
397
398
398
399
399
401
401
402
402
404
405
406
406
407
408
409
410
410
412
412
413
413
413
413
416
416
417
417
417
418
419
419
420
420
423
423
424
425
426
429
430
430
432
432
432
433
433
433
433
434
434
435
435
436
438
440
441
441
442
444
444
445
446
447
448
448
448
450
450
451
451
452
453
455
455
455
455
455
456
457
458
458
458
458
459
459
460
460
461
462
462
464
465
466
466
466
467
467
469
469
471
471
472
472
472
472
472
473
476
476
477
477
478
478
478
479
481
481
483
486
487
487
488
488
489
491
492
492
493
493
494
495
497
499
499
500
500
501
501
502
502
503
503
504
504
504
505
506
507
507
507
508
508
509
511
511
511
512
512
512
516
517
518
519
520
520
521
522
525
526
527
528
533
535
535
537
539
540
541
543
544
545
546
547
547
548
551
552
552
555
556
556
556
556
557
557
560
561
561
563
563
564
565
565
566
570
570
571
572
572
572
573
574
575
575
576
576
576
577
578
580
580
580
581
581
581
583
583
585
586
586
589
589
590
591
591
591
593
594
597
597
597
597
597
598
598
598
600
600
600
602
603
604
604
604
607
608
610
612
614
615
615
616
616
617
618
619
619
619
620
620
622
627
629
629
630
630
631
633
635
636
637
639
640
640
641
642
642
644
644
645
646
649
652
653
653
656
658
658
659
663
663
663
664
665
666
667
669
669
671
673
673
673
674
677
678
680
681
683
683
687
688
688
689
689
689
690
691
693
694
694
696
697
697
699
701
702
703
703
708
709
710
710
711
713
713
714
714
716
716
717
717
718
718
719
719
720
720
720
721
721
721
721
721
722
723
723
723
724
726
726
726
727
727
728
728
730
731
731
731
732
735
736
736
736
737
737
739
739
740
740
741
742
742
743
743
745
747
748
748
750
751
751
752
753
754
754
758
758
759
760
761
761
762
763
763
763
764
765
765
767
767
769
770
772
772
773
773
773
775
775
776
776
777
778
781
781
782
782
783
783
783
784
784
786
788
788
789
789
789
795
795
796
796
796
799
799
805
806
806
807
809
809
810
811
811
811
812
814
814
815
816
816
817
819
819
820
820
820
821
821
824
825
826
828
829
830
831
833
833
834
835
836
836
836
836
837
837
841
842
845
846
846
847
848
848
848
849
849
850
850
853
853
855
855
855
855
856
856
857
857
857
858
859
862
862
863
864
864
865
865
865
866
866
869
869
870
871
872
873
874
877
877
877
878
878
878
879
881
884
884
884
886
886
887
889
889
892
894
895
900
900
903
904
907
908
909
909
910
910
911
912
912
912
914
914
914
916
918
918
921
921
922
923
924
924
925
927
927
927
927
927
929
932
932
933
933
935
939
940
941
943
944
945
945
947
948
949
951
951
951
955
956
959
959
962
962
963
965
965
966
967
967
967
969
970
971
972
973
973
975
975
976
976
977
978
979
980
980
981
981
981
983
984
985
986
987
988
989
989
990
991
991
992
993
995
995
996
997
1001
1002
1002
1002
1003
1004
1004
1005
1006
1007
1008
1009
1009
1009
1013
1014
1014
1015
1017
1018
1018
1022
1023
1024
1025
1027
1028
1028
1029
1029
1029
1031
1033
1033
1034
1036
1036
1037
1038
1038
1040
1042
1043
1043
1044
1046
1046
1046
1047
1047
1049
1050
1052
1052
1053
1053
1054
1054
1055
1056
1057
1057
1057
1057
1058
1059
1059
1060
1061
1062
1062
1063
1063
1063
1064
1065
1066
1066
1068
1069
1071
1071
1071
1072
1073
1075
1075
1076
1076
1077
1078
1078
1079
1080
1080
1080
1081
1081
1083
1083
1083
1084
1084
1086
1086
1089
1090
1091
1091
1091
1092
1092
1095
1095
1095
1095
1097
1099
1099
1101
1102
1104
1104
1104
1107
1110
1110
1111
1114
1116
1117
1121
1122
1123
1124
1124
1125
1125
1126
1127
1127
1128
1131
1132
1133
1135
1136
1138
1139
1140
1140
1141
1142
1144
1144
1144
1145
1145
1145
1146
1147
1148
1148
1148
1150
1150
1151
1151
1152
1154
1158
1159
1159
1160
1162
1162
1162
1163
1163
1163
1166
1166
1168
1168
1169
1171
1173
1173
1173
1174
1174
1174
1174
1177
1178
1179
1180
1182
1185
1186
1186
1188
1190
1194
1196
1196
1198
1199
1200
1201
1202
1202
1203
1203
1204
1204
1206
1206
1207
1207
1208
1208
1208
1209
1211
1213
1214
1215
1215
1216
1217
1219
1220
1220
1221
1223
1225
1227
1228
1228
1228
1230
1231
1232
1233
1234
1234
1235
1239
1240
1242
1242
1242
1243
1243
1243
1243
1243
1244
1245
1246
1249
1250
1253
1254
1255
1255
1255
1256
1257
1258
1258
1259
1259
1259
1261
1262
1262
1262
1264
1264
1264
1264
1265
1265
1268
1268
1269
1270
1272
1273
1273
1274
1274
1274
1276
1279
1283
1284
1284
1285
1286
1287
1289
1290
1290
1292
1295
1295
1297
1299
1300
1302
1302
1303
1304
1305
1305
1305
1306
1306
1307
1308
1309
1309
1310
1310
1311
1312
1312
1314
1315
1316
1316
1317
1317
1317
1318
1322
1323
1324
1325
1326
1326
1326
1328
1328
1329
1330
1331
1334
1336
1337
1339
1339
1341
1341
1342
1342
1344
1345
1345
1346
1346
1348
1350
1351
1352
1352
1353
1356
1357
1360
1360
1360
1362
1363
1363
1366
1368
1370
1372
1372
1373
1374
1374
1375
1375
1376
1376
1376
1378
1379
1380
1383
1385
1385
1386
1388
1388
1389
1389
1389
1389
1390
1391
1391
1391
1392
1394
1394
1395
1395
1396
1397
1398
1403
1404
1407
1409
1409
1410
1411
1411
1411
1412
1413
1413
1413
1414
1414
1418
1418
1419
1420
1420
1424
1429
1431
1432
1433
1434
1434
1434
1437
1440
1440
1441
1443
1444
1444
1445
1445
1447
1447
1447
1448
1448
1449
1450
1450
1451
1451
1452
1454
1456
1456
1457
1459
1460
1460
1462
1462
1463
1464
1464
1465
1465
1467
1467
1468
1469
1469
1470
1471
1471
1472
1473
1473
1473
1473
1474
1476
1477
1477
1478
1479
1481
1481
1482
1482
1482
1483
1483
1483
1484
1485
1485
1485
1486
1486
1487
1488
1488
1491
1492
1493
1493
1495
1497
1498
1499
1500
1502
1503
1504
1505
1505
1507
1508
1509
1512
1512
1514
1515
1515
1516
1518
1518
1518
1519
1519
1519
1520
1522
1524
1524
1525
1525
1525
1526
1526
1527
1527
1532
1533
1534
1535
1538
1538
1539
1539
1540
1541
1541
1541
1542
1543
1545
1545
1546
1547
1548
1549
1550
1551
1551
1551
1551
1552
1555
1557
1560
1561
1563
1563
1564
1564
1566
1569
1569
1572
1573
1574
1574
1574
1575
1576
1576
1576
1576
1577
1578
1579
1580
1582
1582
1582
1585
1589
1590
1590
1592
1592
1593
1594
1594
1595
1597
1597
1598
1600
1600
1601
1603
1604
1605
1605
1606
1608
1609
1609
1610
1611
1611
1611
1612
1612
1612
1612
1614
1614
1615
1616
1617
1619
1619
1620
1621
1623
1623
1626
1629
1629
1632
1633
1633
1633
1633
1633
1633
1635
1636
1641
1641
1642
1642
1644
1645
1645
1645
1645
1647
1648
1648
1649
1651
1653
1654
1654
1655
1655
1657
1658
1660
1662
1663
1663
1664
1665
1666
1666
1666
1670
1671
1671
1672
1674
1674
1675
1675
1675
1677
1678
1678
1678
1680
1681
1683
1686
1686
1687
1687
1687
1688
1690
1691
1693
1694
1694
1694
1695
1696
1697
1697
1698
1702
1702
1703
1705
1705
1705
1708
1708
1710
1712
1712
1714
1714
1716
1717
1717
1718
1720
1721
1723
1724
1725
1727
1728
1729
1730
1733
1735
1735
1737
1738
1738
1738
1739
1740
1740
1740
1741
1741
1744
1745
1746
1747
1748
1748
1749
1749
1750
1751
1751
1751
1752
1753
1755
1755
1757
1758
1763
1768
1769
1770
1772
1777
1777
1777
1777
1778
1778
1780
1781
1782
1784
1786
1786
1787
1788
1789
1789
1789
1790
1794
1795
1796
1797
1798
1799
1799
1799
1800
1800
1801
1802
1804
1805
1805
1811
1812
1812
1814
1815
1815
1815
1817
1819
1819
1821
1822
1823
1823
1826
1827
1829
1829
1831
1831
1831
1833
1835
1836
1837
1837
1837
1838
1841
1841
1844
1845
1846
1846
1847
1847
1848
1848
1850
1851
1852
1854
1854
1855
1855
1858
1858
1859
1860
1861
1863
1868
1868
1870
1872
1872
1873
1873
1874
1874
1875
1876
1877
1878
1879
1882
1888
1888
1891
1893
1893
1894
1895
1895
1896
1897
1899
1901
1901
1902
1907
1907
1911
1915
1916
1916
1916
1918
1920
1920
1920
1920
1921
1922
1922
1925
1926
1926
1926
1927
1929
1930
1935
1936
1936
1937
1937
1938
1938
1939
1940
1943
1944
1944
1945
1945
1945
1946
1949
1950
1950
1951
1951
1952
1952
1953
1953
1954
1955
1955
1956
1957
1958
1959
1959
1959
1959
1960
1961
1962
1962
1962
1963
1964
1964
1964
1966
1966
1966
1967
1968
1971
1971
1972
1972
1972
1973
1974
1976
1978
1978
1982
1983
1983
1986
1987
1987
1988
1989
1990
1991
1993
1993
1994
1996
1997
2001
2002
2002
2003
2003
2003
2003
2003
2007
2007
2007
2009
2009
2010
2010
2013
2014
2015
2018
2019
2021
2022
2023
2023
2024
2024
2025
2027
2030
2033
2033
2033
2034
2034
2034
2034
2034
2035
2036
2036
2036
2037
2038
2041
2041
2042
2047
2047
2048
2049
2050
2050
2050
2051
2051
2052
2053
2054
2055
2057
2057
2058
2059
2060
2062
2062
2063
2063
2064
2064
2066
2066
2067
2068
2068
2068
2069
2071
2071
2071
2072
2072
2073
2075
2075
2076
2076
2077
2078
2078
2079
2079
2084
2085
2085
2086
2088
2092
2092
2092
2093
2096
2098
2098
2099
2099
2101
2102
2102
2103
2104
2107
2107
2109
2110
2110
2111
2112
2113
2113
2113
2115
2115
2118
2121
2121
2122
2122
2125
2126
2126
2126
2128
2131
2131
2132
2132
2134
2134
2134
2135
2135
2138
2138
2139
2142
2142
2143
2144
2147
2148
2149
2149
2149
2150
2151
2152
2153
2155
2155
2155
2156
2156
2156
2158
2159
2160
2162
2162
2164
2165
2165
2166
2166
2169
2170
2171
2172
2174
2174
2174
2176
2178
2179
2179
2180
2180
2181
2181
2184
2187
2187
2188
2188
2189
2191
2191
2191
2193
2195
2195
2198
2199
2201
2202
2205
2206
2206
2206
2207
2209
2210
2210
2210
2213
2213
2214
2215
2215
2217
2219
2221
2224
2224
2225
2226
2226
2226
2227
2227
2228
2229
2232
2232
2232
2233
2233
2233
2236
2236
2236
2236
2238
2241
2243
2243
2246
2247
2249
2249
2249
2250
2250
2251
2253
2253
2254
2255
2255
2258
2260
2260
2260
2261
2262
2262
2264
2265
2265
2265
2266
2267
2268
2269
2269
2271
2273
2274
2275
2278
2279
2281
2282
2282
2283
2285
2288
2288
2289
2289
2289
2291
2293
2293
2294
2294
2295
2296
2296
2296
2297
2297
2297
2298
2299
2301
2303
2303
2305
2307
2307
2307
2308
2309
2310
2311
2311
2311
2315
2316
2319
2319
2320
2320
2321
2322
2323
2324
2326
2328
2329
2329
2330
2332
2332
2332
2335
2335
2340
2341
2341
2342
2343
2344
2345
2345
2346
2346
2346
2349
2351
2353
2354
2356
2356
2356
2359
2359
2360
2360
2364
2367
2368
2369
2369
2370
2371
2372
2373
2375
2376
2377
2378
2378
2379
2380
2383
2383
2384
2385
2386
2387
2388
2388
2388
2389
2389
2390
2390
2390
2392
2393
2394
2394
2396
2398
2398
2399
2401
2401
2402
2402
2402
2403
2404
2406
2409
2410
2411
2415
2418
2419
2420
2420
2421
2422
2423
2426
2426
2427
2427
2427
2427
2428
2429
2430
2431
2432
2433
2433
2434
2434
2434
2435
2435
2435
2435
2436
2437
2438
2445
2447
2449
2449
2449
2451
2452
2453
2455
2455
2456
2457
2458
2459
2461
2461
2462
2462
2462
2463
2465
2467
2468
2473
2473
2475
2475
2475
2476
2479
2480
2482
2483
2483
2483
2485
2485
2486
2486
2487
2489
2490
2490
2490
2491
2491
2492
2492
2492
2494
2495
2497
2498
2498
2498
2499
2500
2501
2502
2502
2503
2504
2506
2510
2511
2511
2511
2512
2513
2513
2514
2514
2516
2516
2517
2518
2518
2519
2521
2521
2523
2524
2525
2525
2526
2528
2528
2529
2531
2533
2535
2535
2536
2536
2537
2537
2543
2544
2545
2546
2546
2546
2548
2549
2549
2550
2550
2550
2552
2553
2554
2555
2555
2556
2557
2558
2559
2561
2562
2562
2566
2568
2568
2569
2570
2574
2577
2578
2578
2579
2579
2580
2583
2583
2583
2585
2586
2587
2587
2588
2590
2591
2591
2591
2592
2594
2594
2595
2595
2596
2596
2596
2598
2600
2601
2602
2604
2604
2605
2607
2608
2608
2608
2610
2612
2612
2613
2614
2617
2617
2618
2618
2618
2619
2623
2623
2624
2626
2627
2627
2629
2629
2631
2632
2633
2633
2634
2634
2635
2636
2636
2637
2637
2639
2640
2641
2642
2643
2643
2643
2644
2644
2644
2644
2646
2648
2648
2651
2651
2652
2652
2654
2656
2656
2657
2658
2658
2658
2659
2661
2662
2663
2664
2665
2665
2666
2667
2667
2669
2671
2671
2674
2675
2675
2676
2677
2677
2678
2680
2683
2687
2688
2688
2688
2690
2691
2691
2692
2693
2693
2694
2694
2695
2695
2696
2700
2700
2702
2706
2706
2706
2709
2710
2710
2712
2714
2717
2718
2719
2720
2721
2724
2726
2726
2726
2728
2736
2736
2739
2740
2740
2745
2746
2746
2747
2748
2749
2750
2752
2754
2754
2756
2758
2759
2761
2761
2762
2763
2765
2766
2769
2770
2770
2773
2774
2774
2775
2775
2777
2778
2780
2784
2785
2787
2790
2791
2792
2792
2793
2793
2795
2795
2796
2796
2797
2797
2798
2798
2799
2799
2800
2801
2805
2807
2809
2809
2810
2810
2810
2811
2812
2813
2813
2814
2817
2817
2818
2822
2824
2824
2824
2825
2827
2828
2828
2829
2829
2833
2834
2835
2835
2836
2838
2839
2840
2840
2840
2844
2844
2846
2849
2850
2850
2850
2851
2851
2852
2853
2853
2853
2855
2855
2856
2858
2860
2861
2862
2862
2863
2864
2865
2865
2865
2865
2868
2870
2870
2871
2872
2873
2874
2875
2876
2877
2878
2879
2879
2880
2881
2882
2884
2884
2885
2888
2888
2890
2891
2892
2892
2896
2896
2898
2901
2902
2903
2903
2903
2904
2906
2906
2906
2907
2908
2908
2910
2910
2911
2912
2913
2914
2915
2916
2917
2918
2919
2921
2924
2925
2927
2928
2931
2931
2932
2932
2933
2934
2935
2937
2938
2939
2940
2940
2940
2941
2942
2944
2944
2944
2946
2946
2947
2947
2947
2948
2949
2949
2949
2950
2951
2951
2951
2952
2954
2954
2954
2957
2957
2959
2959
2960
2964
2964
2966
2967
2970
2970
2971
2971
2972
2972
2973
2974
2975
2978
2982
2984
2985
2986
2986
2987
2987
2987
2987
2988
2988
2989
2990
2990
2991
2992
2992
2995
2995
2996
2997
2998
3000
3001
3004
3005
3006
3007
3008
3008
3008
3009
3009
3010
3011
3012
3012
3012
3013
3014
3014
3015
3016
3016
3019
3021
3022
3022
3024
3024
3024
3024
3024
3025
3025
3027
3029
3030
3030
3031
3032
3035
3036
3037
3037
3039
3041
3042
3042
3043
3043
3047
3047
3047
3047
3048
3049
3049
3051
3051
3052
3053
3053
3055
3055
3055
3055
3056
3058
3059
3059
3060
3061
3061
3062
3062
3062
3063
3063
3064
3064
3065
3065
3065
3067
3068
3068
3068
3071
3072
3074
3074
3075
3075
3076
3076
3078
3079
3079
3080
3080
3081
3081
3081
3081
3082
3085
3085
3086
3086
3087
3089
3093
3094
3094
3094
3095
3095
3095
3095
3096
3096
3097
3097
3103
3103
3104
3104
3105
3105
3108
3108
3109
3111
3112
3112
3115
3116
3117
3118
3119
3119
3120
3120
3121
3121
3122
3123
3123
3125
3126
3128
3128
3128
3128
3129
3130
3130
3131
3131
3131
3132
3132
3134
3134
3135
3136
3137
3137
3137
3137
3137
3138
3139
3139
3140
3140
3142
3142
3144
3144
3145
3145
3148
3148
3148
3150
3151
3153
3155
3157
3157
3158
3159
3162
3164
3166
3168
3168
3168
3171
3173
3174
3175
3175
3177
3177
3178
3180
3183
3184
3184
3185
3185
3186
3187
3188
3189
3191
3193
3197
3197
3199
3199
3199
3202
3204
3204
3207
3208
3210
3210
3211
3212
3216
3217
3218
3218
3219
3220
3221
3221
3221
3222
3222
3223
3224
3225
3226
3227
3228
3229
3229
3230
3232
3233
3233
3233
3234
3234
3235
3236
3236
3237
3238
3243
3243
3244
3244
3245
3246
3247
3250
3250
3251
3251
3252
3255
3255
3255
3255
3256
3256
3261
3262
3262
3263
3264
3265
3267
3268
3271
3271
3273
3273
3275
3276
3277
3277
3279
3281
3281
3282
3283
3283
3284
3284
3285
3290
3291
3293
3294
3295
3295
3297
3297
3298
3298
3300
3301
3302
3303
3305
3305
3307
3307
3307
3307
3307
3307
3309
3309
3310
3312
3313
3314
3314
3316
3316
3318
3318
3321
3321
3321
3321
3322
3322
3322
3323
3324
3324
3326
3327
3327
3328
3329
3329
3329
3330
3330
3330
3330
3330
3330
3331
3334
3335
3340
3340
3341
3341
3341
3341
3344
3349
3352
3352
3356
3357
3357
3358
3358
3359
3360
3360
3361
3361
3361
3362
3363
3365
3367
3369
3371
3371
3371
3371
3371
3372
3372
3374
3375
3377
3378
3378
3379
3382
3382
3383
3385
3385
3385
3389
3390
3391
3392
3395
3396
3397
3399
3400
3402
3402
3404
3404
3404
3408
3409
3409
3409
3410
3411
3412
3412
3414
3414
3414
3416
3417
3418
3418
3418
3419
3419
3423
3423
3424
3424
3424
3425
3425
3426
3426
3426
3426
3429
3430
3430
3431
3433
3434
3434
3436
3436
3436
3438
3438
3439
3439
3440
3441
3441
3447
3451
3453
3453
3455
3457
3460
3462
3462
3463
3463
3467
3467
3468
3468
3469
3470
3473
3475
3475
3475
3476
3476
3477
3478
3479
3481
3483
3483
3488
3488
3488
3488
3489
3490
3491
3491
3492
3492
3493
3494
3495
3495
3497
3500
3501
3502
3502
3503
3503
3506
3507
3508
3508
3509
3509
3511
3511
3512
3512
3513
3514
3515
3516
3517
3519
3522
3522
3525
3525
3526
3527
3529
3531
3531
3531
3532
3536
3537
3537
3537
3538
3539
3542
3544
3545
3545
3547
3549
3549
3549
3551
3551
3553
3553
3554
3555
3555
3557
3557
3557
3558
3558
3558
3559
3559
3559
3560
3561
3562
3564
3565
3565
3567
3568
3568
3569
3570
3570
3573
3575
3577
3577
3579
3582
3582
3582
3583
3587
3587
3588
3589
3590
3592
3593
3595
3596
3597
3597
3598
3599
3601
3602
3604
3604
3604
3604
3605
3605
3607
3607
3610
3610
3611
3612
3615
3618
3619
3621
3622
3622
3624
3624
3625
3626
3626
3627
3627
3628
3629
3630
3631
3632
3632
3632
3634
3637
3637
3637
3637
3637
3637
3639
3640
3641
3642
3643
3645
3647
3647
3647
3648
3648
3648
3649
3649
3651
3651
3651
3651
3656
3657
3657
3657
3658
3660
3661
3664
3665
3667
3667
3667
3668
3669
3675
3676
3676
3677
3679
3682
3682
3683
3683
3683
3683
3683
3685
3685
3686
3686
3687
3687
3690
3693
3694
3694
3695
3696
3700
3702
3702
3705
3705
3706
3706
3709
3709
3709
3710
3710
3713
3715
3715
3715
3718
3719
3719
3721
3722
3723
3726
3726
3726
3727
3727
3727
3728
3729
3729
3730
3730
3730
3733
3734
3734
3734
3735
3736
3738
3738
3739
3740
3743
3744
3747
3747
3748
3749
3749
3750
3751
3752
3753
3754
3756
3756
3757
3757
3757
3759
3759
3759
3760
3760
3761
3764
3766
3767
3767
3767
3768
3769
3769
3769
3770
3770
3771
3771
3771
3771
3772
3772
3773
3774
3774
3775
3775
3776
3778
3778
3779
3780
3782
3783
3783
3784
3784
3786
3786
3789
3791
3792
3793
3794
3794
3795
3797
3799
3802
3803
3803
3803
3804
3804
3805
3810
3810
3812
3812
3814
3814
3814
3814
3815
3816
3817
3818
3819
3821
3821
3823
3823
3824
3825
3826
3826
3826
3827
3827
3827
3828
3832
3834
3834
3834
3838
3838
3839
3839
3839
3840
3842
3844
3846
3846
3847
3848
3849
3849
3849
3851
3853
3853
3854
3854
3855
3856
3857
3862
3863
3864
3865
3865
3867
3869
3869
3870
3870
3870
3872
3872
3874
3874
3875
3876
3876
3877
3877
3877
3880
3881
3882
3883
3884
3884
3886
3886
3887
3887
3887
3888
3889
3891
3892
3892
3894
3895
3898
3901
3902
3902
3902
3906
3907
3908
3908
3909
3909
3910
3910
3913
3915
3916
3916
3917
3918
3919
3919
3920
3920
3920
3921
3922
3922
3922
3922
3924
3926
3928
3928
3928
3930
3931
3933
3933
3933
3933
3936
3939
3940
3942
3942
3943
3945
3945
3946
3946
3947
3948
3951
3952
3953
3956
3956
3956
3957
3957
3958
3958
3961
3961
3962
3964
3968
3968
3969
3969
3970
3970
3970
3972
3974
3975
3975
3977
3977
3978
3978
3978
3978
3978
3980
3981
3982
3985
3985
3989
3991
3994
3995
3995
3995
3996
3997
3998
3999
4000
4003
4005
4009
4010
4012
4012
4013
4013
4014
4014
4016
4016
4018
4018
4018
4019
4022
4024
4024
4025
4025
4028
4030
4030
4031
4032
4034
4036
4037
4037
4037
4038
4038
4040
4040
4041
4041
4042
4042
4043
4045
4045
4046
4046
4047
4047
4047
4048
4048
4048
4049
4049
4051
4052
4053
4053
4054
4054
4054
4055
4055
4056
4057
4057
4058
4058
4061
4062
4062
4064
4068
4070
4070
4070
4070
4071
4071
4071
4071
4076
4077
4077
4078
4078
4079
4079
4080
4080
4080
4080
4081
4081
4082
4082
4084
4084
4085
4085
4085
4087
4090
4090
4091
4092
4093
4095
4096
4099
4099
4100
4100
4100
4100
4101
4105
4105
4105
4105
4106
4106
4107
4107
4109
4110
4111
4112
4112
4113
4115
4115
4117
4120
4122
4122
4122
4123
4123
4125
4127
4127
4127
4128
4132
4132
4133
4134
4134
4135
4138
4140
4142
4143
4143
4144
4144
4145
4145
4146
4146
4149
4151
4151
4154
4154
4155
4155
4156
4157
4157
4157
4159
4160
4161
4161
4162
4163
4164
4164
4165
4166
4167
4168
4171
4172
4172
4174
4175
4175
4176
4177
4178
4178
4179
4180
4182
4182
4182
4182
4183
4183
4183
4184
4186
4190
4190
4191
4191
4192
4192
4192
4193
4193
4195
4195
4195
4195
4197
4199
4202
4202
4203
4204
4204
4207
4209
4213
4214
4214
4218
4218
4220
4220
4221
4222
4222
4223
4223
4223
4225
4225
4226
4227
4228
4230
4232
4232
4233
4233
4235
4237
4237
4239
4240
4240
4241
4241
4244
4244
4245
4246
4246
4247
4247
4248
4249
4250
4250
4251
4251
4252
4253
4253
4253
4254
4256
4257
4258
4260
4261
4262
4268
4271
4273
4274
4276
4277
4278
4278
4278
4279
4279
4280
4281
4282
4283
4283
4283
4284
4286
4287
4288
4289
4289
4290
4291
4292
4294
4294
4294
4294
4295
4297
4298
4300
4300
4302
4303
4303
4305
4305
4305
4306
4306
4306
4306
4307
4307
4308
4309
4310
4310
4310
4310
4311
4312
4313
4313
4314
4314
4314
4315
4317
4318
4318
4319
4320
4321
4324
4324
4326
4326
4327
4328
4329
4330
4330
4330
4331
4333
4333
4333
4335
4337
4341
4343
4346
4346
4346
4350
4351
4351
4352
4353
4355
4355
4356
4356
4356
4357
4357
4358
4360
4364
4365
4366
4367
4368
4368
4369
4370
4371
4371
4372
4372
4374
4377
4377
4379
4381
4381
4381
4382
4384
4385
4385
4387
4389
4389
4390
4390
4392
4393
4393
4394
4395
4395
4398
4399
4399
4402
4402
4403
4404
4405
4406
4407
4408
4409
4409
4410
4410
4410
4410
4411
4412
4415
4415
4415
4415
4416
4416
4417
4417
4419
4420
4420
4422
4422
4423
4424
4425
4425
4425
4426
4426
4427
4429
4430
4430
4432
4433
4433
4437
4438
4438
4440
4440
4444
4444
4445
4445
4451
4452
4453
4454
4458
4461
4461
4466
4467
4467
4468
4469
4470
4470
4474
4474
4478
4480
4480
4481
4485
4489
4491
4491
4492
4493
4494
4496
4497
4497
4498
4498
4499
4500
4501
4502
4502
4506
4507
4507
4509
4510
4511
4511
4512
4512
4512
4512
4513
4514
4515
4515
4517
4517
4518
4520
4522
4522
4522
4524
4525
4525
4528
4528
4529
4531
4531
4532
4532
4532
4535
4536
4536
4539
4540
4540
4540
4541
4542
4544
4544
4545
4546
4546
4546
4546
4549
4551
4552
4553
4553
4554
4554
4554
4557
4562
4563
4564
4564
4564
4567
4567
4567
4569
4571
4571
4571
4572
4572
4572
4573
4573
4575
4577
4578
4579
4580
4580
4583
4583
4584
4584
4585
4586
4587
4587
4588
4590
4591
4592
4593
4594
4594
4594
4595
4595
4596
4597
4598
4598
4599
4601
4601
4601
4601
4602
4602
4604
4605
4607
4607
4608
4608
4610
4611
4611
4611
4612
4613
4614
4614
4618
4619
4621
4622
4622
4622
4625
4626
4626
4626
4629
4630
4630
4630
4631
4633
4634
4638
4638
4638
4640
4640
4641
4643
4643
4644
4645
4646
4646
4647
4647
4647
4647
4648
4648
4649
4649
4649
4650
4651
4652
4658
4658
4659
4659
4660
4662
4662
4663
4663
4663
4663
4664
4664
4665
4665
4665
4666
4666
4666
4666
4667
4668
4668
4670
4670
4672
4672
4672
4673
4674
4675
4676
4677
4677
4678
4678
4679
4679
4681
4682
4682
4683
4684
4684
4686
4686
4687
4687
4689
4691
4696
4696
4698
4700
4702
4704
4705
4706
4707
4708
4709
4709
4711
4712
4712
4712
4715
4716
4717
4718
4719
4724
4725
4726
4726
4728
4728
4729
4730
4737
4738
4738
4739
4741
4741
4741
4742
4744
4744
4745
4747
4749
4750
4751
4751
4752
4753
4753
4754
4754
4754
4755
4755
4756
4757
4757
4757
4758
4758
4760
4761
4761
4764
4766
4768
4768
4768
4769
4772
4772
4776
4776
4778
4778
4779
4779
4779
4779
4780
4781
4781
4782
4783
4786
4786
4789
4790
4791
4792
4793
4794
4795
4796
4799
4801
4805
4810
4811
4811
4811
4812
4815
4816
4816
4817
4818
4819
4819
4820
4821
4821
4821
4822
4825
4827
4827
4829
4830
4830
4832
4834
4834
4835
4835
4836
4836
4838
4838
4838
4839
4839
4839
4841
4841
4842
4843
4843
4845
4846
4847
4849
4850
4851
4853
4854
4858
4858
4859
4859
4860
4861
4861
4863
4864
4865
4866
4868
4868
4869
4870
4870
4873
4874
4874
4875
4876
4876
4879
4879
4882
4883
4886
4886
4886
4886
4888
4889
4889
4890
4891
4891
4891
4892
4892
4894
4894
4895
4895
4895
4896
4896
4898
4901
4903
4904
4905
4906
4910
4911
4912
4914
4916
4917
4917
4918
4918
4919
4921
4923
4923
4924
4924
4925
4925
4925
4927
4928
4928
4928
4930
4931
4932
4934
4936
4939
4941
4941
4942
4943
4944
4944
4944
4945
4946
4949
4949
4949
4949
4951
4951
4952
4952
4953
4956
4957
4957
4958
4958
4959
4962
4965
4965
4965
4965
4966
4966
4967
4968
4968
4969
4970
4972
4974
4975
4977
4977
4978
4979
4981
4982
4984
4985
4985
4986
4986
4986
4988
4988
4989
4990
4990
4992
4993
4993
4995
4997
4997
5001
5002
5003
5003
5004
5005
5006
5008
5008
5010
5010
5010
5013
5015
5016
5016
5017
5018
5018
5019
5020
5021
5021
5021
5022
5022
5023
5024
5024
5025
5025
5027
5028
5030
5035
5037
5037
5038
5038
5038
5038
5039
5042
5042
5042
5043
5044
5046
5049
5051
5051
5052
5053
5055
5055
5057
5059
5060
5061
5061
5062
5063
5065
5068
5069
5071
5071
5075
5076
5076
5079
5080
5080
5081
5081
5083
5084
5084
5084
5087
5088
5091
5091
5092
5094
5094
5100
5101
5102
5104
5105
5105
5109
5110
5111
5112
5112
5113
5116
5117
5117
5120
5122
5122
5123
5123
5124
5127
5127
5128
5129
5129
5129
5130
5132
5132
5132
5134
5134
5135
5136
5138
5139
5139
5139
5140
5141
5142
5143
5143
5143
5144
5146
5146
5147
5148
5149
5149
5149
5149
5151
5153
5153
5153
5156
5157
5157
5159
5159
5160
5160
5161
5161
5162
5164
5164
5165
5165
5165
5166
5167
5167
5168
5172
5174
5175
5175
5176
5177
5178
5178
5179
5180
5183
5183
5183
5184
5184
5184
5184
5184
5186
5188
5188
5188
5189
5189
5190
5191
5191
5191
5192
5193
5193
5195
5199
5199
5200
5202
5203
5206
5208
5211
5213
5213
5214
5216
5217
5217
5218
5219
5219
5219
5221
5221
5223
5224
5225
5226
5227
5227
5228
5228
5229
5230
5231
5231
5232
5233
5233
5234
5234
5235
5239
5239
5240
5242
5247
5249
5249
5249
5250
5250
5250
5251
5252
5253
5255
5255
5256
5256
5257
5258
5259
5259
5260
5260
5260
5261
5262
5264
5264
5264
5264
5266
5266
5268
5268
5271
5272
5276
5277
5279
5279
5280
5283
5284
5285
5286
5288
5289
5289
5292
5293
5294
5294
5294
5294
5298
5301
5302
5302
5304
5304
5304
5305
5305
5306
5306
5308
5308
5309
5309
5309
5309
5310
5311
5312
5312
5315
5315
5316
5317
5318
5320
5320
5320
5322
5323
5325
5326
5327
5328
5328
5331
5331
5334
5335
5335
5338
5338
5341
5342
5343
5343
5344
5345
5347
5348
5350
5350
5351
5353
5353
5354
5354
5355
5355
5360
5360
5363
5363
5365
5365
5365
5365
5366
5366
5371
5373
5373
5373
5375
5376
5378
5378
5379
5379
5379
5380
5382
5382
5384
5385
5385
5386
5388
5390
5390
5391
5391
5392
5393
5393
5393
5394
5394
5394
5396
5398
5398
5399
5399
5400
5401
5402
5403
5405
5405
5407
5407
5408
5409
5409
5410
5411
5411
5411
5414
5415
5416
5417
5418
5419
5419
5420
5420
5420
5420
5421
5421
5423
5424
5424
5425
5426
5428
5428
5429
5429
5430
5430
5431
5432
5432
5432
5433
5434
5435
5436
5437
5438
5439
5440
5440
5441
5442
5444
5445
5446
5448
5450
5450
5450
5452
5452
5452
5453
5453
5453
5455
5456
5458
5459
5460
5460
5462
5462
5462
5463
5463
5465
5467
5468
5468
5468
5468
5469
5471
5472
5472
5473
5473
5475
5477
5478
5478
5478
5480
5481
5481
5481
5482
5482
5484
5484
5485
5485
5488
5489
5492
5493
5495
5496
5496
5496
5497
5498
5501
5501
5503
5503
5504
5504
5505
5505
5505
5506
5507
5510
5510
5513
5515
5515
5516
5516
5516
5518
5521
5522
5524
5524
5524
5525
5525
5527
5528
5528
5528
5531
5531
5532
5532
5533
5534
5536
5537
5537
5538
5539
5540
5541
5541
5541
5541
5543
5545
5545
5546
5546
5547
5549
5549
5550
5551
5552
5553
5554
5555
5556
5560
5561
5565
5566
5567
5568
5571
5571
5572
5573
5574
5574
5576
5576
5577
5577
5578
5579
5580
5580
5581
5581
5581
5582
5582
5582
5583
5583
5583
5583
5584
5586
5587
5588
5589
5589
5590
5592
5592
5592
5594
5594
5596
5596
5597
5598
5600
5600
5600
5601
5601
5602
5603
5604
5605
5605
5607
5608
5609
5611
5612
5612
5612
5613
5615
5616
5617
5617
5617
5617
5618
5618
5621
5621
5622
5624
5624
5625
5629
5630
5631
5633
5634
5635
5635
5635
5636
5636
5637
5639
5639
5640
5640
5642
5643
5644
5647
5652
5652
5657
5658
5659
5660
5662
5662
5663
5663
5664
5664
5665
5665
5667
5668
5668
5668
5670
5671
5672
5672
5673
5674
5677
5679
5680
5680
5680
5680
5681
5685
5685
5686
5686
5686
5686
5687
5688
5689
5690
5691
5693
5693
5693
5694
5695
5695
5697
5698
5698
5701
5701
5701
5701
5702
5702
5703
5704
5704
5705
5708
5710
5711
5711
5711
5713
5714
5714
5715
5715
5715
5716
5718
5718
5720
5721
5722
5723
5723
5727
5727
5729
5730
5731
5735
5736
5738
5738
5740
5741
5742
5742
5745
5747
5748
5749
5751
5754
5754
5754
5755
5755
5755
5755
5756
5757
5757
5758
5758
5759
5759
5759
5759
5760
5762
5763
5765
5765
5768
5772
5774
5774
5776
5776
5776
5777
5777
5777
5780
5782
5782
5783
5784
5784
5785
5786
5789
5790
5790
5795
5796
5797
5797
5798
5801
5806
5806
5806
5808
5809
5810
5810
5811
5812
5812
5814
5815
5818
5819
5819
5819
5820
5821
5823
5823
5825
5826
5826
5828
5828
5828
5828
5829
5830
5831
5832
5832
5833
5833
5835
5838
5839
5839
5840
5840
5842
5843
5843
5844
5845
5845
5845
5846
5847
5848
5849
5852
5855
5855
5856
5857
5858
5860
5860
5861
5862
5862
5863
5863
5866
5868
5869
5869
5870
5870
5873
5874
5874
5875
5875
5876
5877
5877
5879
5880
5880
5881
5882
5882
5883
5883
5883
5883
5884
5885
5887
5888
5888
5889
5892
5892
5893
5893
5894
5895
5896
5896
5896
5896
5897
5901
5902
5902
5902
5902
5903
5904
5905
5906
5907
5909
5910
5910
5910
5911
5911
5912
5912
5913
5915
5916
5916
5917
5920
5922
5922
5922
5923
5924
5925
5926
5928
5930
5930
5932
5935
5937
5937
5940
5941
5941
5945
5946
5947
5947
5948
5948
5949
5949
5949
5950
5950
5951
5952
5953
5954
5957
5958
5959
5960
5961
5962
5966
5966
5967
5967
5968
5969
5969
5969
5971
5971
5972
5973
5976
5977
5977
5978
5978
5979
5979
5980
5981
5982
5984
5984
5984
5985
5987
5988
5988
5989
5990
5991
5992
5992
5992
5995
5999
6000
6001
6003
6003
6005
6009
6009
6013
6014
6016
6017
6018
6018
6020
6021
6021
6024
6025
6027
6027
6027
6027
6027
6027
6027
6028
6028
6031
6032
6035
6036
6037
6037
6038
6038
6038
6038
6040
6041
6042
6043
6043
6043
6044
6044
6045
6045
6048
6049
6050
6054
6055
6056
6057
6057
6058
6059
6060
6060
6062
6062
6063
6064
6064
6065
6065
6065
6068
6069
6070
6071
6071
6072
6076
6076
6076
6076
6077
6078
6079
6079
6080
6081
6082
6086
6087
6087
6087
6087
6087
6088
6088
6090
6090
6090
6094
6095
6095
6096
6097
6097
6097
6097
6098
6098
6098
6098
6098
6099
6102
6102
6103
6104
6105
6105
6106
6107
6107
6108
6108
6109
6109
6110
6110
6110
6111
6111
6112
6114
6114
6115
6115
6116
6116
6116
6116
6117
6120
6121
6122
6123
6126
6127
6127
6127
6129
6129
6130
6134
6134
6134
6136
6138
6138
6140
6141
6141
6142
6142
6142
6143
6143
6143
6143
6143
6144
6147
6149
6150
6150
6151
6151
6151
6154
6155
6156
6157
6158
6158
6161
6161
6163
6164
6165
6165
6165
6166
6166
6169
6170
6171
6173
6173
6176
6176
6176
6177
6178
6179
6179
6180
6181
6181
6184
6184
6188
6188
6189
6189
6191
6191
6194
6196
6197
6198
6199
6199
6199
6200
6203
6203
6204
6204
6205
6206
6206
6208
6208
6211
6211
6212
6212
6214
6214
6215
6216
6216
6218
6220
6221
6222
6222
6223
6224
6227
6227
6227
6230
6230
6231
6231
6232
6234
6235
6235
6236
6236
6240
6242
6242
6243
6243
6243
6243
6244
6246
6246
6248
6248
6248
6249
6252
6252
6252
6253
6253
6254
6255
6255
6256
6259
6259
6260
6262
6262
6264
6264
6264
6266
6267
6269
6271
6274
6274
6274
6276
6278
6280
6281
6284
6287
6287
6290
6290
6290
6293
6294
6295
6296
6296
6298
6300
6301
6301
6302
6302
6305
6305
6305
6307
6308
6309
6310
6310
6311
6312
6312
6314
6315
6315
6316
6316
6316
6317
6317
6318
6320
6321
6322
6322
6322
6324
6325
6325
6327
6329
6330
6330
6331
6331
6335
6337
6338
6339
6340
6341
6341
6343
6343
6343
6344
6344
6344
6345
6347
6348
6349
6350
6350
6350
6355
6355
6356
6358
6360
6361
6361
6361
6361
6361
6362
6363
6363
6365
6366
6367
6367
6367
6370
6371
6372
6372
6374
6375
6377
6378
6378
6379
6379
6380
6380
6381
6381
6383
6383
6385
6387
6389
6391
6391
6392
6392
6394
6395
6397
6397
6400
6400
6401
6404
6404
6405
6409
6412
6415
6419
6420
6421
6423
6425
6426
6426
6427
6428
6431
6431
6431
6434
6435
6435
6436
6436
6438
6439
6439
6440
6441
6442
6442
6443
6447
6448
6449
6450
6451
6451
6452
6454
6454
6454
6457
6461
6461
6463
6464
6465
6465
6465
6468
6468
6469
6469
6470
6470
6470
6470
6471
6472
6474
6474
6476
6477
6483
6484
6484
6485
6485
6486
6487
6488
6489
6492
6492
6494
6495
6495
6498
6499
6500
6502
6502
6502
6504
6509
6512
6513
6513
6514
6515
6517
6517
6517
6519
6520
6521
6521
6521
6522
6525
6525
6526
6527
6527
6529
6530
6534
6535
6535
6536
6537
6537
6537
6537
6542
6544
6544
6549
6549
6550
6550
6552
6553
6554
6554
6554
6555
6555
6556
6556
6557
6558
6559
6561
6562
6563
6563
6564
6565
6566
6566
6567
6569
6570
6571
6572
6573
6574
6575
6577
6577
6577
6582
6583
6585
6586
6587
6588
6588
6588
6589
6589
6591
6591
6593
6593
6594
6594
6599
6600
6600
6603
6603
6603
6606
6606
6610
6612
6613
6615
6616
6616
6616
6616
6616
6621
6621
6622
6623
6627
6628
6628
6628
6629
6630
6630
6633
6637
6638
6638
6638
6639
6641
6641
6641
6641
6642
6642
6643
6643
6643
6645
6645
6645
6645
6646
6646
6646
6646
6647
6650
6651
6653
6656
6657
6657
6661
6661
6662
6664
6665
6666
6666
6667
6668
6669
6671
6671
6673
6680
6681
6681
6681
6682
6682
6685
6689
6689
6690
6692
6692
6693
6693
6694
6695
6696
6698
6701
6702
6702
6702
6703
6704
6704
6704
6707
6709
6709
6710
6710
6711
6712
6712
6713
6713
6717
6718
6718
6718
6722
6722
6724
6724
6728
6729
6731
6733
6736
6736
6737
6738
6738
6738
6740
6741
6741
6743
6744
6744
6744
6746
6747
6747
6748
6748
6748
6749
6750
6751
6751
6752
6752
6754
6754
6754
6756
6757
6758
6758
6759
6759
6759
6760
6762
6765
6767
6769
6772
6772
6773
6773
6773
6774
6774
6774
6775
6776
6779
6782
6782
6784
6784
6785
6786
6787
6787
6788
6789
6790
6792
6792
6793
6793
6794
6796
6796
6796
6797
6797
6797
6802
6802
6803
6805
6806
6809
6809
6811
6812
6813
6813
6813
6817
6817
6818
6821
6821
6824
6826
6826
6826
6828
6829
6832
6832
6832
6834
6834
6836
6837
6838
6839
6841
6842
6842
6842
6843
6843
6844
6845
6847
6848
6848
6850
6853
6854
6854
6854
6857
6857
6860
6860
6863
6864
6864
6864
6865
6866
6866
6866
6867
6867
6868
6868
6868
6869
6869
6871
6871
6873
6874
6874
6875
6876
6877
6877
6878
6879
6879
6879
6879
6879
6880
6882
6883
6884
6885
6888
6889
6889
6892
6892
6893
6893
6894
6896
6897
6900
6901
6901
6901
6903
6904
6906
6908
6909
6909
6911
6911
6911
6912
6912
6914
6915
6916
6916
6918
6918
6918
6919
6921
6922
6926
6928
6929
6930
6930
6932
6932
6932
6932
6932
6934
6934
6936
6937
6940
6942
6943
6943
6944
6944
6945
6947
6948
6948
6955
6956
6956
6957
6957
6957
6958
6959
6960
6961
6961
6963
6965
6966
6967
6967
6968
6970
6970
6971
6971
6971
6971
6972
6972
6973
6973
6974
6976
6976
6978
6979
6979
6979
6979
6980
6981
6982
6982
6982
6986
6989
6990
6991
6992
6993
6993
6994
6996
6998
7000
7000
7002
7004
7004
7004
7005
7005
7006
7007
7008
7008
7009
7009
7010
7010
7014
7014
7015
7015
7016
7017
7017
7019
7019
7022
7022
7024
7028
7028
7030
7030
7032
7032
7037
7039
7040
7041
7041
7041
7042
7042
7043
7046
7046
7047
7047
7047
7049
7049
7050
7050
7051
7053
7054
7055
7057
7058
7059
7059
7059
7060
7060
7061
7062
7063
7063
7064
7064
7067
7069
7070
7072
7076
7076
7077
7077
7078
7078
7079
7080
7081
7081
7082
7082
7082
7084
7087
7090
7090
7091
7092
7098
7101
7101
7101
7102
7102
7103
7105
7106
7107
7109
7110
7111
7111
7112
7112
7113
7114
7115
7116
7117
7118
7119
7120
7121
7121
7122
7122
7122
7124
7125
7126
7126
7126
7128
7129
7129
7129
7130
7132
7132
7133
7136
7136
7138
7138
7139
7139
7142
7142
7143
7144
7144
7146
7149
7150
7153
7153
7153
7153
7154
7156
7156
7156
7157
7159
7160
7160
7162
7164
7166
7167
7168
7168
7168
7169
7170
7170
7171
7172
7172
7172
7177
7177
7177
7180
7181
7182
7182
7183
7183
7184
7184
7184
7184
7185
7186
7186
7186
7188
7188
7189
7189
7189
7191
7191
7191
7195
7198
7198
7198
7201
7202
7202
7205
7206
7206
7210
7212
7216
7216
7217
7217
7218
7218
7219
7220
7222
7223
7223
7226
7227
7229
7229
7230
7230
7230
7233
7234
7236
7237
7240
7240
7241
7241
7242
7243
7244
7245
7246
7247
7247
7247
7247
7250
7251
7255
7255
7255
7256
7256
7257
7257
7258
7259
7259
7261
7262
7266
7267
7267
7267
7269
7269
7270
7270
7270
7271
7271
7272
7274
7274
7274
7275
7277
7277
7278
7279
7280
7280
7283
7284
7284
7288
7288
7288
7288
7289
7290
7290
7290
7291
7291
7292
7295
7296
7298
7298
7298
7300
7301
7301
7301
7302
7302
7303
7305
7306
7306
7310
7311
7312
7313
7314
7314
7315
7317
7319
7320
7322
7322
7322
7323
7324
7324
7326
7326
7327
7328
7329
7330
7331
7333
7335
7340
7340
7341
7342
7344
7346
7350
7350
7352
7353
7353
7356
7357
7357
7360
7361
7362
7364
7365
7365
7367
7369
7370
7372
7372
7373
7373
7377
7378
7380
7382
7386
7387
7387
7388
7388
7389
7389
7391
7393
7394
7394
7395
7395
7396
7396
7399
7400
7400
7401
7402
7402
7403
7403
7404
7406
7407
7408
7410
7410
7410
7411
7412
7412
7413
7413
7413
7414
7416
7416
7417
7420
7422
7423
7423
7425
7425
7426
7429
7430
7430
7432
7433
7434
7436
7436
7438
7439
7439
7440
7441
7442
7442
7443
7446
7447
7447
7448
7448
7448
7450
7453
7454
7456
7456
7456
7457
7459
7459
7460
7461
7464
7468
7468
7468
7471
7471
7474
7475
7476
7477
7478
7479
7479
7481
7482
7482
7483
7484
7484
7485
7488
7488
7489
7489
7490
7491
7491
7492
7494
7497
7499
7500
7501
7502
7503
7505
7506
7507
7507
7509
7509
7512
7513
7514
7516
7517
7520
7521
7521
7523
7526
7527
7528
7528
7528
7528
7529
7529
7531
7532
7533
7534
7538
7539
7539
7539
7540
7541
7541
7541
7541
7543
7543
7545
7546
7547
7547
7548
7548
7550
7553
7553
7553
7557
7557
7557
7558
7559
7561
7561
7562
7562
7562
7563
7564
7565
7565
7566
7568
7568
7570
7573
7574
7574
7575
7575
7575
7576
7576
7577
7578
7579
7580
7582
7585
7585
7588
7589
7590
7590
7591
7591
7594
7595
7595
7596
7596
7596
7598
7598
7599
7599
7601
7601
7601
7601
7606
7606
7606
7607
7608
7610
7610
7610
7612
7613
7614
7615
7616
7620
7620
7620
7620
7621
7621
7622
7623
7624
7624
7624
7625
7626
7626
7628
7629
7630
7630
7630
7630
7630
7631
7631
7631
7633
7634
7634
7635
7636
7638
7638
7639
7639
7640
7640
7641
7643
7646
7647
7648
7649
7650
7652
7656
7657
7657
7657
7661
7661
7661
7661
7662
7662
7663
7664
7664
7664
7667
7668
7669
7670
7670
7671
7672
7672
7673
7674
7675
7676
7679
7679
7679
7679
7682
7683
7683
7683
7685
7689
7689
7689
7689
7691
7691
7692
7694
7696
7697
7699
7700
7700
7700
7700
7700
7702
7702
7704
7706
7707
7708
7709
7711
7711
7711
7712
7714
7719
7722
7723
7726
7726
7727
7728
7729
7730
7730
7731
7732
7733
7733
7734
7734
7735
7739
7739
7743
7743
7744
7745
7747
7747
7749
7751
7752
7752
7755
7755
7755
7756
7759
7765
7765
7765
7765
7767
7768
7769
7769
7771
7771
7771
7772
7774
7774
7775
7775
7777
7777
7778
7778
7779
7779
7780
7781
7781
7781
7782
7783
7785
7785
7785
7787
7787
7788
7790
7790
7791
7792
7793
7795
7796
7797
7798
7799
7801
7801
7801
7802
7802
7802
7803
7803
7807
7808
7808
7809
7811
7812
7812
7813
7814
7814
7815
7815
7816
7816
7819
7820
7820
7823
7823
7823
7824
7824
7825
7825
7825
7828
7829
7830
7830
7830
7831
7833
7834
7834
7835
7836
7837
7839
7840
7842
7843
7843
7844
7845
7846
7846
7847
7848
7851
7852
7852
7854
7855
7857
7857
7857
7857
7858
7859
7862
7862
7862
7863
7864
7866
7868
7870
7872
7872
7873
7874
7874
7874
7875
7880
7880
7881
7881
7882
7882
7883
7886
7888
7888
7888
7892
7892
7893
7895
7895
7897
7897
7897
7897
7898
7898
7899
7899
7900
7901
7901
7901
7902
7902
7905
7905
7905
7905
7906
7906
7906
7907
7907
7912
7913
7915
7915
7916
7917
7919
7921
7922
7923
7923
7925
7926
7926
7927
7928
7930
7930
7931
7932
7933
7936
7938
7940
7940
7940
7941
7941
7942
7943
7943
7945
7945
7946
7947
7947
7947
7949
7950
7950
7951
7951
7952
7953
7953
7954
7954
7954
7955
7957
7958
7960
7961
7962
7963
7965
7965
7966
7966
7967
7967
7967
7970
7972
7972
7973
7979
7980
7980
7981
7982
7982
7983
7983
7983
7984
7984
7988
7988
7991
7991
7994
7996
7998
7999
8002
8002
8004
8005
8006
8006
8006
8008
8010
8013
8013
8014
8015
8019
8021
8022
8022
8022
8023
8025
8027
8027
8028
8030
8031
8032
8033
8034
8038
8039
8040
8041
8041
8042
8043
8043
8044
8044
8045
8045
8046
8047
8048
8049
8052
8053
8053
8057
8058
8058
8060
8060
8061
8061
8062
8063
8063
8064
8066
8066
8067
8067
8068
8069
8071
8072
8073
8073
8073
8075
8077
8078
8081
8081
8083
8083
8085
8085
8085
8086
8087
8090
8090
8090
8092
8094
8094
8095
8096
8097
8098
8099
8100
8100
8100
8101
8102
8102
8103
8104
8104
8106
8108
8108
8111
8112
8113
8113
8113
8115
8116
8116
8116
8116
8117
8119
8121
8123
8123
8123
8123
8123
8126
8126
8127
8127
8128
8129
8130
8132
8132
8132
8135
8135
8138
8139
8139
8139
8140
8141
8141
8141
8144
8144
8145
8148
8148
8151
8152
8153
8153
8153
8155
8159
8160
8161
8162
8163
8163
8166
8168
8168
8170
8171
8171
8172
8173
8173
8173
8173
8174
8174
8177
8177
8178
8179
8179
8179
8180
8180
8180
8180
8182
8183
8183
8184
8185
8187
8190
8191
8192
8193
8194
8194
8195
8196
8196
8197
8199
8200
8201
8205
8205
8206
8207
8208
8209
8210
8211
8213
8213
8213
8215
8216
8218
8219
8220
8220
8225
8226
8226
8227
8228
8229
8231
8234
8235
8235
8235
8235
8236
8236
8237
8238
8239
8240
8241
8241
8242
8243
8243
8245
8245
8246
8247
8247
8248
8250
8251
8251
8251
8251
8253
8257
8257
8258
8258
8259
8260
8261
8263
8263
8263
8266
8266
8268
8268
8268
8268
8269
8270
8271
8272
8273
8273
8273
8276
8276
8277
8277
8280
8283
8285
8285
8286
8286
8286
8288
8289
8291
8291
8292
8295
8297
8301
8301
8301
8302
8303
8303
8303
8304
8305
8305
8305
8309
8309
8310
8312
8313
8314
8315
8315
8315
8315
8316
8316
8319
8320
8321
8321
8324
8325
8325
8326
8326
8327
8327
8327
8328
8330
8332
8334
8334
8338
8341
8342
8343
8343
8345
8345
8348
8349
8349
8350
8352
8354
8354
8356
8359
8361
8362
8363
8364
8364
8365
8365
8365
8366
8366
8369
8370
8371
8372
8374
8375
8377
8377
8378
8378
8379
8379
8380
8381
8381
8382
8383
8384
8385
8386
8386
8387
8388
8388
8388
8388
8389
8390
8392
8393
8393
8393
8395
8395
8396
8396
8396
8397
8398
8405
8405
8407
8407
8408
8408
8409
8410
8411
8412
8414
8415
8416
8417
8417
8418
8419
8421
8422
8423
8424
8424
8425
8426
8427
8427
8427
8428
8429
8430
8437
8438
8438
8439
8439
8440
8440
8441
8442
8444
8444
8445
8445
8448
8448
8449
8449
8449
8449
8450
8450
8453
8454
8457
8459
8462
8462
8464
8468
8468
8470
8472
8472
8472
8474
8475
8477
8478
8478
8479
8482
8482
8485
8485
8485
8487
8489
8489
8490
8490
8491
8491
8494
8496
8496
8499
8500
8500
8502
8502
8503
8503
8505
8505
8506
8507
8507
8508
8509
8511
8512
8512
8513
8513
8514
8515
8516
8517
8518
8519
8521
8521
8521
8523
8524
8526
8526
8528
8529
8529
8529
8529
8529
8530
8533
8533
8535
8536
8541
8541
8543
8544
8545
8546
8548
8551
8553
8556
8557
8557
8558
8558
8562
8562
8566
8566
8571
8571
8572
8573
8573
8574
8574
8577
8578
8578
8579
8579
8579
8580
8581
8584
8584
8584
8587
8587
8587
8587
8591
8591
8592
8593
8593
8593
8594
8595
8595
8601
8601
8602
8602
8603
8603
8604
8604
8606
8608
8609
8609
8610
8611
8611
8613
8616
8618
8619
8622
8622
8622
8624
8624
8624
8625
8626
8626
8627
8628
8628
8629
8629
8630
8630
8634
8634
8635
8637
8638
8639
8641
8641
8641
8642
8643
8644
8646
8649
8649
8651
8652
8653
8653
8654
8655
8655
8657
8658
8658
8658
8660
8661
8662
8662
8663
8663
8666
8669
8669
8671
8672
8672
8674
8676
8676
8677
8679
8680
8681
8682
8683
8683
8685
8687
8687
8688
8690
8690
8694
8694
8695
8696
8697
8698
8698
8698
8701
8703
8703
8704
8705
8708
8708
8710
8711
8712
8713
8714
8716
8718
8719
8719
8721
8721
8722
8723
8723
8725
8727
8728
8729
8729
8731
8733
8734
8734
8735
8735
8735
8736
8736
8736
8736
8737
8743
8744
8745
8746
8747
8747
8747
8748
8748
8749
8754
8754
8755
8757
8759
8761
8762
8762
8763
8764
8767
8773
8775
8776
8776
8777
8778
8778
8780
8781
8783
8783
8786
8788
8788
8789
8790
8791
8792
8794
8795
8795
8797
8798
8798
8798
8798
8798
8799
8799
8800
8801
8802
8802
8802
8804
8805
8809
8810
8810
8811
8811
8812
8812
8813
8813
8817
8821
8821
8824
8825
8825
8829
8832
8833
8833
8833
8833
8834
8835
8836
8839
8839
8839
8840
8842
8843
8844
8844
8845
8845
8846
8846
8847
8848
8848
8851
8856
8857
8858
8858
8859
8860
8861
8861
8861
8864
8866
8867
8867
8867
8867
8868
8869
8870
8870
8870
8871
8871
8873
8874
8874
8874
8875
8877
8878
8880
8880
8881
8881
8881
8881
8882
8883
8885
8886
8889
8893
8894
8894
8894
8896
8898
8900
8902
8902
8904
8905
8906
8907
8908
8908
8909
8909
8909
8910
8912
8914
8915
8916
8917
8920
8920
8923
8924
8924
8925
8928
8929
8930
8931
8931
8932
8932
8933
8933
8935
8935
8935
8936
8936
8937
8939
8940
8941
8942
8944
8945
8946
8948
8948
8948
8948
8949
8951
8951
8951
8953
8959
8963
8963
8964
8965
8966
8968
8968
8968
8969
8972
8973
8975
8976
8976
8977
8978
8978
8981
8982
8983
8984
8985
8986
8987
8988
8988
8989
8992
8994
8994
8995
8996
8997
8997
8998
8998
8999
9000
9003
9004
9006
9008
9008
9009
9010
9012
9012
9012
9013
9016
9016
9017
9017
9017
9017
9018
9018
9022
9023
9023
9024
9025
9026
9027
9027
9030
9031
9032
9033
9034
9034
9034
9035
9036
9036
9037
9038
9039
9040
9041
9042
9044
9044
9045
9045
9045
9047
9047
9047
9048
9049
9049
9049
9051
9051
9052
9052
9055
9055
9057
9058
9058
9059
9060
9062
9062
9062
9063
9064
9066
9067
9067
9071
9071
9073
9073
9074
9075
9075
9080
9080
9080
9084
9086
9087
9087
9088
9090
9091
9092
9093
9094
9096
9096
9096
9098
9098
9098
9100
9104
9105
9107
9107
9107
9107
9108
9108
9109
9110
9110
9110
9110
9111
9111
9112
9113
9113
9114
9114
9115
9116
9117
9119
9120
9122
9127
9127
9129
9129
9133
9134
9134
9135
9137
9138
9139
9140
9142
9146
9147
9149
9154
9155
9155
9156
9157
9157
9157
9157
9159
9159
9159
9160
9164
9164
9164
9165
9167
9167
9169
9169
9170
9172
9172
9172
9173
9173
9173
9174
9175
9175
9175
9175
9176
9176
9177
9177
9178
9178
9179
9179
9179
9180
9180
9180
9182
9183
9185
9185
9186
9187
9187
9188
9188
9189
9189
9190
9191
9191
9192
9192
9192
9198
9200
9200
9200
9200
9201
9201
9201
9203
9203
9204
9204
9204
9205
9205
9206
9207
9211
9212
9212
9215
9219
9219
9222
9222
9222
9223
9224
9224
9226
9227
9227
9227
9229
9229
9230
9231
9231
9232
9232
9232
9233
9236
9237
9238
9239
9240
9240
9241
9241
9241
9242
9243
9244
9244
9244
9245
9246
9246
9247
9249
9250
9250
9250
9252
9253
9254
9257
9259
9261
9261
9262
9264
9264
9265
9266
9266
9268
9269
9269
9270
9271
9273
9273
9273
9273
9273
9273
9274
9274
9275
9277
9280
9281
9281
9282
9284
9285
9285
9285
9286
9286
9287
9288
9288
9288
9288
9290
9290
9291
9291
9291
9293
9293
9296
9296
9298
9298
9298
9298
9299
9299
9299
9303
9304
9304
9305
9306
9306
9307
9310
9315
9315
9316
9317
9318
9319
9319
9319
9320
9321
9322
9322
9325
9325
9325
9326
9327
9327
9327
9328
9329
9330
9331
9335
9337
9338
9338
9339
9339
9340
9342
9343
9343
9343
9344
9344
9344
9344
9346
9346
9347
9350
9351
9351
9352
9352
9352
9353
9354
9354
9355
9355
9356
9358
9360
9361
9363
9364
9367
9368
9372
9374
9374
9376
9381
9381
9382
9382
9383
9384
9386
9389
9389
9390
9390
9392
9393
9395
9396
9397
9397
9399
9400
9400
9401
9401
9401
9404
9405
9410
9411
9416
9416
9417
9418
9418
9423
9423
9424
9425
9426
9426
9426
9427
9428
9430
9431
9433
9434
9435
9437
9440
9441
9442
9442
9442
9443
9444
9444
9445
9448
9448
9449
9449
9450
9451
9453
9454
9454
9455
9455
9455
9458
9459
9460
9463
9465
9465
9466
9467
9468
9468
9469
9470
9470
9473
9473
9475
9477
9478
9478
9478
9479
9480
9480
9480
9482
9482
9485
9486
9490
9491
9492
9492
9493
9493
9493
9494
9494
9497
9497
9498
9499
9499
9499
9500
9502
9502
9503
9505
9505
9506
9507
9507
9508
9508
9509
9512
9513
9514
9514
9516
9516
9517
9518
9520
9520
9521
9521
9521
9521
9521
9521
9522
9523
9527
9527
9528
9528
9528
9528
9528
9529
9529
9532
9532
9533
9533
9534
9534
9535
9535
9537
9538
9539
9539
9540
9542
9543
9544
9545
9547
9547
9550
9550
9550
9551
9552
9552
9552
9552
9552
9554
9554
9556
9557
9557
9557
9558
9559
9559
9560
9560
9561
9563
9565
9566
9567
9567
9569
9571
9572
9573
9576
9576
9576
9576
9579
9580
9580
9585
9587
9587
9588
9588
9589
9589
9590
9591
9591
9592
9592
9592
9592
9593
9594
9596
9598
9598
9599
9601
9601
9603
9604
9605
9605
9607
9608
9608
9608
9608
9608
9609
9611
9611
9613
9613
9614
9615
9615
9616
9617
9618
9618
9619
9622
9626
9628
9629
9631
9633
9633
9634
9636
9639
9640
9640
9641
9641
9641
9642
9642
9645
9646
9648
9648
9650
9650
9655
9656
9658
9658
9658
9659
9659
9660
9660
9662
9662
9662
9664
9664
9664
9664
9666
9668
9670
9670
9671
9672
9677
9681
9681
9682
9683
9683
9683
9684
9684
9685
9688
9688
9690
9690
9691
9692
9693
9693
9694
9695
9695
9697
9698
9699
9699
9700
9700
9702
9702
9702
9703
9704
9705
9708
9708
9708
9708
9709
9709
9711
9711
9712
9712
9712
9713
9713
9715
9715
9715
9716
9716
9716
9718
9719
9719
9720
9720
9721
9721
9721
9721
9724
9725
9727
9728
9728
9729
9729
9731
9732
9732
9733
9733
9735
9736
9736
9739
9740
9740
9741
9741
9743
9745
9746
9747
9749
9750
9750
9750
9755
9755
9757
9758
9759
9760
9761
9764
9764
9765
9765
9767
9767
9768
9769
9771
9775
9775
9776
9776
9776
9777
9779
9780
9781
9781
9782
9786
9786
9786
9786
9787
9787
9787
9788
9789
9790
9794
9795
9796
9796
9797
9798
9798
9801
9802
9803
9803
9804
9804
9804
9806
9807
9807
9808
9808
9809
9810
9811
9812
9812
9813
9814
9814
9819
9820
9821
9822
9823
9825
9825
9825
9826
9826
9827
9827
9827
9829
9830
9830
9831
9832
9833
9834
9835
9835
9835
9837
9837
9838
9838
9839
9840
9840
9841
9842
9843
9843
9843
9846
9846
9847
9848
9848
9848
9848
9849
9853
9853
9854
9858
9860
9861
9863
9863
9864
9864
9865
9867
9868
9869
9869
9870
9870
9871
9872
9873
9876
9876
9877
9879
9879
9879
9880
9880
9882
9884
9884
9884
9886
9887
9888
9889
9889
9890
9890
9891
9892
9894
9896
9898
9899
9900
9900
9900
9900
9901
9904
9905
9906
9908
9909
9910
9911
9911
9913
9913
9913
9914
9916
9921
9922
9922
9924
9924
9925
9925
9928
9930
9931
9931
9932
9933
9934
9935
9935
9936
9936
9936
9937
9938
9938
9938
9938
9938
9942
9943
9944
9944
9947
9948
9948
9949
9949
9951
9951
9953
9955
9956
9957
9959
9960
9961
9961
9962
9963
9963
9964
9964
9968
9970
9970
9971
9972
9974
9974
9974
9974
9975
9977
9977
9979
9982
9982
9984
9984
9984
9985
9987
9987
9988
9988
9989
9991
9993
9996
