0
0
0
0
1
2
5
6
8
11
11
13
13
16
18
18
19
21
22
22
23
28
29
29
30
31
33
36
37
38
38
41
44
45
46
47
48
48
49
49
50
50
52
53
53
53
54
54
54
54
56
56
60
62
62
62
62
65
65
67
68
72
72
72
72
73
73
73
73
76
78
79
81
81
82
82
82
84
85
85
85
85
86
88
89
90
92
92
97
98
99
99
99
100
100
102
104
105
105
106
107
107
108
108
110
110
112
112
114
114
114
115
116
118
119
119
119
119
121
126
128
128
129
130
134
135
136
137
137
138
139
140
141
142
142
142
144
144
144
145
145
146
146
146
147
149
149
151
154
154
154
158
160
162
163
166
166
170
170
171
175
176
176
178
179
179
180
182
184
185
185
186
187
189
189
189
189
191
192
192
195
196
196
197
198
198
198
201
204
205
205
206
207
208
210
212
212
212
213
213
214
214
217
217
218
220
220
220
223
225
226
227
230
231
234
237
237
238
238
240
241
241
241
243
243
243
247
249
250
250
251
251
251
252
253
257
259
259
260
261
262
262
263
263
265
265
267
271
271
271
272
273
273
274
275
276
277
284
284
287
288
290
291
291
291
292
292
292
293
294
296
297
300
300
301
301
302
305
307
307
307
308
309
310
311
311
313
314
316
317
318
321
321
323
324
324
325
325
325
326
327
327
329
329
330
331
334
335
335
336
336
338
338
341
341
344
346
347
348
348
349
350
356
357
357
358
359
362
363
364
365
366
366
368
368
368
372
372
373
373
374
374
375
378
378
378
386
386
387
388
388
388
389
389
389
390
391
391
392
392
392
393
395
395
396
397
397
397
398
398
399
399
402
402
402
405
405
405
406
407
407
408
410
410
410
411
411
412
413
414
414
415
416
416
417
417
418
418
419
420
422
423
424
424
426
427
430
431
431
432
433
434
435
437
438
439
440
440
440
441
443
443
444
445
445
446
447
447
448
448
449
449
451
452
452
452
455
456
461
463
463
465
466
466
467
468
469
469
469
471
472
475
475
476
476
483
484
490
491
493
495
495
496
497
498
498
499
500
500
502
502
503
504
505
505
506
506
509
509
509
512
514
517
518
522
523
524
525
525
527
528
528
528
528
530
531
532
533
536
539
539
540
540
546
547
547
549
549
550
552
553
553
553
554
557
557
558
560
565
567
568
569
569
570
571
571
572
574
574
575
575
578
578
579
580
580
581
582
583
583
586
587
591
591
592
595
596
597
597
598
598
600
601
603
604
605
608
611
611
611
613
613
616
616
618
618
619
620
620
620
621
622
626
628
631
631
634
636
638
641
642
642
644
645
646
646
646
647
647
650
650
651
651
654
654
660
661
661
661
662
663
664
665
667
667
667
668
669
669
675
678
679
679
681
681
682
685
686
686
686
686
687
688
693
693
693
695
696
696
698
700
702
702
702
704
704
705
707
708
708
709
710
711
714
715
717
718
718
718
720
720
723
723
724
724
724
726
726
727
727
734
734
734
735
736
737
737
738
740
744
744
748
749
749
751
751
752
752
752
753
753
754
755
755
757
757
758
758
759
759
759
762
762
765
765
766
768
769
770
773
774
774
775
775
779
782
782
783
783
785
785
786
786
787
790
790
792
792
792
795
795
796
796
796
797
797
798
799
801
805
806
806
806
808
809
810
810
811
811
813
814
815
816
818
819
820
820
820
820
821
822
825
826
826
826
827
827
829
832
832
834
834
837
837
839
840
841
842
842
842
843
843
843
844
845
846
847
848
851
852
853
853
855
857
857
859
859
859
861
861
861
862
863
863
864
865
866
866
869
870
871
872
873
873
873
873
874
875
876
876
877
878
878
878
879
879
880
881
882
883
883
886
886
888
891
893
893
894
894
896
897
897
897
899
899
899
900
904
905
908
908
909
910
911
911
911
911
912
915
917
920
920
924
925
925
925
928
929
929
929
930
931
933
933
933
934
935
937
940
940
943
946
948
950
950
951
954
955
956
956
957
957
957
957
959
959
960
961
961
962
966
967
967
968
969
969
970
974
974
975
975
975
975
977
980
983
985
986
986
986
988
988
989
991
991
991
992
992
994
994
994
996
996
996
997
998
1002
1003
1004
1006
1006
1006
1008
1011
1012
1013
1014
1014
1016
1016
1017
1018
1018
1018
1019
1019
1019
1020
1021
1021
1022
1023
1023
1026
1027
1028
1028
1029
1029
1030
1031
1032
1032
1035
1035
1036
1038
1039
1040
1040
1042
1042
1043
1049
1049
1050
1052
1052
1053
1053
1055
1056
1056
1058
1059
1060
1060
1061
1061
1061
1061
1061
1062
1062
1062
1062
1062
1063
1064
1067
1070
1070
1071
1073
1073
1074
1075
1075
1076
1076
1077
1079
1081
1085
1086
1086
1087
1091
1094
1096
1096
1096
1097
1100
1101
1102
1103
1103
1104
1104
1106
1107
1107
1109
1111
1113
1113
1114
1120
1121
1122
1122
1122
1123
1125
1125
1126
1128
1128
1129
1132
1133
1133
1133
1133
1137
1137
1138
1138
1139
1139
1140
1141
1141
1141
1142
1142
1143
1144
1144
1145
1146
1147
1147
1148
1149
1151
1153
1153
1154
1155
1155
1156
1156
1157
1158
1158
1159
1160
1161
1162
1162
1163
1163
1165
1167
1167
1168
1168
1169
1172
1172
1173
1173
1176
1176
1178
1180
1181
1181
1182
1183
1184
1184
1187
1188
1188
1189
1190
1190
1192
1192
1192
1193
1194
1198
1200
1201
1202
1203
1203
1203
1204
1205
1205
1206
1209
1210
1210
1211
1211
1212
1213
1215
1215
1217
1217
1217
1218
1218
1219
1220
1220
1220
1221
1223
1226
1226
1227
1228
1229
1229
1230
1230
1230
1233
1234
1235
1236
1236
1236
1239
1241
1242
1243
1244
1247
1248
1248
1248
1248
1250
1251
1251
1251
1251
1251
1252
1252
1252
1252
1252
1253
1254
1256
1257
1257
1259
1262
1264
1265
1265
1266
1266
1266
1267
1267
1268
1270
1271
1271
1271
1272
1273
1275
1275
1277
1277
1281
1281
1282
1285
1286
1287
1288
1291
1292
1293
1294
1295
1295
1296
1296
1297
1297
1298
1298
1300
1303
1303
1304
1305
1307
1307
1309
1309
1309
1309
1310
1312
1315
1318
1318
1319
1322
1323
1324
1324
1327
1327
1327
1327
1332
1333
1333
1336
1337
1338
1339
1339
1339
1340
1342
1343
1344
1344
1345
1345
1346
1346
1347
1348
1350
1351
1352
1353
1354
1355
1355
1356
1356
1356
1357
1358
1359
1359
1360
1360
1361
1362
1362
1362
1363
1365
1366
1368
1369
1369
1370
1370
1371
1372
1374
1374
1374
1374
1377
1378
1378
1379
1379
1379
1386
1386
1387
1388
1388
1392
1394
1396
1397
1397
1398
1399
1403
1406
1406
1407
1409
1409
1410
1410
1412
1412
1413
1414
1414
1414
1415
1418
1418
1419
1419
1419
1420
1421
1422
1422
1423
1423
1424
1424
1425
1425
1429
1429
1429
1430
1430
1430
1431
1432
1434
1435
1435
1435
1437
1440
1442
1442
1442
1443
1444
1448
1448
1448
1448
1448
1450
1450
1451
1451
1451
1451
1452
1452
1452
1453
1453
1455
1456
1456
1456
1456
1456
1457
1458
1458
1458
1462
1466
1467
1467
1467
1468
1468
1469
1470
1470
1472
1474
1474
1474
1475
1475
1475
1476
1477
1478
1479
1480
1480
1481
1481
1484
1484
1485
1486
1487
1488
1488
1489
1490
1490
1491
1493
1494
1498
1498
1499
1499
1502
1502
1502
1502
1503
1504
1504
1504
1504
1504
1505
1506
1507
1509
1509
1511
1511
1512
1513
1514
1515
1517
1517
1517
1518
1519
1520
1520
1522
1522
1523
1524
1525
1527
1529
1529
1531
1532
1533
1533
1534
1535
1536
1536
1538
1538
1538
1540
1540
1542
1542
1542
1545
1546
1550
1551
1551
1551
1551
1551
1552
1553
1553
1553
1554
1556
1556
1556
1556
1557
1557
1559
1559
1560
1560
1560
1561
1562
1562
1563
1563
1563
1564
1564
1564
1565
1565
1566
1566
1566
1568
1568
1571
1571
1571
1571
1572
1573
1573
1574
1577
1577
1582
1582
1583
1584
1587
1587
1588
1589
1590
1590
1590
1594
1594
1598
1598
1601
1602
1603
1604
1604
1605
1606
1606
1607
1607
1608
1608
1610
1610
1611
1611
1614
1616
1617
1617
1617
1618
1619
1619
1620
1621
1622
1624
1625
1625
1626
1629
1629
1630
1630
1630
1631
1633
1633
1636
1636
1636
1637
1639
1639
1640
1642
1646
1648
1649
1650
1651
1651
1652
1652
1652
1653
1655
1655
1655
1659
1660
1660
1660
1661
1665
1666
1666
1666
1667
1667
1669
1673
1673
1673
1673
1674
1676
1678
1679
1679
1681
1682
1683
1683
1685
1685
1686
1686
1688
1693
1697
1698
1700
1702
1703
1707
1708
1708
1710
1710
1712
1713
1714
1715
1715
1716
1717
1718
1718
1719
1719
1721
1723
1724
1726
1729
1729
1733
1734
1735
1736
1739
1739
1740
1741
1742
1742
1742
1742
1743
1747
1747
1747
1750
1752
1752
1754
1755
1758
1760
1762
1762
1766
1766
1766
1767
1769
1769
1770
1771
1771
1771
1772
1773
1773
1774
1776
1777
1779
1779
1780
1780
1780
1780
1781
1783
1787
1792
1792
1793
1793
1794
1797
1797
1799
1800
1801
1801
1802
1804
1804
1805
1805
1805
1806
1811
1811
1813
1813
1813
1814
1814
1815
1815
1816
1817
1817
1817
1819
1819
1820
1822
1822
1823
1826
1829
1831
1832
1833
1834
1835
1836
1838
1839
1842
1842
1843
1845
1846
1847
1847
1847
1847
1850
1850
1850
1851
1851
1852
1855
1855
1856
1858
1859
1860
1861
1862
1864
1865
1867
1868
1868
1871
1872
1872
1873
1874
1874
1874
1875
1877
1877
1880
1883
1884
1885
1887
1888
1889
1889
1889
1890
1890
1890
1891
1892
1892
1894
1895
1895
1896
1897
1900
1902
1904
1904
1905
1905
1907
1907
1909
1910
1911
1911
1913
1913
1914
1916
1916
1917
1922
1922
1926
1927
1928
1930
1930
1930
1930
1933
1938
1938
1938
1939
1939
1939
1940
1940
1942
1942
1943
1944
1945
1946
1947
1948
1950
1951
1952
1952
1953
1953
1955
1956
1957
1958
1959
1960
1961
1963
1963
1964
1965
1966
1966
1967
1969
1971
1971
1972
1975
1975
1975
1976
1977
1977
1978
1979
1979
1980
1983
1985
1985
1986
1986
1987
1988
1988
1990
1991
1995
1996
1996
1998
1999
1999
2000
2000
2001
2002
2002
2002
2003
2003
2004
2004
2005
2005
2005
2005
2007
2008
2008
2008
2008
2009
2010
2010
2012
2014
2015
2016
2016
2017
2017
2017
2022
2022
2023
2024
2024
2027
2028
2029
2029
2030
2030
2030
2030
2031
2031
2031
2033
2034
2036
2036
2037
2037
2037
2039
2039
2040
2042
2042
2046
2046
2048
2048
2049
2051
2051
2054
2055
2055
2057
2058
2058
2058
2063
2064
2065
2065
2065
2065
2065
2065
2067
2071
2073
2073
2073
2073
2076
2077
2077
2077
2078
2078
2082
2084
2085
2085
2085
2086
2086
2086
2086
2090
2091
2091
2092
2094
2097
2098
2098
2099
2100
2100
2100
2104
2104
2105
2106
2107
2107
2108
2108
2109
2110
2111
2111
2112
2113
2115
2115
2119
2119
2121
2121
2122
2122
2123
2124
2124
2124
2126
2126
2127
2127
2130
2131
2131
2132
2132
2132
2134
2135
2135
2136
2137
2137
2137
2137
2138
2139
2141
2141
2143
2143
2144
2145
2147
2151
2153
2153
2154
2155
2158
2159
2162
2162
2163
2164
2165
2167
2168
2170
2171
2172
2172
2174
2175
2177
2177
2178
2178
2178
2178
2178
2178
2180
2180
2181
2183
2183
2183
2184
2184
2184
2185
2185
2185
2186
2186
2186
2187
2187
2189
2189
2192
2193
2193
2197
2198
2198
2200
2202
2204
2204
2205
2207
2208
2208
2209
2209
2210
2211
2211
2211
2214
2214
2216
2217
2217
2218
2219
2220
2220
2222
2222
2223
2225
2225
2226
2227
2227
2228
2228
2228
2230
2230
2230
2232
2233
2233
2236
2237
2238
2241
2241
2242
2243
2245
2245
2245
2246
2249
2249
2250
2251
2252
2253
2253
2254
2255
2257
2259
2261
2261
2261
2263
2263
2264
2266
2267
2267
2267
2269
2269
2270
2271
2272
2273
2273
2274
2276
2276
2277
2279
2280
2282
2282
2282
2283
2283
2285
2285
2285
2286
2289
2290
2290
2290
2290
2291
2291
2294
2294
2295
2299
2299
2301
2303
2306
2306
2306
2307
2307
2307
2307
2308
2308
2309
2309
2310
2310
2313
2313
2313
2313
2314
2314
2315
2315
2316
2317
2321
2322
2322
2323
2324
2324
2325
2326
2330
2331
2333
2334
2336
2337
2339
2339
2339
2340
2341
2342
2342
2343
2344
2346
2346
2347
2347
2348
2349
2350
2351
2351
2352
2353
2353
2355
2356
2356
2356
2357
2358
2359
2360
2362
2363
2364
2366
2367
2367
2370
2371
2371
2372
2373
2373
2373
2374
2374
2375
2375
2375
2376
2378
2379
2379
2379
2380
2380
2380
2380
2382
2382
2383
2385
2385
2387
2388
2388
2388
2389
2390
2390
2390
2390
2391
2391
2392
2392
2393
2394
2394
2396
2396
2397
2397
2397
2397
2397
2398
2400
2400
2401
2401
2402
2402
2404
2405
2409
2410
2410
2413
2414
2417
2417
2418
2419
2420
2422
2422
2422
2423
2423
2423
2425
2430
2430
2430
2431
2431
2431
2432
2432
2434
2435
2435
2436
2436
2436
2436
2436
2438
2438
2439
2440
2441
2441
2442
2446
2447
2448
2449
2449
2450
2452
2452
2453
2453
2454
2456
2457
2458
2460
2460
2460
2460
2461
2461
2462
2465
2466
2466
2467
2467
2469
2471
2474
2474
2474
2475
2476
2476
2477
2478
2480
2484
2486
2487
2487
2487
2488
2489
2491
2494
2494
2496
2497
2497
2497
2498
2500
2500
2501
2501
2502
2502
2502
2503
2504
2505
2506
2506
2506
2507
2507
2508
2509
2509
2510
2510
2511
2516
2518
2518
2518
2518
2521
2522
2522
2525
2526
2527
2528
2529
2529
2531
2533
2533
2533
2534
2535
2537
2537
2540
2542
2542
2542
2543
2545
2545
2546
2546
2547
2548
2548
2551
2553
2554
2557
2558
2558
2559
2560
2562
2562
2565
2566
2568
2570
2570
2571
2573
2573
2575
2575
2576
2576
2576
2578
2579
2579
2579
2581
2582
2584
2584
2585
2585
2586
2586
2587
2588
2588
2590
2590
2590
2591
2593
2593
2594
2597
2598
2599
2600
2600
2601
2603
2603
2604
2606
2607
2608
2609
2609
2612
2612
2613
2613
2613
2614
2614
2615
2615
2616
2616
2617
2617
2619
2619
2624
2626
2627
2629
2629
2629
2629
2631
2631
2633
2634
2634
2635
2635
2636
2640
2643
2643
2644
2646
2646
2646
2649
2650
2652
2652
2652
2652
2652
2653
2655
2655
2655
2657
2657
2657
2657
2657
2657
2658
2658
2659
2659
2660
2660
2662
2664
2668
2669
2673
2673
2675
2677
2678
2678
2679
2681
2682
2683
2683
2683
2684
2684
2687
2687
2688
2690
2691
2691
2692
2693
2693
2694
2695
2695
2696
2696
2698
2698
2699
2701
2701
2702
2705
2705
2705
2705
2707
2707
2707
2707
2708
2708
2709
2709
2709
2711
2711
2712
2713
2713
2714
2718
2718
2721
2723
2724
2725
2726
2726
2727
2727
2728
2731
2733
2733
2733
2733
2734
2734
2734
2736
2738
2740
2740
2740
2740
2741
2741
2743
2743
2745
2745
2748
2748
2749
2750
2750
2751
2752
2752
2754
2754
2754
2755
2756
2757
2758
2758
2759
2759
2759
2759
2761
2761
2762
2765
2765
2766
2767
2768
2769
2770
2771
2772
2774
2774
2776
2777
2778
2779
2784
2784
2784
2786
2786
2788
2789
2789
2792
2792
2792
2796
2797
2798
2799
2799
2800
2800
2800
2801
2802
2803
2804
2804
2804
2805
2807
2808
2809
2809
2810
2810
2810
2812
2813
2813
2814
2814
2814
2817
2817
2819
2820
2820
2821
2821
2824
2825
2825
2826
2827
2827
2827
2829
2830
2832
2832
2833
2834
2835
2836
2836
2837
2838
2842
2843
2844
2845
2846
2848
2848
2849
2849
2850
2850
2851
2852
2853
2854
2854
2855
2856
2857
2858
2861
2863
2863
2864
2864
2865
2865
2865
2865
2870
2872
2872
2872
2872
2873
2876
2879
2879
2880
2880
2883
2884
2885
2885
2889
2889
2889
2890
2891
2892
2893
2893
2895
2896
2896
2897
2898
2899
2900
2901
2902
2903
2905
2905
2905
2906
2907
2910
2910
2910
2913
2913
2913
2914
2914
2914
2914
2915
2915
2917
2917
2918
2922
2922
2927
2928
2928
2929
2930
2931
2933
2933
2934
2934
2935
2937
2939
2939
2940
2940
2941
2941
2942
2943
2943
2945
2946
2946
2946
2946
2950
2950
2951
2951
2951
2951
2952
2954
2955
2956
2956
2958
2960
2960
2960
2961
2962
2962
2963
2964
2964
2966
2966
2967
2972
2972
2974
2976
2976
2980
2982
2983
2984
2985
2985
2986
2986
2987
2989
2989
2989
2989
2992
2993
2993
2995
2998
2999
3001
3003
3003
3003
3003
3005
3006
3008
3008
3008
3009
3010
3010
3013
3013
3014
3014
3015
3015
3015
3016
3016
3016
3017
3017
3019
3020
3024
3024
3025
3026
3027
3027
3028
3032
3035
3036
3037
3037
3037
3039
3042
3043
3044
3045
3045
3046
3046
3047
3048
3048
3049
3049
3050
3051
3051
3052
3053
3054
3054
3057
3057
3058
3058
3058
3059
3059
3060
3060
3061
3062
3063
3063
3063
3064
3067
3070
3071
3072
3074
3076
3076
3077
3077
3078
3078
3079
3079
3079
3080
3081
3081
3081
3083
3085
3086
3086
3087
3087
3088
3089
3091
3094
3094
3094
3095
3095
3096
3099
3101
3102
3102
3105
3106
3106
3106
3110
3111
3114
3114
3114
3116
3117
3117
3118
3118
3118
3120
3122
3123
3123
3125
3126
3126
3128
3129
3129
3129
3131
3131
3133
3133
3133
3133
3135
3136
3137
3139
3140
3141
3141
3141
3142
3142
3144
3146
3146
3147
3148
3149
3150
3150
3151
3152
3153
3153
3153
3153
3153
3154
3155
3155
3156
3158
3159
3161
3164
3164
3166
3166
3167
3170
3170
3172
3174
3174
3176
3177
3178
3180
3183
3184
3184
3186
3186
3187
3187
3188
3188
3189
3189
3189
3189
3189
3190
3192
3193
3193
3193
3195
3195
3196
3196
3198
3199
3199
3200
3202
3202
3204
3205
3205
3207
3208
3208
3209
3210
3211
3216
3216
3218
3219
3219
3219
3220
3222
3223
3227
3228
3230
3230
3231
3232
3234
3238
3241
3242
3244
3244
3246
3246
3247
3248
3251
3253
3255
3256
3260
3262
3262
3263
3264
3264
3265
3265
3266
3267
3269
3270
3270
3271
3273
3273
3275
3276
3276
3276
3276
3279
3281
3281
3281
3284
3286
3289
3289
3290
3290
3290
3290
3291
3292
3294
3294
3295
3295
3295
3297
3297
3298
3299
3299
3301
3301
3302
3303
3304
3306
3307
3309
3310
3312
3312
3313
3313
3315
3315
3316
3317
3319
3320
3322
3323
3324
3325
3328
3328
3329
3329
3331
3331
3331
3332
3332
3337
3337
3339
3340
3340
3341
3341
3343
3343
3343
3344
3345
3345
3347
3347
3350
3352
3353
3355
3355
3356
3356
3357
3357
3358
3359
3360
3361
3362
3364
3364
3364
3365
3366
3368
3369
3370
3371
3372
3373
3375
3375
3375
3376
3376
3376
3376
3378
3378
3379
3379
3381
3381
3381
3381
3382
3384
3384
3385
3386
3386
3387
3387
3389
3389
3389
3391
3391
3393
3394
3394
3395
3395
3395
3396
3396
3396
3396
3397
3400
3402
3402
3404
3404
3405
3407
3410
3410
3412
3412
3412
3414
3415
3416
3417
3420
3422
3423
3423
3424
3424
3425
3425
3426
3426
3427
3430
3430
3433
3434
3435
3438
3438
3439
3440
3443
3444
3445
3446
3446
3447
3447
3448
3448
3448
3449
3453
3454
3454
3454
3456
3458
3460
3461
3462
3462
3463
3463
3463
3464
3465
3466
3467
3467
3467
3468
3469
3471
3471
3474
3475
3476
3477
3480
3481
3482
3485
3488
3489
3489
3491
3492
3492
3493
3494
3495
3497
3500
3500
3501
3502
3503
3504
3505
3506
3507
3508
3509
3510
3512
3516
3516
3516
3516
3517
3517
3517
3517
3519
3520
3520
3521
3522
3522
3522
3523
3524
3525
3527
3527
3528
3528
3528
3531
3531
3532
3532
3532
3533
3536
3537
3537
3537
3540
3542
3544
3544
3545
3546
3547
3547
3547
3548
3549
3549
3552
3553
3553
3554
3555
3555
3555
3556
3557
3557
3557
3559
3560
3562
3562
3563
3566
3566
3566
3566
3567
3568
3570
3571
3571
3572
3572
3574
3574
3574
3575
3577
3579
3579
3580
3580
3580
3580
3581
3581
3581
3582
3585
3586
3586
3589
3592
3593
3593
3593
3594
3595
3596
3596
3597
3597
3601
3602
3603
3605
3608
3608
3609
3614
3614
3615
3615
3616
3616
3617
3619
3620
3621
3623
3624
3625
3626
3626
3627
3629
3629
3634
3636
3636
3636
3637
3637
3637
3638
3638
3638
3639
3640
3640
3641
3641
3642
3642
3644
3644
3645
3646
3646
3647
3648
3648
3649
3650
3652
3653
3653
3653
3654
3654
3655
3655
3657
3658
3660
3660
3661
3665
3665
3670
3671
3671
3671
3673
3676
3676
3678
3679
3680
3682
3682
3682
3685
3686
3687
3688
3689
3691
3691
3694
3694
3695
3697
3697
3699
3699
3700
3703
3705
3707
3707
3708
3710
3712
3712
3713
3713
3715
3716
3718
3720
3720
3721
3721
3722
3724
3724
3726
3726
3727
3727
3728
3728
3729
3730
3730
3733
3734
3735
3735
3735
3736
3736
3736
3739
3739
3740
3741
3741
3742
3744
3746
3746
3748
3748
3749
3749
3753
3754
3755
3756
3758
3758
3760
3761
3761
3762
3762
3763
3764
3766
3767
3767
3768
3769
3772
3773
3774
3774
3775
3775
3775
3776
3777
3778
3781
3781
3783
3783
3783
3784
3786
3786
3786
3788
3789
3790
3791
3792
3795
3795
3795
3795
3797
3798
3799
3799
3800
3801
3801
3802
3803
3803
3805
3807
3810
3812
3813
3813
3815
3815
3816
3816
3816
3816
3816
3817
3818
3819
3820
3820
3820
3822
3822
3823
3824
3825
3829
3829
3829
3831
3832
3832
3834
3836
3837
3837
3839
3841
3842
3842
3843
3843
3843
3843
3844
3844
3844
3845
3846
3847
3848
3848
3848
3849
3849
3849
3849
3849
3850
3851
3854
3855
3856
3857
3859
3859
3859
3861
3861
3861
3863
3863
3864
3865
3865
3868
3869
3871
3872
3873
3875
3875
3876
3876
3876
3878
3878
3879
3880
3880
3882
3882
3885
3885
3887
3887
3888
3889
3889
3890
3890
3891
3895
3896
3896
3896
3896
3899
3900
3902
3902
3903
3903
3905
3905
3905
3905
3906
3909
3910
3912
3914
3914
3914
3915
3915
3916
3917
3918
3919
3919
3919
3920
3921
3922
3923
3924
3928
3929
3930
3930
3932
3933
3933
3935
3936
3936
3937
3938
3938
3938
3939
3939
3941
3941
3942
3943
3944
3946
3947
3949
3950
3951
3952
3953
3955
3955
3956
3956
3957
3959
3960
3960
3960
3962
3962
3964
3965
3966
3966
3966
3967
3969
3970
3970
3972
3973
3975
3977
3977
3978
3979
3981
3981
3982
3982
3983
3984
3985
3988
3991
3992
3992
3993
3994
3995
3995
3996
3996
3997
3998
4003
4003
4005
4006
4008
4008
4009
4012
4013
4013
4014
4015
4016
4018
4018
4019
4020
4021
4022
4024
4026
4026
4027
4028
4029
4029
4030
4031
4033
4036
4041
4041
4041
4041
4043
4043
4043
4047
4047
4047
4049
4050
4050
4051
4052
4053
4054
4054
4054
4054
4057
4058
4061
4063
4063
4064
4068
4068
4071
4073
4074
4075
4075
4075
4075
4076
4076
4076
4076
4084
4084
4084
4085
4089
4089
4090
4092
4093
4093
4094
4095
4095
4097
4099
4104
4105
4105
4106
4107
4107
4110
4110
4110
4112
4112
4112
4112
4113
4114
4115
4117
4118
4118
4119
4119
4120
4121
4122
4123
4123
4123
4124
4124
4125
4126
4127
4127
4129
4129
4129
4132
4133
4133
4135
4136
4136
4141
4142
4143
4147
4148
4149
4150
4151
4153
4153
4154
4154
4154
4154
4155
4155
4155
4156
4157
4158
4159
4159
4160
4161
4162
4164
4165
4168
4168
4168
4169
4171
4172
4175
4177
4177
4177
4177
4178
4180
4181
4183
4183
4184
4184
4185
4187
4189
4190
4190
4190
4190
4190
4191
4191
4192
4194
4195
4196
4196
4197
4197
4197
4198
4199
4200
4200
4200
4201
4202
4202
4203
4203
4207
4208
4208
4209
4209
4209
4209
4210
4212
4214
4215
4215
4215
4216
4220
4223
4224
4224
4224
4226
4226
4227
4227
4228
4230
4230
4230
4233
4234
4234
4234
4235
4237
4238
4238
4238
4239
4239
4241
4242
4242
4244
4245
4245
4246
4249
4250
4251
4252
4253
4254
4254
4255
4257
4260
4261
4262
4265
4265
4266
4266
4270
4270
4270
4271
4272
4273
4276
4277
4278
4278
4278
4279
4281
4281
4283
4284
4285
4287
4287
4290
4290
4292
4293
4296
4296
4296
4297
4299
4300
4306
4307
4308
4308
4310
4311
4312
4315
4315
4316
4317
4317
4318
4320
4321
4321
4322
4323
4324
4329
4331
4332
4333
4335
4336
4336
4337
4337
4338
4338
4339
4341
4342
4342
4342
4342
4343
4344
4344
4347
4347
4349
4351
4353
4353
4354
4354
4356
4359
4360
4360
4360
4360
4361
4361
4361
4361
4362
4363
4363
4364
4364
4365
4366
4366
4366
4367
4369
4370
4370
4371
4373
4374
4374
4375
4375
4375
4375
4375
4376
4376
4376
4377
4377
4379
4379
4380
4380
4381
4382
4382
4382
4383
4387
4388
4391
4391
4393
4394
4394
4395
4395
4397
4397
4398
4399
4400
4400
4401
4402
4402
4403
4403
4403
4403
4405
4406
4406
4411
4411
4412
4412
4413
4415
4416
4417
4418
4418
4419
4420
4421
4424
4425
4425
4426
4427
4427
4427
4429
4430
4431
4432
4433
4434
4434
4434
4438
4438
4438
4441
4441
4441
4442
4444
4444
4450
4450
4451
4454
4458
4458
4459
4459
4459
4460
4462
4462
4463
4464
4464
4464
4466
4467
4467
4468
4470
4471
4471
4472
4472
4473
4473
4473
4474
4476
4479
4479
4479
4480
4480
4483
4485
4485
4487
4489
4489
4490
4491
4491
4492
4493
4493
4493
4495
4495
4496
4497
4497
4498
4498
4499
4500
4500
4501
4502
4503
4503
4504
4507
4507
4508
4509
4510
4510
4510
4510
4510
4511
4511
4513
4513
4515
4516
4517
4520
4520
4521
4522
4524
4525
4527
4527
4528
4529
4531
4531
4532
4532
4535
4538
4539
4540
4540
4542
4544
4546
4547
4548
4551
4551
4551
4552
4555
4555
4556
4557
4557
4558
4558
4559
4559
4559
4562
4563
4564
4564
4564
4565
4565
4566
4567
4567
4569
4569
4572
4572
4573
4574
4575
4576
4576
4578
4579
4580
4583
4583
4584
4584
4584
4587
4590
4594
4596
4597
4600
4600
4600
4600
4600
4601
4601
4604
4604
4605
4605
4606
4606
4606
4609
4609
4611
4616
4618
4619
4622
4622
4622
4625
4626
4627
4627
4630
4632
4634
4634
4635
4637
4638
4639
4640
4641
4642
4642
4643
4644
4644
4644
4647
4647
4647
4649
4649
4649
4650
4650
4651
4651
4655
4657
4660
4660
4661
4661
4661
4662
4664
4667
4667
4668
4671
4671
4673
4673
4673
4674
4674
4677
4678
4678
4678
4678
4679
4679
4680
4681
4684
4686
4686
4687
4688
4688
4689
4690
4692
4692
4695
4696
4696
4697
4697
4697
4700
4700
4702
4703
4703
4703
4703
4705
4705
4707
4709
4711
4712
4712
4712
4712
4712
4713
4715
4716
4718
4718
4720
4723
4723
4724
4725
4725
4725
4727
4727
4728
4728
4729
4730
4732
4732
4739
4742
4744
4745
4745
4746
4746
4747
4749
4750
4752
4752
4754
4755
4755
4756
4758
4758
4759
4759
4759
4761
4762
4764
4767
4768
4768
4772
4772
4772
4774
4774
4776
4776
4778
4779
4779
4779
4780
4781
4784
4784
4785
4787
4788
4789
4790
4799
4800
4801
4801
4802
4802
4803
4803
4804
4805
4806
4808
4808
4809
4809
4810
4811
4813
4813
4817
4822
4823
4823
4824
4825
4825
4825
4826
4826
4827
4828
4829
4830
4831
4832
4833
4836
4837
4838
4842
4843
4843
4844
4847
4847
4850
4850
4850
4851
4854
4854
4855
4855
4856
4857
4859
4860
4860
4861
4863
4863
4869
4871
4871
4871
4871
4871
4871
4872
4873
4875
4876
4877
4878
4878
4878
4879
4880
4882
4883
4884
4885
4885
4886
4887
4887
4888
4889
4889
4889
4891
4892
4892
4893
4895
4897
4898
4898
4899
4899
4899
4900
4900
4901
4901
4902
4902
4902
4903
4903
4903
4904
4904
4905
4905
4906
4907
4910
4911
4913
4913
4915
4916
4918
4920
4920
4923
4923
4925
4925
4925
4928
4930
4932
4932
4934
4935
4936
4938
4939
4939
4939
4940
4941
4941
4941
4941
4941
4942
4945
4946
4949
4950
4951
4952
4954
4954
4955
4956
4956
4956
4956
4956
4958
4958
4958
4959
4961
4962
4962
4962
4964
4964
4966
4967
4968
4969
4970
4970
4971
4972
4974
4976
4977
4977
4978
4979
4980
4980
4982
4982
4982
4983
4985
4986
4988
4989
4990
4992
4993
4995
4995
4997
5000
5000
5000
5002
5002
5002
5003
5004
5007
5008
5008
5011
5011
5013
5015
5017
5018
5018
5018
5019
5019
5021
5022
5022
5023
5024
5024
5024
5025
5025
5026
5026
5027
5027
5028
5028
5029
5029
5030
5030
5034
5034
5035
5037
5041
5041
5041
5043
5043
5043
5045
5045
5048
5050
5050
5055
5055
5055
5055
5055
5056
5057
5058
5058
5061
5063
5064
5064
5068
5069
5070
5070
5072
5073
5075
5075
5079
5080
5080
5080
5080
5083
5084
5085
5085
5085
5086
5087
5088
5090
5090
5091
5091
5091
5092
5092
5093
5094
5094
5096
5097
5098
5098
5098
5098
5098
5101
5103
5104
5104
5105
5105
5105
5106
5107
5108
5110
5111
5111
5113
5117
5120
5120
5121
5122
5126
5126
5127
5127
5129
5129
5130
5130
5132
5134
5134
5135
5136
5137
5138
5138
5139
5140
5141
5141
5141
5146
5146
5150
5150
5151
5151
5152
5152
5157
5158
5158
5158
5160
5162
5164
5169
5171
5173
5174
5176
5176
5178
5180
5180
5180
5181
5182
5183
5184
5185
5185
5186
5188
5188
5189
5190
5190
5191
5191
5196
5197
5197
5198
5198
5200
5200
5201
5201
5201
5202
5203
5206
5206
5206
5206
5207
5208
5208
5209
5210
5211
5212
5212
5212
5213
5215
5223
5225
5227
5229
5229
5231
5233
5234
5234
5236
5239
5240
5241
5242
5244
5244
5245
5246
5247
5250
5251
5252
5254
5254
5254
5256
5256
5256
5257
5257
5257
5257
5258
5258
5258
5259
5260
5260
5262
5262
5262
5262
5263
5264
5264
5264
5264
5265
5265
5266
5266
5269
5270
5270
5272
5272
5273
5273
5274
5275
5275
5276
5277
5277
5278
5279
5279
5279
5279
5279
5280
5284
5285
5285
5286
5286
5290
5290
5292
5296
5296
5299
5301
5301
5302
5302
5302
5304
5305
5306
5306
5306
5316
5319
5320
5321
5322
5323
5323
5323
5325
5327
5327
5327
5327
5328
5329
5330
5330
5330
5331
5332
5336
5336
5337
5337
5338
5338
5340
5340
5341
5342
5342
5342
5342
5346
5348
5348
5349
5350
5352
5353
5353
5354
5357
5357
5358
5358
5358
5359
5360
5364
5364
5364
5365
5365
5366
5366
5367
5368
5369
5370
5370
5372
5374
5375
5375
5376
5376
5377
5377
5378
5378
5379
5380
5382
5385
5386
5387
5391
5391
5392
5392
5393
5393
5394
5397
5397
5398
5399
5403
5408
5409
5410
5410
5410
5411
5412
5412
5415
5416
5417
5417
5418
5419
5419
5420
5421
5422
5422
5423
5423
5424
5424
5424
5424
5425
5427
5427
5429
5430
5431
5435
5436
5437
5437
5438
5440
5441
5443
5444
5445
5446
5446
5447
5447
5451
5451
5453
5455
5455
5456
5457
5457
5457
5458
5462
5466
5466
5467
5468
5468
5469
5470
5471
5472
5474
5475
5477
5478
5478
5480
5480
5486
5488
5489
5490
5491
5497
5499
5500
5501
5502
5502
5504
5505
5506
5507
5510
5511
5512
5513
5513
5516
5520
5521
5521
5523
5524
5525
5525
5525
5526
5527
5528
5529
5531
5532
5532
5533
5534
5534
5537
5537
5538
5538
5538
5538
5538
5540
5540
5542
5542
5542
5546
5546
5548
5548
5548
5549
5549
5550
5552
5552
5553
5553
5554
5557
5558
5562
5562
5562
5562
5563
5564
5565
5565
5566
5567
5567
5569
5569
5570
5572
5573
5574
5576
5576
5577
5577
5578
5581
5581
5581
5583
5583
5584
5586
5587
5591
5591
5592
5595
5595
5596
5597
5599
5599
5599
5600
5602
5603
5603
5607
5607
5609
5610
5610
5611
5611
5612
5613
5613
5619
5620
5621
5621
5621
5624
5624
5625
5625
5626
5627
5628
5630
5631
5631
5632
5634
5634
5634
5635
5635
5637
5638
5639
5640
5640
5640
5640
5641
5642
5643
5647
5648
5650
5651
5651
5652
5653
5653
5654
5654
5655
5657
5657
5657
5660
5660
5662
5663
5667
5669
5671
5671
5672
5672
5673
5673
5674
5674
5674
5675
5676
5677
5678
5679
5680
5681
5682
5683
5683
5684
5685
5686
5687
5688
5688
5689
5692
5693
5694
5699
5699
5699
5699
5700
5702
5703
5703
5704
5704
5706
5707
5708
5709
5710
5710
5710
5711
5711
5712
5712
5713
5714
5717
5718
5719
5720
5721
5725
5728
5729
5734
5735
5736
5736
5736
5739
5739
5740
5741
5742
5744
5745
5745
5746
5749
5750
5751
5751
5752
5752
5752
5753
5753
5753
5754
5754
5756
5756
5758
5758
5758
5759
5759
5760
5761
5761
5763
5764
5766
5767
5768
5769
5770
5771
5772
5772
5773
5778
5780
5781
5782
5782
5785
5788
5791
5792
5793
5795
5797
5797
5797
5799
5799
5800
5800
5800
5802
5802
5803
5807
5809
5810
5810
5811
5812
5816
5816
5817
5817
5818
5820
5820
5821
5822
5824
5824
5827
5827
5828
5828
5830
5830
5830
5831
5833
5835
5835
5837
5837
5838
5840
5843
5844
5847
5848
5851
5854
5854
5854
5854
5857
5857
5859
5860
5860
5861
5861
5862
5862
5864
5865
5866
5867
5867
5867
5870
5870
5871
5872
5873
5875
5877
5877
5877
5878
5879
5879
5880
5881
5882
5884
5885
5885
5887
5887
5890
5890
5890
5891
5892
5893
5893
5895
5896
5896
5896
5896
5899
5899
5900
5900
5900
5903
5903
5904
5904
5905
5906
5906
5908
5908
5908
5910
5911
5913
5913
5914
5914
5915
5916
5918
5919
5919
5919
5920
5920
5923
5924
5926
5926
5927
5929
5930
5931
5932
5934
5936
5937
5937
5940
5942
5945
5945
5945
5946
5946
5947
5947
5949
5950
5950
5951
5952
5955
5956
5957
5958
5958
5958
5958
5959
5959
5963
5965
5965
5965
5965
5967
5970
5971
5972
5973
5973
5974
5974
5975
5977
5977
5978
5978
5982
5983
5983
5986
5987
5987
5988
5989
5989
5992
5993
5993
5994
5996
5997
5997
5997
5998
5998
5998
5999
6000
6000
6004
6004
6005
6005
6007
6008
6009
6009
6010
6011
6012
6014
6014
6015
6016
6017
6017
6019
6019
6020
6021
6022
6024
6024
6027
6028
6029
6031
6033
6034
6036
6037
6038
6038
6040
6040
6041
6042
6043
6043
6044
6046
6047
6048
6049
6049
6049
6050
6052
6052
6054
6055
6056
6057
6058
6060
6061
6067
6069
6070
6070
6074
6074
6074
6074
6075
6075
6076
6077
6078
6078
6078
6082
6083
6083
6084
6085
6085
6086
6086
6086
6087
6087
6089
6089
6090
6090
6090
6090
6093
6093
6093
6094
6095
6095
6095
6096
6099
6099
6099
6101
6101
6102
6102
6105
6106
6106
6108
6109
6109
6110
6112
6113
6114
6115
6115
6115
6116
6117
6117
6117
6118
6118
6122
6124
6124
6126
6127
6127
6129
6130
6131
6133
6133
6133
6134
6134
6136
6137
6138
6139
6140
6141
6142
6143
6144
6145
6145
6146
6148
6149
6149
6150
6150
6150
6151
6152
6152
6152
6153
6153
6154
6155
6158
6158
6161
6161
6162
6163
6163
6164
6165
6165
6165
6169
6170
6170
6171
6172
6172
6173
6174
6174
6174
6175
6175
6175
6176
6176
6177
6178
6179
6180
6182
6182
6183
6185
6186
6186
6186
6187
6189
6190
6193
6195
6195
6195
6196
6197
6197
6198
6199
6199
6200
6202
6202
6202
6205
6205
6206
6206
6207
6209
6211
6213
6213
6213
6213
6214
6214
6214
6217
6217
6222
6223
6223
6225
6226
6227
6227
6227
6229
6229
6231
6232
6232
6233
6235
6237
6238
6238
6238
6239
6241
6241
6243
6245
6246
6246
6247
6248
6249
6250
6251
6254
6254
6255
6256
6256
6257
6257
6258
6258
6259
6259
6260
6260
6260
6261
6261
6262
6264
6266
6268
6268
6269
6269
6271
6271
6272
6272
6273
6275
6275
6279
6281
6281
6281
6285
6285
6285
6285
6285
6286
6286
6287
6288
6288
6290
6290
6291
6292
6295
6296
6296
6296
6297
6297
6297
6298
6298
6299
6300
6302
6303
6303
6305
6307
6308
6308
6309
6312
6314
6314
6315
6315
6315
6316
6317
6318
6319
6319
6322
6328
6328
6329
6331
6335
6336
6336
6337
6337
6338
6339
6339
6340
6341
6342
6342
6342
6342
6342
6343
6344
6345
6346
6347
6347
6348
6348
6349
6349
6349
6351
6354
6355
6355
6355
6355
6355
6356
6357
6358
6360
6360
6361
6361
6362
6363
6363
6363
6364
6364
6366
6366
6367
6367
6368
6370
6370
6370
6371
6371
6373
6374
6376
6376
6379
6379
6381
6381
6381
6382
6382
6383
6383
6384
6385
6385
6386
6387
6392
6397
6398
6399
6399
6402
6402
6403
6404
6404
6406
6407
6408
6409
6409
6409
6411
6412
6413
6413
6413
6414
6414
6415
6416
6416
6417
6420
6421
6422
6425
6425
6426
6427
6428
6431
6432
6435
6437
6439
6441
6442
6444
6448
6449
6449
6453
6454
6455
6458
6459
6459
6460
6464
6467
6467
6468
6469
6472
6473
6476
6477
6478
6478
6479
6479
6481
6481
6483
6483
6483
6483
6484
6485
6486
6487
6487
6488
6488
6488
6489
6491
6491
6493
6493
6496
6496
6497
6500
6500
6500
6503
6503
6504
6504
6504
6506
6506
6506
6507
6508
6509
6510
6510
6513
6514
6514
6517
6518
6519
6520
6521
6522
6524
6524
6525
6526
6528
6528
6528
6529
6530
6530
6532
6535
6535
6536
6538
6539
6540
6542
6546
6547
6550
6551
6553
6554
6555
6557
6562
6562
6563
6563
6567
6567
6568
6569
6570
6571
6571
6572
6572
6572
6573
6575
6576
6576
6580
6586
6587
6588
6589
6589
6591
6592
6592
6592
6593
6596
6596
6596
6597
6598
6599
6601
6603
6604
6606
6608
6608
6608
6610
6610
6610
6611
6613
6615
6618
6619
6621
6621
6621
6622
6622
6623
6629
6632
6633
6634
6635
6636
6636
6636
6638
6638
6638
6639
6639
6640
6643
6645
6645
6646
6648
6648
6650
6651
6652
6653
6653
6657
6657
6657
6660
6660
6661
6662
6662
6663
6664
6664
6665
6667
6668
6671
6671
6673
6673
6674
6676
6676
6677
6677
6678
6679
6680
6681
6682
6683
6683
6686
6687
6688
6689
6692
6695
6695
6695
6698
6700
6702
6703
6705
6705
6706
6706
6706
6709
6710
6712
6712
6712
6712
6714
6714
6714
6716
6716
6717
6717
6717
6719
6720
6720
6722
6724
6725
6725
6726
6727
6729
6729
6731
6735
6736
6738
6738
6738
6738
6739
6739
6739
6739
6740
6740
6741
6744
6746
6747
6747
6748
6751
6752
6753
6753
6755
6755
6755
6756
6756
6757
6757
6758
6758
6759
6759
6759
6759
6759
6763
6769
6770
6772
6773
6773
6776
6779
6781
6787
6788
6788
6789
6789
6790
6790
6791
6792
6792
6793
6795
6795
6795
6796
6796
6796
6798
6799
6799
6800
6800
6800
6801
6801
6801
6802
6803
6806
6806
6808
6808
6811
6813
6813
6815
6815
6816
6816
6818
6823
6824
6825
6825
6826
6826
6826
6828
6829
6830
6830
6830
6831
6832
6832
6838
6838
6840
6840
6843
6843
6843
6846
6846
6847
6847
6849
6850
6852
6852
6853
6854
6858
6859
6859
6860
6860
6861
6864
6865
6866
6868
6869
6869
6869
6870
6870
6870
6870
6873
6874
6876
6878
6879
6879
6881
6881
6882
6882
6883
6884
6886
6889
6890
6892
6892
6893
6893
6894
6896
6896
6897
6898
6898
6899
6899
6899
6900
6902
6902
6903
6905
6905
6905
6907
6909
6909
6909
6910
6910
6911
6913
6913
6913
6916
6916
6916
6918
6919
6919
6919
6920
6921
6921
6922
6922
6922
6923
6924
6924
6926
6926
6926
6927
6927
6927
6929
6929
6931
6933
6933
6935
6937
6937
6938
6940
6940
6942
6943
6943
6944
6945
6946
6948
6950
6950
6950
6953
6954
6955
6956
6956
6957
6957
6959
6961
6962
6963
6964
6965
6965
6965
6967
6967
6968
6970
6970
6971
6971
6972
6972
6974
6974
6975
6976
6980
6980
6981
6981
6982
6983
6984
6984
6986
6987
6988
6989
6990
6991
6993
6993
6994
6995
6996
6997
6998
6999
6999
7000
7000
7001
7003
7007
7007
7007
7008
7009
7012
7017
7018
7018
7019
7019
7019
7021
7022
7023
7024
7024
7026
7026
7028
7031
7032
7035
7037
7039
7040
7040
7041
7042
7044
7044
7045
7046
7046
7047
7048
7048
7049
7049
7050
7052
7052
7054
7055
7055
7055
7061
7061
7062
7064
7065
7067
7067
7068
7069
7069
7069
7069
7071
7071
7072
7073
7073
7073
7074
7074
7074
7074
7077
7077
7079
7079
7080
7081
7081
7082
7082
7083
7084
7084
7085
7085
7085
7086
7086
7089
7090
7090
7090
7090
7090
7091
7091
7094
7096
7097
7097
7098
7098
7100
7100
7100
7101
7102
7105
7105
7107
7107
7107
7109
7109
7110
7111
7111
7112
7113
7116
7116
7117
7118
7119
7119
7119
7120
7120
7122
7123
7124
7124
7126
7127
7127
7127
7128
7129
7129
7131
7131
7133
7133
7134
7135
7135
7136
7136
7137
7138
7138
7138
7139
7139
7140
7140
7142
7142
7143
7143
7144
7144
7147
7147
7148
7151
7151
7153
7155
7155
7156
7158
7160
7160
7162
7162
7163
7163
7169
7171
7172
7174
7175
7179
7184
7185
7186
7186
7186
7187
7187
7187
7189
7190
7190
7193
7193
7193
7193
7194
7195
7196
7197
7199
7200
7201
7204
7205
7206
7208
7209
7209
7213
7214
7214
7215
7220
7221
7222
7224
7224
7224
7225
7226
7227
7227
7227
7229
7229
7230
7230
7231
7231
7231
7232
7232
7232
7233
7233
7233
7234
7236
7237
7238
7239
7239
7240
7240
7240
7240
7240
7242
7242
7243
7245
7245
7248
7250
7250
7255
7256
7256
7257
7257
7258
7259
7259
7261
7267
7269
7270
7271
7272
7272
7273
7273
7274
7274
7275
7275
7277
7277
7277
7278
7280
7282
7283
7284
7285
7286
7286
7288
7288
7289
7290
7292
7292
7293
7294
7296
7297
7297
7298
7298
7299
7301
7302
7303
7303
7303
7303
7305
7305
7305
7306
7306
7307
7307
7307
7308
7309
7309
7310
7310
7310
7311
7312
7312
7312
7312
7313
7313
7314
7315
7317
7317
7317
7317
7318
7318
7318
7319
7320
7323
7324
7325
7327
7327
7328
7329
7329
7330
7330
7331
7335
7335
7335
7336
7336
7337
7338
7338
7338
7340
7340
7341
7342
7343
7343
7346
7346
7348
7349
7352
7352
7354
7355
7356
7358
7358
7358
7358
7358
7359
7360
7361
7362
7365
7366
7366
7368
7369
7372
7373
7376
7376
7376
7378
7378
7379
7379
7380
7380
7384
7386
7386
7387
7387
7387
7387
7389
7389
7390
7390
7390
7390
7391
7392
7393
7393
7394
7395
7396
7397
7397
7397
7398
7399
7402
7403
7404
7404
7406
7406
7406
7408
7408
7411
7412
7413
7413
7413
7414
7417
7418
7419
7419
7419
7419
7420
7421
7423
7424
7424
7424
7425
7425
7427
7429
7429
7430
7431
7434
7434
7438
7440
7440
7441
7442
7443
7443
7443
7444
7444
7448
7449
7449
7449
7451
7452
7453
7454
7455
7456
7457
7459
7462
7462
7466
7467
7467
7468
7468
7470
7471
7471
7472
7472
7473
7476
7478
7478
7478
7480
7481
7482
7482
7482
7483
7484
7485
7486
7486
7486
7486
7487
7487
7488
7488
7489
7489
7490
7491
7492
7493
7493
7494
7495
7495
7496
7498
7499
7500
7501
7501
7502
7502
7503
7505
7505
7507
7507
7508
7508
7509
7509
7509
7510
7511
7512
7513
7514
7514
7517
7518
7518
7523
7524
7527
7528
7528
7529
7530
7531
7533
7533
7534
7535
7537
7537
7538
7540
7540
7542
7543
7545
7545
7546
7548
7550
7550
7551
7551
7553
7553
7555
7555
7556
7556
7556
7556
7556
7557
7557
7557
7558
7558
7558
7559
7560
7560
7561
7561
7565
7568
7571
7572
7573
7573
7576
7577
7577
7578
7579
7579
7582
7584
7586
7586
7587
7588
7588
7589
7590
7591
7596
7597
7598
7599
7599
7600
7600
7601
7601
7601
7602
7602
7604
7605
7606
7607
7610
7610
7610
7614
7615
7616
7616
7617
7617
7620
7620
7621
7621
7621
7621
7621
7622
7622
7622
7622
7622
7624
7625
7625
7627
7628
7629
7632
7632
7632
7632
7632
7638
7638
7638
7641
7641
7642
7642
7643
7643
7644
7645
7647
7647
7648
7650
7651
7653
7653
7653
7654
7654
7654
7657
7657
7657
7658
7658
7658
7659
7660
7660
7660
7662
7663
7664
7664
7665
7666
7668
7668
7668
7670
7670
7672
7672
7672
7673
7674
7674
7676
7678
7679
7680
7680
7681
7681
7682
7684
7687
7688
7691
7693
7693
7693
7693
7694
7696
7697
7698
7698
7699
7700
7701
7706
7711
7711
7712
7716
7718
7718
7723
7725
7725
7726
7726
7727
7727
7728
7728
7729
7730
7730
7731
7732
7733
7734
7734
7735
7736
7737
7737
7739
7739
7739
7739
7741
7742
7744
7745
7745
7746
7746
7749
7749
7752
7752
7753
7755
7755
7757
7758
7763
7764
7765
7766
7767
7768
7768
7769
7770
7771
7773
7773
7773
7775
7776
7777
7779
7781
7781
7781
7784
7784
7785
7785
7786
7787
7789
7789
7790
7792
7792
7793
7793
7794
7794
7795
7797
7797
7798
7798
7799
7801
7803
7803
7805
7806
7808
7809
7811
7812
7812
7813
7815
7818
7818
7818
7820
7820
7820
7821
7821
7823
7823
7823
7825
7825
7825
7826
7826
7829
7829
7830
7832
7833
7834
7834
7834
7835
7835
7835
7836
7837
7838
7840
7841
7841
7843
7843
7845
7846
7847
7848
7849
7851
7855
7855
7856
7856
7857
7857
7857
7857
7860
7861
7862
7862
7864
7864
7866
7868
7869
7869
7870
7870
7871
7871
7872
7872
7873
7873
7873
7874
7874
7875
7877
7878
7879
7880
7881
7881
7882
7883
7885
7886
7887
7888
7889
7890
7890
7891
7892
7893
7893
7894
7895
7895
7896
7896
7896
7897
7897
7897
7898
7898
7898
7898
7898
7899
7901
7902
7902
7903
7903
7904
7904
7906
7906
7907
7907
7907
7908
7909
7910
7910
7912
7912
7912
7915
7915
7916
7917
7918
7920
7920
7921
7922
7922
7923
7924
7924
7925
7925
7925
7926
7926
7929
7935
7938
7938
7939
7940
7943
7947
7953
7953
7954
7954
7954
7955
7957
7959
7959
7960
7961
7961
7962
7962
7963
7963
7964
7965
7966
7968
7968
7969
7971
7972
7973
7974
7976
7976
7976
7977
7977
7977
7978
7980
7982
7982
7984
7984
7985
7985
7985
7986
7986
7987
7987
7987
7991
7991
7992
7992
7994
7994
7994
7996
7997
7997
7998
7999
8000
8002
8003
8003
8003
8004
8007
8008
8009
8009
8009
8010
8010
8011
8012
8013
8013
8015
8015
8015
8015
8016
8017
8018
8019
8020
8021
8022
8022
8023
8024
8024
8025
8026
8026
8027
8027
8027
8027
8028
8028
8032
8033
8033
8033
8035
8039
8039
8040
8041
8041
8042
8042
8043
8045
8046
8047
8049
8049
8049
8050
8050
8054
8054
8054
8056
8057
8058
8059
8059
8060
8061
8061
8062
8063
8064
8064
8065
8067
8067
8068
8069
8071
8072
8077
8079
8079
8081
8081
8081
8082
8082
8083
8083
8083
8083
8084
8084
8084
8090
8091
8091
8092
8092
8093
8093
8093
8094
8096
8096
8098
8098
8098
8099
8100
8100
8102
8104
8104
8107
8107
8107
8108
8108
8108
8109
8111
8111
8111
8113
8118
8118
8118
8119
8120
8120
8120
8120
8122
8123
8125
8125
8125
8126
8127
8130
8132
8132
8132
8132
8134
8134
8134
8137
8137
8139
8139
8140
8143
8145
8145
8145
8146
8146
8147
8148
8149
8149
8150
8150
8150
8151
8152
8152
8152
8154
8154
8154
8156
8157
8157
8158
8158
8158
8159
8159
8159
8160
8160
8160
8161
8161
8162
8162
8163
8166
8166
8168
8169
8169
8170
8171
8172
8172
8173
8173
8174
8174
8175
8175
8176
8177
8178
8178
8179
8179
8180
8187
8187
8189
8189
8191
8191
8192
8192
8192
8194
8195
8198
8201
8201
8204
8206
8206
8206
8208
8208
8209
8210
8210
8210
8210
8213
8214
8214
8214
8215
8217
8217
8217
8220
8223
8224
8225
8226
8226
8226
8226
8228
8228
8231
8232
8234
8234
8235
8235
8236
8239
8239
8242
8243
8243
8244
8245
8245
8245
8247
8250
8250
8252
8252
8254
8256
8256
8257
8258
8258
8259
8261
8261
8264
8264
8266
8266
8266
8266
8267
8268
8268
8269
8269
8269
8269
8270
8270
8271
8272
8274
8275
8275
8276
8277
8277
8277
8279
8280
8281
8281
8281
8282
8282
8284
8284
8286
8288
8288
8289
8290
8290
8290
8290
8291
8292
8292
8294
8295
8295
8298
8299
8300
8301
8302
8302
8303
8307
8307
8308
8309
8312
8312
8313
8313
8313
8314
8315
8315
8317
8318
8318
8319
8320
8322
8323
8324
8324
8326
8326
8327
8329
8329
8333
8333
8333
8335
8336
8341
8343
8344
8346
8346
8348
8348
8348
8348
8350
8350
8352
8353
8353
8354
8361
8361
8362
8362
8364
8364
8365
8365
8366
8367
8368
8369
8369
8370
8370
8372
8373
8373
8376
8377
8378
8380
8381
8381
8381
8384
8385
8386
8387
8390
8390
8391
8392
8392
8396
8397
8398
8398
8400
8400
8403
8406
8409
8409
8412
8413
8414
8415
8415
8416
8418
8419
8419
8421
8421
8421
8423
8423
8424
8424
8428
8429
8431
8431
8431
8433
8433
8434
8434
8435
8436
8436
8438
8442
8442
8443
8444
8445
8445
8446
8447
8449
8450
8450
8451
8451
8452
8453
8453
8453
8454
8455
8455
8455
8457
8457
8458
8458
8460
8460
8461
8462
8462
8463
8463
8464
8465
8466
8466
8466
8469
8470
8470
8470
8470
8471
8471
8472
8473
8473
8474
8474
8476
8477
8477
8477
8480
8480
8480
8482
8484
8485
8485
8486
8488
8489
8490
8490
8491
8492
8493
8497
8497
8498
8498
8500
8500
8500
8501
8502
8502
8503
8507
8509
8509
8509
8510
8510
8510
8511
8511
8512
8513
8514
8514
8515
8515
8515
8516
8516
8516
8518
8518
8519
8521
8522
8522
8522
8524
8527
8533
8535
8537
8538
8538
8538
8539
8539
8540
8542
8542
8543
8545
8546
8546
8546
8547
8548
8550
8551
8552
8553
8553
8555
8555
8556
8557
8557
8558
8560
8563
8564
8565
8566
8566
8567
8567
8567
8569
8570
8570
8572
8573
8575
8575
8575
8576
8576
8576
8577
8577
8577
8577
8578
8578
8585
8587
8590
8590
8592
8593
8593
8594
8595
8595
8596
8598
8599
8599
8601
8601
8602
8604
8604
8605
8606
8606
8607
8607
8610
8611
8611
8617
8617
8618
8620
8622
8624
8627
8627
8628
8630
8631
8632
8632
8633
8634
8635
8636
8638
8639
8640
8640
8641
8641
8642
8643
8644
8646
8647
8647
8649
8649
8650
8652
8654
8654
8659
8659
8663
8664
8664
8667
8669
8669
8669
8670
8671
8676
8676
8677
8679
8682
8683
8684
8685
8686
8687
8689
8689
8690
8691
8692
8692
8693
8695
8698
8698
8699
8699
8702
8703
8704
8704
8706
8706
8708
8709
8709
8711
8711
8712
8713
8715
8715
8716
8718
8720
8720
8722
8722
8723
8723
8725
8728
8731
8731
8732
8734
8734
8736
8736
8736
8739
8739
8740
8741
8743
8744
8744
8744
8745
8746
8746
8747
8748
8749
8750
8750
8754
8754
8755
8756
8756
8757
8761
8763
8764
8764
8765
8765
8767
8768
8769
8769
8771
8774
8776
8777
8778
8778
8779
8779
8781
8783
8783
8784
8784
8786
8787
8789
8790
8792
8800
8801
8803
8803
8803
8804
8805
8805
8805
8807
8809
8810
8810
8811
8813
8814
8815
8816
8817
8819
8819
8820
8820
8827
8827
8829
8830
8830
8831
8831
8834
8837
8838
8838
8839
8839
8841
8841
8842
8843
8843
8844
8845
8847
8847
8848
8849
8849
8850
8851
8851
8851
8851
8851
8852
8853
8853
8854
8856
8857
8858
8859
8860
8860
8862
8862
8863
8866
8866
8867
8869
8872
8873
8873
8873
8874
8875
8876
8877
8877
8879
8880
8880
8881
8882
8884
8884
8886
8886
8887
8891
8891
8891
8892
8892
8893
8895
8897
8898
8898
8899
8899
8899
8901
8902
8907
8907
8907
8909
8909
8910
8910
8911
8912
8912
8912
8913
8915
8919
8919
8920
8920
8921
8922
8925
8925
8927
8927
8927
8928
8929
8930
8931
8932
8936
8936
8936
8936
8936
8938
8939
8940
8941
8943
8943
8943
8944
8945
8950
8950
8950
8952
8953
8953
8954
8955
8955
8957
8957
8958
8960
8963
8964
8964
8964
8965
8968
8969
8969
8971
8975
8975
8976
8977
8978
8978
8980
8981
8981
8982
8982
8983
8983
8983
8988
8988
8988
8988
8989
8990
8991
8991
8992
8994
8994
8995
8995
8996
8997
8997
8997
8998
8998
8999
9000
9000
9001
9002
9003
9004
9007
9007
9008
9009
9009
9009
9009
9010
9011
9013
9013
9015
9016
9017
9020
9021
9025
9027
9029
9029
9032
9032
9034
9037
9039
9039
9040
9042
9043
9043
9043
9046
9047
9047
9048
9048
9051
9052
9053
9056
9057
9058
9058
9060
9060
9061
9062
9064
9064
9064
9067
9067
9067
9068
9068
9069
9071
9072
9076
9076
9076
9077
9078
9080
9080
9084
9084
9084
9085
9085
9085
9086
9086
9086
9086
9089
9092
9093
9094
9094
9094
9098
9099
9099
9099
9100
9102
9102
9103
9103
9105
9106
9108
9108
9108
9109
9111
9111
9111
9113
9114
9115
9118
9119
9120
9121
9124
9124
9124
9126
9126
9126
9128
9128
9130
9130
9135
9135
9135
9138
9138
9140
9140
9140
9141
9142
9143
9144
9145
9145
9145
9146
9146
9148
9148
9152
9156
9156
9158
9158
9161
9162
9163
9165
9166
9167
9167
9167
9168
9168
9169
9171
9172
9174
9174
9176
9176
9177
9180
9181
9182
9182
9184
9184
9186
9186
9186
9187
9189
9190
9190
9190
9191
9191
9191
9192
9193
9193
9194
9194
9195
9196
9196
9196
9197
9199
9200
9201
9201
9202
9204
9207
9207
9208
9210
9211
9213
9213
9213
9215
9215
9216
9217
9218
9220
9221
9226
9226
9226
9230
9231
9232
9233
9234
9235
9237
9237
9237
9239
9239
9242
9243
9247
9249
9250
9250
9251
9251
9251
9252
9252
9254
9254
9254
9255
9257
9258
9260
9260
9261
9262
9263
9264
9266
9266
9267
9268
9268
9268
9269
9271
9272
9273
9274
9274
9274
9276
9276
9276
9276
9276
9277
9277
9278
9278
9280
9280
9283
9284
9285
9286
9289
9293
9293
9295
9296
9296
9297
9297
9298
9299
9301
9303
9303
9304
9305
9307
9307
9308
9309
9310
9311
9312
9313
9314
9314
9314
9316
9317
9317
9318
9318
9321
9321
9323
9323
9323
9324
9325
9325
9328
9330
9332
9334
9334
9335
9335
9336
9336
9336
9339
9340
9342
9343
9344
9345
9345
9345
9347
9348
9353
9353
9354
9354
9355
9355
9357
9357
9358
9358
9359
9360
9361
9361
9361
9365
9366
9366
9367
9368
9370
9372
9372
9373
9373
9378
9379
9379
9381
9382
9383
9384
9384
9386
9386
9386
9386
9387
9387
9387
9390
9392
9392
9393
9393
9395
9395
9396
9397
9397
9398
9398
9399
9399
9400
9402
9402
9404
9404
9404
9407
9409
9409
9410
9413
9413
9415
9415
9415
9417
9418
9419
9420
9420
9421
9421
9423
9423
9424
9424
9426
9427
9427
9428
9430
9431
9432
9434
9434
9435
9435
9437
9438
9439
9439
9439
9440
9441
9441
9441
9443
9443
9443
9445
9447
9448
9448
9448
9449
9454
9456
9459
9459
9459
9461
9462
9462
9462
9462
9463
9464
9464
9465
9465
9467
9469
9471
9474
9474
9475
9475
9475
9475
9476
9476
9479
9480
9481
9482
9483
9483
9485
9486
9487
9489
9491
9491
9492
9493
9495
9496
9497
9498
9498
9501
9503
9503
9504
9508
9509
9510
9512
9512
9512
9515
9516
9516
9517
9518
9519
9520
9522
9523
9524
9524
9525
9525
9528
9529
9529
9529
9530
9532
9533
9535
9536
9537
9539
9540
9541
9541
9541
9543
9543
9544
9544
9547
9553
9553
9555
9558
9559
9560
9562
9562
9562
9562
9562
9562
9565
9565
9568
9571
9573
9576
9577
9579
9579
9579
9579
9580
9583
9583
9584
9584
9585
9585
9586
9586
9586
9586
9591
9593
9593
9595
9596
9597
9600
9604
9604
9605
9606
9606
9607
9610
9610
9611
9611
9611
9611
9613
9614
9614
9614
9615
9615
9615
9616
9617
9617
9618
9620
9620
9621
9624
9627
9630
9630
9630
9631
9631
9631
9632
9633
9633
9634
9636
9638
9638
9639
9641
9642
9643
9643
9645
9646
9647
9648
9649
9649
9649
9650
9650
9651
9653
9654
9656
9657
9657
9660
9660
9662
9663
9663
9663
9665
9666
9669
9670
9671
9671
9672
9673
9673
9674
9674
9674
9674
9675
9676
9676
9677
9677
9678
9680
9681
9682
9682
9682
9683
9683
9683
9687
9688
9688
9688
9689
9690
9691
9691
9692
9692
9692
9693
9693
9694
9694
9695
9696
9697
9697
9699
9699
9700
9701
9703
9703
9704
9705
9706
9706
9706
9706
9707
9711
9711
9712
9715
9716
9717
9717
9718
9718
9718
9718
9719
9720
9722
9723
9726
9726
9728
9729
9730
9731
9733
9733
9733
9733
9735
9736
9737
9737
9737
9738
9739
9739
9740
9741
9742
9743
9743
9743
9744
9744
9748
9748
9748
9751
9751
9751
9752
9752
9753
9753
9753
9755
9755
9755
9756
9757
9758
9761
9761
9762
9762
9763
9764
9764
9769
9770
9770
9772
9773
9773
9775
9777
9777
9778
9778
9779
9779
9780
9784
9785
9787
9787
9789
9789
9790
9791
9791
9792
9792
9793
9794
9797
9797
9798
9800
9801
9801
9803
9805
9806
9806
9808
9808
9810
9811
9812
9813
9813
9815
9816
9819
9820
9823
9827
9828
9829
9830
9831
9831
9833
9833
9836
9837
9837
9839
9840
9843
9843
9845
9845
9846
9848
9849
9850
9852
9854
9854
9855
9857
9857
9857
9858
9861
9861
9861
9864
9864
9865
9865
9865
9865
9867
9867
9868
9869
9871
9872
9872
9873
9877
9880
9883
9885
9886
9886
9889
9890
9891
9892
9892
9896
9899
9899
9900
9900
9900
9900
9901
9901
9902
9902
9902
9903
9904
9905
9906
9906
9906
9908
9908
9909
9911
9911
9912
9914
9914
9915
9916
9917
9917
9920
9921
9921
9923
9926
9929
9930
9931
9931
9933
9934
9935
9935
9935
9935
9936
9939
9939
9941
9941
9942
9944
9947
9948
9949
9949
9950
9951
9951
9952
9952
9953
9954
9956
9957
9958
9958
9960
9960
9960
9960
9961
9961
9965
9965
9965
9967
9967
9968
9968
9969
9971
9972
9972
9974
9974
9975
9975
9975
9976
9982
9983
9984
9984
9985
9986
9987
9987
9989
9989
9989
9989
9990
9990
9990
9991
9991
9994
9995
9995
9996
9997
