0
1
1
3
3
6
7
7
8
8
10
10
10
11
14
17
18
19
20
20
20
21
22
24
25
26
27
27
27
28
29
31
33
34
34
35
37
39
40
43
43
45
45
46
47
48
49
49
50
50
51
51
52
53
53
54
57
61
63
66
67
70
71
71
71
71
73
73
74
75
75
78
78
79
79
79
80
80
83
83
84
84
84
85
86
86
88
89
92
93
94
94
95
97
98
99
99
99
100
100
101
101
101
103
103
103
105
107
108
109
109
110
110
111
111
113
114
116
116
116
117
117
117
117
118
119
119
120
121
123
124
124
127
130
131
131
131
133
133
133
135
136
137
137
138
138
138
140
141
142
142
143
144
145
146
147
149
149
151
151
152
152
153
153
155
156
156
156
157
157
157
160
161
165
165
165
166
167
170
171
173
178
179
179
180
180
181
182
185
187
187
189
190
191
194
195
196
196
196
201
204
204
204
206
210
212
212
214
216
216
216
218
218
219
219
224
227
229
230
230
230
233
233
234
234
236
236
237
243
245
246
247
248
251
253
254
254
255
255
255
257
257
258
260
260
261
262
263
263
263
264
265
265
265
265
266
266
266
267
268
268
268
270
270
272
272
272
275
276
278
279
280
280
280
280
282
283
284
285
286
286
287
288
293
293
293
294
295
295
296
297
299
299
300
301
301
301
301
303
303
303
303
303
304
305
306
308
309
309
309
310
311
311
314
314
314
315
315
316
316
317
321
322
324
328
330
331
331
332
334
334
334
336
336
339
340
340
343
345
347
347
348
348
349
352
352
353
353
354
356
356
358
359
359
366
366
367
369
369
369
370
371
372
374
376
376
377
377
380
380
382
382
386
386
388
390
391
391
392
395
395
395
396
398
398
400
404
404
405
406
406
406
407
408
409
409
409
410
410
410
411
412
414
414
415
418
419
422
424
424
426
427
429
429
430
430
431
431
431
434
434
435
435
436
437
437
437
438
438
438
439
439
441
443
443
444
445
448
449
449
452
454
455
457
457
458
459
460
460
460
461
462
462
463
463
465
466
467
468
468
469
470
471
474
475
476
477
479
479
480
481
482
482
483
484
484
485
487
487
488
488
489
489
489
491
491
495
497
498
500
500
504
506
509
510
510
511
513
516
516
516
517
518
518
518
519
524
524
524
524
525
526
527
528
528
529
529
530
531
531
534
534
535
535
536
538
538
540
541
543
544
545
545
546
547
549
550
551
553
557
558
558
558
559
560
563
563
563
565
565
566
566
566
566
566
566
566
567
572
573
574
575
575
575
578
579
579
581
583
584
586
586
587
588
588
589
589
591
593
594
594
596
596
596
597
598
598
599
599
600
601
602
603
604
605
605
606
607
609
612
613
615
615
616
618
619
620
620
623
623
626
626
626
626
628
629
632
635
636
636
637
638
638
640
640
641
641
642
644
644
645
645
647
647
648
648
649
649
651
652
653
655
656
656
659
660
663
663
665
665
666
669
671
671
675
675
676
676
678
679
680
681
681
681
682
687
689
690
691
692
694
696
698
700
701
702
703
703
704
704
705
706
706
708
708
709
710
710
712
712
713
713
713
714
715
715
715
717
721
721
723
723
725
725
726
728
728
729
729
730
730
733
733
737
737
738
738
739
741
742
742
743
744
745
749
750
751
751
752
753
753
753
753
753
753
754
754
757
758
760
760
761
761
762
763
763
764
765
766
767
769
769
771
775
775
775
775
776
777
778
778
778
780
781
784
785
786
789
789
789
789
790
791
791
791
791
794
795
795
798
800
802
802
803
803
804
808
809
810
812
817
817
817
818
818
819
822
823
823
824
825
825
827
827
827
827
828
828
829
831
832
833
834
837
837
838
839
840
841
843
844
846
846
847
847
848
849
850
850
851
852
853
853
853
854
855
855
857
858
859
860
860
860
861
861
862
863
863
864
865
865
866
867
872
874
875
875
876
877
878
878
879
879
881
881
884
885
886
888
890
890
892
893
893
894
896
896
896
897
898
901
901
901
902
905
906
908
908
909
910
911
914
915
916
917
918
920
920
920
923
924
924
926
926
926
927
928
929
931
931
932
932
933
934
934
935
939
941
941
941
942
943
944
946
946
947
947
949
950
952
953
955
956
956
957
957
958
959
963
964
967
968
968
969
970
970
971
972
972
973
975
978
981
982
984
984
986
987
989
990
990
991
992
992
993
995
996
997
997
998
998
1000
1000
1001
1003
1003
1003
1005
1006
1007
1007
1009
1009
1011
1014
1017
1017
1018
1020
1025
1026
1028
1028
1029
1030
1032
1032
1034
1034
1037
1038
1038
1039
1040
1041
1042
1042
1042
1046
1048
1049
1050
1050
1051
1051
1053
1054
1054
1056
1059
1061
1062
1066
1066
1068
1068
1068
1068
1068
1068
1069
1070
1071
1072
1072
1074
1076
1077
1079
1081
1082
1082
1082
1082
1083
1083
1085
1086
1086
1087
1089
1089
1090
1090
1091
1092
1093
1094
1094
1094
1095
1095
1096
1098
1098
1099
1099
1099
1100
1102
1102
1104
1104
1105
1106
1108
1109
1111
1112
1114
1118
1118
1122
1122
1123
1125
1125
1126
1126
1126
1127
1129
1131
1132
1133
1133
1133
1135
1135
1139
1140
1140
1141
1142
1142
1143
1144
1144
1145
1145
1146
1147
1149
1151
1151
1152
1154
1155
1155
1155
1157
1158
1158
1161
1161
1162
1163
1163
1164
1164
1167
1168
1168
1168
1169
1169
1169
1170
1170
1172
1176
1177
1177
1179
1179
1179
1179
1180
1181
1182
1182
1182
1184
1185
1187
1191
1191
1191
1192
1195
1196
1198
1200
1201
1204
1205
1206
1208
1209
1211
1214
1220
1221
1221
1222
1222
1225
1225
1225
1226
1226
1226
1228
1230
1230
1231
1232
1232
1232
1234
1234
1238
1239
1239
1240
1241
1241
1242
1242
1243
1244
1244
1246
1247
1247
1247
1250
1253
1253
1254
1254
1255
1258
1258
1259
1260
1261
1261
1263
1263
1264
1265
1266
1266
1267
1267
1267
1268
1268
1270
1270
1272
1275
1275
1276
1276
1276
1277
1284
1285
1289
1292
1292
1297
1297
1298
1298
1300
1300
1301
1301
1302
1304
1305
1306
1306
1309
1310
1310
1311
1312
1314
1314
1314
1315
1319
1320
1322
1323
1324
1327
1327
1328
1329
1330
1331
1331
1334
1334
1334
1334
1336
1336
1337
1337
1337
1338
1340
1341
1342
1342
1344
1344
1344
1346
1346
1346
1348
1349
1350
1351
1351
1353
1354
1354
1355
1357
1359
1359
1360
1362
1363
1363
1364
1364
1364
1365
1366
1367
1367
1369
1369
1372
1374
1374
1374
1376
1376
1377
1377
1379
1379
1380
1381
1381
1382
1383
1383
1383
1384
1384
1384
1384
1384
1387
1387
1388
1388
1389
1390
1392
1392
1392
1392
1393
1394
1395
1397
1399
1399
1399
1401
1401
1402
1403
1404
1407
1408
1408
1409
1410
1410
1411
1411
1412
1413
1416
1418
1418
1418
1419
1419
1421
1422
1422
1425
1425
1427
1428
1429
1429
1431
1431
1432
1432
1434
1434
1436
1439
1440
1440
1441
1444
1446
1448
1449
1451
1453
1453
1453
1454
1455
1456
1456
1457
1458
1459
1460
1460
1462
1463
1463
1463
1464
1464
1464
1466
1468
1469
1470
1471
1471
1473
1473
1473
1473
1474
1475
1476
1476
1477
1477
1477
1478
1479
1479
1480
1481
1482
1482
1482
1483
1484
1484
1485
1488
1488
1488
1489
1490
1491
1492
1493
1493
1495
1495
1497
1497
1499
1500
1500
1500
1501
1501
1502
1503
1505
1506
1506
1507
1508
1510
1511
1512
1513
1514
1515
1517
1518
1518
1521
1522
1523
1523
1526
1526
1529
1531
1531
1532
1532
1533
1534
1534
1534
1537
1539
1539
1539
1542
1543
1544
1545
1546
1550
1552
1552
1553
1554
1556
1556
1558
1558
1558
1559
1559
1560
1562
1563
1564
1565
1566
1566
1566
1567
1568
1568
1569
1569
1570
1571
1572
1576
1577
1579
1580
1580
1580
1581
1581
1581
1581
1582
1582
1582
1584
1585
1586
1586
1588
1589
1591
1591
1591
1592
1595
1595
1596
1597
1597
1599
1600
1602
1602
1603
1603
1603
1604
1604
1604
1604
1605
1605
1607
1608
1610
1611
1612
1613
1613
1615
1615
1616
1616
1616
1617
1618
1618
1620
1620
1620
1620
1621
1622
1626
1627
1627
1627
1628
1629
1629
1631
1632
1634
1635
1635
1638
1638
1638
1638
1639
1639
1639
1640
1642
1643
1644
1645
1647
1648
1649
1649
1649
1651
1653
1654
1654
1655
1656
1657
1660
1662
1662
1664
1664
1664
1664
1665
1666
1670
1670
1670
1671
1672
1673
1676
1678
1678
1679
1681
1683
1684
1685
1687
1688
1691
1691
1692
1692
1693
1694
1696
1698
1698
1699
1699
1700
1700
1702
1702
1703
1704
1704
1705
1706
1706
1707
1708
1709
1711
1712
1713
1714
1716
1717
1719
1719
1721
1723
1723
1724
1724
1726
1727
1730
1731
1731
1733
1733
1734
1734
1734
1739
1739
1740
1740
1741
1742
1743
1744
1744
1744
1745
1746
1747
1748
1750
1750
1753
1755
1759
1760
1761
1761
1762
1762
1763
1764
1766
1766
1768
1771
1775
1775
1775
1775
1776
1777
1778
1778
1779
1779
1780
1781
1782
1782
1783
1784
1785
1785
1787
1788
1789
1790
1790
1790
1791
1791
1793
1796
1797
1798
1799
1799
1800
1800
1801
1801
1801
1802
1803
1804
1805
1807
1807
1811
1811
1812
1814
1816
1816
1816
1816
1816
1816
1818
1818
1818
1818
1819
1822
1822
1824
1825
1826
1834
1834
1834
1836
1836
1837
1838
1838
1839
1841
1843
1844
1844
1844
1846
1846
1847
1848
1849
1850
1851
1851
1853
1853
1853
1853
1854
1854
1856
1856
1857
1857
1859
1859
1860
1862
1863
1863
1864
1865
1865
1865
1866
1866
1868
1868
1870
1872
1877
1877
1877
1878
1878
1878
1879
1880
1881
1881
1885
1886
1887
1887
1888
1890
1890
1892
1894
1894
1896
1896
1896
1898
1899
1899
1900
1900
1901
1901
1901
1904
1905
1905
1905
1905
1909
1909
1910
1910
1910
1911
1911
1915
1916
1917
1919
1919
1921
1921
1924
1929
1931
1931
1935
1937
1937
1937
1938
1939
1939
1940
1940
1941
1941
1942
1943
1943
1943
1944
1944
1945
1945
1945
1946
1946
1950
1950
1951
1952
1952
1954
1956
1957
1960
1960
1960
1961
1963
1964
1964
1964
1965
1965
1968
1971
1971
1971
1973
1975
1976
1977
1978
1979
1980
1982
1985
1986
1986
1987
1990
1990
1993
1994
1995
1995
1995
1995
1995
1995
1996
1997
1997
1998
2000
2002
2002
2005
2005
2006
2006
2006
2007
2008
2008
2013
2014
2014
2019
2020
2021
2021
2022
2024
2025
2025
2026
2028
2028
2029
2029
2030
2031
2031
2034
2034
2035
2035
2037
2037
2037
2038
2039
2039
2040
2042
2043
2046
2046
2047
2048
2049
2050
2050
2050
2051
2053
2054
2056
2057
2057
2060
2061
2062
2062
2063
2064
2064
2064
2066
2067
2071
2072
2072
2074
2075
2076
2077
2079
2080
2081
2084
2087
2088
2088
2090
2093
2093
2093
2094
2097
2098
2098
2098
2099
2100
2100
2101
2102
2103
2103
2104
2107
2107
2109
2110
2110
2111
2112
2113
2115
2115
2117
2117
2118
2119
2120
2121
2121
2123
2125
2125
2126
2127
2127
2128
2130
2131
2132
2132
2134
2136
2136
2136
2138
2141
2142
2142
2142
2143
2144
2146
2147
2147
2149
2150
2150
2153
2159
2160
2160
2160
2161
2161
2162
2162
2166
2167
2168
2169
2170
2172
2173
2174
2175
2176
2179
2180
2180
2181
2182
2182
2182
2183
2185
2188
2188
2188
2189
2189
2190
2190
2191
2191
2191
2193
2195
2196
2197
2197
2197
2198
2199
2200
2200
2202
2207
2207
2207
2208
2209
2209
2209
2212
2213
2214
2214
2215
2216
2218
2218
2218
2220
2221
2222
2222
2222
2224
2225
2225
2225
2225
2226
2227
2227
2227
2228
2229
2230
2232
2233
2237
2238
2238
2240
2241
2242
2242
2243
2244
2244
2247
2248
2248
2249
2250
2250
2250
2250
2251
2251
2251
2254
2255
2256
2258
2260
2261
2261
2265
2269
2269
2270
2273
2275
2276
2276
2277
2277
2278
2279
2282
2283
2283
2284
2286
2287
2289
2289
2290
2290
2291
2293
2294
2295
2298
2299
2300
2300
2301
2301
2302
2302
2305
2305
2306
2306
2307
2307
2307
2309
2310
2315
2315
2317
2320
2320
2321
2323
2323
2325
2326
2326
2326
2329
2331
2331
2332
2333
2333
2334
2334
2342
2342
2344
2344
2345
2348
2349
2350
2350
2351
2352
2354
2357
2359
2360
2361
2361
2362
2362
2363
2364
2364
2369
2369
2372
2374
2375
2377
2378
2380
2380
2381
2382
2382
2383
2383
2387
2388
2389
2390
2392
2392
2393
2394
2394
2395
2395
2396
2398
2399
2400
2400
2400
2401
2401
2402
2403
2404
2405
2407
2408
2408
2408
2408
2408
2408
2409
2409
2411
2412
2412
2412
2413
2414
2415
2415
2417
2418
2421
2421
2422
2424
2424
2426
2426
2426
2427
2427
2427
2428
2428
2429
2431
2431
2431
2431
2432
2433
2433
2435
2435
2436
2436
2437
2437
2437
2437
2437
2438
2438
2438
2439
2439
2439
2440
2440
2441
2441
2442
2442
2442
2442
2445
2446
2446
2446
2449
2449
2453
2455
2455
2457
2458
2458
2460
2461
2461
2461
2462
2464
2466
2468
2470
2470
2470
2471
2471
2472
2472
2474
2474
2475
2476
2476
2479
2480
2480
2482
2482
2483
2485
2485
2486
2488
2489
2490
2491
2491
2491
2493
2495
2495
2498
2498
2499
2500
2501
2502
2504
2505
2505
2505
2507
2507
2511
2511
2512
2512
2513
2514
2514
2515
2516
2516
2519
2519
2520
2520
2521
2522
2525
2526
2527
2529
2530
2532
2533
2534
2535
2537
2538
2538
2539
2539
2539
2541
2541
2542
2543
2544
2544
2544
2546
2547
2548
2549
2550
2551
2552
2552
2553
2555
2556
2556
2556
2557
2557
2558
2558
2558
2559
2559
2560
2560
2561
2561
2562
2563
2564
2564
2564
2564
2565
2565
2566
2566
2567
2568
2568
2574
2574
2577
2578
2578
2582
2582
2583
2584
2585
2585
2586
2586
2587
2587
2588
2589
2589
2590
2590
2591
2591
2592
2592
2593
2594
2594
2594
2595
2596
2598
2599
2600
2600
2600
2601
2601
2602
2603
2604
2605
2605
2606
2606
2607
2607
2607
2608
2610
2612
2612
2612
2615
2615
2618
2618
2620
2621
2621
2621
2623
2623
2624
2625
2626
2626
2628
2629
2629
2630
2630
2630
2631
2632
2633
2634
2634
2635
2637
2637
2637
2638
2640
2642
2643
2643
2646
2647
2647
2649
2650
2650
2651
2653
2654
2655
2657
2660
2661
2661
2662
2663
2664
2665
2665
2665
2665
2665
2670
2671
2673
2674
2674
2675
2675
2676
2678
2680
2680
2682
2682
2682
2682
2683
2683
2683
2684
2685
2687
2688
2688
2688
2689
2689
2689
2691
2692
2693
2693
2695
2695
2697
2697
2701
2702
2703
2703
2705
2708
2709
2711
2712
2712
2713
2714
2715
2716
2717
2719
2719
2719
2720
2721
2722
2725
2725
2726
2727
2727
2728
2728
2728
2732
2733
2734
2736
2736
2738
2740
2740
2741
2741
2741
2742
2742
2746
2747
2748
2749
2749
2750
2751
2752
2755
2756
2757
2758
2759
2760
2762
2762
2763
2763
2765
2766
2766
2767
2768
2768
2770
2770
2771
2771
2771
2773
2775
2775
2781
2781
2781
2783
2784
2786
2786
2786
2789
2789
2791
2792
2793
2794
2797
2797
2798
2799
2799
2802
2802
2804
2805
2806
2806
2807
2807
2808
2808
2808
2810
2812
2812
2814
2814
2815
2815
2816
2818
2822
2823
2824
2824
2825
2826
2829
2830
2831
2831
2832
2832
2832
2834
2835
2837
2837
2838
2839
2839
2839
2843
2845
2848
2850
2854
2855
2857
2860
2862
2863
2864
2864
2865
2865
2865
2866
2868
2868
2871
2872
2873
2873
2874
2874
2875
2876
2878
2878
2879
2880
2880
2880
2881
2881
2882
2884
2884
2884
2885
2885
2889
2893
2893
2895
2895
2895
2896
2898
2898
2898
2898
2900
2900
2901
2902
2903
2904
2906
2909
2909
2909
2915
2915
2915
2919
2919
2920
2920
2920
2920
2920
2921
2921
2922
2922
2923
2923
2923
2923
2924
2925
2926
2931
2931
2931
2934
2936
2937
2938
2939
2939
2940
2941
2941
2942
2942
2942
2942
2944
2946
2948
2948
2949
2949
2950
2950
2951
2953
2955
2958
2958
2958
2961
2961
2962
2964
2967
2969
2969
2970
2972
2973
2974
2975
2976
2977
2977
2978
2980
2980
2981
2981
2982
2983
2983
2984
2985
2985
2986
2989
2991
2992
2992
2992
2994
2994
2995
2996
2999
3002
3002
3005
3007
3007
3008
3009
3011
3012
3016
3016
3017
3017
3018
3018
3019
3019
3019
3019
3020
3020
3021
3021
3022
3023
3026
3027
3029
3030
3031
3031
3032
3032
3032
3034
3036
3037
3039
3039
3039
3040
3040
3041
3041
3042
3042
3042
3044
3045
3046
3046
3047
3048
3048
3049
3050
3053
3054
3054
3055
3055
3057
3059
3061
3061
3063
3063
3064
3067
3069
3069
3069
3069
3070
3073
3073
3076
3077
3077
3077
3078
3078
3079
3079
3080
3081
3085
3085
3085
3085
3085
3086
3086
3087
3088
3088
3089
3089
3090
3093
3094
3095
3096
3100
3100
3100
3103
3105
3105
3108
3108
3109
3110
3113
3114
3116
3117
3118
3119
3119
3122
3122
3122
3125
3126
3127
3127
3127
3127
3128
3128
3129
3130
3131
3131
3131
3132
3132
3132
3134
3135
3136
3137
3137
3144
3146
3146
3146
3147
3148
3149
3149
3150
3151
3153
3153
3153
3154
3155
3157
3157
3157
3158
3159
3161
3162
3162
3162
3163
3167
3168
3170
3170
3171
3171
3173
3174
3174
3175
3176
3177
3178
3181
3183
3183
3184
3184
3185
3186
3187
3187
3188
3188
3188
3188
3189
3189
3189
3189
3189
3191
3191
3194
3195
3195
3195
3195
3196
3196
3197
3199
3200
3200
3201
3201
3201
3201
3201
3203
3203
3203
3203
3205
3205
3206
3207
3207
3209
3210
3210
3211
3211
3211
3211
3212
3213
3213
3214
3215
3215
3216
3217
3217
3219
3219
3220
3221
3221
3221
3222
3222
3222
3223
3223
3224
3227
3230
3231
3231
3231
3231
3232
3233
3235
3235
3235
3237
3240
3240
3241
3241
3242
3242
3243
3244
3244
3244
3244
3252
3252
3254
3255
3255
3256
3257
3259
3259
3260
3260
3262
3262
3263
3264
3266
3266
3268
3271
3271
3272
3276
3276
3277
3278
3279
3282
3282
3282
3286
3286
3286
3289
3289
3292
3292
3294
3296
3298
3298
3299
3299
3300
3304
3304
3306
3308
3308
3310
3310
3311
3312
3313
3313
3313
3314
3317
3319
3319
3320
3321
3322
3324
3326
3326
3326
3327
3329
3329
3329
3329
3331
3331
3331
3331
3333
3334
3334
3335
3335
3335
3336
3336
3338
3340
3342
3343
3344
3346
3348
3348
3355
3356
3356
3356
3357
3358
3360
3360
3361
3361
3362
3363
3364
3364
3366
3366
3366
3367
3367
3367
3368
3368
3369
3369
3371
3372
3373
3374
3374
3374
3375
3377
3377
3377
3381
3381
3381
3381
3381
3382
3385
3386
3386
3387
3387
3387
3388
3388
3390
3390
3391
3391
3391
3391
3391
3392
3392
3392
3392
3393
3397
3398
3399
3401
3401
3402
3403
3403
3403
3404
3404
3405
3406
3407
3407
3408
3409
3410
3410
3411
3411
3413
3414
3414
3414
3415
3415
3417
3417
3418
3419
3420
3422
3423
3424
3425
3428
3428
3430
3430
3432
3432
3433
3437
3438
3440
3440
3441
3441
3442
3443
3445
3445
3445
3446
3447
3447
3448
3449
3451
3455
3455
3457
3458
3458
3459
3459
3459
3462
3462
3466
3467
3468
3469
3470
3472
3472
3472
3472
3472
3475
3476
3477
3477
3477
3479
3481
3481
3481
3484
3485
3485
3485
3487
3490
3490
3491
3491
3492
3492
3492
3493
3496
3497
3499
3500
3500
3501
3502
3503
3505
3505
3505
3506
3506
3506
3507
3507
3510
3511
3511
3512
3512
3512
3514
3514
3516
3517
3517
3521
3521
3521
3522
3524
3526
3527
3527
3529
3530
3531
3532
3532
3532
3534
3534
3534
3536
3536
3540
3542
3542
3543
3544
3547
3547
3551
3551
3553
3553
3554
3556
3559
3559
3562
3562
3564
3564
3564
3565
3568
3568
3569
3570
3571
3572
3576
3576
3577
3577
3578
3578
3579
3580
3580
3580
3584
3584
3585
3588
3588
3589
3590
3590
3592
3592
3592
3594
3594
3595
3595
3595
3598
3598
3598
3598
3599
3600
3600
3604
3604
3605
3606
3608
3610
3610
3610
3611
3611
3612
3613
3614
3615
3616
3618
3620
3621
3622
3624
3624
3624
3626
3628
3630
3630
3631
3633
3635
3637
3639
3640
3640
3640
3640
3644
3644
3645
3650
3652
3653
3655
3655
3655
3657
3659
3659
3659
3659
3660
3661
3661
3662
3662
3662
3663
3664
3667
3667
3669
3669
3669
3670
3670
3670
3671
3674
3674
3676
3679
3679
3680
3680
3681
3681
3681
3682
3682
3683
3684
3685
3685
3688
3689
3690
3690
3691
3691
3694
3695
3696
3697
3699
3699
3699
3701
3702
3703
3704
3704
3707
3708
3710
3710
3712
3713
3714
3716
3716
3721
3721
3721
3723
3725
3726
3726
3727
3728
3728
3729
3731
3731
3734
3737
3741
3746
3747
3749
3750
3750
3750
3752
3752
3752
3758
3759
3759
3759
3762
3763
3764
3764
3765
3766
3767
3768
3768
3769
3770
3770
3771
3772
3773
3774
3775
3775
3776
3776
3776
3777
3778
3780
3782
3783
3783
3783
3784
3784
3784
3784
3785
3787
3789
3790
3790
3791
3791
3791
3793
3793
3794
3796
3796
3797
3798
3798
3799
3799
3802
3802
3804
3809
3809
3811
3813
3814
3815
3815
3815
3816
3816
3819
3820
3822
3824
3825
3832
3835
3835
3835
3836
3836
3838
3839
3840
3841
3841
3845
3846
3847
3848
3849
3851
3852
3852
3853
3857
3857
3859
3859
3859
3859
3860
3861
3862
3863
3870
3871
3872
3873
3874
3874
3875
3875
3877
3881
3881
3882
3882
3882
3883
3884
3885
3887
3888
3889
3889
3889
3889
3889
3891
3891
3893
3894
3894
3894
3895
3895
3896
3897
3898
3898
3899
3899
3899
3899
3899
3901
3902
3903
3903
3903
3904
3905
3906
3907
3907
3907
3908
3909
3909
3910
3910
3910
3911
3912
3912
3914
3914
3916
3916
3916
3917
3918
3918
3919
3919
3919
3921
3922
3922
3924
3924
3924
3926
3927
3927
3927
3928
3929
3930
3933
3934
3935
3936
3936
3940
3940
3941
3942
3943
3943
3943
3944
3945
3946
3946
3949
3950
3950
3951
3953
3955
3955
3956
3957
3958
3958
3959
3959
3960
3960
3961
3966
3969
3969
3971
3971
3974
3974
3974
3975
3975
3975
3978
3980
3981
3983
3985
3985
3986
3988
3989
3989
3990
3990
3991
3992
3993
3998
3998
3998
3998
3999
3999
4001
4001
4001
4004
4005
4007
4009
4009
4010
4011
4012
4015
4015
4016
4016
4017
4018
4019
4020
4022
4023
4024
4024
4024
4024
4025
4027
4028
4028
4029
4034
4035
4036
4038
4039
4041
4042
4044
4047
4048
4048
4049
4049
4052
4055
4056
4056
4057
4057
4057
4057
4059
4062
4066
4066
4067
4067
4068
4068
4069
4071
4071
4071
4071
4072
4072
4073
4076
4076
4076
4079
4082
4083
4084
4087
4088
4088
4089
4092
4092
4094
4095
4095
4097
4100
4101
4102
4102
4103
4105
4105
4106
4106
4107
4107
4107
4107
4110
4110
4112
4112
4114
4114
4116
4118
4118
4119
4119
4120
4120
4123
4124
4126
4126
4128
4128
4130
4130
4132
4134
4135
4135
4136
4136
4138
4139
4140
4140
4141
4141
4142
4144
4144
4146
4148
4148
4148
4149
4149
4149
4150
4151
4151
4151
4151
4151
4152
4153
4154
4155
4156
4156
4157
4158
4160
4160
4162
4166
4167
4168
4169
4169
4169
4170
4171
4172
4173
4173
4173
4174
4174
4175
4175
4176
4176
4178
4179
4180
4185
4186
4187
4189
4191
4193
4193
4193
4194
4194
4195
4195
4195
4198
4199
4199
4200
4200
4205
4207
4208
4210
4213
4216
4216
4217
4217
4218
4218
4220
4220
4220
4220
4223
4223
4224
4225
4227
4228
4228
4230
4231
4232
4232
4232
4234
4235
4235
4237
4237
4238
4243
4244
4245
4245
4246
4246
4246
4247
4249
4250
4252
4253
4253
4254
4254
4256
4256
4257
4261
4263
4264
4264
4267
4267
4268
4269
4269
4270
4271
4271
4272
4275
4278
4278
4278
4279
4279
4281
4284
4284
4284
4285
4287
4287
4287
4290
4290
4290
4292
4293
4294
4295
4296
4296
4296
4297
4298
4298
4299
4300
4301
4302
4302
4302
4303
4304
4304
4304
4305
4309
4311
4312
4312
4313
4313
4314
4315
4315
4316
4321
4322
4323
4324
4325
4325
4326
4326
4327
4328
4328
4329
4330
4330
4331
4333
4333
4333
4334
4336
4337
4338
4338
4338
4339
4340
4342
4342
4344
4344
4345
4346
4346
4349
4351
4351
4351
4352
4354
4354
4354
4354
4355
4355
4357
4357
4361
4363
4363
4364
4365
4365
4370
4373
4374
4376
4376
4378
4379
4379
4381
4382
4382
4382
4383
4384
4385
4385
4386
4387
4389
4392
4392
4394
4395
4396
4397
4399
4401
4402
4402
4402
4402
4402
4403
4403
4403
4405
4406
4409
4410
4410
4412
4413
4413
4413
4413
4414
4414
4416
4416
4416
4417
4417
4419
4419
4420
4420
4420
4421
4422
4423
4424
4424
4426
4427
4427
4428
4428
4430
4431
4432
4433
4433
4434
4434
4435
4437
4437
4437
4438
4439
4444
4445
4447
4448
4449
4451
4452
4453
4454
4455
4455
4459
4459
4461
4461
4462
4462
4463
4466
4466
4466
4467
4471
4471
4471
4473
4476
4476
4477
4481
4482
4482
4482
4483
4483
4484
4487
4488
4489
4491
4493
4493
4493
4494
4494
4495
4497
4497
4497
4498
4498
4498
4498
4503
4503
4507
4507
4509
4510
4510
4512
4514
4514
4518
4521
4521
4522
4523
4524
4524
4525
4525
4526
4528
4529
4529
4530
4530
4530
4530
4531
4531
4533
4533
4534
4536
4538
4539
4541
4541
4544
4544
4544
4545
4547
4548
4549
4549
4549
4551
4551
4552
4556
4556
4557
4557
4558
4558
4558
4559
4560
4560
4561
4562
4563
4564
4564
4565
4566
4566
4570
4575
4577
4578
4580
4581
4582
4583
4583
4583
4585
4586
4586
4587
4588
4590
4592
4593
4596
4596
4597
4597
4597
4598
4598
4599
4599
4600
4601
4601
4601
4602
4603
4605
4605
4606
4607
4608
4609
4610
4612
4612
4613
4616
4621
4622
4623
4624
4624
4625
4626
4626
4626
4627
4629
4629
4631
4633
4633
4635
4635
4636
4636
4636
4637
4641
4641
4641
4642
4642
4643
4643
4645
4645
4647
4648
4648
4649
4650
4650
4651
4652
4652
4653
4654
4654
4656
4657
4659
4659
4660
4660
4663
4663
4664
4664
4665
4666
4668
4669
4670
4670
4672
4672
4672
4673
4674
4674
4677
4678
4680
4681
4681
4682
4684
4684
4684
4685
4686
4686
4688
4688
4689
4690
4690
4691
4691
4692
4692
4693
4693
4693
4694
4695
4699
4699
4701
4704
4704
4707
4708
4709
4709
4710
4711
4713
4714
4714
4714
4715
4715
4715
4716
4717
4718
4718
4718
4719
4719
4720
4720
4723
4723
4724
4724
4724
4724
4725
4725
4725
4726
4727
4728
4730
4730
4732
4734
4734
4735
4736
4737
4738
4738
4739
4740
4740
4740
4743
4744
4747
4748
4750
4750
4752
4752
4754
4755
4756
4757
4757
4757
4758
4759
4759
4760
4761
4761
4762
4764
4764
4767
4768
4768
4769
4771
4773
4774
4775
4776
4776
4777
4781
4782
4783
4784
4785
4786
4788
4788
4788
4790
4791
4791
4793
4794
4794
4796
4796
4796
4796
4796
4797
4798
4800
4801
4801
4801
4802
4802
4802
4803
4804
4804
4805
4806
4808
4808
4809
4809
4811
4813
4813
4814
4815
4815
4815
4816
4816
4819
4820
4820
4821
4823
4824
4824
4825
4826
4826
4827
4827
4828
4829
4829
4830
4830
4832
4834
4834
4835
4835
4835
4836
4837
4837
4838
4839
4840
4840
4842
4842
4843
4844
4845
4847
4847
4848
4849
4849
4849
4853
4854
4854
4856
4857
4858
4859
4860
4862
4865
4865
4866
4868
4869
4869
4872
4873
4873
4874
4875
4876
4876
4876
4877
4878
4880
4880
4880
4881
4882
4883
4883
4884
4885
4885
4886
4886
4887
4888
4888
4889
4889
4890
4890
4890
4891
4891
4891
4891
4892
4892
4894
4895
4898
4898
4899
4899
4902
4902
4903
4906
4908
4908
4908
4910
4912
4912
4913
4914
4915
4915
4916
4918
4918
4919
4922
4922
4923
4924
4924
4924
4925
4925
4927
4927
4927
4928
4928
4929
4929
4929
4931
4932
4932
4935
4939
4939
4940
4944
4946
4946
4947
4947
4947
4949
4949
4950
4951
4951
4952
4953
4954
4957
4958
4959
4959
4960
4961
4964
4965
4965
4966
4968
4969
4969
4970
4970
4971
4972
4972
4972
4972
4973
4974
4974
4975
4975
4976
4977
4978
4985
4986
4986
4987
4988
4989
4989
4990
4990
4990
4991
4992
4992
4996
4997
4999
5000
5000
5003
5003
5004
5004
5005
5006
5008
5008
5009
5009
5010
5010
5011
5012
5013
5013
5014
5015
5016
5018
5018
5021
5024
5025
5025
5025
5026
5026
5027
5028
5028
5029
5030
5030
5031
5032
5033
5034
5034
5035
5035
5035
5035
5035
5036
5036
5037
5037
5037
5037
5037
5037
5038
5040
5040
5040
5040
5040
5040
5042
5044
5046
5046
5047
5047
5050
5051
5054
5055
5057
5059
5060
5060
5064
5064
5065
5065
5068
5068
5069
5071
5073
5074
5076
5077
5077
5077
5080
5080
5081
5082
5082
5086
5087
5087
5088
5088
5091
5091
5092
5093
5093
5094
5094
5094
5095
5095
5097
5099
5100
5102
5103
5103
5105
5107
5108
5109
5110
5110
5112
5112
5113
5113
5113
5114
5115
5116
5117
5117
5117
5118
5119
5119
5119
5119
5120
5120
5120
5121
5122
5122
5123
5125
5125
5126
5128
5130
5132
5133
5133
5135
5136
5137
5140
5140
5140
5141
5142
5145
5145
5145
5147
5148
5148
5148
5149
5149
5152
5152
5153
5154
5154
5155
5157
5157
5157
5158
5161
5162
5162
5165
5166
5166
5167
5169
5172
5172
5172
5173
5174
5175
5176
5176
5177
5177
5178
5179
5180
5180
5180
5181
5186
5186
5187
5189
5192
5193
5194
5195
5196
5196
5197
5199
5199
5200
5201
5203
5203
5204
5205
5209
5210
5213
5214
5214
5214
5215
5218
5218
5220
5221
5221
5224
5225
5225
5226
5226
5226
5226
5231
5233
5233
5236
5236
5239
5243
5244
5247
5247
5247
5248
5248
5249
5249
5251
5251
5251
5252
5252
5254
5255
5255
5258
5259
5260
5260
5260
5260
5261
5261
5261
5261
5262
5262
5264
5265
5265
5266
5266
5266
5267
5267
5267
5267
5268
5268
5270
5270
5271
5271
5271
5276
5276
5277
5277
5277
5277
5278
5281
5281
5283
5283
5283
5284
5286
5287
5287
5288
5288
5289
5290
5291
5291
5292
5293
5293
5293
5294
5297
5297
5298
5299
5300
5301
5304
5305
5308
5308
5309
5310
5313
5317
5317
5318
5320
5320
5321
5321
5322
5323
5324
5324
5325
5329
5330
5331
5336
5337
5337
5341
5341
5343
5346
5347
5348
5349
5350
5351
5352
5352
5352
5352
5354
5354
5355
5356
5357
5357
5357
5358
5358
5361
5362
5363
5364
5364
5365
5365
5368
5369
5371
5372
5372
5373
5373
5373
5373
5376
5377
5379
5381
5383
5387
5387
5389
5389
5390
5391
5392
5393
5398
5398
5399
5400
5401
5401
5401
5402
5403
5404
5404
5404
5405
5406
5406
5408
5408
5409
5410
5410
5411
5413
5414
5414
5414
5414
5414
5414
5415
5416
5416
5416
5417
5418
5418
5419
5422
5423
5423
5424
5424
5424
5424
5425
5425
5426
5426
5427
5427
5427
5429
5430
5431
5431
5431
5433
5433
5433
5434
5435
5435
5436
5436
5438
5439
5439
5440
5440
5442
5442
5442
5443
5443
5444
5444
5445
5447
5448
5450
5451
5451
5452
5452
5452
5455
5457
5457
5457
5458
5458
5459
5459
5459
5461
5461
5462
5462
5462
5463
5463
5463
5463
5465
5470
5471
5472
5474
5475
5475
5476
5477
5477
5479
5482
5483
5484
5488
5488
5488
5489
5489
5490
5490
5490
5490
5490
5492
5493
5493
5493
5494
5495
5498
5498
5499
5499
5500
5503
5503
5505
5505
5507
5507
5510
5511
5511
5512
5513
5515
5516
5517
5518
5521
5521
5523
5524
5525
5527
5528
5529
5529
5529
5531
5531
5534
5534
5534
5537
5539
5540
5540
5543
5544
5549
5549
5550
5550
5551
5551
5554
5555
5556
5557
5557
5557
5557
5558
5559
5559
5560
5562
5562
5562
5562
5563
5564
5565
5567
5567
5567
5569
5571
5573
5574
5575
5576
5576
5577
5582
5583
5583
5583
5584
5584
5585
5585
5585
5585
5586
5586
5587
5587
5589
5589
5592
5593
5594
5594
5595
5596
5597
5598
5600
5602
5602
5602
5602
5603
5603
5604
5604
5605
5611
5612
5613
5613
5614
5615
5620
5621
5623
5624
5625
5625
5627
5627
5628
5628
5629
5630
5630
5630
5632
5633
5635
5637
5639
5639
5640
5645
5645
5645
5646
5649
5649
5649
5649
5650
5652
5652
5653
5654
5655
5655
5656
5656
5657
5658
5659
5659
5660
5660
5662
5665
5667
5667
5667
5668
5670
5671
5672
5673
5673
5676
5676
5679
5680
5683
5683
5687
5687
5687
5689
5689
5690
5690
5691
5691
5696
5696
5697
5700
5700
5701
5702
5703
5703
5705
5706
5706
5708
5708
5709
5713
5713
5713
5713
5714
5715
5715
5716
5717
5717
5717
5717
5718
5718
5719
5720
5721
5722
5722
5723
5724
5726
5727
5727
5729
5732
5733
5736
5736
5737
5738
5738
5739
5740
5743
5745
5746
5747
5747
5747
5748
5748
5750
5750
5752
5752
5752
5753
5753
5753
5755
5755
5755
5758
5758
5759
5760
5760
5760
5762
5764
5765
5765
5767
5767
5768
5769
5771
5773
5774
5775
5775
5776
5777
5778
5778
5778
5778
5779
5779
5779
5780
5781
5783
5784
5784
5786
5786
5786
5787
5790
5790
5794
5795
5796
5796
5796
5796
5796
5797
5799
5799
5801
5801
5805
5806
5806
5806
5807
5808
5809
5810
5812
5812
5814
5814
5814
5815
5816
5817
5817
5818
5824
5829
5829
5829
5831
5832
5833
5833
5835
5835
5835
5838
5838
5838
5839
5839
5841
5843
5846
5847
5847
5848
5849
5849
5849
5849
5850
5852
5853
5854
5855
5856
5857
5857
5858
5860
5863
5864
5865
5868
5870
5873
5873
5876
5876
5876
5877
5878
5879
5880
5882
5884
5885
5886
5886
5888
5888
5890
5891
5891
5891
5892
5892
5893
5895
5899
5900
5902
5903
5905
5905
5906
5907
5907
5911
5913
5913
5914
5916
5916
5917
5918
5919
5921
5921
5922
5922
5924
5929
5930
5931
5931
5933
5935
5938
5938
5940
5941
5941
5942
5942
5944
5944
5944
5946
5947
5948
5948
5949
5951
5954
5955
5955
5955
5956
5958
5959
5959
5960
5960
5960
5961
5965
5966
5967
5968
5969
5969
5969
5969
5970
5971
5972
5972
5973
5975
5978
5979
5982
5983
5983
5985
5987
5987
5987
5987
5988
5989
5989
5990
5990
5990
5992
5992
5992
5992
5993
5994
5994
5995
5995
5995
5998
6000
6001
6002
6006
6007
6007
6007
6008
6009
6010
6010
6011
6014
6014
6014
6015
6015
6016
6018
6019
6019
6024
6025
6028
6029
6031
6032
6037
6037
6037
6038
6039
6041
6041
6042
6042
6043
6044
6045
6046
6046
6046
6047
6047
6048
6049
6050
6050
6050
6051
6054
6054
6054
6055
6056
6056
6056
6056
6058
6058
6058
6059
6059
6060
6061
6061
6065
6065
6067
6067
6068
6068
6069
6070
6071
6074
6075
6075
6076
6077
6080
6083
6083
6084
6085
6085
6086
6087
6088
6090
6090
6091
6091
6092
6092
6095
6096
6098
6099
6099
6099
6099
6100
6101
6103
6106
6106
6108
6109
6110
6110
6112
6113
6113
6113
6114
6116
6116
6116
6117
6118
6118
6118
6118
6119
6121
6121
6122
6122
6122
6123
6124
6124
6125
6125
6126
6126
6126
6127
6127
6127
6128
6128
6130
6130
6130
6134
6134
6135
6137
6138
6142
6143
6143
6147
6151
6153
6153
6153
6156
6157
6159
6162
6163
6166
6166
6168
6170
6170
6171
6174
6174
6178
6178
6178
6179
6180
6181
6185
6186
6188
6188
6189
6189
6189
6191
6191
6192
6194
6194
6194
6195
6195
6196
6196
6196
6197
6200
6201
6201
6201
6201
6202
6202
6202
6203
6204
6204
6204
6207
6208
6208
6209
6210
6211
6212
6212
6213
6215
6216
6218
6219
6219
6219
6221
6223
6225
6226
6227
6227
6229
6231
6232
6233
6233
6233
6234
6234
6235
6236
6236
6237
6237
6238
6238
6239
6240
6240
6242
6242
6243
6244
6244
6244
6246
6250
6253
6253
6254
6256
6261
6263
6264
6264
6265
6266
6267
6267
6269
6270
6270
6270
6270
6272
6274
6274
6276
6277
6277
6278
6278
6279
6282
6282
6282
6283
6284
6285
6286
6286
6288
6288
6289
6289
6291
6293
6295
6296
6296
6296
6299
6300
6300
6302
6303
6303
6304
6304
6304
6305
6305
6306
6306
6307
6309
6310
6311
6312
6314
6314
6314
6315
6316
6316
6317
6318
6320
6321
6321
6322
6323
6325
6328
6329
6330
6332
6332
6334
6334
6334
6337
6339
6339
6339
6340
6340
6341
6342
6343
6343
6344
6344
6345
6345
6346
6346
6347
6348
6350
6350
6352
6352
6352
6353
6354
6357
6358
6360
6361
6363
6367
6370
6370
6372
6376
6377
6377
6380
6381
6382
6383
6384
6386
6387
6390
6390
6390
6391
6393
6394
6395
6396
6397
6397
6398
6399
6399
6400
6402
6403
6406
6406
6406
6406
6409
6410
6414
6414
6414
6414
6415
6415
6415
6417
6417
6419
6419
6420
6421
6423
6425
6426
6430
6430
6431
6432
6433
6433
6434
6435
6435
6435
6435
6437
6437
6439
6440
6442
6445
6446
6447
6449
6450
6451
6453
6453
6456
6456
6460
6460
6461
6461
6461
6461
6462
6463
6464
6465
6466
6467
6467
6467
6472
6475
6475
6475
6477
6477
6478
6479
6481
6481
6481
6482
6483
6484
6484
6485
6487
6488
6488
6492
6494
6494
6495
6495
6496
6496
6496
6497
6497
6497
6498
6500
6500
6500
6501
6501
6502
6504
6504
6505
6505
6506
6508
6508
6510
6512
6512
6513
6514
6516
6517
6517
6518
6518
6519
6520
6521
6523
6524
6528
6529
6529
6530
6530
6531
6531
6532
6533
6536
6538
6539
6539
6541
6541
6542
6542
6543
6544
6550
6550
6551
6552
6554
6558
6560
6561
6562
6562
6563
6563
6564
6565
6565
6567
6567
6568
6568
6568
6570
6573
6573
6579
6579
6583
6583
6584
6584
6585
6587
6589
6592
6593
6594
6595
6595
6596
6598
6599
6599
6599
6599
6600
6601
6601
6601
6601
6603
6603
6604
6605
6605
6607
6609
6609
6610
6614
6619
6619
6620
6622
6623
6623
6623
6624
6625
6628
6629
6629
6631
6633
6634
6635
6638
6639
6641
6644
6646
6646
6646
6647
6652
6653
6653
6654
6655
6656
6656
6657
6658
6658
6659
6660
6660
6661
6661
6661
6661
6667
6669
6669
6671
6672
6672
6673
6673
6673
6673
6674
6674
6675
6676
6677
6678
6678
6679
6682
6687
6687
6687
6688
6688
6689
6690
6690
6690
6691
6693
6693
6693
6694
6694
6694
6694
6695
6695
6696
6697
6697
6698
6698
6699
6700
6702
6702
6704
6705
6705
6706
6706
6710
6712
6712
6713
6713
6714
6714
6716
6716
6716
6717
6717
6722
6723
6723
6724
6725
6726
6726
6726
6727
6728
6728
6729
6731
6731
6732
6733
6735
6735
6737
6738
6738
6738
6739
6739
6740
6741
6741
6744
6744
6745
6747
6748
6749
6749
6750
6751
6753
6753
6754
6754
6755
6755
6755
6756
6756
6756
6757
6757
6759
6759
6759
6759
6760
6761
6761
6763
6764
6764
6764
6765
6765
6766
6767
6768
6769
6770
6770
6771
6772
6772
6773
6774
6777
6777
6777
6778
6778
6779
6779
6782
6782
6783
6783
6783
6783
6786
6787
6788
6789
6792
6793
6793
6794
6794
6795
6795
6796
6798
6801
6801
6803
6804
6805
6805
6805
6805
6807
6807
6808
6809
6809
6812
6812
6813
6813
6814
6814
6815
6817
6822
6822
6824
6824
6824
6825
6825
6829
6829
6831
6834
6836
6836
6837
6837
6838
6840
6841
6842
6842
6843
6844
6844
6844
6844
6846
6849
6852
6853
6855
6857
6859
6860
6860
6860
6861
6862
6862
6863
6865
6865
6867
6868
6868
6869
6871
6872
6874
6875
6876
6879
6881
6885
6889
6890
6890
6892
6894
6894
6896
6896
6897
6898
6899
6899
6900
6900
6901
6901
6904
6906
6906
6908
6910
6910
6911
6911
6912
6912
6914
6914
6914
6916
6916
6917
6917
6917
6918
6918
6918
6921
6922
6922
6923
6926
6926
6931
6933
6933
6933
6936
6937
6939
6940
6941
6942
6943
6944
6946
6946
6947
6947
6950
6951
6951
6951
6953
6953
6954
6954
6954
6956
6956
6956
6956
6958
6960
6962
6964
6964
6966
6968
6969
6969
6969
6969
6970
6971
6972
6972
6972
6972
6974
6975
6976
6976
6980
6980
6980
6981
6983
6983
6985
6985
6985
6985
6986
6986
6987
6987
6987
6990
6990
6990
6992
6993
6994
6995
6997
7003
7003
7005
7005
7008
7008
7009
7009
7010
7015
7015
7015
7018
7020
7022
7022
7023
7024
7024
7025
7025
7026
7027
7028
7029
7029
7029
7029
7032
7033
7034
7034
7041
7042
7042
7043
7043
7043
7043
7044
7044
7046
7047
7047
7049
7052
7052
7052
7052
7053
7055
7055
7055
7057
7057
7057
7057
7058
7059
7059
7061
7062
7062
7062
7064
7064
7066
7067
7068
7069
7069
7069
7071
7073
7073
7074
7075
7075
7075
7076
7076
7076
7078
7078
7078
7079
7079
7079
7082
7083
7083
7086
7089
7091
7093
7094
7094
7096
7097
7097
7099
7101
7102
7102
7103
7103
7104
7104
7105
7105
7106
7106
7106
7107
7109
7110
7113
7115
7116
7117
7117
7120
7121
7123
7125
7126
7126
7129
7135
7137
7139
7139
7140
7141
7142
7143
7143
7144
7145
7145
7146
7146
7146
7147
7147
7148
7149
7150
7151
7151
7153
7161
7163
7164
7169
7169
7169
7169
7170
7171
7175
7175
7177
7177
7178
7179
7179
7179
7181
7183
7184
7184
7185
7186
7187
7187
7187
7187
7189
7189
7192
7193
7196
7197
7197
7200
7203
7203
7203
7204
7205
7205
7205
7207
7208
7210
7212
7213
7213
7214
7215
7215
7216
7217
7218
7218
7219
7221
7221
7221
7224
7225
7225
7227
7228
7228
7230
7230
7230
7230
7233
7234
7234
7237
7237
7239
7239
7239
7239
7239
7239
7240
7241
7242
7243
7245
7246
7246
7246
7249
7249
7250
7250
7250
7250
7252
7252
7254
7259
7259
7259
7259
7262
7262
7267
7267
7268
7269
7270
7270
7270
7272
7273
7273
7274
7275
7276
7277
7277
7280
7283
7284
7286
7287
7287
7288
7290
7290
7290
7291
7291
7292
7292
7293
7294
7296
7298
7298
7300
7300
7301
7302
7304
7304
7305
7305
7307
7307
7308
7308
7309
7309
7310
7311
7312
7315
7316
7317
7318
7318
7319
7319
7319
7320
7322
7323
7324
7326
7327
7327
7328
7328
7329
7330
7330
7331
7331
7333
7334
7335
7335
7335
7337
7337
7338
7338
7339
7340
7343
7345
7346
7348
7348
7348
7350
7350
7351
7355
7355
7355
7357
7358
7360
7360
7361
7365
7366
7367
7367
7370
7373
7374
7374
7375
7375
7376
7377
7377
7379
7380
7381
7386
7387
7387
7387
7388
7389
7389
7389
7389
7390
7390
7393
7394
7394
7396
7397
7398
7399
7399
7402
7403
7404
7406
7407
7408
7409
7409
7410
7412
7414
7416
7416
7416
7418
7418
7419
7420
7421
7421
7422
7423
7424
7425
7426
7430
7430
7432
7432
7432
7432
7433
7433
7433
7434
7436
7437
7438
7439
7442
7443
7443
7444
7449
7449
7450
7450
7451
7452
7454
7455
7456
7460
7461
7461
7462
7462
7462
7463
7465
7466
7467
7467
7468
7468
7468
7468
7469
7473
7473
7474
7474
7474
7475
7477
7480
7480
7480
7480
7481
7481
7483
7483
7485
7486
7488
7490
7491
7491
7492
7492
7493
7494
7495
7495
7497
7497
7501
7501
7501
7503
7507
7508
7510
7511
7512
7518
7520
7522
7523
7523
7526
7526
7527
7527
7530
7534
7535
7535
7535
7536
7536
7538
7538
7539
7539
7540
7541
7541
7541
7543
7543
7544
7544
7545
7550
7551
7551
7551
7552
7555
7555
7555
7556
7556
7557
7558
7561
7563
7565
7565
7567
7568
7569
7569
7569
7570
7571
7571
7571
7572
7575
7575
7576
7580
7580
7581
7582
7582
7583
7583
7584
7584
7585
7586
7586
7586
7587
7587
7588
7591
7593
7594
7594
7595
7595
7596
7597
7597
7597
7598
7598
7598
7603
7603
7605
7606
7606
7606
7607
7607
7608
7609
7609
7611
7615
7615
7616
7616
7618
7618
7620
7621
7621
7622
7622
7622
7622
7623
7623
7625
7626
7628
7628
7629
7630
7631
7632
7634
7635
7637
7638
7638
7639
7639
7640
7640
7641
7642
7645
7646
7648
7650
7652
7654
7657
7658
7658
7658
7659
7659
7660
7660
7661
7662
7663
7664
7664
7664
7665
7665
7666
7666
7667
7667
7670
7673
7676
7677
7679
7680
7681
7681
7682
7682
7683
7685
7686
7687
7687
7687
7688
7688
7689
7689
7689
7690
7690
7692
7693
7694
7695
7696
7697
7700
7700
7701
7703
7703
7703
7708
7709
7709
7709
7710
7712
7715
7715
7715
7717
7718
7719
7721
7721
7722
7724
7724
7727
7727
7728
7729
7730
7730
7731
7733
7734
7734
7735
7738
7740
7741
7741
7742
7742
7742
7743
7744
7745
7745
7745
7746
7747
7747
7750
7750
7751
7751
7753
7753
7753
7754
7755
7755
7756
7757
7758
7760
7761
7761
7761
7761
7762
7762
7762
7764
7764
7764
7765
7766
7767
7767
7769
7769
7770
7770
7771
7771
7772
7772
7773
7773
7774
7775
7777
7778
7778
7779
7779
7782
7784
7784
7785
7785
7786
7787
7789
7789
7793
7793
7793
7795
7795
7796
7797
7797
7797
7799
7800
7800
7801
7802
7804
7804
7806
7806
7807
7807
7808
7808
7808
7810
7811
7811
7812
7813
7814
7819
7819
7821
7823
7824
7824
7826
7826
7829
7829
7829
7830
7830
7830
7832
7832
7835
7836
7838
7839
7841
7843
7845
7846
7846
7848
7849
7851
7851
7851
7851
7854
7855
7855
7856
7857
7858
7860
7861
7863
7863
7864
7864
7864
7867
7868
7868
7868
7869
7873
7874
7875
7875
7876
7876
7878
7878
7879
7879
7881
7881
7885
7885
7888
7889
7893
7895
7895
7895
7897
7899
7899
7900
7900
7901
7902
7903
7909
7910
7911
7913
7913
7914
7915
7917
7918
7920
7922
7926
7927
7928
7929
7929
7930
7930
7930
7931
7937
7937
7940
7941
7942
7942
7943
7943
7944
7945
7947
7948
7951
7952
7953
7954
7955
7956
7956
7958
7961
7961
7961
7962
7962
7963
7963
7967
7968
7969
7970
7974
7976
7976
7976
7976
7976
7976
7978
7978
7980
7981
7982
7982
7983
7983
7984
7985
7986
7990
7992
7993
7993
7995
7995
7995
7995
7996
7996
7997
7997
7999
8000
8001
8001
8002
8005
8005
8005
8006
8007
8009
8010
8010
8010
8011
8013
8013
8013
8013
8014
8014
8016
8017
8019
8020
8022
8025
8026
8030
8030
8031
8032
8034
8036
8036
8037
8037
8037
8038
8039
8040
8040
8042
8042
8043
8045
8045
8046
8047
8048
8050
8050
8051
8053
8054
8057
8058
8058
8058
8062
8062
8063
8065
8066
8067
8067
8069
8069
8069
8069
8070
8070
8071
8071
8072
8072
8074
8078
8079
8081
8081
8081
8083
8084
8085
8086
8089
8090
8090
8096
8097
8098
8099
8100
8100
8101
8101
8102
8103
8103
8104
8104
8106
8107
8108
8108
8110
8110
8114
8115
8115
8117
8119
8119
8120
8120
8124
8124
8126
8127
8127
8130
8130
8131
8132
8132
8134
8135
8137
8139
8139
8140
8140
8140
8142
8144
8144
8145
8146
8147
8148
8149
8151
8152
8153
8153
8154
8155
8155
8157
8158
8158
8159
8161
8161
8163
8164
8165
8166
8166
8168
8169
8170
8171
8171
8173
8173
8175
8175
8178
8179
8180
8182
8182
8183
8184
8185
8187
8188
8189
8190
8191
8192
8193
8194
8194
8195
8195
8195
8196
8196
8197
8198
8199
8201
8202
8205
8207
8208
8208
8209
8210
8211
8214
8218
8219
8220
8220
8221
8221
8223
8223
8224
8224
8227
8230
8230
8232
8232
8234
8234
8235
8235
8235
8236
8237
8238
8238
8239
8241
8242
8242
8242
8244
8244
8244
8247
8248
8249
8250
8250
8250
8256
8256
8258
8259
8259
8259
8259
8260
8261
8261
8262
8263
8263
8264
8265
8266
8267
8268
8269
8271
8271
8275
8276
8278
8279
8279
8281
8283
8284
8288
8290
8291
8291
8291
8292
8293
8294
8294
8294
8295
8297
8297
8298
8298
8299
8300
8303
8303
8304
8308
8310
8311
8312
8313
8313
8313
8314
8315
8316
8318
8318
8319
8320
8320
8320
8321
8321
8323
8324
8324
8326
8328
8329
8330
8332
8336
8337
8337
8337
8338
8338
8338
8339
8339
8339
8341
8341
8341
8342
8343
8345
8345
8347
8350
8350
8352
8354
8356
8357
8357
8360
8362
8363
8363
8363
8365
8367
8368
8369
8369
8370
8373
8373
8374
8376
8377
8377
8381
8381
8381
8381
8381
8383
8383
8384
8384
8385
8387
8388
8389
8390
8394
8395
8396
8397
8398
8401
8404
8405
8405
8406
8406
8408
8408
8410
8411
8411
8413
8413
8414
8415
8415
8416
8416
8420
8420
8420
8425
8425
8426
8426
8427
8427
8428
8428
8430
8431
8434
8434
8437
8437
8438
8438
8438
8440
8444
8444
8444
8445
8446
8446
8446
8448
8448
8448
8449
8450
8450
8450
8451
8453
8453
8453
8454
8455
8456
8458
8459
8459
8461
8461
8461
8464
8465
8465
8466
8467
8472
8472
8473
8474
8474
8475
8476
8477
8479
8484
8484
8485
8486
8487
8487
8487
8488
8488
8489
8489
8490
8491
8493
8494
8494
8495
8497
8499
8500
8500
8501
8504
8505
8506
8507
8509
8511
8511
8513
8513
8514
8516
8517
8517
8520
8522
8523
8524
8524
8527
8528
8528
8529
8529
8529
8530
8531
8531
8531
8532
8534
8534
8536
8537
8537
8539
8541
8542
8542
8545
8545
8547
8547
8547
8548
8549
8550
8552
8552
8553
8556
8557
8558
8558
8559
8562
8563
8563
8566
8566
8566
8567
8568
8568
8570
8571
8571
8574
8574
8576
8576
8576
8576
8579
8579
8580
8581
8585
8586
8587
8587
8587
8590
8590
8591
8592
8594
8598
8598
8601
8601
8603
8603
8605
8607
8607
8609
8611
8611
8612
8612
8612
8613
8615
8615
8616
8616
8617
8619
8620
8623
8627
8628
8630
8631
8631
8632
8633
8633
8635
8635
8637
8637
8638
8639
8640
8640
8641
8641
8642
8642
8643
8647
8647
8649
8649
8649
8651
8651
8651
8654
8654
8655
8656
8656
8657
8657
8658
8659
8659
8660
8660
8663
8665
8666
8667
8668
8668
8673
8673
8674
8675
8676
8676
8677
8677
8677
8678
8680
8681
8681
8682
8682
8682
8682
8684
8684
8685
8686
8687
8689
8689
8689
8690
8691
8691
8691
8691
8691
8691
8692
8694
8694
8694
8694
8695
8695
8696
8697
8697
8697
8697
8698
8700
8700
8700
8702
8703
8703
8703
8707
8707
8707
8708
8708
8708
8708
8712
8713
8713
8713
8717
8718
8720
8720
8721
8721
8722
8722
8722
8722
8726
8726
8729
8731
8731
8733
8733
8734
8736
8737
8738
8738
8738
8740
8741
8743
8743
8744
8744
8745
8745
8747
8748
8749
8749
8752
8754
8755
8757
8757
8757
8759
8760
8761
8762
8762
8764
8764
8765
8765
8766
8767
8767
8767
8768
8768
8770
8771
8774
8774
8774
8775
8776
8777
8777
8778
8778
8778
8779
8780
8780
8781
8782
8785
8785
8785
8786
8790
8791
8794
8795
8795
8795
8797
8797
8799
8800
8802
8805
8805
8806
8806
8807
8808
8812
8816
8816
8816
8817
8818
8819
8820
8821
8821
8824
8825
8826
8826
8828
8828
8828
8830
8830
8831
8832
8832
8832
8833
8835
8836
8840
8840
8841
8844
8844
8846
8848
8851
8852
8853
8853
8856
8856
8857
8859
8859
8859
8860
8865
8865
8866
8866
8867
8868
8869
8869
8870
8871
8873
8874
8874
8875
8875
8877
8879
8879
8881
8882
8883
8884
8886
8886
8887
8891
8893
8895
8897
8897
8898
8899
8899
8899
8900
8900
8902
8905
8905
8906
8910
8910
8911
8911
8912
8912
8913
8913
8914
8915
8916
8919
8919
8919
8921
8921
8922
8922
8923
8923
8924
8926
8927
8928
8928
8930
8931
8931
8934
8934
8935
8937
8937
8939
8939
8940
8942
8942
8944
8945
8946
8946
8948
8949
8950
8950
8951
8951
8952
8952
8954
8955
8955
8956
8957
8959
8961
8962
8962
8963
8963
8963
8964
8964
8965
8965
8965
8966
8966
8967
8969
8970
8970
8971
8971
8971
8972
8972
8973
8974
8974
8975
8975
8976
8976
8976
8977
8978
8978
8979
8979
8980
8980
8980
8981
8982
8983
8983
8984
8984
8986
8986
8987
8987
8988
8989
8989
8990
8991
8992
8993
8994
8994
8995
8996
8996
8996
8996
8997
8997
9000
9001
9003
9003
9004
9004
9006
9009
9010
9010
9011
9012
9012
9013
9015
9015
9019
9020
9020
9021
9022
9023
9024
9024
9024
9025
9026
9027
9029
9031
9031
9031
9033
9034
9035
9036
9036
9036
9039
9039
9039
9039
9039
9042
9043
9043
9043
9045
9046
9047
9048
9049
9049
9050
9051
9052
9053
9059
9060
9063
9067
9067
9068
9068
9069
9070
9070
9071
9071
9072
9075
9077
9077
9078
9078
9078
9079
9083
9084
9084
9084
9086
9087
9088
9088
9088
9090
9090
9091
9091
9095
9095
9095
9095
9096
9096
9098
9100
9100
9102
9103
9104
9106
9107
9107
9108
9110
9110
9112
9115
9115
9116
9117
9118
9118
9119
9119
9123
9124
9124
9124
9128
9128
9130
9130
9130
9131
9136
9136
9138
9139
9139
9140
9140
9141
9145
9145
9145
9149
9150
9150
9151
9151
9151
9152
9153
9153
9154
9155
9156
9159
9159
9160
9160
9160
9163
9163
9163
9164
9165
9165
9165
9167
9167
9168
9168
9169
9171
9173
9174
9177
9177
9178
9179
9183
9186
9186
9187
9187
9187
9190
9191
9191
9192
9195
9199
9200
9200
9200
9202
9203
9205
9206
9209
9210
9210
9210
9211
9212
9212
9213
9213
9215
9216
9219
9219
9221
9222
9225
9227
9228
9228
9228
9229
9229
9230
9230
9233
9233
9233
9234
9234
9235
9235
9236
9236
9236
9237
9237
9239
9241
9241
9241
9242
9242
9243
9244
9245
9246
9246
9248
9250
9251
9252
9253
9254
9254
9255
9256
9259
9259
9259
9260
9260
9262
9263
9264
9264
9265
9265
9265
9266
9267
9268
9270
9271
9271
9272
9272
9273
9274
9275
9276
9279
9281
9281
9283
9283
9283
9287
9288
9289
9290
9291
9291
9294
9295
9295
9295
9296
9298
9299
9304
9304
9306
9307
9307
9309
9310
9310
9311
9313
9313
9313
9313
9314
9315
9317
9320
9320
9320
9320
9321
9321
9323
9324
9324
9327
9327
9330
9330
9331
9335
9336
9336
9337
9338
9339
9343
9344
9344
9345
9346
9349
9350
9353
9354
9355
9355
9355
9356
9356
9357
9359
9359
9360
9361
9363
9363
9363
9365
9365
9367
9368
9368
9368
9369
9369
9371
9371
9372
9374
9377
9380
9382
9382
9383
9383
9385
9386
9386
9387
9387
9388
9389
9390
9390
9394
9395
9397
9399
9399
9400
9401
9402
9403
9403
9404
9405
9405
9406
9406
9409
9409
9410
9411
9411
9412
9414
9414
9415
9416
9416
9418
9419
9420
9420
9420
9420
9422
9422
9424
9425
9426
9427
9427
9428
9428
9430
9430
9431
9432
9432
9432
9432
9432
9436
9436
9436
9436
9437
9438
9440
9440
9441
9442
9443
9446
9446
9446
9447
9447
9448
9448
9449
9451
9452
9453
9454
9456
9457
9457
9459
9462
9465
9466
9466
9467
9467
9468
9468
9469
9470
9471
9471
9473
9473
9473
9473
9475
9475
9476
9480
9481
9481
9482
9485
9486
9487
9487
9487
9488
9489
9489
9490
9491
9492
9492
9492
9493
9496
9496
9498
9500
9501
9504
9504
9505
9506
9507
9507
9507
9508
9509
9509
9513
9516
9516
9517
9517
9518
9518
9520
9520
9521
9521
9522
9523
9524
9525
9528
9531
9532
9535
9539
9539
9540
9541
9543
9547
9548
9548
9548
9550
9551
9553
9553
9554
9554
9555
9555
9558
9559
9560
9562
9564
9564
9565
9566
9566
9568
9568
9569
9570
9571
9572
9573
9575
9576
9576
9577
9578
9580
9582
9586
9587
9587
9587
9587
9588
9588
9589
9589
9589
9590
9591
9593
9593
9597
9599
9600
9600
9601
9602
9602
9604
9604
9606
9606
9608
9609
9609
9610
9612
9613
9613
9614
9614
9614
9615
9615
9616
9617
9617
9618
9618
9619
9619
9620
9621
9621
9623
9623
9624
9624
9624
9624
9624
9625
9625
9627
9627
9628
9629
9630
9633
9636
9636
9638
9638
9638
9638
9639
9642
9643
9645
9648
9651
9655
9655
9655
9657
9658
9658
9658
9659
9659
9659
9659
9661
9662
9664
9666
9668
9671
9671
9672
9675
9675
9675
9676
9677
9678
9679
9685
9685
9685
9686
9686
9687
9688
9688
9689
9689
9691
9691
9693
9694
9695
9695
9695
9695
9696
9697
9697
9698
9699
9700
9701
9703
9703
9705
9705
9706
9707
9709
9710
9710
9710
9711
9714
9716
9717
9718
9718
9719
9719
9722
9722
9722
9724
9725
9725
9725
9726
9726
9726
9728
9728
9729
9730
9730
9730
9731
9735
9736
9737
9737
9739
9742
9742
9743
9743
9744
9744
9745
9745
9746
9747
9747
9748
9749
9749
9751
9753
9754
9754
9754
9754
9759
9759
9759
9760
9761
9761
9763
9764
9765
9768
9768
9769
9772
9774
9778
9778
9778
9779
9779
9780
9781
9781
9781
9781
9783
9785
9787
9788
9790
9791
9791
9792
9792
9794
9794
9796
9796
9797
9797
9797
9798
9799
9799
9799
9804
9806
9807
9807
9808
9808
9813
9814
9815
9817
9819
9819
9821
9821
9822
9823
9823
9825
9825
9826
9827
9830
9830
9832
9834
9835
9835
9836
9836
9837
9840
9842
9844
9845
9845
9846
9846
9848
9848
9848
9850
9850
9851
9852
9852
9853
9856
9857
9858
9858
9860
9861
9861
9862
9862
9864
9865
9866
9866
9868
9868
9869
9870
9871
9872
9874
9874
9878
9878
9878
9878
9879
9879
9879
9879
9881
9882
9885
9885
9886
9887
9889
9891
9891
9893
9894
9895
9899
9899
9899
9901
9901
9902
9904
9905
9906
9907
9908
9908
9913
9915
9915
9916
9918
9919
9922
9925
9928
9929
9933
9934
9935
9936
9936
9938
9938
9941
9941
9942
9942
9943
9944
9945
9945
9946
9948
9948
9950
9950
9951
9953
9955
9955
9955
9957
9957
9959
9960
9960
9962
9963
9963
9964
9964
9965
9966
9966
9966
9966
9967
9967
9968
9970
9971
9972
9972
9972
9973
9973
9974
9975
9976
9976
9977
9977
9979
9980
9981
9981
9981
9982
9982
9982
9982
9984
9985
9985
9986
9986
9989
9989
9991
9991
9992
9992
9993
9993
9994
9994
9995
9996
9997
9997
9998
9998
9998
9999
