41.047096252441406
40.18688201904297
39.73722457885742
39.78776931762695
39.82210159301758
39.63589668273926
39.63422775268555
39.30401802062988
39.190053939819336
41.16415977478027
39.730072021484375
40.0850772857666
40.87972640991211
40.62199592590332
40.26079177856445
41.18204116821289
42.510986328125
41.548728942871094
41.61787033081055
42.9842472076416
40.98010063171387
39.694786071777344
42.578935623168945
39.797067642211914
39.572954177856445
39.58702087402344
41.338205337524414
49.40485954284668
39.559125900268555
39.21318054199219
