9999
9999
9999
9998
9996
9993
9992
9991
9990
9987
9985
9984
9982
9980
9979
9978
9977
9977
9977
9977
9976
9975
9974
9973
9973
9972
9971
9971
9970
9969
9969
9968
9966
9965
9965
9965
9965
9964
9962
9961
9960
9959
9958
9957
9955
9954
9952
9951
9950
9950
9948
9946
9945
9945
9945
9944
9944
9943
9941
9940
9940
9937
9937
9936
9935
9935
9934
9933
9933
9930
9930
9929
9924
9924
9924
9923
9923
9922
9921
9921
9921
9920
9918
9917
9917
9917
9916
9916
9915
9915
9915
9914
9913
9913
9913
9910
9907
9907
9906
9906
9905
9903
9902
9902
9901
9900
9900
9899
9897
9897
9895
9894
9894
9892
9890
9890
9889
9889
9885
9884
9884
9883
9883
9883
9879
9878
9874
9873
9873
9872
9872
9871
9870
9870
9870
9869
9869
9868
9867
9867
9866
9864
9861
9858
9858
9857
9855
9855
9855
9855
9854
9854
9854
9853
9851
9851
9851
9849
9848
9847
9846
9845
9842
9842
9842
9840
9838
9832
9832
9832
9830
9830
9829
9829
9828
9827
9826
9825
9825
9822
9818
9818
9818
9816
9815
9815
9815
9815
9813
9813
9812
9810
9810
9810
9806
9804
9803
9802
9802
9801
9800
9799
9797
9796
9796
9796
9796
9792
9792
9791
9791
9789
9788
9784
9783
9782
9782
9782
9781
9779
9777
9775
9773
9772
9771
9770
9770
9770
9768
9768
9766
9764
9763
9762
9759
9758
9757
9756
9755
9754
9753
9753
9752
9752
9750
9749
9747
9746
9746
9746
9745
9744
9742
9742
9741
9741
9740
9740
9740
9738
9736
9736
9735
9735
9733
9733
9732
9730
9727
9727
9727
9726
9725
9724
9724
9722
9721
9721
9720
9719
9718
9717
9717
9715
9714
9712
9711
9707
9706
9702
9702
9701
9700
9699
9699
9697
9695
9695
9695
9695
9695
9694
9693
9692
9692
9692
9691
9690
9690
9688
9687
9687
9686
9686
9686
9685
9685
9684
9684
9683
9681
9679
9678
9675
9675
9674
9672
9671
9671
9669
9665
9664
9663
9661
9660
9659
9659
9658
9657
9653
9653
9652
9651
9647
9646
9646
9645
9645
9644
9643
9642
9642
9642
9642
9640
9639
9638
9638
9638
9637
9636
9635
9634
9634
9631
9630
9630
9627
9621
9620
9619
9619
9618
9617
9616
9614
9611
9610
9610
9609
9605
9603
9603
9603
9602
9602
9602
9599
9599
9598
9598
9598
9596
9595
9595
9593
9593
9592
9591
9590
9590
9586
9584
9581
9578
9577
9577
9577
9577
9572
9570
9570
9569
9568
9568
9567
9566
9565
9564
9562
9561
9561
9560
9557
9556
9554
9554
9553
9550
9549
9549
9549
9549
9545
9544
9541
9540
9540
9538
9534
9533
9532
9532
9531
9530
9529
9528
9527
9527
9526
9526
9525
9523
9521
9521
9519
9519
9518
9517
9515
9514
9513
9512
9512
9511
9510
9509
9508
9507
9507
9507
9506
9506
9506
9506
9503
9503
9503
9503
9503
9502
9500
9499
9499
9498
9498
9497
9495
9494
9493
9493
9492
9491
9491
9490
9489
9488
9487
9486
9484
9483
9483
9483
9482
9482
9482
9479
9479
9479
9476
9473
9471
9470
9470
9468
9467
9467
9464
9464
9462
9458
9457
9457
9456
9454
9453
9453
9453
9452
9452
9451
9450
9450
9450
9450
9449
9448
9446
9446
9445
9444
9443
9442
9442
9441
9441
9441
9441
9440
9440
9438
9435
9434
9434
9432
9432
9429
9428
9428
9428
9427
9423
9422
9422
9421
9421
9420
9420
9420
9420
9419
9418
9417
9417
9415
9414
9413
9411
9409
9409
9408
9406
9406
9404
9403
9402
9399
9398
9398
9397
9395
9395
9395
9394
9393
9392
9392
9391
9391
9387
9387
9387
9386
9385
9384
9382
9381
9381
9380
9379
9378
9378
9378
9377
9376
9373
9372
9371
9370
9369
9368
9366
9364
9362
9362
9362
9362
9361
9360
9359
9358
9358
9356
9356
9356
9355
9355
9355
9354
9354
9354
9353
9352
9352
9351
9349
9348
9348
9347
9346
9346
9345
9345
9345
9345
9345
9345
9345
9341
9340
9339
9339
9338
9333
9333
9331
9330
9329
9328
9328
9326
9326
9325
9324
9323
9323
9323
9322
9322
9322
9322
9321
9320
9320
9320
9319
9317
9317
9316
9316
9316
9315
9314
9313
9313
9312
9310
9310
9309
9309
9309
9307
9307
9307
9305
9301
9300
9300
9298
9295
9295
9293
9292
9289
9287
9286
9286
9284
9282
9282
9281
9278
9278
9277
9277
9276
9275
9274
9273
9271
9270
9269
9265
9265
9264
9264
9263
9263
9261
9261
9261
9261
9261
9258
9257
9257
9255
9254
9254
9252
9252
9251
9251
9251
9251
9250
9248
9248
9247
9245
9245
9244
9243
9243
9242
9241
9240
9238
9237
9235
9234
9234
9234
9232
9231
9231
9231
9230
9230
9229
9228
9228
9227
9226
9226
9226
9224
9224
9223
9223
9223
9222
9221
9219
9219
9219
9216
9216
9216
9215
9214
9214
9213
9212
9211
9211
9210
9210
9209
9209
9209
9208
9206
9205
9205
9205
9204
9203
9200
9198
9198
9197
9197
9196
9194
9194
9194
9194
9193
9193
9190
9189
9189
9188
9186
9184
9183
9182
9181
9180
9179
9176
9175
9174
9174
9174
9174
9173
9173
9172
9170
9169
9165
9165
9164
9164
9163
9162
9161
9161
9160
9159
9159
9158
9158
9155
9155
9154
9153
9150
9149
9149
9149
9146
9144
9143
9142
9142
9139
9138
9138
9137
9137
9136
9136
9135
9134
9133
9132
9132
9131
9131
9131
9131
9131
9129
9129
9128
9128
9128
9127
9126
9126
9124
9124
9123
9122
9120
9119
9118
9118
9118
9117
9116
9114
9114
9114
9113
9113
9112
9111
9110
9108
9105
9104
9102
9097
9097
9095
9094
9093
9092
9092
9092
9091
9091
9091
9090
9087
9086
9085
9085
9084
9083
9082
9080
9080
9080
9079
9079
9079
9075
9073
9071
9069
9066
9062
9062
9054
9053
9053
9049
9049
9046
9046
9045
9044
9038
9038
9038
9035
9035
9035
9033
9032
9032
9032
9031
9030
9029
9028
9028
9024
9023
9022
9021
9021
9020
9020
9019
9015
9014
9014
9013
9013
9010
9010
9009
9009
9008
9006
9006
9004
9003
9002
9002
9001
9000
8999
8998
8998
8997
8997
8993
8992
8991
8990
8990
8988
8987
8983
8983
8981
8981
8981
8979
8979
8978
8978
8977
8976
8976
8972
8971
8968
8968
8968
8967
8965
8964
8961
8961
8960
8958
8954
8954
8954
8953
8953
8952
8949
8948
8947
8946
8944
8942
8941
8940
8940
8940
8939
8937
8936
8934
8932
8932
8930
8929
8927
8926
8926
8926
8925
8925
8922
8922
8921
8921
8920
8918
8918
8915
8915
8915
8914
8914
8914
8913
8911
8911
8909
8909
8907
8907
8904
8904
8904
8903
8903
8901
8901
8901
8899
8898
8898
8897
8896
8896
8895
8895
8895
8893
8889
8889
8889
8886
8885
8885
8885
8884
8883
8882
8879
8879
8878
8878
8877
8877
8876
8876
8874
8874
8873
8873
8872
8871
8871
8871
8870
8869
8868
8867
8867
8867
8862
8861
8861
8861
8860
8859
8859
8859
8856
8856
8854
8854
8854
8852
8851
8851
8850
8849
8849
8849
8848
8848
8844
8844
8841
8840
8840
8839
8838
8837
8836
8833
8833
8832
8832
8830
8827
8824
8823
8823
8816
8814
8814
8812
8810
8810
8810
8808
8807
8807
8807
8806
8806
8806
8804
8803
8802
8802
8801
8801
8801
8799
8798
8797
8797
8796
8791
8791
8790
8788
8788
8786
8782
8780
8779
8777
8775
8774
8773
8773
8773
8773
8769
8766
8765
8764
8764
8761
8759
8756
8756
8755
8755
8754
8754
8753
8752
8752
8750
8746
8743
8742
8741
8741
8740
8740
8738
8738
8734
8732
8731
8729
8727
8727
8726
8726
8726
8723
8722
8722
8721
8720
8720
8720
8719
8718
8718
8717
8715
8715
8712
8712
8710
8709
8709
8709
8708
8706
8706
8706
8705
8705
8704
8704
8703
8702
8702
8700
8700
8698
8698
8697
8697
8697
8696
8695
8694
8693
8693
8692
8692
8691
8689
8688
8688
8687
8686
8685
8684
8683
8682
8682
8681
8680
8679
8678
8678
8675
8669
8669
8665
8665
8665
8664
8663
8663
8661
8660
8660
8660
8659
8659
8658
8658
8657
8657
8657
8657
8657
8656
8654
8653
8653
8652
8652
8649
8649
8649
8648
8648
8647
8647
8647
8644
8643
8642
8642
8640
8640
8640
8639
8637
8635
8635
8631
8629
8629
8627
8625
8625
8624
8623
8623
8621
8619
8618
8617
8612
8612
8611
8611
8611
8610
8610
8609
8607
8606
8602
8601
8601
8601
8601
8601
8600
8599
8599
8598
8597
8596
8595
8595
8594
8594
8594
8594
8591
8590
8590
8589
8588
8588
8587
8587
8586
8586
8584
8583
8582
8582
8581
8581
8581
8580
8580
8579
8576
8576
8575
8574
8572
8571
8568
8567
8560
8558
8558
8557
8557
8556
8555
8555
8553
8553
8553
8552
8552
8547
8547
8543
8543
8542
8542
8541
8541
8537
8537
8537
8536
8535
8532
8531
8530
8530
8530
8530
8530
8529
8529
8529
8528
8527
8527
8526
8526
8525
8525
8525
8524
8523
8522
8521
8521
8519
8519
8518
8518
8517
8517
8516
8515
8512
8512
8510
8510
8509
8507
8507
8507
8504
8504
8504
8503
8503
8501
8501
8500
8499
8499
8498
8498
8498
8497
8495
8495
8494
8494
8493
8493
8493
8492
8492
8490
8489
8489
8489
8488
8487
8487
8487
8487
8486
8484
8481
8481
8480
8480
8480
8478
8477
8476
8476
8476
8474
8471
8470
8470
8468
8467
8467
8464
8464
8462
8461
8458
8451
8451
8450
8450
8449
8448
8447
8446
8442
8441
8435
8435
8434
8433
8433
8432
8430
8429
8427
8427
8425
8424
8424
8423
8421
8421
8421
8420
8420
8418
8417
8416
8415
8411
8410
8409
8408
8406
8406
8406
8404
8403
8401
8400
8400
8400
8399
8398
8398
8397
8396
8395
8393
8393
8393
8393
8388
8388
8387
8387
8387
8386
8385
8385
8384
8383
8383
8381
8381
8381
8380
8379
8378
8377
8377
8376
8376
8376
8372
8369
8369
8368
8368
8367
8364
8364
8362
8362
8362
8360
8360
8359
8357
8357
8356
8354
8353
8352
8349
8349
8349
8349
8349
8347
8347
8346
8343
8342
8341
8341
8341
8341
8340
8337
8333
8332
8331
8329
8328
8327
8327
8325
8323
8321
8319
8317
8317
8316
8315
8314
8313
8313
8313
8312
8311
8310
8310
8309
8308
8308
8307
8307
8306
8305
8304
8304
8302
8301
8300
8298
8294
8294
8293
8293
8292
8292
8291
8291
8288
8287
8287
8287
8287
8287
8286
8285
8282
8279
8279
8278
8276
8276
8276
8275
8274
8273
8273
8271
8271
8271
8271
8270
8269
8268
8268
8268
8265
8264
8263
8263
8263
8261
8261
8261
8260
8260
8259
8258
8256
8256
8255
8254
8254
8254
8251
8251
8249
8249
8249
8248
8247
8246
8246
8244
8243
8242
8242
8240
8239
8237
8236
8234
8233
8233
8233
8232
8231
8230
8230
8228
8228
8228
8228
8228
8225
8225
8224
8223
8222
8221
8214
8214
8213
8213
8213
8211
8211
8210
8207
8206
8206
8204
8203
8202
8200
8199
8198
8198
8198
8198
8197
8196
8196
8195
8194
8194
8193
8193
8190
8189
8184
8183
8182
8182
8182
8181
8180
8177
8175
8175
8174
8174
8173
8170
8169
8169
8169
8169
8169
8169
8169
8169
8167
8166
8165
8165
8163
8163
8162
8161
8160
8158
8156
8155
8152
8151
8148
8147
8147
8146
8145
8145
8144
8144
8142
8141
8140
8139
8138
8138
8135
8134
8134
8134
8132
8130
8130
8129
8129
8129
8128
8128
8127
8126
8119
8118
8118
8118
8118
8117
8117
8117
8117
8116
8110
8108
8107
8106
8105
8104
8103
8102
8101
8101
8100
8099
8098
8096
8093
8091
8091
8090
8090
8090
8089
8088
8088
8087
8086
8085
8083
8082
8081
8080
8080
8079
8078
8077
8077
8076
8075
8075
8073
8070
8069
8067
8066
8063
8062
8060
8059
8059
8058
8058
8058
8058
8057
8057
8053
8051
8051
8050
8050
8049
8049
8049
8049
8048
8046
8046
8045
8044
8042
8042
8040
8039
8039
8038
8038
8038
8037
8037
8037
8036
8036
8036
8035
8035
8035
8034
8034
8034
8033
8030
8029
8028
8027
8024
8022
8021
8021
8021
8019
8018
8018
8018
8017
8016
8016
8014
8013
8012
8011
8009
8007
8007
8007
8007
8005
8004
8004
8003
8002
8000
7998
7997
7992
7992
7991
7990
7988
7988
7988
7988
7987
7984
7982
7980
7980
7978
7978
7978
7977
7976
7975
7975
7973
7972
7970
7970
7968
7968
7967
7966
7966
7966
7964
7962
7960
7957
7956
7955
7952
7951
7950
7950
7949
7948
7947
7947
7947
7946
7944
7943
7943
7942
7942
7937
7937
7937
7936
7932
7929
7928
7928
7922
7921
7919
7919
7918
7918
7916
7916
7915
7915
7914
7913
7913
7912
7912
7912
7911
7911
7911
7910
7910
7909
7908
7908
7907
7906
7906
7905
7905
7904
7904
7903
7902
7899
7898
7898
7897
7897
7894
7894
7893
7890
7889
7889
7888
7887
7887
7885
7884
7883
7883
7883
7882
7882
7882
7882
7882
7880
7879
7879
7879
7877
7876
7876
7875
7873
7873
7872
7871
7870
7869
7868
7867
7867
7866
7866
7866
7862
7861
7860
7860
7860
7858
7858
7856
7856
7853
7853
7852
7852
7851
7850
7850
7850
7850
7848
7847
7846
7843
7842
7840
7840
7840
7840
7840
7839
7838
7835
7833
7832
7830
7828
7828
7825
7823
7823
7821
7821
7821
7820
7820
7819
7818
7817
7817
7816
7815
7814
7814
7811
7811
7810
7810
7810
7809
7808
7807
7806
7805
7805
7804
7803
7802
7802
7802
7801
7798
7797
7797
7795
7794
7793
7793
7791
7791
7790
7789
7788
7787
7787
7785
7783
7782
7780
7778
7778
7777
7776
7775
7775
7773
7769
7768
7768
7767
7766
7764
7763
7761
7757
7756
7756
7756
7752
7751
7749
7748
7747
7746
7745
7745
7744
7743
7743
7741
7741
7741
7740
7740
7740
7738
7738
7737
7736
7734
7732
7732
7731
7729
7729
7728
7728
7723
7721
7721
7721
7719
7718
7718
7717
7717
7717
7716
7716
7715
7714
7711
7709
7708
7708
7708
7707
7707
7706
7706
7705
7705
7703
7703
7703
7702
7701
7700
7700
7698
7698
7697
7696
7696
7695
7695
7695
7694
7693
7692
7692
7691
7689
7689
7688
7687
7685
7684
7684
7683
7682
7682
7680
7677
7676
7675
7675
7674
7673
7672
7669
7668
7668
7668
7666
7666
7665
7665
7664
7662
7660
7660
7659
7657
7657
7656
7654
7654
7652
7651
7650
7650
7649
7646
7646
7646
7643
7642
7642
7641
7641
7641
7640
7638
7636
7635
7635
7633
7633
7632
7631
7630
7630
7630
7622
7621
7620
7616
7616
7615
7615
7613
7612
7612
7610
7609
7609
7609
7606
7605
7604
7603
7603
7602
7600
7599
7599
7599
7597
7596
7596
7594
7593
7593
7590
7590
7589
7588
7588
7587
7587
7587
7586
7585
7583
7582
7580
7580
7579
7578
7576
7572
7572
7571
7571
7570
7570
7569
7569
7568
7566
7566
7566
7566
7566
7566
7565
7564
7564
7564
7563
7561
7556
7556
7556
7555
7555
7555
7555
7555
7554
7552
7551
7550
7549
7549
7548
7547
7547
7546
7543
7543
7542
7540
7539
7539
7539
7538
7538
7537
7537
7536
7536
7535
7535
7534
7533
7527
7526
7526
7524
7523
7522
7522
7521
7520
7519
7517
7515
7515
7511
7510
7510
7510
7509
7508
7507
7506
7505
7502
7502
7500
7500
7499
7497
7497
7497
7497
7496
7496
7495
7493
7490
7488
7488
7487
7485
7484
7484
7483
7481
7481
7481
7479
7479
7476
7475
7475
7473
7470
7467
7466
7466
7464
7464
7464
7460
7459
7459
7458
7456
7455
7455
7452
7452
7452
7450
7450
7448
7445
7445
7445
7443
7442
7441
7440
7439
7438
7437
7437
7437
7437
7435
7435
7435
7434
7434
7434
7433
7433
7432
7431
7428
7427
7426
7424
7423
7423
7423
7419
7418
7418
7417
7417
7416
7415
7415
7415
7412
7412
7410
7409
7409
7408
7407
7407
7403
7403
7402
7402
7402
7401
7400
7400
7399
7399
7399
7396
7396
7396
7394
7392
7390
7389
7389
7389
7388
7388
7387
7386
7386
7385
7384
7383
7383
7382
7381
7381
7376
7375
7374
7373
7373
7373
7370
7369
7368
7368
7367
7367
7364
7363
7363
7362
7361
7360
7360
7359
7358
7358
7356
7355
7355
7354
7354
7353
7353
7353
7352
7352
7351
7350
7349
7349
7346
7344
7343
7343
7342
7340
7339
7338
7338
7337
7336
7335
7335
7334
7333
7332
7329
7328
7326
7326
7325
7323
7322
7321
7321
7321
7320
7320
7318
7317
7316
7314
7313
7313
7310
7310
7309
7309
7308
7307
7306
7306
7304
7303
7303
7302
7301
7301
7300
7300
7300
7300
7299
7299
7299
7297
7297
7296
7296
7294
7293
7293
7292
7291
7291
7291
7290
7287
7284
7283
7283
7283
7282
7281
7281
7280
7279
7277
7272
7272
7271
7271
7268
7268
7267
7267
7266
7264
7264
7263
7263
7263
7261
7261
7260
7259
7259
7257
7256
7256
7255
7254
7254
7253
7253
7252
7251
7250
7249
7248
7246
7246
7245
7244
7243
7243
7243
7240
7239
7239
7238
7237
7236
7233
7232
7228
7228
7227
7226
7226
7224
7223
7222
7218
7218
7216
7216
7216
7215
7215
7213
7213
7212
7211
7211
7208
7208
7207
7206
7206
7205
7205
7204
7202
7201
7201
7200
7199
7198
7197
7197
7196
7195
7194
7193
7192
7190
7189
7187
7187
7186
7184
7180
7180
7179
7177
7176
7176
7176
7174
7172
7171
7169
7167
7166
7162
7162
7160
7160
7159
7158
7157
7156
7155
7151
7151
7149
7149
7148
7147
7146
7145
7144
7144
7144
7144
7142
7141
7140
7139
7138
7138
7136
7135
7134
7133
7133
7132
7132
7132
7131
7131
7130
7129
7129
7128
7127
7124
7124
7123
7123
7123
7122
7120
7120
7120
7120
7119
7118
7115
7114
7113
7112
7108
7108
7105
7103
7102
7102
7102
7101
7101
7100
7100
7098
7098
7097
7097
7096
7094
7093
7092
7092
7091
7090
7089
7088
7088
7087
7087
7087
7086
7085
7085
7084
7083
7082
7079
7077
7076
7076
7074
7074
7067
7067
7067
7066
7064
7064
7062
7061
7060
7058
7057
7057
7057
7056
7055
7055
7055
7054
7053
7051
7050
7050
7049
7049
7047
7047
7047
7047
7046
7045
7044
7042
7042
7042
7041
7041
7040
7040
7039
7037
7034
7033
7031
7031
7031
7030
7030
7029
7029
7028
7028
7028
7025
7025
7025
7024
7023
7023
7022
7021
7021
7020
7020
7019
7018
7015
7014
7013
7009
7009
7008
7008
7006
7006
7006
7005
7005
7004
7003
6997
6997
6993
6993
6991
6990
6990
6988
6987
6986
6986
6985
6984
6982
6981
6980
6978
6977
6977
6976
6976
6975
6973
6973
6970
6969
6968
6968
6968
6967
6967
6966
6965
6965
6964
6964
6964
6963
6961
6960
6960
6957
6956
6955
6954
6953
6952
6950
6947
6947
6947
6945
6945
6940
6938
6938
6938
6936
6935
6935
6931
6928
6928
6928
6927
6925
6925
6924
6920
6917
6917
6916
6916
6915
6914
6914
6912
6909
6908
6904
6902
6901
6900
6900
6896
6896
6895
6895
6895
6893
6893
6892
6891
6890
6890
6890
6890
6889
6888
6887
6887
6886
6885
6885
6884
6881
6881
6877
6876
6876
6873
6872
6872
6867
6866
6866
6864
6864
6863
6862
6861
6860
6856
6853
6853
6851
6850
6850
6849
6844
6843
6842
6842
6842
6842
6836
6836
6834
6832
6831
6830
6830
6829
6828
6828
6826
6826
6826
6823
6821
6818
6817
6817
6816
6816
6815
6813
6812
6811
6811
6811
6810
6809
6807
6806
6802
6800
6799
6798
6798
6797
6796
6795
6794
6792
6791
6791
6789
6789
6785
6779
6779
6779
6779
6779
6778
6778
6778
6777
6776
6775
6774
6774
6771
6770
6769
6767
6765
6764
6763
6762
6762
6761
6761
6758
6758
6756
6752
6752
6750
6750
6749
6747
6746
6746
6743
6743
6743
6742
6739
6739
6739
6738
6738
6735
6732
6732
6730
6729
6728
6728
6727
6727
6727
6727
6726
6725
6724
6724
6723
6722
6721
6717
6717
6717
6716
6711
6710
6708
6706
6705
6702
6702
6701
6701
6701
6701
6697
6695
6695
6694
6693
6691
6691
6690
6689
6689
6688
6688
6687
6685
6685
6684
6682
6681
6681
6678
6676
6674
6672
6672
6671
6670
6670
6669
6669
6668
6668
6668
6667
6666
6665
6662
6662
6660
6657
6655
6652
6651
6648
6646
6644
6642
6642
6642
6642
6638
6638
6636
6636
6635
6634
6634
6631
6630
6629
6629
6628
6628
6628
6626
6626
6626
6624
6623
6620
6620
6618
6618
6617
6616
6616
6616
6616
6615
6614
6614
6611
6610
6607
6607
6607
6606
6606
6602
6602
6598
6598
6595
6595
6594
6593
6593
6593
6592
6589
6587
6585
6585
6584
6584
6583
6583
6582
6579
6575
6574
6573
6573
6566
6566
6561
6559
6559
6556
6552
6552
6551
6551
6550
6547
6544
6543
6542
6542
6541
6540
6539
6539
6537
6534
6534
6533
6532
6532
6532
6530
6530
6528
6526
6524
6524
6523
6523
6523
6522
6522
6522
6522
6522
6521
6520
6520
6520
6520
6520
6517
6516
6516
6515
6515
6515
6514
6514
6514
6512
6512
6511
6511
6511
6510
6510
6509
6509
6508
6508
6507
6506
6506
6504
6503
6502
6501
6500
6500
6499
6498
6497
6496
6496
6494
6494
6494
6494
6493
6493
6489
6488
6488
6488
6487
6487
6487
6486
6486
6484
6483
6482
6477
6476
6475
6475
6475
6474
6473
6472
6471
6471
6470
6470
6468
6468
6467
6466
6465
6465
6462
6461
6460
6460
6459
6459
6458
6458
6457
6457
6455
6453
6452
6452
6451
6449
6447
6445
6443
6441
6441
6441
6440
6440
6438
6437
6437
6437
6436
6434
6434
6433
6433
6431
6429
6429
6429
6428
6428
6428
6426
6425
6424
6423
6422
6421
6420
6420
6419
6419
6419
6417
6416
6416
6413
6413
6412
6408
6407
6406
6406
6405
6405
6403
6402
6401
6399
6398
6398
6397
6396
6396
6395
6394
6393
6392
6392
6391
6391
6391
6389
6389
6388
6388
6387
6386
6383
6381
6381
6380
6376
6376
6376
6375
6373
6372
6371
6370
6369
6368
6367
6367
6367
6367
6365
6364
6361
6361
6360
6360
6360
6359
6355
6354
6352
6352
6352
6351
6351
6351
6349
6349
6348
6347
6346
6344
6342
6340
6339
6339
6337
6335
6333
6332
6331
6331
6328
6327
6327
6325
6324
6321
6320
6319
6317
6314
6314
6314
6311
6310
6309
6309
6308
6307
6306
6305
6304
6304
6304
6303
6302
6302
6300
6298
6297
6296
6295
6294
6293
6292
6290
6289
6289
6288
6288
6282
6279
6279
6277
6277
6277
6275
6275
6275
6275
6274
6272
6270
6270
6266
6265
6265
6264
6263
6262
6260
6258
6258
6258
6256
6255
6255
6255
6254
6253
6252
6252
6251
6251
6251
6251
6250
6249
6249
6249
6248
6248
6247
6247
6246
6246
6246
6243
6243
6243
6241
6236
6235
6233
6231
6225
6222
6217
6217
6217
6215
6215
6215
6214
6214
6214
6213
6213
6213
6211
6211
6210
6209
6208
6206
6201
6197
6197
6196
6193
6190
6190
6190
6189
6188
6186
6186
6184
6183
6183
6181
6181
6180
6180
6179
6177
6176
6175
6174
6174
6170
6170
6169
6166
6165
6163
6163
6162
6162
6162
6160
6157
6157
6156
6155
6155
6154
6152
6151
6150
6150
6146
6144
6140
6139
6138
6138
6137
6137
6137
6137
6136
6135
6134
6134
6133
6133
6131
6130
6126
6121
6120
6118
6118
6117
6116
6112
6110
6108
6107
6107
6106
6106
6104
6104
6103
6101
6101
6099
6099
6099
6098
6096
6095
6093
6092
6092
6092
6091
6090
6088
6086
6086
6085
6084
6084
6084
6083
6082
6080
6080
6078
6078
6077
6075
6073
6073
6073
6071
6071
6071
6070
6069
6069
6069
6068
6066
6064
6056
6053
6052
6050
6050
6048
6048
6048
6044
6044
6043
6041
6040
6036
6036
6035
6033
6033
6032
6030
6029
6028
6027
6026
6026
6025
6025
6024
6023
6023
6022
6021
6021
6020
6019
6019
6018
6018
6017
6014
6013
6012
6012
6012
6010
6009
6009
6009
6008
6007
6005
6003
6003
6002
6001
5999
5999
5998
5996
5994
5991
5991
5989
5989
5989
5988
5988
5986
5983
5981
5981
5980
5980
5978
5978
5978
5977
5977
5976
5976
5974
5973
5973
5972
5971
5970
5969
5968
5967
5966
5966
5966
5966
5965
5964
5963
5963
5962
5962
5961
5959
5958
5958
5955
5952
5952
5951
5951
5949
5948
5948
5948
5947
5947
5942
5941
5940
5940
5939
5937
5937
5936
5934
5934
5932
5931
5928
5925
5923
5921
5921
5920
5920
5919
5917
5916
5915
5912
5910
5909
5909
5908
5908
5906
5901
5901
5900
5900
5898
5898
5897
5897
5897
5897
5896
5895
5894
5894
5892
5891
5890
5889
5889
5887
5887
5887
5886
5886
5885
5884
5881
5881
5880
5879
5879
5876
5875
5873
5873
5865
5864
5863
5860
5859
5857
5857
5856
5855
5854
5853
5853
5853
5851
5849
5848
5848
5847
5846
5845
5845
5844
5842
5842
5842
5841
5841
5839
5838
5838
5835
5834
5834
5831
5830
5825
5825
5825
5822
5822
5821
5821
5821
5821
5819
5819
5818
5818
5817
5817
5816
5814
5813
5811
5811
5810
5810
5807
5806
5806
5804
5804
5803
5802
5802
5799
5798
5798
5797
5797
5796
5796
5795
5794
5791
5790
5788
5786
5786
5785
5785
5783
5782
5781
5779
5779
5778
5777
5777
5776
5776
5772
5772
5772
5771
5768
5768
5768
5767
5767
5767
5767
5766
5765
5764
5763
5757
5754
5753
5749
5748
5747
5745
5745
5741
5740
5739
5739
5736
5736
5732
5732
5732
5730
5729
5729
5729
5728
5728
5728
5725
5725
5724
5723
5722
5722
5722
5721
5720
5716
5715
5715
5714
5712
5712
5712
5711
5709
5708
5708
5708
5708
5707
5707
5707
5707
5706
5706
5703
5702
5700
5699
5699
5698
5697
5694
5692
5691
5691
5689
5687
5687
5687
5686
5685
5680
5679
5677
5677
5677
5677
5676
5675
5674
5672
5672
5671
5671
5670
5668
5667
5667
5665
5664
5664
5663
5663
5663
5662
5662
5660
5654
5653
5653
5652
5651
5651
5650
5649
5649
5649
5649
5647
5647
5645
5645
5645
5645
5644
5643
5643
5643
5642
5642
5640
5640
5640
5640
5640
5639
5636
5636
5636
5635
5634
5634
5634
5632
5632
5632
5631
5629
5629
5628
5626
5625
5625
5625
5625
5623
5623
5623
5623
5622
5622
5621
5619
5618
5616
5615
5614
5613
5613
5612
5610
5609
5608
5608
5607
5606
5605
5605
5604
5601
5601
5601
5601
5600
5599
5598
5596
5595
5595
5591
5590
5590
5589
5589
5589
5586
5586
5585
5584
5584
5581
5580
5579
5579
5579
5579
5577
5576
5574
5573
5573
5572
5571
5571
5571
5570
5569
5569
5567
5565
5564
5562
5562
5561
5560
5557
5556
5556
5556
5554
5553
5553
5552
5549
5549
5548
5547
5546
5545
5545
5545
5545
5544
5543
5542
5541
5539
5538
5538
5537
5536
5535
5535
5534
5534
5533
5532
5531
5526
5525
5524
5523
5523
5523
5520
5520
5519
5518
5517
5517
5516
5516
5515
5514
5513
5513
5512
5512
5512
5510
5510
5509
5508
5508
5507
5505
5505
5504
5504
5503
5503
5501
5500
5500
5499
5499
5499
5498
5497
5496
5494
5494
5492
5492
5492
5490
5490
5490
5489
5488
5487
5487
5486
5486
5486
5486
5485
5485
5485
5485
5478
5478
5477
5476
5476
5474
5472
5472
5472
5471
5470
5470
5469
5465
5464
5459
5459
5457
5456
5454
5454
5454
5451
5449
5447
5447
5446
5446
5446
5445
5444
5444
5444
5444
5443
5443
5443
5439
5439
5437
5435
5435
5435
5434
5433
5433
5433
5433
5432
5428
5425
5421
5421
5419
5419
5418
5418
5418
5417
5417
5416
5413
5413
5413
5412
5412
5411
5411
5411
5409
5409
5406
5406
5402
5399
5399
5398
5398
5396
5395
5392
5392
5391
5390
5390
5388
5388
5388
5387
5387
5386
5385
5384
5382
5382
5381
5380
5379
5378
5378
5376
5375
5374
5374
5374
5371
5371
5371
5368
5367
5367
5365
5364
5362
5359
5358
5357
5357
5356
5356
5355
5355
5355
5354
5352
5350
5350
5350
5347
5346
5344
5344
5344
5343
5342
5342
5342
5341
5341
5341
5340
5340
5340
5337
5335
5334
5333
5333
5332
5331
5330
5327
5327
5326
5325
5324
5319
5319
5317
5316
5315
5314
5313
5310
5307
5304
5303
5303
5300
5299
5298
5295
5295
5295
5294
5292
5291
5290
5290
5288
5285
5285
5284
5283
5282
5280
5279
5278
5274
5273
5272
5272
5271
5270
5265
5265
5263
5263
5261
5260
5259
5257
5257
5256
5254
5254
5253
5252
5250
5250
5250
5249
5247
5246
5246
5245
5244
5243
5243
5242
5241
5241
5240
5240
5240
5239
5237
5236
5235
5233
5233
5233
5232
5232
5230
5229
5229
5228
5226
5226
5225
5222
5222
5222
5221
5220
5217
5217
5216
5216
5215
5215
5213
5211
5210
5208
5207
5206
5206
5206
5204
5203
5203
5201
5200
5199
5199
5195
5195
5194
5194
5194
5193
5193
5191
5191
5190
5189
5189
5188
5187
5186
5185
5185
5185
5184
5184
5183
5182
5182
5181
5179
5178
5177
5176
5176
5176
5176
5175
5175
5173
5173
5172
5171
5169
5169
5168
5167
5167
5166
5165
5165
5164
5164
5163
5162
5159
5159
5158
5158
5157
5154
5151
5147
5145
5142
5140
5136
5136
5135
5134
5134
5133
5131
5131
5131
5130
5130
5130
5128
5125
5125
5123
5122
5121
5121
5121
5119
5118
5116
5116
5116
5116
5115
5113
5112
5112
5110
5110
5109
5108
5106
5104
5098
5098
5096
5096
5096
5096
5095
5094
5093
5090
5088
5087
5087
5086
5086
5085
5084
5084
5084
5084
5081
5081
5080
5079
5078
5078
5077
5077
5077
5076
5076
5075
5075
5073
5072
5069
5069
5068
5067
5065
5064
5063
5062
5059
5059
5059
5058
5057
5056
5054
5051
5049
5049
5048
5046
5045
5045
5044
5044
5043
5043
5041
5040
5039
5038
5036
5035
5035
5034
5033
5031
5031
5030
5029
5028
5027
5027
5026
5024
5024
5023
5023
5021
5020
5016
5015
5015
5015
5014
5012
5012
5010
5009
5008
5008
5007
5006
5006
5005
5004
5004
5002
4999
4999
4998
4998
4997
4997
4995
4994
4991
4990
4988
4988
4988
4985
4984
4983
4980
4979
4979
4979
4978
4978
4977
4976
4975
4975
4974
4974
4973
4972
4972
4971
4970
4970
4969
4968
4967
4966
4965
4965
4965
4965
4965
4964
4963
4963
4961
4960
4957
4957
4955
4948
4946
4946
4941
4941
4938
4936
4935
4934
4934
4933
4932
4932
4932
4931
4931
4930
4930
4930
4929
4928
4927
4927
4927
4926
4925
4924
4923
4922
4921
4920
4920
4919
4915
4915
4915
4913
4912
4912
4912
4911
4911
4909
4905
4904
4902
4902
4901
4900
4899
4899
4898
4898
4898
4897
4896
4895
4895
4893
4893
4891
4891
4891
4890
4890
4890
4886
4885
4885
4885
4884
4883
4881
4881
4881
4880
4880
4877
4877
4876
4876
4875
4873
4872
4872
4872
4870
4869
4869
4867
4866
4865
4863
4862
4861
4861
4860
4860
4860
4857
4857
4855
4854
4854
4853
4853
4852
4850
4848
4848
4846
4845
4844
4843
4842
4841
4840
4838
4837
4835
4834
4832
4831
4830
4830
4830
4829
4827
4826
4824
4824
4823
4821
4820
4820
4819
4817
4817
4817
4817
4816
4814
4813
4812
4811
4811
4810
4807
4806
4806
4805
4803
4803
4800
4800
4798
4797
4796
4795
4793
4792
4792
4791
4791
4791
4790
4790
4789
4789
4788
4787
4787
4787
4787
4786
4786
4785
4783
4778
4778
4778
4776
4776
4776
4775
4774
4773
4772
4769
4764
4762
4760
4759
4759
4759
4758
4758
4755
4754
4754
4754
4753
4752
4750
4749
4749
4748
4747
4747
4744
4744
4743
4742
4742
4741
4741
4740
4739
4739
4739
4739
4738
4736
4736
4734
4733
4733
4732
4731
4730
4729
4729
4727
4726
4726
4725
4724
4724
4723
4723
4721
4719
4718
4716
4714
4711
4711
4710
4709
4708
4708
4708
4703
4703
4703
4703
4702
4701
4701
4701
4700
4697
4696
4692
4692
4691
4688
4688
4686
4685
4685
4683
4683
4682
4682
4682
4681
4681
4679
4679
4677
4677
4677
4676
4676
4674
4673
4673
4671
4669
4669
4669
4668
4668
4667
4667
4666
4666
4666
4666
4666
4665
4664
4664
4664
4663
4660
4658
4657
4657
4657
4657
4657
4656
4656
4656
4656
4655
4655
4655
4654
4654
4653
4652
4648
4648
4646
4644
4642
4638
4638
4638
4637
4637
4637
4636
4633
4632
4629
4628
4627
4627
4627
4623
4622
4622
4621
4619
4619
4615
4613
4612
4612
4607
4607
4607
4603
4601
4601
4600
4600
4600
4600
4599
4598
4598
4596
4595
4595
4595
4595
4592
4592
4592
4591
4590
4588
4586
4586
4586
4585
4585
4584
4582
4582
4581
4581
4579
4579
4578
4577
4571
4569
4569
4567
4566
4566
4563
4562
4562
4558
4558
4556
4556
4556
4554
4552
4552
4551
4551
4550
4546
4544
4541
4541
4539
4539
4539
4535
4533
4533
4531
4530
4529
4528
4521
4518
4516
4516
4516
4516
4516
4515
4515
4515
4513
4512
4507
4506
4506
4506
4504
4503
4503
4502
4500
4497
4494
4494
4493
4492
4491
4491
4490
4490
4489
4489
4487
4487
4487
4484
4483
4483
4482
4479
4479
4478
4477
4476
4475
4475
4474
4473
4471
4471
4470
4469
4467
4467
4465
4465
4465
4462
4460
4457
4456
4455
4453
4452
4452
4451
4451
4451
4450
4450
4449
4448
4447
4447
4444
4440
4440
4439
4434
4432
4432
4432
4431
4431
4431
4429
4427
4426
4426
4425
4425
4420
4418
4418
4417
4416
4414
4413
4413
4412
4411
4410
4409
4409
4409
4407
4406
4406
4405
4405
4405
4404
4404
4399
4398
4398
4397
4394
4394
4392
4391
4390
4388
4388
4387
4384
4384
4383
4383
4383
4381
4381
4380
4374
4373
4373
4372
4371
4369
4369
4368
4365
4364
4363
4362
4360
4358
4357
4353
4353
4352
4350
4349
4348
4348
4346
4346
4345
4343
4343
4342
4342
4342
4341
4338
4337
4336
4336
4336
4335
4335
4335
4334
4333
4333
4331
4330
4326
4325
4323
4322
4322
4321
4319
4318
4317
4315
4315
4315
4315
4314
4314
4313
4313
4311
4310
4308
4307
4306
4306
4304
4304
4303
4303
4302
4302
4302
4301
4298
4297
4297
4296
4295
4295
4294
4292
4290
4288
4287
4286
4285
4284
4283
4283
4281
4280
4278
4277
4277
4276
4271
4271
4270
4269
4266
4266
4266
4265
4265
4263
4262
4260
4260
4258
4257
4257
4256
4255
4252
4252
4250
4250
4249
4248
4247
4247
4246
4246
4246
4245
4245
4242
4242
4241
4240
4239
4238
4235
4233
4233
4231
4231
4230
4228
4227
4226
4225
4224
4224
4223
4220
4220
4219
4218
4218
4216
4215
4215
4215
4215
4214
4213
4211
4208
4207
4207
4206
4206
4205
4205
4204
4203
4202
4202
4201
4201
4200
4200
4200
4199
4199
4198
4197
4196
4195
4194
4193
4191
4190
4189
4188
4187
4186
4181
4177
4177
4176
4174
4172
4172
4171
4169
4169
4168
4167
4165
4165
4165
4163
4162
4162
4162
4162
4159
4159
4159
4158
4158
4157
4156
4156
4153
4153
4153
4148
4148
4146
4145
4144
4144
4143
4143
4142
4141
4140
4140
4138
4138
4138
4138
4137
4136
4136
4134
4134
4133
4132
4130
4130
4129
4128
4126
4125
4125
4124
4124
4123
4123
4123
4121
4121
4118
4116
4116
4114
4113
4110
4110
4109
4108
4106
4106
4106
4105
4105
4104
4104
4103
4103
4103
4102
4102
4102
4101
4101
4099
4098
4097
4096
4095
4095
4094
4093
4093
4092
4092
4091
4090
4088
4086
4085
4082
4082
4081
4081
4081
4080
4079
4077
4077
4076
4075
4074
4073
4072
4070
4069
4067
4065
4064
4064
4062
4061
4061
4061
4058
4056
4056
4056
4056
4055
4055
4054
4054
4054
4053
4052
4051
4050
4049
4048
4048
4045
4044
4043
4043
4041
4038
4038
4033
4032
4032
4032
4030
4029
4028
4028
4027
4026
4026
4025
4023
4022
4020
4019
4019
4017
4015
4015
4014
4014
4013
4012
4011
4010
4009
4009
4008
4008
4007
4006
4004
4004
4003
4003
4000
4000
3999
3999
3998
3997
3997
3994
3992
3991
3990
3989
3989
3988
3985
3983
3983
3982
3981
3980
3979
3975
3973
3970
3969
3968
3968
3968
3968
3968
3967
3967
3966
3965
3965
3962
3962
3957
3954
3954
3953
3951
3950
3948
3948
3947
3947
3946
3943
3942
3942
3942
3941
3940
3939
3938
3936
3935
3933
3932
3931
3931
3931
3930
3929
3929
3928
3928
3925
3925
3925
3925
3922
3921
3919
3919
3919
3917
3917
3915
3915
3913
3911
3910
3909
3909
3909
3908
3908
3904
3903
3902
3901
3901
3900
3900
3899
3899
3899
3899
3898
3896
3896
3894
3891
3890
3889
3888
3886
3884
3883
3883
3882
3881
3881
3880
3880
3879
3879
3878
3876
3875
3875
3874
3873
3873
3873
3872
3871
3871
3870
3869
3869
3863
3860
3860
3860
3859
3859
3857
3857
3857
3856
3855
3855
3854
3853
3850
3849
3845
3844
3843
3842
3841
3840
3837
3835
3834
3833
3832
3831
3831
3831
3831
3830
3829
3828
3828
3828
3827
3826
3826
3825
3823
3822
3821
3820
3820
3819
3819
3818
3817
3816
3814
3814
3813
3812
3812
3811
3810
3809
3809
3807
3806
3806
3805
3805
3804
3802
3801
3800
3800
3800
3797
3795
3795
3795
3793
3793
3791
3791
3789
3788
3786
3786
3786
3785
3785
3785
3784
3784
3783
3782
3780
3779
3778
3776
3775
3774
3774
3773
3772
3772
3771
3771
3771
3769
3769
3768
3767
3765
3763
3762
3761
3760
3759
3757
3757
3754
3754
3753
3752
3752
3750
3750
3748
3748
3746
3746
3746
3746
3746
3745
3745
3745
3744
3744
3744
3743
3739
3739
3739
3737
3737
3737
3736
3730
3729
3729
3729
3729
3727
3727
3727
3726
3726
3723
3723
3721
3721
3721
3720
3715
3712
3712
3710
3710
3708
3706
3706
3706
3704
3704
3702
3701
3701
3700
3700
3700
3699
3697
3696
3696
3695
3695
3694
3694
3693
3693
3691
3689
3689
3689
3688
3687
3687
3686
3680
3679
3679
3677
3675
3675
3673
3670
3668
3668
3667
3667
3665
3660
3660
3657
3655
3655
3653
3653
3650
3649
3648
3644
3643
3643
3642
3641
3641
3641
3639
3638
3637
3636
3633
3633
3632
3630
3630
3629
3629
3627
3627
3626
3625
3625
3625
3624
3624
3624
3624
3622
3622
3620
3620
3620
3619
3618
3617
3616
3615
3614
3613
3613
3611
3611
3611
3611
3610
3609
3606
3605
3605
3604
3604
3600
3600
3600
3598
3594
3593
3592
3592
3591
3590
3590
3589
3589
3589
3588
3588
3587
3586
3585
3583
3582
3581
3581
3580
3577
3576
3574
3573
3573
3571
3571
3570
3570
3567
3566
3565
3563
3563
3561
3559
3556
3556
3556
3555
3554
3554
3553
3553
3553
3552
3552
3552
3552
3550
3550
3547
3545
3544
3544
3543
3543
3542
3542
3542
3541
3540
3540
3537
3537
3536
3536
3533
3531
3531
3531
3530
3530
3529
3525
3525
3524
3523
3523
3523
3521
3521
3518
3517
3517
3516
3515
3515
3514
3511
3511
3510
3510
3510
3509
3508
3506
3505
3504
3503
3502
3500
3500
3498
3498
3498
3496
3495
3490
3490
3489
3488
3485
3485
3485
3484
3484
3483
3477
3477
3477
3475
3470
3468
3467
3466
3466
3463
3462
3462
3462
3459
3457
3457
3457
3456
3456
3455
3455
3454
3453
3453
3452
3451
3451
3451
3450
3449
3448
3448
3445
3445
3444
3443
3441
3440
3438
3438
3435
3435
3433
3432
3431
3431
3431
3429
3427
3425
3421
3420
3418
3417
3416
3415
3413
3412
3412
3412
3410
3410
3410
3409
3409
3408
3408
3406
3406
3405
3405
3405
3404
3403
3399
3398
3397
3396
3394
3394
3393
3391
3389
3389
3388
3387
3387
3387
3386
3386
3386
3383
3383
3382
3381
3373
3371
3371
3367
3367
3367
3365
3363
3362
3361
3361
3357
3356
3356
3355
3355
3355
3354
3354
3354
3354
3352
3350
3346
3346
3342
3342
3341
3340
3338
3338
3337
3336
3335
3335
3333
3333
3331
3328
3327
3327
3326
3326
3325
3325
3324
3324
3323
3322
3321
3321
3321
3319
3319
3318
3318
3317
3316
3316
3315
3313
3313
3313
3312
3311
3310
3309
3309
3307
3305
3304
3303
3302
3301
3299
3298
3298
3297
3296
3294
3293
3293
3292
3291
3290
3290
3289
3289
3289
3288
3287
3287
3286
3286
3286
3285
3284
3280
3280
3279
3279
3277
3277
3275
3275
3275
3274
3272
3272
3272
3271
3271
3269
3267
3266
3264
3264
3264
3261
3260
3260
3259
3256
3255
3255
3255
3253
3253
3253
3251
3250
3250
3250
3250
3249
3247
3247
3247
3247
3246
3244
3244
3243
3241
3241
3240
3239
3237
3236
3235
3235
3234
3232
3232
3232
3232
3228
3228
3227
3224
3224
3224
3223
3222
3221
3219
3218
3218
3218
3217
3215
3214
3214
3214
3213
3213
3208
3208
3205
3204
3204
3203
3200
3200
3199
3199
3197
3197
3196
3196
3195
3195
3194
3194
3193
3193
3193
3192
3192
3191
3191
3189
3187
3187
3186
3185
3184
3184
3182
3179
3178
3175
3175
3174
3172
3171
3171
3170
3169
3169
3167
3167
3164
3161
3161
3160
3160
3159
3159
3158
3157
3157
3155
3154
3153
3152
3152
3151
3151
3151
3149
3147
3145
3142
3142
3141
3140
3139
3138
3138
3138
3136
3136
3131
3130
3128
3126
3123
3122
3122
3122
3121
3120
3119
3117
3117
3117
3116
3116
3113
3113
3113
3111
3110
3109
3108
3107
3105
3104
3104
3104
3103
3103
3100
3100
3100
3098
3097
3096
3096
3095
3094
3091
3090
3089
3089
3087
3086
3084
3084
3082
3082
3082
3080
3080
3080
3079
3078
3077
3073
3070
3068
3067
3065
3064
3062
3062
3061
3060
3059
3059
3058
3058
3058
3057
3056
3056
3056
3056
3055
3055
3055
3055
3052
3051
3051
3051
3050
3050
3048
3048
3047
3046
3046
3042
3042
3040
3038
3038
3035
3034
3033
3033
3033
3031
3030
3030
3029
3029
3029
3028
3027
3027
3027
3024
3024
3022
3020
3020
3020
3016
3016
3015
3014
3014
3013
3013
3013
3013
3012
3011
3011
3010
3009
3006
3006
3006
3005
3004
3004
3000
2999
2997
2996
2996
2994
2987
2987
2985
2985
2983
2983
2982
2981
2980
2980
2978
2977
2976
2974
2973
2972
2972
2970
2970
2970
2970
2969
2967
2966
2965
2962
2962
2961
2960
2958
2955
2952
2951
2950
2949
2949
2947
2947
2946
2945
2944
2941
2940
2939
2937
2937
2937
2937
2937
2936
2934
2932
2932
2930
2929
2928
2927
2924
2924
2923
2923
2923
2922
2920
2916
2916
2915
2913
2913
2912
2911
2911
2911
2910
2910
2909
2908
2907
2906
2905
2905
2905
2905
2901
2898
2896
2895
2895
2893
2893
2892
2892
2891
2890
2890
2888
2885
2885
2883
2883
2882
2881
2881
2881
2881
2880
2879
2879
2877
2877
2875
2870
2869
2868
2868
2868
2868
2867
2866
2865
2865
2865
2862
2862
2862
2861
2860
2859
2858
2858
2856
2855
2852
2852
2851
2850
2850
2850
2849
2849
2846
2846
2845
2845
2844
2844
2843
2841
2839
2838
2837
2834
2833
2833
2832
2831
2830
2830
2830
2830
2829
2829
2829
2828
2827
2827
2827
2826
2826
2826
2825
2825
2825
2824
2820
2820
2819
2818
2818
2817
2814
2813
2810
2810
2809
2808
2808
2807
2805
2804
2803
2803
2802
2800
2799
2799
2798
2798
2797
2797
2797
2796
2796
2791
2789
2789
2788
2786
2786
2786
2784
2784
2784
2783
2782
2780
2779
2779
2778
2777
2777
2773
2772
2770
2770
2769
2769
2767
2767
2765
2764
2763
2763
2763
2763
2760
2759
2757
2756
2755
2755
2754
2753
2753
2752
2751
2750
2750
2749
2748
2748
2746
2745
2744
2743
2742
2741
2740
2740
2738
2738
2737
2736
2735
2735
2735
2735
2732
2729
2729
2729
2727
2727
2726
2726
2724
2724
2722
2721
2721
2721
2721
2721
2720
2720
2719
2718
2717
2717
2715
2714
2713
2712
2708
2708
2708
2707
2707
2704
2704
2702
2701
2701
2698
2696
2696
2696
2695
2693
2693
2693
2692
2691
2691
2691
2688
2683
2683
2682
2681
2680
2680
2680
2679
2679
2678
2673
2672
2671
2669
2667
2667
2666
2666
2665
2665
2665
2662
2662
2662
2661
2661
2661
2660
2658
2658
2654
2653
2651
2649
2647
2646
2646
2645
2643
2642
2642
2642
2642
2641
2641
2638
2637
2637
2636
2636
2634
2634
2633
2632
2630
2630
2627
2624
2622
2622
2620
2619
2619
2618
2618
2618
2617
2616
2616
2615
2615
2613
2611
2609
2609
2609
2607
2607
2607
2607
2605
2605
2604
2603
2603
2603
2602
2602
2601
2601
2599
2598
2598
2597
2596
2593
2593
2593
2593
2591
2590
2590
2589
2588
2586
2586
2585
2584
2583
2583
2582
2581
2581
2580
2580
2578
2578
2577
2576
2575
2575
2574
2573
2572
2570
2569
2567
2567
2566
2566
2565
2564
2564
2563
2563
2563
2558
2557
2557
2557
2554
2554
2552
2552
2551
2550
2548
2547
2547
2546
2544
2544
2541
2540
2540
2540
2540
2538
2538
2538
2535
2534
2534
2533
2533
2529
2527
2527
2527
2527
2523
2523
2523
2519
2517
2515
2514
2513
2512
2511
2510
2510
2509
2506
2505
2504
2504
2502
2502
2501
2500
2500
2499
2499
2498
2496
2496
2495
2493
2493
2490
2489
2489
2489
2487
2487
2487
2486
2486
2485
2484
2484
2483
2482
2480
2480
2480
2479
2479
2479
2478
2478
2478
2477
2476
2475
2474
2472
2471
2469
2469
2468
2465
2464
2464
2463
2463
2462
2460
2456
2454
2453
2453
2453
2451
2451
2450
2449
2449
2449
2449
2448
2448
2448
2447
2447
2447
2446
2446
2446
2444
2443
2443
2439
2438
2438
2436
2436
2432
2432
2432
2431
2430
2429
2429
2428
2428
2426
2425
2424
2424
2424
2423
2423
2423
2422
2421
2415
2415
2412
2412
2411
2410
2409
2408
2407
2407
2406
2405
2405
2404
2403
2403
2402
2402
2402
2401
2400
2399
2398
2396
2396
2395
2395
2395
2394
2394
2394
2393
2393
2392
2390
2388
2387
2387
2385
2385
2382
2382
2381
2381
2379
2378
2377
2375
2375
2374
2373
2372
2372
2372
2369
2368
2367
2363
2362
2362
2360
2360
2358
2358
2357
2356
2356
2356
2355
2355
2352
2351
2351
2349
2346
2344
2343
2343
2342
2342
2341
2341
2341
2339
2339
2339
2338
2338
2337
2337
2337
2336
2334
2334
2332
2331
2331
2331
2329
2329
2329
2327
2327
2326
2326
2323
2322
2322
2320
2319
2319
2316
2316
2315
2311
2308
2306
2306
2304
2304
2303
2302
2302
2301
2300
2300
2297
2297
2296
2296
2294
2293
2292
2290
2289
2287
2284
2284
2284
2283
2283
2283
2280
2280
2280
2279
2277
2275
2274
2272
2272
2271
2270
2270
2270
2268
2268
2268
2268
2268
2267
2267
2267
2265
2265
2263
2263
2261
2261
2259
2259
2259
2258
2258
2258
2257
2256
2256
2254
2254
2254
2249
2247
2244
2244
2241
2241
2241
2240
2240
2239
2239
2237
2237
2235
2232
2231
2230
2229
2229
2229
2228
2227
2225
2224
2223
2221
2221
2221
2221
2221
2220
2219
2219
2218
2217
2217
2214
2213
2212
2211
2211
2208
2208
2206
2205
2200
2196
2196
2195
2195
2194
2194
2191
2191
2191
2191
2189
2188
2187
2187
2186
2185
2185
2185
2184
2184
2183
2183
2183
2181
2180
2180
2179
2177
2177
2177
2176
2175
2173
2169
2169
2168
2166
2165
2165
2164
2163
2163
2162
2161
2161
2160
2160
2157
2157
2156
2155
2155
2154
2153
2153
2151
2150
2150
2149
2149
2149
2147
2147
2146
2145
2144
2144
2143
2143
2142
2139
2138
2137
2137
2137
2136
2134
2134
2132
2132
2131
2130
2129
2129
2127
2127
2127
2126
2120
2119
2118
2117
2116
2116
2115
2114
2113
2111
2110
2110
2109
2108
2108
2108
2107
2106
2105
2105
2104
2103
2102
2102
2102
2098
2098
2098
2098
2096
2096
2095
2094
2094
2093
2093
2092
2087
2085
2084
2083
2082
2081
2077
2077
2076
2074
2073
2072
2072
2071
2070
2068
2067
2067
2066
2062
2060
2058
2058
2057
2055
2055
2053
2053
2052
2051
2050
2047
2046
2045
2045
2042
2042
2042
2040
2039
2038
2038
2037
2037
2037
2035
2034
2033
2033
2032
2032
2032
2031
2030
2029
2028
2028
2026
2025
2024
2021
2018
2018
2018
2014
2014
2014
2013
2013
2012
2011
2011
2010
2009
2007
2006
2005
2004
2004
2003
2003
2001
1999
1997
1997
1997
1996
1996
1996
1996
1994
1993
1993
1991
1989
1989
1988
1988
1987
1987
1986
1986
1985
1985
1985
1984
1983
1982
1981
1977
1977
1977
1973
1971
1971
1970
1970
1969
1969
1968
1968
1967
1965
1965
1962
1961
1961
1959
1956
1956
1955
1954
1953
1953
1953
1950
1949
1949
1948
1944
1943
1942
1941
1940
1940
1938
1935
1934
1934
1933
1932
1930
1929
1928
1927
1926
1925
1925
1925
1923
1922
1921
1917
1916
1916
1915
1914
1913
1913
1912
1911
1909
1906
1906
1905
1904
1903
1902
1900
1900
1900
1899
1898
1897
1897
1896
1896
1895
1894
1893
1893
1891
1890
1889
1888
1886
1886
1886
1885
1885
1885
1884
1882
1881
1881
1880
1880
1880
1878
1877
1877
1877
1877
1874
1872
1870
1867
1867
1867
1866
1864
1864
1863
1861
1860
1859
1858
1855
1853
1853
1852
1849
1849
1848
1847
1847
1846
1846
1845
1843
1842
1842
1841
1841
1841
1840
1838
1837
1836
1836
1836
1836
1834
1834
1832
1829
1828
1827
1826
1826
1825
1825
1822
1821
1820
1819
1819
1818
1817
1817
1814
1814
1812
1812
1811
1810
1809
1808
1808
1805
1804
1804
1804
1803
1803
1802
1798
1798
1798
1797
1796
1794
1793
1792
1792
1792
1790
1789
1789
1788
1787
1787
1786
1783
1781
1779
1779
1778
1778
1777
1776
1773
1773
1773
1772
1771
1770
1770
1769
1767
1765
1763
1763
1761
1758
1757
1757
1756
1750
1750
1747
1745
1745
1745
1745
1742
1742
1741
1741
1740
1736
1736
1735
1733
1732
1730
1730
1729
1727
1725
1724
1724
1721
1719
1718
1718
1716
1716
1715
1714
1713
1712
1712
1711
1710
1710
1709
1708
1708
1707
1706
1705
1705
1705
1702
1702
1702
1702
1700
1698
1697
1697
1695
1695
1694
1694
1692
1692
1691
1690
1688
1688
1687
1687
1685
1685
1683
1683
1682
1680
1679
1679
1678
1678
1677
1677
1676
1674
1672
1672
1672
1670
1670
1669
1668
1667
1666
1664
1663
1663
1660
1659
1659
1658
1658
1657
1656
1654
1654
1651
1647
1646
1645
1645
1645
1644
1644
1643
1643
1642
1642
1641
1640
1636
1636
1635
1634
1631
1631
1631
1630
1626
1625
1625
1624
1623
1622
1622
1622
1621
1620
1620
1619
1619
1618
1617
1615
1615
1615
1614
1613
1612
1611
1610
1610
1610
1608
1606
1605
1605
1605
1603
1603
1602
1602
1600
1599
1599
1597
1594
1594
1594
1593
1592
1592
1592
1589
1589
1588
1587
1587
1586
1586
1585
1582
1582
1581
1581
1580
1579
1578
1577
1576
1575
1572
1571
1570
1569
1569
1568
1568
1567
1566
1564
1564
1562
1562
1561
1561
1559
1558
1557
1555
1554
1554
1554
1554
1551
1551
1545
1545
1544
1544
1544
1542
1540
1539
1539
1539
1537
1534
1532
1532
1531
1530
1529
1529
1528
1526
1525
1523
1521
1520
1520
1518
1517
1515
1515
1514
1514
1514
1514
1512
1512
1511
1508
1507
1506
1506
1505
1503
1503
1502
1499
1497
1497
1495
1494
1492
1490
1490
1488
1487
1486
1485
1484
1483
1482
1482
1481
1481
1481
1478
1477
1477
1476
1471
1471
1471
1469
1468
1467
1466
1464
1464
1463
1462
1461
1453
1453
1452
1452
1451
1449
1448
1448
1447
1446
1445
1445
1445
1444
1442
1441
1441
1439
1435
1435
1431
1430
1429
1429
1428
1427
1427
1427
1426
1426
1422
1419
1419
1416
1416
1413
1411
1410
1410
1409
1408
1404
1403
1400
1399
1394
1394
1391
1388
1385
1382
1382
1379
1379
1377
1377
1376
1375
1374
1374
1373
1371
1371
1370
1369
1368
1367
1366
1366
1360
1360
1359
1359
1359
1359
1356
1356
1354
1352
1352
1351
1349
1349
1349
1348
1348
1347
1346
1346
1345
1343
1343
1342
1341
1340
1339
1339
1337
1336
1335
1335
1334
1332
1332
1331
1330
1328
1327
1326
1324
1323
1322
1321
1320
1320
1320
1320
1317
1317
1317
1316
1316
1315
1315
1313
1312
1312
1311
1311
1310
1309
1304
1302
1302
1302
1301
1300
1299
1295
1295
1295
1294
1294
1292
1292
1290
1290
1289
1289
1288
1286
1284
1282
1281
1280
1279
1279
1278
1277
1277
1274
1274
1273
1272
1272
1272
1270
1270
1267
1265
1263
1263
1262
1261
1261
1260
1257
1256
1255
1254
1254
1253
1253
1253
1253
1250
1250
1248
1248
1247
1246
1245
1244
1243
1241
1241
1240
1239
1237
1237
1233
1232
1230
1229
1229
1226
1226
1224
1223
1222
1222
1222
1219
1219
1218
1217
1217
1217
1215
1215
1214
1213
1212
1211
1210
1210
1207
1205
1204
1204
1202
1201
1200
1197
1195
1194
1192
1191
1190
1189
1189
1189
1187
1186
1186
1184
1184
1183
1181
1181
1180
1180
1177
1177
1177
1177
1175
1175
1175
1172
1171
1170
1166
1166
1163
1163
1161
1161
1159
1159
1159
1158
1156
1155
1155
1155
1154
1153
1153
1152
1152
1151
1151
1150
1149
1149
1148
1147
1145
1144
1144
1144
1143
1142
1142
1139
1138
1137
1136
1135
1134
1134
1133
1132
1132
1132
1132
1128
1128
1128
1128
1127
1127
1126
1126
1123
1123
1122
1122
1120
1118
1117
1116
1115
1114
1113
1112
1112
1112
1110
1108
1108
1108
1106
1106
1105
1102
1102
1101
1101
1099
1098
1098
1098
1097
1096
1096
1094
1093
1093
1093
1092
1092
1090
1088
1087
1087
1085
1084
1084
1083
1082
1080
1078
1078
1077
1077
1076
1076
1075
1074
1073
1073
1072
1072
1072
1069
1069
1069
1067
1065
1065
1065
1063
1059
1057
1053
1052
1051
1050
1050
1050
1049
1049
1048
1047
1046
1046
1045
1045
1045
1044
1043
1042
1041
1040
1040
1039
1038
1038
1037
1037
1037
1036
1036
1034
1034
1034
1033
1032
1029
1028
1028
1027
1026
1026
1024
1024
1023
1023
1021
1020
1020
1020
1019
1018
1018
1015
1015
1014
1012
1010
1009
1009
1005
1005
1003
1002
999
997
997
995
994
993
991
989
988
986
985
984
982
982
980
978
977
973
971
971
970
969
968
966
963
962
962
961
961
957
957
956
955
954
954
954
953
952
952
952
949
949
949
949
949
947
945
945
944
943
942
939
937
937
936
933
931
928
927
926
926
925
925
925
924
922
921
919
919
918
918
917
916
916
915
914
914
914
914
913
913
912
912
911
910
909
909
908
907
907
907
906
906
906
905
904
903
903
902
902
902
901
901
900
899
898
898
897
895
895
894
893
891
890
888
885
885
885
885
882
881
877
876
875
875
874
873
872
871
870
869
868
866
863
863
862
861
861
860
859
859
858
858
856
854
853
848
847
847
846
840
839
839
837
836
834
834
834
833
833
832
832
832
830
828
828
827
827
827
827
826
825
824
820
820
819
818
818
818
817
816
815
814
812
808
806
805
802
800
800
797
797
797
796
795
794
793
793
792
792
791
790
788
786
786
786
784
782
782
782
780
779
778
777
776
776
776
775
774
773
772
772
770
765
765
764
764
762
760
759
759
758
757
757
754
754
750
749
749
747
747
746
746
744
744
743
742
738
736
734
733
732
732
732
732
730
730
728
726
726
725
724
722
721
721
718
718
718
717
716
714
713
711
708
706
705
705
704
704
703
702
701
701
697
696
694
693
692
691
690
689
688
687
687
686
686
686
684
683
682
682
682
682
682
681
679
679
678
678
678
677
676
675
675
673
673
672
668
667
667
665
664
664
661
659
659
659
658
657
654
654
654
652
651
649
649
649
648
646
645
644
643
641
641
641
640
638
638
637
635
634
632
631
630
628
627
625
623
623
623
622
620
620
617
616
615
614
614
613
613
612
612
611
610
608
607
607
605
605
604
603
603
602
602
601
601
599
598
598
598
597
597
597
595
594
594
593
593
590
590
590
588
585
583
581
581
580
579
579
579
578
578
578
577
577
577
576
576
576
575
573
571
571
570
567
566
566
564
564
564
563
563
563
563
563
562
560
559
559
558
557
556
554
553
552
551
551
550
548
548
547
546
546
544
544
544
540
540
540
540
539
539
539
537
536
534
534
531
528
528
528
527
527
526
526
526
525
524
523
523
522
521
520
519
517
516
516
515
514
514
514
513
511
510
509
509
509
508
507
507
507
506
504
504
503
503
503
502
502
501
501
500
500
500
500
499
498
497
497
496
495
495
494
494
494
492
491
490
489
489
488
488
486
486
485
483
481
480
480
476
476
475
475
474
473
472
471
470
469
467
466
466
464
463
463
462
461
461
459
458
458
458
457
456
456
455
453
453
452
451
450
450
450
446
446
446
445
445
444
444
443
442
438
437
436
433
432
432
432
432
431
431
429
429
426
426
426
424
423
422
421
420
416
416
413
412
411
410
409
407
406
406
406
406
405
405
403
403
402
402
400
399
399
396
395
395
395
394
393
392
391
390
387
386
385
385
384
384
383
383
382
382
381
379
377
375
371
371
370
369
369
369
366
365
365
361
361
360
360
360
359
358
357
356
356
354
354
353
353
351
351
347
346
346
346
346
346
345
343
342
342
342
342
340
340
335
335
335
335
333
333
333
331
329
328
327
327
327
324
324
322
322
322
321
321
320
319
318
317
315
315
314
314
314
313
311
310
309
308
307
302
301
299
297
297
297
293
291
290
289
289
288
286
286
285
284
283
278
278
277
276
276
276
276
275
275
272
271
271
271
271
269
267
267
267
266
266
266
265
265
263
262
262
261
261
261
260
259
258
258
257
255
254
253
252
252
252
252
250
249
247
245
244
241
241
241
240
240
237
235
233
232
232
231
226
224
223
223
222
217
216
216
214
214
213
211
210
210
205
205
205
204
203
202
202
201
200
199
199
198
198
197
194
190
190
189
188
188
188
185
185
183
183
181
180
180
177
176
176
174
174
174
174
172
172
171
170
170
169
168
167
166
166
166
165
164
164
162
162
161
160
160
160
160
158
158
157
156
156
155
153
150
150
148
148
147
146
145
144
143
141
141
140
140
137
136
135
132
132
130
130
129
128
128
128
127
126
123
119
117
117
117
114
110
107
105
104
102
102
101
101
101
100
100
98
98
97
95
92
89
88
86
86
85
84
84
84
83
83
83
80
76
74
73
73
70
70
69
68
68
68
67
66
65
65
58
54
53
52
52
49
49
48
45
44
39
37
37
30
30
30
29
29
28
28
26
26
24
23
22
22
21
20
19
18
17
15
15
14
12
12
11
11
11
8
8
7
7
6
6
5
5
5
5
4
4
3
3
3
1
1
0
