9999
9999
9994
9994
9993
9991
9990
9989
9988
9987
9986
9986
9986
9982
9980
9979
9975
9975
9970
9970
9967
9966
9965
9964
9963
9961
9957
9956
9956
9954
9952
9952
9950
9949
9949
9946
9945
9941
9941
9939
9938
9937
9937
9936
9936
9936
9935
9935
9935
9934
9931
9930
9926
9923
9923
9922
9921
9920
9919
9919
9915
9915
9913
9913
9912
9912
9912
9909
9908
9908
9903
9900
9895
9895
9894
9893
9890
9889
9889
9888
9886
9885
9885
9885
9885
9884
9884
9884
9883
9883
9881
9879
9879
9879
9878
9878
9877
9875
9875
9875
9874
9872
9871
9870
9870
9869
9869
9869
9868
9867
9865
9864
9860
9858
9857
9856
9853
9850
9849
9848
9846
9846
9843
9841
9841
9839
9839
9838
9838
9837
9836
9835
9835
9834
9833
9832
9832
9831
9830
9830
9829
9827
9827
9826
9825
9825
9824
9823
9823
9822
9821
9820
9820
9819
9817
9816
9816
9816
9815
9814
9812
9811
9810
9809
9809
9808
9807
9807
9806
9806
9806
9805
9805
9805
9805
9804
9804
9803
9803
9800
9798
9798
9798
9798
9797
9797
9794
9794
9793
9792
9790
9788
9788
9786
9784
9784
9783
9782
9781
9780
9779
9779
9778
9778
9778
9777
9775
9775
9774
9773
9772
9771
9771
9770
9769
9768
9767
9767
9767
9766
9764
9762
9759
9758
9758
9758
9758
9757
9754
9753
9753
9750
9750
9749
9745
9745
9742
9742
9741
9741
9737
9733
9733
9732
9731
9731
9731
9730
9724
9724
9724
9722
9722
9720
9720
9720
9720
9719
9719
9718
9718
9718
9718
9718
9718
9716
9715
9712
9711
9711
9710
9708
9705
9705
9703
9703
9700
9700
9699
9699
9699
9699
9699
9698
9696
9693
9691
9689
9687
9687
9686
9685
9684
9682
9679
9679
9677
9677
9675
9675
9675
9675
9673
9671
9670
9669
9668
9667
9664
9663
9663
9663
9660
9660
9659
9658
9657
9656
9655
9653
9652
9651
9651
9651
9650
9650
9650
9649
9649
9648
9647
9646
9644
9643
9643
9642
9642
9640
9639
9636
9635
9634
9633
9633
9632
9631
9631
9631
9631
9630
9630
9625
9625
9624
9623
9623
9621
9621
9619
9618
9617
9615
9613
9608
9605
9605
9604
9603
9603
9601
9600
9599
9596
9595
9593
9591
9590
9590
9589
9589
9588
9588
9588
9586
9586
9585
9584
9584
9583
9581
9581
9579
9577
9577
9576
9576
9576
9572
9570
9568
9560
9559
9558
9557
9555
9554
9553
9553
9552
9551
9551
9550
9548
9547
9544
9542
9542
9541
9540
9540
9540
9538
9535
9535
9534
9533
9532
9532
9531
9531
9530
9528
9527
9524
9524
9522
9522
9519
9518
9518
9518
9517
9517
9517
9517
9515
9515
9514
9513
9513
9512
9512
9512
9512
9511
9511
9510
9510
9509
9507
9505
9504
9504
9503
9501
9501
9501
9501
9500
9499
9498
9497
9495
9495
9493
9493
9493
9492
9492
9491
9490
9489
9489
9488
9488
9487
9487
9487
9487
9486
9484
9484
9483
9481
9481
9481
9479
9478
9478
9477
9477
9477
9476
9476
9473
9471
9471
9470
9469
9468
9468
9467
9467
9466
9466
9465
9465
9463
9462
9461
9461
9461
9458
9454
9453
9452
9451
9451
9447
9447
9446
9446
9445
9442
9441
9440
9440
9438
9438
9437
9437
9437
9436
9436
9435
9433
9432
9431
9430
9428
9426
9424
9423
9423
9423
9422
9422
9419
9419
9418
9418
9416
9415
9414
9411
9410
9408
9408
9407
9406
9406
9406
9405
9403
9402
9401
9400
9399
9399
9395
9395
9394
9394
9394
9393
9392
9392
9391
9390
9388
9385
9385
9384
9384
9384
9383
9383
9383
9381
9380
9379
9378
9378
9378
9377
9376
9375
9375
9375
9373
9372
9371
9371
9370
9370
9370
9369
9369
9368
9368
9368
9368
9367
9367
9366
9365
9363
9360
9359
9358
9354
9354
9354
9353
9352
9351
9350
9349
9349
9349
9347
9347
9347
9340
9339
9339
9339
9337
9336
9335
9334
9334
9334
9334
9334
9331
9324
9324
9322
9321
9320
9320
9320
9320
9319
9318
9316
9316
9314
9313
9312
9310
9309
9308
9307
9302
9299
9299
9298
9297
9295
9293
9293
9291
9289
9288
9287
9287
9284
9282
9281
9281
9278
9276
9273
9273
9272
9272
9272
9271
9271
9270
9269
9269
9268
9268
9268
9267
9266
9266
9264
9264
9263
9261
9261
9260
9260
9258
9256
9254
9254
9251
9250
9250
9246
9246
9244
9241
9241
9240
9240
9240
9237
9237
9235
9235
9235
9234
9234
9233
9231
9231
9231
9231
9228
9227
9226
9225
9220
9218
9217
9217
9217
9215
9215
9212
9212
9210
9208
9206
9205
9204
9203
9203
9202
9201
9201
9199
9199
9198
9195
9195
9193
9191
9189
9189
9189
9188
9188
9187
9187
9185
9183
9179
9179
9179
9176
9175
9174
9173
9173
9173
9172
9172
9170
9168
9167
9166
9166
9165
9164
9162
9161
9161
9160
9160
9160
9157
9157
9152
9152
9150
9149
9148
9148
9146
9145
9145
9143
9142
9141
9139
9137
9135
9134
9134
9132
9132
9131
9131
9131
9130
9125
9124
9124
9124
9122
9122
9120
9117
9113
9112
9111
9109
9108
9107
9106
9106
9105
9102
9101
9099
9098
9097
9096
9094
9094
9093
9092
9092
9090
9089
9089
9088
9088
9088
9085
9084
9082
9082
9081
9081
9079
9077
9075
9075
9075
9074
9073
9067
9066
9065
9064
9064
9063
9063
9063
9063
9062
9062
9062
9061
9061
9060
9058
9057
9056
9056
9055
9053
9052
9051
9049
9047
9046
9045
9045
9044
9043
9041
9038
9038
9037
9037
9036
9036
9036
9033
9033
9033
9031
9029
9029
9027
9027
9026
9025
9025
9024
9020
9019
9019
9016
9016
9016
9016
9015
9013
9013
9012
9012
9009
9007
9006
9004
9004
9003
9003
8998
8996
8996
8995
8994
8993
8993
8992
8992
8992
8991
8991
8990
8989
8988
8988
8987
8987
8986
8982
8979
8975
8975
8975
8974
8970
8969
8968
8965
8964
8964
8964
8964
8963
8962
8959
8959
8959
8959
8958
8956
8955
8954
8954
8953
8951
8950
8950
8950
8944
8944
8943
8941
8940
8939
8939
8939
8938
8938
8937
8935
8935
8934
8933
8933
8932
8930
8929
8926
8925
8923
8923
8921
8921
8919
8917
8915
8914
8912
8910
8909
8909
8908
8908
8908
8907
8906
8904
8904
8903
8903
8901
8901
8900
8899
8898
8898
8897
8896
8896
8895
8894
8892
8892
8888
8888
8888
8887
8887
8886
8885
8885
8883
8882
8882
8881
8881
8880
8879
8879
8878
8877
8877
8875
8874
8874
8873
8873
8872
8870
8867
8867
8864
8863
8861
8861
8861
8860
8860
8859
8859
8859
8856
8854
8853
8852
8850
8845
8845
8843
8843
8842
8841
8840
8840
8838
8838
8838
8836
8836
8835
8833
8832
8831
8827
8823
8822
8821
8821
8820
8820
8820
8820
8819
8817
8817
8815
8815
8814
8812
8811
8810
8810
8809
8805
8805
8805
8803
8802
8800
8800
8800
8798
8797
8796
8794
8794
8793
8793
8790
8790
8788
8788
8787
8785
8785
8784
8782
8782
8780
8779
8778
8778
8777
8777
8777
8776
8775
8771
8771
8769
8768
8766
8765
8764
8763
8763
8759
8759
8759
8758
8758
8755
8750
8748
8748
8747
8745
8742
8742
8740
8738
8736
8736
8735
8735
8735
8733
8730
8727
8727
8727
8726
8724
8724
8723
8722
8722
8721
8721
8721
8721
8718
8714
8714
8714
8713
8713
8713
8712
8710
8709
8709
8707
8706
8705
8703
8702
8699
8697
8696
8695
8695
8694
8692
8689
8688
8687
8686
8685
8685
8682
8681
8681
8681
8678
8678
8677
8675
8675
8671
8671
8669
8669
8668
8667
8666
8665
8664
8662
8659
8659
8658
8657
8657
8654
8653
8653
8651
8650
8649
8649
8647
8646
8645
8644
8643
8642
8642
8642
8642
8641
8638
8636
8636
8634
8634
8633
8632
8631
8631
8631
8629
8627
8627
8627
8626
8625
8625
8624
8623
8621
8621
8617
8617
8616
8614
8614
8612
8612
8611
8611
8611
8611
8610
8610
8609
8609
8609
8609
8608
8608
8608
8608
8608
8607
8606
8606
8605
8605
8605
8604
8600
8599
8598
8598
8598
8597
8596
8595
8592
8592
8591
8586
8585
8584
8582
8581
8579
8576
8575
8574
8574
8573
8572
8571
8570
8570
8570
8570
8569
8567
8567
8567
8566
8565
8564
8563
8562
8561
8560
8559
8558
8557
8556
8556
8555
8551
8551
8551
8549
8549
8546
8546
8545
8545
8544
8543
8542
8541
8539
8538
8538
8537
8535
8534
8533
8532
8531
8529
8528
8527
8527
8527
8526
8526
8525
8520
8518
8517
8517
8515
8515
8513
8509
8509
8508
8508
8505
8505
8504
8503
8503
8502
8502
8501
8500
8499
8499
8497
8496
8496
8496
8496
8495
8494
8494
8493
8492
8490
8489
8486
8485
8484
8484
8484
8484
8482
8482
8480
8477
8477
8476
8475
8475
8475
8474
8474
8474
8474
8474
8474
8473
8473
8473
8472
8471
8471
8470
8469
8469
8469
8469
8468
8468
8468
8467
8467
8467
8467
8465
8465
8465
8464
8464
8463
8463
8461
8460
8459
8459
8459
8457
8457
8456
8456
8454
8453
8450
8449
8447
8447
8447
8446
8445
8444
8444
8444
8443
8442
8441
8441
8439
8438
8437
8435
8433
8433
8432
8431
8430
8430
8430
8430
8429
8429
8426
8425
8424
8423
8423
8422
8418
8418
8418
8416
8416
8416
8416
8415
8414
8412
8409
8407
8407
8406
8405
8405
8405
8404
8402
8402
8402
8401
8400
8400
8400
8399
8399
8398
8398
8395
8394
8394
8394
8393
8393
8392
8391
8390
8390
8389
8389
8388
8387
8387
8387
8386
8383
8383
8382
8378
8377
8377
8376
8376
8375
8374
8374
8374
8373
8372
8372
8372
8371
8371
8370
8368
8367
8367
8366
8364
8363
8363
8362
8360
8360
8360
8359
8359
8355
8355
8354
8352
8351
8349
8348
8346
8345
8344
8344
8343
8343
8343
8341
8341
8339
8338
8337
8336
8334
8334
8334
8334
8333
8331
8331
8328
8327
8326
8326
8323
8322
8322
8321
8321
8316
8314
8312
8310
8310
8310
8309
8305
8305
8305
8304
8302
8301
8300
8299
8297
8296
8295
8293
8292
8292
8292
8291
8291
8291
8290
8287
8286
8284
8284
8282
8282
8282
8280
8279
8279
8279
8278
8277
8274
8272
8270
8270
8269
8265
8264
8264
8264
8262
8261
8260
8260
8259
8258
8253
8251
8249
8248
8246
8246
8245
8244
8243
8243
8242
8239
8237
8236
8236
8235
8231
8231
8231
8230
8229
8228
8227
8226
8226
8224
8224
8222
8221
8220
8219
8217
8216
8214
8214
8213
8213
8211
8211
8211
8209
8206
8199
8199
8198
8198
8194
8193
8192
8189
8189
8188
8187
8186
8186
8185
8185
8183
8181
8181
8180
8179
8176
8175
8174
8173
8173
8172
8170
8168
8167
8167
8167
8164
8163
8163
8162
8161
8161
8160
8159
8158
8158
8158
8157
8156
8155
8154
8153
8153
8153
8150
8149
8148
8147
8145
8144
8141
8140
8137
8137
8137
8137
8135
8133
8132
8132
8132
8132
8130
8130
8129
8129
8128
8127
8126
8125
8125
8122
8122
8119
8116
8115
8114
8113
8109
8109
8108
8107
8106
8106
8105
8104
8103
8100
8099
8099
8098
8098
8098
8097
8097
8096
8095
8094
8093
8092
8090
8090
8090
8090
8089
8088
8088
8087
8086
8086
8086
8084
8083
8083
8082
8081
8079
8077
8076
8076
8075
8075
8074
8073
8072
8069
8068
8068
8068
8066
8065
8063
8062
8059
8055
8055
8050
8050
8048
8047
8046
8046
8043
8040
8040
8038
8038
8038
8034
8033
8033
8033
8032
8032
8031
8030
8027
8026
8025
8025
8025
8024
8023
8021
8021
8019
8019
8018
8018
8017
8016
8015
8013
8011
8011
8010
8009
8008
8006
8005
8004
8003
8002
8002
8002
8002
8000
7997
7996
7996
7994
7993
7992
7991
7990
7988
7988
7988
7987
7987
7987
7985
7984
7984
7983
7980
7980
7980
7978
7977
7977
7976
7975
7975
7973
7973
7972
7971
7969
7968
7968
7967
7967
7967
7966
7966
7965
7964
7964
7963
7963
7963
7962
7961
7957
7956
7955
7954
7954
7954
7953
7951
7950
7950
7949
7949
7947
7947
7946
7945
7943
7942
7940
7940
7937
7935
7934
7934
7930
7930
7929
7929
7929
7928
7925
7925
7923
7921
7921
7921
7919
7918
7916
7913
7913
7913
7912
7912
7909
7908
7906
7905
7902
7901
7899
7898
7898
7898
7896
7894
7889
7887
7887
7885
7883
7883
7883
7879
7878
7878
7877
7876
7875
7874
7874
7872
7871
7870
7870
7868
7867
7867
7866
7865
7864
7862
7860
7860
7859
7859
7858
7858
7858
7857
7857
7854
7853
7852
7852
7851
7851
7848
7847
7845
7844
7844
7842
7841
7840
7840
7840
7838
7837
7836
7835
7834
7831
7830
7829
7828
7827
7826
7824
7823
7821
7821
7820
7820
7820
7819
7819
7818
7817
7817
7816
7814
7811
7810
7809
7809
7809
7808
7808
7807
7803
7802
7802
7802
7801
7801
7801
7800
7798
7797
7793
7793
7791
7789
7787
7787
7786
7786
7785
7784
7784
7783
7782
7781
7781
7779
7779
7779
7777
7776
7775
7775
7774
7767
7767
7767
7765
7765
7764
7764
7764
7763
7763
7761
7758
7758
7758
7758
7757
7757
7757
7756
7754
7754
7753
7753
7753
7752
7752
7750
7750
7748
7748
7748
7748
7748
7747
7747
7746
7746
7746
7746
7744
7743
7742
7741
7741
7741
7741
7741
7740
7739
7736
7735
7734
7734
7733
7732
7732
7731
7730
7730
7728
7728
7725
7723
7723
7723
7721
7720
7718
7717
7717
7716
7715
7715
7713
7712
7711
7709
7709
7707
7707
7704
7702
7702
7702
7702
7697
7695
7695
7695
7695
7692
7689
7688
7688
7687
7686
7685
7684
7683
7683
7683
7682
7680
7677
7674
7674
7672
7672
7670
7670
7670
7668
7668
7665
7664
7661
7659
7657
7655
7655
7653
7653
7651
7651
7649
7648
7648
7648
7647
7647
7646
7645
7643
7642
7641
7640
7640
7632
7631
7628
7628
7627
7624
7624
7624
7623
7623
7623
7621
7621
7620
7619
7619
7617
7617
7617
7616
7615
7615
7614
7614
7612
7611
7611
7611
7611
7610
7609
7609
7608
7608
7608
7608
7604
7604
7604
7604
7599
7598
7597
7597
7596
7595
7595
7593
7593
7591
7590
7590
7587
7586
7585
7585
7585
7583
7581
7580
7579
7579
7579
7578
7577
7576
7576
7575
7574
7573
7572
7572
7570
7569
7568
7568
7566
7566
7565
7563
7563
7563
7563
7562
7562
7562
7561
7561
7559
7558
7558
7557
7556
7556
7555
7554
7554
7553
7550
7549
7549
7548
7547
7547
7547
7547
7547
7546
7542
7541
7539
7539
7537
7537
7536
7536
7535
7534
7533
7532
7532
7530
7527
7523
7522
7522
7522
7520
7515
7515
7514
7512
7509
7508
7506
7502
7502
7499
7499
7499
7498
7498
7497
7496
7491
7490
7490
7485
7484
7483
7479
7479
7478
7477
7477
7477
7476
7475
7473
7470
7466
7464
7464
7463
7462
7462
7462
7460
7459
7458
7456
7455
7454
7453
7448
7447
7446
7446
7446
7445
7445
7444
7444
7443
7443
7443
7442
7442
7441
7441
7440
7440
7439
7438
7438
7436
7435
7434
7434
7433
7432
7431
7431
7431
7430
7429
7428
7427
7424
7424
7423
7423
7423
7421
7420
7417
7417
7416
7416
7415
7415
7414
7413
7413
7412
7411
7411
7410
7409
7409
7409
7408
7408
7407
7407
7406
7406
7404
7404
7404
7402
7402
7401
7401
7396
7394
7393
7392
7390
7390
7389
7388
7385
7383
7382
7382
7381
7381
7381
7379
7379
7377
7376
7376
7375
7375
7374
7373
7370
7369
7369
7368
7366
7366
7365
7364
7364
7362
7362
7362
7356
7356
7355
7355
7353
7353
7353
7353
7352
7352
7351
7349
7349
7345
7344
7344
7344
7342
7339
7338
7336
7336
7336
7335
7335
7334
7331
7330
7330
7329
7328
7328
7327
7326
7326
7326
7325
7325
7324
7323
7323
7322
7322
7321
7320
7319
7318
7318
7318
7317
7317
7315
7315
7314
7313
7311
7311
7311
7311
7309
7307
7306
7306
7305
7303
7302
7302
7301
7300
7300
7299
7297
7297
7297
7296
7295
7293
7293
7291
7291
7291
7291
7290
7288
7287
7286
7283
7282
7282
7278
7277
7277
7276
7275
7274
7274
7272
7272
7272
7272
7271
7270
7268
7266
7266
7265
7265
7264
7263
7263
7262
7261
7259
7259
7258
7258
7258
7258
7255
7254
7253
7252
7252
7252
7250
7250
7246
7243
7243
7242
7241
7240
7240
7240
7240
7239
7239
7237
7236
7235
7229
7228
7226
7226
7226
7225
7225
7225
7224
7221
7219
7212
7212
7211
7211
7211
7208
7207
7203
7202
7202
7202
7202
7201
7201
7200
7199
7198
7198
7197
7197
7196
7195
7194
7193
7192
7191
7191
7191
7189
7187
7187
7186
7185
7185
7182
7181
7179
7178
7178
7177
7176
7176
7175
7174
7173
7173
7172
7171
7171
7169
7168
7168
7167
7166
7166
7166
7165
7164
7162
7160
7159
7158
7158
7157
7156
7156
7156
7153
7151
7151
7148
7146
7146
7146
7144
7143
7141
7141
7141
7139
7139
7137
7136
7136
7135
7133
7133
7132
7131
7131
7130
7129
7128
7128
7127
7124
7122
7121
7121
7121
7121
7116
7115
7114
7113
7113
7112
7111
7110
7109
7108
7108
7108
7108
7104
7104
7102
7100
7099
7099
7098
7098
7097
7095
7094
7093
7091
7091
7091
7089
7088
7088
7085
7084
7083
7083
7082
7082
7082
7082
7079
7077
7076
7076
7075
7074
7073
7072
7071
7069
7069
7068
7067
7066
7066
7065
7065
7063
7062
7061
7059
7057
7056
7053
7053
7052
7052
7050
7049
7049
7049
7048
7048
7047
7047
7046
7045
7044
7043
7042
7042
7039
7039
7039
7038
7037
7036
7035
7035
7032
7031
7030
7029
7027
7027
7027
7026
7026
7025
7022
7021
7020
7018
7017
7017
7017
7016
7013
7010
7010
7009
7009
7008
7008
7007
7006
7006
7005
7004
7003
7001
6999
6999
6999
6998
6995
6995
6995
6994
6993
6991
6991
6989
6986
6986
6985
6984
6983
6983
6973
6972
6972
6972
6968
6968
6968
6965
6965
6965
6963
6962
6962
6959
6959
6958
6958
6957
6957
6956
6953
6953
6953
6952
6952
6951
6949
6949
6948
6947
6946
6945
6944
6944
6943
6942
6942
6941
6938
6936
6934
6934
6932
6930
6930
6929
6928
6926
6925
6925
6924
6923
6921
6921
6920
6919
6918
6918
6917
6917
6917
6915
6915
6911
6911
6908
6907
6906
6906
6906
6905
6903
6903
6903
6902
6902
6901
6899
6895
6894
6889
6888
6887
6887
6886
6885
6885
6885
6885
6884
6884
6883
6883
6882
6881
6880
6879
6879
6876
6875
6874
6873
6870
6868
6868
6868
6867
6867
6866
6865
6864
6863
6862
6861
6855
6854
6854
6851
6851
6850
6849
6847
6847
6845
6844
6843
6843
6842
6841
6840
6839
6839
6838
6838
6837
6836
6836
6833
6832
6831
6830
6830
6830
6829
6824
6824
6823
6820
6820
6820
6820
6817
6815
6814
6810
6809
6809
6806
6804
6804
6804
6803
6803
6802
6802
6802
6800
6799
6798
6798
6798
6796
6796
6794
6790
6790
6790
6788
6786
6785
6784
6783
6783
6783
6782
6782
6781
6781
6781
6779
6779
6778
6778
6778
6778
6775
6775
6774
6773
6773
6773
6771
6771
6767
6767
6767
6766
6766
6764
6764
6764
6764
6762
6761
6761
6759
6759
6757
6753
6751
6750
6750
6748
6747
6746
6746
6741
6741
6741
6739
6739
6739
6738
6737
6733
6733
6730
6730
6730
6729
6729
6729
6729
6728
6728
6724
6724
6723
6723
6723
6722
6722
6722
6721
6720
6719
6718
6718
6718
6717
6716
6715
6714
6713
6713
6713
6710
6710
6708
6705
6705
6704
6704
6703
6702
6701
6700
6700
6698
6697
6694
6693
6692
6690
6689
6689
6688
6686
6685
6685
6684
6684
6684
6683
6682
6682
6679
6678
6677
6676
6675
6675
6674
6673
6672
6670
6669
6667
6667
6667
6667
6666
6665
6664
6663
6663
6662
6660
6660
6656
6656
6654
6654
6653
6652
6652
6652
6652
6651
6651
6651
6650
6649
6648
6645
6645
6643
6643
6642
6642
6642
6640
6637
6637
6637
6637
6636
6634
6634
6634
6632
6632
6629
6627
6626
6626
6626
6624
6622
6621
6621
6620
6619
6618
6618
6615
6615
6612
6610
6610
6609
6607
6607
6606
6606
6606
6604
6603
6603
6599
6599
6597
6596
6596
6594
6592
6592
6591
6590
6589
6588
6588
6588
6586
6586
6586
6585
6584
6582
6580
6579
6576
6575
6573
6572
6571
6570
6569
6567
6566
6566
6565
6565
6565
6564
6563
6561
6555
6553
6553
6553
6553
6552
6551
6550
6547
6546
6545
6544
6542
6542
6541
6541
6540
6540
6540
6539
6537
6535
6534
6533
6531
6530
6529
6529
6528
6528
6527
6526
6522
6522
6521
6521
6519
6516
6513
6512
6510
6509
6507
6506
6505
6505
6505
6503
6502
6502
6501
6500
6500
6500
6500
6498
6496
6494
6494
6493
6492
6492
6492
6491
6491
6490
6487
6483
6482
6482
6482
6481
6479
6479
6478
6477
6477
6475
6472
6470
6470
6470
6470
6469
6468
6467
6465
6465
6465
6465
6464
6464
6462
6460
6459
6458
6458
6453
6453
6453
6453
6451
6448
6447
6446
6446
6444
6444
6443
6442
6442
6442
6441
6440
6438
6437
6436
6434
6434
6433
6432
6429
6429
6428
6427
6426
6425
6423
6422
6421
6421
6420
6419
6418
6416
6414
6414
6413
6413
6413
6412
6411
6411
6411
6411
6410
6409
6408
6407
6407
6406
6405
6405
6405
6403
6403
6403
6402
6399
6398
6395
6394
6392
6391
6390
6390
6389
6389
6389
6386
6386
6385
6385
6383
6382
6380
6379
6379
6377
6377
6377
6376
6375
6373
6372
6369
6368
6367
6366
6365
6363
6362
6361
6360
6357
6353
6351
6349
6349
6347
6345
6344
6343
6343
6342
6340
6340
6337
6337
6336
6333
6333
6333
6332
6330
6329
6329
6328
6326
6323
6320
6320
6316
6316
6316
6315
6313
6311
6310
6310
6309
6307
6307
6306
6306
6306
6306
6304
6302
6301
6300
6296
6296
6295
6294
6293
6293
6291
6290
6289
6288
6287
6286
6284
6283
6283
6280
6280
6280
6280
6277
6276
6275
6273
6273
6272
6272
6272
6272
6269
6268
6268
6266
6264
6264
6262
6260
6259
6258
6257
6256
6255
6254
6253
6253
6250
6249
6248
6244
6243
6242
6242
6240
6239
6239
6237
6237
6235
6234
6234
6234
6234
6230
6228
6227
6226
6226
6225
6225
6225
6224
6224
6223
6221
6220
6218
6218
6218
6218
6218
6217
6216
6215
6213
6213
6211
6211
6211
6210
6210
6209
6209
6209
6208
6207
6207
6206
6205
6204
6203
6203
6203
6201
6200
6199
6198
6196
6196
6194
6192
6190
6190
6188
6187
6187
6187
6186
6184
6184
6183
6182
6182
6182
6182
6181
6178
6177
6177
6176
6176
6176
6174
6173
6173
6172
6172
6172
6171
6170
6168
6166
6163
6163
6162
6161
6159
6159
6159
6159
6159
6156
6155
6152
6152
6151
6151
6150
6149
6147
6146
6146
6144
6144
6144
6144
6143
6142
6141
6141
6138
6137
6136
6135
6133
6133
6130
6130
6129
6127
6127
6126
6125
6124
6122
6121
6120
6119
6119
6118
6117
6116
6114
6112
6111
6110
6109
6108
6108
6107
6107
6107
6106
6105
6104
6104
6104
6102
6102
6102
6101
6099
6097
6096
6096
6095
6095
6094
6093
6093
6092
6092
6090
6090
6089
6087
6086
6086
6086
6085
6085
6082
6081
6080
6080
6078
6078
6076
6076
6075
6075
6073
6073
6072
6072
6069
6068
6067
6067
6066
6066
6066
6066
6065
6065
6065
6064
6064
6062
6062
6061
6060
6059
6058
6057
6056
6054
6054
6053
6053
6052
6052
6051
6049
6049
6048
6045
6044
6044
6043
6043
6041
6040
6039
6039
6038
6036
6036
6036
6036
6035
6031
6029
6028
6027
6026
6026
6025
6025
6025
6025
6023
6022
6021
6020
6020
6019
6019
6017
6017
6016
6016
6016
6016
6013
6012
6012
6011
6011
6010
6010
6009
6008
6008
6008
6007
6006
6006
6006
6005
6005
6004
6002
6001
6001
6000
6000
5996
5996
5996
5994
5993
5993
5991
5990
5989
5988
5988
5987
5986
5983
5983
5982
5978
5976
5976
5976
5976
5975
5974
5974
5973
5972
5972
5972
5969
5969
5967
5965
5962
5962
5962
5961
5961
5960
5960
5957
5957
5955
5955
5954
5951
5950
5949
5947
5944
5944
5938
5938
5937
5936
5935
5932
5932
5930
5930
5928
5926
5925
5924
5923
5923
5923
5922
5919
5917
5914
5913
5910
5910
5908
5907
5907
5905
5904
5904
5903
5903
5902
5900
5898
5896
5896
5895
5893
5890
5889
5888
5888
5888
5887
5884
5884
5883
5882
5882
5881
5881
5880
5880
5879
5878
5878
5878
5877
5876
5876
5874
5874
5872
5872
5872
5871
5870
5868
5868
5868
5868
5866
5866
5866
5865
5865
5861
5861
5858
5857
5856
5856
5854
5853
5852
5847
5847
5846
5843
5842
5842
5841
5840
5840
5840
5834
5834
5833
5833
5831
5830
5827
5827
5827
5825
5825
5824
5823
5822
5819
5818
5818
5817
5817
5817
5816
5816
5815
5814
5814
5812
5812
5811
5810
5809
5809
5808
5805
5805
5804
5804
5804
5802
5802
5799
5798
5798
5797
5797
5797
5796
5796
5795
5794
5792
5792
5791
5790
5790
5789
5789
5789
5788
5786
5786
5782
5781
5778
5777
5775
5775
5774
5774
5774
5774
5773
5772
5771
5771
5771
5771
5770
5769
5769
5764
5762
5762
5762
5761
5760
5760
5759
5758
5756
5755
5755
5754
5753
5752
5751
5751
5748
5747
5747
5747
5746
5746
5746
5745
5745
5745
5744
5744
5742
5742
5741
5740
5740
5739
5736
5735
5734
5732
5731
5731
5730
5730
5729
5728
5728
5722
5720
5720
5718
5717
5716
5716
5714
5714
5712
5711
5711
5710
5710
5710
5709
5708
5707
5705
5704
5703
5703
5703
5702
5702
5701
5700
5699
5698
5697
5697
5697
5697
5697
5696
5695
5695
5694
5693
5693
5693
5691
5689
5687
5685
5683
5682
5682
5680
5678
5676
5676
5676
5675
5675
5675
5675
5674
5673
5673
5669
5668
5668
5667
5666
5665
5664
5663
5663
5662
5661
5659
5659
5658
5657
5657
5656
5656
5655
5655
5655
5655
5654
5653
5652
5647
5646
5642
5642
5641
5640
5639
5639
5635
5634
5634
5631
5631
5630
5630
5629
5627
5627
5626
5624
5623
5621
5620
5619
5614
5614
5613
5613
5613
5611
5610
5610
5609
5608
5608
5606
5606
5606
5603
5603
5601
5600
5600
5599
5596
5595
5595
5593
5592
5592
5588
5588
5588
5587
5586
5585
5585
5585
5583
5581
5581
5581
5581
5580
5580
5579
5578
5578
5577
5577
5575
5575
5574
5574
5574
5570
5570
5569
5569
5568
5565
5564
5563
5562
5562
5558
5557
5557
5556
5556
5555
5554
5552
5552
5545
5544
5542
5541
5540
5540
5538
5537
5535
5533
5532
5532
5531
5530
5530
5528
5528
5526
5524
5520
5520
5519
5518
5517
5516
5516
5516
5516
5516
5513
5512
5512
5512
5511
5509
5509
5508
5506
5506
5506
5505
5504
5504
5504
5503
5502
5502
5500
5499
5497
5496
5494
5494
5494
5492
5490
5489
5488
5488
5488
5487
5483
5483
5481
5481
5481
5480
5476
5474
5473
5472
5471
5471
5470
5470
5470
5469
5469
5469
5467
5467
5466
5463
5463
5462
5459
5458
5458
5458
5458
5456
5455
5454
5454
5452
5451
5450
5448
5448
5446
5446
5443
5438
5437
5436
5436
5432
5432
5432
5432
5431
5430
5429
5428
5428
5428
5428
5427
5426
5425
5425
5425
5424
5422
5422
5422
5421
5420
5420
5419
5417
5417
5416
5415
5415
5415
5414
5413
5412
5411
5410
5409
5408
5408
5408
5407
5406
5406
5406
5405
5404
5404
5404
5402
5402
5402
5401
5401
5397
5396
5395
5395
5393
5392
5391
5388
5386
5384
5384
5384
5382
5382
5382
5381
5380
5379
5378
5377
5376
5376
5373
5373
5371
5370
5367
5367
5366
5364
5363
5359
5358
5357
5357
5357
5353
5352
5352
5352
5347
5346
5344
5343
5343
5342
5342
5341
5340
5339
5339
5339
5336
5336
5336
5335
5334
5332
5331
5328
5328
5328
5327
5325
5325
5324
5324
5324
5323
5322
5321
5321
5320
5320
5319
5317
5317
5316
5314
5313
5313
5313
5309
5308
5307
5305
5304
5304
5302
5301
5301
5301
5300
5299
5299
5297
5296
5295
5294
5293
5292
5292
5291
5291
5290
5289
5289
5289
5289
5288
5288
5287
5287
5286
5285
5284
5283
5283
5282
5281
5281
5281
5281
5279
5279
5279
5278
5276
5275
5274
5272
5271
5268
5267
5267
5267
5266
5266
5266
5264
5261
5261
5258
5258
5257
5257
5256
5254
5252
5252
5250
5249
5248
5248
5246
5245
5243
5242
5241
5239
5237
5237
5236
5234
5233
5233
5232
5231
5230
5230
5228
5226
5225
5224
5223
5223
5220
5220
5218
5215
5214
5212
5212
5210
5208
5206
5206
5205
5205
5204
5203
5202
5201
5200
5200
5198
5198
5198
5198
5194
5192
5191
5190
5189
5188
5187
5187
5187
5186
5186
5186
5185
5185
5185
5181
5181
5181
5178
5177
5177
5177
5175
5174
5173
5173
5172
5170
5169
5169
5167
5165
5163
5162
5161
5160
5160
5160
5158
5158
5158
5157
5156
5155
5153
5152
5151
5151
5150
5150
5150
5149
5147
5146
5146
5145
5144
5144
5142
5142
5142
5141
5141
5141
5140
5140
5138
5136
5135
5134
5134
5131
5131
5130
5127
5127
5126
5126
5126
5123
5122
5122
5121
5120
5119
5118
5118
5117
5116
5116
5115
5113
5112
5111
5110
5109
5108
5104
5101
5100
5100
5100
5099
5098
5097
5096
5096
5096
5096
5093
5091
5090
5087
5087
5087
5083
5083
5081
5080
5079
5078
5077
5076
5076
5075
5075
5074
5074
5073
5072
5072
5071
5071
5070
5069
5068
5068
5059
5059
5059
5058
5057
5055
5055
5054
5054
5054
5054
5053
5049
5049
5049
5049
5047
5044
5044
5044
5043
5043
5042
5041
5041
5040
5040
5040
5039
5039
5038
5036
5035
5034
5031
5030
5028
5028
5028
5026
5025
5025
5024
5023
5020
5020
5018
5017
5016
5016
5016
5015
5015
5015
5015
5014
5013
5011
5009
5008
5008
5004
5004
5003
5001
5001
5000
5000
4999
4999
4998
4993
4990
4989
4989
4988
4988
4987
4987
4986
4985
4985
4984
4982
4982
4981
4981
4981
4981
4980
4980
4979
4978
4976
4976
4975
4973
4973
4969
4969
4966
4966
4966
4965
4963
4962
4961
4961
4959
4958
4957
4957
4956
4955
4955
4954
4954
4953
4950
4950
4948
4947
4947
4946
4946
4945
4945
4942
4940
4940
4939
4938
4937
4936
4935
4935
4933
4932
4932
4931
4929
4928
4924
4924
4923
4920
4919
4918
4915
4915
4914
4912
4911
4910
4905
4905
4905
4902
4900
4900
4898
4897
4896
4896
4895
4895
4895
4894
4894
4894
4893
4893
4892
4892
4891
4890
4889
4888
4887
4886
4885
4885
4885
4883
4882
4881
4880
4880
4880
4880
4880
4879
4879
4876
4876
4875
4875
4874
4873
4873
4871
4871
4870
4870
4869
4869
4868
4867
4867
4866
4866
4866
4866
4866
4864
4864
4863
4863
4862
4861
4859
4858
4858
4854
4854
4854
4852
4847
4846
4846
4845
4845
4843
4842
4842
4842
4839
4839
4837
4836
4836
4835
4835
4835
4834
4833
4832
4832
4832
4831
4829
4828
4827
4825
4825
4824
4824
4823
4822
4822
4821
4821
4821
4821
4821
4820
4819
4818
4817
4817
4816
4815
4814
4814
4814
4813
4812
4812
4812
4812
4811
4811
4810
4810
4810
4809
4809
4809
4806
4805
4803
4802
4802
4801
4801
4800
4800
4797
4796
4794
4794
4793
4793
4792
4792
4792
4791
4790
4789
4788
4787
4784
4782
4780
4780
4778
4778
4776
4775
4773
4772
4772
4771
4771
4769
4768
4766
4766
4765
4764
4764
4763
4761
4760
4760
4759
4759
4758
4758
4756
4753
4753
4753
4753
4752
4750
4749
4746
4744
4743
4742
4741
4740
4740
4738
4737
4737
4734
4733
4733
4731
4727
4725
4723
4722
4722
4721
4720
4718
4718
4717
4716
4715
4714
4714
4713
4713
4713
4710
4709
4708
4707
4706
4706
4703
4702
4702
4701
4700
4699
4698
4697
4697
4696
4696
4696
4695
4694
4692
4691
4689
4688
4686
4685
4684
4684
4683
4682
4681
4681
4680
4679
4678
4678
4678
4678
4677
4676
4674
4674
4674
4674
4673
4672
4670
4669
4668
4667
4666
4666
4665
4663
4662
4662
4662
4659
4658
4658
4657
4656
4654
4654
4649
4648
4645
4644
4644
4643
4642
4641
4641
4640
4640
4636
4635
4634
4634
4633
4633
4630
4630
4629
4629
4628
4627
4627
4625
4622
4622
4621
4621
4620
4620
4620
4619
4617
4616
4616
4615
4615
4614
4614
4614
4612
4612
4611
4610
4608
4608
4606
4606
4605
4604
4604
4603
4603
4603
4602
4602
4601
4601
4600
4597
4593
4589
4589
4589
4588
4587
4586
4585
4585
4585
4584
4584
4582
4582
4579
4579
4578
4577
4577
4577
4576
4573
4573
4572
4572
4571
4570
4570
4569
4567
4567
4566
4565
4563
4562
4561
4561
4560
4560
4557
4556
4554
4554
4553
4553
4551
4551
4550
4548
4546
4545
4542
4541
4540
4538
4537
4536
4535
4535
4535
4535
4535
4534
4533
4532
4532
4532
4531
4530
4530
4529
4529
4528
4524
4523
4522
4521
4521
4520
4520
4520
4519
4518
4517
4517
4517
4516
4515
4515
4515
4514
4513
4511
4508
4507
4506
4505
4505
4505
4504
4504
4502
4500
4498
4497
4497
4497
4496
4494
4494
4492
4491
4491
4490
4486
4486
4486
4481
4479
4476
4475
4473
4472
4472
4471
4469
4468
4468
4468
4467
4467
4466
4464
4463
4463
4462
4461
4459
4457
4456
4453
4451
4450
4450
4445
4443
4442
4440
4439
4438
4438
4438
4437
4436
4435
4435
4434
4432
4432
4431
4431
4430
4430
4429
4427
4426
4425
4424
4422
4420
4420
4420
4420
4419
4418
4417
4414
4414
4414
4412
4410
4410
4409
4409
4408
4406
4405
4405
4404
4403
4402
4401
4399
4399
4399
4398
4398
4397
4397
4396
4396
4394
4393
4392
4392
4392
4392
4392
4392
4392
4391
4391
4390
4389
4385
4385
4385
4385
4384
4384
4383
4383
4383
4382
4382
4381
4381
4377
4376
4376
4375
4374
4373
4372
4371
4371
4368
4367
4367
4367
4367
4364
4363
4363
4362
4361
4360
4358
4358
4357
4356
4355
4353
4353
4351
4350
4350
4350
4349
4348
4345
4340
4338
4338
4336
4336
4335
4335
4331
4331
4329
4328
4326
4325
4325
4325
4325
4324
4323
4323
4321
4320
4320
4319
4319
4319
4318
4316
4315
4314
4313
4313
4313
4308
4306
4305
4303
4303
4303
4302
4301
4300
4299
4299
4298
4296
4295
4294
4292
4289
4289
4288
4288
4283
4281
4280
4279
4278
4278
4277
4275
4274
4274
4270
4269
4267
4264
4264
4262
4261
4261
4259
4258
4257
4255
4254
4252
4252
4251
4250
4250
4250
4250
4250
4247
4247
4247
4245
4245
4244
4243
4243
4243
4242
4242
4241
4238
4234
4234
4234
4233
4232
4231
4229
4228
4226
4225
4221
4218
4214
4214
4213
4211
4210
4209
4208
4208
4207
4207
4207
4207
4204
4203
4202
4202
4197
4196
4195
4193
4192
4190
4189
4188
4188
4187
4187
4185
4185
4183
4183
4180
4180
4178
4177
4177
4177
4176
4174
4173
4171
4170
4170
4169
4168
4168
4167
4166
4166
4166
4164
4164
4164
4163
4162
4161
4161
4161
4161
4159
4159
4158
4158
4158
4158
4158
4155
4153
4151
4151
4149
4147
4146
4145
4144
4143
4143
4142
4141
4140
4140
4139
4137
4135
4135
4134
4134
4133
4132
4132
4130
4129
4129
4126
4125
4123
4123
4122
4121
4120
4120
4119
4117
4116
4115
4113
4112
4112
4110
4110
4109
4108
4108
4107
4107
4106
4103
4100
4100
4098
4097
4097
4096
4095
4093
4092
4089
4089
4088
4087
4085
4085
4084
4084
4083
4082
4081
4080
4079
4079
4079
4079
4078
4076
4070
4070
4070
4069
4068
4067
4067
4066
4066
4065
4064
4064
4062
4061
4061
4060
4060
4059
4058
4057
4057
4056
4056
4052
4050
4049
4049
4048
4047
4045
4045
4045
4044
4042
4042
4040
4038
4037
4037
4034
4033
4032
4030
4027
4027
4027
4026
4023
4023
4023
4022
4022
4021
4021
4019
4016
4016
4016
4015
4015
4014
4011
4010
4009
4008
4007
4006
4006
4002
4000
3999
3999
3998
3996
3996
3994
3993
3992
3991
3991
3989
3989
3989
3988
3987
3986
3985
3985
3983
3983
3983
3983
3981
3981
3980
3978
3978
3977
3975
3975
3974
3972
3972
3972
3971
3970
3969
3969
3968
3968
3965
3965
3965
3962
3960
3959
3958
3956
3955
3954
3954
3953
3951
3951
3950
3950
3950
3949
3948
3945
3945
3943
3943
3942
3941
3941
3941
3940
3937
3936
3936
3934
3933
3932
3927
3926
3926
3925
3925
3925
3924
3922
3921
3921
3921
3920
3920
3920
3917
3917
3916
3914
3913
3912
3911
3909
3908
3906
3903
3903
3903
3902
3902
3900
3898
3895
3894
3894
3894
3894
3894
3893
3893
3893
3892
3892
3892
3891
3891
3891
3890
3888
3888
3887
3887
3887
3886
3886
3883
3882
3882
3881
3881
3879
3879
3878
3878
3877
3875
3874
3872
3870
3868
3868
3868
3865
3865
3865
3865
3863
3862
3861
3859
3857
3855
3854
3852
3852
3849
3849
3849
3848
3846
3844
3843
3842
3842
3842
3842
3841
3841
3841
3840
3839
3839
3838
3838
3837
3837
3836
3835
3835
3834
3832
3831
3831
3829
3829
3829
3827
3826
3826
3824
3823
3821
3821
3819
3816
3815
3814
3814
3813
3813
3812
3810
3809
3809
3809
3808
3807
3806
3805
3805
3805
3805
3804
3803
3802
3802
3801
3801
3801
3801
3798
3796
3793
3793
3792
3792
3790
3787
3787
3786
3786
3782
3782
3781
3781
3780
3780
3780
3777
3776
3775
3772
3769
3768
3768
3767
3766
3764
3764
3763
3762
3762
3761
3760
3759
3759
3758
3757
3756
3756
3754
3753
3753
3751
3750
3750
3750
3750
3749
3749
3748
3748
3747
3746
3746
3743
3742
3741
3741
3741
3741
3740
3740
3740
3740
3739
3738
3736
3735
3733
3733
3730
3730
3730
3729
3729
3725
3725
3725
3723
3720
3718
3716
3716
3716
3714
3713
3713
3710
3710
3709
3709
3708
3706
3705
3704
3703
3703
3702
3702
3701
3701
3699
3698
3696
3696
3695
3695
3694
3693
3693
3693
3691
3689
3688
3688
3687
3686
3686
3686
3685
3685
3683
3683
3682
3681
3680
3679
3679
3678
3678
3677
3674
3673
3673
3672
3672
3670
3670
3668
3668
3667
3667
3664
3663
3661
3661
3658
3656
3656
3655
3653
3651
3650
3650
3648
3646
3646
3645
3645
3645
3644
3643
3641
3640
3637
3637
3631
3630
3629
3629
3628
3628
3628
3628
3628
3626
3624
3624
3623
3622
3622
3621
3621
3621
3620
3620
3620
3620
3619
3617
3616
3615
3613
3613
3613
3611
3608
3608
3608
3606
3606
3605
3602
3602
3600
3600
3599
3598
3594
3593
3592
3592
3591
3590
3590
3590
3589
3588
3588
3587
3585
3585
3585
3584
3582
3581
3580
3579
3578
3575
3573
3573
3572
3569
3569
3568
3567
3567
3566
3566
3565
3564
3560
3558
3558
3558
3557
3556
3556
3554
3553
3552
3552
3552
3551
3550
3550
3550
3549
3548
3546
3546
3545
3542
3541
3541
3541
3541
3540
3539
3539
3539
3537
3536
3535
3532
3532
3529
3529
3528
3528
3525
3523
3523
3521
3519
3519
3518
3515
3514
3514
3512
3509
3507
3507
3507
3506
3505
3504
3504
3503
3503
3502
3502
3501
3501
3501
3500
3499
3499
3499
3499
3497
3497
3496
3495
3494
3494
3493
3493
3491
3491
3491
3491
3489
3488
3488
3488
3487
3487
3487
3486
3485
3483
3483
3483
3483
3483
3482
3480
3480
3480
3478
3477
3476
3474
3474
3473
3473
3471
3467
3465
3465
3465
3463
3459
3458
3457
3456
3454
3452
3451
3448
3448
3448
3448
3447
3446
3446
3443
3440
3439
3437
3437
3436
3434
3434
3432
3432
3432
3431
3430
3430
3429
3427
3427
3424
3424
3424
3423
3421
3419
3417
3417
3416
3415
3414
3414
3412
3411
3411
3411
3410
3409
3408
3407
3406
3406
3404
3403
3403
3398
3397
3397
3397
3395
3395
3395
3390
3388
3385
3385
3384
3384
3383
3381
3380
3380
3378
3374
3373
3372
3372
3370
3369
3369
3369
3368
3367
3364
3363
3363
3361
3359
3358
3358
3357
3357
3356
3354
3353
3353
3353
3351
3350
3349
3347
3346
3344
3343
3342
3341
3341
3339
3336
3333
3333
3331
3328
3328
3326
3325
3324
3323
3323
3321
3316
3315
3314
3314
3313
3311
3311
3308
3306
3306
3305
3301
3299
3299
3297
3296
3295
3294
3293
3292
3292
3289
3289
3286
3285
3285
3284
3284
3281
3280
3279
3278
3275
3274
3273
3272
3272
3272
3271
3270
3269
3269
3269
3267
3266
3265
3265
3264
3264
3263
3263
3263
3262
3262
3261
3261
3259
3259
3258
3257
3257
3257
3255
3255
3254
3252
3249
3248
3247
3247
3246
3246
3245
3244
3244
3241
3241
3240
3239
3237
3237
3236
3235
3235
3234
3234
3234
3231
3231
3227
3225
3224
3224
3223
3220
3218
3218
3218
3217
3216
3214
3211
3209
3208
3206
3206
3204
3203
3203
3202
3202
3201
3199
3198
3193
3192
3192
3191
3188
3188
3187
3185
3184
3182
3180
3176
3176
3173
3173
3172
3170
3169
3169
3169
3168
3167
3165
3162
3162
3161
3160
3159
3157
3152
3151
3151
3150
3150
3150
3148
3147
3147
3146
3145
3145
3144
3143
3143
3143
3142
3140
3139
3139
3136
3136
3134
3134
3133
3131
3130
3129
3128
3128
3127
3126
3125
3123
3121
3120
3115
3113
3113
3113
3112
3109
3109
3107
3107
3106
3106
3105
3105
3105
3105
3104
3102
3102
3099
3096
3095
3093
3093
3092
3092
3092
3091
3090
3090
3090
3089
3088
3087
3086
3084
3084
3083
3083
3078
3077
3077
3076
3074
3073
3070
3070
3069
3068
3068
3066
3066
3065
3063
3062
3061
3060
3054
3053
3053
3052
3052
3050
3049
3049
3048
3047
3047
3047
3047
3046
3046
3045
3044
3044
3041
3041
3040
3039
3037
3035
3035
3034
3032
3032
3031
3031
3030
3029
3027
3026
3025
3022
3022
3020
3019
3018
3018
3013
3011
3009
3008
3006
3006
3006
3005
3005
3004
3002
3002
3000
2998
2998
2997
2997
2995
2995
2995
2994
2994
2994
2993
2992
2991
2991
2990
2990
2990
2987
2987
2985
2984
2983
2983
2982
2982
2979
2977
2977
2976
2974
2972
2972
2971
2969
2968
2968
2967
2965
2965
2964
2964
2963
2963
2963
2963
2963
2961
2960
2956
2955
2955
2953
2952
2950
2949
2948
2948
2947
2947
2944
2943
2942
2941
2939
2938
2936
2936
2935
2934
2933
2932
2932
2931
2931
2930
2928
2923
2922
2922
2922
2919
2919
2918
2917
2917
2917
2916
2916
2916
2913
2910
2909
2908
2908
2907
2905
2905
2904
2902
2899
2899
2899
2899
2898
2898
2898
2898
2895
2893
2892
2891
2890
2889
2888
2885
2885
2885
2885
2884
2883
2882
2880
2880
2879
2876
2876
2875
2875
2874
2874
2870
2866
2865
2864
2863
2861
2861
2861
2861
2858
2856
2856
2852
2852
2852
2852
2852
2850
2850
2849
2849
2849
2848
2847
2847
2847
2843
2842
2842
2840
2840
2840
2839
2839
2839
2838
2837
2837
2836
2836
2835
2832
2831
2830
2827
2826
2825
2824
2824
2823
2823
2821
2821
2821
2821
2819
2818
2818
2817
2816
2814
2813
2813
2812
2811
2811
2809
2808
2808
2806
2806
2806
2805
2804
2803
2803
2803
2802
2802
2801
2799
2799
2798
2798
2797
2797
2796
2795
2794
2794
2794
2792
2790
2789
2788
2787
2786
2785
2784
2781
2781
2780
2780
2777
2777
2776
2776
2773
2773
2773
2772
2770
2767
2766
2766
2765
2764
2763
2763
2762
2761
2761
2760
2760
2760
2758
2757
2755
2754
2754
2753
2753
2752
2750
2750
2750
2750
2747
2746
2745
2745
2743
2743
2742
2742
2742
2742
2742
2741
2740
2736
2733
2733
2733
2732
2732
2732
2729
2728
2726
2725
2725
2723
2722
2722
2720
2720
2720
2719
2717
2716
2716
2715
2715
2715
2713
2712
2710
2710
2708
2707
2707
2706
2705
2704
2702
2700
2700
2700
2699
2698
2697
2696
2696
2696
2695
2692
2690
2687
2686
2683
2682
2682
2681
2680
2679
2679
2679
2678
2677
2677
2673
2667
2665
2664
2663
2663
2660
2659
2659
2659
2659
2658
2657
2657
2656
2653
2653
2653
2652
2650
2648
2647
2645
2640
2640
2640
2639
2637
2634
2633
2633
2630
2629
2629
2628
2627
2626
2624
2622
2619
2618
2618
2617
2617
2615
2615
2613
2612
2610
2610
2609
2608
2608
2607
2607
2607
2606
2606
2605
2605
2604
2597
2596
2595
2594
2594
2594
2592
2587
2586
2586
2586
2586
2585
2584
2584
2581
2581
2579
2579
2579
2579
2579
2579
2577
2574
2574
2571
2570
2570
2569
2568
2567
2567
2566
2564
2563
2562
2560
2560
2560
2559
2557
2556
2554
2553
2552
2551
2551
2551
2548
2544
2544
2543
2543
2542
2542
2541
2541
2539
2536
2536
2535
2534
2533
2533
2532
2532
2530
2530
2529
2528
2527
2526
2525
2523
2523
2523
2522
2522
2520
2518
2517
2517
2515
2514
2511
2511
2511
2510
2510
2508
2506
2506
2506
2505
2505
2505
2504
2504
2503
2503
2503
2502
2501
2499
2499
2498
2498
2497
2495
2494
2494
2490
2484
2483
2483
2480
2479
2477
2477
2476
2475
2474
2474
2473
2473
2473
2470
2468
2468
2468
2465
2464
2462
2461
2461
2461
2460
2460
2460
2456
2456
2456
2455
2454
2453
2452
2452
2452
2452
2451
2451
2451
2450
2450
2450
2448
2448
2448
2445
2443
2443
2443
2442
2441
2440
2439
2439
2437
2437
2437
2437
2436
2436
2436
2436
2434
2434
2434
2428
2428
2428
2428
2424
2423
2423
2422
2422
2421
2420
2419
2419
2418
2416
2415
2414
2413
2412
2411
2411
2411
2410
2410
2409
2408
2405
2405
2405
2405
2404
2403
2402
2402
2402
2401
2401
2401
2400
2400
2399
2397
2395
2394
2394
2392
2391
2391
2384
2383
2383
2382
2381
2381
2381
2379
2377
2376
2375
2374
2373
2373
2373
2370
2369
2368
2367
2367
2366
2365
2365
2365
2364
2364
2364
2363
2362
2360
2360
2352
2352
2350
2350
2350
2347
2345
2344
2344
2344
2341
2338
2337
2337
2336
2336
2335
2335
2331
2330
2330
2330
2329
2329
2327
2325
2325
2321
2321
2320
2319
2319
2317
2317
2315
2315
2312
2312
2312
2311
2309
2309
2306
2305
2305
2303
2302
2302
2302
2301
2301
2301
2301
2301
2300
2300
2296
2294
2293
2292
2291
2291
2290
2289
2289
2287
2287
2287
2284
2284
2282
2281
2277
2277
2275
2273
2273
2271
2271
2269
2269
2269
2268
2268
2267
2264
2264
2261
2261
2261
2255
2255
2255
2255
2253
2252
2249
2249
2249
2246
2246
2245
2244
2243
2243
2242
2241
2239
2238
2237
2237
2236
2236
2236
2235
2235
2235
2234
2234
2232
2232
2229
2229
2227
2226
2225
2223
2222
2222
2221
2220
2217
2217
2217
2215
2214
2213
2213
2212
2212
2211
2210
2208
2208
2205
2205
2204
2203
2203
2202
2200
2199
2198
2196
2196
2195
2194
2189
2188
2188
2184
2183
2181
2180
2180
2179
2179
2178
2178
2178
2177
2174
2174
2173
2173
2172
2171
2170
2168
2168
2167
2166
2165
2164
2164
2162
2160
2159
2159
2158
2158
2155
2154
2153
2153
2149
2149
2149
2149
2145
2144
2143
2143
2143
2143
2140
2139
2138
2138
2138
2137
2135
2135
2135
2132
2130
2130
2129
2127
2127
2126
2125
2125
2123
2122
2122
2121
2121
2118
2117
2117
2116
2113
2112
2112
2111
2109
2105
2104
2104
2103
2102
2102
2101
2099
2097
2097
2097
2097
2096
2093
2090
2088
2088
2087
2086
2084
2081
2079
2079
2078
2076
2075
2075
2074
2074
2072
2071
2071
2070
2070
2070
2064
2064
2062
2059
2059
2059
2058
2058
2057
2053
2053
2052
2051
2050
2050
2047
2046
2046
2044
2043
2042
2041
2040
2040
2040
2040
2038
2038
2037
2035
2035
2034
2034
2033
2032
2032
2031
2029
2028
2026
2026
2025
2024
2024
2023
2023
2022
2021
2021
2021
2020
2020
2017
2016
2013
2013
2012
2011
2011
2009
2008
2008
2008
2008
2007
2007
2006
2006
2004
2004
2003
2002
2001
2001
2001
2000
1999
1998
1997
1996
1996
1992
1992
1992
1989
1989
1988
1987
1987
1987
1981
1981
1978
1974
1974
1973
1972
1971
1970
1970
1969
1968
1968
1968
1966
1965
1962
1962
1961
1961
1961
1961
1960
1959
1957
1957
1957
1955
1954
1953
1953
1950
1950
1948
1946
1946
1944
1942
1941
1940
1938
1935
1935
1934
1931
1931
1928
1924
1917
1916
1914
1913
1913
1910
1910
1907
1907
1905
1904
1901
1901
1900
1899
1898
1896
1895
1894
1893
1893
1891
1891
1889
1889
1889
1889
1889
1887
1887
1885
1885
1883
1880
1879
1879
1879
1879
1878
1878
1876
1876
1875
1875
1875
1875
1873
1873
1872
1871
1867
1867
1866
1866
1865
1865
1865
1863
1863
1863
1861
1860
1858
1857
1855
1855
1855
1851
1850
1847
1846
1845
1845
1843
1843
1843
1841
1839
1839
1838
1838
1838
1838
1838
1837
1836
1836
1836
1836
1834
1832
1828
1828
1826
1826
1821
1820
1819
1819
1819
1818
1817
1817
1816
1816
1814
1813
1813
1812
1812
1811
1807
1806
1806
1805
1802
1801
1801
1799
1799
1797
1792
1790
1789
1788
1786
1786
1786
1786
1785
1785
1782
1780
1779
1779
1778
1777
1775
1775
1775
1775
1775
1774
1774
1774
1774
1774
1771
1771
1771
1768
1768
1768
1766
1765
1764
1764
1763
1762
1761
1760
1757
1757
1755
1754
1753
1753
1751
1750
1750
1750
1748
1748
1747
1746
1746
1745
1744
1743
1743
1743
1741
1740
1739
1739
1738
1737
1737
1736
1736
1736
1735
1732
1732
1730
1730
1730
1728
1728
1727
1727
1726
1725
1725
1725
1724
1721
1720
1719
1714
1714
1712
1711
1710
1707
1706
1706
1704
1702
1702
1701
1701
1701
1701
1700
1700
1699
1699
1697
1696
1695
1695
1695
1695
1695
1695
1694
1694
1692
1689
1688
1687
1686
1686
1685
1683
1683
1682
1681
1680
1679
1679
1678
1678
1675
1674
1673
1672
1670
1670
1670
1668
1665
1664
1662
1660
1659
1658
1658
1657
1656
1654
1652
1651
1649
1649
1646
1645
1644
1643
1642
1642
1642
1641
1641
1640
1640
1638
1638
1635
1635
1634
1634
1631
1630
1628
1627
1626
1626
1626
1626
1625
1624
1624
1622
1620
1618
1616
1615
1614
1614
1613
1612
1612
1611
1610
1610
1608
1607
1606
1605
1604
1604
1602
1601
1601
1601
1600
1599
1599
1598
1598
1596
1596
1594
1592
1588
1588
1587
1587
1586
1585
1584
1584
1583
1582
1582
1582
1581
1580
1580
1577
1573
1573
1572
1570
1570
1569
1568
1568
1565
1563
1563
1563
1563
1562
1562
1558
1557
1554
1554
1551
1550
1550
1550
1549
1547
1546
1545
1545
1543
1543
1542
1539
1538
1536
1535
1535
1534
1533
1533
1532
1532
1532
1531
1531
1529
1527
1527
1525
1525
1522
1522
1522
1519
1517
1516
1514
1513
1513
1512
1509
1509
1508
1505
1503
1502
1501
1501
1500
1500
1498
1498
1497
1496
1496
1494
1494
1493
1491
1491
1490
1490
1489
1488
1487
1486
1486
1485
1484
1482
1481
1481
1479
1478
1476
1476
1475
1474
1474
1473
1473
1473
1473
1472
1472
1471
1470
1469
1466
1466
1466
1465
1465
1464
1464
1464
1463
1463
1463
1461
1461
1460
1458
1456
1456
1455
1455
1454
1449
1448
1448
1448
1448
1447
1446
1446
1446
1446
1445
1445
1445
1444
1444
1443
1443
1441
1441
1441
1439
1439
1439
1438
1437
1437
1436
1436
1435
1433
1432
1431
1431
1431
1430
1428
1428
1427
1426
1424
1424
1424
1422
1422
1421
1419
1419
1418
1416
1415
1413
1413
1413
1412
1410
1409
1409
1402
1399
1399
1398
1393
1392
1392
1389
1387
1387
1386
1385
1384
1383
1382
1382
1381
1380
1380
1380
1379
1379
1377
1375
1374
1373
1373
1373
1372
1370
1370
1369
1369
1368
1367
1367
1366
1365
1364
1364
1363
1363
1362
1362
1361
1360
1356
1356
1351
1350
1350
1349
1348
1345
1343
1341
1339
1338
1338
1338
1337
1336
1336
1335
1335
1335
1334
1333
1332
1332
1331
1331
1330
1329
1327
1326
1324
1323
1322
1320
1319
1319
1319
1319
1318
1317
1317
1316
1315
1314
1314
1314
1312
1312
1311
1311
1311
1311
1309
1308
1307
1306
1300
1300
1299
1298
1295
1295
1294
1293
1292
1290
1288
1288
1287
1287
1287
1286
1285
1285
1285
1284
1283
1283
1282
1281
1280
1280
1280
1279
1277
1277
1277
1274
1273
1271
1269
1269
1268
1268
1268
1268
1267
1267
1267
1266
1266
1266
1265
1265
1264
1263
1263
1261
1260
1256
1255
1253
1252
1252
1250
1246
1245
1244
1244
1243
1241
1240
1239
1238
1237
1236
1235
1234
1233
1231
1229
1228
1228
1227
1226
1225
1223
1220
1220
1218
1217
1216
1215
1215
1212
1211
1208
1207
1206
1203
1203
1203
1203
1200
1197
1197
1196
1196
1195
1195
1193
1191
1191
1190
1190
1189
1188
1187
1186
1186
1181
1180
1180
1180
1178
1177
1177
1174
1173
1171
1168
1167
1167
1166
1165
1164
1163
1163
1163
1162
1162
1160
1158
1158
1158
1157
1156
1156
1153
1151
1150
1149
1148
1148
1146
1146
1144
1143
1141
1141
1139
1138
1137
1137
1137
1135
1135
1134
1133
1131
1131
1130
1129
1128
1127
1126
1125
1124
1124
1123
1123
1123
1123
1121
1120
1119
1118
1118
1118
1116
1116
1115
1115
1114
1113
1113
1111
1110
1110
1110
1109
1108
1107
1106
1104
1103
1103
1102
1101
1099
1098
1098
1097
1096
1095
1094
1092
1092
1091
1090
1089
1088
1088
1087
1087
1086
1086
1085
1085
1084
1084
1084
1083
1083
1082
1081
1080
1079
1078
1077
1076
1074
1072
1072
1071
1070
1070
1069
1069
1068
1068
1068
1065
1065
1065
1064
1064
1063
1063
1062
1061
1061
1061
1057
1057
1056
1056
1055
1055
1054
1053
1053
1052
1052
1052
1050
1050
1047
1047
1047
1045
1045
1044
1044
1041
1040
1039
1039
1038
1038
1037
1037
1036
1036
1036
1035
1034
1033
1033
1031
1029
1029
1028
1028
1028
1027
1025
1024
1024
1024
1021
1021
1021
1020
1019
1018
1018
1018
1014
1014
1013
1012
1011
1011
1011
1010
1010
1010
1008
1007
1007
1006
1005
1003
1003
1002
1002
1000
997
996
996
994
994
991
990
988
987
987
986
982
979
978
977
977
974
973
973
973
973
973
972
970
970
970
967
966
964
964
960
960
959
959
959
956
953
952
952
950
949
949
948
948
948
946
945
944
943
942
942
941
940
940
940
939
939
939
939
938
938
938
937
937
936
936
936
934
934
932
930
928
927
926
925
925
924
924
922
921
921
920
919
918
917
917
916
916
914
913
912
910
910
908
908
908
907
906
906
905
904
902
902
901
900
900
898
897
897
897
893
891
888
888
888
887
885
884
883
883
882
881
881
881
881
879
878
878
877
877
876
874
874
873
873
871
871
868
868
866
866
864
862
861
857
856
856
855
855
853
852
851
851
850
849
845
844
843
841
840
839
838
836
835
832
831
827
827
825
824
822
822
822
821
821
819
819
818
817
817
815
815
814
812
811
810
810
809
809
808
807
807
806
806
802
802
801
798
797
797
796
796
795
791
791
790
789
788
787
786
784
781
780
780
778
777
777
776
775
775
775
774
773
771
769
769
767
764
763
763
760
760
759
759
757
756
756
754
752
750
750
750
749
749
749
748
747
745
745
745
741
740
738
737
737
737
735
734
733
731
730
730
729
728
727
727
725
724
722
720
720
720
719
718
717
717
716
716
715
714
713
712
712
711
710
709
707
706
705
705
703
703
703
702
701
699
698
698
696
696
695
694
693
693
693
691
690
689
687
687
686
685
685
684
683
682
682
682
682
681
681
680
680
679
676
675
675
672
670
670
669
669
668
668
668
667
667
666
666
665
665
663
661
660
659
654
652
652
652
651
651
651
650
648
647
646
646
646
644
643
640
639
638
638
638
637
637
636
634
633
632
631
631
630
630
628
627
626
623
622
622
622
621
620
620
618
617
614
612
612
612
611
611
611
609
606
606
606
606
604
604
603
602
598
597
597
597
596
593
593
591
591
591
590
589
589
587
585
584
584
583
580
579
578
577
576
575
574
574
572
571
570
570
569
568
568
565
564
563
562
562
562
561
558
557
556
554
554
553
553
553
552
550
550
549
547
547
547
546
546
545
545
543
541
540
540
539
537
537
536
535
534
533
531
529
529
528
527
527
525
524
524
523
521
520
520
519
519
519
515
513
513
511
510
509
508
507
506
506
506
506
505
504
504
503
503
503
502
501
499
498
497
496
496
495
495
495
491
490
488
488
486
486
484
484
484
480
479
479
478
478
477
476
475
472
472
470
470
470
468
467
465
465
463
462
462
461
460
460
460
459
457
456
456
456
454
453
452
451
450
449
445
445
445
443
442
441
441
440
439
439
439
438
437
437
435
434
434
433
433
432
432
431
429
428
428
428
428
426
426
423
423
422
418
415
414
413
412
411
410
410
409
408
408
406
405
405
405
403
403
403
401
400
398
397
396
395
395
391
390
390
389
389
389
388
387
387
386
385
385
385
384
383
382
381
381
380
377
375
374
373
371
370
369
368
368
365
363
361
361
361
361
361
358
355
353
350
350
349
348
347
347
346
343
341
340
339
339
339
338
338
337
333
333
330
329
326
325
323
323
322
321
320
318
318
316
315
315
313
311
306
306
306
305
305
304
304
302
300
300
298
297
295
295
294
294
292
292
291
289
289
288
287
287
287
286
285
284
284
284
282
280
277
275
274
273
272
272
271
271
270
269
268
268
267
267
264
263
263
261
259
259
257
257
256
255
254
253
250
250
250
249
247
246
244
243
242
242
241
240
239
239
234
234
227
226
225
224
224
224
223
222
219
218
218
217
216
216
216
214
212
211
210
210
209
209
207
206
206
205
204
202
200
200
199
199
197
195
194
193
193
191
191
189
188
188
188
187
183
182
182
182
182
181
181
180
179
179
179
177
176
176
176
176
176
175
172
171
171
169
169
166
164
163
163
163
162
161
158
158
158
158
157
154
153
153
152
151
151
151
151
151
149
148
146
145
144
144
143
139
138
138
138
137
137
137
136
135
135
134
130
129
128
127
127
126
126
125
125
124
123
118
117
117
115
115
113
113
113
113
112
112
111
110
110
109
109
108
108
107
107
106
104
104
102
101
101
99
99
99
99
98
96
94
93
91
90
89
87
85
83
83
82
79
76
75
74
74
73
73
72
71
69
69
67
62
62
62
60
60
59
58
58
57
56
55
54
52
51
50
48
47
47
45
44
43
41
40
40
39
39
37
37
36
36
35
34
33
32
31
29
26
24
23
22
21
21
21
20
19
19
19
18
15
13
13
6
5
3
2
