9998
9997
9995
9994
9993
9993
9992
9992
9992
9992
9990
9989
9989
9987
9985
9985
9984
9983
9982
9981
9981
9981
9980
9978
9978
9977
9975
9973
9971
9971
9970
9970
9970
9970
9968
9966
9957
9957
9956
9955
9954
9954
9953
9951
9951
9950
9950
9949
9947
9945
9944
9941
9941
9940
9939
9938
9938
9935
9934
9934
9933
9931
9931
9930
9929
9929
9927
9927
9926
9926
9925
9924
9921
9921
9920
9919
9916
9913
9913
9913
9912
9912
9912
9910
9909
9908
9908
9905
9905
9904
9903
9901
9901
9901
9900
9900
9897
9896
9895
9895
9894
9894
9893
9892
9889
9887
9886
9886
9884
9883
9883
9881
9880
9879
9879
9878
9877
9877
9877
9875
9873
9873
9872
9872
9871
9869
9868
9867
9865
9864
9864
9863
9862
9862
9862
9861
9861
9859
9857
9853
9852
9850
9849
9848
9844
9844
9842
9841
9838
9838
9838
9837
9835
9835
9834
9834
9832
9832
9831
9830
9829
9827
9827
9827
9826
9825
9825
9824
9823
9823
9822
9822
9817
9816
9815
9815
9815
9814
9813
9812
9811
9810
9810
9808
9807
9807
9806
9805
9805
9805
9804
9803
9803
9803
9803
9802
9800
9799
9797
9796
9796
9795
9794
9794
9793
9792
9792
9791
9789
9789
9789
9788
9786
9786
9786
9782
9781
9779
9779
9777
9776
9774
9774
9772
9771
9771
9769
9769
9767
9765
9763
9762
9762
9761
9760
9758
9753
9752
9751
9750
9750
9748
9747
9747
9746
9746
9745
9745
9743
9743
9741
9741
9739
9738
9738
9738
9738
9737
9737
9737
9737
9737
9737
9736
9735
9735
9734
9734
9733
9733
9732
9732
9732
9730
9729
9728
9727
9726
9725
9725
9725
9724
9722
9721
9719
9716
9716
9716
9716
9715
9715
9714
9713
9713
9712
9712
9710
9709
9709
9706
9704
9704
9702
9701
9700
9700
9700
9698
9696
9695
9694
9693
9692
9692
9691
9689
9687
9686
9686
9686
9685
9685
9684
9684
9683
9682
9682
9682
9682
9680
9680
9679
9675
9673
9673
9672
9670
9670
9669
9664
9663
9663
9661
9660
9660
9659
9659
9659
9659
9657
9657
9655
9655
9654
9653
9651
9649
9647
9643
9640
9637
9636
9635
9632
9629
9628
9626
9626
9625
9623
9623
9623
9620
9620
9619
9619
9619
9617
9616
9614
9613
9612
9611
9611
9611
9610
9609
9608
9607
9607
9606
9606
9606
9604
9603
9602
9601
9600
9600
9600
9599
9598
9597
9593
9591
9590
9588
9586
9586
9585
9583
9583
9580
9580
9580
9577
9576
9575
9574
9572
9568
9567
9567
9567
9566
9560
9557
9554
9549
9549
9548
9548
9546
9546
9545
9545
9545
9543
9542
9539
9539
9538
9537
9536
9535
9532
9531
9531
9530
9530
9528
9528
9526
9525
9525
9521
9519
9517
9516
9516
9514
9514
9513
9513
9511
9509
9506
9505
9502
9498
9497
9493
9492
9492
9491
9490
9490
9489
9489
9488
9488
9487
9487
9487
9484
9484
9484
9481
9481
9480
9479
9478
9478
9478
9477
9477
9475
9473
9473
9472
9471
9470
9470
9469
9467
9467
9464
9463
9462
9461
9461
9459
9459
9458
9458
9458
9457
9457
9457
9455
9455
9454
9453
9453
9453
9452
9451
9451
9450
9450
9449
9449
9449
9447
9447
9444
9443
9442
9441
9439
9437
9435
9434
9434
9433
9433
9433
9429
9429
9429
9428
9425
9425
9424
9420
9418
9417
9416
9415
9415
9413
9412
9410
9409
9409
9407
9407
9407
9407
9405
9405
9404
9404
9404
9404
9403
9401
9401
9400
9397
9396
9393
9390
9389
9388
9385
9383
9382
9381
9381
9381
9376
9374
9373
9371
9370
9369
9366
9365
9364
9363
9361
9359
9359
9358
9356
9356
9356
9356
9355
9354
9353
9351
9351
9351
9351
9350
9350
9348
9347
9346
9345
9344
9344
9343
9342
9338
9338
9336
9336
9334
9334
9331
9330
9329
9328
9326
9324
9323
9319
9315
9315
9315
9314
9312
9311
9309
9309
9307
9306
9306
9305
9305
9305
9302
9298
9298
9298
9297
9297
9296
9294
9292
9291
9290
9290
9288
9287
9286
9285
9285
9285
9285
9284
9282
9282
9282
9281
9280
9280
9280
9280
9279
9278
9276
9274
9274
9273
9272
9272
9271
9270
9270
9269
9269
9268
9268
9265
9265
9265
9264
9263
9263
9262
9262
9261
9260
9260
9258
9258
9257
9254
9250
9250
9250
9249
9247
9247
9246
9245
9245
9245
9244
9244
9244
9243
9242
9241
9239
9239
9239
9237
9237
9233
9231
9231
9231
9230
9230
9229
9227
9225
9224
9223
9222
9221
9221
9221
9218
9215
9211
9209
9209
9208
9208
9208
9208
9207
9206
9205
9204
9200
9199
9198
9198
9197
9196
9193
9192
9192
9190
9187
9187
9187
9187
9187
9187
9185
9183
9182
9182
9181
9181
9181
9178
9176
9175
9175
9174
9172
9171
9170
9170
9169
9168
9164
9163
9162
9162
9160
9160
9158
9158
9157
9155
9155
9155
9152
9148
9144
9144
9142
9141
9140
9138
9138
9136
9136
9135
9135
9135
9132
9130
9130
9127
9127
9126
9126
9124
9124
9124
9124
9123
9123
9122
9121
9120
9119
9115
9114
9113
9112
9112
9110
9109
9108
9106
9106
9104
9100
9100
9100
9099
9099
9098
9097
9096
9095
9095
9094
9094
9092
9091
9091
9090
9089
9086
9085
9084
9084
9084
9082
9079
9077
9075
9075
9075
9074
9073
9072
9070
9067
9066
9065
9064
9063
9063
9061
9061
9060
9060
9058
9058
9057
9057
9053
9052
9051
9049
9049
9048
9047
9043
9042
9038
9038
9038
9036
9036
9035
9035
9034
9032
9032
9032
9032
9031
9030
9030
9030
9029
9029
9026
9025
9024
9023
9023
9022
9021
9019
9019
9013
9013
9013
9011
9009
9008
9007
9005
9003
9003
9003
9002
9002
9001
9001
9000
8999
8999
8998
8997
8997
8995
8995
8995
8993
8992
8991
8989
8988
8988
8988
8986
8985
8984
8983
8983
8981
8979
8979
8977
8977
8977
8976
8975
8975
8974
8974
8972
8970
8970
8969
8969
8969
8968
8967
8966
8965
8965
8964
8962
8961
8961
8959
8959
8957
8957
8956
8955
8954
8954
8952
8951
8950
8950
8949
8947
8946
8946
8945
8945
8944
8942
8942
8942
8941
8940
8938
8938
8935
8935
8934
8931
8931
8930
8930
8930
8929
8927
8925
8925
8924
8924
8924
8924
8922
8922
8921
8919
8918
8918
8917
8915
8915
8914
8913
8911
8910
8910
8908
8908
8907
8903
8902
8902
8902
8901
8900
8899
8899
8895
8894
8892
8891
8890
8890
8890
8889
8889
8886
8885
8885
8883
8882
8882
8881
8881
8878
8873
8873
8872
8872
8870
8869
8869
8867
8867
8867
8866
8866
8865
8865
8862
8862
8862
8861
8861
8860
8860
8860
8859
8859
8858
8857
8857
8857
8857
8856
8854
8854
8852
8850
8848
8846
8844
8844
8844
8843
8842
8838
8837
8836
8836
8833
8831
8831
8831
8830
8829
8829
8827
8827
8827
8827
8826
8825
8825
8824
8822
8821
8820
8819
8819
8818
8818
8817
8817
8817
8816
8816
8814
8814
8813
8813
8812
8812
8812
8810
8809
8809
8808
8807
8805
8804
8802
8799
8798
8796
8795
8795
8794
8793
8792
8792
8789
8788
8788
8788
8788
8786
8786
8785
8785
8783
8783
8782
8780
8780
8777
8775
8774
8772
8771
8770
8770
8770
8769
8768
8767
8765
8764
8763
8762
8762
8761
8760
8759
8757
8756
8756
8755
8755
8754
8752
8752
8752
8751
8751
8750
8748
8747
8747
8745
8745
8744
8743
8742
8742
8742
8741
8740
8738
8737
8736
8736
8736
8734
8733
8733
8732
8732
8731
8729
8728
8728
8728
8728
8728
8727
8725
8723
8723
8723
8723
8719
8719
8718
8717
8717
8712
8712
8712
8712
8711
8710
8710
8707
8706
8705
8704
8702
8699
8699
8699
8699
8698
8694
8693
8691
8690
8689
8688
8687
8687
8686
8686
8684
8684
8682
8682
8677
8676
8675
8675
8675
8674
8674
8674
8673
8673
8673
8669
8667
8667
8663
8663
8661
8659
8658
8657
8657
8657
8656
8655
8654
8654
8653
8652
8652
8651
8649
8649
8648
8647
8646
8646
8646
8645
8644
8643
8641
8640
8640
8638
8638
8637
8635
8634
8630
8630
8626
8625
8623
8622
8622
8620
8619
8617
8616
8616
8615
8613
8613
8613
8613
8612
8611
8611
8611
8610
8610
8609
8608
8608
8607
8606
8604
8604
8604
8602
8601
8599
8599
8595
8594
8594
8594
8593
8592
8592
8591
8589
8588
8587
8586
8586
8582
8581
8580
8578
8575
8574
8574
8573
8572
8572
8569
8568
8568
8568
8566
8565
8565
8565
8564
8564
8564
8563
8562
8562
8562
8560
8560
8560
8557
8557
8555
8554
8554
8552
8550
8546
8546
8546
8542
8542
8538
8538
8535
8534
8533
8532
8531
8531
8530
8529
8527
8526
8521
8520
8520
8519
8519
8518
8518
8517
8517
8517
8516
8515
8514
8514
8513
8510
8510
8510
8510
8509
8509
8507
8507
8507
8507
8505
8504
8501
8501
8501
8500
8498
8498
8494
8493
8491
8491
8489
8488
8486
8485
8484
8483
8482
8482
8480
8479
8479
8478
8477
8477
8476
8475
8475
8475
8474
8474
8473
8471
8470
8469
8467
8467
8466
8466
8465
8464
8463
8462
8462
8462
8462
8461
8459
8459
8457
8457
8457
8456
8456
8455
8454
8454
8453
8453
8451
8449
8448
8448
8447
8447
8446
8445
8444
8444
8443
8443
8443
8440
8439
8438
8438
8438
8436
8432
8432
8430
8430
8430
8429
8429
8424
8424
8423
8423
8420
8420
8419
8419
8419
8418
8418
8416
8415
8415
8414
8413
8412
8407
8406
8406
8406
8405
8405
8404
8404
8401
8401
8400
8399
8398
8396
8393
8393
8392
8392
8390
8389
8387
8386
8385
8384
8383
8383
8381
8381
8380
8379
8379
8378
8377
8376
8376
8375
8375
8374
8372
8370
8369
8367
8367
8367
8367
8365
8361
8361
8360
8360
8359
8359
8358
8355
8355
8355
8354
8352
8351
8350
8349
8348
8347
8346
8345
8345
8344
8342
8342
8342
8339
8336
8335
8334
8333
8333
8332
8332
8332
8331
8331
8331
8330
8330
8329
8329
8329
8327
8323
8323
8319
8319
8317
8317
8316
8315
8315
8315
8313
8312
8311
8311
8309
8309
8308
8307
8306
8306
8304
8303
8302
8302
8302
8300
8300
8300
8298
8296
8295
8294
8293
8291
8291
8290
8290
8289
8287
8286
8286
8283
8283
8281
8281
8280
8279
8278
8276
8276
8273
8273
8273
8272
8270
8270
8268
8266
8265
8263
8262
8260
8260
8259
8258
8256
8255
8253
8251
8251
8250
8249
8248
8248
8247
8247
8246
8246
8246
8245
8242
8242
8241
8238
8237
8236
8236
8236
8236
8233
8231
8231
8231
8227
8227
8226
8226
8223
8221
8221
8220
8220
8220
8219
8218
8217
8217
8217
8214
8214
8213
8212
8211
8211
8210
8208
8208
8207
8206
8206
8205
8205
8201
8200
8200
8200
8199
8197
8197
8195
8195
8189
8188
8187
8186
8181
8178
8177
8176
8174
8174
8174
8173
8173
8171
8171
8170
8170
8170
8169
8168
8166
8164
8164
8163
8162
8161
8161
8160
8160
8159
8158
8158
8158
8157
8157
8156
8155
8154
8153
8153
8150
8150
8150
8149
8149
8148
8148
8147
8147
8144
8143
8142
8138
8136
8136
8135
8133
8133
8132
8132
8131
8129
8127
8126
8126
8126
8125
8123
8123
8123
8122
8122
8121
8120
8118
8117
8116
8116
8116
8115
8114
8114
8111
8109
8108
8108
8108
8108
8105
8105
8104
8103
8103
8101
8099
8099
8097
8095
8095
8094
8093
8092
8092
8092
8092
8092
8092
8091
8091
8091
8089
8088
8087
8087
8087
8087
8086
8086
8085
8085
8084
8084
8083
8083
8083
8083
8082
8082
8081
8078
8078
8078
8077
8077
8076
8075
8075
8073
8072
8070
8069
8069
8068
8067
8066
8065
8065
8064
8063
8062
8062
8062
8062
8062
8061
8059
8058
8058
8057
8057
8055
8054
8052
8052
8051
8050
8050
8050
8049
8048
8047
8045
8039
8038
8038
8037
8037
8036
8033
8032
8030
8029
8028
8027
8027
8026
8026
8025
8025
8025
8024
8023
8020
8020
8019
8018
8018
8018
8017
8014
8014
8014
8013
8013
8011
8010
8010
8010
8010
8010
8008
8007
8006
8006
8005
8005
8004
8004
8003
8001
8000
7998
7998
7995
7994
7994
7994
7994
7994
7993
7993
7991
7990
7990
7989
7989
7988
7988
7987
7987
7985
7984
7984
7984
7983
7982
7981
7980
7980
7979
7978
7978
7977
7976
7975
7974
7973
7973
7971
7969
7969
7968
7966
7964
7964
7962
7962
7959
7958
7958
7957
7957
7957
7957
7957
7951
7951
7950
7950
7949
7949
7948
7947
7945
7945
7944
7943
7941
7941
7940
7940
7937
7937
7937
7936
7935
7934
7932
7932
7931
7930
7929
7927
7926
7926
7925
7925
7924
7924
7924
7921
7921
7919
7915
7915
7914
7913
7912
7911
7911
7911
7908
7908
7906
7905
7905
7905
7904
7902
7900
7899
7898
7896
7895
7895
7895
7894
7894
7892
7891
7889
7886
7885
7884
7883
7883
7882
7881
7880
7880
7879
7878
7875
7874
7870
7869
7868
7867
7866
7865
7863
7862
7862
7861
7860
7859
7857
7857
7856
7855
7853
7853
7853
7853
7853
7852
7852
7852
7850
7850
7850
7850
7850
7846
7846
7844
7844
7844
7843
7842
7839
7838
7837
7836
7835
7834
7832
7832
7831
7831
7830
7830
7828
7827
7826
7826
7824
7823
7823
7823
7823
7822
7822
7821
7820
7818
7817
7816
7813
7812
7811
7811
7811
7809
7809
7808
7808
7808
7807
7806
7805
7805
7805
7804
7803
7802
7801
7800
7799
7799
7799
7799
7799
7798
7798
7797
7797
7797
7795
7794
7793
7792
7790
7790
7790
7790
7789
7788
7788
7788
7788
7787
7784
7784
7783
7783
7783
7782
7782
7781
7780
7780
7779
7778
7778
7777
7775
7774
7773
7772
7772
7770
7770
7770
7770
7768
7768
7768
7768
7767
7767
7763
7762
7762
7761
7761
7760
7760
7759
7756
7756
7755
7755
7754
7754
7754
7753
7747
7745
7744
7743
7742
7740
7739
7739
7738
7736
7736
7736
7733
7733
7732
7731
7726
7726
7726
7726
7725
7725
7723
7722
7722
7722
7721
7721
7721
7720
7718
7717
7717
7716
7716
7714
7713
7712
7711
7710
7707
7707
7706
7706
7704
7704
7704
7701
7700
7700
7699
7696
7695
7692
7690
7690
7689
7689
7688
7686
7686
7686
7685
7685
7684
7683
7683
7682
7682
7681
7680
7679
7678
7678
7678
7678
7675
7674
7672
7671
7669
7668
7668
7667
7667
7667
7665
7662
7662
7661
7658
7658
7656
7656
7654
7654
7653
7652
7652
7651
7650
7648
7647
7647
7647
7645
7643
7642
7641
7641
7640
7638
7638
7633
7633
7633
7630
7630
7629
7628
7627
7625
7625
7625
7624
7624
7622
7621
7619
7617
7615
7614
7611
7611
7610
7609
7607
7604
7602
7602
7598
7595
7595
7594
7594
7591
7591
7590
7589
7588
7588
7587
7585
7585
7585
7582
7580
7579
7577
7577
7576
7576
7576
7575
7573
7573
7570
7570
7570
7567
7567
7566
7564
7563
7563
7560
7560
7559
7556
7556
7556
7556
7555
7553
7552
7551
7550
7550
7549
7549
7547
7545
7545
7542
7541
7540
7540
7537
7534
7534
7532
7532
7531
7529
7529
7529
7528
7528
7524
7524
7523
7523
7522
7522
7522
7522
7521
7521
7521
7520
7520
7519
7519
7518
7516
7514
7514
7514
7512
7512
7512
7510
7504
7504
7504
7503
7501
7499
7498
7496
7496
7495
7493
7493
7493
7491
7488
7488
7486
7486
7485
7482
7480
7479
7479
7478
7474
7474
7474
7473
7473
7472
7472
7471
7471
7470
7470
7469
7469
7469
7467
7466
7465
7465
7464
7464
7463
7463
7460
7460
7458
7458
7457
7456
7456
7455
7455
7455
7455
7454
7452
7451
7451
7450
7447
7446
7446
7446
7446
7446
7444
7444
7442
7441
7440
7439
7438
7437
7437
7437
7433
7429
7428
7425
7425
7424
7424
7424
7424
7422
7420
7419
7418
7417
7415
7413
7413
7412
7408
7407
7405
7403
7402
7401
7400
7399
7399
7399
7399
7398
7398
7397
7396
7395
7394
7394
7390
7389
7389
7386
7386
7385
7385
7384
7384
7383
7383
7381
7378
7378
7377
7376
7375
7375
7374
7374
7371
7371
7370
7369
7367
7366
7366
7364
7363
7363
7363
7362
7362
7361
7360
7360
7357
7354
7353
7353
7353
7351
7351
7349
7347
7347
7346
7345
7345
7343
7343
7342
7342
7342
7342
7338
7338
7337
7336
7335
7334
7332
7331
7329
7329
7329
7328
7325
7324
7323
7323
7322
7321
7321
7319
7316
7315
7315
7314
7312
7312
7310
7310
7310
7310
7310
7308
7308
7308
7306
7306
7305
7305
7304
7304
7303
7302
7299
7299
7295
7293
7292
7292
7291
7291
7290
7290
7290
7289
7288
7287
7285
7285
7282
7282
7282
7281
7279
7279
7278
7277
7277
7276
7275
7274
7273
7273
7273
7272
7272
7272
7271
7270
7269
7268
7267
7267
7264
7263
7263
7262
7260
7259
7258
7257
7256
7256
7255
7253
7252
7252
7252
7252
7250
7249
7249
7248
7248
7245
7244
7244
7243
7241
7240
7238
7238
7236
7235
7234
7233
7233
7232
7232
7231
7231
7230
7230
7229
7228
7226
7225
7223
7221
7218
7216
7216
7215
7215
7215
7215
7214
7214
7212
7212
7212
7211
7211
7209
7208
7208
7206
7205
7205
7204
7202
7201
7200
7200
7199
7199
7195
7195
7195
7194
7193
7192
7191
7190
7189
7189
7188
7188
7188
7188
7186
7185
7185
7183
7183
7182
7180
7179
7179
7178
7178
7178
7177
7177
7176
7174
7174
7174
7173
7171
7170
7169
7169
7168
7165
7163
7162
7161
7159
7158
7158
7156
7156
7155
7154
7153
7153
7151
7151
7149
7149
7147
7146
7143
7142
7140
7139
7135
7135
7135
7134
7132
7129
7128
7128
7124
7123
7123
7121
7121
7118
7116
7114
7112
7112
7112
7111
7111
7111
7110
7110
7110
7109
7108
7107
7107
7106
7106
7104
7103
7101
7101
7098
7096
7095
7095
7095
7091
7090
7089
7088
7086
7086
7083
7083
7083
7082
7077
7077
7077
7075
7075
7073
7069
7066
7065
7065
7064
7064
7062
7057
7057
7057
7056
7056
7055
7047
7047
7042
7042
7039
7038
7037
7037
7035
7034
7032
7031
7028
7028
7027
7025
7024
7023
7023
7022
7021
7020
7019
7019
7019
7018
7017
7015
7013
7012
7009
7009
7007
7006
7005
7005
7004
7004
7002
7002
7002
6999
6999
6999
6998
6998
6998
6996
6995
6994
6993
6993
6993
6992
6989
6988
6988
6987
6987
6987
6986
6985
6984
6983
6983
6980
6979
6979
6979
6977
6975
6972
6972
6969
6969
6968
6968
6964
6964
6960
6959
6956
6954
6951
6951
6949
6949
6947
6947
6946
6946
6945
6944
6943
6942
6937
6936
6936
6936
6934
6933
6932
6931
6930
6927
6927
6927
6926
6926
6926
6924
6924
6924
6922
6922
6920
6919
6917
6917
6916
6915
6915
6914
6913
6913
6910
6909
6909
6909
6908
6908
6907
6906
6906
6905
6904
6904
6902
6901
6901
6900
6900
6898
6894
6894
6893
6892
6892
6891
6891
6888
6887
6887
6886
6886
6884
6884
6883
6883
6882
6882
6881
6880
6877
6876
6876
6875
6874
6873
6871
6869
6868
6867
6863
6862
6862
6860
6860
6855
6855
6854
6854
6854
6852
6851
6850
6850
6850
6849
6849
6849
6849
6848
6848
6846
6845
6842
6841
6841
6841
6841
6840
6839
6839
6839
6838
6836
6832
6831
6829
6827
6826
6825
6825
6824
6824
6823
6822
6822
6817
6816
6815
6814
6811
6810
6810
6809
6809
6807
6805
6805
6804
6803
6802
6802
6800
6800
6800
6799
6798
6798
6798
6796
6796
6796
6795
6795
6795
6794
6793
6792
6791
6789
6787
6784
6783
6783
6783
6781
6781
6780
6778
6778
6778
6778
6778
6777
6775
6774
6774
6774
6773
6772
6772
6771
6770
6770
6769
6768
6767
6766
6765
6762
6762
6761
6761
6760
6760
6760
6759
6758
6757
6757
6755
6750
6748
6747
6746
6746
6746
6744
6743
6742
6742
6738
6737
6735
6734
6733
6733
6732
6731
6731
6731
6730
6729
6729
6729
6725
6724
6723
6722
6721
6716
6716
6715
6713
6710
6709
6708
6708
6707
6706
6706
6705
6705
6704
6703
6702
6702
6700
6698
6698
6698
6696
6695
6695
6694
6694
6693
6692
6691
6690
6688
6687
6686
6686
6685
6682
6682
6682
6681
6681
6681
6679
6676
6675
6674
6674
6670
6670
6669
6668
6668
6667
6667
6667
6667
6667
6665
6665
6665
6665
6665
6664
6664
6659
6658
6655
6655
6654
6654
6651
6651
6650
6649
6647
6647
6647
6646
6645
6645
6642
6640
6640
6640
6639
6639
6638
6637
6637
6635
6634
6634
6634
6632
6632
6631
6631
6630
6629
6629
6629
6627
6627
6627
6627
6625
6625
6625
6624
6623
6621
6620
6620
6619
6618
6618
6618
6618
6616
6616
6613
6612
6611
6608
6607
6606
6605
6605
6604
6602
6602
6602
6601
6599
6598
6598
6596
6596
6595
6595
6594
6593
6593
6592
6591
6590
6589
6589
6589
6588
6588
6586
6585
6584
6584
6581
6580
6580
6579
6578
6575
6573
6569
6568
6568
6567
6567
6566
6566
6565
6565
6565
6565
6565
6565
6564
6563
6561
6560
6559
6559
6559
6558
6558
6558
6557
6557
6557
6557
6556
6556
6554
6551
6551
6551
6550
6550
6549
6548
6545
6545
6545
6544
6543
6543
6543
6542
6542
6542
6540
6538
6537
6537
6537
6536
6535
6533
6531
6528
6528
6527
6525
6524
6524
6524
6523
6523
6523
6522
6522
6520
6519
6519
6519
6519
6517
6516
6516
6516
6516
6514
6513
6510
6508
6505
6503
6503
6502
6501
6500
6500
6500
6500
6499
6499
6498
6498
6497
6496
6495
6493
6493
6491
6489
6489
6488
6487
6486
6486
6485
6485
6484
6484
6482
6482
6482
6480
6480
6480
6480
6478
6478
6477
6477
6475
6475
6474
6473
6472
6471
6471
6469
6469
6468
6468
6466
6466
6465
6464
6464
6463
6462
6461
6459
6459
6458
6457
6457
6456
6456
6456
6450
6449
6448
6447
6445
6442
6441
6441
6441
6440
6436
6433
6432
6431
6431
6431
6430
6430
6430
6429
6427
6425
6423
6423
6422
6420
6418
6417
6414
6413
6413
6411
6410
6409
6409
6409
6409
6407
6406
6404
6404
6403
6403
6402
6402
6399
6397
6396
6396
6396
6396
6395
6394
6394
6394
6394
6394
6393
6392
6392
6390
6390
6389
6389
6388
6388
6387
6386
6382
6381
6381
6380
6379
6379
6378
6375
6375
6375
6374
6374
6374
6373
6372
6372
6371
6370
6369
6367
6365
6364
6362
6359
6357
6357
6355
6355
6348
6348
6347
6347
6346
6343
6341
6340
6339
6338
6337
6337
6336
6334
6334
6333
6331
6331
6330
6330
6329
6328
6327
6325
6325
6324
6324
6321
6320
6320
6320
6319
6317
6317
6316
6315
6315
6314
6309
6308
6303
6302
6302
6302
6301
6299
6295
6293
6292
6291
6290
6290
6289
6289
6288
6285
6284
6282
6281
6280
6279
6279
6278
6276
6273
6273
6271
6271
6270
6269
6269
6269
6269
6268
6268
6265
6265
6264
6263
6263
6261
6260
6260
6259
6257
6254
6254
6253
6253
6253
6250
6249
6249
6248
6246
6246
6245
6245
6244
6243
6243
6243
6242
6240
6240
6240
6239
6238
6238
6236
6236
6236
6236
6235
6235
6234
6233
6232
6231
6229
6228
6226
6226
6226
6224
6224
6224
6223
6223
6223
6222
6222
6219
6219
6218
6217
6215
6215
6215
6212
6211
6210
6210
6209
6208
6208
6208
6208
6205
6204
6201
6201
6200
6200
6200
6198
6198
6197
6192
6190
6189
6187
6186
6184
6183
6182
6181
6181
6181
6179
6178
6176
6175
6175
6174
6174
6171
6169
6169
6169
6169
6168
6168
6168
6164
6163
6161
6161
6160
6159
6159
6159
6159
6156
6154
6151
6151
6150
6150
6150
6150
6146
6145
6145
6145
6144
6144
6144
6143
6142
6138
6137
6137
6135
6135
6133
6130
6128
6128
6128
6127
6126
6126
6126
6125
6123
6123
6122
6121
6120
6119
6119
6117
6117
6116
6114
6113
6112
6112
6112
6111
6109
6106
6105
6103
6103
6103
6101
6099
6098
6097
6095
6095
6095
6094
6093
6091
6091
6090
6088
6087
6087
6078
6077
6075
6075
6074
6074
6073
6071
6070
6069
6067
6067
6064
6063
6060
6060
6060
6059
6059
6059
6058
6056
6056
6055
6054
6052
6051
6050
6050
6049
6047
6047
6045
6044
6044
6044
6043
6043
6042
6040
6040
6039
6039
6034
6033
6033
6033
6032
6030
6029
6028
6027
6024
6021
6018
6018
6016
6016
6015
6015
6014
6014
6012
6011
6011
6010
6008
6007
6006
6005
6005
6005
6004
6002
6001
6000
6000
5998
5997
5996
5996
5995
5992
5992
5992
5988
5985
5985
5982
5980
5980
5979
5979
5978
5978
5977
5977
5976
5975
5974
5974
5973
5972
5972
5971
5968
5968
5966
5965
5964
5964
5964
5963
5962
5962
5961
5961
5959
5958
5957
5957
5956
5953
5953
5953
5952
5952
5951
5950
5949
5949
5948
5945
5944
5943
5943
5942
5942
5939
5936
5936
5934
5934
5933
5931
5931
5929
5929
5928
5924
5923
5921
5920
5920
5919
5918
5918
5917
5915
5913
5913
5912
5911
5909
5909
5909
5908
5908
5907
5907
5905
5905
5904
5902
5900
5899
5899
5899
5898
5898
5896
5895
5892
5892
5892
5891
5891
5891
5890
5889
5889
5889
5889
5884
5883
5883
5883
5879
5878
5877
5871
5871
5869
5869
5869
5868
5868
5868
5864
5864
5864
5861
5859
5858
5858
5857
5856
5855
5855
5853
5852
5852
5852
5851
5851
5849
5847
5845
5844
5844
5843
5841
5840
5839
5837
5836
5836
5835
5834
5833
5832
5832
5830
5830
5829
5828
5825
5825
5825
5823
5823
5822
5822
5818
5816
5815
5814
5814
5813
5813
5813
5812
5812
5811
5810
5809
5806
5806
5806
5804
5803
5802
5802
5801
5800
5799
5797
5797
5796
5795
5794
5794
5793
5792
5789
5789
5786
5786
5784
5784
5783
5782
5782
5782
5781
5780
5780
5778
5777
5776
5776
5776
5776
5776
5776
5776
5773
5773
5773
5772
5772
5771
5770
5770
5770
5769
5768
5767
5766
5766
5766
5765
5765
5763
5762
5756
5755
5753
5752
5752
5751
5747
5746
5745
5745
5744
5743
5742
5742
5742
5739
5739
5738
5736
5735
5733
5733
5733
5733
5733
5731
5731
5730
5728
5728
5727
5727
5725
5724
5723
5723
5722
5719
5718
5718
5718
5718
5717
5716
5716
5715
5711
5711
5711
5710
5709
5709
5703
5703
5703
5701
5699
5697
5696
5695
5692
5691
5691
5686
5684
5683
5682
5682
5682
5681
5681
5681
5680
5678
5677
5677
5677
5675
5675
5675
5673
5673
5671
5670
5669
5669
5669
5666
5666
5666
5665
5661
5648
5648
5646
5644
5643
5643
5642
5642
5642
5642
5637
5631
5631
5630
5629
5629
5628
5627
5624
5624
5624
5624
5622
5622
5620
5620
5615
5614
5613
5613
5611
5609
5608
5608
5607
5606
5606
5606
5605
5605
5604
5604
5603
5602
5599
5598
5597
5596
5594
5593
5592
5590
5589
5589
5589
5588
5588
5588
5586
5585
5580
5579
5579
5577
5574
5574
5574
5573
5573
5572
5570
5569
5567
5567
5565
5565
5564
5564
5562
5561
5561
5560
5558
5557
5557
5556
5555
5555
5555
5554
5554
5553
5552
5552
5551
5550
5547
5547
5546
5545
5545
5543
5542
5541
5538
5537
5537
5536
5533
5533
5532
5531
5531
5529
5528
5527
5527
5527
5527
5526
5526
5524
5522
5522
5522
5521
5521
5520
5519
5519
5518
5517
5517
5517
5516
5515
5514
5514
5513
5511
5509
5508
5508
5508
5507
5506
5506
5505
5505
5503
5502
5499
5498
5497
5496
5496
5494
5492
5490
5488
5486
5486
5485
5484
5484
5484
5483
5481
5479
5479
5476
5476
5476
5475
5474
5474
5474
5473
5472
5471
5468
5466
5466
5465
5464
5464
5463
5463
5458
5456
5456
5455
5455
5454
5453
5449
5449
5448
5447
5446
5446
5445
5445
5444
5444
5443
5442
5439
5439
5438
5437
5436
5435
5432
5430
5428
5427
5426
5425
5422
5421
5420
5420
5419
5419
5418
5413
5412
5412
5411
5410
5408
5408
5407
5406
5404
5403
5402
5402
5402
5401
5397
5397
5395
5394
5392
5392
5389
5389
5389
5385
5384
5384
5383
5383
5381
5377
5376
5375
5375
5375
5375
5374
5374
5373
5372
5372
5372
5370
5370
5370
5368
5365
5363
5363
5361
5361
5360
5359
5358
5358
5357
5356
5354
5354
5354
5352
5352
5350
5348
5345
5344
5343
5343
5343
5342
5342
5340
5339
5337
5337
5337
5332
5330
5328
5328
5327
5327
5326
5325
5325
5322
5321
5320
5319
5318
5318
5317
5316
5315
5315
5314
5312
5311
5310
5310
5310
5309
5309
5309
5308
5308
5307
5306
5304
5304
5303
5303
5303
5302
5299
5299
5294
5294
5292
5292
5291
5290
5286
5286
5285
5284
5284
5284
5282
5281
5281
5281
5280
5280
5279
5278
5278
5276
5276
5275
5273
5273
5272
5272
5271
5267
5266
5265
5264
5264
5263
5263
5261
5261
5260
5260
5259
5259
5259
5257
5257
5257
5256
5255
5254
5253
5252
5249
5249
5248
5247
5247
5246
5245
5244
5243
5243
5243
5242
5242
5240
5240
5239
5239
5236
5235
5235
5234
5233
5232
5232
5232
5230
5230
5229
5228
5227
5227
5227
5225
5223
5220
5220
5219
5219
5216
5215
5215
5215
5214
5214
5211
5211
5208
5206
5205
5205
5203
5203
5202
5202
5201
5201
5200
5198
5197
5196
5196
5194
5193
5193
5193
5192
5191
5189
5189
5189
5188
5187
5186
5185
5185
5185
5185
5184
5184
5184
5184
5184
5183
5183
5181
5181
5179
5179
5179
5179
5178
5177
5176
5176
5176
5174
5172
5171
5171
5169
5169
5168
5164
5163
5161
5160
5160
5159
5159
5159
5158
5158
5156
5156
5155
5155
5154
5153
5153
5151
5151
5151
5150
5149
5147
5145
5144
5143
5143
5142
5142
5139
5137
5135
5134
5132
5131
5128
5128
5127
5124
5123
5123
5123
5120
5120
5119
5118
5118
5116
5116
5113
5113
5113
5112
5111
5111
5111
5110
5110
5109
5109
5109
5109
5108
5107
5105
5103
5103
5103
5103
5102
5102
5101
5101
5100
5099
5098
5098
5097
5095
5094
5094
5092
5092
5090
5089
5089
5087
5087
5087
5086
5086
5084
5083
5082
5082
5082
5080
5079
5076
5076
5076
5075
5073
5072
5070
5070
5069
5068
5064
5063
5061
5060
5060
5060
5059
5057
5054
5053
5053
5051
5048
5047
5046
5046
5043
5042
5042
5041
5041
5040
5040
5040
5039
5039
5037
5036
5034
5034
5032
5031
5031
5030
5030
5029
5026
5024
5024
5019
5016
5014
5011
5010
5010
5009
5007
5006
5005
5005
5005
5004
5003
5002
5001
5001
5000
4997
4995
4995
4995
4992
4991
4991
4991
4990
4990
4989
4988
4986
4985
4983
4983
4982
4982
4982
4981
4981
4981
4980
4978
4978
4977
4974
4972
4972
4971
4970
4970
4970
4969
4968
4968
4968
4966
4965
4964
4962
4960
4960
4959
4959
4958
4957
4955
4954
4953
4952
4951
4951
4951
4948
4947
4945
4944
4944
4939
4939
4937
4937
4936
4934
4934
4932
4932
4931
4931
4930
4929
4927
4926
4926
4926
4925
4925
4925
4923
4923
4922
4922
4922
4920
4919
4917
4914
4913
4911
4909
4909
4906
4906
4905
4905
4904
4904
4904
4903
4903
4902
4899
4899
4897
4897
4896
4896
4896
4895
4894
4893
4892
4892
4891
4891
4889
4889
4888
4888
4884
4884
4881
4879
4877
4875
4875
4874
4872
4870
4870
4869
4869
4869
4868
4868
4868
4865
4865
4864
4863
4861
4860
4859
4859
4857
4856
4855
4854
4854
4854
4854
4853
4851
4850
4848
4846
4845
4845
4845
4845
4844
4844
4844
4842
4841
4839
4839
4839
4838
4837
4837
4832
4830
4822
4822
4820
4819
4818
4816
4816
4816
4811
4809
4809
4808
4807
4805
4804
4804
4802
4802
4801
4801
4800
4800
4800
4799
4799
4799
4799
4798
4798
4798
4798
4792
4792
4791
4791
4790
4790
4788
4787
4787
4786
4786
4784
4780
4778
4777
4777
4776
4775
4775
4773
4773
4771
4769
4769
4769
4768
4767
4765
4764
4763
4763
4763
4758
4758
4757
4755
4752
4751
4750
4750
4750
4748
4747
4747
4747
4746
4746
4744
4744
4744
4744
4743
4743
4743
4742
4742
4741
4740
4740
4738
4738
4738
4737
4735
4734
4734
4733
4731
4731
4730
4728
4727
4727
4726
4723
4723
4723
4723
4722
4721
4721
4720
4719
4719
4718
4718
4715
4713
4712
4711
4710
4707
4706
4706
4705
4704
4704
4703
4702
4701
4700
4700
4699
4699
4699
4699
4697
4696
4696
4694
4694
4691
4689
4687
4687
4685
4684
4683
4680
4680
4679
4677
4673
4673
4672
4671
4667
4667
4667
4666
4664
4664
4663
4662
4660
4660
4659
4658
4658
4657
4656
4654
4649
4649
4648
4647
4645
4643
4643
4643
4643
4642
4641
4641
4640
4638
4638
4636
4636
4635
4634
4632
4631
4629
4628
4626
4625
4624
4623
4622
4621
4619
4617
4617
4614
4612
4612
4611
4611
4609
4609
4607
4607
4607
4606
4604
4604
4604
4602
4602
4602
4602
4602
4600
4599
4597
4596
4595
4595
4594
4594
4593
4590
4589
4588
4587
4587
4587
4587
4584
4581
4581
4578
4576
4574
4572
4570
4566
4565
4565
4564
4564
4563
4559
4556
4553
4552
4551
4551
4550
4544
4544
4543
4543
4542
4540
4539
4539
4539
4538
4537
4537
4535
4535
4534
4532
4532
4530
4529
4527
4527
4526
4526
4524
4522
4521
4519
4516
4516
4515
4514
4513
4511
4509
4508
4507
4507
4507
4506
4505
4505
4504
4501
4501
4497
4497
4497
4494
4494
4494
4493
4491
4491
4490
4490
4490
4490
4489
4489
4489
4489
4487
4487
4486
4486
4485
4484
4482
4482
4481
4481
4481
4480
4478
4473
4472
4472
4471
4471
4470
4468
4467
4466
4465
4465
4465
4465
4465
4464
4463
4463
4463
4462
4462
4461
4460
4459
4458
4458
4457
4457
4456
4455
4455
4452
4452
4452
4450
4450
4450
4450
4449
4448
4443
4443
4442
4442
4439
4438
4436
4436
4435
4435
4433
4433
4433
4433
4432
4432
4431
4431
4431
4431
4428
4425
4424
4423
4422
4422
4422
4419
4419
4416
4415
4414
4412
4411
4410
4408
4408
4406
4405
4404
4404
4402
4400
4399
4398
4398
4396
4395
4395
4393
4391
4391
4389
4389
4388
4384
4384
4384
4384
4382
4382
4377
4377
4376
4374
4373
4373
4372
4371
4369
4369
4369
4368
4368
4367
4367
4366
4363
4362
4360
4359
4359
4358
4358
4356
4355
4354
4353
4352
4352
4350
4349
4349
4348
4347
4347
4346
4345
4345
4342
4341
4340
4340
4338
4336
4336
4335
4335
4334
4333
4330
4329
4326
4326
4325
4325
4325
4325
4324
4323
4323
4323
4322
4322
4321
4321
4320
4319
4315
4315
4314
4313
4312
4311
4309
4307
4306
4304
4302
4301
4300
4300
4298
4297
4295
4294
4294
4292
4290
4290
4289
4289
4286
4285
4285
4284
4283
4282
4282
4279
4279
4279
4278
4278
4278
4277
4277
4275
4274
4274
4272
4272
4271
4268
4267
4266
4261
4261
4259
4258
4258
4257
4257
4256
4255
4253
4252
4252
4252
4250
4250
4249
4245
4241
4241
4240
4239
4239
4238
4238
4238
4237
4233
4233
4232
4230
4229
4228
4226
4226
4225
4225
4224
4224
4223
4223
4220
4220
4219
4219
4218
4217
4217
4217
4217
4216
4215
4211
4209
4209
4207
4207
4207
4206
4204
4204
4202
4201
4201
4201
4200
4200
4197
4196
4196
4196
4196
4195
4194
4194
4193
4193
4193
4190
4189
4189
4188
4187
4186
4184
4182
4181
4180
4178
4178
4175
4175
4174
4174
4173
4172
4172
4171
4169
4168
4168
4167
4167
4167
4166
4165
4163
4163
4162
4161
4161
4161
4160
4158
4157
4157
4156
4154
4153
4152
4151
4151
4148
4148
4146
4146
4145
4143
4142
4142
4142
4142
4142
4141
4140
4138
4138
4138
4137
4137
4136
4131
4131
4127
4127
4126
4125
4123
4123
4121
4121
4121
4120
4119
4118
4117
4115
4113
4112
4112
4111
4110
4109
4108
4105
4104
4104
4103
4103
4103
4102
4102
4100
4099
4099
4098
4097
4097
4095
4095
4094
4092
4092
4091
4091
4091
4091
4087
4086
4085
4084
4084
4084
4082
4081
4079
4079
4074
4073
4072
4070
4070
4069
4069
4069
4067
4066
4066
4064
4062
4060
4060
4059
4059
4059
4058
4057
4055
4054
4053
4053
4053
4052
4052
4051
4050
4050
4048
4046
4045
4043
4042
4041
4040
4039
4038
4038
4037
4037
4036
4036
4031
4031
4029
4025
4023
4022
4022
4021
4019
4019
4018
4018
4017
4017
4017
4016
4015
4015
4014
4013
4009
4007
4004
4003
4003
4002
4002
3999
3998
3998
3996
3996
3996
3996
3996
3995
3994
3994
3994
3993
3993
3993
3991
3989
3987
3987
3985
3984
3984
3982
3978
3977
3976
3975
3973
3972
3972
3970
3969
3969
3969
3968
3967
3966
3965
3965
3965
3964
3964
3963
3961
3961
3961
3961
3959
3958
3958
3957
3957
3957
3956
3954
3953
3951
3947
3947
3943
3943
3943
3942
3940
3939
3939
3939
3939
3937
3936
3935
3935
3935
3934
3932
3931
3928
3927
3926
3926
3925
3922
3922
3922
3921
3921
3920
3919
3917
3916
3916
3915
3915
3912
3911
3911
3910
3910
3908
3908
3907
3907
3905
3905
3905
3902
3901
3898
3898
3897
3895
3893
3892
3891
3891
3890
3890
3890
3890
3889
3889
3889
3889
3888
3888
3888
3887
3887
3884
3884
3882
3881
3881
3879
3879
3877
3877
3877
3877
3876
3876
3875
3873
3872
3872
3870
3870
3867
3867
3865
3865
3864
3864
3863
3862
3860
3859
3859
3858
3858
3858
3856
3856
3855
3854
3853
3851
3851
3850
3850
3848
3848
3846
3846
3845
3844
3843
3841
3841
3841
3839
3838
3838
3838
3837
3835
3835
3834
3834
3834
3833
3832
3829
3827
3827
3824
3824
3823
3822
3822
3821
3820
3819
3818
3816
3816
3815
3815
3813
3812
3812
3811
3805
3804
3804
3801
3799
3795
3795
3794
3790
3789
3788
3787
3785
3785
3783
3782
3782
3781
3779
3779
3778
3777
3776
3774
3771
3771
3768
3766
3766
3765
3764
3762
3761
3761
3760
3759
3757
3756
3755
3755
3754
3753
3753
3752
3752
3752
3749
3749
3747
3745
3745
3744
3743
3743
3742
3738
3735
3735
3734
3733
3733
3732
3732
3723
3722
3722
3722
3721
3720
3720
3719
3718
3717
3717
3715
3715
3713
3712
3711
3710
3709
3709
3707
3706
3704
3703
3700
3700
3697
3696
3695
3695
3694
3693
3693
3693
3692
3691
3690
3689
3688
3685
3685
3684
3683
3681
3681
3680
3680
3680
3678
3678
3678
3677
3677
3676
3674
3673
3672
3671
3670
3667
3667
3665
3664
3662
3661
3661
3661
3661
3660
3659
3658
3658
3657
3655
3654
3654
3652
3651
3650
3649
3648
3647
3647
3645
3645
3641
3641
3640
3640
3640
3640
3638
3637
3637
3636
3636
3635
3635
3633
3633
3633
3632
3631
3630
3629
3627
3627
3627
3626
3625
3621
3620
3620
3620
3619
3617
3616
3616
3615
3615
3615
3615
3614
3614
3613
3612
3612
3611
3611
3611
3610
3610
3610
3607
3606
3603
3603
3600
3599
3599
3599
3598
3598
3597
3596
3594
3592
3590
3589
3589
3588
3587
3587
3587
3586
3585
3584
3584
3584
3584
3584
3581
3581
3577
3577
3576
3575
3575
3574
3574
3574
3573
3571
3571
3570
3570
3570
3568
3566
3566
3566
3563
3562
3562
3562
3561
3560
3559
3558
3558
3558
3557
3557
3557
3555
3555
3555
3553
3552
3552
3547
3544
3543
3543
3543
3543
3541
3539
3538
3538
3538
3538
3537
3534
3534
3533
3533
3532
3528
3528
3527
3525
3525
3524
3524
3524
3523
3523
3522
3522
3521
3520
3519
3519
3517
3516
3515
3513
3510
3509
3509
3509
3506
3505
3504
3503
3502
3500
3499
3498
3496
3496
3494
3493
3493
3493
3492
3490
3489
3488
3487
3487
3486
3486
3485
3484
3482
3480
3479
3479
3478
3478
3477
3477
3476
3475
3475
3475
3475
3475
3474
3474
3474
3473
3472
3470
3470
3469
3468
3468
3468
3467
3467
3466
3465
3462
3462
3460
3459
3457
3456
3455
3454
3452
3450
3449
3448
3447
3447
3447
3446
3446
3446
3445
3445
3444
3444
3443
3443
3442
3441
3440
3440
3440
3439
3435
3435
3433
3432
3431
3431
3429
3429
3429
3428
3427
3426
3424
3423
3423
3421
3421
3421
3420
3419
3415
3410
3404
3402
3402
3400
3398
3395
3395
3394
3394
3393
3392
3391
3388
3388
3386
3384
3380
3380
3378
3376
3374
3374
3374
3373
3373
3372
3371
3370
3369
3369
3368
3366
3365
3365
3363
3361
3361
3358
3358
3358
3357
3354
3353
3352
3351
3350
3349
3348
3347
3347
3344
3341
3341
3340
3339
3339
3337
3336
3335
3335
3335
3335
3334
3332
3332
3330
3327
3326
3326
3326
3325
3324
3320
3319
3319
3319
3319
3319
3318
3318
3317
3317
3316
3316
3315
3315
3313
3311
3311
3310
3307
3306
3304
3303
3303
3303
3303
3301
3298
3296
3295
3295
3294
3294
3292
3291
3290
3289
3287
3287
3286
3285
3284
3284
3283
3283
3283
3283
3283
3282
3281
3281
3280
3277
3277
3276
3276
3275
3274
3274
3270
3268
3268
3268
3265
3264
3262
3260
3259
3259
3258
3258
3257
3256
3256
3255
3254
3252
3251
3251
3249
3248
3247
3246
3246
3245
3243
3241
3240
3240
3239
3238
3237
3237
3237
3236
3235
3232
3230
3228
3227
3225
3224
3224
3223
3223
3222
3222
3221
3220
3218
3217
3213
3213
3212
3211
3211
3210
3207
3207
3206
3205
3205
3203
3202
3201
3200
3198
3198
3198
3197
3197
3195
3194
3194
3194
3194
3192
3190
3189
3189
3189
3188
3187
3186
3186
3186
3183
3182
3181
3177
3175
3174
3173
3172
3170
3169
3168
3168
3165
3165
3163
3162
3161
3161
3160
3157
3154
3153
3153
3152
3151
3150
3150
3148
3147
3147
3146
3146
3146
3145
3144
3143
3143
3142
3142
3142
3142
3138
3137
3135
3134
3134
3132
3132
3130
3130
3130
3129
3129
3129
3127
3126
3125
3124
3123
3122
3122
3122
3118
3118
3116
3114
3110
3110
3109
3109
3109
3108
3108
3107
3107
3106
3104
3104
3103
3102
3099
3098
3094
3093
3092
3091
3090
3090
3089
3088
3088
3087
3087
3087
3086
3083
3083
3083
3082
3079
3078
3078
3077
3077
3076
3074
3074
3073
3071
3070
3070
3070
3070
3068
3068
3067
3066
3065
3064
3064
3063
3062
3062
3062
3061
3060
3060
3060
3059
3058
3057
3057
3054
3054
3052
3051
3049
3049
3048
3048
3047
3047
3043
3043
3043
3043
3041
3041
3041
3040
3038
3037
3037
3037
3036
3036
3036
3035
3035
3035
3035
3033
3032
3032
3030
3030
3028
3028
3027
3025
3021
3019
3019
3018
3017
3015
3013
3012
3011
3011
3011
3010
3010
3009
3006
3006
3005
3005
3003
3002
3001
3000
3000
3000
2999
2999
2998
2997
2996
2995
2995
2995
2995
2995
2994
2994
2993
2992
2992
2992
2991
2990
2987
2987
2986
2984
2983
2980
2979
2978
2978
2976
2976
2974
2970
2968
2967
2966
2966
2962
2962
2961
2959
2957
2957
2957
2953
2953
2953
2953
2949
2948
2948
2947
2945
2945
2943
2939
2938
2938
2937
2933
2933
2933
2933
2933
2932
2931
2929
2928
2928
2926
2925
2924
2922
2921
2921
2921
2921
2921
2918
2916
2916
2916
2915
2914
2913
2912
2911
2911
2911
2910
2908
2905
2903
2902
2901
2900
2899
2899
2899
2897
2896
2896
2895
2895
2892
2891
2890
2889
2889
2887
2886
2884
2883
2880
2880
2879
2879
2879
2878
2877
2876
2876
2875
2875
2875
2874
2874
2872
2871
2870
2865
2864
2864
2864
2863
2863
2863
2862
2861
2861
2861
2861
2859
2858
2857
2857
2856
2856
2855
2854
2853
2852
2851
2851
2850
2846
2843
2842
2841
2840
2838
2837
2837
2835
2835
2834
2833
2832
2830
2830
2828
2826
2824
2823
2822
2822
2821
2819
2817
2816
2814
2813
2812
2811
2810
2809
2809
2808
2807
2806
2805
2803
2803
2802
2801
2801
2801
2796
2796
2796
2795
2794
2793
2791
2790
2790
2789
2789
2788
2787
2786
2783
2782
2782
2781
2779
2778
2778
2774
2774
2774
2773
2772
2771
2771
2771
2771
2771
2769
2768
2768
2768
2767
2766
2765
2765
2763
2763
2762
2762
2761
2760
2760
2759
2758
2758
2757
2757
2756
2756
2756
2754
2753
2752
2752
2752
2752
2751
2750
2750
2749
2748
2748
2747
2747
2746
2746
2744
2744
2743
2740
2739
2729
2727
2727
2726
2724
2724
2724
2722
2722
2721
2721
2720
2719
2719
2718
2718
2718
2717
2716
2716
2716
2713
2710
2710
2710
2707
2706
2706
2704
2703
2703
2702
2701
2701
2698
2698
2698
2697
2697
2696
2694
2693
2690
2686
2686
2684
2683
2681
2681
2681
2680
2675
2672
2671
2671
2670
2670
2669
2669
2668
2668
2665
2664
2664
2663
2661
2660
2660
2660
2660
2657
2657
2657
2655
2654
2650
2649
2649
2648
2646
2646
2646
2645
2645
2644
2644
2643
2643
2643
2643
2642
2641
2641
2641
2640
2639
2638
2637
2637
2637
2637
2637
2636
2634
2632
2631
2630
2628
2627
2626
2625
2624
2624
2623
2623
2622
2621
2620
2620
2619
2618
2617
2617
2616
2615
2614
2614
2611
2611
2609
2608
2608
2607
2607
2606
2604
2603
2603
2603
2600
2600
2599
2598
2596
2596
2594
2594
2593
2592
2592
2591
2591
2590
2585
2585
2585
2585
2584
2584
2578
2578
2576
2575
2573
2569
2568
2567
2566
2564
2563
2563
2563
2562
2561
2558
2557
2556
2555
2554
2553
2551
2550
2547
2546
2545
2544
2544
2543
2542
2541
2541
2539
2536
2536
2535
2533
2533
2532
2532
2528
2527
2527
2524
2522
2518
2517
2515
2515
2513
2512
2512
2511
2510
2510
2509
2508
2507
2506
2505
2504
2500
2499
2499
2499
2498
2497
2497
2494
2493
2492
2492
2491
2491
2489
2489
2489
2488
2487
2487
2485
2484
2484
2483
2483
2482
2480
2479
2479
2479
2477
2474
2473
2473
2473
2472
2472
2471
2471
2470
2469
2468
2468
2468
2467
2466
2465
2465
2464
2464
2463
2462
2462
2462
2460
2460
2457
2457
2456
2455
2453
2453
2452
2451
2450
2449
2447
2446
2445
2443
2441
2441
2441
2441
2441
2439
2438
2438
2436
2435
2434
2434
2432
2431
2430
2430
2429
2428
2428
2426
2425
2423
2423
2420
2417
2417
2416
2414
2413
2412
2410
2409
2407
2406
2406
2405
2402
2402
2401
2397
2396
2396
2394
2394
2392
2391
2390
2388
2388
2384
2382
2379
2375
2375
2374
2373
2373
2371
2371
2369
2368
2367
2366
2365
2365
2365
2364
2363
2362
2362
2361
2361
2360
2359
2359
2356
2355
2352
2351
2350
2350
2348
2347
2346
2345
2345
2345
2343
2343
2342
2342
2341
2341
2341
2340
2340
2340
2339
2339
2338
2337
2337
2337
2336
2336
2335
2334
2334
2332
2332
2331
2331
2331
2327
2325
2325
2324
2321
2321
2319
2318
2317
2316
2316
2315
2315
2314
2313
2313
2313
2312
2311
2311
2311
2305
2304
2303
2302
2300
2300
2298
2297
2296
2293
2293
2293
2292
2291
2291
2291
2290
2290
2289
2287
2287
2283
2282
2281
2279
2278
2276
2276
2274
2273
2273
2273
2272
2271
2268
2268
2268
2267
2265
2265
2264
2264
2262
2262
2261
2261
2260
2260
2258
2257
2257
2256
2256
2256
2253
2252
2251
2251
2251
2249
2249
2248
2247
2247
2245
2243
2241
2241
2240
2238
2238
2237
2236
2235
2235
2235
2235
2234
2232
2229
2226
2225
2225
2225
2225
2224
2223
2222
2218
2218
2216
2216
2214
2211
2209
2209
2208
2208
2208
2205
2205
2204
2201
2200
2200
2197
2197
2197
2196
2192
2190
2190
2190
2189
2188
2187
2185
2184
2184
2184
2184
2183
2182
2181
2181
2181
2180
2177
2175
2175
2174
2174
2171
2171
2170
2169
2168
2168
2166
2165
2163
2163
2163
2160
2160
2160
2158
2158
2158
2158
2156
2155
2154
2152
2151
2151
2150
2150
2149
2149
2148
2148
2148
2148
2147
2147
2146
2146
2145
2144
2138
2137
2136
2136
2135
2132
2131
2130
2130
2129
2128
2128
2127
2127
2126
2125
2124
2123
2123
2122
2121
2121
2120
2120
2120
2119
2119
2117
2117
2117
2117
2115
2115
2114
2113
2113
2113
2112
2110
2106
2105
2104
2102
2101
2100
2099
2099
2096
2094
2094
2094
2093
2093
2092
2092
2090
2089
2088
2088
2086
2085
2084
2084
2081
2081
2080
2080
2079
2078
2077
2077
2075
2075
2074
2072
2072
2071
2071
2070
2070
2068
2068
2067
2067
2066
2062
2061
2059
2059
2059
2058
2058
2058
2058
2057
2055
2053
2051
2051
2049
2049
2048
2048
2045
2043
2042
2042
2042
2041
2039
2039
2038
2036
2035
2035
2035
2031
2029
2025
2024
2023
2021
2021
2020
2016
2015
2014
2013
2011
2009
2007
2007
2006
2005
2004
2004
2004
2002
2001
2000
2000
1999
1999
1998
1998
1997
1996
1996
1995
1994
1994
1993
1992
1990
1990
1989
1986
1985
1984
1983
1983
1979
1979
1979
1979
1977
1977
1976
1976
1973
1972
1971
1970
1970
1968
1963
1963
1962
1961
1960
1959
1958
1957
1955
1950
1950
1948
1947
1947
1945
1944
1941
1941
1939
1939
1938
1937
1936
1935
1934
1934
1933
1933
1933
1931
1931
1930
1929
1928
1927
1922
1921
1920
1919
1919
1918
1918
1917
1917
1916
1915
1915
1914
1913
1912
1912
1911
1910
1910
1908
1907
1906
1904
1904
1903
1903
1901
1900
1899
1896
1896
1896
1896
1894
1894
1894
1891
1890
1890
1890
1889
1887
1887
1887
1885
1885
1883
1882
1879
1879
1878
1876
1876
1875
1875
1874
1873
1873
1871
1870
1869
1869
1869
1868
1868
1868
1867
1867
1866
1866
1864
1861
1860
1859
1857
1857
1851
1851
1849
1848
1846
1846
1845
1844
1843
1841
1841
1839
1838
1838
1837
1837
1836
1834
1833
1833
1831
1830
1829
1829
1828
1828
1827
1827
1826
1825
1825
1825
1825
1824
1823
1823
1823
1821
1821
1820
1820
1817
1816
1815
1815
1815
1815
1814
1814
1814
1813
1812
1810
1808
1807
1806
1803
1802
1801
1800
1800
1798
1798
1797
1796
1796
1796
1794
1792
1791
1789
1787
1787
1787
1787
1786
1785
1785
1785
1782
1781
1781
1780
1778
1778
1777
1776
1772
1772
1771
1771
1770
1770
1764
1762
1758
1757
1755
1753
1753
1751
1750
1746
1745
1744
1744
1743
1742
1741
1741
1741
1738
1738
1736
1735
1733
1732
1731
1730
1729
1728
1728
1727
1725
1725
1724
1721
1720
1718
1716
1715
1714
1714
1713
1713
1712
1712
1711
1711
1710
1710
1709
1709
1708
1708
1706
1704
1704
1702
1701
1701
1700
1700
1700
1698
1698
1698
1697
1696
1695
1694
1692
1691
1691
1690
1686
1686
1686
1685
1684
1682
1681
1680
1680
1676
1676
1673
1673
1673
1673
1672
1672
1672
1672
1671
1670
1669
1668
1666
1663
1660
1659
1658
1657
1657
1657
1656
1656
1656
1653
1653
1650
1646
1645
1644
1643
1643
1642
1640
1639
1638
1638
1636
1632
1630
1630
1629
1629
1626
1626
1625
1625
1624
1624
1621
1620
1620
1618
1616
1615
1614
1613
1612
1610
1609
1608
1606
1603
1601
1597
1596
1595
1594
1594
1592
1591
1590
1589
1588
1587
1586
1585
1584
1584
1583
1581
1580
1578
1578
1576
1575
1575
1575
1574
1574
1571
1571
1571
1571
1564
1564
1564
1563
1563
1562
1561
1561
1557
1557
1556
1555
1553
1552
1552
1552
1550
1550
1548
1547
1546
1545
1544
1544
1543
1542
1542
1542
1542
1541
1539
1538
1538
1538
1533
1533
1533
1528
1526
1526
1525
1525
1524
1524
1523
1521
1519
1518
1518
1516
1514
1512
1509
1508
1507
1506
1506
1506
1506
1505
1505
1505
1504
1504
1502
1502
1502
1501
1501
1500
1498
1496
1496
1495
1495
1494
1492
1492
1491
1490
1490
1488
1485
1483
1483
1482
1482
1481
1479
1479
1479
1477
1477
1476
1475
1474
1473
1472
1472
1472
1471
1469
1468
1468
1468
1467
1467
1465
1463
1461
1458
1457
1457
1457
1455
1455
1450
1448
1448
1448
1445
1445
1444
1444
1443
1443
1442
1442
1442
1441
1440
1439
1438
1437
1437
1435
1435
1433
1433
1432
1431
1431
1431
1429
1427
1425
1420
1419
1417
1416
1415
1414
1414
1413
1412
1409
1408
1408
1407
1405
1405
1404
1404
1404
1404
1403
1402
1398
1398
1397
1397
1395
1395
1393
1393
1391
1391
1390
1386
1383
1382
1381
1380
1379
1379
1378
1378
1378
1377
1376
1375
1374
1374
1374
1374
1372
1372
1368
1368
1367
1362
1362
1361
1360
1360
1359
1357
1354
1354
1354
1351
1351
1350
1349
1349
1347
1347
1347
1347
1345
1343
1342
1342
1341
1340
1335
1333
1333
1332
1331
1331
1331
1331
1329
1326
1326
1325
1325
1325
1323
1323
1320
1320
1320
1316
1315
1314
1314
1314
1313
1313
1312
1309
1308
1307
1306
1304
1304
1302
1300
1299
1297
1297
1297
1296
1294
1293
1293
1289
1286
1284
1284
1284
1283
1283
1281
1281
1280
1280
1279
1279
1277
1276
1275
1274
1274
1273
1273
1272
1271
1270
1268
1266
1265
1264
1263
1263
1262
1260
1257
1257
1257
1256
1255
1255
1252
1252
1249
1249
1248
1247
1247
1247
1245
1244
1244
1244
1243
1243
1242
1242
1242
1241
1241
1239
1236
1236
1236
1234
1233
1233
1229
1228
1228
1228
1227
1224
1223
1222
1222
1220
1220
1218
1215
1214
1213
1213
1210
1210
1210
1209
1209
1208
1207
1206
1206
1206
1205
1204
1202
1200
1199
1197
1196
1195
1192
1191
1190
1187
1187
1187
1186
1185
1183
1183
1182
1182
1182
1181
1181
1181
1181
1178
1177
1176
1176
1175
1174
1172
1170
1169
1169
1168
1166
1166
1166
1165
1165
1165
1165
1164
1163
1161
1160
1158
1158
1156
1152
1152
1151
1150
1149
1149
1149
1149
1149
1148
1147
1144
1143
1140
1140
1140
1137
1137
1135
1134
1134
1133
1132
1131
1129
1127
1126
1126
1124
1124
1123
1122
1122
1119
1118
1118
1118
1117
1117
1117
1116
1115
1115
1115
1115
1114
1111
1110
1109
1109
1106
1106
1106
1103
1103
1102
1100
1100
1100
1099
1099
1096
1095
1094
1093
1093
1091
1091
1090
1090
1089
1088
1088
1087
1087
1085
1084
1084
1083
1081
1080
1078
1078
1077
1077
1077
1074
1074
1073
1071
1071
1070
1068
1066
1066
1064
1062
1062
1061
1058
1056
1055
1055
1055
1055
1054
1053
1052
1051
1050
1050
1048
1047
1047
1046
1045
1044
1042
1041
1041
1037
1036
1035
1035
1035
1034
1034
1034
1033
1032
1032
1030
1029
1029
1028
1027
1027
1026
1026
1026
1026
1025
1023
1023
1021
1017
1016
1016
1014
1014
1006
1006
1005
1003
1001
1000
999
999
998
998
998
998
997
997
996
995
995
995
995
995
995
994
990
989
989
986
984
982
978
977
977
975
974
971
971
968
967
965
963
963
962
959
957
957
956
954
951
948
948
948
947
946
945
945
944
943
943
942
941
939
938
938
937
937
935
934
932
932
931
931
930
929
926
923
923
922
921
921
920
917
916
914
914
914
913
912
912
912
910
908
907
905
905
905
904
904
901
899
898
897
896
896
896
896
896
894
894
893
892
891
891
891
891
890
890
889
889
888
887
886
886
886
885
885
882
880
879
877
876
875
874
873
873
872
869
867
866
863
862
862
860
860
860
859
856
854
853
853
853
853
851
849
848
848
848
847
845
845
845
843
841
841
841
841
840
840
840
839
838
837
836
836
835
835
832
831
829
828
827
827
825
823
823
823
823
822
820
819
819
818
818
817
817
816
814
814
814
813
812
811
811
811
810
809
809
803
802
801
800
800
799
798
798
797
797
797
796
795
795
794
794
791
791
789
788
788
787
785
784
783
783
779
779
777
774
772
772
772
770
770
769
769
769
768
766
765
765
764
764
762
761
761
759
758
755
752
751
750
749
748
746
746
742
742
740
739
739
739
738
737
737
737
735
735
735
734
733
732
731
731
726
726
724
724
723
722
721
721
719
718
718
716
715
713
712
711
710
707
707
706
706
705
705
704
700
699
699
697
697
695
695
693
693
693
693
689
689
688
688
688
687
687
684
684
683
682
681
679
676
670
670
670
670
669
668
668
667
666
666
665
665
664
664
659
659
659
657
654
653
652
652
651
649
649
646
645
645
645
644
644
643
642
642
640
640
640
635
632
631
630
629
628
628
628
628
626
624
623
622
621
621
619
618
618
617
615
614
613
610
609
603
602
602
601
600
597
596
595
595
594
594
594
594
593
593
593
590
589
588
588
586
584
583
583
580
578
578
577
577
576
576
576
575
574
574
572
571
569
569
566
565
563
563
562
561
560
560
560
557
556
555
554
553
553
552
552
552
551
551
550
549
545
543
539
537
537
536
535
535
535
532
530
529
528
526
526
525
525
524
524
523
522
519
517
516
516
514
513
512
512
512
509
509
508
508
508
503
503
498
496
495
494
492
492
492
489
489
489
486
486
486
486
481
480
480
480
479
477
473
473
472
472
471
470
465
465
460
460
459
458
457
454
454
454
453
452
448
447
447
447
446
446
445
444
443
442
442
439
438
434
433
433
432
432
431
430
430
428
427
425
425
423
423
422
419
419
419
417
417
416
415
415
414
413
413
413
412
411
409
408
407
405
405
402
401
400
400
398
397
396
393
393
393
392
391
387
387
386
386
383
383
383
381
378
377
377
376
376
372
367
366
364
364
363
362
362
361
360
359
359
358
357
355
354
354
350
349
349
349
347
345
343
341
340
340
337
336
336
334
333
332
332
331
331
331
330
330
330
330
329
328
324
323
322
319
316
314
313
312
311
310
309
308
305
303
303
302
301
301
300
300
299
298
297
297
296
293
293
291
289
286
286
285
284
283
282
281
281
280
279
278
277
274
273
272
270
270
270
269
268
267
266
266
266
265
264
264
263
262
261
258
258
256
254
252
251
250
250
250
246
245
245
245
240
240
239
238
237
236
235
234
234
233
232
231
229
229
228
225
224
222
221
221
220
219
218
218
218
216
212
211
210
210
208
207
206
205
205
203
203
201
200
199
199
199
198
198
198
197
197
197
196
196
196
196
195
195
194
192
188
188
188
187
186
185
183
183
183
182
182
182
180
179
177
176
176
175
174
174
173
172
171
171
170
169
169
168
168
167
166
159
158
157
156
156
155
155
154
153
152
151
151
148
148
148
147
146
142
142
142
142
141
140
139
138
138
136
135
134
133
132
131
130
130
130
124
124
123
123
122
121
121
119
119
119
117
116
115
115
114
113
113
113
113
112
109
108
105
103
103
101
98
97
96
96
92
91
90
90
90
89
83
83
83
82
81
80
80
79
78
75
75
73
71
67
66
66
65
64
64
62
60
59
58
58
57
57
55
55
53
53
53
52
50
47
47
47
46
44
44
40
40
39
37
36
34
33
31
31
30
28
27
24
24
23
22
22
22
21
21
21
20
19
18
18
17
15
14
14
13
12
12
11
10
10
9
9
7
7
7
6
6
3
2
1
1
