9999
9998
9995
9995
9994
9993
9993
9992
9991
9991
9991
9991
9991
9988
9988
9987
9987
9986
9986
9982
9982
9981
9980
9980
9975
9974
9973
9973
9972
9972
9971
9969
9969
9967
9966
9965
9965
9965
9964
9963
9962
9961
9960
9960
9957
9957
9957
9956
9955
9953
9951
9950
9950
9949
9949
9948
9948
9948
9945
9943
9943
9941
9938
9938
9937
9937
9934
9933
9932
9932
9932
9931
9931
9931
9930
9929
9928
9928
9927
9927
9925
9925
9922
9921
9920
9919
9917
9917
9916
9915
9911
9910
9910
9906
9904
9901
9901
9901
9900
9900
9899
9899
9898
9897
9897
9895
9892
9891
9890
9888
9887
9887
9886
9886
9883
9883
9883
9881
9881
9881
9880
9879
9879
9878
9877
9874
9872
9871
9870
9869
9869
9869
9868
9867
9866
9866
9865
9864
9864
9864
9863
9863
9862
9862
9860
9859
9858
9857
9857
9856
9851
9849
9848
9848
9846
9846
9846
9845
9844
9843
9842
9841
9838
9838
9838
9838
9836
9834
9833
9833
9833
9833
9832
9832
9831
9831
9828
9827
9826
9826
9825
9824
9824
9822
9822
9820
9818
9817
9816
9814
9813
9813
9811
9809
9809
9809
9807
9806
9806
9805
9804
9803
9803
9803
9803
9802
9801
9801
9801
9801
9800
9799
9798
9798
9797
9796
9796
9795
9794
9793
9791
9790
9789
9788
9786
9785
9784
9783
9780
9779
9779
9779
9779
9779
9779
9778
9778
9778
9777
9777
9776
9775
9775
9773
9772
9769
9769
9768
9768
9768
9766
9765
9765
9765
9761
9761
9760
9760
9760
9758
9758
9758
9756
9754
9753
9753
9752
9750
9747
9746
9744
9744
9743
9742
9741
9738
9736
9733
9733
9731
9730
9729
9727
9727
9726
9726
9726
9726
9725
9725
9724
9723
9721
9719
9719
9719
9717
9716
9716
9715
9715
9713
9710
9709
9709
9705
9705
9705
9704
9704
9702
9701
9700
9700
9699
9698
9697
9697
9696
9694
9693
9693
9691
9691
9690
9689
9688
9687
9687
9686
9683
9681
9680
9679
9678
9676
9675
9674
9671
9670
9670
9667
9665
9664
9664
9663
9662
9661
9661
9658
9658
9658
9657
9656
9655
9655
9654
9654
9653
9653
9650
9649
9649
9648
9647
9646
9646
9646
9643
9643
9642
9641
9641
9638
9638
9634
9633
9632
9631
9631
9631
9630
9629
9629
9627
9623
9621
9620
9619
9618
9618
9616
9614
9614
9613
9613
9612
9611
9610
9608
9606
9605
9605
9605
9604
9603
9603
9603
9602
9600
9599
9597
9596
9595
9594
9594
9593
9592
9592
9592
9592
9591
9591
9590
9590
9589
9588
9588
9588
9587
9587
9586
9585
9584
9583
9582
9581
9581
9581
9580
9580
9576
9576
9575
9575
9575
9574
9574
9572
9572
9572
9571
9571
9571
9570
9569
9567
9567
9566
9566
9564
9562
9561
9560
9554
9554
9553
9551
9551
9550
9549
9548
9547
9546
9544
9544
9540
9539
9539
9538
9537
9537
9536
9535
9535
9535
9533
9532
9531
9531
9530
9527
9526
9526
9525
9524
9524
9524
9521
9520
9520
9519
9519
9517
9516
9514
9513
9512
9510
9508
9506
9505
9505
9504
9503
9503
9502
9501
9500
9500
9499
9498
9497
9496
9493
9492
9492
9490
9490
9489
9489
9488
9488
9487
9486
9486
9485
9481
9479
9479
9479
9478
9477
9477
9476
9474
9474
9473
9473
9470
9468
9468
9467
9467
9467
9467
9466
9465
9463
9463
9462
9462
9462
9461
9458
9456
9455
9455
9455
9455
9454
9453
9452
9450
9449
9445
9444
9443
9443
9443
9442
9440
9439
9438
9437
9437
9435
9435
9435
9434
9432
9431
9429
9429
9429
9428
9425
9425
9424
9423
9421
9420
9420
9419
9417
9417
9414
9414
9413
9413
9412
9411
9410
9410
9406
9405
9404
9404
9402
9402
9401
9400
9395
9393
9393
9393
9393
9392
9391
9390
9390
9389
9388
9388
9387
9386
9386
9379
9377
9377
9376
9375
9375
9375
9374
9374
9373
9373
9372
9371
9368
9368
9367
9365
9365
9365
9364
9363
9360
9360
9358
9357
9357
9357
9353
9352
9352
9350
9350
9347
9346
9346
9345
9344
9337
9337
9336
9335
9334
9334
9332
9331
9330
9330
9328
9328
9324
9322
9322
9322
9322
9319
9318
9318
9318
9317
9317
9315
9315
9314
9313
9312
9310
9309
9309
9308
9308
9307
9306
9306
9305
9305
9304
9303
9303
9301
9301
9299
9299
9293
9292
9291
9289
9289
9288
9287
9285
9285
9282
9282
9282
9281
9280
9278
9277
9276
9276
9276
9275
9274
9272
9272
9272
9271
9270
9269
9269
9268
9268
9267
9266
9266
9266
9266
9266
9261
9260
9259
9258
9256
9255
9255
9254
9254
9252
9250
9248
9247
9246
9246
9245
9243
9243
9243
9242
9240
9240
9240
9240
9239
9239
9238
9238
9238
9238
9237
9237
9236
9236
9235
9235
9234
9234
9233
9233
9233
9232
9232
9229
9229
9228
9228
9228
9227
9227
9225
9224
9218
9218
9216
9215
9213
9212
9211
9211
9211
9210
9207
9206
9206
9205
9205
9204
9203
9201
9201
9200
9196
9195
9193
9191
9189
9189
9188
9188
9188
9187
9184
9182
9182
9180
9178
9178
9177
9177
9176
9175
9175
9174
9174
9172
9170
9169
9165
9165
9163
9162
9161
9160
9159
9159
9159
9158
9158
9157
9157
9155
9155
9151
9147
9146
9143
9143
9142
9142
9140
9140
9139
9137
9136
9136
9134
9134
9134
9133
9133
9133
9132
9132
9129
9128
9127
9126
9126
9124
9123
9123
9121
9120
9118
9117
9116
9114
9114
9114
9114
9113
9113
9111
9110
9110
9109
9109
9109
9108
9105
9105
9102
9096
9094
9094
9094
9093
9093
9092
9091
9090
9084
9083
9083
9081
9080
9080
9080
9079
9079
9078
9078
9076
9076
9075
9074
9074
9073
9072
9072
9071
9071
9070
9070
9070
9069
9069
9068
9067
9067
9066
9066
9062
9059
9059
9059
9058
9056
9055
9054
9054
9053
9053
9052
9050
9050
9047
9046
9046
9043
9042
9042
9041
9038
9037
9036
9036
9032
9031
9031
9029
9029
9028
9027
9026
9025
9023
9022
9022
9021
9021
9021
9020
9019
9019
9018
9018
9016
9016
9016
9013
9011
9008
9008
9008
9007
9006
9003
9003
9003
9002
9002
9002
9001
8997
8996
8996
8995
8995
8995
8993
8993
8993
8992
8991
8991
8989
8988
8987
8986
8985
8983
8982
8980
8976
8976
8975
8975
8975
8974
8971
8971
8971
8969
8969
8968
8968
8967
8967
8964
8963
8962
8962
8962
8960
8960
8959
8958
8957
8957
8954
8952
8951
8946
8946
8946
8943
8942
8939
8939
8938
8937
8935
8933
8933
8931
8929
8925
8923
8922
8922
8921
8921
8918
8918
8918
8915
8915
8914
8914
8913
8911
8910
8910
8908
8907
8905
8905
8905
8904
8904
8902
8900
8899
8898
8896
8895
8894
8890
8888
8888
8888
8887
8887
8887
8886
8884
8882
8880
8878
8877
8877
8876
8875
8875
8873
8872
8871
8871
8869
8867
8866
8865
8864
8864
8864
8863
8863
8862
8861
8856
8854
8854
8854
8854
8853
8853
8852
8849
8849
8849
8846
8843
8843
8842
8841
8840
8839
8838
8838
8838
8836
8836
8835
8835
8835
8834
8833
8833
8828
8827
8825
8824
8823
8823
8822
8822
8822
8819
8819
8819
8819
8816
8815
8814
8810
8809
8809
8804
8804
8800
8800
8799
8799
8798
8797
8796
8791
8791
8789
8788
8788
8787
8786
8786
8785
8781
8780
8779
8776
8776
8776
8776
8774
8773
8772
8772
8771
8770
8769
8768
8765
8765
8763
8763
8763
8762
8762
8762
8761
8760
8756
8756
8752
8752
8751
8749
8748
8746
8745
8745
8745
8744
8744
8744
8744
8743
8743
8742
8740
8740
8739
8737
8737
8736
8736
8736
8734
8733
8733
8733
8733
8733
8733
8733
8733
8732
8732
8731
8728
8727
8726
8725
8722
8720
8719
8716
8713
8713
8712
8712
8711
8711
8710
8708
8708
8707
8706
8705
8704
8703
8703
8703
8701
8699
8699
8697
8696
8694
8693
8688
8688
8687
8685
8685
8683
8683
8683
8682
8682
8681
8681
8681
8681
8681
8680
8680
8680
8680
8679
8679
8678
8677
8676
8676
8675
8674
8673
8673
8673
8671
8670
8670
8668
8667
8666
8666
8665
8665
8665
8665
8664
8664
8661
8661
8660
8660
8660
8659
8659
8657
8656
8653
8653
8652
8651
8648
8647
8646
8646
8644
8643
8643
8642
8641
8641
8640
8640
8640
8634
8632
8632
8631
8630
8629
8628
8627
8626
8626
8625
8625
8624
8624
8623
8623
8622
8620
8620
8616
8615
8615
8614
8612
8610
8610
8609
8609
8608
8608
8607
8606
8606
8605
8605
8605
8605
8604
8604
8604
8603
8603
8602
8602
8601
8601
8600
8599
8599
8598
8597
8596
8595
8594
8593
8592
8592
8591
8591
8591
8591
8590
8589
8588
8588
8587
8586
8585
8584
8584
8584
8584
8584
8581
8580
8579
8575
8574
8573
8572
8572
8572
8568
8568
8568
8566
8566
8565
8564
8564
8561
8560
8560
8558
8557
8557
8555
8551
8550
8548
8545
8544
8544
8544
8543
8542
8541
8541
8541
8541
8540
8539
8537
8536
8534
8534
8533
8532
8532
8531
8530
8526
8526
8525
8525
8524
8523
8523
8523
8523
8523
8515
8515
8513
8513
8512
8512
8510
8510
8509
8508
8505
8504
8503
8503
8502
8502
8498
8497
8497
8497
8496
8493
8492
8491
8489
8488
8488
8485
8482
8481
8480
8479
8479
8479
8478
8478
8478
8476
8474
8474
8468
8466
8465
8459
8458
8457
8455
8453
8448
8448
8447
8446
8445
8445
8444
8444
8443
8441
8441
8441
8439
8438
8436
8435
8434
8434
8434
8433
8432
8431
8431
8431
8428
8426
8426
8425
8425
8423
8422
8422
8421
8421
8420
8420
8418
8416
8412
8412
8412
8412
8410
8408
8407
8407
8405
8405
8405
8403
8402
8402
8402
8401
8400
8398
8397
8396
8394
8394
8393
8392
8392
8391
8390
8390
8388
8388
8388
8388
8387
8385
8382
8378
8373
8373
8372
8371
8368
8366
8366
8363
8361
8361
8360
8358
8358
8355
8354
8354
8354
8352
8351
8348
8345
8342
8340
8337
8334
8334
8333
8332
8332
8331
8325
8325
8325
8325
8323
8323
8322
8322
8321
8320
8318
8318
8317
8316
8316
8315
8315
8313
8313
8312
8311
8310
8310
8310
8310
8308
8307
8306
8306
8305
8304
8298
8297
8293
8292
8290
8286
8285
8283
8282
8279
8277
8276
8276
8274
8271
8270
8268
8267
8267
8267
8267
8265
8265
8264
8263
8263
8262
8262
8262
8261
8255
8255
8253
8252
8251
8250
8250
8250
8249
8249
8249
8249
8248
8248
8248
8248
8248
8247
8247
8247
8246
8245
8245
8244
8244
8243
8242
8242
8241
8240
8240
8239
8238
8236
8235
8234
8233
8233
8231
8228
8226
8224
8224
8223
8221
8221
8221
8219
8218
8214
8213
8212
8210
8210
8210
8208
8208
8207
8206
8206
8205
8205
8203
8202
8202
8199
8198
8197
8195
8194
8192
8190
8189
8189
8188
8186
8186
8185
8185
8183
8182
8180
8179
8177
8175
8175
8175
8174
8174
8174
8173
8172
8172
8172
8170
8170
8167
8167
8167
8166
8166
8164
8162
8162
8162
8161
8159
8155
8154
8153
8153
8153
8152
8152
8151
8149
8148
8147
8147
8146
8144
8143
8142
8141
8140
8140
8139
8138
8137
8135
8134
8127
8126
8126
8125
8124
8123
8122
8120
8119
8118
8117
8116
8116
8116
8115
8115
8114
8113
8113
8112
8111
8110
8110
8109
8109
8104
8104
8104
8104
8104
8102
8102
8102
8101
8101
8100
8100
8100
8098
8095
8095
8094
8094
8094
8094
8091
8091
8090
8090
8088
8086
8086
8085
8083
8083
8081
8081
8079
8079
8079
8078
8078
8077
8076
8074
8073
8073
8072
8072
8072
8071
8068
8067
8067
8067
8066
8066
8065
8062
8062
8060
8060
8059
8059
8058
8056
8054
8048
8047
8047
8046
8044
8042
8042
8039
8037
8037
8035
8034
8033
8033
8030
8030
8029
8026
8026
8026
8025
8024
8024
8023
8023
8023
8022
8019
8018
8017
8015
8015
8013
8012
8011
8010
8010
8010
8010
8008
8007
8007
8006
8005
8005
8004
8003
8002
8001
8000
8000
8000
8000
7999
7999
7999
7997
7996
7996
7996
7995
7995
7994
7993
7991
7990
7989
7989
7988
7988
7986
7984
7983
7983
7982
7981
7981
7980
7979
7979
7979
7978
7977
7976
7976
7972
7967
7966
7965
7964
7964
7963
7963
7962
7961
7960
7957
7957
7956
7955
7953
7952
7952
7951
7950
7949
7949
7948
7947
7946
7944
7944
7943
7943
7942
7940
7939
7938
7937
7934
7931
7930
7930
7929
7928
7927
7926
7926
7925
7924
7923
7923
7923
7922
7921
7921
7921
7920
7920
7920
7919
7919
7918
7917
7917
7915
7914
7911
7911
7910
7909
7907
7906
7906
7906
7905
7904
7901
7900
7900
7899
7898
7898
7898
7897
7894
7892
7891
7889
7889
7888
7886
7885
7884
7882
7882
7881
7880
7880
7879
7879
7878
7878
7877
7876
7876
7875
7874
7873
7871
7869
7867
7864
7864
7863
7860
7858
7857
7857
7854
7854
7854
7853
7853
7850
7849
7847
7845
7842
7841
7841
7840
7839
7838
7837
7834
7833
7833
7831
7830
7830
7828
7827
7827
7826
7824
7824
7823
7822
7821
7820
7819
7819
7817
7817
7816
7815
7815
7814
7813
7813
7812
7811
7810
7807
7805
7804
7804
7803
7803
7801
7800
7799
7799
7798
7798
7797
7797
7796
7796
7793
7792
7791
7791
7790
7788
7788
7788
7787
7785
7784
7780
7779
7777
7776
7776
7774
7773
7773
7771
7770
7769
7768
7767
7767
7764
7764
7764
7762
7761
7760
7757
7757
7754
7752
7752
7752
7751
7751
7749
7747
7743
7742
7740
7739
7739
7738
7737
7736
7735
7735
7733
7733
7733
7732
7732
7732
7732
7730
7727
7727
7723
7722
7722
7720
7718
7716
7715
7714
7714
7713
7712
7712
7711
7711
7711
7710
7710
7709
7708
7705
7705
7704
7701
7701
7700
7700
7700
7696
7694
7693
7693
7691
7690
7690
7689
7688
7688
7688
7687
7686
7686
7686
7685
7684
7681
7679
7679
7677
7676
7676
7675
7674
7674
7674
7674
7673
7673
7672
7671
7669
7669
7668
7667
7667
7666
7666
7665
7665
7664
7663
7663
7662
7661
7661
7661
7660
7660
7660
7658
7658
7656
7655
7654
7652
7652
7651
7650
7650
7649
7648
7648
7646
7644
7643
7643
7641
7641
7641
7640
7639
7636
7636
7635
7634
7634
7632
7631
7631
7631
7629
7628
7627
7627
7625
7624
7623
7622
7621
7620
7620
7620
7619
7617
7617
7616
7616
7616
7616
7614
7613
7613
7612
7612
7611
7610
7608
7607
7605
7605
7605
7604
7603
7603
7602
7602
7601
7599
7599
7595
7594
7594
7594
7593
7593
7592
7591
7590
7590
7590
7588
7585
7583
7581
7580
7579
7577
7576
7575
7572
7569
7569
7567
7567
7565
7565
7564
7563
7561
7560
7559
7559
7558
7557
7551
7550
7549
7546
7545
7542
7540
7540
7539
7537
7537
7534
7534
7534
7533
7531
7529
7529
7527
7527
7527
7527
7526
7525
7524
7523
7523
7522
7522
7520
7519
7519
7518
7518
7517
7517
7516
7514
7514
7513
7512
7509
7508
7508
7507
7506
7506
7504
7503
7502
7501
7500
7499
7497
7497
7495
7495
7493
7493
7491
7491
7489
7488
7488
7487
7487
7487
7485
7484
7484
7483
7482
7481
7481
7481
7480
7480
7479
7478
7477
7476
7475
7474
7472
7469
7469
7469
7469
7468
7466
7464
7463
7463
7463
7461
7459
7458
7458
7457
7456
7456
7456
7455
7454
7454
7453
7453
7453
7450
7449
7446
7445
7445
7444
7444
7443
7442
7439
7439
7438
7438
7437
7437
7437
7436
7435
7433
7430
7429
7429
7429
7428
7426
7426
7426
7426
7426
7426
7426
7425
7424
7424
7423
7423
7420
7418
7418
7417
7417
7417
7415
7414
7412
7407
7405
7404
7403
7402
7399
7398
7398
7398
7397
7397
7396
7396
7394
7394
7393
7392
7389
7388
7387
7385
7380
7379
7377
7375
7373
7372
7372
7372
7372
7372
7371
7371
7370
7369
7369
7369
7369
7369
7365
7364
7363
7362
7361
7360
7356
7353
7352
7351
7351
7350
7349
7347
7345
7345
7345
7343
7342
7341
7340
7340
7339
7339
7338
7338
7337
7335
7335
7333
7332
7331
7329
7327
7327
7327
7327
7326
7326
7324
7322
7321
7320
7319
7319
7318
7317
7317
7317
7317
7315
7312
7311
7309
7308
7307
7307
7306
7306
7306
7305
7305
7304
7303
7303
7303
7303
7301
7301
7298
7298
7294
7293
7290
7290
7289
7287
7286
7284
7284
7284
7282
7280
7280
7280
7279
7276
7276
7276
7275
7275
7274
7270
7269
7269
7269
7267
7264
7263
7263
7262
7262
7261
7260
7259
7259
7256
7255
7253
7253
7252
7250
7250
7249
7249
7248
7246
7246
7246
7244
7243
7243
7242
7242
7240
7240
7239
7239
7238
7238
7235
7235
7235
7234
7234
7234
7234
7233
7233
7233
7231
7229
7227
7227
7227
7226
7224
7224
7222
7222
7217
7215
7212
7211
7211
7211
7211
7210
7209
7208
7208
7208
7207
7206
7206
7204
7202
7201
7201
7200
7197
7196
7196
7194
7192
7191
7191
7191
7190
7190
7189
7187
7186
7184
7182
7181
7181
7180
7180
7179
7179
7179
7174
7173
7172
7171
7170
7170
7169
7168
7168
7167
7166
7166
7166
7166
7166
7163
7162
7161
7160
7159
7159
7158
7158
7157
7156
7156
7155
7155
7154
7153
7153
7152
7151
7150
7149
7148
7148
7147
7146
7145
7145
7144
7143
7141
7141
7140
7139
7138
7137
7135
7135
7135
7135
7134
7133
7133
7133
7133
7132
7130
7129
7126
7125
7122
7119
7119
7119
7118
7118
7117
7117
7116
7115
7115
7114
7113
7113
7112
7111
7111
7111
7111
7110
7110
7108
7105
7101
7100
7098
7097
7097
7096
7094
7094
7094
7092
7092
7088
7086
7086
7086
7083
7082
7079
7078
7078
7077
7076
7075
7074
7072
7069
7069
7067
7067
7062
7062
7062
7060
7060
7059
7058
7058
7056
7053
7053
7052
7051
7051
7048
7048
7047
7047
7046
7045
7042
7042
7042
7041
7040
7040
7037
7037
7037
7036
7035
7035
7033
7030
7029
7028
7026
7022
7021
7018
7018
7017
7016
7015
7013
7012
7012
7011
7010
7010
7010
7009
7007
7005
7005
7003
7001
6999
6997
6995
6994
6994
6993
6992
6991
6989
6987
6986
6986
6984
6984
6983
6982
6981
6980
6980
6980
6980
6979
6976
6974
6974
6972
6969
6969
6967
6967
6967
6967
6966
6966
6966
6965
6965
6965
6964
6963
6961
6960
6959
6957
6957
6955
6954
6954
6953
6953
6952
6952
6952
6952
6951
6949
6949
6947
6946
6946
6945
6944
6944
6943
6943
6939
6939
6937
6937
6936
6935
6935
6934
6934
6934
6933
6930
6930
6929
6929
6927
6926
6925
6920
6920
6918
6917
6916
6915
6913
6911
6910
6909
6907
6906
6905
6904
6904
6904
6903
6903
6900
6900
6899
6899
6899
6895
6893
6892
6891
6891
6890
6890
6889
6889
6888
6886
6886
6885
6885
6885
6884
6884
6884
6882
6880
6878
6878
6877
6876
6876
6874
6873
6873
6872
6872
6871
6870
6869
6869
6869
6868
6868
6866
6866
6864
6864
6862
6862
6861
6861
6860
6859
6857
6857
6856
6855
6854
6852
6851
6851
6850
6849
6849
6846
6843
6840
6839
6837
6835
6834
6834
6832
6829
6829
6829
6828
6828
6828
6824
6823
6823
6823
6822
6822
6822
6821
6820
6818
6815
6813
6813
6811
6811
6810
6810
6810
6810
6809
6809
6809
6807
6806
6806
6803
6801
6801
6801
6799
6797
6796
6796
6796
6794
6793
6792
6792
6792
6790
6789
6789
6788
6786
6785
6784
6783
6783
6782
6782
6782
6781
6781
6780
6780
6778
6778
6778
6777
6777
6777
6775
6775
6773
6773
6772
6771
6771
6770
6767
6767
6766
6765
6765
6764
6764
6764
6763
6763
6762
6762
6761
6761
6760
6756
6756
6753
6752
6751
6751
6750
6749
6748
6748
6747
6745
6745
6744
6744
6743
6741
6741
6740
6740
6739
6738
6736
6736
6734
6733
6733
6730
6730
6730
6728
6727
6727
6726
6723
6723
6722
6720
6720
6720
6719
6719
6716
6716
6715
6712
6712
6710
6710
6710
6709
6709
6708
6707
6707
6706
6705
6705
6703
6703
6703
6703
6702
6702
6702
6702
6699
6697
6696
6694
6692
6692
6691
6691
6690
6690
6689
6689
6687
6685
6683
6680
6679
6678
6678
6678
6676
6676
6673
6672
6671
6667
6666
6664
6663
6662
6662
6660
6660
6660
6658
6658
6657
6657
6655
6654
6652
6652
6651
6649
6648
6647
6647
6644
6643
6641
6641
6641
6638
6637
6635
6635
6634
6634
6632
6631
6631
6630
6629
6628
6625
6625
6623
6622
6621
6620
6620
6618
6618
6617
6617
6616
6615
6614
6614
6613
6612
6610
6609
6608
6606
6605
6602
6602
6602
6602
6602
6600
6598
6596
6595
6595
6595
6594
6593
6593
6592
6591
6591
6589
6588
6587
6586
6585
6585
6584
6584
6584
6582
6580
6579
6579
6579
6579
6579
6577
6577
6573
6573
6573
6571
6571
6570
6569
6569
6568
6568
6566
6565
6565
6565
6563
6562
6561
6560
6558
6558
6558
6557
6555
6554
6554
6554
6553
6553
6553
6553
6551
6551
6551
6550
6550
6550
6550
6548
6548
6547
6547
6545
6539
6539
6537
6534
6533
6531
6530
6528
6528
6525
6525
6523
6523
6522
6522
6521
6520
6520
6520
6517
6517
6514
6513
6513
6513
6513
6512
6511
6511
6511
6511
6506
6506
6505
6503
6502
6502
6501
6500
6500
6500
6499
6498
6498
6496
6496
6494
6494
6494
6491
6489
6488
6487
6487
6487
6485
6483
6481
6480
6479
6477
6477
6477
6476
6476
6475
6474
6473
6472
6470
6470
6464
6464
6464
6463
6463
6463
6462
6461
6460
6459
6459
6458
6458
6456
6454
6451
6448
6448
6447
6446
6446
6446
6446
6445
6441
6441
6440
6439
6439
6438
6438
6437
6434
6430
6430
6429
6429
6428
6427
6427
6424
6423
6421
6419
6418
6417
6417
6416
6415
6414
6413
6413
6412
6410
6410
6407
6407
6407
6407
6405
6405
6403
6402
6401
6400
6399
6398
6396
6393
6392
6391
6390
6389
6389
6388
6387
6386
6386
6386
6385
6384
6384
6383
6383
6382
6382
6380
6380
6378
6378
6377
6376
6374
6372
6371
6371
6370
6368
6368
6367
6367
6364
6362
6359
6359
6357
6353
6352
6351
6350
6350
6346
6346
6346
6346
6345
6344
6344
6342
6341
6340
6338
6334
6333
6332
6330
6328
6328
6327
6326
6319
6317
6317
6317
6316
6315
6313
6311
6311
6307
6306
6306
6305
6304
6303
6302
6302
6301
6301
6300
6299
6297
6292
6291
6290
6288
6287
6287
6286
6286
6285
6285
6283
6283
6283
6282
6282
6281
6280
6278
6278
6278
6278
6278
6277
6276
6276
6274
6268
6267
6267
6266
6266
6265
6265
6263
6262
6261
6260
6259
6259
6259
6257
6257
6257
6257
6255
6254
6252
6251
6251
6250
6248
6248
6247
6244
6244
6242
6241
6240
6240
6239
6236
6234
6232
6232
6230
6230
6228
6227
6224
6223
6222
6222
6222
6221
6221
6221
6221
6219
6219
6219
6217
6215
6214
6214
6213
6213
6211
6210
6208
6208
6206
6206
6206
6204
6204
6201
6200
6199
6198
6198
6197
6195
6193
6191
6190
6190
6189
6188
6187
6186
6186
6186
6185
6184
6178
6177
6176
6175
6174
6174
6173
6171
6170
6169
6168
6168
6166
6164
6162
6162
6162
6158
6157
6157
6157
6157
6153
6153
6152
6152
6151
6150
6150
6150
6149
6147
6141
6140
6140
6138
6136
6136
6136
6136
6136
6135
6135
6135
6134
6131
6130
6129
6127
6125
6124
6122
6121
6120
6119
6118
6117
6116
6115
6114
6114
6111
6111
6111
6110
6107
6106
6104
6104
6102
6102
6101
6100
6100
6098
6097
6096
6095
6094
6094
6093
6089
6088
6087
6087
6085
6084
6082
6081
6079
6078
6077
6077
6077
6075
6074
6071
6070
6069
6068
6068
6068
6065
6065
6063
6062
6062
6061
6061
6061
6059
6059
6057
6056
6056
6055
6054
6053
6052
6052
6051
6050
6049
6049
6048
6047
6047
6046
6045
6045
6044
6044
6044
6043
6041
6041
6040
6040
6038
6037
6036
6035
6033
6031
6029
6028
6026
6025
6024
6023
6023
6022
6022
6020
6019
6019
6018
6017
6017
6017
6015
6013
6013
6011
6011
6010
6010
6010
6009
6007
6007
6006
6006
6006
6005
6004
6004
6002
6001
6000
5998
5996
5994
5994
5993
5992
5992
5990
5989
5989
5988
5988
5987
5987
5981
5980
5980
5980
5979
5978
5977
5973
5972
5970
5969
5967
5967
5966
5966
5965
5964
5964
5963
5961
5961
5958
5958
5957
5957
5956
5955
5954
5954
5954
5954
5954
5954
5954
5952
5951
5949
5949
5946
5946
5944
5944
5943
5943
5942
5942
5942
5941
5941
5941
5941
5940
5936
5936
5935
5935
5933
5932
5932
5931
5930
5930
5929
5925
5924
5923
5923
5923
5922
5922
5921
5920
5918
5917
5916
5913
5913
5913
5912
5910
5910
5909
5907
5907
5907
5906
5905
5904
5904
5902
5901
5901
5901
5901
5900
5900
5899
5899
5898
5896
5895
5895
5891
5889
5889
5888
5888
5886
5886
5886
5884
5884
5884
5881
5881
5881
5881
5881
5878
5876
5876
5875
5874
5874
5873
5872
5870
5869
5867
5866
5859
5857
5857
5857
5856
5855
5855
5854
5852
5851
5849
5848
5847
5847
5846
5845
5844
5843
5841
5839
5838
5838
5838
5837
5835
5835
5834
5834
5831
5829
5828
5826
5824
5824
5822
5821
5821
5821
5820
5819
5819
5819
5816
5815
5815
5813
5813
5812
5812
5810
5810
5809
5808
5807
5806
5806
5805
5804
5804
5802
5802
5798
5796
5796
5796
5794
5793
5793
5793
5791
5790
5789
5787
5787
5787
5787
5786
5786
5785
5785
5784
5783
5782
5782
5781
5781
5781
5780
5780
5780
5779
5779
5778
5775
5770
5770
5770
5768
5768
5768
5768
5767
5765
5764
5764
5764
5763
5763
5763
5762
5760
5759
5759
5758
5757
5756
5756
5755
5752
5749
5748
5745
5744
5744
5743
5742
5742
5741
5737
5736
5736
5736
5735
5735
5735
5733
5733
5732
5732
5732
5731
5730
5729
5725
5724
5723
5720
5720
5720
5719
5719
5719
5718
5718
5717
5716
5715
5715
5714
5714
5714
5712
5712
5711
5711
5710
5710
5708
5706
5705
5705
5703
5703
5703
5703
5701
5698
5695
5692
5692
5692
5691
5691
5690
5688
5686
5686
5685
5684
5684
5681
5680
5679
5679
5678
5676
5675
5675
5675
5674
5674
5672
5670
5667
5666
5665
5664
5663
5662
5662
5662
5661
5657
5655
5655
5654
5653
5653
5653
5653
5652
5651
5650
5650
5649
5648
5646
5645
5645
5644
5644
5644
5644
5640
5638
5637
5636
5635
5635
5634
5634
5634
5630
5627
5625
5625
5624
5622
5617
5616
5614
5613
5612
5612
5612
5612
5612
5612
5611
5611
5607
5607
5607
5607
5607
5606
5606
5605
5604
5603
5602
5601
5599
5598
5596
5596
5595
5595
5595
5594
5594
5594
5594
5593
5592
5591
5590
5587
5586
5585
5584
5583
5582
5582
5579
5579
5579
5576
5576
5575
5575
5574
5572
5572
5571
5571
5571
5570
5569
5569
5569
5568
5568
5568
5568
5565
5565
5564
5563
5562
5560
5560
5560
5559
5559
5559
5558
5554
5553
5553
5552
5552
5552
5551
5550
5549
5548
5547
5547
5544
5541
5541
5540
5539
5538
5538
5538
5537
5536
5536
5534
5534
5533
5533
5533
5533
5532
5532
5530
5529
5527
5526
5526
5525
5524
5520
5519
5513
5513
5511
5510
5508
5507
5504
5502
5501
5500
5500
5499
5498
5498
5498
5496
5494
5494
5493
5493
5493
5491
5486
5485
5485
5484
5484
5484
5481
5480
5476
5475
5475
5474
5473
5472
5471
5470
5468
5468
5467
5466
5464
5464
5463
5462
5461
5461
5460
5460
5459
5457
5456
5456
5455
5455
5449
5449
5447
5446
5445
5445
5444
5443
5441
5441
5439
5438
5438
5437
5437
5436
5435
5434
5432
5430
5430
5430
5430
5428
5428
5426
5425
5423
5422
5421
5421
5420
5419
5418
5418
5418
5417
5414
5414
5413
5413
5412
5411
5411
5409
5408
5407
5407
5407
5406
5406
5406
5405
5404
5404
5402
5402
5402
5400
5399
5398
5395
5394
5394
5394
5392
5392
5392
5392
5387
5387
5385
5384
5383
5382
5378
5378
5377
5374
5374
5372
5372
5371
5370
5370
5369
5368
5368
5366
5365
5362
5361
5361
5360
5360
5360
5358
5358
5358
5357
5357
5356
5354
5354
5352
5350
5350
5349
5349
5349
5348
5347
5346
5343
5343
5342
5341
5340
5340
5340
5340
5340
5340
5339
5338
5337
5336
5333
5331
5329
5329
5329
5328
5328
5327
5327
5326
5326
5326
5326
5325
5324
5323
5321
5320
5319
5318
5315
5314
5311
5310
5308
5307
5306
5304
5304
5304
5303
5303
5302
5302
5301
5299
5298
5298
5295
5293
5292
5290
5287
5286
5286
5285
5285
5283
5283
5282
5282
5281
5278
5278
5277
5276
5274
5274
5273
5270
5270
5267
5265
5265
5264
5261
5260
5260
5260
5259
5259
5259
5256
5256
5256
5255
5254
5250
5250
5250
5248
5248
5247
5246
5245
5244
5243
5243
5242
5241
5240
5239
5239
5238
5238
5237
5236
5235
5233
5233
5230
5230
5229
5227
5224
5223
5223
5223
5222
5219
5218
5216
5213
5212
5212
5211
5211
5211
5210
5209
5208
5207
5205
5204
5204
5203
5202
5201
5199
5199
5199
5199
5197
5194
5194
5193
5192
5192
5192
5191
5190
5189
5189
5189
5189
5189
5188
5187
5187
5186
5185
5185
5185
5184
5184
5184
5184
5183
5178
5176
5176
5175
5174
5174
5173
5173
5172
5171
5171
5170
5170
5170
5168
5168
5167
5158
5157
5155
5155
5154
5153
5153
5153
5152
5152
5151
5149
5148
5147
5147
5145
5144
5143
5141
5141
5140
5140
5140
5139
5138
5136
5130
5130
5129
5127
5125
5125
5124
5124
5121
5120
5120
5117
5115
5113
5112
5111
5110
5109
5108
5105
5104
5103
5101
5097
5096
5096
5096
5095
5094
5091
5089
5088
5087
5085
5083
5083
5082
5078
5077
5077
5074
5071
5069
5069
5066
5062
5061
5060
5060
5060
5059
5058
5057
5057
5057
5056
5056
5054
5051
5050
5050
5050
5049
5048
5048
5045
5043
5041
5041
5037
5036
5035
5035
5034
5033
5033
5033
5032
5032
5030
5030
5027
5026
5025
5025
5024
5022
5022
5021
5018
5015
5014
5014
5013
5013
5012
5008
5007
5004
5002
5001
4999
4999
4998
4997
4997
4996
4994
4994
4993
4993
4992
4991
4991
4991
4990
4989
4989
4988
4987
4987
4987
4987
4986
4986
4984
4983
4983
4982
4980
4979
4978
4977
4977
4977
4977
4976
4975
4973
4971
4971
4967
4964
4960
4959
4957
4954
4952
4952
4951
4951
4950
4948
4948
4948
4948
4944
4939
4938
4938
4936
4936
4936
4935
4935
4931
4930
4930
4929
4929
4929
4928
4927
4927
4927
4925
4924
4924
4924
4922
4922
4921
4921
4921
4919
4919
4918
4918
4918
4917
4915
4914
4911
4911
4911
4910
4907
4907
4906
4906
4906
4906
4906
4904
4904
4902
4901
4900
4900
4900
4899
4898
4896
4895
4894
4890
4890
4889
4888
4887
4885
4883
4880
4878
4878
4878
4877
4876
4874
4873
4871
4867
4866
4865
4865
4861
4861
4861
4861
4860
4860
4859
4859
4859
4858
4857
4857
4856
4855
4854
4853
4845
4845
4844
4843
4842
4842
4840
4839
4838
4838
4837
4836
4835
4835
4833
4833
4830
4829
4827
4827
4825
4823
4823
4822
4820
4820
4820
4818
4817
4817
4814
4813
4811
4811
4811
4811
4810
4808
4807
4807
4806
4804
4804
4804
4803
4803
4802
4801
4801
4801
4800
4800
4800
4799
4797
4797
4797
4797
4795
4793
4790
4789
4789
4788
4786
4785
4784
4783
4781
4780
4780
4780
4779
4778
4776
4776
4775
4774
4773
4772
4771
4771
4770
4770
4769
4768
4767
4766
4764
4764
4764
4763
4762
4761
4761
4760
4759
4757
4757
4756
4756
4755
4755
4754
4753
4753
4753
4751
4750
4749
4749
4749
4749
4747
4746
4743
4743
4742
4742
4742
4742
4741
4739
4739
4736
4736
4736
4735
4734
4734
4734
4732
4730
4730
4730
4730
4728
4725
4725
4725
4725
4721
4720
4720
4720
4715
4714
4713
4706
4706
4704
4704
4703
4701
4700
4700
4699
4699
4698
4697
4695
4695
4692
4691
4690
4690
4689
4688
4688
4685
4685
4685
4683
4683
4682
4679
4679
4679
4676
4675
4674
4672
4670
4670
4669
4669
4669
4669
4669
4667
4665
4665
4664
4663
4661
4660
4658
4658
4657
4655
4654
4653
4648
4648
4647
4645
4643
4640
4639
4639
4636
4633
4632
4632
4632
4631
4630
4630
4628
4628
4628
4627
4625
4625
4624
4623
4620
4620
4619
4619
4618
4616
4616
4616
4616
4615
4614
4612
4612
4612
4610
4609
4609
4609
4608
4608
4608
4608
4608
4607
4605
4604
4604
4602
4600
4599
4599
4596
4596
4593
4593
4592
4591
4591
4591
4590
4589
4589
4587
4587
4586
4586
4586
4583
4582
4582
4582
4580
4577
4576
4576
4575
4574
4574
4573
4572
4572
4572
4572
4571
4569
4569
4568
4566
4565
4565
4564
4563
4563
4563
4562
4562
4559
4558
4554
4553
4553
4553
4552
4552
4551
4551
4547
4547
4547
4547
4546
4546
4545
4545
4544
4543
4542
4541
4537
4537
4534
4534
4534
4534
4530
4530
4528
4528
4528
4526
4522
4521
4516
4514
4514
4514
4513
4513
4511
4509
4508
4508
4508
4506
4506
4504
4503
4502
4502
4501
4501
4497
4497
4496
4494
4494
4493
4492
4492
4491
4490
4490
4490
4488
4486
4486
4486
4485
4484
4484
4483
4483
4482
4481
4480
4478
4478
4477
4476
4476
4476
4475
4475
4474
4473
4472
4468
4468
4465
4464
4464
4463
4463
4461
4457
4457
4456
4456
4454
4450
4450
4448
4448
4448
4445
4445
4445
4444
4443
4443
4443
4442
4441
4439
4437
4436
4436
4435
4434
4434
4434
4432
4431
4431
4430
4430
4429
4427
4425
4425
4424
4424
4423
4421
4421
4420
4420
4419
4416
4415
4415
4413
4411
4411
4409
4409
4406
4405
4404
4400
4400
4399
4398
4396
4395
4395
4395
4393
4393
4393
4393
4387
4387
4386
4386
4385
4385
4385
4384
4383
4382
4380
4377
4376
4375
4371
4369
4369
4367
4366
4366
4364
4362
4361
4361
4361
4355
4355
4353
4353
4352
4349
4347
4346
4346
4345
4345
4344
4341
4340
4338
4338
4337
4336
4336
4336
4336
4336
4336
4335
4334
4333
4332
4332
4328
4327
4325
4323
4323
4322
4320
4320
4319
4318
4318
4316
4316
4315
4314
4314
4313
4313
4309
4307
4307
4307
4307
4306
4306
4305
4305
4304
4303
4303
4301
4301
4301
4300
4300
4299
4296
4296
4292
4291
4290
4288
4288
4288
4287
4285
4282
4282
4281
4280
4278
4278
4278
4278
4277
4277
4277
4275
4273
4272
4269
4269
4268
4267
4267
4266
4266
4265
4264
4264
4263
4262
4261
4261
4260
4260
4259
4259
4259
4258
4258
4258
4257
4254
4251
4250
4250
4248
4248
4247
4245
4245
4245
4243
4240
4239
4236
4235
4234
4234
4234
4233
4233
4233
4233
4233
4232
4228
4226
4224
4223
4223
4222
4221
4220
4220
4220
4219
4219
4216
4213
4213
4211
4211
4210
4210
4209
4207
4206
4206
4206
4205
4205
4203
4203
4202
4202
4201
4200
4197
4197
4196
4196
4195
4195
4194
4193
4193
4193
4193
4191
4191
4190
4190
4190
4189
4189
4188
4188
4188
4187
4187
4186
4186
4185
4184
4182
4181
4181
4179
4179
4177
4176
4174
4172
4171
4170
4170
4169
4168
4168
4167
4165
4163
4162
4157
4156
4155
4154
4154
4153
4152
4152
4152
4151
4149
4149
4147
4146
4146
4146
4145
4144
4144
4144
4143
4142
4142
4142
4141
4141
4137
4137
4135
4133
4131
4130
4130
4128
4126
4126
4125
4124
4122
4121
4121
4118
4116
4116
4116
4116
4115
4115
4112
4111
4110
4109
4109
4109
4108
4108
4107
4105
4104
4104
4104
4103
4102
4100
4099
4099
4099
4097
4095
4091
4091
4090
4089
4087
4087
4085
4085
4085
4085
4083
4083
4080
4079
4079
4079
4078
4078
4077
4075
4073
4071
4069
4069
4068
4067
4067
4066
4062
4060
4060
4057
4056
4049
4049
4048
4048
4048
4047
4046
4046
4046
4044
4041
4039
4038
4038
4037
4037
4035
4035
4035
4034
4034
4033
4032
4032
4031
4031
4030
4030
4030
4029
4028
4025
4024
4023
4023
4022
4022
4021
4020
4020
4017
4016
4016
4016
4013
4012
4011
4008
4007
4004
4003
4002
4001
3999
3998
3998
3996
3993
3992
3991
3990
3990
3986
3986
3985
3982
3979
3979
3978
3978
3978
3978
3976
3971
3970
3970
3969
3968
3968
3968
3966
3964
3964
3964
3964
3963
3962
3962
3960
3960
3960
3959
3959
3956
3955
3955
3954
3953
3952
3951
3950
3950
3950
3949
3948
3947
3944
3943
3943
3943
3942
3940
3940
3937
3937
3935
3935
3934
3932
3929
3928
3928
3927
3927
3927
3926
3924
3924
3923
3918
3918
3917
3916
3916
3915
3915
3915
3914
3913
3913
3912
3912
3911
3910
3908
3906
3904
3904
3904
3903
3902
3901
3901
3900
3899
3898
3897
3895
3895
3893
3891
3891
3889
3888
3887
3887
3886
3885
3885
3883
3883
3882
3882
3882
3881
3881
3880
3879
3879
3877
3877
3877
3875
3875
3875
3872
3872
3871
3870
3869
3868
3868
3867
3867
3866
3863
3862
3861
3860
3859
3859
3858
3857
3856
3854
3853
3852
3850
3849
3848
3848
3847
3847
3847
3846
3846
3845
3845
3842
3841
3840
3840
3840
3839
3838
3838
3838
3836
3835
3835
3835
3833
3832
3832
3831
3830
3828
3828
3828
3828
3826
3825
3824
3823
3823
3823
3820
3820
3820
3817
3816
3814
3814
3812
3811
3810
3809
3808
3805
3803
3803
3802
3801
3799
3798
3797
3797
3796
3796
3795
3795
3794
3791
3790
3789
3788
3788
3788
3788
3788
3786
3786
3784
3783
3779
3779
3778
3776
3776
3776
3772
3771
3770
3770
3770
3769
3769
3768
3767
3766
3766
3766
3765
3762
3762
3760
3760
3759
3759
3755
3754
3754
3752
3752
3751
3750
3750
3749
3749
3749
3748
3748
3747
3746
3746
3745
3745
3745
3741
3740
3739
3738
3737
3737
3737
3734
3734
3733
3733
3732
3731
3731
3730
3728
3727
3726
3726
3726
3726
3725
3725
3724
3723
3722
3722
3722
3721
3720
3720
3719
3719
3719
3717
3715
3713
3712
3712
3711
3709
3708
3707
3707
3707
3706
3706
3706
3703
3702
3701
3701
3699
3697
3697
3696
3696
3695
3695
3694
3693
3693
3693
3692
3691
3690
3690
3688
3688
3687
3686
3685
3685
3682
3682
3682
3678
3677
3675
3673
3673
3673
3672
3672
3671
3671
3671
3670
3670
3669
3669
3668
3668
3668
3667
3667
3667
3667
3666
3662
3661
3661
3661
3659
3659
3659
3658
3657
3656
3656
3654
3653
3649
3649
3645
3645
3644
3643
3642
3642
3642
3641
3641
3639
3638
3636
3635
3633
3632
3632
3631
3630
3629
3628
3627
3627
3626
3623
3623
3621
3620
3619
3618
3615
3615
3614
3613
3613
3611
3607
3606
3606
3605
3605
3604
3603
3602
3601
3600
3600
3599
3599
3599
3598
3597
3596
3595
3590
3589
3589
3587
3587
3587
3587
3585
3584
3582
3582
3581
3580
3579
3579
3577
3576
3576
3576
3574
3574
3573
3573
3573
3572
3572
3572
3571
3571
3570
3570
3569
3569
3569
3568
3566
3564
3563
3561
3561
3561
3561
3560
3557
3554
3552
3550
3550
3546
3546
3545
3545
3545
3544
3543
3543
3542
3542
3540
3539
3539
3539
3532
3531
3531
3531
3530
3530
3528
3526
3524
3523
3522
3522
3521
3519
3517
3515
3515
3514
3512
3512
3508
3508
3507
3507
3507
3506
3505
3505
3504
3503
3501
3500
3499
3498
3496
3496
3496
3495
3494
3493
3491
3491
3489
3487
3487
3486
3486
3485
3485
3484
3482
3481
3478
3477
3474
3473
3472
3470
3468
3466
3463
3461
3460
3458
3457
3456
3456
3455
3455
3455
3452
3451
3450
3449
3446
3445
3443
3442
3441
3440
3437
3436
3436
3435
3435
3433
3433
3433
3432
3432
3432
3432
3431
3430
3429
3427
3425
3425
3424
3424
3423
3422
3422
3417
3417
3417
3415
3414
3412
3412
3412
3409
3409
3408
3408
3408
3408
3407
3407
3407
3405
3405
3404
3404
3403
3402
3401
3400
3400
3400
3400
3399
3399
3397
3396
3395
3395
3394
3394
3393
3389
3389
3389
3389
3385
3384
3383
3381
3380
3380
3379
3378
3378
3377
3377
3377
3376
3374
3372
3372
3370
3365
3365
3365
3365
3363
3362
3362
3360
3359
3359
3358
3355
3355
3354
3353
3353
3352
3352
3352
3350
3349
3349
3349
3348
3346
3344
3342
3342
3341
3340
3340
3340
3340
3340
3338
3335
3335
3333
3331
3331
3329
3328
3328
3327
3324
3320
3318
3318
3317
3316
3315
3315
3315
3314
3310
3306
3300
3300
3299
3299
3298
3297
3297
3296
3295
3295
3295
3294
3292
3290
3290
3290
3288
3287
3286
3285
3283
3281
3281
3281
3281
3280
3279
3277
3274
3273
3273
3272
3271
3271
3270
3270
3269
3268
3266
3265
3265
3263
3259
3258
3258
3258
3256
3254
3254
3253
3253
3253
3251
3251
3251
3251
3249
3248
3245
3244
3243
3243
3242
3239
3239
3237
3236
3235
3235
3228
3228
3228
3228
3227
3225
3225
3224
3224
3223
3223
3222
3222
3222
3222
3222
3220
3218
3218
3217
3215
3215
3214
3214
3214
3212
3210
3210
3210
3206
3206
3205
3205
3204
3203
3203
3201
3200
3200
3200
3200
3197
3196
3196
3196
3195
3194
3190
3190
3190
3188
3187
3186
3184
3183
3183
3182
3180
3179
3178
3177
3177
3177
3177
3177
3176
3170
3168
3168
3167
3167
3166
3164
3163
3161
3161
3157
3156
3156
3154
3150
3149
3149
3142
3141
3139
3139
3138
3137
3137
3136
3135
3134
3131
3131
3130
3130
3128
3128
3126
3126
3124
3123
3122
3122
3121
3121
3119
3119
3118
3118
3113
3113
3112
3112
3108
3108
3107
3105
3105
3105
3104
3102
3101
3101
3100
3100
3099
3099
3098
3098
3098
3094
3094
3094
3092
3091
3087
3086
3086
3084
3081
3081
3080
3076
3076
3076
3076
3076
3076
3074
3072
3071
3070
3068
3067
3066
3064
3064
3063
3063
3062
3060
3060
3059
3058
3058
3057
3057
3056
3056
3055
3055
3054
3052
3052
3052
3048
3047
3047
3047
3045
3042
3040
3040
3039
3039
3038
3037
3037
3036
3036
3035
3035
3033
3033
3032
3032
3031
3031
3029
3029
3029
3029
3028
3028
3026
3024
3023
3023
3023
3023
3021
3021
3021
3020
3017
3016
3016
3015
3013
3013
3011
3011
3010
3007
3003
3003
3001
3000
2998
2993
2993
2991
2987
2987
2986
2984
2984
2984
2983
2982
2981
2981
2981
2980
2980
2979
2979
2978
2976
2975
2975
2974
2973
2970
2970
2970
2968
2968
2968
2967
2967
2965
2964
2964
2963
2963
2962
2961
2960
2958
2957
2956
2956
2955
2955
2955
2955
2951
2951
2951
2949
2949
2949
2949
2948
2948
2946
2945
2942
2941
2941
2941
2940
2940
2936
2936
2934
2931
2931
2929
2928
2924
2923
2922
2922
2921
2919
2918
2918
2918
2917
2917
2917
2916
2915
2915
2913
2911
2909
2909
2908
2907
2906
2905
2905
2904
2903
2902
2901
2900
2900
2899
2897
2897
2897
2896
2895
2894
2893
2892
2891
2891
2888
2888
2886
2883
2882
2881
2880
2880
2879
2878
2877
2876
2874
2874
2873
2872
2872
2872
2871
2869
2869
2868
2868
2868
2867
2866
2866
2866
2865
2863
2862
2862
2860
2860
2859
2858
2857
2856
2856
2855
2855
2854
2853
2850
2847
2846
2845
2842
2841
2840
2838
2838
2836
2835
2833
2831
2829
2827
2826
2825
2825
2824
2824
2823
2820
2815
2813
2809
2808
2807
2807
2806
2806
2806
2806
2805
2805
2804
2803
2803
2803
2802
2800
2799
2798
2797
2796
2796
2795
2793
2793
2791
2789
2788
2788
2787
2785
2785
2783
2781
2781
2780
2780
2777
2777
2777
2776
2776
2775
2774
2773
2773
2773
2772
2772
2772
2772
2770
2766
2766
2765
2764
2763
2760
2759
2758
2758
2757
2752
2752
2750
2749
2747
2745
2745
2743
2741
2738
2737
2735
2734
2733
2733
2733
2731
2731
2729
2729
2729
2728
2726
2726
2722
2722
2721
2721
2720
2720
2720
2718
2717
2715
2714
2714
2714
2713
2713
2709
2709
2705
2704
2704
2703
2703
2703
2700
2699
2699
2697
2694
2692
2691
2689
2689
2689
2689
2688
2687
2685
2685
2683
2682
2682
2681
2680
2679
2678
2678
2677
2677
2677
2675
2674
2674
2674
2673
2672
2672
2670
2668
2667
2667
2667
2665
2665
2665
2664
2663
2662
2662
2661
2658
2655
2655
2654
2653
2652
2652
2652
2650
2648
2648
2647
2647
2646
2644
2643
2642
2640
2640
2640
2640
2638
2638
2637
2636
2636
2636
2636
2635
2634
2633
2632
2632
2631
2630
2629
2628
2627
2627
2626
2625
2625
2623
2620
2620
2619
2619
2617
2616
2616
2616
2616
2616
2615
2614
2613
2611
2611
2610
2609
2609
2608
2607
2607
2606
2605
2605
2602
2602
2601
2601
2600
2598
2596
2596
2595
2593
2592
2591
2588
2587
2587
2584
2583
2582
2580
2576
2576
2575
2574
2574
2573
2571
2570
2569
2569
2568
2566
2565
2563
2562
2562
2562
2561
2560
2560
2559
2559
2558
2557
2556
2555
2555
2555
2554
2554
2553
2552
2552
2551
2550
2549
2549
2547
2545
2545
2543
2542
2540
2540
2540
2538
2538
2538
2537
2536
2536
2536
2534
2534
2534
2531
2531
2531
2530
2526
2524
2523
2523
2521
2520
2518
2516
2514
2514
2512
2511
2510
2509
2508
2505
2504
2503
2501
2498
2498
2497
2496
2496
2496
2493
2492
2491
2491
2490
2489
2489
2488
2487
2486
2485
2484
2482
2480
2480
2479
2476
2476
2475
2475
2474
2473
2472
2471
2468
2467
2466
2465
2464
2464
2463
2463
2463
2460
2459
2458
2456
2456
2454
2454
2450
2450
2450
2448
2447
2447
2444
2442
2442
2438
2438
2437
2436
2436
2434
2433
2432
2430
2427
2427
2427
2426
2426
2424
2424
2422
2421
2421
2420
2418
2417
2413
2411
2411
2410
2409
2408
2408
2408
2407
2407
2405
2404
2404
2402
2401
2398
2398
2397
2397
2396
2396
2394
2394
2394
2393
2392
2391
2390
2390
2390
2389
2389
2387
2387
2385
2383
2382
2382
2382
2381
2381
2380
2377
2374
2374
2372
2372
2370
2370
2369
2369
2368
2368
2364
2363
2362
2360
2359
2358
2356
2356
2355
2354
2352
2352
2351
2350
2350
2349
2348
2347
2345
2345
2343
2340
2336
2334
2333
2332
2332
2328
2327
2327
2327
2326
2326
2325
2323
2322
2321
2321
2321
2321
2318
2318
2315
2315
2313
2313
2312
2311
2309
2308
2307
2307
2305
2304
2300
2300
2300
2300
2298
2298
2298
2297
2296
2296
2295
2295
2294
2294
2293
2292
2290
2290
2289
2288
2284
2284
2282
2280
2280
2279
2277
2277
2276
2276
2272
2272
2271
2269
2269
2267
2267
2265
2264
2264
2263
2262
2261
2261
2260
2260
2258
2256
2256
2255
2255
2255
2254
2253
2249
2246
2244
2243
2243
2240
2239
2236
2235
2234
2234
2229
2229
2227
2225
2225
2224
2223
2220
2220
2220
2219
2218
2218
2216
2214
2213
2212
2211
2211
2211
2209
2207
2206
2205
2205
2205
2204
2203
2200
2197
2197
2195
2193
2192
2185
2185
2185
2184
2184
2184
2182
2181
2181
2181
2180
2179
2178
2176
2176
2175
2173
2172
2172
2171
2171
2170
2169
2169
2169
2169
2167
2166
2165
2165
2163
2162
2161
2161
2160
2160
2157
2156
2153
2153
2153
2153
2152
2151
2150
2149
2149
2149
2148
2148
2147
2144
2142
2140
2140
2139
2136
2135
2135
2134
2132
2131
2130
2130
2127
2127
2126
2125
2123
2122
2120
2119
2117
2117
2117
2114
2113
2113
2113
2111
2109
2107
2106
2106
2104
2103
2101
2101
2100
2099
2097
2096
2096
2096
2095
2094
2094
2092
2091
2091
2090
2088
2087
2087
2086
2086
2085
2084
2084
2083
2081
2081
2081
2079
2075
2075
2074
2074
2071
2070
2068
2067
2065
2065
2063
2062
2061
2061
2061
2057
2056
2056
2056
2055
2054
2053
2052
2050
2049
2046
2045
2045
2045
2044
2042
2042
2041
2041
2040
2037
2035
2035
2035
2031
2031
2028
2028
2028
2026
2026
2026
2025
2022
2021
2019
2017
2017
2016
2016
2016
2014
2014
2013
2013
2012
2007
2007
2005
2005
2003
2003
2002
2002
2000
2000
1999
1998
1998
1997
1997
1996
1992
1988
1987
1987
1985
1984
1983
1982
1982
1981
1980
1980
1978
1977
1976
1976
1976
1975
1974
1974
1973
1973
1972
1971
1969
1969
1969
1967
1966
1966
1965
1965
1965
1964
1963
1961
1961
1961
1959
1956
1954
1954
1951
1950
1949
1948
1946
1946
1945
1944
1944
1943
1943
1942
1942
1941
1940
1939
1937
1936
1935
1932
1930
1927
1927
1926
1925
1924
1924
1922
1920
1919
1917
1916
1915
1915
1914
1914
1914
1912
1911
1910
1906
1905
1902
1901
1901
1901
1900
1899
1898
1898
1897
1895
1891
1891
1890
1889
1888
1888
1887
1886
1886
1885
1881
1878
1877
1876
1876
1875
1875
1875
1874
1873
1871
1870
1869
1868
1867
1867
1867
1865
1864
1860
1859
1858
1858
1857
1857
1857
1855
1852
1850
1850
1849
1848
1847
1847
1844
1844
1843
1843
1842
1841
1839
1838
1837
1837
1834
1834
1834
1834
1832
1832
1832
1828
1828
1827
1825
1824
1824
1823
1822
1820
1820
1817
1816
1814
1811
1811
1808
1806
1805
1805
1805
1802
1802
1800
1799
1798
1798
1798
1797
1796
1796
1795
1792
1791
1790
1790
1790
1788
1788
1785
1785
1783
1783
1782
1782
1781
1780
1779
1779
1779
1778
1778
1778
1777
1777
1776
1775
1774
1774
1771
1770
1769
1769
1767
1766
1764
1764
1763
1763
1761
1761
1759
1757
1754
1753
1751
1749
1747
1747
1746
1745
1745
1744
1743
1742
1741
1739
1738
1738
1735
1735
1734
1732
1731
1729
1729
1726
1725
1725
1724
1721
1717
1716
1713
1711
1710
1709
1706
1706
1705
1705
1705
1705
1705
1704
1704
1703
1703
1701
1701
1699
1699
1698
1698
1695
1693
1689
1687
1687
1686
1684
1683
1683
1682
1677
1677
1676
1674
1673
1673
1672
1671
1671
1669
1666
1665
1661
1661
1660
1658
1658
1657
1656
1656
1656
1655
1655
1653
1652
1650
1650
1648
1647
1644
1643
1643
1643
1643
1642
1642
1642
1637
1636
1636
1634
1634
1634
1632
1631
1629
1629
1628
1627
1627
1627
1625
1625
1624
1623
1622
1622
1620
1620
1620
1619
1619
1617
1609
1608
1608
1608
1606
1604
1604
1603
1602
1601
1598
1597
1596
1596
1594
1594
1594
1592
1591
1590
1590
1590
1587
1587
1586
1586
1582
1582
1580
1580
1580
1578
1578
1578
1576
1575
1575
1574
1574
1574
1574
1573
1573
1573
1570
1568
1567
1567
1566
1564
1564
1563
1562
1561
1560
1559
1558
1558
1558
1556
1552
1551
1548
1548
1547
1547
1546
1546
1545
1545
1543
1540
1539
1538
1538
1538
1537
1536
1536
1535
1534
1530
1529
1528
1528
1527
1526
1525
1524
1524
1523
1522
1522
1521
1521
1520
1520
1519
1519
1518
1517
1515
1513
1512
1512
1511
1510
1510
1509
1506
1506
1505
1503
1501
1501
1500
1498
1498
1496
1496
1495
1495
1494
1493
1493
1492
1492
1490
1490
1489
1488
1487
1487
1487
1487
1486
1486
1486
1484
1484
1484
1483
1482
1482
1479
1478
1476
1475
1475
1474
1472
1472
1472
1471
1470
1469
1468
1467
1467
1467
1467
1467
1466
1466
1465
1464
1463
1463
1463
1458
1457
1457
1456
1454
1454
1453
1451
1450
1449
1446
1441
1441
1440
1437
1436
1436
1435
1434
1434
1433
1432
1432
1432
1431
1430
1429
1426
1426
1426
1425
1424
1419
1419
1419
1418
1418
1418
1418
1417
1416
1415
1414
1414
1414
1411
1411
1409
1408
1408
1407
1407
1407
1406
1406
1405
1403
1402
1402
1400
1399
1399
1396
1395
1394
1393
1393
1391
1390
1390
1388
1388
1386
1386
1386
1381
1381
1379
1377
1377
1373
1373
1372
1372
1372
1369
1368
1368
1368
1368
1368
1367
1366
1366
1364
1363
1363
1363
1363
1362
1362
1361
1359
1358
1357
1357
1357
1356
1355
1355
1354
1353
1352
1350
1349
1348
1346
1346
1346
1345
1345
1345
1345
1344
1340
1340
1339
1338
1338
1337
1337
1336
1334
1334
1333
1332
1331
1330
1329
1328
1328
1328
1328
1327
1327
1326
1325
1324
1321
1320
1319
1319
1319
1318
1318
1318
1316
1313
1312
1310
1310
1310
1309
1308
1308
1304
1303
1303
1301
1301
1298
1298
1298
1297
1297
1296
1296
1295
1293
1293
1292
1291
1290
1290
1289
1287
1286
1286
1285
1284
1283
1283
1280
1280
1278
1277
1277
1274
1273
1271
1271
1270
1270
1270
1268
1265
1263
1263
1263
1262
1262
1262
1261
1260
1259
1257
1257
1256
1255
1254
1253
1250
1249
1248
1247
1245
1243
1240
1239
1237
1237
1236
1236
1235
1231
1231
1227
1226
1226
1226
1223
1221
1221
1221
1221
1220
1219
1219
1215
1214
1214
1212
1212
1211
1211
1210
1210
1209
1209
1207
1207
1205
1205
1205
1204
1204
1204
1202
1202
1201
1199
1198
1198
1196
1195
1195
1194
1190
1187
1187
1185
1184
1184
1184
1183
1183
1182
1180
1180
1179
1178
1178
1177
1173
1173
1171
1171
1170
1167
1165
1165
1165
1164
1163
1162
1162
1162
1161
1160
1158
1158
1157
1155
1155
1155
1154
1152
1152
1151
1151
1150
1148
1148
1148
1147
1147
1146
1146
1146
1145
1145
1144
1142
1141
1140
1139
1138
1136
1136
1135
1134
1132
1130
1127
1127
1126
1124
1123
1122
1122
1121
1119
1117
1115
1115
1115
1114
1112
1111
1111
1111
1110
1108
1108
1107
1105
1103
1103
1101
1100
1100
1100
1099
1098
1098
1097
1095
1095
1094
1094
1093
1093
1091
1090
1089
1089
1089
1088
1085
1083
1079
1079
1078
1076
1075
1075
1074
1073
1073
1073
1070
1068
1066
1066
1063
1060
1059
1058
1057
1055
1055
1055
1051
1051
1049
1049
1047
1047
1046
1045
1044
1041
1039
1037
1035
1035
1035
1034
1032
1031
1031
1030
1027
1026
1023
1023
1021
1020
1019
1018
1018
1018
1016
1015
1012
1011
1011
1011
1011
1010
1009
1009
1009
1008
1007
1007
1007
1006
1005
1002
1001
1001
998
997
995
995
993
992
991
990
989
989
989
989
989
987
987
986
985
985
985
984
983
981
979
979
977
977
977
976
976
974
973
973
971
971
971
969
964
964
963
962
962
962
961
958
957
957
957
957
955
955
955
954
953
953
951
948
948
945
945
943
941
939
939
938
938
937
937
936
936
935
933
933
933
933
931
931
929
928
928
928
926
923
923
923
922
922
922
920
917
917
917
915
914
913
912
912
909
907
906
906
906
905
902
902
902
897
897
894
891
890
890
888
887
886
886
885
882
881
880
880
879
878
878
878
878
877
877
876
876
876
875
874
872
870
870
870
868
868
868
868
867
867
865
864
863
862
861
861
860
859
858
857
857
856
856
855
854
854
854
854
854
853
852
851
848
846
846
846
845
843
841
840
837
837
837
836
833
833
833
829
829
828
828
827
825
823
822
821
818
818
816
816
814
814
813
811
808
807
806
805
805
804
803
802
801
801
800
800
799
797
794
793
792
791
791
791
789
789
786
784
781
781
780
780
778
775
772
772
771
770
768
768
768
766
766
764
763
762
762
760
760
759
759
757
756
755
754
753
753
752
751
750
750
749
748
748
747
746
744
744
744
742
741
740
740
740
739
738
737
735
735
733
733
733
732
731
730
730
730
729
727
726
725
724
723
723
722
722
719
719
717
717
716
715
715
715
715
708
707
707
707
706
705
704
704
703
702
700
699
698
697
697
696
696
693
693
692
692
691
691
691
691
690
690
689
689
688
688
687
687
686
685
685
684
682
681
681
680
677
677
676
676
675
675
673
673
671
671
671
671
669
668
668
667
664
664
661
660
660
660
658
658
655
655
654
654
653
653
652
651
650
650
650
650
649
648
647
645
643
642
641
638
636
636
635
634
634
633
632
632
632
627
627
626
625
624
623
622
621
621
620
619
619
617
616
614
614
613
611
610
609
609
608
607
606
604
604
604
603
602
601
600
600
600
599
599
599
598
598
597
596
594
592
590
590
588
587
586
586
583
583
582
582
580
575
574
573
573
572
571
568
567
565
565
562
562
560
559
558
558
555
551
551
551
550
549
547
545
545
544
542
542
540
539
539
538
537
537
536
536
534
531
530
529
529
528
528
527
525
525
524
523
523
523
523
521
517
515
513
513
513
508
507
506
505
502
501
500
500
500
500
499
497
496
496
496
495
494
494
494
492
492
491
491
490
490
489
489
488
485
485
485
484
484
482
482
481
479
477
476
476
476
472
472
470
470
470
470
466
466
463
460
460
459
459
456
453
451
450
450
448
447
447
446
446
445
443
441
441
440
440
440
440
438
434
432
431
431
431
430
429
429
428
426
425
425
422
422
422
421
421
421
420
420
419
418
418
417
417
415
415
414
409
408
407
407
406
405
405
402
402
401
401
400
399
398
398
397
397
397
395
395
394
392
391
390
390
385
383
382
382
382
381
380
379
377
376
376
374
373
372
371
371
371
370
368
368
367
366
365
363
362
362
361
359
358
357
357
356
356
355
355
354
354
352
352
352
351
350
348
347
347
345
345
344
341
340
339
338
338
337
336
334
333
333
332
331
330
330
329
327
323
321
320
319
318
318
316
316
315
314
313
313
312
311
311
310
309
308
308
307
306
305
305
305
304
303
303
302
301
300
300
298
297
296
295
295
294
294
294
293
290
290
289
288
288
286
286
285
282
281
280
279
279
278
277
275
275
274
274
271
270
268
266
264
263
263
262
262
260
259
259
258
258
255
255
254
254
254
254
254
252
252
252
251
250
249
248
247
246
244
242
242
242
240
239
239
238
237
236
235
235
235
235
234
234
233
233
230
229
227
226
225
224
224
223
222
222
219
218
218
215
214
214
213
211
211
209
209
209
208
207
206
206
206
204
203
202
202
200
200
199
199
198
197
197
197
196
195
195
195
194
194
192
192
191
191
191
190
190
189
189
189
189
186
186
185
184
184
178
178
177
174
171
171
170
168
167
166
164
163
163
162
161
160
159
158
158
157
157
156
156
155
155
154
152
150
150
149
149
149
149
147
145
145
144
144
143
140
139
137
137
137
136
135
134
133
130
127
125
124
122
121
117
114
114
114
113
113
112
109
109
106
105
104
104
102
101
96
95
93
92
91
90
88
88
88
88
87
87
87
87
87
86
85
85
82
82
80
77
75
72
72
72
68
67
66
66
65
65
64
63
63
63
60
59
58
57
55
55
55
53
52
52
52
50
49
45
44
44
43
42
41
40
38
37
35
31
31
28
28
27
26
26
23
21
21
20
20
20
20
18
18
16
16
13
13
10
8
5
5
3
1
