9999
9998
9993
9992
9991
9991
9990
9987
9985
9985
9984
9984
9984
9983
9983
9983
9982
9980
9978
9978
9978
9977
9976
9976
9976
9975
9975
9974
9972
9969
9968
9968
9967
9966
9965
9965
9965
9964
9963
9963
9960
9960
9959
9958
9958
9956
9955
9954
9954
9953
9952
9952
9952
9952
9949
9948
9947
9946
9946
9945
9943
9940
9940
9937
9934
9933
9933
9933
9932
9932
9932
9932
9931
9930
9930
9930
9929
9929
9927
9924
9923
9922
9922
9921
9921
9921
9920
9920
9919
9919
9918
9916
9911
9910
9907
9907
9906
9906
9905
9903
9902
9902
9901
9901
9899
9899
9898
9898
9898
9897
9896
9896
9890
9889
9889
9888
9887
9886
9885
9885
9884
9882
9881
9880
9877
9877
9876
9876
9876
9875
9875
9874
9874
9872
9872
9872
9871
9871
9869
9868
9866
9861
9861
9860
9858
9856
9852
9851
9851
9851
9850
9850
9848
9848
9848
9846
9846
9843
9842
9842
9841
9840
9839
9837
9836
9836
9835
9835
9835
9834
9833
9832
9831
9829
9827
9827
9827
9826
9823
9821
9821
9817
9817
9816
9815
9814
9814
9813
9812
9811
9811
9811
9810
9809
9809
9808
9808
9807
9805
9804
9802
9801
9800
9799
9798
9795
9793
9793
9791
9790
9789
9787
9784
9784
9783
9783
9782
9779
9777
9777
9776
9774
9774
9774
9770
9769
9769
9765
9765
9763
9761
9760
9760
9760
9760
9760
9758
9758
9758
9757
9757
9755
9753
9753
9753
9751
9751
9751
9750
9750
9749
9746
9745
9744
9743
9742
9742
9741
9737
9737
9736
9735
9735
9732
9730
9730
9727
9726
9725
9724
9723
9723
9722
9722
9722
9721
9720
9719
9718
9717
9715
9715
9714
9713
9713
9712
9712
9708
9708
9704
9703
9702
9702
9702
9699
9698
9693
9692
9692
9691
9691
9690
9688
9688
9687
9686
9685
9683
9683
9679
9679
9678
9678
9677
9677
9675
9674
9672
9668
9668
9667
9667
9667
9667
9666
9665
9664
9663
9663
9660
9660
9655
9654
9653
9652
9652
9651
9651
9651
9650
9650
9648
9646
9645
9644
9644
9643
9642
9640
9640
9640
9640
9639
9638
9638
9638
9637
9636
9636
9636
9634
9634
9633
9633
9632
9632
9631
9630
9630
9628
9626
9626
9623
9623
9623
9623
9620
9619
9619
9617
9613
9610
9609
9608
9607
9604
9603
9603
9602
9601
9599
9599
9599
9599
9598
9597
9596
9595
9591
9591
9590
9589
9587
9585
9584
9584
9583
9582
9581
9581
9581
9580
9579
9576
9574
9574
9573
9572
9571
9570
9569
9568
9567
9567
9567
9567
9565
9565
9564
9562
9562
9562
9561
9561
9560
9560
9559
9559
9559
9558
9557
9557
9556
9555
9555
9554
9553
9553
9552
9551
9551
9551
9549
9547
9547
9546
9543
9542
9542
9542
9538
9535
9534
9534
9534
9533
9532
9531
9528
9526
9525
9525
9525
9524
9523
9522
9521
9517
9517
9515
9515
9514
9514
9513
9513
9512
9511
9507
9506
9505
9504
9502
9502
9502
9501
9499
9499
9499
9499
9497
9497
9497
9494
9494
9491
9490
9489
9486
9486
9486
9485
9484
9484
9483
9483
9482
9482
9481
9481
9481
9480
9480
9478
9478
9477
9477
9476
9476
9475
9475
9473
9472
9472
9471
9470
9470
9467
9467
9467
9466
9466
9465
9465
9465
9464
9463
9463
9462
9461
9461
9460
9459
9459
9458
9457
9456
9454
9454
9452
9451
9451
9451
9450
9450
9450
9449
9449
9449
9448
9448
9447
9447
9446
9445
9445
9443
9443
9441
9440
9440
9440
9440
9440
9437
9437
9436
9434
9434
9432
9432
9431
9431
9430
9429
9429
9428
9427
9426
9425
9425
9423
9423
9423
9422
9421
9419
9419
9419
9418
9418
9418
9416
9415
9415
9414
9413
9412
9412
9410
9410
9409
9409
9409
9403
9402
9402
9402
9401
9401
9397
9397
9397
9395
9392
9392
9391
9391
9390
9389
9388
9387
9387
9386
9386
9384
9383
9383
9382
9381
9381
9380
9379
9377
9377
9377
9375
9374
9374
9373
9372
9371
9370
9367
9367
9367
9366
9365
9365
9364
9363
9363
9361
9361
9360
9359
9358
9358
9357
9354
9354
9354
9353
9353
9353
9352
9352
9351
9351
9351
9350
9350
9350
9349
9348
9347
9346
9346
9345
9342
9341
9340
9338
9338
9336
9335
9334
9331
9330
9327
9327
9327
9327
9326
9324
9324
9322
9322
9321
9321
9321
9321
9321
9317
9316
9316
9315
9315
9314
9312
9312
9310
9309
9309
9308
9308
9307
9307
9305
9304
9303
9303
9302
9302
9301
9300
9300
9299
9299
9298
9294
9294
9294
9292
9292
9291
9290
9289
9289
9289
9288
9287
9287
9287
9284
9283
9282
9281
9281
9279
9278
9278
9275
9275
9273
9273
9272
9271
9269
9268
9267
9266
9264
9263
9262
9261
9259
9259
9258
9256
9256
9255
9254
9254
9250
9249
9246
9246
9246
9242
9241
9239
9239
9239
9238
9237
9236
9232
9231
9231
9231
9230
9229
9229
9225
9224
9221
9219
9217
9217
9216
9216
9216
9216
9215
9213
9213
9211
9211
9210
9205
9204
9204
9204
9201
9198
9197
9195
9194
9193
9192
9190
9188
9188
9184
9184
9183
9182
9178
9177
9177
9176
9174
9174
9172
9171
9170
9170
9170
9170
9169
9168
9167
9167
9166
9159
9158
9156
9154
9154
9154
9153
9152
9152
9150
9149
9149
9149
9145
9142
9142
9141
9139
9136
9136
9135
9135
9134
9133
9132
9132
9132
9130
9130
9126
9126
9125
9124
9122
9122
9121
9117
9114
9113
9112
9112
9111
9111
9111
9109
9108
9108
9107
9107
9104
9102
9101
9100
9099
9099
9097
9095
9093
9091
9090
9087
9087
9087
9086
9086
9086
9086
9085
9084
9084
9083
9081
9080
9078
9076
9075
9074
9072
9072
9071
9069
9069
9068
9068
9067
9067
9066
9064
9060
9060
9059
9057
9056
9055
9055
9054
9053
9053
9052
9049
9047
9046
9043
9043
9042
9036
9036
9035
9034
9033
9032
9031
9031
9029
9028
9027
9024
9024
9023
9019
9019
9018
9017
9016
9014
9010
9010
9009
9009
9009
9007
9005
9003
9002
9001
9001
9001
8998
8997
8997
8996
8995
8994
8993
8993
8992
8989
8987
8986
8986
8984
8983
8983
8982
8982
8982
8980
8978
8978
8978
8977
8977
8977
8976
8976
8976
8974
8974
8974
8971
8970
8969
8969
8966
8965
8965
8964
8963
8963
8961
8960
8959
8959
8954
8954
8953
8950
8950
8949
8949
8946
8944
8944
8943
8942
8942
8939
8937
8936
8935
8935
8935
8934
8933
8932
8932
8932
8929
8929
8929
8927
8927
8926
8925
8925
8924
8923
8921
8918
8918
8918
8916
8914
8913
8912
8912
8910
8907
8907
8907
8906
8904
8900
8900
8899
8898
8898
8897
8897
8893
8893
8893
8893
8892
8892
8890
8888
8887
8886
8886
8885
8885
8884
8882
8882
8881
8881
8877
8877
8876
8876
8875
8874
8874
8871
8869
8868
8868
8867
8865
8865
8864
8863
8862
8861
8861
8858
8857
8855
8854
8854
8849
8848
8847
8847
8847
8845
8843
8842
8842
8842
8840
8836
8834
8833
8833
8832
8832
8830
8829
8828
8827
8826
8826
8825
8824
8824
8824
8823
8822
8820
8819
8817
8816
8816
8814
8812
8812
8811
8811
8810
8810
8810
8807
8806
8801
8801
8801
8800
8800
8799
8799
8798
8797
8796
8795
8794
8794
8794
8793
8792
8792
8791
8791
8789
8789
8783
8781
8781
8779
8777
8775
8774
8772
8772
8771
8766
8764
8764
8763
8762
8761
8760
8760
8759
8755
8755
8754
8753
8748
8748
8747
8747
8744
8743
8742
8742
8740
8739
8737
8737
8737
8734
8734
8733
8730
8730
8730
8730
8728
8728
8728
8727
8724
8722
8722
8721
8720
8720
8719
8719
8718
8717
8715
8714
8713
8713
8712
8707
8707
8707
8704
8704
8704
8704
8703
8701
8699
8698
8697
8696
8695
8694
8693
8693
8692
8691
8691
8691
8691
8690
8688
8687
8686
8686
8684
8684
8682
8680
8680
8680
8679
8679
8678
8678
8677
8676
8676
8675
8672
8671
8671
8671
8670
8669
8667
8667
8667
8666
8665
8663
8660
8659
8659
8653
8651
8650
8650
8650
8649
8649
8648
8648
8645
8644
8644
8643
8643
8640
8637
8634
8634
8632
8632
8631
8631
8630
8629
8625
8621
8618
8616
8615
8614
8611
8610
8608
8606
8604
8602
8602
8601
8599
8596
8595
8593
8591
8588
8588
8586
8585
8580
8573
8571
8570
8567
8566
8565
8564
8563
8563
8562
8562
8562
8559
8559
8558
8556
8554
8553
8551
8550
8550
8549
8549
8548
8548
8548
8548
8547
8547
8546
8546
8546
8544
8542
8539
8539
8535
8534
8533
8532
8531
8529
8528
8526
8526
8525
8524
8523
8522
8522
8522
8521
8521
8521
8520
8519
8518
8517
8513
8512
8512
8511
8511
8510
8509
8509
8509
8509
8508
8507
8506
8506
8504
8503
8500
8500
8499
8497
8496
8496
8495
8493
8492
8492
8491
8488
8487
8487
8486
8484
8483
8483
8483
8481
8479
8478
8478
8478
8477
8475
8473
8473
8473
8472
8470
8469
8469
8467
8467
8465
8464
8464
8464
8463
8462
8460
8460
8459
8459
8459
8458
8456
8455
8454
8452
8451
8449
8447
8446
8445
8444
8444
8443
8443
8443
8442
8442
8442
8442
8441
8439
8438
8437
8435
8433
8431
8431
8431
8431
8429
8428
8426
8425
8425
8425
8424
8423
8423
8422
8422
8422
8421
8419
8419
8417
8417
8416
8416
8415
8415
8412
8412
8410
8408
8407
8407
8406
8406
8403
8403
8402
8402
8401
8401
8398
8397
8396
8394
8392
8391
8390
8388
8387
8386
8386
8385
8384
8383
8382
8381
8381
8379
8379
8379
8376
8376
8375
8374
8374
8374
8372
8371
8371
8370
8370
8370
8368
8365
8364
8364
8362
8360
8359
8358
8356
8356
8355
8354
8352
8352
8349
8349
8349
8349
8348
8347
8347
8345
8344
8342
8340
8340
8336
8336
8336
8335
8334
8334
8334
8334
8333
8333
8333
8331
8331
8328
8328
8328
8328
8326
8326
8326
8326
8324
8323
8322
8322
8322
8322
8321
8318
8317
8317
8315
8314
8314
8314
8312
8312
8311
8311
8310
8309
8309
8308
8306
8306
8305
8304
8303
8303
8302
8302
8302
8300
8300
8300
8299
8296
8296
8292
8290
8289
8288
8288
8287
8286
8286
8286
8282
8282
8282
8281
8281
8280
8278
8273
8269
8269
8268
8268
8265
8264
8264
8264
8263
8262
8259
8257
8255
8255
8254
8254
8253
8252
8252
8249
8248
8248
8247
8244
8244
8243
8243
8243
8242
8242
8242
8241
8240
8239
8239
8238
8238
8238
8237
8237
8236
8233
8232
8231
8230
8230
8227
8227
8223
8222
8222
8222
8218
8217
8217
8217
8216
8214
8213
8212
8212
8212
8212
8211
8211
8209
8209
8208
8205
8204
8203
8202
8201
8201
8198
8198
8197
8197
8196
8196
8196
8196
8194
8192
8192
8191
8191
8189
8189
8189
8188
8187
8186
8184
8184
8183
8183
8182
8182
8182
8181
8181
8180
8177
8177
8177
8175
8175
8174
8174
8173
8171
8171
8170
8168
8166
8165
8165
8164
8162
8162
8161
8161
8160
8159
8156
8152
8150
8150
8149
8148
8146
8146
8144
8144
8143
8142
8141
8141
8141
8141
8140
8139
8139
8139
8138
8138
8137
8136
8135
8135
8134
8133
8131
8131
8130
8129
8128
8127
8127
8126
8126
8126
8125
8125
8123
8121
8121
8120
8120
8118
8117
8116
8115
8115
8113
8112
8112
8111
8111
8111
8110
8110
8107
8107
8107
8106
8106
8105
8104
8103
8102
8102
8102
8101
8101
8099
8095
8094
8093
8091
8090
8090
8089
8088
8086
8085
8084
8081
8080
8080
8080
8079
8079
8078
8078
8076
8074
8073
8072
8071
8071
8070
8069
8069
8068
8068
8067
8067
8067
8066
8065
8064
8064
8063
8063
8063
8062
8062
8061
8060
8059
8058
8057
8056
8056
8056
8056
8055
8054
8053
8052
8052
8052
8051
8048
8048
8045
8044
8041
8041
8036
8035
8034
8032
8026
8022
8022
8022
8021
8020
8020
8020
8017
8017
8017
8016
8016
8015
8013
8013
8012
8011
8011
8011
8010
8010
8010
8009
8009
8009
8009
8009
8008
8008
8006
8005
8004
8003
8002
8001
8000
7994
7993
7992
7991
7991
7990
7990
7987
7984
7983
7982
7980
7980
7979
7979
7979
7979
7978
7978
7976
7976
7975
7975
7974
7973
7973
7972
7967
7966
7965
7964
7963
7959
7959
7958
7957
7957
7955
7954
7954
7954
7952
7952
7950
7950
7949
7949
7948
7948
7945
7942
7939
7939
7939
7939
7937
7937
7936
7933
7931
7931
7930
7930
7929
7929
7928
7927
7926
7926
7925
7925
7925
7921
7920
7920
7920
7919
7917
7917
7915
7914
7913
7913
7912
7911
7910
7910
7910
7909
7906
7904
7903
7900
7900
7899
7899
7897
7896
7894
7894
7894
7894
7893
7893
7893
7893
7892
7892
7892
7889
7889
7887
7886
7886
7885
7885
7885
7885
7884
7881
7881
7880
7879
7879
7878
7877
7875
7874
7872
7872
7872
7871
7870
7870
7870
7870
7869
7868
7865
7865
7864
7864
7861
7861
7860
7857
7857
7856
7856
7856
7854
7854
7850
7849
7848
7847
7847
7847
7847
7845
7844
7844
7844
7843
7843
7843
7841
7840
7839
7837
7836
7835
7832
7831
7830
7829
7829
7827
7827
7826
7825
7824
7823
7822
7821
7817
7816
7814
7814
7814
7813
7809
7805
7804
7801
7800
7800
7799
7799
7799
7797
7796
7793
7792
7791
7791
7790
7789
7788
7788
7788
7788
7787
7787
7786
7785
7784
7783
7780
7779
7779
7777
7777
7777
7776
7775
7774
7774
7773
7771
7770
7767
7767
7766
7766
7766
7765
7764
7763
7762
7761
7761
7760
7759
7759
7757
7755
7754
7754
7753
7751
7751
7750
7749
7749
7749
7748
7747
7747
7746
7744
7744
7740
7738
7736
7735
7735
7735
7735
7734
7734
7732
7731
7731
7728
7727
7727
7727
7726
7725
7724
7720
7720
7719
7719
7719
7718
7716
7715
7714
7712
7712
7711
7710
7709
7709
7708
7708
7705
7704
7703
7701
7701
7701
7701
7700
7700
7699
7698
7695
7694
7694
7694
7694
7693
7692
7689
7689
7689
7688
7688
7688
7687
7686
7685
7685
7684
7684
7680
7680
7680
7679
7679
7678
7678
7677
7677
7676
7675
7675
7675
7674
7672
7670
7670
7668
7668
7667
7666
7664
7663
7663
7663
7662
7660
7660
7657
7650
7650
7649
7649
7648
7648
7648
7647
7647
7646
7644
7643
7643
7642
7640
7640
7638
7636
7636
7636
7634
7633
7633
7631
7630
7630
7629
7628
7628
7628
7628
7626
7623
7623
7621
7619
7618
7617
7616
7616
7615
7614
7614
7613
7611
7611
7610
7610
7609
7609
7608
7603
7602
7602
7599
7597
7597
7592
7592
7590
7589
7589
7587
7586
7586
7585
7583
7581
7581
7581
7581
7579
7579
7579
7579
7578
7578
7578
7577
7576
7573
7573
7572
7571
7569
7568
7567
7566
7565
7564
7564
7559
7556
7555
7555
7555
7553
7552
7552
7551
7551
7551
7549
7548
7547
7545
7542
7542
7541
7539
7539
7533
7532
7531
7528
7526
7526
7524
7523
7522
7517
7516
7516
7516
7514
7511
7508
7508
7507
7507
7505
7504
7503
7501
7501
7498
7496
7494
7493
7492
7492
7490
7487
7485
7485
7484
7483
7483
7482
7482
7480
7479
7479
7477
7476
7475
7475
7474
7474
7474
7473
7472
7470
7470
7470
7469
7469
7467
7466
7466
7466
7465
7465
7464
7464
7463
7463
7461
7460
7460
7459
7459
7459
7458
7457
7457
7456
7456
7455
7453
7453
7452
7452
7452
7451
7450
7449
7448
7448
7446
7445
7445
7444
7443
7443
7442
7437
7437
7435
7435
7433
7433
7432
7432
7431
7430
7427
7426
7424
7423
7422
7422
7420
7420
7420
7419
7418
7418
7417
7416
7415
7415
7414
7413
7412
7412
7410
7406
7406
7404
7404
7403
7401
7399
7399
7397
7397
7396
7395
7393
7391
7390
7390
7389
7389
7389
7388
7387
7387
7387
7386
7384
7382
7381
7381
7379
7379
7379
7379
7378
7377
7377
7377
7376
7372
7372
7372
7371
7371
7370
7368
7365
7365
7365
7364
7363
7363
7363
7363
7361
7361
7360
7360
7358
7357
7356
7356
7356
7355
7354
7352
7350
7349
7349
7349
7348
7347
7346
7346
7346
7345
7344
7342
7341
7341
7340
7339
7339
7338
7338
7337
7337
7336
7336
7334
7334
7333
7333
7332
7332
7331
7331
7329
7329
7328
7327
7327
7326
7325
7325
7323
7323
7322
7321
7321
7321
7320
7317
7317
7316
7314
7313
7312
7310
7308
7307
7307
7305
7303
7301
7300
7297
7297
7295
7295
7295
7295
7293
7293
7292
7292
7292
7291
7290
7289
7289
7288
7285
7285
7285
7280
7278
7278
7277
7277
7276
7275
7275
7274
7272
7272
7270
7269
7269
7268
7267
7265
7264
7264
7262
7259
7259
7257
7256
7256
7255
7254
7252
7250
7249
7248
7246
7246
7244
7243
7242
7238
7234
7234
7234
7234
7232
7232
7231
7231
7230
7229
7229
7229
7228
7227
7227
7225
7224
7224
7224
7222
7219
7218
7216
7216
7216
7215
7214
7214
7213
7213
7212
7211
7211
7210
7209
7208
7208
7208
7207
7207
7206
7205
7204
7202
7200
7200
7199
7199
7198
7197
7196
7196
7195
7194
7191
7189
7189
7182
7182
7181
7179
7179
7178
7175
7174
7173
7172
7171
7170
7168
7167
7166
7165
7162
7160
7159
7159
7159
7158
7158
7158
7155
7154
7153
7153
7152
7151
7151
7151
7151
7150
7150
7150
7150
7148
7145
7145
7144
7144
7144
7142
7141
7141
7140
7140
7140
7139
7138
7138
7138
7137
7136
7136
7136
7134
7134
7133
7133
7132
7132
7132
7130
7128
7128
7124
7123
7122
7122
7122
7121
7121
7120
7120
7116
7113
7113
7112
7110
7109
7109
7106
7103
7101
7100
7098
7098
7098
7098
7096
7096
7094
7094
7093
7093
7092
7092
7091
7090
7090
7089
7088
7087
7085
7085
7085
7084
7083
7082
7081
7080
7080
7079
7079
7079
7078
7077
7075
7074
7074
7074
7074
7073
7073
7069
7069
7068
7067
7066
7063
7062
7062
7061
7061
7059
7059
7058
7057
7057
7056
7056
7055
7055
7054
7050
7050
7049
7049
7049
7049
7048
7048
7047
7047
7047
7045
7045
7044
7044
7043
7041
7040
7039
7037
7037
7037
7037
7036
7036
7035
7035
7035
7035
7034
7032
7032
7030
7028
7026
7025
7024
7023
7023
7018
7018
7015
7015
7014
7013
7010
7010
7009
7008
7008
7008
7007
7006
7005
7004
7001
7000
7000
7000
7000
6998
6998
6997
6997
6997
6994
6992
6992
6991
6990
6989
6988
6987
6983
6982
6982
6981
6979
6977
6974
6974
6973
6973
6969
6969
6968
6967
6963
6962
6960
6960
6959
6959
6954
6952
6951
6949
6947
6947
6947
6947
6947
6947
6946
6945
6945
6944
6944
6942
6941
6940
6939
6938
6938
6938
6936
6936
6934
6934
6933
6929
6929
6927
6927
6927
6927
6926
6925
6923
6923
6923
6922
6921
6921
6921
6921
6920
6920
6918
6916
6913
6911
6910
6909
6909
6909
6908
6905
6904
6903
6903
6903
6903
6902
6902
6902
6901
6899
6896
6895
6893
6893
6892
6889
6886
6885
6885
6883
6883
6883
6881
6880
6878
6877
6876
6876
6875
6874
6873
6868
6868
6868
6867
6867
6866
6865
6863
6863
6863
6863
6860
6859
6856
6856
6855
6854
6852
6851
6851
6849
6848
6847
6846
6846
6845
6845
6845
6843
6843
6842
6842
6840
6839
6838
6837
6834
6832
6831
6828
6827
6827
6826
6826
6825
6824
6822
6822
6821
6821
6819
6819
6818
6817
6815
6813
6811
6810
6810
6808
6807
6807
6807
6806
6806
6804
6802
6802
6799
6799
6796
6796
6796
6796
6795
6793
6789
6788
6788
6787
6786
6785
6785
6784
6783
6780
6779
6779
6776
6775
6775
6774
6773
6773
6772
6768
6767
6766
6766
6766
6765
6765
6764
6763
6763
6761
6761
6761
6760
6759
6758
6757
6756
6756
6756
6755
6754
6752
6751
6749
6745
6744
6744
6744
6744
6742
6739
6736
6734
6732
6730
6730
6730
6729
6728
6728
6726
6726
6725
6723
6723
6721
6720
6718
6717
6716
6714
6714
6714
6713
6711
6711
6711
6710
6708
6706
6706
6702
6702
6702
6702
6702
6702
6700
6700
6699
6699
6698
6698
6697
6696
6694
6694
6692
6692
6691
6691
6686
6685
6684
6681
6679
6679
6678
6677
6677
6675
6673
6672
6672
6670
6669
6669
6669
6668
6668
6667
6666
6665
6664
6662
6661
6661
6660
6660
6660
6660
6659
6658
6657
6657
6656
6656
6656
6655
6655
6654
6653
6652
6652
6652
6650
6650
6650
6650
6648
6648
6648
6644
6643
6643
6641
6638
6637
6634
6633
6633
6632
6632
6631
6631
6630
6630
6629
6629
6628
6627
6627
6626
6626
6625
6623
6623
6619
6618
6618
6618
6615
6615
6614
6614
6611
6610
6610
6607
6604
6604
6599
6598
6595
6593
6590
6587
6587
6586
6585
6583
6582
6581
6580
6577
6574
6573
6569
6568
6566
6562
6562
6561
6560
6556
6555
6552
6552
6550
6550
6550
6548
6548
6548
6546
6545
6544
6544
6542
6541
6541
6541
6541
6541
6538
6538
6537
6535
6534
6533
6531
6531
6530
6530
6529
6527
6526
6522
6521
6520
6519
6519
6519
6517
6517
6515
6515
6514
6514
6514
6513
6513
6513
6513
6513
6509
6509
6508
6508
6507
6507
6507
6505
6501
6500
6499
6498
6498
6498
6496
6495
6495
6493
6492
6488
6488
6487
6486
6486
6484
6484
6482
6477
6477
6477
6476
6476
6475
6473
6472
6471
6471
6470
6470
6469
6467
6466
6465
6465
6465
6458
6458
6457
6456
6455
6454
6452
6452
6452
6451
6450
6447
6447
6446
6446
6446
6445
6445
6442
6441
6441
6439
6439
6438
6438
6437
6436
6434
6433
6433
6430
6429
6427
6427
6426
6425
6425
6425
6424
6422
6421
6420
6419
6419
6418
6418
6418
6415
6415
6414
6413
6413
6411
6410
6409
6409
6408
6407
6407
6406
6405
6401
6400
6400
6399
6398
6396
6395
6394
6393
6392
6391
6388
6387
6387
6385
6380
6380
6380
6380
6380
6378
6377
6376
6376
6374
6374
6371
6371
6371
6370
6369
6368
6368
6365
6365
6365
6365
6363
6363
6363
6361
6360
6360
6358
6358
6358
6357
6355
6352
6351
6351
6348
6346
6346
6345
6344
6344
6343
6343
6336
6332
6331
6331
6330
6330
6330
6329
6328
6325
6322
6321
6319
6319
6319
6318
6318
6318
6317
6316
6315
6314
6311
6311
6310
6308
6307
6307
6307
6306
6305
6304
6303
6302
6301
6301
6300
6300
6299
6296
6295
6294
6293
6291
6290
6289
6288
6287
6287
6286
6286
6285
6285
6284
6284
6280
6279
6276
6275
6275
6274
6270
6267
6265
6264
6264
6263
6262
6259
6258
6257
6256
6256
6256
6254
6253
6251
6249
6248
6248
6248
6248
6243
6242
6241
6241
6239
6239
6239
6238
6237
6237
6237
6236
6236
6235
6235
6233
6233
6232
6230
6230
6229
6227
6226
6225
6222
6222
6221
6220
6217
6217
6216
6216
6216
6215
6214
6212
6212
6211
6211
6210
6210
6210
6209
6208
6208
6206
6204
6204
6203
6202
6201
6200
6200
6200
6198
6193
6193
6192
6188
6187
6186
6186
6185
6182
6181
6181
6179
6177
6177
6176
6176
6173
6173
6172
6172
6172
6170
6169
6169
6169
6167
6167
6166
6164
6163
6162
6160
6158
6157
6157
6156
6155
6155
6155
6152
6151
6150
6148
6148
6147
6147
6146
6146
6145
6144
6143
6143
6142
6142
6142
6141
6140
6140
6140
6139
6139
6137
6137
6137
6136
6134
6134
6133
6132
6131
6131
6131
6131
6130
6130
6129
6128
6128
6127
6127
6126
6126
6125
6124
6120
6119
6117
6116
6116
6115
6115
6115
6114
6114
6110
6110
6110
6109
6109
6108
6108
6107
6105
6104
6103
6103
6101
6100
6099
6098
6098
6097
6096
6096
6095
6094
6094
6092
6092
6090
6087
6086
6086
6085
6085
6085
6085
6085
6084
6083
6082
6082
6081
6081
6081
6081
6080
6080
6079
6079
6079
6077
6073
6073
6072
6072
6071
6070
6070
6070
6065
6063
6062
6061
6060
6060
6060
6057
6057
6056
6053
6052
6052
6051
6050
6050
6049
6046
6046
6045
6044
6044
6044
6042
6037
6034
6033
6032
6030
6030
6029
6027
6026
6026
6023
6022
6020
6020
6018
6018
6018
6016
6015
6014
6014
6011
6011
6010
6010
6008
6008
6007
6007
6007
6007
6005
6004
6003
6002
5999
5999
5997
5993
5991
5991
5990
5990
5989
5989
5988
5987
5986
5986
5986
5984
5983
5982
5982
5982
5981
5981
5981
5978
5978
5977
5977
5976
5975
5975
5972
5968
5967
5964
5963
5963
5963
5963
5961
5961
5960
5958
5958
5958
5958
5957
5957
5956
5955
5953
5953
5953
5951
5950
5949
5949
5948
5948
5946
5946
5946
5945
5945
5944
5944
5943
5942
5942
5941
5941
5940
5940
5938
5938
5938
5937
5937
5935
5935
5933
5933
5933
5929
5928
5928
5927
5926
5926
5925
5923
5920
5920
5916
5916
5913
5913
5912
5911
5911
5910
5910
5909
5909
5908
5908
5906
5906
5905
5905
5905
5903
5902
5902
5901
5899
5899
5899
5898
5898
5898
5897
5897
5895
5894
5893
5892
5892
5892
5891
5890
5890
5890
5890
5889
5888
5888
5888
5887
5887
5887
5886
5886
5886
5881
5879
5878
5878
5877
5877
5871
5869
5867
5867
5866
5866
5864
5864
5862
5861
5861
5860
5860
5859
5852
5852
5849
5849
5846
5846
5845
5844
5844
5843
5840
5840
5839
5837
5836
5834
5831
5831
5829
5828
5827
5826
5826
5826
5825
5825
5824
5822
5822
5820
5819
5816
5816
5816
5816
5815
5815
5814
5813
5812
5812
5809
5809
5809
5808
5807
5806
5805
5805
5805
5804
5804
5803
5802
5802
5801
5800
5798
5798
5793
5793
5793
5792
5792
5791
5791
5791
5790
5789
5787
5786
5784
5783
5782
5782
5780
5779
5779
5778
5777
5777
5776
5776
5775
5774
5772
5770
5769
5769
5767
5765
5764
5763
5763
5760
5760
5759
5759
5758
5757
5757
5755
5755
5753
5751
5750
5749
5749
5749
5747
5746
5745
5742
5741
5739
5739
5737
5737
5735
5735
5735
5734
5734
5734
5733
5733
5729
5724
5724
5723
5721
5721
5720
5720
5719
5716
5715
5713
5711
5711
5710
5708
5707
5706
5706
5700
5699
5698
5697
5696
5696
5693
5692
5692
5691
5687
5686
5685
5683
5681
5680
5678
5677
5675
5675
5673
5671
5671
5671
5670
5668
5668
5667
5666
5665
5665
5662
5661
5660
5658
5658
5657
5657
5657
5656
5652
5652
5651
5651
5651
5650
5647
5644
5644
5643
5643
5642
5642
5642
5642
5642
5642
5642
5640
5639
5638
5638
5637
5636
5634
5633
5633
5632
5630
5629
5629
5628
5628
5624
5624
5624
5622
5617
5616
5616
5616
5615
5615
5614
5612
5612
5612
5612
5611
5609
5609
5609
5608
5607
5606
5604
5602
5602
5601
5600
5600
5599
5599
5597
5593
5593
5592
5591
5591
5589
5588
5588
5587
5587
5584
5581
5581
5580
5580
5580
5579
5579
5578
5578
5577
5577
5577
5576
5575
5574
5574
5573
5573
5571
5570
5569
5569
5569
5568
5566
5565
5564
5563
5562
5561
5560
5560
5559
5558
5556
5555
5554
5554
5553
5552
5550
5550
5550
5546
5546
5541
5541
5539
5536
5535
5534
5533
5532
5532
5530
5528
5526
5524
5524
5524
5523
5523
5522
5521
5520
5520
5520
5518
5517
5517
5517
5517
5517
5514
5512
5510
5510
5508
5507
5507
5506
5504
5503
5503
5503
5503
5501
5501
5499
5495
5493
5492
5490
5486
5486
5483
5482
5479
5479
5477
5477
5476
5474
5474
5474
5473
5472
5471
5470
5469
5469
5469
5465
5465
5463
5461
5461
5460
5458
5458
5457
5456
5456
5454
5453
5452
5451
5450
5449
5448
5448
5448
5447
5446
5445
5443
5442
5441
5440
5440
5439
5438
5438
5437
5435
5430
5429
5428
5427
5426
5424
5422
5421
5420
5419
5416
5416
5416
5415
5415
5414
5414
5413
5413
5413
5410
5410
5408
5408
5407
5406
5406
5405
5405
5403
5403
5403
5402
5402
5402
5402
5401
5400
5396
5396
5395
5394
5394
5393
5393
5393
5391
5391
5389
5388
5386
5384
5384
5379
5379
5378
5378
5378
5377
5377
5376
5376
5376
5375
5375
5374
5374
5372
5371
5370
5370
5368
5368
5366
5366
5361
5361
5360
5360
5358
5358
5357
5356
5356
5354
5351
5351
5350
5350
5349
5349
5349
5348
5345
5344
5344
5342
5342
5341
5340
5339
5338
5338
5337
5336
5335
5334
5334
5333
5331
5331
5330
5329
5328
5328
5327
5327
5326
5322
5321
5321
5320
5320
5319
5318
5317
5317
5317
5316
5313
5312
5312
5312
5312
5312
5311
5310
5309
5309
5309
5308
5307
5307
5306
5306
5302
5300
5299
5299
5298
5297
5297
5296
5296
5296
5292
5292
5291
5287
5286
5285
5284
5282
5281
5281
5280
5280
5279
5278
5278
5278
5277
5274
5273
5272
5272
5270
5269
5267
5265
5264
5264
5263
5263
5261
5261
5260
5259
5257
5257
5257
5256
5256
5254
5251
5251
5250
5250
5248
5248
5247
5247
5246
5246
5243
5241
5236
5234
5234
5233
5232
5230
5229
5228
5228
5228
5226
5225
5223
5222
5221
5220
5217
5215
5214
5213
5212
5211
5210
5206
5206
5206
5205
5205
5204
5203
5202
5201
5201
5199
5198
5195
5195
5194
5194
5194
5193
5193
5192
5192
5192
5192
5191
5188
5188
5185
5185
5181
5181
5180
5178
5178
5178
5177
5177
5174
5174
5171
5169
5168
5167
5166
5165
5160
5158
5158
5156
5156
5154
5153
5150
5148
5147
5147
5147
5146
5145
5144
5143
5141
5139
5138
5137
5135
5134
5133
5132
5132
5131
5131
5130
5129
5128
5126
5125
5124
5121
5120
5118
5117
5117
5116
5116
5115
5112
5112
5111
5110
5109
5108
5105
5104
5104
5104
5104
5102
5101
5101
5099
5098
5097
5097
5096
5094
5094
5093
5092
5090
5088
5086
5083
5082
5080
5080
5074
5072
5072
5072
5070
5068
5067
5066
5064
5062
5061
5061
5061
5061
5061
5061
5060
5058
5057
5056
5054
5053
5053
5053
5051
5050
5049
5048
5045
5045
5045
5044
5042
5041
5040
5039
5038
5036
5035
5034
5033
5033
5031
5030
5029
5028
5028
5027
5027
5027
5025
5024
5022
5021
5020
5018
5018
5015
5015
5013
5011
5009
5008
5008
5007
5004
5003
5003
5003
5002
5002
5001
4999
4999
4999
4996
4994
4994
4992
4991
4991
4990
4988
4988
4985
4983
4983
4981
4981
4979
4978
4977
4976
4975
4974
4973
4972
4971
4971
4971
4967
4966
4965
4965
4962
4962
4962
4961
4961
4960
4960
4959
4959
4958
4958
4955
4954
4953
4953
4952
4952
4952
4950
4949
4949
4947
4947
4947
4943
4941
4940
4940
4939
4938
4936
4934
4933
4932
4932
4931
4930
4930
4929
4928
4928
4926
4926
4923
4923
4920
4920
4919
4916
4915
4915
4915
4914
4914
4912
4912
4911
4909
4909
4908
4907
4907
4904
4903
4902
4902
4902
4901
4899
4899
4897
4896
4895
4894
4894
4894
4894
4892
4890
4890
4890
4889
4888
4887
4887
4886
4886
4885
4884
4883
4883
4883
4883
4881
4880
4878
4877
4876
4875
4874
4873
4871
4869
4869
4868
4868
4867
4866
4866
4864
4864
4864
4864
4864
4863
4861
4861
4860
4859
4858
4855
4853
4852
4850
4850
4849
4848
4847
4846
4844
4843
4842
4841
4840
4836
4836
4836
4834
4833
4832
4831
4830
4829
4826
4824
4823
4822
4822
4822
4821
4821
4820
4818
4816
4814
4814
4813
4813
4812
4812
4812
4811
4811
4811
4809
4809
4808
4808
4807
4807
4807
4803
4801
4801
4801
4800
4799
4799
4795
4795
4795
4794
4794
4792
4792
4791
4790
4789
4788
4787
4786
4786
4784
4784
4784
4783
4782
4782
4782
4782
4780
4776
4776
4776
4774
4773
4772
4772
4772
4772
4770
4770
4769
4768
4766
4766
4765
4764
4764
4762
4762
4762
4761
4760
4758
4758
4757
4757
4757
4756
4756
4749
4749
4748
4748
4747
4747
4747
4747
4745
4744
4743
4742
4742
4741
4741
4740
4739
4738
4736
4736
4732
4731
4730
4729
4727
4725
4724
4723
4723
4722
4722
4722
4721
4720
4720
4719
4718
4718
4717
4717
4716
4715
4712
4712
4711
4710
4710
4709
4707
4706
4706
4706
4706
4705
4703
4702
4701
4700
4697
4697
4696
4693
4693
4691
4690
4689
4688
4688
4688
4687
4687
4686
4685
4684
4682
4682
4681
4680
4680
4680
4678
4678
4678
4678
4676
4676
4676
4676
4675
4673
4672
4671
4671
4669
4668
4668
4667
4666
4666
4659
4659
4658
4657
4657
4656
4656
4654
4654
4652
4652
4651
4650
4649
4649
4648
4648
4648
4647
4647
4645
4642
4640
4639
4636
4635
4635
4632
4631
4631
4631
4630
4628
4626
4626
4625
4624
4624
4622
4621
4620
4620
4620
4620
4618
4615
4614
4613
4613
4612
4611
4610
4610
4609
4607
4606
4603
4603
4602
4601
4601
4599
4598
4597
4596
4596
4596
4594
4593
4593
4593
4593
4593
4592
4587
4585
4585
4584
4584
4583
4582
4581
4580
4580
4580
4578
4576
4571
4571
4570
4568
4564
4563
4563
4563
4561
4560
4560
4557
4556
4556
4553
4553
4552
4551
4549
4549
4549
4546
4545
4545
4542
4542
4541
4540
4539
4538
4537
4537
4537
4535
4535
4533
4530
4530
4530
4530
4529
4527
4526
4524
4523
4523
4520
4518
4517
4517
4514
4509
4509
4507
4507
4506
4505
4504
4501
4499
4499
4498
4498
4498
4497
4495
4494
4494
4494
4492
4491
4491
4490
4490
4488
4485
4485
4484
4481
4481
4479
4478
4478
4477
4475
4475
4475
4474
4474
4473
4473
4472
4472
4472
4472
4471
4470
4470
4469
4469
4466
4465
4464
4464
4464
4462
4461
4461
4460
4458
4458
4457
4457
4456
4454
4453
4452
4451
4451
4448
4447
4444
4444
4444
4443
4440
4440
4440
4439
4439
4437
4435
4435
4435
4434
4434
4434
4434
4433
4433
4433
4433
4432
4430
4428
4427
4427
4426
4424
4424
4423
4423
4421
4416
4416
4416
4414
4414
4412
4412
4412
4412
4411
4410
4409
4408
4408
4407
4405
4403
4402
4402
4401
4400
4400
4399
4399
4396
4393
4391
4391
4391
4390
4389
4389
4388
4388
4386
4385
4383
4383
4382
4382
4381
4381
4381
4378
4378
4377
4375
4371
4369
4369
4369
4365
4364
4363
4362
4361
4360
4360
4359
4357
4357
4356
4356
4354
4354
4353
4352
4351
4351
4348
4347
4345
4345
4344
4342
4341
4338
4337
4336
4336
4334
4332
4332
4331
4331
4327
4322
4322
4322
4321
4320
4320
4320
4320
4320
4317
4316
4315
4315
4315
4313
4313
4312
4311
4311
4310
4309
4309
4307
4307
4305
4305
4303
4302
4301
4300
4300
4298
4297
4296
4296
4294
4291
4290
4289
4289
4289
4289
4287
4286
4285
4285
4284
4284
4283
4283
4283
4281
4280
4280
4279
4279
4279
4279
4275
4275
4274
4274
4274
4274
4272
4271
4271
4269
4268
4266
4265
4262
4258
4258
4257
4255
4254
4254
4254
4252
4250
4249
4249
4247
4246
4244
4238
4238
4238
4237
4237
4236
4234
4231
4230
4229
4227
4227
4227
4225
4222
4220
4220
4219
4219
4218
4216
4213
4213
4213
4213
4212
4212
4210
4210
4207
4207
4206
4205
4203
4202
4202
4201
4200
4200
4199
4199
4199
4198
4198
4197
4197
4197
4194
4194
4190
4189
4188
4188
4186
4184
4183
4182
4181
4181
4180
4180
4179
4178
4177
4177
4173
4173
4172
4172
4171
4171
4170
4170
4169
4167
4167
4164
4163
4161
4159
4159
4157
4157
4156
4156
4155
4155
4155
4154
4154
4153
4153
4151
4150
4150
4148
4147
4144
4144
4143
4141
4140
4139
4139
4138
4133
4133
4133
4131
4130
4130
4129
4127
4126
4125
4123
4123
4122
4122
4122
4120
4118
4117
4117
4115
4115
4115
4114
4114
4114
4113
4113
4113
4111
4106
4106
4105
4105
4104
4103
4103
4101
4101
4100
4100
4100
4099
4098
4098
4097
4095
4094
4094
4093
4090
4089
4089
4089
4088
4086
4086
4086
4085
4084
4084
4084
4083
4083
4083
4082
4081
4080
4079
4078
4078
4076
4075
4074
4073
4073
4072
4070
4070
4069
4068
4066
4066
4066
4064
4062
4062
4061
4061
4060
4059
4059
4059
4058
4056
4055
4054
4054
4053
4052
4052
4051
4050
4049
4048
4047
4046
4045
4044
4043
4042
4042
4037
4037
4035
4035
4033
4033
4031
4028
4028
4027
4027
4027
4026
4026
4025
4024
4023
4023
4022
4022
4022
4021
4021
4021
4019
4019
4019
4017
4015
4015
4014
4013
4012
4011
4006
4006
4005
4005
4004
4003
4003
4002
4002
3999
3999
3998
3997
3997
3995
3993
3993
3992
3991
3990
3990
3988
3987
3986
3986
3986
3985
3983
3983
3982
3981
3981
3981
3980
3979
3978
3978
3976
3975
3974
3972
3971
3971
3970
3970
3969
3967
3966
3964
3963
3962
3960
3958
3956
3954
3953
3952
3951
3950
3949
3948
3947
3947
3946
3944
3944
3943
3943
3942
3941
3940
3939
3938
3937
3936
3935
3930
3929
3929
3928
3928
3928
3927
3927
3927
3926
3924
3924
3923
3923
3920
3918
3916
3916
3916
3915
3914
3914
3914
3914
3913
3911
3911
3911
3910
3908
3908
3906
3906
3906
3906
3905
3904
3902
3902
3899
3898
3897
3896
3896
3895
3893
3892
3891
3890
3888
3888
3885
3884
3882
3882
3881
3880
3880
3878
3878
3875
3873
3873
3873
3871
3871
3870
3867
3866
3865
3865
3864
3864
3862
3862
3861
3860
3859
3858
3857
3854
3854
3854
3853
3852
3852
3850
3849
3849
3847
3847
3846
3844
3843
3843
3842
3839
3838
3837
3837
3834
3834
3832
3832
3831
3831
3831
3830
3830
3827
3827
3827
3827
3827
3826
3825
3825
3825
3824
3824
3824
3823
3823
3823
3821
3820
3819
3819
3818
3818
3817
3816
3814
3813
3813
3812
3809
3808
3807
3805
3805
3805
3800
3800
3799
3799
3799
3798
3797
3796
3796
3794
3794
3792
3791
3789
3788
3785
3785
3784
3784
3782
3781
3781
3780
3779
3778
3778
3773
3773
3771
3771
3770
3770
3769
3768
3765
3765
3764
3764
3763
3762
3762
3761
3760
3758
3757
3755
3754
3753
3753
3753
3752
3752
3749
3748
3747
3747
3746
3746
3746
3746
3745
3745
3744
3743
3740
3740
3737
3737
3736
3736
3736
3735
3735
3735
3734
3732
3730
3729
3729
3729
3728
3727
3725
3725
3725
3724
3723
3720
3720
3719
3719
3716
3716
3716
3715
3714
3714
3713
3712
3712
3711
3709
3707
3707
3706
3706
3704
3704
3704
3703
3702
3702
3700
3699
3699
3698
3698
3698
3698
3698
3695
3694
3692
3691
3690
3688
3688
3687
3686
3682
3680
3680
3676
3675
3675
3674
3674
3673
3672
3672
3671
3669
3669
3669
3668
3668
3668
3666
3665
3665
3664
3662
3661
3661
3659
3659
3659
3658
3657
3657
3657
3657
3656
3655
3655
3651
3650
3650
3647
3646
3643
3642
3642
3641
3638
3638
3638
3637
3637
3637
3636
3636
3630
3629
3627
3625
3625
3624
3623
3622
3620
3618
3617
3616
3608
3608
3608
3608
3606
3605
3603
3602
3602
3602
3601
3598
3598
3597
3597
3596
3595
3594
3594
3593
3592
3590
3589
3588
3588
3585
3584
3584
3583
3582
3581
3581
3581
3581
3580
3580
3578
3578
3577
3576
3576
3575
3574
3573
3570
3570
3569
3568
3568
3566
3566
3565
3565
3564
3563
3561
3561
3560
3560
3559
3559
3559
3558
3557
3556
3556
3556
3556
3555
3554
3553
3553
3550
3548
3547
3547
3542
3542
3541
3538
3538
3537
3535
3534
3534
3534
3532
3532
3531
3531
3530
3529
3527
3524
3523
3523
3521
3520
3518
3516
3514
3510
3509
3509
3509
3509
3506
3505
3503
3501
3499
3498
3494
3494
3492
3491
3489
3487
3486
3485
3484
3484
3483
3482
3482
3482
3481
3478
3478
3475
3473
3473
3472
3472
3471
3470
3470
3468
3468
3468
3468
3467
3466
3466
3466
3465
3465
3463
3463
3461
3460
3460
3459
3459
3459
3458
3457
3457
3457
3457
3456
3455
3455
3455
3454
3452
3452
3452
3451
3449
3448
3448
3446
3445
3444
3444
3443
3443
3443
3442
3442
3439
3439
3437
3437
3437
3436
3436
3434
3433
3432
3430
3429
3429
3427
3427
3426
3426
3426
3424
3424
3422
3418
3418
3418
3417
3413
3412
3410
3405
3403
3402
3402
3402
3399
3396
3395
3391
3390
3389
3389
3389
3388
3386
3386
3384
3382
3382
3381
3380
3378
3378
3376
3375
3374
3373
3372
3370
3370
3369
3366
3365
3364
3363
3362
3362
3360
3356
3356
3355
3354
3351
3350
3349
3348
3346
3344
3343
3342
3341
3340
3340
3340
3339
3338
3337
3336
3336
3335
3335
3334
3334
3334
3333
3333
3332
3331
3326
3326
3324
3321
3320
3317
3317
3317
3315
3313
3312
3310
3309
3309
3308
3307
3307
3306
3305
3304
3304
3304
3303
3303
3303
3299
3299
3296
3295
3295
3293
3292
3290
3289
3289
3288
3288
3285
3284
3284
3283
3283
3283
3280
3278
3277
3276
3276
3274
3274
3274
3274
3273
3272
3270
3270
3269
3268
3267
3266
3265
3265
3263
3263
3259
3259
3259
3258
3256
3255
3254
3254
3253
3252
3250
3250
3246
3245
3244
3242
3239
3239
3237
3237
3236
3235
3234
3233
3231
3230
3229
3229
3228
3227
3227
3225
3221
3220
3220
3218
3217
3215
3214
3214
3214
3211
3211
3211
3209
3207
3207
3207
3206
3205
3204
3204
3201
3195
3193
3193
3192
3191
3191
3191
3190
3189
3187
3187
3187
3186
3184
3184
3181
3181
3176
3176
3176
3175
3175
3174
3173
3172
3171
3170
3169
3168
3168
3167
3166
3164
3164
3163
3162
3162
3161
3161
3160
3159
3157
3156
3156
3154
3152
3150
3149
3148
3147
3146
3146
3146
3144
3143
3141
3140
3140
3138
3138
3137
3136
3136
3136
3135
3135
3133
3132
3131
3128
3128
3126
3126
3126
3125
3124
3124
3124
3122
3121
3117
3116
3115
3115
3114
3114
3113
3112
3110
3110
3110
3108
3108
3107
3106
3106
3106
3105
3103
3103
3103
3101
3101
3100
3100
3100
3099
3099
3098
3096
3094
3094
3093
3092
3092
3091
3089
3089
3089
3088
3085
3082
3079
3077
3076
3076
3072
3072
3070
3066
3064
3064
3062
3061
3060
3058
3058
3056
3056
3056
3055
3052
3052
3051
3050
3049
3048
3048
3047
3046
3045
3044
3044
3042
3041
3041
3041
3037
3036
3034
3034
3032
3032
3032
3029
3028
3027
3026
3026
3026
3024
3023
3022
3021
3021
3019
3018
3018
3016
3016
3015
3014
3013
3010
3006
3003
3001
2998
2998
2997
2996
2995
2995
2994
2994
2994
2993
2992
2992
2992
2992
2992
2991
2991
2990
2989
2988
2987
2986
2986
2985
2982
2981
2980
2979
2979
2978
2978
2977
2977
2976
2976
2976
2975
2974
2974
2971
2971
2971
2970
2970
2970
2968
2968
2968
2966
2966
2965
2965
2964
2964
2964
2962
2962
2961
2960
2959
2958
2958
2957
2955
2953
2953
2948
2948
2947
2946
2943
2941
2940
2936
2936
2931
2931
2930
2928
2927
2927
2923
2922
2921
2921
2920
2919
2918
2918
2916
2916
2916
2913
2912
2911
2909
2909
2908
2906
2905
2904
2904
2904
2903
2903
2903
2902
2902
2899
2899
2897
2895
2894
2894
2892
2892
2891
2890
2888
2888
2888
2885
2885
2884
2883
2879
2879
2876
2874
2874
2872
2871
2870
2870
2869
2869
2869
2869
2867
2867
2866
2866
2865
2865
2864
2864
2863
2863
2862
2862
2860
2859
2858
2858
2857
2855
2855
2853
2851
2847
2846
2845
2844
2842
2841
2841
2841
2840
2839
2839
2838
2838
2837
2837
2837
2835
2833
2830
2829
2826
2825
2825
2824
2821
2819
2819
2818
2815
2815
2814
2813
2813
2810
2810
2810
2810
2809
2806
2806
2806
2806
2805
2805
2805
2801
2800
2799
2799
2799
2796
2796
2795
2793
2793
2793
2793
2792
2791
2790
2790
2789
2789
2788
2787
2787
2786
2785
2785
2785
2785
2785
2783
2782
2781
2781
2779
2777
2774
2773
2770
2769
2769
2767
2766
2765
2764
2763
2760
2760
2759
2758
2758
2757
2755
2754
2754
2753
2751
2748
2748
2746
2745
2745
2745
2745
2744
2743
2742
2741
2741
2741
2740
2739
2739
2739
2739
2738
2737
2737
2736
2735
2733
2733
2731
2731
2731
2730
2728
2727
2726
2722
2720
2719
2719
2719
2717
2715
2715
2714
2713
2712
2711
2710
2710
2708
2708
2708
2708
2703
2702
2701
2701
2700
2699
2698
2697
2696
2694
2694
2691
2691
2688
2687
2686
2685
2683
2683
2680
2680
2679
2678
2676
2676
2675
2674
2674
2673
2673
2672
2672
2672
2671
2670
2669
2668
2667
2667
2666
2664
2661
2661
2659
2658
2658
2658
2657
2657
2656
2656
2656
2656
2656
2654
2653
2653
2653
2652
2651
2650
2649
2649
2648
2644
2644
2642
2641
2640
2639
2639
2637
2635
2635
2634
2634
2634
2633
2631
2630
2626
2624
2624
2622
2621
2621
2620
2620
2619
2619
2619
2617
2617
2617
2617
2617
2616
2616
2615
2615
2614
2613
2613
2610
2610
2608
2608
2607
2607
2606
2605
2604
2604
2604
2604
2603
2602
2601
2601
2600
2598
2596
2596
2594
2593
2593
2591
2589
2588
2585
2585
2584
2584
2583
2583
2581
2580
2580
2580
2580
2578
2575
2574
2574
2572
2572
2572
2572
2572
2572
2571
2569
2566
2565
2564
2563
2562
2561
2561
2560
2560
2560
2560
2557
2556
2555
2553
2551
2551
2551
2549
2549
2545
2545
2544
2544
2543
2542
2542
2541
2541
2540
2538
2534
2531
2530
2529
2528
2528
2528
2526
2525
2525
2522
2521
2520
2517
2517
2511
2510
2509
2507
2506
2506
2503
2503
2503
2502
2501
2500
2500
2498
2494
2493
2493
2489
2488
2487
2486
2484
2483
2482
2482
2481
2481
2479
2479
2479
2479
2479
2478
2477
2475
2475
2474
2474
2472
2467
2467
2466
2466
2465
2461
2461
2461
2460
2460
2460
2456
2455
2454
2454
2450
2450
2448
2445
2444
2444
2442
2441
2439
2437
2434
2429
2428
2428
2428
2427
2426
2424
2423
2422
2419
2419
2418
2416
2415
2413
2411
2408
2407
2407
2406
2403
2403
2403
2401
2401
2399
2397
2396
2396
2395
2395
2395
2394
2392
2391
2390
2388
2387
2387
2385
2381
2381
2380
2380
2377
2377
2376
2375
2374
2374
2373
2373
2371
2371
2367
2366
2365
2364
2361
2361
2361
2360
2360
2359
2358
2357
2355
2354
2354
2353
2353
2353
2352
2352
2351
2349
2349
2349
2348
2348
2347
2347
2347
2346
2343
2342
2342
2340
2339
2339
2339
2338
2337
2337
2337
2335
2333
2332
2332
2331
2329
2328
2328
2328
2328
2327
2327
2327
2326
2326
2324
2323
2323
2323
2322
2321
2321
2319
2317
2317
2316
2313
2313
2313
2312
2310
2308
2308
2307
2307
2306
2302
2301
2295
2295
2295
2292
2291
2291
2290
2290
2286
2285
2284
2284
2284
2284
2283
2280
2280
2280
2278
2278
2277
2277
2276
2276
2276
2275
2274
2274
2273
2272
2271
2270
2269
2268
2267
2265
2264
2264
2260
2259
2258
2257
2255
2251
2251
2250
2250
2250
2250
2249
2248
2245
2244
2243
2243
2241
2241
2241
2240
2238
2238
2237
2235
2235
2233
2232
2231
2231
2231
2225
2223
2222
2221
2221
2219
2217
2216
2214
2212
2212
2211
2210
2210
2209
2209
2209
2207
2207
2205
2204
2201
2200
2200
2198
2197
2195
2193
2193
2193
2192
2191
2189
2188
2188
2187
2185
2184
2183
2182
2181
2181
2180
2179
2176
2176
2176
2175
2171
2171
2169
2168
2165
2165
2161
2159
2158
2157
2155
2154
2153
2151
2150
2148
2148
2148
2148
2145
2144
2144
2143
2142
2141
2140
2140
2138
2137
2137
2135
2134
2134
2133
2132
2132
2132
2132
2131
2130
2130
2130
2129
2129
2127
2126
2126
2125
2124
2121
2120
2119
2117
2117
2117
2117
2115
2115
2113
2111
2110
2110
2107
2105
2105
2104
2101
2099
2099
2098
2098
2097
2097
2097
2097
2097
2096
2094
2093
2092
2092
2091
2091
2090
2090
2088
2088
2087
2084
2084
2082
2082
2082
2081
2075
2074
2074
2072
2072
2072
2072
2071
2070
2069
2068
2066
2065
2063
2062
2061
2060
2060
2059
2059
2058
2057
2055
2052
2051
2050
2048
2046
2045
2044
2043
2043
2043
2043
2042
2040
2038
2036
2033
2032
2032
2030
2030
2029
2029
2028
2027
2027
2027
2026
2023
2023
2023
2022
2020
2019
2018
2018
2017
2017
2015
2014
2013
2011
2011
2010
2009
2009
2009
2008
2007
2006
2006
2004
2003
2003
2003
2003
2002
1999
1999
1999
1998
1998
1998
1996
1993
1993
1992
1992
1992
1989
1988
1987
1986
1985
1984
1984
1983
1981
1981
1980
1979
1979
1978
1978
1976
1975
1975
1974
1974
1973
1972
1970
1970
1969
1969
1967
1967
1967
1966
1965
1965
1965
1965
1963
1963
1961
1961
1959
1957
1957
1956
1956
1955
1954
1951
1950
1950
1949
1946
1945
1945
1941
1941
1939
1939
1938
1935
1934
1933
1933
1931
1931
1930
1925
1925
1925
1924
1924
1923
1922
1922
1921
1921
1921
1921
1920
1919
1917
1915
1913
1912
1910
1909
1908
1908
1907
1906
1904
1904
1902
1901
1901
1900
1899
1899
1897
1897
1895
1894
1892
1892
1892
1891
1891
1890
1889
1889
1889
1888
1888
1887
1887
1885
1884
1884
1882
1881
1881
1881
1881
1880
1878
1877
1876
1875
1874
1869
1867
1866
1866
1865
1864
1864
1862
1859
1859
1858
1857
1856
1854
1854
1854
1853
1853
1852
1850
1849
1848
1848
1847
1847
1847
1846
1845
1844
1843
1840
1840
1839
1838
1838
1838
1837
1836
1835
1835
1834
1833
1832
1828
1828
1827
1827
1825
1823
1823
1823
1823
1820
1816
1814
1814
1811
1811
1810
1809
1809
1809
1808
1806
1806
1806
1805
1804
1802
1800
1798
1798
1798
1797
1797
1795
1793
1789
1788
1785
1784
1780
1780
1780
1777
1777
1776
1775
1774
1774
1771
1771
1768
1767
1767
1764
1763
1763
1762
1762
1761
1760
1760
1759
1759
1759
1757
1757
1753
1753
1753
1752
1752
1752
1750
1748
1745
1744
1742
1741
1741
1739
1739
1738
1738
1736
1733
1732
1732
1731
1727
1722
1722
1720
1719
1719
1718
1718
1717
1714
1713
1712
1712
1712
1710
1709
1709
1709
1706
1705
1705
1705
1704
1704
1702
1699
1698
1697
1697
1696
1696
1696
1696
1695
1694
1694
1694
1693
1693
1692
1691
1689
1689
1688
1688
1688
1688
1687
1686
1685
1685
1684
1684
1683
1682
1682
1682
1681
1681
1680
1680
1680
1678
1675
1674
1673
1673
1673
1673
1673
1673
1672
1671
1670
1670
1670
1669
1663
1662
1662
1661
1661
1661
1660
1659
1658
1658
1657
1657
1657
1657
1656
1655
1654
1652
1651
1651
1650
1649
1648
1647
1647
1647
1645
1645
1644
1644
1643
1641
1641
1639
1635
1633
1633
1633
1631
1627
1627
1627
1626
1626
1624
1624
1624
1623
1620
1620
1619
1618
1617
1616
1616
1615
1615
1614
1612
1610
1610
1607
1607
1606
1606
1606
1604
1602
1600
1598
1597
1597
1592
1591
1590
1589
1586
1585
1584
1583
1582
1582
1581
1579
1578
1578
1578
1577
1577
1577
1576
1574
1573
1573
1572
1571
1571
1569
1569
1569
1566
1566
1566
1566
1561
1561
1559
1558
1557
1555
1555
1554
1553
1552
1551
1550
1550
1549
1547
1546
1544
1544
1543
1540
1539
1535
1534
1533
1530
1526
1526
1526
1525
1522
1522
1521
1519
1519
1518
1518
1517
1516
1515
1513
1513
1513
1511
1511
1509
1508
1506
1505
1505
1504
1504
1502
1502
1502
1501
1499
1498
1497
1495
1494
1494
1493
1493
1493
1492
1492
1490
1489
1488
1488
1488
1487
1487
1487
1487
1486
1486
1486
1484
1484
1483
1483
1483
1482
1482
1482
1481
1481
1477
1476
1475
1475
1473
1472
1471
1471
1470
1468
1466
1464
1461
1460
1460
1459
1457
1456
1456
1455
1455
1455
1454
1452
1452
1451
1451
1450
1450
1449
1448
1448
1447
1447
1447
1446
1445
1445
1445
1443
1443
1441
1441
1440
1440
1440
1439
1438
1438
1433
1433
1433
1432
1431
1431
1430
1428
1428
1424
1423
1422
1421
1420
1418
1417
1417
1414
1413
1411
1411
1411
1408
1408
1406
1406
1403
1402
1402
1401
1400
1398
1398
1397
1396
1395
1395
1391
1390
1389
1388
1388
1387
1387
1387
1386
1385
1385
1383
1381
1380
1378
1378
1377
1377
1376
1375
1374
1373
1372
1372
1372
1370
1370
1369
1368
1367
1366
1364
1361
1361
1360
1360
1359
1359
1358
1357
1356
1356
1356
1355
1355
1354
1353
1353
1352
1351
1351
1350
1349
1349
1348
1347
1346
1345
1344
1343
1342
1342
1339
1338
1338
1338
1337
1336
1336
1336
1335
1332
1331
1329
1328
1328
1328
1327
1326
1326
1325
1325
1323
1322
1322
1321
1320
1320
1318
1316
1315
1315
1315
1311
1311
1310
1309
1307
1306
1305
1305
1305
1304
1304
1303
1302
1302
1301
1301
1300
1299
1299
1298
1296
1295
1292
1291
1289
1289
1288
1284
1281
1280
1280
1280
1279
1279
1279
1279
1278
1275
1275
1275
1275
1273
1273
1272
1271
1268
1267
1266
1264
1259
1259
1259
1258
1258
1256
1255
1254
1253
1252
1250
1249
1249
1248
1246
1243
1242
1241
1240
1240
1239
1238
1237
1236
1235
1235
1235
1234
1233
1233
1232
1232
1229
1228
1228
1226
1224
1224
1224
1222
1222
1221
1221
1218
1218
1217
1217
1215
1215
1215
1211
1211
1210
1208
1207
1207
1207
1205
1205
1204
1200
1200
1198
1198
1198
1197
1196
1195
1195
1194
1193
1193
1192
1192
1192
1191
1189
1187
1186
1186
1184
1183
1183
1182
1180
1179
1178
1177
1176
1176
1176
1174
1172
1171
1169
1168
1166
1164
1163
1163
1163
1162
1160
1160
1159
1159
1158
1158
1158
1158
1155
1154
1154
1154
1152
1152
1150
1149
1148
1146
1144
1142
1141
1140
1140
1140
1135
1135
1135
1133
1132
1129
1127
1127
1124
1122
1120
1118
1117
1117
1116
1116
1116
1116
1114
1114
1113
1112
1112
1111
1111
1109
1105
1105
1104
1104
1101
1101
1099
1098
1097
1095
1094
1091
1090
1090
1089
1089
1088
1087
1087
1086
1084
1083
1082
1080
1078
1076
1076
1076
1075
1075
1075
1073
1072
1072
1072
1069
1069
1069
1066
1066
1066
1065
1063
1062
1060
1059
1059
1058
1057
1057
1056
1055
1054
1054
1053
1053
1053
1051
1049
1048
1048
1047
1044
1043
1043
1041
1040
1039
1037
1033
1032
1031
1030
1028
1027
1026
1026
1026
1025
1024
1023
1022
1021
1019
1015
1012
1010
1007
1006
1004
1002
1001
1000
997
995
994
993
993
992
991
991
986
984
983
982
982
981
980
980
978
978
977
976
976
975
971
969
968
967
966
966
965
964
961
961
956
955
955
954
954
952
951
950
948
947
947
947
945
938
937
936
934
931
931
930
930
926
925
924
923
923
923
921
919
919
918
916
915
912
912
912
912
912
911
910
907
906
905
904
904
902
900
897
897
896
896
896
895
894
894
894
893
892
892
890
890
889
888
886
886
885
884
882
879
879
876
875
875
875
874
871
871
870
868
868
867
865
865
864
864
863
862
861
860
860
860
860
860
860
859
856
855
852
851
851
851
850
849
848
847
847
845
845
843
842
841
840
840
839
839
837
835
834
832
831
830
830
829
828
828
827
827
825
824
821
821
821
819
819
819
819
818
818
817
815
815
815
814
812
812
811
810
809
806
806
805
805
803
802
801
800
799
799
798
798
797
797
794
794
792
792
791
790
788
788
787
785
785
782
782
781
780
780
779
779
773
772
772
771
770
770
769
768
767
766
766
765
764
763
761
760
759
759
758
757
756
755
752
751
750
747
746
744
744
743
741
740
740
740
740
739
738
736
735
735
733
733
732
732
730
728
727
726
725
722
722
721
718
718
716
715
712
712
712
712
711
711
708
708
708
707
706
705
705
704
704
703
703
702
700
699
698
697
696
694
693
693
692
691
690
690
688
687
687
685
684
683
683
682
681
678
677
671
671
670
669
669
668
667
666
665
664
663
663
662
661
661
660
660
658
657
657
657
655
651
651
650
650
650
648
647
647
646
646
646
644
643
642
642
642
642
640
639
638
638
636
635
634
634
633
633
631
630
630
628
628
628
627
626
623
623
622
621
621
621
617
616
615
615
614
613
608
607
606
604
604
604
603
603
601
600
600
599
599
598
597
597
597
595
595
593
593
593
592
591
590
590
589
588
588
588
586
586
586
586
584
583
582
582
581
581
580
579
579
578
577
576
575
573
572
572
572
571
571
566
565
565
561
561
560
560
559
559
558
557
556
551
548
548
545
545
545
543
542
542
541
539
539
538
538
537
537
536
536
536
535
532
532
531
531
530
529
528
527
525
524
523
523
522
520
518
516
516
514
513
513
512
512
511
509
508
506
506
505
505
505
504
504
504
504
502
502
501
501
501
501
500
499
498
497
496
496
495
495
495
494
491
491
489
489
489
489
489
488
487
484
484
483
482
482
482
482
481
479
479
478
478
477
477
477
475
475
475
475
474
474
474
471
469
467
465
465
465
464
463
462
461
459
458
457
457
457
456
456
455
454
454
453
453
452
450
450
447
447
445
444
444
444
442
441
441
440
438
438
437
437
436
436
436
435
435
434
432
430
430
429
428
426
424
422
422
422
422
421
421
419
419
419
417
415
414
414
411
408
408
407
406
404
403
401
400
400
400
399
398
398
397
397
397
397
396
395
393
393
392
392
390
390
390
389
389
387
386
384
384
383
382
382
380
377
376
375
375
375
373
372
370
370
369
369
368
367
365
364
362
360
359
359
358
356
354
354
353
353
353
352
351
348
347
346
346
346
345
343
343
339
338
337
337
335
335
332
328
327
325
324
323
322
321
321
320
319
317
316
314
314
314
313
313
312
311
311
307
306
306
305
300
299
298
296
296
294
294
292
291
290
290
290
290
289
287
286
285
285
284
280
280
279
279
276
275
275
273
272
271
266
265
264
262
262
262
261
259
259
259
258
257
257
255
253
251
250
248
247
246
246
246
245
242
242
241
241
241
240
239
238
237
237
235
229
229
227
225
225
224
223
222
221
221
220
218
216
216
216
214
214
213
210
209
209
209
208
208
208
207
204
203
202
201
201
201
200
199
199
195
195
192
192
191
189
188
186
186
185
185
184
184
181
180
178
177
176
175
174
174
173
172
169
169
169
168
167
166
164
164
163
162
162
162
161
161
160
159
158
158
157
155
153
152
152
152
152
149
149
146
146
146
145
143
143
143
136
136
136
135
133
133
133
132
132
132
130
128
128
126
126
125
124
123
121
120
119
118
118
117
114
113
112
112
112
112
109
109
108
108
105
105
104
103
103
102
102
102
100
98
96
96
96
96
93
93
92
91
91
90
90
90
90
89
89
86
85
82
82
80
77
76
73
72
72
69
66
64
63
63
60
60
57
57
56
56
55
54
51
50
50
50
49
43
43
42
41
41
41
38
37
36
35
35
33
32
32
30
27
27
25
19
19
18
15
14
13
13
13
12
11
10
9
9
6
5
4
3
0
