9996
9995
9995
9994
9992
9991
9991
9991
9990
9990
9988
9986
9985
9983
9982
9981
9980
9980
9980
9979
9979
9977
9975
9974
9972
9971
9970
9969
9969
9969
9969
9967
9966
9966
9966
9966
9965
9965
9965
9964
9963
9963
9963
9961
9960
9958
9957
9957
9955
9955
9955
9953
9950
9949
9948
9946
9944
9942
9941
9941
9940
9940
9940
9940
9939
9938
9937
9936
9936
9936
9935
9931
9931
9930
9930
9930
9929
9928
9926
9926
9926
9925
9920
9919
9918
9917
9916
9916
9914
9914
9912
9911
9910
9907
9907
9906
9906
9906
9901
9899
9896
9895
9894
9894
9893
9891
9891
9889
9888
9887
9886
9884
9884
9883
9883
9883
9882
9882
9880
9880
9879
9879
9878
9877
9877
9877
9874
9874
9873
9872
9871
9871
9870
9867
9865
9864
9864
9863
9860
9860
9860
9859
9857
9854
9854
9852
9851
9851
9851
9849
9848
9846
9846
9846
9846
9845
9845
9843
9842
9842
9841
9841
9841
9840
9840
9839
9839
9838
9837
9836
9835
9833
9832
9829
9828
9828
9827
9827
9825
9824
9822
9822
9819
9818
9816
9816
9814
9813
9813
9810
9810
9808
9807
9806
9805
9805
9805
9802
9800
9798
9796
9796
9795
9795
9794
9794
9793
9792
9792
9791
9791
9791
9790
9790
9789
9786
9785
9783
9781
9781
9779
9778
9776
9776
9776
9775
9775
9775
9774
9773
9771
9770
9769
9766
9762
9761
9761
9761
9761
9760
9760
9757
9757
9756
9756
9755
9754
9753
9750
9750
9747
9747
9747
9745
9745
9744
9743
9743
9742
9740
9740
9740
9738
9737
9737
9737
9737
9736
9736
9736
9734
9733
9731
9730
9729
9725
9723
9723
9723
9723
9722
9721
9721
9719
9718
9718
9716
9716
9712
9710
9708
9706
9706
9706
9705
9703
9699
9698
9698
9697
9694
9694
9692
9692
9690
9690
9690
9689
9688
9688
9687
9685
9685
9685
9684
9684
9683
9683
9681
9680
9680
9679
9679
9678
9677
9677
9676
9674
9673
9672
9671
9670
9670
9670
9670
9669
9667
9665
9663
9661
9660
9659
9658
9657
9656
9649
9649
9649
9649
9649
9648
9648
9648
9648
9646
9645
9645
9645
9645
9644
9643
9638
9638
9638
9637
9636
9635
9634
9634
9633
9631
9631
9630
9630
9629
9628
9628
9626
9624
9624
9622
9622
9619
9619
9618
9612
9611
9611
9608
9608
9608
9605
9603
9601
9601
9599
9596
9596
9595
9595
9594
9593
9592
9590
9590
9587
9587
9587
9587
9587
9584
9583
9583
9582
9582
9582
9581
9580
9576
9575
9574
9574
9572
9572
9571
9571
9568
9567
9567
9567
9566
9565
9563
9563
9561
9560
9560
9559
9559
9558
9556
9556
9554
9554
9553
9552
9552
9551
9551
9550
9550
9550
9549
9548
9547
9547
9545
9544
9544
9544
9544
9543
9543
9542
9540
9540
9538
9537
9537
9537
9535
9534
9534
9532
9532
9532
9532
9532
9531
9530
9529
9529
9529
9527
9527
9526
9523
9521
9519
9519
9518
9517
9515
9513
9510
9506
9504
9502
9499
9498
9498
9498
9497
9495
9493
9493
9493
9489
9488
9488
9488
9485
9484
9483
9481
9481
9478
9477
9477
9476
9473
9471
9470
9469
9468
9467
9467
9466
9464
9463
9462
9461
9461
9460
9460
9460
9459
9459
9458
9457
9457
9452
9452
9450
9448
9447
9446
9445
9443
9443
9441
9440
9440
9439
9439
9439
9438
9438
9438
9438
9433
9432
9431
9430
9429
9429
9429
9429
9426
9426
9425
9423
9421
9419
9419
9418
9418
9417
9417
9416
9416
9414
9413
9412
9411
9411
9411
9411
9410
9410
9408
9408
9407
9403
9403
9401
9398
9397
9395
9395
9395
9395
9393
9393
9392
9391
9391
9391
9390
9390
9388
9386
9384
9384
9383
9383
9382
9380
9379
9379
9378
9377
9376
9375
9374
9373
9373
9372
9372
9371
9368
9367
9366
9366
9366
9365
9365
9364
9364
9361
9358
9356
9356
9353
9352
9352
9352
9350
9350
9349
9346
9346
9345
9342
9342
9340
9340
9339
9337
9337
9336
9336
9335
9334
9333
9330
9326
9325
9324
9324
9324
9323
9322
9322
9322
9322
9322
9321
9321
9320
9320
9319
9317
9313
9309
9308
9308
9307
9306
9305
9305
9303
9302
9301
9300
9300
9297
9295
9294
9292
9292
9291
9290
9288
9286
9285
9284
9282
9281
9277
9276
9275
9275
9274
9274
9273
9272
9270
9269
9269
9269
9267
9264
9264
9264
9263
9263
9262
9262
9262
9261
9260
9259
9259
9258
9257
9256
9255
9253
9253
9253
9252
9252
9251
9249
9248
9246
9246
9246
9245
9245
9245
9245
9244
9243
9243
9242
9240
9237
9237
9237
9236
9235
9235
9234
9234
9232
9232
9231
9231
9230
9229
9228
9227
9227
9227
9226
9224
9224
9223
9220
9218
9217
9213
9210
9209
9203
9199
9198
9195
9195
9194
9193
9192
9192
9192
9191
9191
9190
9189
9188
9187
9185
9184
9181
9181
9180
9180
9179
9177
9176
9176
9173
9172
9172
9171
9170
9169
9168
9166
9165
9165
9164
9164
9161
9160
9160
9157
9157
9157
9156
9156
9156
9155
9153
9152
9152
9151
9151
9149
9148
9148
9145
9143
9143
9140
9138
9137
9136
9134
9134
9133
9131
9130
9129
9128
9127
9127
9126
9123
9121
9120
9120
9119
9118
9117
9116
9114
9113
9113
9110
9108
9108
9107
9106
9102
9101
9100
9100
9098
9098
9096
9095
9093
9092
9092
9091
9089
9088
9087
9086
9086
9085
9085
9084
9083
9082
9079
9079
9075
9074
9074
9073
9073
9073
9071
9071
9069
9067
9066
9064
9064
9062
9062
9061
9061
9060
9058
9057
9056
9056
9053
9051
9051
9051
9050
9047
9047
9045
9043
9042
9040
9036
9035
9035
9033
9032
9030
9028
9028
9027
9026
9022
9022
9021
9021
9021
9018
9018
9015
9014
9014
9013
9012
9007
9007
9004
9003
9001
8999
8999
8998
8998
8997
8997
8996
8995
8990
8988
8987
8986
8984
8981
8981
8980
8980
8972
8972
8970
8970
8969
8968
8968
8966
8966
8966
8963
8962
8960
8959
8959
8958
8957
8957
8956
8955
8954
8954
8953
8952
8952
8950
8949
8948
8945
8942
8941
8939
8939
8938
8938
8937
8937
8934
8934
8933
8932
8932
8931
8929
8929
8929
8928
8927
8927
8926
8922
8921
8920
8919
8918
8918
8918
8918
8917
8916
8914
8914
8914
8912
8910
8910
8909
8908
8906
8906
8905
8904
8903
8901
8901
8899
8897
8895
8895
8891
8891
8891
8890
8889
8888
8886
8885
8882
8881
8880
8877
8877
8876
8875
8874
8874
8874
8874
8871
8870
8869
8868
8866
8865
8865
8864
8864
8862
8861
8861
8861
8860
8859
8858
8855
8853
8852
8848
8848
8846
8845
8845
8845
8844
8844
8842
8841
8841
8840
8839
8838
8836
8834
8833
8833
8833
8833
8831
8829
8828
8828
8826
8826
8824
8823
8823
8822
8821
8821
8821
8821
8820
8820
8820
8820
8819
8818
8816
8815
8814
8814
8809
8808
8808
8808
8805
8805
8805
8804
8804
8804
8804
8804
8803
8802
8802
8802
8802
8801
8801
8801
8799
8799
8799
8797
8794
8794
8794
8792
8789
8788
8788
8787
8787
8786
8785
8785
8785
8785
8785
8784
8784
8782
8782
8781
8780
8779
8779
8779
8777
8777
8777
8774
8773
8771
8771
8770
8768
8767
8765
8763
8763
8763
8761
8761
8761
8758
8758
8757
8757
8757
8757
8757
8757
8757
8756
8756
8756
8752
8750
8749
8748
8748
8747
8746
8746
8744
8744
8740
8739
8739
8739
8739
8738
8737
8735
8734
8734
8732
8732
8730
8728
8727
8726
8725
8724
8724
8724
8722
8721
8720
8719
8718
8717
8717
8716
8716
8715
8714
8714
8713
8713
8713
8713
8710
8708
8708
8708
8705
8704
8704
8703
8703
8702
8701
8700
8700
8700
8699
8698
8694
8694
8692
8691
8690
8688
8685
8683
8679
8679
8678
8677
8675
8674
8673
8673
8672
8672
8671
8670
8670
8669
8665
8665
8665
8665
8663
8662
8661
8661
8660
8660
8659
8657
8657
8656
8654
8652
8650
8650
8650
8647
8645
8644
8644
8641
8638
8635
8634
8633
8633
8631
8630
8630
8630
8627
8627
8626
8624
8623
8622
8619
8619
8618
8618
8617
8617
8615
8614
8614
8613
8609
8609
8609
8608
8606
8605
8605
8605
8603
8603
8603
8602
8601
8600
8599
8599
8599
8598
8597
8597
8596
8593
8592
8592
8592
8591
8590
8588
8587
8586
8585
8585
8584
8584
8583
8583
8583
8580
8579
8577
8573
8573
8573
8572
8568
8567
8567
8566
8565
8562
8562
8559
8557
8557
8556
8555
8555
8554
8554
8553
8553
8551
8551
8550
8550
8549
8549
8549
8544
8543
8540
8540
8536
8535
8535
8534
8532
8528
8528
8527
8527
8525
8524
8523
8522
8521
8520
8520
8519
8519
8518
8517
8517
8516
8515
8513
8513
8512
8511
8511
8511
8511
8510
8509
8509
8508
8508
8506
8506
8506
8506
8504
8503
8502
8502
8501
8500
8500
8498
8498
8497
8497
8496
8495
8494
8493
8491
8491
8490
8490
8489
8485
8482
8482
8481
8481
8479
8479
8477
8475
8475
8474
8474
8473
8472
8469
8468
8468
8467
8467
8466
8465
8465
8465
8464
8463
8463
8463
8462
8462
8461
8461
8460
8460
8457
8456
8455
8452
8452
8451
8450
8450
8450
8450
8450
8449
8449
8448
8448
8447
8445
8445
8444
8444
8441
8441
8439
8439
8438
8438
8436
8436
8435
8434
8433
8432
8432
8432
8431
8431
8430
8426
8425
8425
8424
8424
8424
8422
8421
8421
8418
8418
8417
8417
8415
8413
8411
8408
8407
8407
8407
8407
8407
8406
8405
8405
8405
8405
8404
8404
8403
8401
8399
8399
8399
8398
8396
8395
8395
8393
8393
8392
8391
8389
8389
8388
8388
8388
8387
8387
8387
8386
8384
8381
8381
8381
8380
8380
8379
8377
8377
8377
8377
8374
8373
8372
8372
8370
8370
8369
8369
8368
8367
8365
8364
8363
8363
8357
8357
8356
8356
8355
8355
8355
8355
8353
8350
8349
8348
8348
8348
8346
8345
8343
8343
8343
8341
8341
8341
8340
8340
8338
8336
8334
8334
8333
8332
8332
8331
8330
8329
8329
8328
8328
8327
8326
8326
8326
8325
8325
8324
8323
8321
8320
8320
8319
8317
8316
8314
8311
8311
8310
8310
8309
8306
8305
8304
8304
8303
8302
8302
8301
8301
8300
8299
8297
8295
8294
8294
8293
8292
8292
8289
8288
8287
8287
8285
8283
8282
8282
8282
8282
8280
8279
8279
8279
8275
8275
8274
8273
8273
8272
8271
8270
8265
8260
8259
8258
8255
8254
8254
8253
8253
8252
8251
8251
8251
8250
8249
8247
8247
8246
8245
8244
8243
8241
8240
8237
8234
8233
8232
8231
8230
8230
8229
8229
8226
8226
8225
8222
8222
8221
8220
8220
8220
8220
8220
8219
8216
8216
8215
8215
8212
8212
8211
8211
8209
8209
8206
8206
8206
8205
8204
8204
8203
8203
8203
8202
8201
8200
8198
8197
8197
8196
8195
8195
8194
8193
8192
8190
8189
8189
8189
8188
8188
8188
8187
8187
8185
8184
8183
8181
8180
8180
8179
8178
8176
8176
8175
8174
8173
8172
8172
8169
8169
8168
8167
8167
8166
8166
8165
8162
8161
8161
8159
8159
8159
8156
8155
8152
8152
8150
8149
8149
8148
8147
8146
8145
8145
8144
8143
8143
8137
8136
8132
8131
8130
8128
8127
8127
8127
8127
8127
8124
8122
8121
8120
8120
8117
8116
8114
8111
8111
8110
8110
8109
8108
8107
8107
8106
8106
8105
8104
8104
8103
8103
8101
8100
8099
8099
8098
8098
8097
8096
8096
8096
8093
8092
8092
8092
8091
8088
8088
8086
8086
8085
8084
8083
8083
8081
8079
8077
8075
8074
8072
8072
8070
8069
8069
8068
8066
8062
8061
8061
8060
8058
8056
8055
8055
8054
8054
8053
8052
8045
8044
8044
8043
8043
8043
8041
8040
8040
8038
8038
8036
8034
8034
8033
8031
8030
8030
8030
8030
8027
8027
8027
8023
8021
8019
8019
8019
8018
8017
8016
8015
8014
8014
8012
8011
8011
8011
8011
8011
8010
8008
8007
8007
8004
8001
8000
7998
7998
7997
7995
7993
7993
7993
7990
7990
7990
7990
7989
7989
7986
7985
7984
7980
7980
7979
7979
7978
7978
7975
7974
7973
7973
7970
7970
7970
7970
7967
7967
7966
7965
7965
7960
7960
7958
7957
7956
7955
7955
7955
7954
7951
7951
7950
7949
7949
7948
7945
7944
7943
7943
7942
7942
7941
7940
7939
7939
7938
7938
7937
7937
7936
7933
7930
7927
7925
7924
7924
7924
7924
7923
7923
7921
7920
7918
7918
7918
7917
7916
7916
7916
7916
7914
7913
7912
7912
7911
7909
7909
7908
7908
7907
7906
7905
7905
7903
7902
7900
7899
7896
7896
7896
7895
7894
7894
7893
7891
7890
7889
7889
7889
7889
7888
7888
7887
7886
7886
7885
7883
7882
7879
7878
7878
7876
7875
7873
7872
7872
7871
7870
7869
7869
7868
7868
7867
7866
7866
7865
7865
7864
7863
7863
7862
7862
7861
7860
7859
7858
7853
7852
7850
7848
7845
7845
7843
7843
7842
7840
7840
7838
7838
7838
7837
7837
7837
7837
7835
7831
7828
7828
7828
7826
7825
7824
7824
7824
7824
7822
7820
7819
7817
7817
7816
7815
7815
7815
7815
7814
7810
7810
7809
7809
7809
7808
7807
7806
7805
7805
7805
7802
7802
7802
7802
7801
7800
7798
7794
7793
7792
7791
7790
7790
7789
7789
7789
7789
7788
7787
7786
7785
7784
7783
7781
7779
7778
7776
7775
7774
7773
7773
7772
7771
7770
7769
7766
7766
7765
7763
7763
7762
7761
7761
7761
7760
7759
7759
7759
7758
7757
7756
7755
7754
7754
7750
7748
7747
7745
7745
7745
7744
7744
7741
7741
7739
7737
7736
7734
7732
7732
7731
7730
7730
7730
7729
7728
7727
7726
7726
7724
7722
7721
7721
7720
7720
7719
7718
7717
7714
7714
7711
7711
7710
7709
7708
7707
7707
7706
7705
7703
7703
7699
7698
7697
7697
7694
7694
7693
7693
7692
7691
7691
7690
7690
7689
7689
7688
7685
7683
7682
7679
7679
7678
7678
7675
7675
7675
7675
7674
7674
7674
7672
7672
7672
7671
7671
7666
7665
7665
7663
7662
7660
7659
7658
7658
7657
7656
7654
7653
7652
7651
7650
7650
7649
7649
7649
7649
7649
7648
7647
7646
7644
7643
7642
7639
7638
7636
7636
7635
7635
7634
7633
7632
7632
7631
7629
7629
7628
7628
7626
7625
7624
7623
7623
7622
7621
7619
7618
7618
7616
7616
7615
7615
7614
7613
7611
7611
7610
7610
7609
7609
7608
7608
7606
7606
7604
7603
7600
7600
7600
7598
7596
7595
7594
7594
7594
7594
7593
7593
7592
7591
7591
7589
7588
7587
7586
7586
7586
7586
7586
7584
7582
7581
7577
7577
7576
7574
7571
7569
7568
7568
7567
7567
7567
7566
7565
7564
7564
7564
7563
7561
7560
7560
7560
7559
7557
7556
7555
7555
7555
7553
7553
7553
7551
7550
7550
7549
7548
7547
7546
7546
7545
7544
7544
7539
7539
7537
7536
7536
7534
7532
7531
7527
7525
7525
7524
7523
7521
7520
7519
7518
7518
7514
7514
7513
7509
7509
7509
7507
7506
7505
7505
7504
7504
7503
7502
7502
7502
7501
7501
7500
7499
7498
7497
7496
7495
7494
7491
7490
7490
7489
7488
7488
7486
7484
7480
7478
7478
7475
7473
7473
7472
7469
7469
7465
7464
7460
7460
7460
7459
7459
7458
7457
7455
7455
7454
7454
7453
7453
7450
7448
7448
7448
7446
7446
7442
7442
7437
7436
7436
7435
7435
7435
7433
7432
7432
7431
7431
7431
7428
7427
7423
7421
7420
7419
7419
7418
7417
7416
7414
7412
7412
7411
7411
7410
7410
7409
7408
7408
7407
7407
7405
7402
7400
7399
7398
7397
7396
7396
7396
7395
7394
7394
7394
7393
7393
7392
7391
7387
7387
7386
7386
7385
7385
7382
7381
7381
7381
7380
7379
7377
7374
7371
7369
7367
7366
7366
7366
7365
7365
7365
7363
7363
7361
7360
7360
7360
7359
7359
7359
7357
7357
7356
7356
7353
7353
7352
7352
7351
7350
7349
7349
7345
7343
7341
7340
7339
7339
7338
7338
7335
7328
7328
7328
7327
7326
7325
7323
7323
7322
7321
7321
7321
7320
7319
7318
7318
7317
7315
7315
7314
7312
7312
7311
7310
7309
7309
7308
7308
7306
7306
7305
7305
7303
7302
7302
7301
7299
7298
7296
7294
7291
7291
7288
7287
7286
7285
7282
7282
7282
7281
7279
7278
7276
7274
7271
7271
7270
7269
7269
7269
7268
7268
7267
7266
7266
7266
7263
7263
7261
7260
7259
7258
7256
7254
7254
7252
7251
7251
7251
7249
7249
7248
7248
7247
7247
7247
7245
7244
7244
7243
7241
7239
7239
7238
7238
7235
7235
7234
7234
7231
7230
7229
7228
7228
7226
7226
7225
7223
7222
7221
7220
7220
7220
7214
7214
7214
7214
7211
7210
7208
7204
7204
7204
7203
7203
7201
7200
7200
7200
7199
7197
7196
7194
7192
7191
7190
7190
7189
7189
7188
7188
7187
7186
7184
7183
7183
7183
7182
7182
7181
7180
7180
7177
7177
7177
7176
7176
7176
7175
7175
7174
7173
7172
7172
7172
7172
7170
7168
7168
7168
7166
7162
7161
7160
7160
7159
7159
7157
7156
7155
7155
7151
7150
7148
7147
7139
7136
7136
7134
7133
7133
7130
7130
7130
7129
7128
7127
7126
7126
7125
7124
7124
7124
7123
7122
7122
7117
7116
7115
7115
7114
7113
7109
7108
7108
7107
7107
7106
7106
7105
7104
7102
7102
7100
7100
7097
7096
7095
7092
7087
7087
7086
7084
7084
7083
7081
7080
7078
7078
7077
7077
7077
7076
7076
7076
7075
7075
7075
7075
7073
7072
7072
7071
7071
7071
7071
7068
7068
7066
7065
7064
7064
7064
7063
7063
7062
7062
7060
7058
7058
7056
7054
7053
7052
7051
7051
7050
7050
7049
7048
7048
7048
7044
7044
7042
7041
7038
7037
7035
7035
7034
7033
7033
7033
7030
7030
7030
7025
7025
7022
7016
7016
7014
7013
7011
7011
7011
7010
7009
7008
7007
7006
7006
7003
7002
7001
7001
7001
6999
6997
6997
6996
6995
6994
6994
6991
6991
6990
6990
6990
6988
6988
6988
6988
6988
6988
6987
6986
6986
6985
6985
6984
6982
6982
6981
6981
6980
6980
6978
6978
6977
6977
6977
6976
6975
6974
6974
6972
6970
6970
6970
6970
6968
6968
6968
6967
6966
6965
6963
6962
6961
6958
6958
6958
6956
6955
6954
6952
6952
6951
6951
6951
6949
6948
6948
6947
6947
6947
6946
6946
6946
6944
6944
6944
6944
6941
6940
6940
6939
6939
6939
6938
6937
6935
6935
6935
6934
6932
6932
6931
6931
6930
6929
6929
6928
6926
6926
6924
6923
6922
6922
6921
6919
6919
6918
6915
6913
6912
6910
6910
6907
6904
6904
6903
6902
6901
6901
6899
6898
6897
6897
6894
6894
6894
6893
6892
6888
6887
6887
6887
6887
6886
6886
6884
6883
6883
6882
6882
6882
6880
6880
6880
6879
6879
6875
6873
6873
6872
6869
6868
6868
6867
6867
6866
6866
6864
6863
6862
6862
6861
6860
6860
6859
6859
6858
6857
6856
6853
6851
6847
6847
6846
6843
6842
6842
6842
6840
6840
6839
6838
6837
6835
6835
6832
6832
6831
6831
6830
6830
6830
6828
6826
6825
6824
6824
6823
6822
6818
6817
6816
6816
6815
6815
6815
6814
6814
6813
6812
6809
6809
6809
6809
6809
6807
6807
6806
6806
6806
6805
6805
6805
6803
6803
6802
6799
6798
6797
6796
6794
6793
6793
6791
6790
6788
6788
6786
6786
6782
6781
6781
6779
6777
6774
6774
6773
6773
6772
6771
6771
6770
6769
6767
6766
6766
6765
6764
6763
6761
6761
6760
6759
6758
6756
6756
6755
6755
6755
6753
6753
6750
6749
6748
6747
6747
6747
6745
6745
6745
6745
6743
6743
6742
6741
6740
6740
6739
6736
6733
6733
6732
6732
6731
6731
6729
6728
6728
6728
6727
6727
6726
6724
6723
6722
6721
6720
6719
6719
6717
6717
6714
6713
6713
6711
6710
6710
6709
6708
6705
6705
6704
6704
6702
6702
6701
6701
6698
6698
6697
6697
6695
6694
6694
6693
6692
6691
6689
6688
6688
6687
6686
6684
6683
6683
6682
6682
6681
6681
6680
6679
6676
6673
6672
6672
6671
6671
6670
6669
6669
6667
6667
6666
6665
6664
6663
6663
6661
6659
6658
6657
6655
6654
6654
6653
6652
6652
6651
6651
6650
6650
6650
6649
6649
6648
6647
6647
6644
6643
6643
6639
6638
6637
6637
6637
6636
6635
6635
6633
6632
6631
6629
6628
6628
6628
6626
6623
6623
6623
6623
6621
6620
6620
6619
6618
6616
6613
6613
6612
6612
6610
6610
6608
6607
6605
6605
6605
6605
6603
6602
6601
6601
6600
6600
6599
6597
6596
6594
6592
6592
6589
6588
6588
6587
6586
6584
6581
6581
6580
6580
6580
6578
6578
6577
6577
6576
6576
6576
6576
6576
6574
6574
6574
6574
6574
6572
6572
6570
6569
6569
6569
6568
6568
6566
6565
6565
6561
6560
6559
6557
6557
6557
6557
6555
6554
6553
6552
6552
6551
6551
6550
6549
6549
6547
6546
6545
6545
6543
6543
6542
6541
6536
6534
6534
6533
6531
6531
6530
6530
6528
6527
6526
6525
6524
6524
6521
6520
6519
6519
6518
6518
6517
6516
6516
6514
6512
6511
6510
6509
6509
6507
6504
6501
6500
6497
6497
6496
6496
6495
6494
6493
6492
6492
6492
6490
6488
6487
6486
6484
6482
6482
6481
6481
6481
6480
6480
6479
6476
6475
6473
6473
6472
6471
6469
6469
6467
6466
6466
6465
6465
6465
6465
6464
6463
6462
6462
6461
6461
6460
6460
6456
6453
6453
6453
6452
6452
6450
6450
6449
6448
6447
6446
6446
6445
6445
6444
6444
6444
6443
6442
6442
6440
6440
6439
6438
6437
6436
6436
6436
6436
6436
6435
6433
6433
6433
6432
6432
6431
6430
6430
6429
6428
6427
6426
6426
6426
6425
6425
6425
6424
6424
6421
6420
6418
6417
6417
6415
6415
6415
6414
6414
6413
6411
6411
6410
6410
6410
6409
6409
6409
6405
6404
6403
6402
6399
6399
6396
6395
6394
6394
6393
6392
6392
6391
6387
6387
6383
6382
6382
6381
6381
6380
6374
6374
6373
6373
6372
6371
6370
6369
6368
6367
6366
6364
6364
6361
6359
6358
6358
6358
6357
6357
6352
6351
6350
6348
6345
6344
6344
6344
6344
6343
6343
6342
6342
6340
6339
6339
6338
6337
6336
6336
6335
6334
6332
6332
6331
6330
6329
6329
6329
6328
6327
6325
6325
6322
6319
6319
6319
6319
6319
6316
6316
6315
6314
6314
6313
6312
6311
6311
6310
6309
6307
6307
6306
6304
6303
6302
6299
6297
6297
6296
6296
6295
6294
6292
6290
6289
6289
6289
6287
6286
6286
6283
6282
6282
6282
6281
6281
6281
6280
6279
6279
6278
6278
6275
6275
6274
6274
6274
6273
6272
6271
6269
6269
6267
6267
6267
6264
6263
6262
6262
6261
6261
6260
6260
6260
6259
6259
6259
6258
6256
6254
6254
6254
6254
6253
6252
6251
6247
6246
6245
6244
6243
6240
6240
6240
6239
6238
6237
6237
6236
6235
6233
6233
6231
6231
6231
6231
6229
6223
6222
6222
6219
6219
6219
6218
6216
6214
6213
6212
6211
6211
6211
6208
6208
6208
6208
6207
6205
6203
6203
6203
6200
6199
6198
6197
6196
6193
6193
6192
6191
6190
6190
6189
6188
6188
6187
6187
6185
6184
6184
6184
6182
6182
6182
6180
6179
6178
6177
6175
6174
6174
6174
6173
6173
6172
6172
6172
6169
6169
6167
6167
6164
6164
6162
6161
6160
6159
6156
6155
6155
6154
6153
6152
6151
6151
6149
6149
6148
6146
6146
6143
6143
6141
6141
6137
6136
6136
6136
6135
6135
6134
6131
6131
6128
6127
6126
6124
6119
6116
6115
6114
6113
6113
6112
6110
6110
6109
6109
6106
6106
6105
6104
6103
6102
6102
6101
6100
6100
6099
6098
6096
6096
6095
6095
6095
6092
6092
6090
6089
6086
6085
6082
6080
6079
6078
6077
6077
6077
6076
6076
6075
6075
6074
6074
6072
6071
6070
6069
6068
6068
6065
6064
6063
6062
6058
6057
6057
6057
6056
6055
6055
6054
6053
6052
6049
6047
6047
6046
6046
6045
6045
6045
6045
6043
6043
6043
6041
6041
6039
6038
6038
6037
6036
6036
6034
6033
6033
6031
6030
6030
6029
6029
6028
6028
6027
6027
6027
6026
6024
6024
6022
6022
6019
6019
6018
6018
6017
6017
6016
6016
6014
6014
6013
6012
6012
6011
6011
6011
6010
6010
6010
6009
6008
6007
6007
6006
6006
6006
6006
6006
6004
6002
5999
5998
5998
5997
5994
5992
5992
5991
5990
5989
5989
5989
5989
5988
5988
5987
5986
5986
5986
5984
5984
5983
5983
5982
5982
5982
5982
5981
5980
5979
5979
5978
5977
5975
5975
5974
5973
5973
5971
5970
5969
5969
5969
5968
5967
5966
5966
5966
5965
5961
5961
5960
5959
5958
5957
5954
5952
5951
5951
5949
5949
5947
5947
5946
5946
5944
5944
5942
5942
5941
5941
5940
5940
5938
5937
5937
5937
5935
5933
5933
5932
5932
5930
5929
5929
5928
5928
5927
5927
5927
5926
5925
5925
5923
5923
5923
5922
5922
5921
5921
5920
5917
5917
5917
5917
5915
5914
5913
5913
5911
5910
5909
5908
5907
5906
5906
5905
5903
5901
5900
5900
5899
5899
5898
5898
5898
5898
5896
5894
5893
5892
5890
5890
5888
5887
5885
5883
5882
5879
5878
5877
5877
5876
5876
5873
5872
5869
5866
5866
5865
5864
5864
5863
5863
5862
5862
5862
5861
5859
5857
5855
5854
5853
5851
5850
5848
5848
5847
5847
5845
5845
5843
5843
5843
5842
5842
5842
5840
5839
5838
5838
5837
5837
5837
5837
5835
5833
5831
5831
5830
5829
5827
5827
5827
5826
5826
5825
5825
5825
5824
5824
5821
5820
5819
5818
5818
5818
5816
5815
5811
5809
5809
5808
5806
5803
5802
5801
5801
5801
5800
5799
5798
5798
5797
5797
5797
5796
5796
5795
5794
5791
5791
5789
5784
5783
5782
5782
5781
5781
5781
5780
5780
5778
5778
5777
5775
5772
5771
5771
5771
5771
5770
5770
5769
5769
5767
5767
5765
5764
5762
5762
5762
5760
5760
5760
5756
5756
5756
5754
5753
5752
5752
5752
5750
5750
5750
5749
5746
5746
5744
5743
5742
5741
5741
5740
5740
5740
5738
5737
5736
5735
5733
5732
5731
5728
5728
5727
5725
5725
5724
5722
5721
5720
5717
5717
5716
5716
5714
5714
5714
5714
5713
5712
5711
5711
5711
5709
5708
5708
5706
5705
5703
5701
5700
5698
5698
5695
5694
5692
5691
5690
5690
5690
5690
5686
5686
5685
5684
5684
5683
5682
5682
5679
5676
5676
5676
5675
5675
5674
5673
5673
5670
5669
5667
5667
5667
5664
5662
5661
5661
5659
5659
5652
5650
5650
5649
5649
5648
5648
5647
5647
5645
5645
5644
5644
5644
5642
5641
5638
5635
5635
5633
5633
5632
5632
5631
5630
5628
5627
5626
5626
5625
5624
5623
5623
5622
5621
5620
5620
5619
5618
5615
5614
5614
5613
5613
5611
5610
5609
5608
5608
5604
5603
5603
5602
5602
5601
5598
5597
5596
5595
5595
5595
5591
5591
5590
5589
5587
5585
5585
5585
5584
5582
5582
5580
5575
5574
5573
5571
5571
5569
5568
5567
5566
5565
5565
5561
5561
5560
5559
5559
5558
5555
5555
5554
5554
5553
5552
5552
5550
5549
5549
5547
5547
5547
5547
5547
5546
5545
5544
5543
5542
5542
5540
5539
5537
5537
5536
5536
5533
5533
5533
5530
5529
5527
5526
5525
5525
5525
5524
5524
5522
5521
5518
5514
5514
5514
5513
5511
5510
5508
5506
5506
5504
5503
5501
5501
5500
5500
5500
5497
5497
5496
5495
5495
5493
5491
5486
5485
5485
5484
5482
5481
5481
5480
5480
5479
5478
5476
5475
5471
5469
5468
5468
5467
5467
5467
5467
5462
5462
5462
5461
5460
5459
5458
5458
5457
5457
5456
5453
5453
5453
5453
5452
5452
5450
5450
5449
5448
5447
5447
5444
5443
5440
5439
5439
5439
5439
5438
5438
5438
5437
5437
5435
5435
5432
5428
5427
5425
5424
5423
5422
5421
5417
5416
5416
5415
5414
5413
5413
5410
5409
5408
5407
5407
5404
5404
5404
5402
5402
5399
5399
5398
5398
5397
5394
5393
5393
5390
5388
5388
5387
5385
5384
5384
5384
5383
5383
5382
5381
5380
5380
5378
5377
5377
5377
5377
5377
5376
5374
5372
5371
5371
5370
5370
5368
5368
5368
5366
5366
5363
5362
5361
5360
5359
5359
5359
5359
5358
5356
5355
5353
5353
5353
5352
5352
5352
5352
5350
5350
5350
5349
5349
5347
5346
5341
5341
5336
5335
5335
5334
5333
5333
5332
5331
5330
5330
5329
5329
5328
5328
5327
5325
5325
5323
5321
5319
5319
5318
5317
5316
5316
5313
5312
5312
5308
5307
5307
5307
5307
5306
5305
5304
5303
5303
5302
5300
5298
5296
5295
5295
5294
5293
5293
5290
5289
5289
5288
5286
5284
5284
5282
5282
5281
5281
5280
5279
5279
5278
5275
5274
5274
5273
5272
5271
5268
5266
5264
5263
5262
5262
5258
5257
5255
5254
5252
5252
5251
5251
5251
5248
5248
5247
5247
5245
5244
5244
5243
5239
5238
5238
5237
5232
5231
5230
5225
5225
5224
5223
5222
5219
5218
5216
5216
5215
5215
5215
5214
5214
5212
5212
5211
5211
5208
5208
5206
5206
5205
5205
5204
5204
5203
5201
5200
5200
5199
5198
5197
5196
5196
5194
5190
5190
5189
5188
5188
5188
5187
5186
5183
5183
5182
5179
5179
5178
5178
5175
5175
5175
5174
5173
5173
5171
5171
5170
5166
5163
5162
5162
5161
5160
5158
5156
5156
5154
5154
5154
5153
5152
5151
5150
5149
5148
5147
5147
5147
5147
5145
5145
5143
5142
5142
5142
5140
5140
5139
5138
5137
5136
5135
5135
5131
5130
5130
5129
5129
5127
5126
5124
5124
5124
5123
5122
5119
5119
5118
5117
5117
5115
5114
5114
5113
5112
5111
5110
5109
5107
5106
5106
5106
5105
5105
5105
5102
5100
5096
5095
5094
5094
5093
5092
5092
5090
5088
5088
5088
5087
5084
5082
5081
5080
5079
5079
5078
5076
5076
5076
5074
5072
5072
5071
5070
5069
5068
5067
5066
5066
5065
5064
5064
5063
5063
5062
5062
5060
5057
5056
5054
5054
5054
5053
5050
5050
5050
5050
5049
5049
5048
5048
5046
5046
5046
5045
5044
5044
5040
5039
5039
5039
5038
5038
5037
5037
5035
5034
5032
5031
5031
5027
5027
5026
5021
5021
5019
5019
5018
5018
5017
5017
5016
5016
5014
5014
5013
5012
5011
5010
5010
5009
5008
5007
5005
5004
5004
5004
5003
5002
5001
5000
5000
5000
5000
4999
4998
4998
4996
4996
4996
4995
4994
4993
4992
4992
4992
4990
4986
4986
4985
4983
4982
4981
4979
4978
4976
4975
4972
4969
4969
4969
4968
4968
4967
4967
4966
4964
4963
4963
4963
4962
4961
4960
4960
4960
4959
4957
4955
4954
4953
4951
4949
4949
4949
4948
4946
4946
4945
4943
4943
4942
4940
4938
4938
4936
4934
4933
4932
4930
4926
4924
4923
4923
4923
4922
4922
4920
4920
4919
4918
4917
4915
4915
4914
4914
4913
4913
4912
4911
4911
4911
4910
4907
4906
4905
4905
4900
4900
4898
4898
4898
4897
4894
4893
4892
4890
4889
4884
4883
4883
4883
4881
4880
4878
4876
4874
4873
4871
4869
4868
4866
4866
4865
4864
4861
4861
4859
4859
4857
4853
4852
4850
4849
4849
4848
4848
4846
4840
4839
4839
4838
4838
4837
4835
4833
4831
4830
4830
4830
4829
4829
4828
4827
4824
4824
4824
4823
4820
4820
4819
4819
4816
4814
4813
4813
4812
4811
4810
4807
4806
4805
4803
4802
4801
4801
4800
4797
4796
4795
4794
4792
4789
4789
4788
4787
4787
4787
4787
4786
4785
4784
4783
4783
4782
4782
4780
4779
4779
4779
4778
4777
4777
4775
4773
4773
4772
4772
4772
4772
4772
4768
4766
4764
4763
4762
4760
4759
4758
4758
4755
4755
4755
4753
4753
4751
4750
4750
4749
4749
4749
4748
4747
4746
4746
4746
4744
4743
4743
4742
4742
4741
4741
4740
4739
4738
4738
4737
4737
4735
4735
4734
4733
4733
4732
4732
4730
4730
4729
4728
4727
4726
4725
4724
4723
4723
4723
4722
4721
4720
4720
4719
4718
4718
4714
4713
4712
4710
4708
4708
4708
4707
4702
4701
4697
4697
4697
4697
4695
4692
4691
4690
4687
4686
4684
4683
4683
4682
4682
4681
4681
4680
4680
4679
4679
4678
4678
4678
4676
4676
4676
4673
4672
4672
4669
4665
4664
4664
4664
4658
4658
4656
4656
4656
4655
4654
4652
4651
4650
4644
4644
4644
4643
4642
4640
4640
4639
4639
4636
4635
4635
4632
4631
4629
4626
4625
4624
4623
4622
4622
4619
4619
4616
4612
4611
4611
4611
4608
4607
4607
4603
4602
4599
4597
4596
4596
4596
4595
4595
4594
4594
4593
4592
4592
4589
4589
4588
4587
4587
4587
4586
4582
4582
4581
4580
4580
4579
4578
4577
4576
4575
4572
4572
4570
4569
4568
4567
4567
4567
4567
4567
4566
4566
4565
4563
4562
4562
4562
4562
4560
4559
4559
4557
4557
4557
4556
4555
4555
4554
4554
4553
4553
4550
4549
4547
4547
4547
4545
4545
4545
4545
4544
4544
4542
4542
4542
4539
4539
4537
4534
4534
4533
4532
4532
4531
4531
4530
4529
4526
4526
4526
4522
4519
4518
4517
4516
4516
4515
4514
4514
4514
4513
4513
4512
4512
4511
4510
4510
4508
4507
4507
4506
4502
4501
4499
4499
4496
4495
4494
4491
4489
4489
4488
4487
4486
4486
4485
4485
4484
4484
4482
4478
4477
4476
4475
4474
4472
4472
4471
4471
4471
4467
4467
4466
4463
4463
4461
4461
4460
4460
4459
4459
4458
4458
4458
4456
4454
4454
4453
4452
4451
4447
4446
4445
4442
4441
4441
4440
4437
4436
4436
4434
4433
4433
4433
4432
4431
4430
4430
4429
4429
4428
4428
4426
4425
4423
4423
4423
4422
4421
4421
4421
4420
4420
4417
4417
4416
4412
4410
4409
4408
4408
4408
4404
4403
4401
4400
4400
4399
4399
4399
4390
4389
4389
4386
4386
4384
4383
4383
4380
4380
4378
4377
4377
4376
4376
4374
4373
4373
4372
4371
4371
4364
4361
4361
4358
4354
4354
4354
4354
4353
4352
4352
4352
4351
4350
4349
4349
4348
4348
4347
4346
4344
4342
4342
4340
4340
4340
4339
4339
4338
4338
4336
4335
4332
4329
4328
4327
4325
4323
4322
4320
4319
4318
4317
4314
4313
4312
4312
4312
4311
4311
4310
4309
4308
4307
4306
4305
4305
4304
4304
4303
4302
4302
4301
4300
4300
4297
4290
4289
4289
4289
4289
4288
4284
4283
4283
4283
4281
4280
4279
4278
4277
4275
4274
4273
4272
4272
4272
4271
4271
4270
4268
4266
4265
4264
4262
4261
4260
4260
4260
4258
4258
4258
4256
4256
4256
4255
4253
4253
4250
4250
4249
4246
4246
4244
4243
4242
4241
4241
4239
4238
4238
4235
4233
4231
4229
4229
4226
4224
4223
4223
4222
4221
4220
4219
4218
4218
4217
4216
4216
4214
4212
4212
4211
4210
4210
4209
4209
4208
4208
4203
4202
4200
4196
4196
4195
4194
4193
4193
4193
4192
4192
4191
4189
4187
4187
4187
4185
4184
4184
4180
4180
4180
4180
4180
4178
4176
4174
4173
4173
4172
4171
4170
4170
4166
4165
4163
4163
4163
4161
4161
4161
4160
4160
4159
4156
4154
4154
4153
4151
4151
4149
4148
4147
4146
4146
4145
4145
4143
4143
4143
4141
4139
4137
4136
4135
4134
4130
4130
4129
4128
4128
4127
4127
4127
4126
4125
4125
4125
4125
4124
4123
4123
4121
4120
4120
4120
4120
4119
4118
4118
4118
4117
4115
4114
4112
4112
4111
4111
4110
4108
4107
4105
4105
4105
4104
4104
4101
4098
4098
4096
4095
4095
4095
4094
4093
4093
4092
4089
4088
4086
4086
4085
4085
4083
4082
4081
4080
4080
4077
4075
4073
4073
4070
4068
4068
4067
4066
4062
4062
4060
4059
4058
4057
4057
4055
4054
4053
4052
4052
4052
4051
4051
4051
4050
4047
4046
4046
4045
4045
4044
4043
4043
4042
4041
4038
4038
4037
4036
4036
4036
4035
4034
4032
4031
4030
4029
4027
4025
4025
4024
4024
4024
4023
4023
4022
4021
4019
4019
4018
4016
4016
4015
4015
4013
4012
4011
4010
4010
4007
4003
4001
4000
3998
3996
3994
3994
3994
3991
3990
3988
3985
3982
3982
3980
3979
3975
3974
3974
3972
3969
3968
3968
3968
3968
3968
3965
3964
3963
3962
3961
3961
3959
3959
3955
3954
3953
3953
3952
3951
3951
3951
3950
3949
3949
3945
3943
3943
3942
3941
3940
3940
3939
3939
3938
3937
3937
3937
3937
3936
3936
3935
3934
3932
3932
3932
3931
3931
3930
3929
3929
3929
3928
3927
3925
3923
3922
3921
3921
3919
3919
3916
3916
3915
3915
3914
3914
3911
3910
3910
3909
3909
3909
3908
3908
3907
3906
3904
3904
3903
3902
3900
3898
3898
3898
3897
3897
3896
3896
3893
3892
3892
3891
3890
3890
3889
3888
3888
3888
3887
3887
3885
3885
3884
3882
3881
3880
3880
3879
3878
3878
3876
3875
3873
3872
3872
3872
3871
3869
3869
3868
3868
3868
3867
3867
3867
3865
3864
3864
3863
3861
3861
3858
3858
3857
3857
3857
3857
3851
3851
3849
3847
3846
3842
3841
3841
3840
3837
3836
3835
3834
3834
3834
3834
3833
3832
3830
3830
3830
3829
3828
3827
3824
3824
3823
3822
3821
3821
3819
3819
3819
3818
3817
3817
3815
3814
3813
3812
3811
3811
3810
3810
3810
3809
3808
3807
3805
3804
3804
3803
3802
3802
3801
3801
3801
3800
3798
3796
3796
3795
3794
3794
3791
3791
3790
3789
3788
3786
3786
3785
3785
3783
3783
3782
3782
3779
3775
3775
3775
3774
3773
3773
3772
3768
3768
3768
3765
3765
3765
3764
3762
3762
3762
3762
3761
3761
3761
3759
3758
3756
3755
3755
3754
3750
3750
3749
3749
3749
3748
3748
3746
3745
3742
3741
3740
3739
3739
3737
3736
3736
3736
3735
3735
3734
3733
3733
3733
3732
3731
3728
3726
3726
3720
3720
3717
3716
3714
3710
3708
3708
3707
3706
3705
3704
3703
3703
3702
3701
3701
3700
3700
3700
3700
3699
3699
3698
3696
3696
3694
3694
3693
3691
3691
3691
3689
3689
3689
3688
3688
3687
3685
3683
3683
3679
3678
3678
3676
3675
3675
3671
3670
3670
3670
3668
3664
3663
3662
3662
3661
3659
3659
3658
3658
3657
3657
3657
3654
3653
3651
3650
3649
3649
3647
3646
3645
3645
3645
3644
3644
3643
3641
3639
3637
3635
3635
3634
3633
3630
3630
3628
3627
3627
3624
3624
3624
3623
3623
3622
3620
3620
3619
3618
3618
3618
3617
3617
3615
3615
3613
3611
3610
3610
3609
3609
3607
3607
3605
3603
3603
3602
3597
3597
3595
3594
3593
3593
3593
3592
3591
3591
3590
3589
3588
3585
3585
3584
3583
3582
3578
3578
3577
3576
3576
3573
3573
3572
3571
3568
3567
3564
3563
3563
3561
3560
3559
3558
3556
3555
3554
3554
3552
3551
3551
3551
3549
3549
3546
3545
3543
3542
3541
3540
3540
3539
3538
3538
3535
3535
3534
3534
3533
3533
3531
3531
3531
3530
3528
3528
3527
3526
3522
3521
3520
3520
3519
3518
3518
3518
3517
3516
3516
3515
3513
3513
3512
3512
3512
3511
3511
3511
3511
3509
3509
3509
3508
3508
3505
3504
3503
3503
3502
3502
3502
3497
3496
3496
3493
3492
3492
3490
3490
3489
3489
3486
3484
3483
3483
3480
3479
3479
3479
3478
3477
3477
3476
3476
3474
3474
3473
3473
3468
3466
3466
3465
3465
3465
3464
3463
3461
3461
3460
3459
3459
3458
3458
3457
3455
3452
3452
3450
3449
3447
3446
3446
3446
3446
3445
3444
3443
3440
3436
3435
3434
3432
3427
3425
3423
3422
3418
3418
3417
3416
3415
3414
3413
3413
3413
3412
3410
3408
3407
3406
3406
3404
3401
3401
3401
3400
3398
3398
3395
3394
3394
3393
3392
3392
3391
3390
3390
3390
3389
3389
3389
3387
3385
3383
3383
3381
3380
3379
3378
3378
3378
3377
3377
3376
3375
3374
3374
3374
3373
3372
3372
3371
3370
3366
3366
3366
3364
3363
3363
3363
3362
3362
3361
3361
3360
3359
3355
3355
3354
3354
3354
3350
3350
3349
3349
3349
3346
3346
3345
3345
3345
3344
3342
3342
3342
3341
3341
3341
3339
3336
3335
3332
3331
3327
3327
3326
3326
3325
3324
3323
3323
3322
3322
3322
3321
3320
3317
3317
3316
3314
3312
3311
3311
3311
3311
3310
3310
3309
3309
3309
3308
3308
3308
3307
3305
3304
3304
3303
3303
3300
3300
3299
3299
3299
3298
3297
3297
3296
3295
3295
3295
3295
3293
3292
3291
3290
3290
3288
3287
3287
3287
3286
3286
3286
3286
3284
3283
3283
3283
3282
3282
3280
3278
3276
3275
3275
3275
3275
3275
3274
3271
3270
3270
3269
3269
3269
3268
3266
3266
3264
3263
3263
3262
3261
3261
3261
3260
3260
3258
3257
3257
3256
3256
3255
3254
3254
3253
3252
3252
3250
3249
3248
3248
3248
3245
3245
3244
3243
3242
3241
3241
3240
3239
3237
3235
3235
3235
3235
3234
3233
3233
3232
3230
3229
3229
3229
3228
3226
3225
3225
3224
3223
3222
3220
3218
3218
3216
3216
3211
3205
3204
3202
3201
3198
3197
3197
3197
3196
3195
3195
3194
3192
3190
3190
3190
3189
3187
3186
3184
3183
3181
3180
3180
3172
3172
3171
3170
3170
3169
3169
3167
3167
3167
3166
3165
3165
3164
3164
3162
3161
3158
3158
3157
3157
3156
3155
3154
3153
3153
3152
3151
3151
3151
3151
3150
3149
3148
3148
3146
3146
3143
3142
3141
3141
3140
3137
3137
3136
3136
3134
3134
3133
3131
3131
3130
3129
3129
3128
3128
3128
3127
3125
3123
3122
3120
3120
3119
3115
3114
3110
3110
3110
3108
3107
3106
3104
3104
3103
3102
3101
3101
3101
3100
3099
3099
3098
3098
3097
3096
3094
3094
3091
3091
3090
3090
3086
3084
3083
3080
3079
3078
3077
3077
3076
3075
3073
3072
3072
3072
3071
3069
3069
3069
3067
3067
3065
3064
3063
3063
3062
3062
3061
3061
3061
3060
3060
3059
3056
3056
3056
3055
3054
3053
3052
3052
3051
3050
3047
3047
3045
3045
3043
3043
3042
3040
3040
3033
3032
3031
3030
3030
3028
3028
3027
3026
3025
3024
3024
3023
3022
3019
3019
3018
3017
3016
3016
3016
3015
3015
3014
3014
3014
3012
3010
3009
3007
3007
3007
3006
3006
3004
3004
3003
3003
3002
3000
3000
3000
2999
2995
2994
2994
2994
2994
2991
2991
2990
2990
2989
2989
2988
2988
2987
2987
2986
2985
2982
2980
2979
2979
2978
2977
2977
2976
2974
2973
2973
2973
2973
2972
2972
2972
2971
2966
2964
2963
2962
2962
2960
2960
2956
2955
2953
2952
2952
2951
2950
2950
2950
2949
2948
2947
2947
2946
2946
2945
2945
2944
2944
2942
2941
2941
2941
2941
2940
2940
2939
2937
2937
2936
2934
2934
2933
2933
2932
2931
2931
2930
2928
2928
2928
2928
2927
2927
2926
2924
2923
2923
2921
2920
2919
2918
2917
2916
2915
2915
2914
2912
2906
2906
2905
2902
2902
2901
2901
2900
2899
2898
2898
2898
2897
2895
2894
2892
2891
2890
2890
2888
2888
2887
2884
2884
2883
2883
2882
2882
2881
2881
2873
2873
2872
2871
2869
2868
2867
2866
2865
2864
2860
2859
2858
2858
2858
2854
2852
2852
2851
2850
2849
2849
2848
2847
2847
2847
2845
2843
2843
2842
2839
2837
2837
2837
2836
2836
2835
2835
2833
2833
2832
2831
2830
2829
2828
2826
2826
2826
2824
2823
2820
2819
2819
2818
2817
2815
2814
2814
2812
2812
2812
2812
2811
2810
2809
2808
2805
2805
2804
2803
2802
2801
2798
2798
2798
2797
2797
2797
2795
2795
2794
2793
2792
2790
2790
2789
2789
2789
2787
2785
2785
2784
2783
2783
2783
2782
2781
2781
2780
2780
2780
2779
2779
2779
2779
2778
2777
2777
2776
2775
2775
2775
2775
2774
2773
2772
2772
2768
2768
2767
2767
2766
2766
2764
2763
2762
2761
2760
2759
2758
2756
2755
2755
2754
2753
2751
2751
2751
2750
2750
2750
2743
2742
2742
2742
2741
2741
2741
2740
2740
2739
2737
2737
2732
2732
2731
2731
2731
2731
2730
2730
2730
2728
2728
2724
2723
2723
2721
2720
2718
2718
2718
2717
2715
2714
2713
2712
2710
2707
2706
2706
2704
2703
2701
2700
2699
2699
2698
2697
2697
2694
2693
2693
2691
2691
2691
2690
2690
2688
2686
2685
2684
2682
2682
2682
2682
2682
2681
2680
2680
2680
2680
2679
2679
2679
2676
2670
2670
2670
2670
2667
2667
2666
2666
2665
2665
2664
2664
2664
2663
2663
2662
2661
2660
2660
2659
2658
2657
2657
2653
2653
2653
2652
2651
2650
2649
2647
2647
2644
2644
2643
2641
2641
2641
2640
2639
2639
2639
2639
2639
2637
2637
2636
2633
2633
2632
2631
2630
2629
2627
2625
2624
2624
2622
2620
2617
2616
2612
2612
2611
2611
2607
2605
2605
2604
2603
2603
2602
2601
2601
2599
2598
2598
2597
2597
2596
2596
2593
2593
2593
2592
2592
2591
2590
2589
2587
2586
2586
2586
2585
2583
2583
2582
2581
2579
2579
2577
2576
2574
2574
2572
2572
2570
2570
2569
2569
2567
2566
2565
2564
2562
2561
2561
2560
2559
2557
2557
2557
2557
2556
2556
2555
2554
2554
2553
2552
2551
2550
2550
2549
2549
2547
2547
2545
2545
2543
2540
2539
2538
2536
2535
2533
2530
2530
2530
2528
2528
2527
2525
2523
2521
2519
2518
2518
2518
2518
2517
2515
2515
2514
2512
2512
2511
2509
2507
2506
2505
2503
2503
2503
2502
2502
2502
2502
2501
2500
2500
2499
2497
2496
2494
2493
2493
2493
2492
2492
2488
2488
2488
2486
2485
2484
2482
2482
2480
2479
2478
2477
2476
2474
2473
2472
2472
2471
2469
2467
2467
2467
2467
2464
2463
2463
2462
2462
2462
2462
2460
2457
2456
2455
2455
2454
2452
2450
2450
2450
2448
2447
2446
2443
2443
2443
2442
2439
2438
2438
2437
2437
2436
2436
2436
2434
2433
2433
2433
2431
2426
2426
2426
2425
2421
2421
2420
2417
2416
2415
2414
2414
2413
2413
2412
2412
2411
2411
2411
2411
2410
2410
2409
2408
2407
2407
2405
2404
2404
2403
2402
2402
2401
2400
2397
2394
2394
2394
2392
2392
2392
2389
2388
2388
2387
2387
2386
2386
2384
2384
2382
2381
2381
2381
2380
2379
2379
2379
2375
2374
2374
2373
2372
2372
2370
2369
2368
2368
2367
2366
2366
2364
2363
2361
2361
2358
2354
2353
2352
2351
2350
2350
2350
2350
2349
2348
2348
2344
2344
2342
2342
2340
2337
2336
2336
2333
2329
2327
2326
2326
2325
2324
2323
2320
2319
2318
2316
2315
2314
2312
2312
2311
2309
2309
2308
2307
2306
2305
2303
2303
2299
2299
2298
2297
2296
2295
2295
2294
2293
2293
2292
2292
2292
2290
2289
2285
2283
2282
2282
2281
2281
2280
2280
2279
2279
2279
2278
2278
2278
2278
2277
2277
2276
2275
2273
2273
2273
2271
2271
2269
2268
2267
2267
2266
2265
2264
2264
2263
2262
2260
2259
2259
2258
2257
2255
2252
2252
2251
2251
2249
2249
2246
2244
2244
2243
2240
2240
2238
2236
2235
2234
2234
2233
2233
2230
2229
2229
2229
2228
2228
2228
2228
2226
2225
2225
2224
2224
2221
2220
2219
2218
2217
2214
2213
2213
2212
2210
2210
2210
2207
2207
2206
2206
2206
2205
2202
2201
2200
2198
2197
2196
2196
2195
2193
2190
2189
2186
2185
2185
2184
2184
2182
2181
2180
2180
2178
2178
2177
2177
2175
2173
2172
2171
2170
2168
2168
2167
2167
2166
2166
2166
2166
2165
2161
2161
2161
2160
2159
2158
2157
2157
2156
2156
2155
2154
2153
2152
2152
2151
2151
2150
2150
2150
2149
2148
2148
2148
2145
2145
2143
2143
2143
2142
2142
2142
2142
2141
2141
2139
2139
2138
2138
2138
2137
2135
2135
2134
2133
2132
2132
2131
2128
2127
2127
2127
2126
2126
2126
2124
2124
2123
2123
2123
2122
2122
2121
2120
2120
2119
2118
2116
2116
2113
2113
2111
2110
2108
2107
2107
2107
2106
2104
2104
2103
2101
2101
2101
2099
2095
2095
2093
2093
2092
2092
2091
2091
2090
2089
2088
2088
2088
2088
2087
2086
2084
2084
2081
2080
2079
2076
2074
2074
2073
2072
2072
2071
2070
2069
2069
2066
2066
2064
2063
2062
2060
2059
2058
2057
2057
2057
2053
2053
2053
2052
2052
2051
2048
2048
2044
2043
2039
2039
2039
2039
2038
2034
2033
2031
2030
2030
2029
2028
2025
2024
2022
2021
2021
2019
2017
2017
2015
2014
2014
2013
2011
2011
2010
2010
2009
2007
2007
2005
2005
2005
2004
2004
2003
2002
2002
2001
1999
1998
1996
1996
1996
1996
1993
1992
1992
1991
1990
1990
1990
1989
1987
1985
1982
1982
1981
1981
1979
1979
1978
1978
1975
1975
1974
1972
1972
1972
1968
1968
1968
1967
1965
1964
1964
1964
1963
1962
1961
1961
1961
1959
1959
1958
1958
1958
1956
1955
1954
1953
1953
1952
1952
1952
1951
1950
1949
1949
1947
1947
1945
1944
1944
1944
1938
1937
1936
1936
1935
1934
1933
1933
1933
1932
1932
1930
1930
1930
1928
1928
1927
1927
1926
1926
1924
1922
1920
1920
1919
1919
1919
1918
1917
1917
1916
1914
1912
1910
1910
1910
1909
1908
1906
1905
1905
1904
1904
1903
1899
1897
1897
1896
1895
1894
1893
1893
1892
1892
1892
1891
1891
1890
1889
1889
1888
1888
1887
1886
1884
1884
1883
1883
1883
1881
1880
1880
1880
1879
1879
1879
1878
1877
1877
1875
1874
1874
1874
1873
1873
1872
1872
1872
1870
1869
1867
1866
1866
1863
1863
1862
1861
1860
1858
1856
1855
1854
1854
1853
1852
1851
1850
1850
1850
1848
1848
1848
1846
1845
1844
1844
1841
1835
1835
1834
1831
1831
1831
1828
1827
1827
1826
1825
1819
1819
1818
1818
1818
1818
1814
1813
1813
1813
1808
1806
1806
1805
1804
1802
1802
1802
1798
1797
1797
1797
1796
1794
1794
1794
1794
1792
1792
1792
1791
1790
1790
1789
1787
1785
1782
1782
1782
1778
1778
1776
1776
1776
1774
1774
1774
1772
1772
1770
1770
1770
1770
1769
1767
1766
1766
1765
1765
1763
1761
1758
1758
1758
1757
1757
1753
1753
1751
1751
1750
1750
1749
1748
1747
1746
1746
1745
1743
1743
1742
1742
1742
1742
1740
1739
1739
1737
1735
1734
1734
1733
1733
1733
1732
1732
1731
1731
1730
1730
1729
1729
1729
1727
1727
1727
1726
1723
1723
1721
1721
1720
1719
1717
1717
1716
1716
1714
1712
1711
1710
1710
1709
1709
1708
1708
1705
1705
1704
1704
1704
1702
1702
1702
1701
1701
1699
1699
1697
1697
1695
1695
1694
1693
1693
1692
1691
1690
1689
1689
1687
1686
1686
1685
1684
1682
1681
1678
1677
1677
1677
1675
1673
1672
1672
1670
1669
1669
1668
1667
1666
1666
1664
1664
1663
1662
1661
1660
1660
1659
1658
1657
1656
1655
1655
1654
1654
1654
1652
1652
1652
1652
1651
1651
1648
1648
1648
1647
1646
1646
1644
1643
1642
1642
1641
1641
1640
1640
1640
1638
1637
1635
1635
1631
1630
1629
1628
1627
1626
1625
1625
1625
1623
1622
1622
1621
1618
1617
1615
1615
1615
1613
1613
1611
1608
1605
1604
1604
1603
1603
1602
1600
1600
1598
1596
1595
1591
1589
1588
1585
1582
1582
1581
1581
1580
1580
1579
1579
1579
1579
1578
1576
1575
1574
1573
1572
1572
1570
1567
1564
1562
1560
1560
1559
1559
1558
1558
1556
1555
1555
1554
1551
1551
1550
1549
1548
1548
1547
1546
1545
1545
1545
1544
1543
1542
1541
1540
1540
1540
1539
1539
1538
1536
1535
1534
1529
1529
1528
1527
1527
1525
1524
1524
1523
1521
1520
1519
1519
1517
1516
1514
1512
1511
1511
1510
1509
1508
1508
1506
1505
1503
1503
1502
1501
1500
1499
1499
1498
1498
1498
1497
1496
1495
1495
1493
1491
1489
1488
1488
1485
1483
1482
1482
1482
1480
1478
1478
1477
1477
1476
1474
1473
1471
1470
1468
1468
1468
1466
1464
1463
1463
1463
1461
1459
1458
1456
1454
1454
1452
1450
1449
1448
1448
1446
1445
1443
1442
1441
1440
1440
1436
1436
1432
1431
1430
1429
1428
1428
1428
1427
1424
1423
1423
1423
1422
1419
1417
1416
1416
1415
1414
1414
1413
1411
1411
1411
1411
1407
1407
1407
1407
1405
1405
1405
1405
1402
1401
1401
1395
1394
1393
1393
1392
1392
1390
1388
1387
1384
1384
1383
1383
1382
1382
1380
1377
1376
1376
1371
1370
1368
1368
1368
1366
1365
1363
1363
1363
1362
1362
1361
1359
1358
1357
1355
1355
1353
1352
1350
1350
1349
1348
1348
1348
1347
1347
1344
1344
1343
1343
1341
1339
1338
1337
1337
1337
1337
1335
1335
1334
1332
1332
1330
1330
1328
1327
1326
1325
1325
1323
1318
1316
1316
1315
1314
1312
1310
1309
1309
1309
1308
1308
1305
1305
1304
1303
1303
1302
1301
1299
1298
1296
1296
1295
1295
1294
1294
1294
1293
1293
1292
1289
1288
1288
1285
1285
1284
1284
1283
1283
1282
1277
1276
1275
1273
1272
1272
1270
1269
1268
1268
1267
1266
1266
1266
1266
1265
1265
1264
1263
1261
1261
1260
1260
1258
1257
1257
1257
1257
1256
1254
1252
1251
1250
1249
1249
1248
1247
1246
1246
1246
1244
1242
1241
1240
1239
1238
1232
1232
1232
1231
1230
1228
1224
1222
1221
1221
1218
1216
1215
1209
1209
1208
1207
1206
1206
1205
1204
1204
1203
1202
1201
1201
1199
1198
1196
1196
1195
1192
1192
1191
1190
1190
1189
1189
1188
1188
1188
1188
1187
1185
1184
1183
1182
1178
1178
1177
1176
1175
1173
1173
1170
1170
1169
1167
1165
1165
1164
1163
1163
1162
1162
1161
1160
1159
1158
1157
1156
1156
1153
1152
1152
1151
1150
1150
1147
1146
1145
1144
1143
1140
1140
1139
1137
1136
1133
1133
1131
1131
1130
1129
1129
1124
1122
1120
1117
1117
1117
1116
1113
1112
1109
1108
1106
1105
1103
1102
1101
1101
1099
1099
1098
1098
1096
1095
1094
1094
1093
1093
1093
1092
1092
1092
1090
1090
1087
1086
1084
1084
1084
1083
1081
1081
1080
1079
1079
1078
1076
1076
1075
1074
1074
1073
1073
1072
1071
1069
1068
1066
1066
1064
1064
1063
1062
1061
1060
1060
1059
1058
1057
1056
1056
1056
1056
1054
1054
1051
1050
1047
1047
1046
1045
1045
1043
1043
1042
1042
1041
1039
1037
1035
1035
1035
1033
1031
1029
1028
1027
1026
1026
1025
1023
1022
1022
1022
1020
1020
1020
1020
1017
1017
1016
1014
1011
1011
1010
1010
1009
1007
1005
1003
1001
1001
1000
999
998
997
996
995
994
993
992
989
988
988
988
987
987
987
985
978
975
975
975
975
973
971
971
969
968
965
963
961
959
959
959
958
956
954
953
952
951
947
947
947
945
945
945
943
942
941
941
940
939
938
938
937
936
936
935
935
932
932
932
932
930
930
930
929
928
926
925
922
922
919
918
917
917
916
916
915
914
913
912
910
910
909
909
909
909
908
908
908
908
907
907
905
905
904
901
900
898
898
898
898
897
895
895
892
892
889
888
885
884
883
879
879
877
877
877
876
875
874
873
872
871
870
869
868
868
867
866
864
864
863
863
863
861
860
858
857
856
853
851
851
850
849
848
848
848
847
846
845
845
845
843
842
840
839
838
835
835
834
833
832
830
830
826
826
825
823
822
821
821
820
820
815
814
814
813
811
808
807
807
806
806
806
805
805
805
804
804
803
802
799
799
798
797
796
795
790
790
787
787
786
786
786
785
784
780
780
780
778
774
773
773
770
769
766
765
765
765
762
762
761
760
760
759
756
756
755
755
754
754
753
751
750
750
749
747
746
745
744
744
743
742
741
740
739
739
736
735
734
734
733
731
731
727
727
727
725
724
724
722
722
721
720
719
717
715
713
713
713
713
712
709
707
706
705
703
699
698
698
696
696
696
694
691
690
690
690
689
688
687
687
686
683
680
679
677
676
676
675
671
671
671
671
669
668
668
668
667
666
666
666
666
665
664
664
664
663
663
662
661
660
659
657
657
657
656
655
655
654
653
651
647
647
643
643
643
642
641
640
638
637
637
636
635
635
635
632
628
627
627
627
624
624
622
620
619
619
618
618
617
617
617
617
616
615
614
612
612
612
612
610
609
609
607
606
605
603
601
601
601
601
600
598
597
596
594
594
593
591
589
589
586
585
584
583
581
579
577
576
576
575
575
574
572
570
568
568
568
567
566
563
563
563
562
560
560
559
558
557
556
556
555
554
554
553
552
550
549
549
542
542
542
540
540
539
537
537
537
537
536
535
534
533
532
530
529
527
527
526
524
520
519
518
517
516
516
516
514
514
513
512
511
509
508
506
504
503
502
501
501
500
499
498
494
493
490
488
485
485
485
485
483
483
481
481
480
480
480
480
477
477
473
472
469
466
465
464
463
463
462
462
461
460
460
459
458
456
455
453
449
449
449
448
446
445
444
444
443
443
440
439
439
439
436
436
436
435
435
434
432
432
432
431
431
431
430
429
429
429
428
427
426
426
423
423
422
420
419
418
418
414
414
413
412
412
411
410
408
406
405
404
403
403
403
401
401
400
399
396
395
394
392
392
390
390
388
387
386
385
385
383
382
382
381
381
374
374
373
371
370
369
368
365
364
364
363
362
361
361
360
359
359
358
358
358
358
357
357
357
356
355
354
352
352
351
351
350
350
349
349
348
347
345
344
343
343
339
337
335
335
335
334
331
329
328
328
326
326
325
324
324
322
322
322
321
320
318
318
317
314
313
313
312
312
309
309
308
308
306
305
305
304
303
303
303
302
302
297
297
296
296
296
295
295
294
293
291
291
289
288
287
286
283
283
283
281
281
280
279
278
277
277
277
276
276
276
275
275
272
271
271
271
271
270
270
269
267
267
264
261
261
260
259
258
258
257
256
255
255
254
252
252
251
251
250
250
249
247
246
246
244
243
242
242
236
234
230
229
229
228
227
227
226
226
225
224
224
220
220
219
216
216
216
215
215
214
213
213
213
213
212
211
211
210
208
208
207
206
206
199
196
193
192
192
191
189
188
188
187
187
186
185
185
184
182
181
179
178
173
170
170
168
168
167
166
164
164
162
162
159
159
158
158
158
158
156
155
155
154
154
153
152
152
151
151
150
148
148
148
148
147
145
145
144
143
143
143
141
141
140
140
139
138
138
137
136
135
131
129
128
127
126
125
124
124
123
123
120
120
115
115
115
112
111
110
108
108
105
104
103
103
101
101
100
100
99
99
98
97
94
94
93
92
92
88
86
86
85
85
85
82
82
82
81
81
80
79
79
78
72
72
72
71
70
70
69
68
68
68
67
66
66
66
65
64
63
63
62
61
60
59
58
57
56
55
53
53
52
52
48
48
46
46
45
45
43
42
42
41
40
40
38
37
36
35
35
35
34
32
31
29
29
29
27
26
26
25
25
25
23
21
20
19
19
18
18
17
16
14
14
11
11
10
10
9
9
8
8
7
7
7
6
3
1
1
1
0
