9999
9998
9998
9993
9992
9992
9990
9990
9990
9987
9983
9983
9982
9981
9978
9978
9976
9973
9971
9970
9969
9968
9967
9966
9966
9966
9965
9962
9961
9960
9960
9958
9957
9956
9953
9952
9952
9951
9951
9949
9949
9947
9945
9945
9944
9940
9938
9938
9938
9937
9937
9933
9931
9930
9929
9929
9923
9922
9920
9920
9920
9920
9919
9918
9917
9916
9916
9914
9912
9910
9910
9909
9907
9907
9906
9906
9905
9905
9903
9901
9897
9895
9894
9889
9888
9888
9888
9885
9884
9884
9883
9881
9880
9880
9879
9877
9872
9869
9869
9866
9864
9862
9859
9859
9859
9857
9854
9854
9852
9851
9850
9848
9847
9847
9846
9846
9846
9844
9844
9844
9843
9841
9840
9840
9840
9839
9837
9837
9835
9833
9832
9830
9830
9830
9829
9829
9829
9828
9828
9827
9827
9827
9825
9825
9824
9822
9822
9820
9820
9820
9820
9819
9817
9817
9816
9815
9812
9811
9811
9806
9805
9804
9804
9804
9802
9802
9801
9801
9800
9798
9796
9795
9795
9790
9788
9787
9787
9786
9785
9784
9784
9783
9781
9779
9776
9774
9773
9767
9765
9764
9763
9763
9762
9760
9760
9760
9760
9759
9759
9758
9757
9755
9755
9755
9755
9753
9753
9752
9751
9751
9750
9749
9749
9747
9746
9742
9741
9740
9738
9736
9736
9733
9732
9732
9731
9731
9729
9728
9728
9727
9727
9724
9723
9723
9723
9723
9722
9722
9721
9715
9714
9712
9711
9708
9707
9706
9702
9701
9701
9701
9700
9700
9700
9700
9700
9698
9698
9697
9696
9694
9692
9691
9690
9690
9690
9689
9686
9682
9681
9679
9678
9675
9673
9672
9672
9670
9670
9666
9666
9665
9663
9662
9661
9661
9661
9660
9658
9657
9655
9654
9652
9651
9650
9647
9647
9646
9645
9643
9643
9643
9642
9642
9641
9640
9640
9640
9639
9639
9638
9638
9637
9637
9636
9636
9636
9634
9633
9632
9632
9631
9630
9629
9629
9629
9628
9626
9626
9624
9623
9621
9620
9619
9619
9618
9616
9615
9615
9612
9612
9612
9609
9608
9608
9607
9607
9606
9606
9606
9601
9601
9600
9599
9599
9598
9597
9596
9596
9594
9594
9592
9592
9591
9590
9589
9589
9586
9585
9584
9583
9583
9581
9578
9577
9573
9573
9572
9571
9569
9565
9562
9560
9559
9559
9557
9556
9556
9556
9556
9555
9554
9554
9553
9550
9550
9548
9544
9544
9542
9540
9539
9538
9538
9538
9536
9535
9535
9534
9534
9533
9532
9531
9531
9529
9529
9527
9525
9523
9521
9521
9519
9519
9518
9517
9516
9514
9514
9514
9512
9511
9511
9511
9511
9510
9508
9506
9504
9504
9503
9502
9501
9501
9501
9500
9499
9499
9498
9497
9497
9496
9495
9492
9492
9491
9489
9489
9488
9484
9484
9483
9482
9481
9479
9479
9479
9476
9475
9475
9474
9473
9472
9472
9471
9469
9468
9467
9466
9465
9465
9465
9464
9464
9464
9463
9462
9460
9459
9458
9457
9456
9456
9455
9455
9454
9454
9452
9451
9449
9448
9447
9443
9441
9440
9440
9440
9438
9437
9436
9434
9432
9431
9431
9431
9430
9430
9430
9430
9430
9429
9428
9427
9427
9426
9426
9425
9425
9424
9424
9423
9420
9418
9418
9417
9417
9416
9416
9415
9414
9414
9413
9412
9411
9411
9411
9410
9409
9409
9408
9408
9406
9404
9403
9400
9400
9400
9399
9399
9398
9396
9396
9394
9393
9393
9392
9392
9391
9390
9390
9390
9389
9389
9388
9386
9386
9385
9385
9384
9382
9378
9377
9376
9375
9373
9371
9371
9370
9368
9367
9366
9366
9365
9365
9362
9361
9359
9359
9358
9358
9358
9357
9357
9357
9355
9355
9354
9353
9353
9350
9350
9346
9345
9344
9343
9343
9342
9341
9340
9339
9339
9336
9334
9333
9328
9327
9325
9325
9322
9321
9320
9320
9319
9319
9319
9318
9317
9314
9314
9313
9311
9310
9310
9310
9310
9309
9308
9306
9305
9303
9303
9302
9301
9301
9300
9299
9298
9298
9297
9295
9295
9294
9293
9291
9290
9290
9288
9288
9287
9286
9286
9283
9282
9282
9282
9281
9281
9280
9279
9278
9277
9277
9277
9276
9276
9276
9274
9272
9271
9271
9270
9269
9268
9268
9267
9265
9263
9262
9259
9250
9250
9249
9245
9243
9241
9241
9241
9238
9238
9237
9236
9235
9234
9234
9231
9230
9230
9229
9227
9226
9226
9224
9224
9223
9223
9223
9222
9222
9221
9221
9220
9220
9219
9216
9216
9215
9214
9214
9213
9213
9212
9209
9209
9206
9204
9204
9203
9203
9203
9202
9202
9200
9198
9196
9195
9195
9195
9195
9195
9193
9192
9192
9192
9190
9188
9188
9187
9186
9185
9185
9183
9182
9178
9177
9176
9175
9175
9173
9173
9172
9171
9171
9170
9170
9168
9167
9166
9166
9166
9166
9161
9159
9159
9156
9155
9155
9152
9152
9149
9148
9146
9143
9142
9142
9142
9140
9140
9138
9137
9137
9136
9135
9134
9133
9133
9133
9131
9130
9130
9130
9129
9129
9128
9128
9127
9126
9124
9123
9123
9122
9121
9120
9118
9117
9116
9116
9114
9113
9112
9112
9111
9111
9110
9110
9109
9108
9108
9108
9107
9107
9105
9105
9098
9097
9096
9092
9091
9091
9090
9090
9088
9088
9083
9082
9082
9080
9080
9079
9078
9078
9076
9076
9076
9075
9075
9074
9074
9073
9072
9071
9070
9069
9069
9062
9062
9062
9061
9061
9061
9057
9056
9055
9053
9053
9051
9050
9049
9044
9044
9044
9043
9043
9042
9039
9038
9037
9036
9036
9035
9035
9034
9034
9032
9031
9029
9029
9029
9026
9026
9026
9025
9023
9021
9020
9020
9019
9018
9018
9018
9018
9018
9018
9018
9018
9017
9015
9015
9012
9009
9006
9006
9006
9004
9003
9003
9003
9003
9002
9002
9002
9002
9002
9000
8999
8997
8996
8996
8995
8993
8993
8992
8992
8991
8991
8989
8988
8987
8985
8984
8983
8981
8981
8980
8980
8978
8976
8975
8972
8972
8969
8967
8966
8966
8966
8964
8963
8960
8956
8955
8955
8952
8950
8950
8949
8948
8946
8946
8945
8944
8942
8942
8940
8940
8940
8939
8939
8937
8937
8935
8934
8933
8933
8932
8932
8929
8929
8928
8927
8926
8926
8925
8924
8924
8922
8922
8921
8921
8920
8920
8917
8916
8916
8915
8915
8914
8912
8912
8912
8910
8908
8908
8907
8907
8906
8906
8906
8904
8904
8904
8903
8900
8900
8900
8899
8898
8897
8895
8894
8893
8893
8891
8891
8891
8890
8887
8887
8885
8882
8881
8879
8879
8875
8875
8875
8874
8873
8872
8869
8868
8868
8868
8867
8865
8865
8865
8863
8862
8860
8860
8859
8857
8856
8855
8851
8850
8850
8849
8847
8845
8843
8840
8840
8840
8839
8838
8836
8836
8834
8834
8832
8830
8830
8830
8830
8830
8829
8829
8827
8827
8824
8824
8824
8824
8822
8822
8821
8820
8819
8819
8818
8818
8817
8815
8815
8814
8813
8813
8811
8811
8810
8809
8808
8807
8805
8805
8805
8805
8804
8803
8803
8800
8800
8796
8796
8795
8793
8793
8792
8791
8790
8790
8788
8787
8786
8785
8785
8784
8784
8784
8784
8783
8782
8781
8780
8780
8780
8779
8773
8773
8772
8769
8769
8767
8767
8766
8765
8764
8762
8760
8759
8759
8758
8757
8754
8750
8748
8746
8745
8744
8743
8742
8742
8742
8741
8740
8738
8737
8735
8735
8734
8733
8729
8728
8728
8727
8726
8725
8725
8725
8724
8724
8724
8721
8717
8714
8711
8711
8711
8711
8711
8710
8709
8707
8706
8706
8705
8705
8704
8703
8702
8701
8701
8699
8698
8698
8697
8695
8695
8693
8692
8691
8690
8690
8687
8687
8685
8685
8684
8683
8683
8682
8682
8680
8678
8677
8677
8676
8674
8674
8673
8671
8670
8669
8667
8667
8664
8664
8662
8657
8657
8657
8655
8655
8653
8652
8652
8650
8649
8647
8647
8647
8646
8646
8645
8645
8645
8643
8643
8643
8642
8641
8641
8639
8639
8638
8638
8635
8634
8631
8630
8628
8626
8626
8625
8625
8625
8624
8624
8623
8622
8621
8621
8621
8616
8615
8615
8612
8611
8611
8606
8606
8606
8604
8603
8603
8601
8599
8598
8598
8597
8596
8594
8593
8593
8592
8592
8589
8588
8587
8586
8585
8584
8582
8582
8581
8581
8580
8580
8579
8579
8578
8577
8576
8575
8573
8573
8572
8572
8571
8571
8571
8570
8569
8565
8564
8563
8563
8563
8563
8563
8562
8562
8561
8560
8560
8559
8558
8558
8555
8554
8554
8551
8550
8549
8546
8543
8543
8541
8541
8540
8539
8539
8538
8537
8537
8536
8535
8534
8534
8530
8530
8530
8530
8530
8529
8528
8526
8526
8526
8525
8525
8523
8521
8520
8520
8519
8517
8516
8516
8514
8513
8511
8511
8509
8508
8508
8501
8501
8499
8499
8498
8497
8496
8496
8495
8494
8494
8493
8493
8492
8491
8491
8491
8491
8488
8487
8487
8485
8485
8485
8484
8484
8484
8481
8480
8479
8476
8476
8476
8475
8474
8474
8474
8474
8473
8473
8473
8471
8470
8470
8469
8469
8469
8468
8465
8462
8462
8461
8459
8455
8455
8450
8449
8446
8446
8445
8445
8444
8442
8440
8439
8439
8437
8435
8434
8434
8434
8433
8431
8429
8428
8428
8428
8426
8426
8424
8424
8423
8423
8422
8422
8421
8420
8420
8417
8417
8416
8415
8414
8412
8411
8410
8410
8408
8408
8407
8406
8406
8405
8403
8403
8402
8401
8398
8398
8397
8396
8391
8390
8389
8389
8388
8388
8387
8387
8387
8386
8386
8385
8385
8384
8383
8383
8383
8381
8381
8380
8377
8377
8377
8375
8375
8374
8373
8372
8372
8371
8370
8367
8367
8367
8366
8366
8365
8361
8361
8360
8360
8359
8359
8358
8357
8357
8356
8355
8354
8354
8354
8353
8353
8353
8352
8352
8349
8349
8349
8348
8348
8345
8343
8340
8338
8338
8337
8337
8335
8334
8332
8329
8329
8329
8328
8328
8325
8325
8322
8321
8320
8319
8318
8318
8316
8316
8315
8314
8312
8312
8311
8310
8309
8308
8307
8303
8303
8302
8302
8301
8301
8301
8300
8299
8298
8298
8297
8295
8291
8291
8291
8290
8290
8288
8284
8282
8282
8280
8280
8278
8278
8278
8277
8277
8275
8275
8273
8272
8270
8268
8267
8266
8266
8266
8263
8260
8257
8256
8255
8255
8255
8254
8254
8251
8250
8250
8249
8249
8249
8246
8246
8245
8245
8243
8242
8242
8242
8241
8241
8240
8240
8239
8239
8237
8236
8236
8236
8235
8235
8234
8234
8234
8232
8232
8230
8229
8229
8228
8228
8226
8226
8225
8225
8225
8224
8224
8221
8216
8213
8211
8211
8210
8209
8207
8207
8207
8205
8204
8204
8203
8203
8200
8200
8198
8198
8196
8195
8195
8195
8194
8194
8193
8193
8192
8190
8189
8188
8187
8187
8186
8180
8180
8178
8178
8174
8172
8171
8171
8171
8169
8168
8165
8164
8164
8163
8163
8162
8162
8160
8158
8158
8157
8154
8151
8150
8150
8150
8148
8147
8145
8145
8145
8144
8143
8142
8142
8141
8141
8138
8137
8136
8135
8135
8134
8134
8134
8133
8132
8130
8130
8129
8126
8124
8124
8121
8114
8113
8112
8111
8111
8111
8109
8107
8107
8107
8106
8106
8105
8104
8103
8103
8103
8103
8101
8100
8100
8100
8100
8099
8098
8097
8097
8097
8096
8095
8094
8092
8092
8081
8080
8079
8078
8077
8077
8076
8075
8075
8075
8075
8073
8072
8071
8071
8070
8068
8068
8068
8067
8065
8064
8064
8064
8063
8063
8063
8062
8062
8061
8061
8060
8060
8058
8058
8057
8057
8056
8055
8054
8054
8054
8054
8053
8052
8051
8051
8050
8050
8049
8048
8048
8048
8047
8047
8046
8045
8044
8044
8044
8043
8042
8040
8037
8037
8036
8034
8033
8032
8031
8031
8030
8030
8029
8028
8026
8026
8026
8025
8024
8022
8022
8022
8021
8021
8021
8020
8019
8016
8015
8014
8012
8010
8009
8009
8008
8007
8007
8006
8006
8000
8000
7999
7997
7997
7996
7996
7995
7994
7993
7990
7985
7984
7984
7982
7982
7981
7981
7981
7980
7980
7979
7978
7974
7973
7971
7970
7970
7969
7968
7967
7966
7965
7964
7963
7962
7962
7962
7959
7959
7957
7954
7952
7952
7950
7949
7949
7949
7945
7945
7943
7943
7941
7941
7940
7939
7938
7935
7935
7935
7934
7934
7931
7931
7931
7931
7930
7930
7930
7929
7928
7928
7927
7924
7924
7923
7922
7921
7920
7916
7912
7911
7908
7906
7906
7904
7904
7904
7903
7903
7903
7902
7901
7900
7897
7897
7896
7895
7895
7893
7893
7892
7892
7890
7889
7889
7888
7888
7887
7886
7885
7884
7883
7882
7881
7880
7879
7879
7875
7874
7873
7873
7873
7873
7871
7871
7869
7869
7869
7868
7867
7866
7866
7865
7864
7863
7861
7860
7860
7859
7859
7858
7858
7854
7854
7853
7852
7852
7852
7851
7850
7849
7847
7846
7844
7843
7842
7842
7841
7841
7840
7840
7837
7836
7836
7835
7831
7830
7829
7829
7824
7824
7822
7822
7821
7820
7820
7819
7819
7815
7814
7814
7812
7811
7809
7809
7808
7808
7806
7806
7805
7803
7802
7801
7797
7796
7793
7792
7790
7789
7789
7789
7786
7785
7784
7784
7783
7780
7780
7780
7780
7779
7777
7775
7775
7774
7774
7771
7769
7767
7767
7766
7765
7764
7762
7760
7757
7757
7757
7756
7753
7752
7752
7751
7751
7751
7748
7747
7746
7745
7745
7745
7745
7745
7744
7744
7742
7742
7742
7741
7741
7740
7738
7738
7737
7735
7735
7735
7734
7732
7732
7730
7729
7729
7729
7728
7725
7725
7724
7722
7721
7721
7720
7719
7718
7717
7717
7714
7713
7713
7713
7709
7709
7708
7708
7708
7705
7705
7704
7704
7703
7703
7701
7701
7701
7699
7697
7697
7695
7695
7695
7690
7688
7687
7684
7684
7683
7683
7682
7682
7681
7680
7680
7680
7677
7676
7674
7674
7673
7672
7671
7669
7669
7667
7665
7664
7662
7662
7661
7660
7660
7660
7660
7659
7657
7656
7654
7654
7653
7652
7652
7652
7648
7647
7646
7645
7644
7643
7642
7639
7636
7636
7635
7635
7633
7628
7627
7627
7626
7626
7625
7624
7623
7623
7623
7622
7622
7621
7621
7621
7621
7620
7620
7620
7619
7618
7617
7617
7615
7615
7610
7608
7608
7606
7605
7605
7604
7603
7603
7602
7600
7599
7598
7597
7597
7595
7595
7595
7594
7594
7591
7590
7589
7587
7586
7585
7585
7584
7584
7584
7581
7580
7577
7577
7574
7572
7572
7571
7569
7568
7567
7566
7566
7563
7562
7556
7556
7555
7554
7554
7554
7554
7553
7553
7553
7549
7548
7548
7548
7547
7547
7546
7545
7545
7545
7544
7541
7541
7540
7538
7538
7537
7537
7536
7535
7533
7532
7530
7530
7529
7528
7528
7527
7527
7527
7527
7524
7523
7523
7523
7522
7521
7521
7518
7517
7517
7516
7516
7515
7514
7512
7512
7512
7509
7509
7509
7508
7508
7506
7506
7505
7505
7505
7505
7504
7504
7504
7503
7503
7502
7501
7501
7500
7499
7499
7498
7497
7495
7495
7494
7494
7494
7494
7493
7491
7490
7490
7490
7489
7489
7488
7487
7486
7486
7485
7485
7484
7481
7481
7481
7480
7480
7480
7479
7478
7477
7476
7476
7475
7474
7471
7470
7470
7470
7470
7468
7468
7465
7464
7464
7464
7463
7463
7462
7462
7462
7459
7458
7458
7457
7457
7456
7455
7454
7453
7453
7452
7449
7449
7447
7447
7446
7446
7445
7443
7442
7440
7440
7439
7439
7439
7438
7437
7434
7432
7432
7431
7430
7428
7425
7422
7419
7419
7418
7417
7415
7414
7411
7410
7410
7409
7407
7406
7406
7403
7403
7402
7402
7401
7400
7400
7400
7399
7399
7399
7398
7398
7398
7398
7397
7397
7395
7393
7393
7388
7388
7384
7384
7384
7382
7381
7380
7380
7379
7379
7379
7379
7378
7377
7377
7376
7376
7376
7375
7375
7375
7375
7375
7372
7372
7372
7371
7370
7370
7368
7361
7361
7360
7357
7357
7357
7357
7356
7355
7355
7355
7355
7355
7355
7346
7346
7345
7345
7340
7339
7337
7336
7336
7335
7334
7334
7334
7333
7331
7331
7330
7325
7323
7323
7322
7321
7321
7320
7319
7318
7317
7316
7315
7314
7313
7313
7312
7312
7310
7306
7306
7305
7303
7303
7303
7302
7302
7300
7299
7298
7298
7297
7295
7295
7294
7294
7294
7293
7291
7290
7289
7289
7287
7283
7280
7276
7276
7275
7275
7274
7270
7270
7269
7269
7267
7267
7266
7266
7266
7264
7263
7261
7259
7257
7256
7256
7254
7253
7250
7250
7248
7248
7247
7247
7246
7246
7243
7242
7240
7240
7239
7239
7238
7238
7237
7237
7237
7237
7236
7235
7234
7231
7231
7231
7230
7228
7228
7227
7225
7223
7223
7223
7222
7220
7219
7219
7218
7217
7216
7214
7213
7213
7211
7211
7211
7209
7209
7209
7208
7208
7207
7207
7206
7206
7205
7204
7204
7203
7202
7202
7202
7202
7201
7199
7199
7198
7197
7196
7196
7195
7195
7195
7193
7191
7190
7186
7186
7186
7184
7184
7182
7181
7180
7180
7179
7178
7176
7173
7172
7172
7171
7170
7170
7168
7168
7167
7167
7167
7165
7164
7163
7160
7159
7159
7159
7159
7157
7156
7156
7156
7155
7155
7154
7153
7151
7150
7149
7148
7148
7146
7145
7145
7145
7143
7142
7141
7141
7139
7139
7138
7136
7134
7131
7130
7130
7129
7129
7129
7127
7121
7120
7120
7119
7118
7118
7118
7117
7117
7116
7116
7115
7113
7113
7112
7112
7111
7111
7111
7110
7107
7107
7106
7106
7106
7105
7105
7104
7104
7103
7103
7102
7100
7099
7095
7094
7094
7094
7093
7092
7090
7089
7088
7087
7087
7087
7086
7085
7084
7083
7082
7080
7078
7078
7078
7078
7077
7075
7075
7072
7071
7071
7069
7067
7066
7066
7066
7064
7063
7061
7059
7058
7058
7058
7057
7057
7057
7056
7055
7055
7054
7054
7052
7052
7050
7049
7049
7048
7046
7046
7045
7044
7043
7042
7041
7040
7040
7039
7037
7037
7035
7034
7033
7030
7028
7027
7026
7022
7022
7021
7019
7018
7018
7018
7017
7017
7015
7015
7014
7013
7012
7011
7010
7009
7009
7008
7006
7005
7004
7003
7003
7002
7002
7001
7001
7000
6999
6999
6999
6997
6997
6994
6991
6989
6989
6988
6986
6985
6985
6983
6982
6980
6980
6980
6978
6977
6974
6973
6973
6972
6971
6970
6966
6962
6961
6960
6960
6958
6955
6955
6955
6954
6954
6953
6952
6951
6950
6949
6949
6948
6946
6946
6946
6942
6941
6941
6938
6937
6937
6937
6936
6936
6936
6933
6932
6932
6931
6931
6930
6929
6929
6928
6928
6927
6925
6924
6923
6923
6923
6922
6920
6920
6918
6918
6917
6916
6915
6915
6912
6911
6909
6909
6908
6907
6905
6903
6903
6902
6901
6900
6900
6900
6899
6898
6897
6897
6895
6894
6894
6894
6892
6892
6891
6889
6889
6888
6888
6887
6886
6885
6884
6882
6881
6880
6878
6878
6877
6874
6872
6871
6871
6870
6869
6869
6868
6868
6866
6865
6863
6863
6862
6861
6860
6859
6859
6858
6856
6856
6856
6856
6853
6852
6851
6850
6850
6848
6847
6847
6846
6846
6842
6842
6841
6841
6838
6838
6836
6833
6832
6831
6831
6829
6828
6827
6826
6825
6824
6823
6823
6821
6819
6818
6818
6817
6817
6817
6816
6815
6814
6814
6812
6810
6810
6810
6809
6809
6804
6804
6804
6803
6803
6803
6801
6797
6796
6795
6792
6792
6790
6790
6788
6785
6784
6783
6783
6782
6782
6781
6780
6780
6778
6777
6776
6776
6776
6774
6774
6772
6772
6771
6771
6770
6769
6768
6767
6766
6764
6763
6761
6759
6758
6756
6756
6755
6755
6754
6754
6754
6753
6751
6751
6751
6751
6750
6750
6749
6746
6746
6744
6743
6742
6741
6738
6736
6736
6735
6734
6733
6733
6732
6731
6731
6730
6729
6729
6727
6726
6725
6725
6720
6719
6719
6718
6714
6714
6714
6713
6709
6709
6708
6708
6707
6707
6706
6706
6704
6703
6703
6703
6703
6702
6698
6698
6697
6697
6697
6694
6692
6691
6691
6690
6689
6688
6688
6687
6684
6684
6682
6681
6681
6681
6680
6679
6679
6677
6677
6676
6674
6674
6671
6670
6670
6668
6667
6667
6665
6665
6665
6664
6663
6659
6659
6659
6658
6658
6658
6657
6655
6654
6654
6654
6653
6652
6651
6650
6649
6648
6648
6647
6647
6647
6646
6646
6646
6645
6644
6644
6643
6642
6641
6639
6638
6637
6636
6632
6632
6631
6630
6629
6629
6628
6625
6625
6618
6617
6617
6616
6616
6614
6614
6614
6614
6613
6613
6612
6611
6610
6607
6607
6607
6607
6605
6605
6603
6602
6601
6601
6598
6598
6596
6595
6594
6593
6591
6590
6589
6588
6586
6585
6583
6582
6581
6578
6577
6576
6575
6574
6574
6574
6573
6572
6570
6570
6569
6569
6565
6565
6564
6563
6563
6563
6561
6560
6559
6558
6558
6558
6557
6557
6556
6555
6553
6553
6552
6546
6546
6545
6545
6545
6544
6540
6538
6538
6536
6536
6536
6533
6532
6531
6530
6529
6529
6527
6526
6526
6523
6519
6519
6519
6519
6518
6517
6517
6515
6515
6515
6514
6510
6510
6509
6508
6508
6505
6504
6502
6501
6500
6500
6498
6498
6497
6497
6496
6494
6492
6491
6489
6486
6486
6484
6483
6482
6481
6481
6480
6480
6479
6479
6479
6475
6473
6472
6472
6470
6470
6469
6468
6468
6468
6468
6467
6466
6463
6463
6459
6455
6454
6453
6452
6451
6450
6447
6447
6447
6446
6446
6446
6444
6444
6443
6442
6439
6437
6436
6435
6434
6433
6431
6431
6431
6429
6428
6428
6427
6427
6425
6424
6422
6421
6420
6416
6414
6414
6412
6406
6406
6405
6404
6404
6402
6401
6401
6397
6397
6397
6396
6395
6390
6390
6390
6390
6389
6387
6387
6385
6384
6383
6381
6381
6380
6380
6380
6378
6378
6376
6376
6376
6372
6372
6372
6370
6370
6370
6370
6368
6367
6367
6366
6365
6362
6362
6360
6359
6358
6358
6357
6356
6356
6354
6353
6351
6348
6345
6344
6342
6341
6340
6337
6336
6335
6334
6333
6333
6331
6331
6330
6328
6327
6326
6326
6325
6323
6321
6320
6319
6319
6318
6317
6316
6316
6316
6316
6315
6314
6312
6312
6311
6310
6308
6306
6305
6304
6303
6302
6302
6302
6295
6295
6293
6293
6293
6291
6290
6289
6288
6285
6285
6284
6283
6283
6282
6281
6280
6280
6279
6279
6279
6278
6277
6277
6277
6274
6273
6272
6272
6271
6271
6270
6270
6269
6269
6266
6266
6266
6265
6265
6264
6264
6261
6260
6259
6259
6259
6252
6249
6247
6247
6246
6246
6243
6240
6239
6238
6238
6236
6235
6232
6231
6231
6231
6231
6230
6230
6229
6229
6228
6228
6227
6226
6226
6225
6225
6222
6221
6218
6217
6216
6216
6216
6214
6213
6213
6211
6208
6205
6204
6202
6202
6201
6199
6199
6196
6194
6193
6193
6193
6191
6190
6190
6190
6188
6188
6187
6186
6185
6184
6183
6182
6181
6178
6177
6176
6175
6175
6171
6171
6166
6165
6165
6164
6163
6163
6160
6160
6158
6158
6155
6154
6153
6153
6152
6151
6150
6150
6149
6149
6148
6147
6147
6147
6147
6146
6146
6145
6142
6141
6137
6137
6135
6135
6135
6134
6133
6132
6132
6132
6132
6132
6132
6130
6129
6126
6125
6122
6122
6120
6119
6117
6116
6116
6113
6112
6111
6110
6109
6106
6104
6102
6101
6101
6100
6100
6099
6098
6098
6097
6097
6097
6097
6096
6094
6093
6092
6092
6090
6090
6090
6090
6089
6089
6089
6089
6088
6087
6086
6086
6085
6081
6080
6080
6080
6077
6076
6075
6074
6073
6073
6072
6072
6070
6068
6067
6065
6061
6060
6059
6058
6058
6057
6057
6057
6056
6054
6054
6048
6047
6047
6046
6043
6043
6042
6041
6041
6041
6041
6040
6038
6037
6034
6033
6031
6029
6028
6028
6027
6026
6026
6025
6024
6024
6024
6023
6021
6019
6018
6018
6017
6017
6015
6015
6014
6010
6010
6009
6009
6009
6008
6006
6005
6001
6000
6000
5998
5997
5997
5995
5995
5992
5992
5991
5991
5990
5989
5989
5988
5987
5986
5985
5984
5982
5980
5979
5978
5978
5976
5975
5975
5974
5972
5972
5971
5971
5970
5970
5969
5969
5968
5967
5967
5966
5965
5963
5962
5962
5961
5959
5959
5959
5957
5956
5955
5954
5954
5953
5951
5951
5949
5949
5949
5948
5947
5947
5947
5946
5946
5944
5943
5940
5938
5938
5937
5936
5935
5934
5933
5933
5932
5930
5929
5929
5929
5928
5928
5924
5920
5917
5917
5915
5914
5913
5912
5909
5908
5905
5904
5904
5903
5902
5901
5901
5900
5900
5899
5898
5896
5892
5892
5890
5890
5886
5884
5883
5882
5881
5880
5880
5879
5875
5874
5874
5872
5871
5871
5870
5869
5869
5868
5868
5867
5866
5866
5864
5864
5864
5862
5862
5859
5857
5857
5857
5856
5856
5856
5856
5856
5855
5853
5851
5850
5849
5847
5846
5845
5844
5843
5841
5840
5839
5837
5837
5836
5835
5834
5832
5832
5830
5830
5826
5826
5826
5825
5825
5823
5821
5821
5818
5817
5816
5816
5813
5812
5811
5810
5809
5807
5806
5806
5805
5805
5805
5804
5803
5803
5803
5802
5800
5792
5791
5789
5786
5786
5786
5785
5785
5785
5784
5783
5783
5782
5781
5780
5778
5778
5778
5778
5778
5777
5777
5777
5776
5775
5774
5772
5772
5772
5772
5770
5769
5767
5766
5766
5766
5766
5764
5764
5760
5760
5758
5758
5756
5755
5753
5752
5751
5751
5748
5748
5746
5745
5745
5744
5744
5744
5744
5741
5739
5738
5737
5737
5736
5735
5735
5732
5732
5730
5730
5728
5728
5727
5727
5727
5727
5726
5726
5726
5726
5724
5724
5723
5719
5718
5718
5717
5716
5716
5714
5714
5714
5713
5712
5712
5711
5709
5709
5706
5703
5702
5702
5699
5697
5694
5693
5693
5691
5690
5689
5689
5688
5687
5687
5686
5686
5681
5678
5678
5677
5677
5676
5676
5676
5671
5671
5670
5669
5668
5668
5666
5665
5664
5664
5661
5661
5660
5659
5659
5658
5656
5656
5655
5654
5652
5650
5650
5649
5649
5648
5647
5645
5644
5644
5643
5643
5643
5641
5638
5637
5636
5636
5635
5634
5633
5633
5633
5632
5628
5627
5626
5626
5626
5625
5623
5623
5622
5620
5619
5619
5618
5618
5618
5618
5618
5615
5615
5614
5613
5612
5608
5608
5604
5604
5604
5604
5604
5603
5602
5602
5601
5601
5597
5597
5597
5596
5595
5595
5594
5592
5591
5590
5588
5588
5586
5584
5582
5580
5576
5576
5576
5575
5574
5574
5572
5571
5570
5569
5568
5568
5567
5567
5567
5566
5566
5564
5560
5559
5558
5557
5555
5553
5553
5553
5553
5553
5552
5552
5550
5548
5546
5546
5544
5544
5544
5543
5543
5540
5540
5539
5536
5536
5535
5534
5534
5533
5532
5530
5530
5529
5529
5528
5527
5525
5525
5524
5524
5523
5522
5521
5521
5520
5520
5518
5517
5516
5515
5515
5515
5515
5514
5514
5513
5513
5512
5511
5511
5510
5510
5509
5509
5509
5508
5508
5507
5505
5504
5498
5497
5496
5496
5495
5495
5494
5491
5488
5486
5486
5483
5482
5481
5480
5479
5479
5479
5478
5478
5478
5476
5476
5474
5473
5472
5472
5468
5468
5467
5466
5465
5465
5464
5464
5462
5462
5461
5460
5460
5458
5457
5456
5456
5455
5454
5453
5453
5452
5452
5452
5451
5451
5451
5451
5450
5450
5448
5448
5447
5446
5446
5443
5441
5440
5439
5437
5436
5435
5433
5433
5432
5431
5430
5429
5427
5426
5424
5424
5423
5421
5421
5420
5419
5418
5418
5417
5416
5416
5413
5409
5409
5409
5408
5407
5406
5406
5406
5405
5404
5404
5403
5402
5401
5400
5398
5397
5397
5397
5396
5393
5392
5391
5390
5390
5390
5389
5385
5385
5385
5383
5380
5380
5378
5378
5377
5376
5376
5375
5375
5375
5375
5374
5374
5374
5373
5373
5372
5371
5370
5369
5369
5368
5368
5368
5367
5367
5367
5366
5365
5363
5362
5361
5361
5361
5360
5359
5351
5350
5350
5349
5349
5349
5349
5344
5342
5342
5342
5342
5340
5340
5337
5336
5336
5334
5333
5331
5328
5327
5327
5321
5321
5320
5320
5320
5319
5318
5317
5316
5316
5313
5313
5313
5312
5311
5310
5309
5309
5308
5308
5307
5305
5304
5304
5303
5303
5303
5303
5300
5300
5300
5300
5295
5294
5292
5291
5290
5290
5289
5286
5285
5282
5281
5280
5280
5279
5277
5277
5275
5274
5273
5273
5272
5271
5269
5269
5267
5266
5264
5264
5263
5262
5262
5261
5261
5260
5260
5260
5259
5256
5256
5255
5250
5249
5248
5245
5244
5244
5243
5241
5241
5241
5241
5239
5238
5238
5237
5236
5236
5234
5232
5230
5230
5228
5225
5224
5224
5223
5223
5222
5220
5219
5218
5216
5216
5214
5213
5213
5212
5212
5212
5212
5211
5211
5210
5209
5208
5206
5206
5206
5205
5204
5204
5203
5201
5201
5201
5200
5199
5197
5195
5194
5194
5194
5193
5193
5193
5192
5191
5191
5190
5189
5188
5188
5188
5186
5185
5185
5185
5181
5181
5180
5179
5177
5173
5172
5170
5169
5169
5168
5167
5166
5165
5162
5160
5159
5158
5157
5155
5154
5153
5150
5149
5149
5147
5146
5143
5142
5142
5142
5141
5141
5140
5139
5138
5138
5137
5136
5135
5135
5135
5134
5133
5133
5132
5131
5131
5130
5129
5127
5127
5127
5127
5124
5123
5120
5119
5116
5115
5112
5110
5109
5109
5108
5108
5106
5106
5102
5101
5099
5098
5097
5097
5096
5096
5095
5095
5094
5093
5092
5088
5087
5085
5082
5078
5077
5076
5075
5073
5071
5070
5069
5064
5064
5063
5062
5059
5057
5057
5056
5056
5054
5054
5054
5052
5052
5051
5051
5051
5050
5050
5049
5048
5048
5047
5047
5047
5046
5045
5045
5044
5043
5042
5042
5040
5039
5039
5039
5038
5037
5035
5034
5033
5032
5028
5028
5028
5026
5026
5026
5025
5025
5024
5023
5021
5019
5019
5018
5018
5018
5018
5017
5016
5016
5013
5012
5010
5009
5008
5006
5005
5005
5002
5002
5002
5001
4999
4996
4993
4992
4991
4990
4989
4988
4987
4987
4986
4985
4985
4983
4981
4981
4980
4979
4975
4975
4974
4973
4971
4969
4965
4964
4964
4962
4961
4961
4960
4959
4958
4957
4956
4954
4954
4953
4953
4951
4951
4949
4949
4948
4947
4947
4946
4946
4945
4944
4944
4944
4944
4944
4944
4943
4940
4939
4939
4937
4936
4936
4934
4934
4932
4932
4931
4930
4929
4929
4925
4925
4924
4923
4923
4921
4920
4920
4916
4915
4914
4914
4913
4912
4912
4910
4909
4909
4909
4908
4907
4906
4906
4905
4905
4903
4903
4901
4898
4897
4896
4896
4895
4890
4889
4886
4885
4885
4883
4882
4882
4881
4881
4881
4880
4880
4880
4879
4876
4875
4875
4874
4874
4873
4873
4873
4873
4872
4869
4868
4868
4867
4867
4866
4864
4862
4862
4862
4857
4856
4855
4853
4852
4852
4851
4849
4849
4846
4842
4841
4841
4841
4837
4837
4837
4836
4836
4834
4832
4832
4832
4830
4828
4827
4826
4826
4826
4820
4818
4816
4815
4814
4812
4811
4811
4811
4810
4809
4806
4805
4803
4803
4803
4802
4802
4802
4799
4799
4798
4798
4797
4795
4795
4794
4793
4792
4791
4791
4790
4789
4789
4789
4788
4786
4785
4784
4784
4784
4783
4783
4782
4781
4779
4778
4778
4776
4776
4776
4774
4770
4770
4769
4769
4768
4766
4765
4764
4764
4763
4762
4762
4762
4762
4761
4761
4761
4761
4760
4759
4757
4756
4756
4755
4755
4755
4753
4753
4752
4752
4750
4750
4749
4748
4747
4746
4746
4744
4743
4743
4743
4742
4742
4741
4740
4740
4738
4737
4735
4735
4732
4732
4728
4727
4727
4727
4726
4725
4723
4723
4723
4722
4721
4721
4719
4719
4718
4717
4716
4714
4712
4710
4709
4709
4709
4709
4706
4705
4703
4701
4701
4701
4700
4700
4697
4696
4694
4694
4693
4692
4691
4689
4689
4688
4686
4686
4684
4684
4683
4680
4679
4678
4676
4675
4675
4673
4672
4671
4670
4668
4668
4667
4667
4667
4666
4666
4664
4663
4662
4662
4661
4660
4660
4660
4659
4659
4658
4658
4658
4657
4657
4656
4652
4652
4650
4650
4650
4647
4646
4644
4643
4643
4641
4641
4638
4637
4637
4635
4634
4630
4626
4624
4624
4623
4621
4619
4618
4616
4614
4614
4613
4613
4613
4613
4612
4610
4610
4607
4607
4605
4605
4603
4602
4602
4600
4598
4598
4597
4597
4596
4596
4595
4594
4593
4591
4590
4590
4589
4589
4587
4587
4586
4585
4584
4584
4582
4581
4577
4577
4576
4575
4573
4572
4572
4572
4572
4570
4569
4569
4568
4568
4567
4566
4566
4565
4563
4563
4562
4560
4560
4560
4559
4559
4559
4558
4558
4558
4557
4553
4553
4553
4553
4552
4551
4550
4547
4547
4546
4546
4545
4545
4544
4541
4540
4539
4538
4536
4535
4535
4533
4532
4531
4531
4531
4531
4530
4528
4528
4528
4527
4524
4524
4523
4522
4521
4519
4519
4516
4516
4514
4512
4509
4509
4508
4506
4505
4505
4503
4503
4502
4499
4499
4495
4495
4493
4492
4491
4488
4487
4487
4486
4485
4483
4478
4477
4477
4476
4476
4475
4474
4474
4472
4472
4468
4467
4467
4465
4462
4462
4462
4461
4461
4460
4459
4459
4456
4456
4454
4454
4454
4453
4451
4450
4449
4448
4447
4447
4447
4445
4443
4443
4441
4440
4438
4437
4432
4431
4431
4428
4425
4423
4423
4422
4420
4419
4417
4416
4412
4411
4410
4410
4409
4409
4408
4407
4406
4406
4406
4406
4406
4405
4404
4403
4403
4403
4402
4401
4401
4401
4401
4400
4399
4393
4393
4391
4389
4388
4388
4388
4388
4388
4387
4386
4384
4383
4382
4382
4381
4380
4380
4379
4378
4377
4376
4375
4374
4373
4373
4371
4370
4368
4368
4366
4365
4364
4364
4363
4363
4362
4360
4360
4360
4360
4359
4358
4357
4356
4355
4355
4354
4354
4353
4353
4351
4350
4347
4347
4345
4344
4343
4343
4343
4343
4343
4340
4338
4334
4333
4333
4331
4331
4331
4330
4328
4328
4326
4324
4320
4320
4317
4317
4317
4316
4316
4314
4312
4311
4310
4310
4309
4309
4309
4306
4305
4305
4303
4302
4301
4300
4298
4298
4295
4294
4294
4293
4292
4292
4292
4289
4288
4287
4286
4285
4285
4285
4284
4283
4281
4281
4280
4278
4278
4274
4273
4272
4272
4271
4269
4267
4267
4266
4264
4264
4263
4261
4261
4261
4260
4260
4259
4258
4258
4258
4254
4254
4252
4252
4252
4251
4251
4249
4246
4244
4244
4243
4242
4241
4240
4240
4239
4238
4238
4237
4235
4234
4233
4233
4232
4231
4231
4231
4229
4229
4229
4228
4228
4227
4225
4221
4221
4221
4219
4218
4218
4217
4216
4214
4214
4213
4213
4212
4212
4211
4211
4210
4209
4209
4204
4202
4201
4199
4199
4199
4197
4196
4195
4193
4193
4190
4190
4190
4190
4189
4188
4188
4188
4186
4186
4185
4184
4182
4182
4181
4180
4176
4175
4175
4173
4171
4171
4170
4167
4166
4163
4163
4162
4161
4159
4157
4156
4153
4152
4152
4151
4149
4148
4146
4142
4140
4139
4139
4138
4137
4137
4136
4133
4131
4131
4129
4128
4128
4127
4126
4126
4126
4124
4123
4123
4122
4121
4121
4120
4117
4117
4117
4117
4115
4114
4114
4113
4113
4113
4111
4110
4109
4109
4107
4106
4103
4102
4097
4094
4092
4092
4092
4088
4087
4086
4086
4085
4083
4083
4080
4078
4076
4075
4074
4073
4072
4068
4068
4067
4067
4066
4066
4066
4066
4064
4062
4062
4061
4061
4057
4057
4057
4056
4056
4056
4052
4048
4046
4046
4044
4044
4043
4042
4042
4041
4041
4040
4037
4036
4036
4035
4034
4032
4031
4031
4030
4027
4026
4025
4023
4021
4021
4019
4018
4013
4011
4011
4011
4011
4010
4010
4007
4007
4006
4005
4003
4002
4001
4000
4000
3999
3997
3996
3995
3991
3990
3989
3988
3987
3985
3979
3977
3977
3976
3976
3975
3974
3973
3973
3972
3972
3972
3971
3970
3970
3968
3968
3967
3967
3965
3963
3960
3958
3958
3958
3957
3956
3955
3954
3954
3954
3954
3952
3952
3952
3950
3950
3949
3948
3948
3947
3946
3945
3945
3944
3944
3943
3941
3941
3941
3940
3937
3935
3935
3934
3934
3934
3933
3932
3932
3931
3930
3930
3930
3926
3923
3923
3923
3922
3922
3922
3921
3920
3920
3919
3919
3918
3918
3918
3916
3915
3913
3913
3913
3913
3910
3910
3907
3906
3904
3904
3901
3899
3895
3895
3893
3893
3892
3892
3891
3891
3890
3889
3886
3885
3884
3884
3883
3882
3882
3882
3882
3881
3881
3881
3881
3880
3880
3879
3878
3877
3877
3876
3875
3874
3871
3870
3869
3867
3867
3866
3864
3863
3862
3860
3859
3858
3858
3857
3857
3857
3856
3854
3852
3851
3850
3849
3846
3845
3843
3842
3841
3841
3841
3837
3837
3836
3836
3836
3833
3832
3831
3828
3828
3828
3827
3826
3824
3824
3823
3823
3822
3822
3822
3821
3820
3820
3819
3818
3817
3816
3815
3814
3812
3812
3812
3811
3811
3811
3811
3808
3808
3808
3807
3807
3805
3805
3805
3805
3804
3803
3801
3800
3794
3794
3794
3794
3793
3791
3790
3790
3790
3789
3788
3788
3787
3786
3785
3785
3783
3782
3782
3781
3781
3780
3779
3779
3778
3777
3776
3776
3775
3775
3774
3773
3771
3771
3770
3770
3768
3763
3761
3761
3760
3758
3757
3756
3756
3756
3756
3755
3755
3755
3752
3750
3750
3745
3745
3745
3742
3741
3740
3740
3739
3739
3736
3736
3735
3734
3734
3734
3733
3731
3730
3730
3730
3728
3726
3726
3725
3724
3723
3721
3720
3719
3718
3717
3715
3715
3711
3710
3708
3708
3705
3704
3704
3704
3702
3702
3701
3700
3699
3697
3693
3692
3691
3689
3688
3688
3687
3687
3685
3685
3683
3683
3683
3682
3676
3675
3675
3675
3674
3672
3672
3671
3669
3669
3667
3667
3667
3666
3665
3664
3664
3661
3660
3657
3656
3656
3655
3654
3652
3650
3650
3649
3648
3648
3648
3647
3644
3643
3643
3642
3642
3642
3641
3641
3640
3639
3638
3637
3636
3635
3635
3634
3634
3632
3631
3631
3631
3629
3628
3628
3627
3625
3625
3622
3622
3619
3619
3619
3615
3614
3613
3612
3611
3611
3610
3610
3609
3607
3605
3605
3603
3603
3602
3602
3602
3601
3600
3598
3598
3596
3595
3595
3594
3593
3592
3590
3587
3587
3586
3585
3585
3585
3585
3584
3583
3583
3583
3582
3581
3580
3579
3579
3579
3578
3577
3577
3574
3573
3573
3572
3571
3571
3568
3568
3564
3564
3563
3562
3562
3562
3560
3560
3559
3558
3558
3556
3556
3554
3553
3552
3551
3550
3550
3549
3549
3547
3545
3545
3545
3542
3541
3538
3538
3537
3537
3536
3533
3532
3532
3531
3529
3529
3529
3528
3528
3528
3527
3524
3521
3519
3519
3517
3516
3516
3513
3513
3512
3511
3511
3510
3510
3509
3509
3508
3507
3506
3506
3506
3505
3503
3495
3494
3494
3493
3492
3491
3491
3490
3490
3490
3489
3488
3486
3485
3484
3483
3483
3483
3482
3481
3481
3480
3480
3479
3478
3478
3477
3477
3477
3477
3476
3476
3475
3474
3474
3473
3473
3470
3468
3467
3465
3465
3463
3463
3462
3462
3462
3461
3461
3459
3459
3457
3457
3456
3456
3455
3454
3453
3451
3450
3450
3449
3448
3447
3446
3445
3443
3442
3441
3441
3440
3440
3439
3438
3436
3435
3433
3433
3432
3432
3430
3428
3428
3427
3427
3426
3424
3423
3423
3422
3420
3418
3417
3417
3416
3416
3414
3413
3413
3413
3409
3409
3408
3408
3408
3408
3408
3407
3406
3406
3405
3403
3402
3402
3399
3399
3398
3393
3393
3392
3392
3390
3390
3389
3388
3385
3385
3385
3383
3383
3382
3381
3381
3380
3377
3376
3376
3375
3374
3372
3370
3369
3368
3367
3367
3367
3365
3359
3357
3357
3355
3355
3352
3349
3347
3346
3343
3342
3340
3340
3340
3339
3337
3337
3337
3335
3335
3334
3334
3334
3332
3332
3329
3329
3329
3328
3328
3328
3328
3328
3327
3327
3326
3326
3324
3324
3321
3321
3320
3318
3317
3316
3316
3316
3316
3316
3315
3315
3315
3312
3311
3311
3311
3310
3305
3304
3304
3304
3300
3299
3299
3299
3298
3297
3296
3295
3294
3294
3293
3293
3292
3290
3288
3287
3287
3286
3286
3284
3283
3282
3281
3279
3278
3277
3277
3275
3275
3274
3273
3271
3271
3268
3266
3265
3264
3263
3263
3262
3259
3259
3255
3255
3253
3251
3251
3250
3250
3248
3248
3248
3247
3246
3244
3244
3244
3244
3243
3242
3241
3240
3239
3239
3238
3237
3237
3236
3236
3236
3234
3234
3232
3231
3229
3227
3226
3224
3223
3222
3221
3218
3218
3216
3216
3215
3213
3213
3209
3209
3209
3208
3206
3204
3203
3202
3201
3201
3201
3200
3197
3197
3196
3196
3194
3193
3193
3193
3193
3193
3190
3190
3190
3189
3186
3185
3184
3184
3183
3181
3174
3172
3168
3166
3162
3161
3160
3156
3156
3154
3151
3150
3150
3148
3144
3142
3141
3140
3139
3137
3137
3136
3135
3134
3134
3134
3132
3126
3124
3122
3121
3120
3120
3114
3114
3112
3112
3111
3111
3110
3108
3108
3107
3104
3104
3103
3103
3101
3101
3100
3100
3097
3097
3096
3095
3094
3093
3093
3092
3092
3091
3090
3090
3089
3087
3087
3086
3084
3084
3084
3084
3084
3083
3083
3080
3080
3079
3078
3076
3076
3075
3075
3073
3073
3072
3072
3071
3070
3070
3069
3068
3066
3066
3065
3065
3064
3064
3062
3061
3061
3061
3061
3061
3061
3059
3058
3057
3055
3054
3053
3052
3050
3050
3050
3050
3049
3047
3047
3045
3045
3044
3042
3041
3040
3039
3039
3038
3035
3034
3034
3034
3033
3032
3032
3032
3032
3031
3031
3031
3030
3030
3030
3028
3027
3026
3025
3024
3023
3022
3022
3022
3019
3016
3016
3015
3012
3012
3011
3010
3010
3010
3008
3007
3006
3005
3005
3004
3001
3001
3000
3000
2999
2999
2999
2998
2997
2997
2997
2996
2996
2995
2993
2991
2991
2990
2988
2987
2986
2984
2983
2983
2980
2980
2980
2979
2978
2978
2977
2976
2976
2973
2972
2971
2969
2968
2966
2965
2965
2963
2959
2959
2959
2958
2955
2951
2950
2949
2949
2948
2947
2946
2945
2944
2942
2942
2941
2940
2940
2939
2939
2939
2939
2936
2935
2935
2935
2935
2934
2934
2934
2934
2932
2931
2928
2926
2926
2926
2925
2924
2922
2921
2919
2919
2915
2915
2915
2912
2912
2910
2909
2907
2907
2905
2904
2901
2901
2898
2898
2895
2893
2892
2891
2891
2891
2891
2890
2888
2888
2886
2885
2880
2880
2880
2879
2878
2876
2873
2873
2871
2871
2868
2867
2867
2866
2864
2863
2860
2859
2859
2859
2858
2857
2857
2857
2856
2856
2856
2855
2855
2854
2853
2852
2851
2851
2851
2850
2849
2848
2848
2846
2846
2845
2845
2843
2841
2839
2839
2837
2837
2836
2836
2836
2835
2833
2833
2833
2829
2829
2829
2828
2827
2825
2825
2824
2823
2823
2822
2821
2820
2819
2818
2818
2817
2817
2816
2813
2812
2811
2811
2811
2810
2809
2808
2807
2807
2807
2806
2805
2804
2804
2804
2803
2802
2802
2801
2800
2798
2798
2797
2797
2795
2794
2792
2790
2790
2787
2786
2786
2784
2782
2782
2781
2780
2780
2778
2775
2775
2774
2773
2772
2770
2768
2768
2767
2766
2766
2764
2762
2762
2762
2761
2760
2760
2759
2758
2758
2758
2757
2757
2756
2755
2755
2753
2752
2752
2751
2751
2750
2749
2748
2747
2746
2746
2745
2744
2742
2741
2739
2738
2737
2737
2735
2732
2732
2731
2730
2730
2729
2727
2727
2725
2724
2722
2720
2717
2716
2715
2713
2712
2711
2710
2709
2708
2707
2704
2702
2702
2701
2700
2698
2697
2696
2696
2695
2695
2695
2693
2690
2690
2688
2685
2684
2684
2683
2682
2682
2682
2681
2681
2681
2680
2679
2679
2675
2674
2672
2671
2670
2670
2669
2669
2668
2668
2667
2667
2666
2666
2666
2665
2664
2663
2662
2662
2661
2661
2661
2660
2659
2658
2658
2656
2654
2653
2652
2651
2649
2648
2647
2646
2645
2644
2642
2641
2641
2640
2640
2639
2638
2638
2637
2637
2637
2635
2635
2633
2633
2633
2632
2632
2631
2631
2630
2629
2628
2628
2627
2627
2626
2625
2625
2623
2623
2620
2620
2619
2618
2617
2616
2616
2615
2613
2612
2609
2608
2605
2605
2605
2605
2604
2603
2602
2601
2601
2598
2597
2596
2596
2596
2595
2595
2594
2594
2592
2589
2589
2588
2587
2587
2587
2586
2584
2584
2584
2584
2581
2581
2579
2578
2574
2574
2569
2569
2568
2568
2568
2568
2567
2567
2566
2566
2563
2563
2562
2561
2560
2557
2556
2555
2554
2552
2546
2544
2544
2544
2543
2543
2543
2540
2536
2535
2531
2529
2529
2528
2527
2525
2525
2522
2521
2520
2519
2518
2518
2516
2514
2514
2513
2512
2512
2512
2510
2509
2508
2505
2504
2504
2503
2503
2502
2501
2500
2500
2499
2497
2496
2494
2493
2493
2491
2486
2486
2485
2485
2483
2482
2481
2481
2480
2480
2477
2477
2476
2474
2473
2472
2472
2472
2472
2470
2470
2470
2469
2465
2465
2465
2464
2464
2461
2460
2458
2458
2457
2457
2456
2453
2453
2453
2453
2452
2451
2447
2446
2445
2444
2444
2443
2442
2442
2441
2441
2440
2439
2439
2438
2438
2437
2437
2436
2435
2435
2435
2434
2434
2432
2432
2431
2430
2429
2428
2426
2425
2423
2420
2418
2417
2412
2411
2411
2410
2407
2406
2405
2405
2405
2405
2404
2404
2403
2402
2401
2399
2399
2398
2396
2395
2395
2394
2392
2391
2388
2387
2387
2387
2386
2385
2385
2382
2380
2379
2378
2378
2377
2376
2375
2375
2374
2371
2370
2369
2368
2368
2367
2367
2367
2367
2365
2365
2365
2364
2363
2362
2361
2359
2358
2357
2356
2355
2352
2352
2351
2349
2348
2348
2348
2348
2347
2346
2345
2343
2343
2342
2338
2337
2336
2335
2335
2334
2332
2332
2331
2331
2331
2327
2327
2325
2324
2323
2323
2321
2320
2318
2318
2311
2311
2306
2304
2303
2302
2301
2301
2299
2299
2298
2298
2297
2296
2295
2294
2294
2291
2291
2289
2289
2286
2285
2285
2283
2281
2281
2281
2280
2279
2278
2276
2276
2276
2274
2274
2272
2272
2271
2271
2270
2269
2269
2267
2264
2264
2264
2263
2263
2261
2261
2261
2259
2257
2257
2257
2256
2256
2255
2255
2253
2253
2252
2251
2249
2249
2247
2247
2246
2246
2245
2245
2244
2242
2242
2241
2240
2240
2239
2238
2237
2237
2236
2236
2235
2235
2234
2232
2231
2230
2230
2229
2229
2228
2228
2228
2227
2227
2226
2225
2225
2225
2224
2224
2224
2223
2223
2221
2221
2220
2219
2218
2217
2216
2216
2215
2214
2213
2213
2213
2212
2210
2208
2207
2207
2206
2203
2201
2200
2198
2194
2193
2192
2191
2191
2191
2190
2190
2188
2188
2188
2188
2187
2187
2187
2187
2185
2184
2183
2181
2180
2180
2180
2179
2178
2177
2177
2176
2175
2173
2173
2171
2171
2171
2170
2169
2169
2166
2166
2165
2164
2163
2163
2162
2161
2160
2159
2158
2158
2157
2156
2155
2154
2152
2150
2149
2148
2147
2147
2147
2146
2145
2144
2141
2141
2141
2141
2139
2139
2139
2137
2135
2135
2135
2134
2133
2131
2130
2130
2126
2122
2122
2122
2121
2119
2118
2117
2115
2114
2112
2111
2110
2110
2109
2109
2108
2104
2104
2103
2102
2102
2100
2100
2099
2099
2098
2098
2097
2094
2093
2091
2089
2089
2088
2088
2087
2087
2086
2086
2083
2083
2082
2082
2082
2081
2079
2079
2078
2076
2075
2073
2070
2069
2068
2068
2068
2067
2067
2066
2063
2062
2059
2059
2059
2058
2057
2056
2054
2052
2051
2049
2041
2041
2040
2038
2037
2035
2032
2030
2029
2029
2029
2028
2026
2025
2025
2024
2023
2021
2021
2018
2017
2016
2016
2014
2013
2013
2013
2013
2012
2011
2010
2009
2008
2007
2007
2006
2005
2002
2000
1999
1998
1997
1996
1993
1993
1992
1991
1991
1990
1988
1987
1986
1986
1983
1983
1983
1982
1980
1979
1978
1977
1975
1974
1972
1972
1971
1971
1970
1970
1970
1969
1968
1966
1965
1965
1965
1965
1963
1962
1960
1960
1959
1959
1958
1957
1957
1956
1956
1953
1952
1950
1949
1948
1947
1947
1946
1945
1944
1941
1940
1939
1938
1937
1936
1935
1935
1935
1932
1931
1928
1928
1927
1927
1925
1923
1923
1923
1922
1922
1920
1919
1917
1917
1917
1916
1916
1914
1912
1910
1909
1909
1908
1908
1906
1905
1904
1904
1903
1903
1903
1901
1900
1899
1899
1898
1897
1897
1897
1896
1896
1896
1896
1895
1894
1894
1893
1891
1891
1889
1885
1885
1885
1880
1880
1880
1879
1879
1879
1878
1876
1876
1875
1874
1874
1872
1872
1871
1870
1870
1868
1865
1864
1864
1864
1862
1862
1862
1859
1858
1857
1857
1856
1854
1852
1851
1851
1849
1848
1846
1844
1844
1842
1842
1839
1839
1839
1838
1838
1837
1832
1831
1829
1829
1828
1828
1825
1824
1823
1822
1821
1820
1817
1816
1814
1813
1812
1811
1811
1811
1809
1808
1807
1805
1805
1804
1804
1804
1803
1803
1802
1800
1799
1798
1798
1796
1796
1796
1795
1794
1793
1791
1791
1790
1789
1788
1788
1788
1788
1787
1787
1786
1786
1784
1779
1778
1776
1776
1776
1776
1775
1773
1769
1768
1767
1766
1766
1765
1765
1765
1764
1764
1763
1763
1763
1762
1762
1762
1762
1760
1760
1760
1759
1759
1759
1758
1757
1756
1756
1756
1756
1755
1754
1752
1749
1748
1744
1743
1743
1742
1741
1738
1735
1735
1734
1733
1733
1733
1732
1732
1732
1731
1731
1730
1728
1728
1728
1728
1726
1725
1724
1723
1721
1720
1719
1718
1717
1717
1715
1715
1715
1714
1713
1712
1711
1710
1709
1709
1707
1706
1705
1701
1700
1700
1699
1699
1697
1696
1694
1694
1690
1690
1688
1688
1687
1687
1685
1681
1680
1680
1677
1677
1676
1676
1675
1675
1674
1673
1673
1673
1672
1670
1669
1669
1667
1665
1665
1664
1664
1664
1662
1661
1661
1660
1660
1660
1660
1659
1659
1658
1658
1658
1657
1656
1656
1654
1653
1652
1652
1648
1648
1646
1645
1645
1643
1643
1642
1641
1641
1640
1639
1639
1639
1639
1638
1637
1637
1636
1635
1635
1634
1634
1632
1632
1631
1627
1625
1624
1624
1623
1623
1623
1621
1620
1620
1620
1620
1619
1617
1617
1617
1617
1616
1615
1612
1612
1611
1610
1609
1609
1609
1608
1607
1605
1604
1604
1604
1603
1602
1600
1600
1598
1598
1597
1596
1594
1594
1594
1593
1590
1586
1586
1586
1583
1583
1582
1581
1581
1581
1580
1580
1579
1578
1576
1576
1575
1575
1574
1574
1572
1571
1570
1565
1565
1564
1562
1562
1562
1562
1561
1560
1560
1559
1558
1556
1553
1550
1548
1547
1547
1547
1546
1545
1545
1544
1543
1542
1541
1541
1540
1540
1540
1539
1539
1536
1533
1532
1532
1530
1529
1529
1529
1528
1528
1527
1526
1526
1526
1524
1524
1522
1521
1520
1519
1518
1517
1517
1517
1516
1515
1515
1514
1513
1513
1512
1512
1512
1511
1509
1508
1508
1507
1505
1504
1502
1500
1500
1498
1498
1498
1497
1497
1496
1496
1496
1496
1495
1493
1493
1492
1491
1491
1490
1490
1488
1488
1486
1484
1482
1480
1480
1479
1478
1477
1476
1476
1475
1475
1475
1474
1474
1473
1473
1473
1473
1472
1468
1467
1467
1464
1464
1463
1461
1459
1457
1456
1456
1455
1455
1455
1453
1452
1449
1449
1449
1448
1448
1447
1445
1440
1438
1437
1437
1435
1433
1433
1432
1432
1432
1431
1431
1430
1430
1428
1428
1427
1424
1424
1423
1422
1421
1420
1420
1419
1416
1416
1415
1415
1415
1415
1413
1412
1410
1409
1409
1408
1407
1406
1402
1401
1401
1397
1397
1394
1393
1393
1391
1390
1390
1385
1383
1381
1380
1379
1379
1378
1377
1377
1377
1376
1376
1376
1374
1372
1372
1371
1371
1371
1370
1370
1370
1370
1368
1365
1365
1364
1362
1362
1361
1360
1360
1360
1358
1358
1357
1357
1353
1353
1352
1351
1350
1349
1348
1348
1346
1346
1345
1345
1344
1343
1342
1342
1341
1341
1339
1337
1337
1336
1336
1335
1335
1333
1333
1332
1331
1331
1330
1329
1329
1329
1328
1325
1324
1324
1322
1322
1321
1321
1321
1320
1319
1319
1316
1316
1314
1313
1312
1311
1311
1310
1310
1308
1307
1304
1303
1302
1302
1301
1300
1295
1295
1295
1293
1292
1289
1289
1289
1288
1287
1287
1286
1285
1285
1284
1283
1283
1281
1280
1280
1278
1278
1277
1277
1275
1274
1274
1274
1274
1272
1271
1270
1269
1269
1267
1267
1265
1265
1264
1263
1263
1262
1261
1260
1256
1256
1254
1253
1251
1250
1249
1247
1246
1244
1243
1242
1242
1239
1239
1238
1238
1237
1237
1235
1235
1234
1234
1234
1232
1232
1231
1230
1229
1226
1225
1223
1222
1220
1219
1219
1219
1219
1218
1217
1217
1217
1214
1213
1213
1210
1208
1207
1207
1206
1206
1204
1203
1202
1202
1201
1201
1199
1199
1197
1197
1195
1195
1195
1194
1194
1193
1193
1187
1185
1180
1180
1178
1178
1176
1176
1175
1175
1174
1173
1172
1168
1167
1166
1165
1165
1164
1164
1163
1163
1157
1155
1153
1153
1153
1150
1150
1150
1149
1149
1148
1147
1147
1146
1144
1144
1143
1142
1142
1141
1140
1140
1139
1139
1138
1138
1137
1136
1136
1135
1134
1133
1133
1133
1132
1132
1131
1131
1130
1129
1127
1125
1123
1122
1119
1118
1118
1118
1118
1116
1115
1115
1113
1112
1110
1109
1109
1109
1108
1107
1103
1102
1102
1101
1100
1095
1094
1093
1093
1092
1092
1091
1089
1087
1087
1086
1086
1085
1085
1084
1083
1079
1079
1076
1076
1074
1074
1073
1073
1072
1072
1072
1072
1071
1071
1070
1070
1068
1068
1068
1066
1066
1062
1062
1061
1061
1059
1059
1058
1058
1057
1055
1054
1053
1052
1052
1051
1049
1049
1049
1046
1046
1045
1045
1044
1043
1043
1043
1042
1041
1040
1039
1038
1038
1035
1034
1034
1033
1033
1033
1031
1030
1029
1029
1029
1027
1026
1026
1026
1025
1025
1024
1022
1021
1019
1015
1015
1014
1013
1012
1010
1010
1010
1008
1007
1005
1003
998
996
996
996
994
994
993
993
992
992
991
990
990
988
987
986
986
985
985
984
983
981
979
979
979
974
974
972
972
969
969
969
969
969
968
966
965
963
962
962
959
958
957
957
956
956
955
954
954
954
949
949
948
947
946
945
943
942
942
942
938
937
936
936
935
934
934
933
933
931
930
929
929
928
926
925
925
923
919
918
916
916
916
915
914
913
913
909
908
908
908
906
905
905
904
902
901
901
901
900
896
895
895
893
893
892
892
889
889
889
888
887
887
887
884
884
882
881
881
879
878
877
876
874
872
872
871
871
870
869
869
867
867
867
864
863
863
862
860
860
859
859
859
858
857
852
852
852
849
849
847
844
843
842
842
841
841
841
840
839
838
838
838
838
836
835
832
832
831
828
828
828
826
824
819
819
819
819
818
815
814
814
814
809
808
808
808
808
804
804
803
802
801
800
800
799
798
796
795
792
792
791
790
789
787
787
785
785
782
782
782
781
780
780
779
778
777
776
775
775
774
772
770
770
767
767
767
766
766
766
764
763
760
757
755
755
754
753
751
750
750
749
749
748
748
747
747
746
746
744
743
742
742
740
740
739
739
738
737
737
736
733
730
730
728
728
728
727
727
726
725
724
723
722
722
720
720
719
719
719
714
714
714
713
712
712
712
711
709
708
708
708
707
706
705
703
703
699
698
698
697
694
693
689
687
686
686
686
685
684
683
681
681
681
679
678
676
676
676
676
673
673
672
671
671
670
670
669
668
667
666
665
664
664
664
662
661
659
659
659
659
658
656
654
654
654
650
650
649
647
646
646
646
645
642
641
637
636
635
635
634
633
632
632
632
629
627
627
627
627
626
625
625
623
622
620
619
618
615
614
612
611
610
610
608
607
603
602
602
601
601
601
600
599
598
598
596
596
595
595
592
592
592
590
590
588
588
587
587
585
584
582
582
582
582
580
577
577
576
575
573
572
572
570
569
567
566
566
564
564
563
560
559
558
557
557
555
555
555
553
553
552
552
552
550
549
549
546
543
541
541
538
536
536
534
534
534
534
533
533
533
532
532
532
531
531
529
527
526
525
525
525
524
523
519
517
517
517
516
514
513
513
511
511
510
510
505
504
502
502
502
500
499
499
497
497
496
496
496
495
495
495
495
494
494
493
493
492
492
492
491
490
489
489
489
488
486
485
481
481
481
481
480
479
479
479
478
475
475
475
474
474
473
472
472
472
470
469
466
466
466
465
465
463
460
460
459
459
459
458
457
452
452
451
451
451
450
450
449
448
448
448
447
447
445
445
444
444
444
443
443
442
442
441
440
439
437
435
434
434
432
432
430
429
429
428
428
427
426
426
425
425
425
423
421
420
419
419
418
417
417
416
414
414
414
413
410
409
409
409
408
407
406
404
400
400
400
399
399
399
399
398
397
396
396
395
394
393
392
392
391
390
390
388
388
388
386
386
383
382
381
381
381
380
380
379
379
377
375
375
372
371
369
369
367
366
365
364
364
364
363
363
361
361
361
357
356
355
355
354
354
354
352
352
351
350
350
350
349
349
348
348
347
346
345
345
344
342
340
340
339
337
337
333
332
328
327
324
321
321
320
320
320
320
320
318
318
317
317
317
317
315
315
314
314
313
313
313
310
310
309
308
308
307
307
305
302
302
301
301
300
299
298
298
297
297
295
295
294
291
288
286
286
286
286
285
284
284
284
283
282
277
277
274
272
271
269
268
264
264
262
262
261
260
260
258
252
251
250
249
249
249
248
247
246
245
245
244
243
238
236
236
236
235
234
233
231
230
229
228
228
228
226
225
225
224
224
222
222
221
221
220
220
220
219
217
217
217
217
216
216
216
213
212
211
211
211
208
207
206
205
205
205
203
203
203
202
201
201
199
196
196
195
192
191
191
191
190
189
189
189
187
185
181
181
180
179
178
178
178
176
175
174
174
173
173
173
173
170
170
169
169
168
167
167
167
165
164
164
160
160
158
157
156
154
154
154
152
152
151
150
149
148
147
136
135
129
129
129
129
128
128
127
127
126
126
125
124
124
124
123
122
121
120
118
116
115
114
113
113
111
111
110
109
108
107
106
106
106
106
105
105
102
101
100
100
100
99
99
99
99
98
96
96
94
93
93
92
92
92
92
92
91
91
91
90
90
87
86
85
83
81
81
80
78
77
76
75
75
75
74
74
72
71
71
71
71
71
70
70
70
68
67
65
64
63
62
60
60
58
58
56
56
54
53
52
48
48
47
46
45
45
44
44
43
40
40
40
39
38
38
35
34
33
32
32
31
31
30
30
28
27
26
23
23
22
22
22
21
21
20
20
20
20
18
17
17
16
15
14
14
13
11
9
5
5
4
3
2
1
