9998
9998
9997
9994
9994
9993
9992
9992
9992
9991
9990
9989
9989
9987
9987
9987
9986
9986
9984
9983
9981
9980
9980
9978
9977
9976
9973
9973
9972
9970
9969
9963
9963
9963
9963
9962
9961
9960
9959
9958
9957
9957
9956
9954
9953
9953
9953
9953
9952
9952
9952
9951
9951
9951
9951
9951
9949
9948
9948
9946
9946
9944
9944
9944
9943
9943
9941
9937
9937
9937
9936
9934
9933
9931
9930
9925
9925
9924
9923
9923
9923
9923
9923
9922
9921
9919
9919
9919
9918
9917
9916
9916
9916
9913
9913
9912
9911
9910
9907
9906
9906
9905
9904
9903
9902
9902
9902
9900
9899
9899
9899
9899
9898
9895
9895
9891
9890
9889
9889
9887
9884
9883
9883
9883
9883
9879
9877
9875
9874
9874
9873
9871
9871
9867
9867
9866
9865
9865
9864
9862
9862
9861
9859
9859
9858
9858
9857
9856
9855
9852
9852
9851
9851
9851
9849
9848
9847
9847
9845
9843
9842
9841
9841
9841
9840
9838
9838
9837
9837
9836
9835
9835
9835
9834
9833
9832
9832
9832
9831
9831
9830
9830
9829
9829
9828
9828
9827
9824
9824
9824
9823
9823
9823
9822
9821
9820
9817
9815
9815
9815
9814
9814
9812
9811
9810
9807
9804
9803
9802
9801
9801
9801
9801
9801
9800
9799
9799
9798
9796
9795
9794
9793
9791
9789
9789
9788
9787
9786
9786
9786
9782
9779
9778
9778
9777
9776
9775
9774
9774
9772
9772
9770
9767
9764
9764
9763
9762
9762
9762
9762
9760
9760
9760
9760
9759
9758
9757
9757
9756
9755
9755
9754
9754
9753
9751
9751
9750
9745
9745
9743
9742
9742
9742
9742
9741
9740
9738
9736
9735
9735
9734
9733
9731
9731
9730
9729
9729
9728
9727
9726
9726
9725
9724
9723
9723
9722
9717
9717
9717
9717
9717
9716
9716
9716
9715
9715
9715
9715
9714
9713
9713
9713
9712
9711
9707
9706
9705
9705
9703
9701
9701
9698
9697
9696
9695
9695
9693
9692
9691
9689
9688
9687
9685
9685
9683
9683
9683
9681
9679
9679
9677
9673
9673
9672
9670
9670
9669
9669
9668
9667
9665
9665
9664
9663
9662
9662
9661
9659
9659
9659
9653
9651
9649
9647
9645
9645
9645
9645
9644
9643
9643
9643
9641
9640
9639
9638
9636
9636
9636
9635
9633
9628
9627
9626
9624
9624
9622
9621
9620
9620
9620
9620
9619
9617
9615
9614
9614
9611
9611
9608
9606
9606
9605
9605
9603
9603
9600
9600
9600
9599
9599
9596
9596
9595
9594
9594
9593
9592
9586
9586
9581
9581
9579
9577
9577
9575
9575
9572
9571
9570
9569
9568
9568
9565
9565
9561
9560
9559
9558
9555
9554
9554
9553
9553
9553
9552
9549
9547
9547
9546
9546
9545
9545
9544
9543
9543
9541
9538
9537
9536
9535
9534
9533
9532
9531
9530
9529
9528
9528
9528
9525
9525
9524
9522
9521
9521
9518
9518
9516
9515
9515
9515
9514
9514
9514
9514
9512
9509
9507
9506
9505
9505
9504
9500
9499
9499
9498
9497
9497
9497
9495
9495
9494
9492
9491
9489
9487
9486
9486
9485
9483
9477
9477
9476
9476
9476
9474
9473
9471
9471
9470
9470
9469
9468
9468
9467
9466
9466
9465
9465
9464
9464
9464
9463
9462
9461
9461
9459
9457
9456
9454
9454
9454
9451
9448
9447
9445
9444
9443
9442
9441
9441
9439
9438
9437
9436
9436
9435
9434
9434
9434
9433
9432
9431
9431
9430
9430
9428
9427
9426
9425
9424
9423
9422
9422
9422
9419
9418
9416
9416
9415
9415
9415
9415
9414
9414
9413
9412
9411
9410
9409
9409
9407
9407
9406
9403
9402
9400
9400
9399
9399
9398
9398
9397
9395
9389
9388
9388
9387
9387
9387
9387
9386
9386
9384
9384
9381
9379
9378
9378
9376
9373
9372
9372
9370
9370
9370
9369
9369
9368
9368
9368
9367
9367
9366
9366
9366
9365
9365
9363
9362
9362
9361
9361
9360
9359
9358
9357
9356
9356
9354
9352
9351
9351
9350
9350
9350
9349
9348
9346
9345
9344
9344
9341
9340
9340
9340
9338
9337
9335
9334
9334
9334
9333
9333
9332
9332
9331
9331
9329
9329
9329
9328
9328
9327
9326
9326
9324
9323
9323
9322
9322
9321
9321
9320
9319
9317
9317
9316
9316
9315
9314
9313
9309
9308
9306
9306
9304
9303
9301
9299
9297
9296
9292
9292
9292
9290
9288
9287
9286
9285
9285
9284
9281
9281
9280
9279
9279
9278
9278
9278
9278
9277
9277
9277
9275
9270
9269
9269
9268
9268
9268
9267
9265
9263
9261
9261
9260
9259
9258
9257
9257
9256
9252
9250
9249
9248
9246
9245
9243
9242
9242
9241
9240
9239
9239
9238
9237
9237
9236
9236
9236
9235
9235
9235
9234
9234
9233
9232
9231
9230
9230
9230
9230
9229
9228
9227
9226
9226
9226
9225
9224
9223
9222
9220
9220
9219
9219
9217
9215
9214
9213
9212
9211
9210
9210
9209
9209
9208
9207
9206
9206
9204
9201
9200
9198
9198
9198
9198
9197
9196
9196
9196
9196
9196
9194
9193
9193
9193
9193
9192
9192
9189
9188
9188
9188
9187
9184
9177
9176
9175
9175
9174
9173
9172
9171
9168
9167
9166
9166
9165
9165
9165
9164
9163
9163
9162
9162
9161
9160
9159
9159
9158
9158
9158
9157
9155
9155
9154
9154
9153
9153
9152
9151
9150
9148
9147
9144
9143
9142
9141
9140
9140
9138
9135
9135
9134
9134
9133
9129
9129
9126
9125
9124
9122
9121
9119
9118
9117
9117
9116
9116
9115
9112
9108
9108
9106
9105
9103
9102
9102
9102
9102
9101
9101
9101
9098
9098
9095
9094
9091
9090
9088
9088
9087
9087
9085
9084
9084
9079
9079
9077
9076
9076
9075
9075
9075
9072
9070
9066
9065
9064
9063
9062
9062
9060
9060
9059
9058
9057
9051
9050
9049
9048
9047
9044
9042
9041
9040
9039
9039
9037
9037
9036
9036
9035
9035
9034
9030
9029
9029
9029
9029
9029
9028
9028
9026
9026
9026
9025
9025
9025
9024
9023
9022
9017
9015
9015
9015
9015
9015
9015
9010
9008
9006
9005
9004
9003
9002
9001
9001
8998
8998
8998
8995
8995
8995
8995
8994
8994
8992
8991
8991
8991
8990
8988
8988
8988
8986
8986
8986
8986
8985
8983
8982
8981
8981
8980
8980
8979
8979
8979
8976
8975
8974
8974
8972
8971
8971
8970
8969
8968
8968
8968
8967
8967
8966
8964
8961
8960
8960
8960
8960
8959
8957
8955
8955
8954
8947
8946
8946
8946
8946
8945
8943
8941
8941
8939
8939
8938
8937
8933
8933
8929
8929
8928
8928
8927
8927
8926
8926
8926
8925
8922
8921
8919
8917
8917
8916
8914
8914
8913
8912
8912
8912
8912
8911
8911
8910
8910
8910
8910
8910
8908
8908
8906
8906
8905
8905
8904
8903
8900
8899
8899
8899
8898
8896
8896
8894
8893
8893
8892
8890
8889
8885
8885
8880
8878
8877
8875
8875
8875
8874
8873
8873
8872
8871
8871
8870
8868
8867
8866
8862
8862
8861
8860
8860
8860
8859
8859
8859
8858
8857
8857
8857
8856
8856
8855
8855
8854
8853
8852
8850
8850
8850
8848
8847
8845
8845
8845
8844
8841
8841
8840
8840
8838
8837
8836
8831
8830
8829
8828
8828
8826
8825
8825
8823
8821
8820
8820
8820
8818
8818
8817
8816
8815
8815
8814
8813
8813
8813
8810
8810
8810
8809
8809
8808
8806
8806
8803
8802
8801
8800
8799
8798
8798
8796
8796
8793
8792
8791
8790
8790
8790
8790
8790
8790
8789
8789
8788
8786
8785
8784
8784
8783
8779
8778
8778
8776
8774
8773
8771
8769
8769
8768
8768
8767
8763
8762
8761
8761
8758
8758
8758
8757
8757
8757
8756
8755
8754
8754
8753
8753
8752
8749
8749
8748
8748
8747
8747
8747
8746
8746
8744
8743
8741
8741
8741
8740
8738
8737
8737
8736
8736
8736
8734
8731
8730
8730
8727
8726
8726
8725
8724
8723
8723
8723
8722
8720
8719
8717
8717
8717
8715
8714
8714
8712
8711
8705
8702
8701
8701
8700
8699
8699
8699
8698
8696
8696
8696
8695
8695
8695
8695
8695
8694
8693
8692
8692
8692
8691
8691
8690
8690
8688
8688
8687
8686
8684
8682
8681
8681
8680
8679
8676
8675
8672
8672
8672
8672
8671
8670
8669
8668
8668
8667
8667
8666
8666
8665
8665
8665
8662
8662
8662
8661
8660
8660
8660
8658
8657
8657
8655
8654
8654
8654
8653
8653
8652
8652
8652
8652
8650
8650
8649
8649
8649
8648
8648
8646
8646
8646
8642
8639
8639
8638
8638
8637
8636
8633
8633
8633
8631
8631
8631
8630
8629
8629
8625
8625
8623
8622
8622
8622
8621
8621
8620
8619
8616
8613
8613
8612
8611
8610
8609
8607
8604
8603
8602
8602
8601
8600
8599
8599
8597
8595
8593
8591
8589
8588
8586
8586
8585
8584
8583
8582
8581
8581
8581
8581
8579
8577
8575
8575
8574
8573
8570
8568
8567
8566
8566
8565
8565
8565
8564
8563
8560
8560
8559
8558
8557
8557
8557
8557
8556
8555
8553
8552
8552
8550
8549
8547
8545
8545
8538
8538
8538
8536
8535
8533
8533
8532
8532
8528
8528
8526
8522
8522
8521
8521
8519
8519
8518
8518
8518
8515
8515
8512
8509
8508
8507
8504
8504
8503
8503
8502
8499
8499
8498
8497
8497
8495
8493
8493
8492
8492
8491
8489
8484
8484
8484
8484
8483
8480
8478
8477
8476
8475
8473
8473
8473
8471
8471
8469
8467
8466
8466
8465
8463
8462
8460
8459
8459
8458
8458
8457
8457
8457
8457
8456
8456
8455
8453
8453
8451
8449
8449
8447
8446
8444
8444
8443
8443
8441
8440
8439
8439
8438
8438
8437
8434
8434
8433
8431
8430
8430
8428
8427
8427
8426
8426
8424
8424
8423
8423
8423
8422
8421
8420
8420
8420
8419
8419
8419
8415
8415
8414
8411
8411
8411
8410
8408
8408
8407
8405
8405
8404
8404
8403
8403
8402
8401
8398
8396
8395
8394
8394
8392
8391
8391
8390
8390
8387
8387
8386
8386
8385
8384
8384
8384
8383
8381
8381
8379
8377
8376
8373
8372
8371
8370
8369
8368
8367
8366
8365
8364
8363
8363
8362
8362
8361
8361
8360
8360
8357
8357
8357
8357
8356
8355
8352
8352
8351
8350
8349
8348
8348
8347
8347
8347
8346
8346
8345
8344
8344
8344
8343
8343
8341
8341
8341
8340
8336
8335
8333
8333
8332
8326
8325
8324
8324
8323
8323
8322
8322
8321
8319
8319
8312
8310
8310
8309
8309
8309
8308
8307
8306
8306
8306
8304
8301
8298
8297
8297
8296
8294
8293
8292
8291
8291
8290
8289
8289
8282
8281
8281
8281
8281
8279
8275
8275
8274
8274
8268
8268
8267
8267
8267
8265
8264
8263
8263
8263
8262
8258
8257
8256
8253
8251
8250
8248
8243
8242
8242
8241
8240
8239
8239
8239
8239
8238
8238
8238
8238
8235
8235
8234
8234
8233
8232
8231
8230
8229
8227
8225
8223
8220
8220
8215
8212
8211
8209
8208
8208
8207
8207
8207
8206
8204
8204
8203
8203
8203
8203
8202
8202
8199
8199
8199
8199
8196
8193
8193
8192
8192
8192
8190
8188
8188
8188
8188
8186
8186
8185
8183
8182
8181
8178
8176
8176
8175
8175
8173
8171
8171
8171
8170
8170
8168
8168
8168
8167
8167
8165
8165
8165
8164
8164
8163
8162
8160
8159
8158
8157
8155
8155
8155
8152
8148
8148
8147
8147
8146
8144
8144
8142
8142
8141
8140
8138
8137
8136
8135
8134
8132
8132
8131
8130
8125
8125
8125
8124
8124
8124
8122
8121
8120
8119
8118
8118
8118
8117
8116
8116
8115
8114
8114
8113
8113
8112
8112
8111
8110
8110
8109
8108
8107
8107
8106
8105
8104
8101
8100
8100
8099
8098
8098
8098
8097
8096
8094
8092
8091
8090
8089
8088
8085
8083
8082
8081
8078
8078
8078
8076
8076
8075
8075
8073
8073
8072
8071
8071
8070
8070
8069
8067
8067
8067
8066
8065
8065
8065
8065
8064
8062
8061
8061
8061
8060
8059
8059
8059
8058
8055
8054
8053
8052
8052
8051
8049
8049
8048
8048
8046
8046
8045
8044
8043
8042
8041
8038
8038
8037
8035
8034
8034
8033
8033
8030
8029
8028
8028
8027
8025
8025
8024
8024
8024
8023
8023
8021
8021
8021
8020
8018
8018
8017
8015
8014
8014
8014
8012
8012
8011
8008
8007
8006
8005
8004
8004
8002
8002
7999
7999
7999
7998
7997
7997
7995
7995
7994
7993
7993
7992
7991
7989
7989
7987
7987
7986
7984
7983
7982
7982
7981
7980
7979
7978
7977
7977
7975
7974
7970
7966
7965
7965
7965
7965
7964
7963
7962
7961
7961
7959
7958
7956
7951
7950
7949
7949
7947
7945
7944
7944
7943
7943
7941
7941
7940
7937
7935
7934
7933
7931
7930
7929
7929
7928
7926
7925
7923
7920
7917
7913
7912
7912
7912
7910
7909
7908
7907
7907
7906
7905
7905
7904
7904
7901
7900
7899
7898
7896
7896
7895
7894
7893
7893
7892
7892
7892
7892
7890
7890
7889
7888
7888
7888
7885
7884
7884
7883
7883
7883
7881
7880
7878
7878
7877
7876
7876
7875
7875
7873
7872
7872
7871
7871
7870
7869
7867
7867
7863
7863
7862
7861
7859
7858
7857
7855
7855
7855
7854
7854
7853
7853
7852
7852
7852
7851
7851
7847
7847
7847
7846
7845
7844
7844
7843
7842
7842
7840
7840
7839
7839
7839
7838
7837
7836
7836
7833
7832
7831
7831
7831
7830
7824
7824
7822
7817
7816
7816
7815
7811
7811
7810
7807
7807
7806
7806
7805
7805
7805
7805
7804
7804
7804
7804
7804
7803
7803
7803
7802
7800
7800
7800
7799
7799
7799
7798
7798
7798
7796
7795
7794
7791
7786
7785
7784
7784
7784
7783
7782
7782
7782
7782
7779
7779
7778
7777
7777
7777
7777
7777
7776
7771
7771
7771
7771
7770
7769
7769
7769
7767
7766
7764
7762
7762
7760
7760
7759
7759
7759
7759
7757
7754
7753
7752
7752
7752
7750
7750
7750
7749
7747
7747
7745
7745
7745
7743
7742
7742
7741
7740
7739
7738
7738
7738
7734
7733
7733
7731
7730
7729
7729
7728
7727
7726
7723
7722
7722
7722
7721
7721
7718
7718
7715
7715
7715
7713
7712
7711
7709
7708
7708
7707
7707
7704
7704
7702
7702
7701
7700
7699
7698
7698
7695
7695
7695
7694
7693
7691
7691
7690
7690
7688
7688
7687
7685
7685
7684
7684
7683
7683
7683
7683
7681
7679
7679
7679
7677
7677
7677
7676
7676
7675
7675
7674
7673
7673
7672
7672
7672
7669
7668
7666
7664
7663
7663
7659
7659
7658
7654
7652
7651
7650
7650
7649
7648
7647
7646
7646
7646
7644
7644
7644
7641
7641
7641
7641
7640
7639
7638
7633
7631
7630
7630
7629
7628
7628
7626
7625
7625
7625
7623
7622
7621
7621
7620
7618
7617
7617
7615
7614
7614
7612
7611
7611
7611
7611
7607
7607
7605
7604
7604
7603
7599
7599
7597
7594
7594
7592
7592
7591
7589
7588
7588
7586
7586
7583
7582
7580
7580
7579
7579
7577
7575
7575
7574
7573
7572
7571
7569
7567
7565
7561
7558
7556
7555
7554
7553
7549
7548
7548
7547
7545
7545
7543
7543
7543
7542
7542
7541
7540
7538
7538
7537
7537
7537
7537
7534
7534
7532
7531
7531
7530
7529
7528
7525
7523
7521
7521
7521
7521
7520
7519
7518
7518
7518
7513
7511
7511
7510
7508
7508
7508
7506
7505
7505
7503
7500
7498
7497
7497
7496
7492
7492
7490
7488
7487
7487
7487
7486
7486
7485
7484
7484
7482
7481
7481
7481
7480
7480
7479
7477
7476
7476
7475
7475
7474
7473
7473
7468
7468
7467
7465
7464
7463
7462
7461
7461
7460
7460
7459
7458
7455
7453
7448
7447
7446
7444
7443
7442
7441
7440
7439
7439
7438
7438
7438
7438
7436
7434
7433
7433
7432
7432
7430
7430
7428
7425
7425
7422
7421
7419
7419
7419
7419
7417
7415
7414
7414
7414
7413
7412
7411
7411
7410
7409
7409
7409
7409
7408
7407
7406
7404
7404
7404
7403
7403
7402
7402
7402
7400
7398
7398
7396
7396
7393
7392
7392
7392
7391
7391
7390
7389
7388
7386
7386
7383
7383
7382
7381
7377
7374
7374
7373
7373
7371
7371
7369
7369
7368
7367
7367
7366
7363
7362
7362
7361
7359
7358
7358
7357
7356
7355
7353
7352
7351
7350
7349
7348
7348
7348
7347
7346
7346
7346
7345
7341
7340
7339
7339
7336
7335
7335
7334
7332
7330
7330
7327
7327
7325
7324
7324
7322
7322
7321
7320
7319
7318
7316
7315
7315
7314
7313
7311
7311
7307
7306
7306
7302
7301
7301
7301
7300
7298
7297
7296
7293
7292
7292
7290
7290
7288
7288
7287
7284
7284
7284
7284
7284
7282
7280
7279
7277
7276
7274
7273
7273
7272
7269
7269
7269
7268
7268
7265
7261
7257
7256
7256
7255
7255
7254
7252
7250
7250
7250
7250
7247
7247
7247
7245
7245
7244
7242
7242
7242
7240
7240
7238
7237
7236
7236
7236
7236
7234
7233
7233
7231
7230
7230
7228
7227
7227
7226
7225
7225
7225
7224
7223
7223
7222
7222
7222
7219
7218
7217
7217
7213
7209
7206
7205
7204
7203
7203
7203
7201
7200
7200
7199
7199
7199
7196
7195
7193
7193
7192
7191
7191
7191
7191
7189
7189
7186
7185
7185
7184
7184
7183
7182
7181
7181
7181
7177
7177
7176
7176
7173
7173
7171
7170
7169
7168
7167
7166
7164
7164
7163
7163
7163
7162
7162
7162
7162
7160
7160
7160
7159
7157
7157
7156
7154
7154
7154
7153
7152
7151
7151
7149
7149
7148
7148
7147
7144
7143
7142
7139
7138
7138
7138
7138
7138
7136
7136
7135
7134
7132
7127
7127
7126
7126
7124
7119
7118
7117
7116
7115
7115
7113
7113
7112
7111
7109
7109
7108
7107
7107
7105
7104
7104
7104
7104
7103
7103
7102
7099
7099
7099
7099
7097
7097
7094
7093
7089
7086
7085
7085
7084
7083
7081
7081
7080
7080
7077
7076
7075
7074
7073
7072
7071
7071
7070
7069
7069
7069
7069
7068
7067
7066
7066
7063
7062
7062
7061
7060
7059
7059
7058
7058
7057
7057
7057
7057
7056
7055
7055
7054
7052
7050
7050
7049
7048
7048
7045
7045
7044
7040
7040
7039
7038
7038
7038
7037
7035
7035
7035
7034
7033
7032
7032
7032
7030
7027
7026
7025
7025
7024
7023
7022
7020
7019
7018
7018
7014
7013
7011
7010
7009
7007
7007
7006
7006
7004
7003
7001
7001
7000
6999
6998
6996
6995
6994
6992
6991
6989
6986
6986
6986
6985
6985
6984
6983
6982
6981
6979
6979
6978
6977
6975
6975
6975
6975
6975
6974
6971
6969
6969
6967
6967
6967
6967
6960
6959
6958
6957
6955
6953
6953
6952
6951
6950
6948
6948
6947
6947
6947
6946
6946
6946
6945
6944
6943
6941
6939
6938
6938
6937
6936
6935
6933
6931
6929
6928
6927
6926
6925
6923
6922
6922
6920
6920
6918
6917
6912
6911
6909
6907
6906
6905
6904
6904
6903
6902
6901
6900
6899
6897
6895
6892
6889
6889
6888
6888
6885
6884
6881
6881
6880
6879
6878
6877
6876
6875
6875
6875
6872
6872
6871
6871
6871
6869
6866
6864
6860
6858
6858
6857
6855
6855
6854
6854
6854
6852
6852
6852
6850
6849
6845
6844
6843
6842
6842
6842
6841
6840
6840
6839
6836
6833
6832
6830
6830
6828
6828
6827
6827
6825
6825
6824
6823
6822
6821
6821
6821
6820
6817
6814
6813
6812
6811
6811
6810
6810
6808
6806
6806
6806
6805
6803
6803
6803
6802
6800
6800
6797
6797
6792
6792
6791
6790
6790
6789
6787
6785
6785
6783
6783
6782
6782
6781
6780
6779
6778
6778
6776
6774
6773
6773
6773
6772
6772
6771
6770
6768
6768
6767
6766
6766
6765
6765
6764
6763
6762
6762
6762
6761
6761
6758
6758
6758
6755
6755
6753
6753
6752
6751
6751
6750
6747
6745
6745
6744
6742
6742
6742
6739
6739
6738
6736
6735
6735
6735
6735
6734
6731
6730
6728
6727
6725
6724
6724
6722
6721
6720
6720
6720
6719
6717
6717
6716
6716
6715
6715
6714
6714
6714
6713
6712
6712
6710
6706
6705
6704
6704
6703
6700
6700
6700
6699
6698
6695
6695
6694
6692
6691
6691
6690
6690
6688
6687
6687
6686
6682
6682
6681
6679
6678
6678
6676
6676
6675
6674
6674
6673
6672
6670
6670
6670
6668
6667
6667
6666
6664
6663
6662
6662
6661
6659
6659
6657
6657
6657
6655
6655
6654
6652
6652
6652
6651
6649
6648
6647
6646
6645
6645
6644
6644
6642
6642
6640
6640
6639
6638
6637
6636
6633
6632
6631
6631
6631
6631
6630
6628
6628
6627
6625
6620
6620
6618
6617
6613
6613
6612
6612
6608
6607
6605
6605
6605
6602
6601
6601
6600
6600
6599
6599
6598
6597
6594
6594
6594
6591
6589
6589
6588
6588
6588
6587
6587
6586
6586
6585
6583
6583
6582
6581
6580
6578
6578
6578
6577
6576
6575
6574
6573
6572
6569
6569
6568
6566
6566
6566
6565
6563
6563
6561
6560
6560
6560
6560
6558
6558
6557
6557
6556
6553
6553
6551
6551
6550
6549
6549
6547
6546
6546
6545
6545
6543
6542
6540
6539
6538
6538
6537
6536
6535
6534
6534
6532
6532
6530
6528
6528
6526
6525
6524
6524
6522
6522
6521
6521
6519
6517
6516
6516
6514
6514
6513
6511
6511
6509
6509
6506
6505
6504
6504
6503
6503
6501
6501
6500
6500
6499
6498
6498
6497
6496
6495
6494
6494
6493
6493
6489
6488
6488
6487
6487
6487
6485
6483
6483
6481
6480
6480
6479
6477
6476
6475
6473
6472
6469
6465
6465
6464
6462
6460
6458
6456
6451
6449
6447
6447
6447
6446
6446
6445
6443
6442
6439
6438
6435
6432
6431
6426
6426
6424
6424
6423
6422
6421
6420
6419
6418
6418
6418
6418
6417
6416
6415
6415
6415
6414
6414
6413
6413
6412
6411
6411
6410
6409
6409
6405
6404
6404
6403
6403
6403
6403
6403
6403
6402
6402
6402
6401
6400
6400
6399
6398
6398
6398
6397
6396
6395
6394
6394
6393
6392
6392
6392
6392
6391
6389
6389
6387
6386
6386
6386
6386
6382
6382
6381
6381
6381
6378
6378
6378
6377
6376
6375
6373
6371
6371
6368
6368
6368
6364
6364
6364
6363
6362
6361
6358
6357
6356
6356
6355
6354
6354
6353
6352
6352
6352
6352
6351
6350
6349
6348
6348
6348
6348
6347
6347
6347
6346
6346
6344
6344
6342
6341
6341
6340
6340
6339
6338
6338
6337
6336
6336
6336
6335
6333
6332
6331
6329
6329
6329
6329
6328
6328
6327
6326
6324
6323
6322
6322
6320
6318
6317
6316
6316
6315
6307
6306
6305
6303
6303
6301
6300
6299
6298
6298
6295
6294
6293
6292
6291
6291
6290
6289
6288
6288
6287
6286
6285
6284
6281
6280
6280
6280
6279
6279
6278
6278
6277
6275
6275
6273
6272
6272
6271
6270
6269
6269
6268
6268
6267
6267
6267
6266
6264
6264
6263
6263
6262
6262
6261
6259
6259
6259
6258
6258
6258
6255
6254
6253
6252
6250
6249
6247
6247
6246
6243
6243
6242
6241
6239
6238
6237
6236
6234
6233
6232
6227
6227
6227
6226
6226
6225
6224
6224
6224
6223
6220
6217
6217
6217
6216
6215
6214
6213
6212
6212
6212
6210
6209
6208
6207
6203
6203
6200
6198
6197
6196
6194
6194
6193
6193
6191
6191
6190
6185
6183
6179
6179
6178
6177
6174
6171
6169
6166
6163
6163
6162
6162
6160
6158
6157
6155
6153
6152
6148
6148
6146
6145
6145
6144
6143
6142
6142
6141
6140
6140
6138
6137
6136
6136
6136
6136
6135
6134
6132
6131
6128
6128
6126
6126
6126
6124
6124
6124
6124
6123
6122
6121
6120
6119
6118
6118
6118
6118
6117
6113
6113
6112
6112
6111
6111
6106
6106
6106
6105
6104
6103
6102
6099
6099
6098
6098
6097
6097
6096
6096
6095
6095
6095
6094
6094
6093
6093
6092
6092
6090
6089
6088
6088
6088
6087
6086
6082
6082
6082
6082
6081
6080
6080
6078
6078
6078
6077
6075
6074
6074
6073
6072
6072
6071
6071
6071
6070
6070
6070
6069
6068
6067
6067
6066
6066
6065
6065
6064
6064
6063
6063
6063
6062
6060
6059
6059
6059
6058
6058
6057
6056
6056
6056
6056
6054
6053
6053
6052
6052
6052
6049
6047
6046
6045
6045
6044
6042
6040
6037
6037
6035
6035
6033
6032
6032
6032
6031
6030
6029
6029
6028
6028
6026
6023
6023
6022
6022
6021
6020
6015
6015
6015
6014
6012
6011
6007
6006
6006
6006
6003
6002
6002
6002
5998
5997
5997
5995
5994
5993
5993
5989
5988
5986
5985
5985
5984
5980
5979
5979
5979
5979
5977
5977
5977
5976
5975
5975
5974
5972
5972
5972
5971
5971
5971
5969
5969
5967
5964
5964
5964
5959
5959
5959
5957
5957
5954
5954
5953
5953
5953
5951
5950
5950
5948
5947
5946
5946
5946
5943
5942
5942
5940
5938
5937
5937
5937
5936
5936
5936
5935
5934
5933
5932
5930
5929
5929
5929
5928
5926
5924
5924
5923
5921
5921
5920
5919
5919
5919
5919
5914
5913
5911
5910
5910
5908
5908
5906
5905
5905
5905
5905
5904
5903
5903
5900
5899
5899
5898
5898
5897
5895
5895
5891
5890
5889
5889
5889
5888
5887
5887
5884
5884
5884
5884
5883
5883
5882
5882
5880
5879
5878
5876
5875
5874
5873
5873
5873
5872
5872
5872
5871
5870
5869
5868
5866
5866
5866
5866
5865
5865
5864
5864
5864
5863
5861
5861
5861
5859
5858
5858
5857
5856
5855
5853
5853
5853
5853
5852
5851
5849
5849
5847
5847
5847
5845
5843
5843
5843
5843
5841
5840
5839
5839
5838
5837
5837
5837
5837
5837
5836
5836
5836
5835
5834
5833
5833
5833
5829
5826
5826
5823
5822
5819
5818
5816
5814
5813
5811
5810
5810
5809
5808
5808
5807
5807
5806
5806
5805
5805
5805
5804
5802
5801
5801
5801
5799
5798
5798
5797
5797
5797
5796
5795
5795
5794
5794
5794
5793
5792
5792
5791
5790
5790
5788
5787
5785
5785
5785
5783
5783
5782
5782
5780
5779
5777
5777
5776
5775
5775
5775
5774
5773
5772
5772
5772
5771
5769
5767
5766
5766
5766
5762
5761
5760
5760
5760
5758
5758
5754
5753
5752
5752
5749
5748
5747
5746
5745
5741
5740
5738
5738
5738
5737
5735
5732
5730
5728
5728
5727
5725
5724
5723
5723
5723
5722
5719
5716
5713
5711
5709
5709
5708
5707
5707
5706
5705
5701
5700
5700
5700
5700
5698
5697
5697
5696
5694
5694
5692
5692
5687
5684
5684
5681
5680
5680
5678
5678
5675
5674
5674
5673
5672
5672
5671
5665
5664
5659
5658
5657
5656
5656
5653
5652
5650
5647
5646
5642
5642
5642
5641
5638
5637
5634
5633
5632
5631
5630
5629
5628
5627
5625
5625
5624
5624
5623
5621
5621
5621
5620
5619
5619
5618
5618
5617
5616
5616
5616
5616
5613
5611
5611
5611
5610
5609
5608
5608
5606
5605
5603
5601
5600
5600
5599
5598
5598
5596
5595
5594
5593
5593
5593
5591
5590
5590
5589
5589
5588
5588
5587
5586
5584
5582
5582
5580
5580
5578
5575
5574
5574
5571
5571
5568
5567
5564
5563
5563
5562
5562
5558
5557
5557
5555
5555
5555
5554
5554
5552
5551
5550
5550
5550
5549
5548
5548
5546
5545
5545
5543
5543
5542
5541
5541
5541
5540
5539
5539
5538
5537
5537
5534
5534
5534
5532
5531
5530
5530
5530
5530
5529
5529
5527
5526
5526
5524
5523
5522
5522
5521
5521
5519
5519
5518
5517
5517
5515
5515
5513
5512
5512
5511
5511
5510
5509
5508
5508
5505
5504
5503
5503
5503
5503
5503
5501
5499
5499
5496
5495
5494
5493
5492
5492
5488
5488
5486
5485
5483
5482
5482
5481
5480
5479
5479
5478
5478
5476
5476
5476
5475
5472
5470
5469
5468
5467
5467
5467
5464
5464
5463
5463
5459
5459
5459
5458
5455
5454
5452
5452
5449
5449
5446
5445
5444
5444
5443
5442
5441
5441
5439
5439
5438
5438
5437
5432
5431
5431
5428
5428
5427
5427
5426
5425
5424
5422
5420
5419
5419
5418
5418
5418
5417
5415
5413
5413
5412
5410
5408
5407
5402
5402
5400
5400
5400
5399
5398
5397
5396
5395
5393
5393
5392
5391
5391
5391
5390
5390
5388
5388
5387
5387
5385
5384
5382
5381
5380
5379
5379
5377
5374
5373
5373
5372
5369
5369
5367
5366
5365
5365
5364
5363
5363
5362
5362
5361
5361
5360
5357
5355
5355
5354
5354
5349
5346
5346
5345
5345
5344
5343
5340
5339
5339
5336
5335
5335
5335
5332
5332
5330
5328
5328
5325
5324
5323
5319
5319
5317
5316
5315
5315
5312
5312
5311
5310
5309
5308
5308
5308
5307
5307
5306
5305
5302
5301
5298
5298
5297
5296
5295
5295
5294
5294
5293
5292
5290
5287
5287
5287
5286
5286
5285
5284
5284
5282
5282
5282
5280
5279
5278
5277
5275
5275
5274
5274
5274
5273
5272
5269
5267
5266
5266
5265
5260
5260
5258
5257
5254
5253
5253
5253
5251
5251
5251
5249
5249
5249
5249
5248
5248
5247
5247
5247
5246
5245
5243
5243
5242
5242
5240
5240
5238
5237
5236
5235
5235
5231
5229
5229
5229
5228
5226
5225
5224
5223
5223
5221
5217
5216
5215
5214
5214
5213
5213
5211
5211
5207
5206
5206
5205
5202
5201
5199
5198
5198
5197
5197
5196
5195
5195
5193
5193
5193
5192
5189
5188
5187
5187
5185
5183
5183
5181
5181
5180
5179
5176
5175
5175
5174
5174
5173
5171
5170
5169
5167
5167
5166
5165
5163
5162
5161
5161
5161
5160
5160
5159
5158
5157
5154
5154
5154
5151
5151
5150
5149
5148
5147
5147
5146
5145
5144
5144
5143
5142
5142
5141
5141
5140
5138
5138
5136
5135
5135
5134
5132
5131
5130
5130
5128
5127
5127
5126
5126
5125
5125
5121
5120
5119
5119
5113
5110
5110
5108
5108
5107
5107
5107
5105
5103
5103
5102
5102
5102
5101
5099
5097
5096
5096
5095
5095
5095
5095
5094
5094
5093
5092
5092
5092
5092
5091
5088
5088
5088
5088
5087
5086
5083
5082
5081
5081
5081
5081
5080
5080
5079
5079
5078
5078
5077
5077
5075
5074
5073
5073
5073
5070
5069
5064
5064
5063
5062
5062
5061
5061
5061
5059
5057
5057
5057
5056
5052
5048
5048
5047
5043
5042
5041
5040
5039
5038
5037
5035
5033
5033
5032
5031
5029
5029
5028
5028
5026
5026
5026
5025
5025
5024
5023
5023
5022
5021
5021
5019
5016
5014
5014
5014
5014
5013
5013
5012
5011
5011
5010
5010
5010
5007
5007
5006
5006
5006
5006
5006
5005
5005
5005
5002
4998
4997
4997
4991
4990
4990
4990
4990
4987
4987
4982
4982
4982
4977
4976
4975
4975
4975
4975
4972
4970
4970
4970
4968
4968
4967
4966
4966
4966
4965
4965
4964
4963
4963
4963
4963
4960
4958
4958
4956
4956
4956
4955
4955
4953
4953
4953
4950
4950
4949
4949
4943
4942
4942
4938
4938
4937
4936
4936
4933
4933
4933
4932
4932
4930
4929
4928
4926
4925
4925
4924
4922
4922
4922
4919
4918
4915
4913
4908
4908
4907
4907
4906
4906
4903
4903
4902
4901
4900
4900
4899
4898
4897
4896
4896
4896
4895
4894
4893
4890
4889
4889
4888
4887
4885
4883
4879
4878
4877
4877
4875
4875
4874
4874
4873
4872
4872
4872
4872
4872
4872
4869
4868
4867
4867
4866
4866
4866
4863
4862
4861
4860
4860
4859
4858
4858
4857
4857
4856
4854
4854
4853
4853
4852
4852
4848
4847
4846
4845
4844
4843
4840
4839
4836
4831
4830
4829
4829
4828
4827
4825
4824
4823
4821
4821
4821
4820
4820
4818
4817
4816
4815
4814
4812
4812
4812
4811
4810
4809
4807
4806
4806
4803
4801
4801
4801
4798
4797
4796
4795
4792
4792
4792
4791
4790
4790
4789
4789
4789
4787
4787
4786
4785
4785
4784
4782
4782
4781
4781
4781
4781
4781
4780
4780
4779
4777
4774
4774
4774
4773
4771
4771
4770
4768
4768
4767
4764
4763
4763
4761
4760
4759
4757
4756
4755
4755
4752
4752
4751
4750
4750
4749
4749
4748
4747
4743
4743
4742
4741
4741
4740
4739
4737
4737
4736
4735
4735
4732
4730
4728
4727
4725
4725
4725
4724
4723
4723
4721
4721
4720
4719
4718
4717
4714
4714
4713
4712
4712
4711
4709
4708
4708
4708
4707
4707
4706
4704
4703
4703
4703
4700
4700
4699
4698
4698
4698
4696
4695
4693
4692
4692
4692
4691
4691
4689
4687
4683
4683
4682
4682
4680
4679
4678
4677
4677
4676
4674
4673
4673
4672
4671
4671
4669
4667
4666
4666
4666
4665
4665
4663
4662
4661
4661
4660
4660
4660
4659
4658
4657
4655
4655
4654
4651
4649
4648
4648
4647
4647
4646
4645
4644
4644
4643
4640
4639
4639
4638
4638
4637
4636
4634
4634
4634
4634
4633
4632
4632
4631
4630
4630
4626
4625
4625
4624
4624
4624
4622
4619
4619
4617
4617
4614
4613
4611
4606
4605
4602
4600
4600
4599
4599
4597
4597
4596
4593
4591
4591
4590
4588
4588
4588
4587
4587
4585
4585
4585
4583
4583
4582
4581
4580
4576
4576
4576
4574
4571
4571
4570
4569
4569
4568
4566
4564
4561
4561
4560
4557
4556
4556
4554
4549
4549
4549
4549
4549
4548
4547
4547
4546
4545
4544
4543
4543
4543
4542
4542
4539
4538
4537
4533
4533
4533
4533
4531
4530
4530
4530
4529
4528
4528
4527
4527
4526
4525
4521
4518
4517
4515
4513
4513
4511
4509
4509
4509
4509
4509
4509
4504
4504
4504
4503
4503
4502
4501
4500
4499
4499
4498
4497
4497
4496
4496
4494
4494
4493
4493
4493
4491
4491
4489
4489
4488
4486
4486
4486
4484
4483
4483
4482
4482
4481
4480
4479
4476
4473
4473
4471
4471
4469
4469
4468
4466
4464
4462
4461
4460
4460
4459
4458
4457
4457
4453
4452
4450
4450
4447
4446
4446
4445
4445
4444
4443
4443
4443
4442
4441
4440
4439
4437
4434
4434
4434
4433
4432
4431
4430
4428
4428
4426
4425
4424
4423
4423
4422
4421
4420
4419
4416
4415
4415
4412
4412
4410
4410
4410
4409
4407
4407
4406
4406
4405
4404
4404
4403
4403
4402
4400
4400
4399
4398
4397
4397
4397
4397
4394
4391
4391
4391
4389
4389
4388
4388
4388
4388
4387
4386
4386
4385
4385
4384
4383
4382
4382
4381
4377
4376
4376
4375
4375
4374
4373
4371
4371
4371
4371
4370
4370
4369
4369
4369
4367
4364
4363
4362
4362
4362
4360
4360
4359
4358
4357
4357
4355
4354
4354
4353
4353
4352
4352
4351
4349
4348
4347
4346
4346
4344
4344
4343
4342
4342
4341
4340
4340
4338
4336
4335
4334
4333
4331
4330
4330
4328
4328
4328
4327
4324
4323
4321
4320
4320
4319
4319
4319
4318
4318
4316
4315
4315
4314
4314
4313
4313
4312
4312
4310
4309
4308
4307
4305
4305
4305
4305
4302
4301
4300
4300
4298
4297
4296
4294
4293
4292
4290
4290
4290
4289
4288
4288
4288
4287
4286
4285
4285
4284
4282
4281
4280
4280
4279
4278
4278
4277
4276
4275
4273
4272
4272
4270
4270
4268
4268
4267
4266
4261
4260
4260
4259
4259
4258
4257
4257
4256
4255
4254
4248
4245
4243
4242
4241
4240
4240
4238
4237
4235
4234
4234
4234
4234
4233
4231
4231
4231
4231
4230
4229
4227
4225
4222
4221
4221
4218
4218
4216
4215
4213
4213
4211
4210
4210
4210
4208
4207
4205
4204
4203
4202
4202
4201
4200
4200
4199
4198
4197
4196
4196
4196
4195
4194
4192
4191
4188
4186
4185
4185
4185
4184
4183
4183
4182
4182
4181
4181
4179
4178
4178
4178
4177
4177
4173
4172
4172
4170
4170
4170
4169
4169
4168
4167
4165
4163
4163
4159
4158
4158
4157
4157
4156
4155
4152
4151
4150
4149
4149
4147
4146
4146
4145
4144
4143
4143
4143
4142
4140
4139
4138
4137
4137
4137
4135
4134
4132
4132
4131
4128
4128
4127
4126
4124
4122
4120
4120
4119
4118
4117
4115
4114
4109
4108
4108
4107
4107
4107
4107
4107
4106
4105
4104
4103
4102
4099
4098
4098
4097
4095
4095
4095
4093
4090
4088
4088
4087
4087
4086
4086
4086
4086
4085
4082
4081
4080
4080
4078
4078
4078
4076
4076
4075
4075
4074
4074
4073
4071
4071
4070
4069
4067
4066
4064
4064
4063
4062
4061
4061
4060
4059
4058
4058
4057
4057
4056
4054
4054
4054
4054
4053
4053
4052
4051
4050
4050
4049
4049
4047
4046
4046
4046
4045
4044
4044
4043
4043
4043
4041
4040
4040
4037
4032
4031
4031
4030
4029
4028
4028
4027
4024
4024
4023
4023
4022
4022
4022
4021
4020
4020
4020
4019
4019
4015
4013
4011
4010
4010
4010
4009
4009
4008
4008
4007
4006
4006
4006
4002
4002
4001
4001
3994
3993
3993
3991
3991
3991
3990
3990
3989
3988
3988
3985
3984
3977
3976
3973
3973
3972
3972
3971
3970
3970
3970
3969
3968
3967
3967
3966
3966
3965
3964
3963
3962
3961
3961
3960
3959
3958
3958
3958
3957
3957
3956
3956
3955
3954
3954
3951
3949
3948
3947
3947
3946
3944
3943
3941
3941
3939
3939
3938
3936
3936
3934
3933
3931
3930
3929
3929
3929
3928
3928
3928
3928
3927
3925
3925
3924
3924
3923
3922
3920
3918
3918
3917
3917
3915
3913
3911
3911
3910
3910
3909
3906
3905
3904
3902
3900
3900
3899
3899
3894
3891
3891
3888
3887
3887
3881
3880
3880
3880
3878
3873
3872
3871
3870
3865
3864
3864
3864
3861
3860
3860
3860
3860
3858
3857
3857
3857
3856
3855
3854
3853
3852
3852
3852
3852
3850
3847
3847
3847
3846
3846
3845
3844
3843
3841
3841
3839
3839
3838
3835
3835
3833
3832
3831
3831
3830
3829
3828
3827
3826
3826
3825
3825
3824
3823
3822
3822
3820
3819
3819
3817
3816
3815
3815
3814
3812
3812
3812
3811
3811
3811
3808
3807
3803
3803
3803
3801
3800
3799
3798
3798
3798
3797
3797
3797
3794
3794
3789
3789
3785
3784
3784
3780
3779
3777
3776
3776
3776
3773
3773
3771
3770
3769
3769
3767
3766
3764
3764
3763
3761
3761
3759
3757
3756
3756
3755
3755
3753
3751
3750
3749
3748
3748
3747
3746
3745
3744
3743
3742
3742
3742
3741
3740
3738
3738
3737
3736
3735
3731
3731
3730
3729
3728
3727
3726
3726
3725
3725
3725
3724
3724
3724
3723
3722
3720
3720
3720
3719
3719
3719
3717
3716
3712
3711
3711
3710
3709
3709
3708
3708
3707
3706
3705
3705
3704
3704
3703
3701
3701
3698
3698
3698
3696
3696
3694
3694
3693
3693
3692
3691
3685
3685
3684
3684
3682
3681
3680
3678
3677
3677
3677
3676
3674
3673
3673
3673
3672
3671
3671
3668
3667
3666
3664
3664
3663
3662
3661
3661
3659
3657
3656
3655
3653
3652
3652
3651
3648
3647
3647
3647
3647
3646
3646
3646
3644
3644
3643
3642
3642
3642
3640
3639
3638
3638
3635
3633
3633
3632
3632
3631
3631
3630
3628
3626
3624
3622
3621
3621
3620
3620
3620
3617
3616
3616
3615
3614
3614
3614
3613
3612
3612
3610
3608
3608
3607
3607
3607
3607
3606
3605
3604
3604
3601
3598
3598
3596
3595
3595
3594
3594
3593
3592
3591
3590
3590
3588
3587
3586
3586
3584
3583
3582
3581
3576
3576
3575
3574
3574
3574
3574
3573
3573
3573
3571
3570
3568
3566
3565
3562
3561
3560
3560
3560
3559
3558
3558
3554
3553
3553
3553
3552
3551
3548
3548
3548
3547
3547
3544
3543
3543
3543
3541
3540
3539
3537
3536
3535
3533
3531
3531
3531
3530
3528
3528
3526
3526
3524
3524
3524
3524
3523
3518
3515
3514
3513
3512
3512
3512
3510
3509
3507
3506
3506
3506
3503
3502
3502
3502
3500
3492
3491
3491
3490
3490
3489
3489
3486
3485
3485
3485
3485
3483
3482
3477
3476
3476
3475
3475
3474
3473
3472
3471
3469
3468
3468
3468
3467
3467
3466
3466
3463
3462
3458
3458
3457
3456
3455
3455
3454
3452
3450
3448
3445
3444
3443
3439
3438
3438
3437
3437
3437
3436
3436
3435
3435
3433
3433
3432
3432
3431
3431
3430
3428
3428
3428
3428
3428
3427
3427
3426
3425
3424
3423
3423
3422
3422
3421
3421
3419
3419
3419
3416
3415
3415
3415
3415
3415
3415
3415
3413
3413
3413
3412
3409
3409
3409
3409
3409
3406
3402
3401
3401
3399
3398
3398
3398
3397
3397
3394
3393
3392
3391
3391
3389
3389
3389
3388
3387
3387
3384
3380
3380
3380
3380
3378
3378
3378
3377
3377
3376
3372
3371
3370
3367
3367
3367
3366
3365
3364
3363
3362
3361
3360
3360
3359
3359
3357
3355
3354
3353
3352
3351
3351
3351
3349
3347
3346
3346
3345
3340
3337
3335
3335
3330
3330
3327
3325
3324
3324
3324
3323
3322
3321
3319
3318
3318
3318
3316
3316
3316
3316
3315
3313
3313
3312
3311
3310
3309
3309
3308
3307
3302
3301
3301
3300
3294
3294
3291
3290
3289
3289
3288
3288
3288
3288
3287
3285
3285
3284
3284
3284
3281
3280
3277
3276
3276
3274
3273
3273
3272
3271
3270
3270
3270
3269
3267
3267
3267
3265
3264
3263
3262
3262
3259
3256
3253
3253
3252
3251
3251
3250
3250
3250
3249
3248
3248
3247
3247
3246
3245
3245
3245
3245
3244
3243
3243
3239
3239
3238
3238
3237
3236
3235
3235
3235
3234
3233
3232
3232
3232
3228
3228
3228
3228
3228
3227
3227
3225
3225
3224
3224
3223
3221
3220
3220
3216
3214
3213
3213
3209
3208
3207
3207
3206
3204
3204
3203
3203
3202
3201
3200
3199
3197
3197
3194
3193
3193
3191
3190
3188
3188
3187
3187
3187
3187
3183
3183
3182
3182
3182
3180
3180
3180
3179
3176
3176
3175
3170
3167
3166
3165
3165
3164
3163
3161
3160
3159
3157
3154
3154
3154
3152
3152
3152
3152
3151
3150
3149
3149
3146
3146
3146
3145
3145
3145
3143
3143
3142
3142
3141
3140
3139
3139
3136
3135
3135
3135
3135
3135
3134
3134
3133
3131
3131
3129
3128
3128
3128
3127
3127
3124
3121
3120
3119
3118
3116
3114
3113
3111
3109
3108
3108
3107
3107
3105
3105
3103
3103
3103
3102
3102
3101
3100
3100
3099
3099
3098
3093
3093
3092
3092
3092
3091
3091
3090
3088
3088
3087
3087
3085
3084
3082
3082
3078
3078
3078
3078
3077
3076
3074
3072
3072
3071
3071
3070
3069
3068
3068
3067
3067
3067
3064
3060
3060
3059
3058
3057
3055
3053
3053
3050
3049
3049
3047
3045
3044
3042
3042
3042
3041
3040
3039
3037
3037
3037
3035
3035
3035
3031
3031
3030
3030
3030
3028
3028
3028
3027
3026
3026
3026
3026
3026
3025
3025
3024
3022
3021
3020
3020
3020
3019
3018
3018
3015
3013
3013
3013
3012
3011
3011
3010
3010
3009
3008
3007
3006
3006
3005
3005
3004
3001
3000
3000
2998
2994
2994
2994
2993
2993
2989
2989
2988
2988
2985
2985
2984
2984
2982
2982
2981
2979
2979
2979
2976
2976
2976
2975
2975
2975
2974
2972
2972
2972
2971
2971
2968
2968
2960
2958
2958
2956
2956
2956
2955
2955
2955
2955
2955
2954
2953
2951
2950
2948
2948
2947
2947
2945
2942
2939
2939
2939
2939
2938
2937
2937
2936
2936
2934
2934
2933
2933
2932
2929
2928
2926
2926
2926
2923
2923
2923
2922
2921
2919
2919
2918
2917
2916
2916
2915
2913
2913
2913
2912
2912
2911
2909
2909
2908
2905
2904
2904
2901
2901
2900
2900
2900
2900
2899
2897
2897
2896
2896
2895
2893
2892
2891
2888
2887
2886
2884
2883
2883
2881
2881
2881
2881
2881
2879
2877
2877
2875
2873
2873
2870
2869
2869
2866
2865
2864
2863
2862
2862
2861
2859
2857
2857
2855
2853
2853
2853
2852
2850
2849
2849
2847
2847
2845
2844
2842
2841
2841
2841
2837
2836
2835
2834
2832
2831
2831
2830
2830
2827
2824
2824
2823
2822
2822
2821
2819
2816
2815
2813
2813
2811
2810
2808
2808
2807
2807
2804
2804
2803
2803
2800
2800
2799
2797
2796
2792
2792
2791
2788
2788
2787
2787
2784
2783
2782
2782
2781
2781
2781
2776
2776
2775
2775
2774
2773
2773
2772
2770
2769
2769
2768
2766
2766
2766
2763
2760
2760
2757
2757
2755
2755
2753
2753
2750
2749
2746
2746
2746
2744
2744
2743
2743
2742
2741
2740
2739
2738
2738
2737
2736
2735
2733
2732
2732
2731
2730
2728
2727
2725
2725
2725
2724
2723
2719
2717
2715
2715
2712
2711
2709
2709
2708
2708
2707
2706
2705
2705
2703
2701
2700
2699
2699
2699
2699
2698
2697
2697
2697
2696
2696
2695
2693
2690
2688
2687
2686
2685
2683
2680
2680
2679
2679
2679
2678
2678
2676
2675
2674
2674
2673
2672
2672
2672
2671
2668
2666
2664
2664
2661
2659
2659
2658
2658
2657
2656
2656
2655
2655
2654
2653
2652
2652
2649
2647
2647
2647
2646
2644
2644
2644
2642
2640
2640
2638
2638
2636
2636
2635
2634
2633
2633
2633
2632
2632
2630
2630
2624
2619
2618
2617
2616
2616
2613
2613
2610
2610
2610
2610
2608
2608
2608
2607
2605
2601
2601
2601
2600
2599
2599
2598
2596
2595
2594
2593
2593
2592
2592
2592
2591
2590
2588
2587
2586
2584
2582
2579
2578
2577
2574
2574
2573
2572
2571
2571
2570
2568
2567
2564
2562
2562
2561
2561
2559
2559
2558
2556
2556
2556
2551
2549
2548
2548
2548
2547
2547
2545
2544
2544
2541
2541
2538
2538
2538
2533
2533
2532
2531
2530
2530
2529
2528
2527
2527
2526
2524
2524
2523
2523
2523
2522
2522
2522
2522
2520
2520
2518
2518
2517
2515
2514
2513
2510
2510
2508
2508
2506
2505
2504
2502
2502
2501
2500
2499
2499
2498
2497
2495
2493
2490
2490
2488
2488
2488
2487
2486
2486
2483
2483
2477
2475
2472
2470
2469
2469
2468
2467
2463
2462
2461
2460
2460
2458
2456
2455
2454
2453
2450
2449
2448
2446
2446
2445
2444
2444
2444
2443
2442
2442
2440
2440
2439
2438
2438
2436
2436
2436
2435
2434
2433
2432
2432
2432
2430
2430
2428
2427
2427
2425
2425
2425
2424
2424
2422
2421
2420
2418
2418
2417
2415
2414
2414
2413
2412
2412
2412
2411
2410
2410
2408
2408
2408
2407
2407
2407
2405
2404
2401
2401
2397
2396
2395
2395
2392
2389
2388
2387
2386
2385
2385
2382
2382
2382
2382
2382
2380
2379
2379
2378
2377
2374
2374
2374
2373
2372
2369
2368
2368
2368
2367
2367
2367
2365
2364
2363
2359
2355
2353
2352
2352
2352
2350
2349
2348
2346
2343
2338
2337
2336
2333
2332
2332
2331
2330
2330
2329
2329
2327
2327
2326
2325
2325
2324
2323
2322
2322
2322
2321
2321
2321
2318
2318
2317
2315
2314
2313
2309
2308
2307
2304
2304
2304
2302
2301
2301
2301
2300
2298
2297
2296
2295
2295
2292
2291
2290
2288
2287
2286
2284
2282
2282
2282
2281
2280
2280
2279
2279
2278
2277
2275
2274
2272
2270
2270
2270
2269
2268
2268
2267
2267
2266
2262
2261
2261
2260
2259
2259
2255
2253
2251
2251
2250
2249
2248
2248
2246
2246
2246
2245
2244
2244
2243
2242
2240
2240
2237
2235
2232
2232
2229
2227
2225
2224
2222
2221
2221
2218
2217
2217
2216
2215
2214
2212
2211
2210
2207
2207
2206
2205
2205
2204
2202
2202
2200
2200
2200
2198
2198
2195
2195
2195
2191
2190
2190
2190
2189
2189
2189
2188
2188
2187
2186
2186
2186
2185
2185
2185
2185
2183
2183
2182
2182
2182
2182
2181
2181
2178
2176
2175
2173
2170
2170
2169
2169
2169
2167
2167
2165
2165
2165
2165
2164
2164
2164
2164
2163
2163
2161
2159
2158
2155
2153
2153
2152
2152
2152
2151
2150
2150
2149
2149
2146
2144
2143
2143
2141
2141
2140
2139
2138
2137
2137
2137
2136
2136
2135
2133
2133
2132
2132
2131
2131
2130
2128
2127
2127
2126
2125
2124
2124
2123
2121
2121
2121
2120
2119
2118
2118
2115
2115
2113
2112
2111
2110
2110
2107
2106
2105
2105
2103
2101
2101
2100
2099
2096
2096
2095
2094
2094
2093
2092
2092
2091
2090
2090
2087
2086
2085
2083
2081
2079
2078
2078
2077
2076
2076
2075
2075
2074
2073
2072
2071
2070
2069
2068
2067
2067
2067
2065
2064
2061
2059
2058
2058
2058
2056
2056
2055
2054
2053
2053
2052
2052
2052
2051
2051
2048
2047
2046
2046
2045
2044
2044
2042
2041
2041
2041
2040
2040
2040
2037
2037
2033
2032
2031
2030
2030
2029
2026
2022
2021
2020
2019
2019
2018
2018
2017
2017
2016
2016
2015
2012
2011
2010
2009
2009
2008
2008
2002
2001
1999
1999
1997
1997
1994
1993
1991
1990
1983
1980
1980
1980
1979
1978
1977
1975
1975
1972
1972
1972
1971
1971
1971
1970
1970
1970
1970
1969
1968
1966
1966
1965
1963
1963
1962
1962
1960
1960
1959
1958
1957
1956
1955
1953
1952
1950
1948
1948
1946
1944
1944
1944
1942
1941
1941
1941
1939
1935
1934
1933
1932
1930
1928
1927
1926
1925
1925
1922
1922
1921
1919
1918
1918
1917
1916
1915
1915
1915
1912
1909
1908
1907
1907
1905
1904
1904
1904
1903
1903
1902
1901
1901
1901
1899
1898
1897
1897
1897
1896
1896
1895
1894
1894
1893
1893
1891
1890
1890
1890
1889
1887
1887
1884
1882
1882
1880
1879
1877
1877
1876
1875
1875
1875
1875
1874
1874
1874
1873
1872
1870
1870
1870
1869
1869
1868
1868
1867
1867
1865
1864
1863
1862
1861
1860
1859
1858
1852
1852
1851
1851
1851
1850
1850
1850
1850
1850
1849
1847
1847
1846
1846
1844
1844
1841
1841
1839
1839
1838
1837
1837
1836
1833
1832
1831
1830
1830
1829
1828
1828
1827
1827
1825
1824
1822
1820
1820
1819
1818
1817
1817
1813
1811
1810
1809
1809
1805
1805
1805
1804
1804
1800
1799
1799
1795
1794
1793
1793
1792
1792
1791
1790
1790
1789
1788
1787
1787
1786
1786
1786
1785
1784
1784
1783
1783
1779
1772
1771
1770
1769
1768
1767
1767
1766
1766
1764
1763
1763
1763
1761
1761
1759
1759
1759
1758
1756
1754
1752
1752
1750
1750
1749
1748
1744
1744
1744
1739
1738
1738
1737
1736
1735
1734
1732
1732
1728
1728
1726
1726
1722
1722
1722
1721
1716
1716
1715
1715
1715
1713
1713
1713
1712
1712
1710
1710
1707
1707
1705
1702
1702
1702
1702
1701
1701
1697
1696
1695
1695
1694
1694
1693
1692
1692
1692
1690
1690
1689
1689
1688
1687
1685
1683
1683
1682
1680
1680
1680
1679
1678
1678
1678
1674
1674
1672
1671
1671
1670
1670
1670
1667
1666
1665
1665
1664
1664
1661
1659
1658
1658
1657
1657
1655
1655
1654
1653
1652
1651
1651
1651
1651
1651
1649
1648
1646
1645
1645
1644
1644
1642
1640
1640
1639
1638
1636
1635
1635
1634
1634
1633
1632
1632
1631
1631
1629
1628
1627
1625
1622
1622
1621
1615
1615
1612
1612
1611
1611
1607
1606
1605
1605
1603
1602
1602
1599
1598
1598
1595
1594
1594
1593
1592
1591
1590
1589
1588
1588
1587
1586
1585
1584
1583
1583
1583
1582
1582
1581
1581
1580
1580
1578
1575
1575
1574
1574
1573
1573
1573
1571
1570
1569
1567
1567
1566
1565
1565
1564
1563
1562
1560
1559
1559
1559
1558
1558
1557
1555
1553
1550
1549
1548
1548
1547
1547
1547
1547
1547
1545
1544
1544
1544
1542
1542
1541
1541
1539
1538
1538
1537
1536
1535
1534
1534
1534
1533
1533
1533
1531
1531
1530
1530
1530
1527
1526
1525
1523
1523
1523
1522
1522
1521
1519
1519
1519
1518
1517
1517
1516
1516
1515
1513
1513
1512
1509
1509
1508
1507
1505
1505
1504
1504
1504
1503
1501
1499
1498
1498
1497
1496
1496
1496
1495
1495
1494
1494
1494
1492
1491
1491
1491
1491
1491
1488
1486
1486
1486
1486
1485
1484
1484
1483
1483
1482
1478
1476
1475
1473
1473
1472
1472
1471
1471
1470
1470
1469
1469
1468
1468
1467
1467
1467
1465
1464
1464
1464
1462
1462
1460
1459
1456
1456
1454
1454
1453
1452
1452
1450
1449
1445
1445
1445
1444
1444
1444
1443
1443
1443
1442
1441
1438
1437
1437
1433
1432
1424
1423
1422
1422
1422
1419
1416
1416
1416
1415
1413
1412
1408
1407
1405
1404
1401
1399
1396
1395
1395
1394
1393
1393
1391
1390
1388
1386
1386
1381
1381
1378
1376
1375
1373
1373
1372
1371
1370
1367
1366
1364
1363
1362
1361
1360
1359
1355
1355
1354
1353
1351
1350
1349
1349
1348
1348
1348
1347
1347
1345
1345
1345
1345
1344
1344
1344
1342
1341
1337
1336
1336
1334
1332
1331
1331
1329
1329
1326
1325
1325
1325
1324
1323
1322
1321
1320
1316
1315
1315
1314
1313
1313
1312
1311
1310
1309
1308
1308
1307
1307
1307
1307
1305
1305
1305
1304
1300
1299
1299
1299
1298
1296
1294
1293
1292
1291
1290
1290
1289
1288
1288
1287
1287
1287
1286
1286
1286
1285
1283
1283
1283
1282
1281
1281
1280
1280
1278
1277
1276
1276
1275
1274
1273
1272
1272
1269
1269
1268
1268
1267
1267
1265
1264
1264
1263
1263
1262
1261
1260
1260
1259
1257
1255
1255
1255
1254
1253
1253
1250
1249
1247
1245
1242
1242
1242
1241
1241
1241
1241
1241
1239
1239
1239
1238
1238
1237
1236
1234
1233
1233
1231
1230
1229
1229
1226
1225
1224
1223
1222
1221
1221
1221
1221
1221
1220
1220
1219
1217
1215
1214
1214
1213
1211
1211
1210
1210
1208
1207
1206
1204
1203
1203
1201
1200
1198
1198
1197
1193
1192
1191
1191
1190
1190
1189
1188
1186
1186
1184
1183
1181
1181
1181
1181
1177
1177
1176
1176
1172
1171
1171
1170
1170
1169
1168
1168
1167
1166
1166
1164
1161
1161
1160
1160
1159
1158
1158
1157
1157
1156
1155
1154
1153
1153
1152
1151
1151
1151
1150
1149
1148
1147
1147
1147
1146
1146
1145
1143
1142
1142
1141
1140
1139
1139
1137
1137
1136
1135
1134
1133
1131
1131
1131
1130
1129
1128
1128
1127
1121
1120
1119
1119
1119
1118
1118
1113
1112
1111
1111
1111
1111
1110
1110
1110
1110
1110
1109
1108
1107
1107
1107
1106
1106
1106
1105
1105
1104
1103
1103
1102
1099
1099
1099
1098
1096
1095
1093
1090
1089
1089
1089
1088
1085
1085
1084
1084
1079
1079
1078
1077
1073
1071
1071
1070
1070
1069
1067
1064
1063
1063
1063
1062
1062
1062
1061
1060
1058
1058
1058
1055
1055
1055
1054
1054
1052
1051
1050
1049
1048
1042
1042
1041
1038
1038
1038
1036
1035
1035
1035
1032
1032
1031
1028
1025
1021
1020
1019
1018
1017
1016
1016
1015
1014
1014
1013
1013
1012
1009
1008
1008
1004
1003
1000
1000
999
998
998
998
997
996
995
991
991
989
988
987
987
987
986
985
985
984
984
983
982
982
975
975
975
973
973
972
972
971
969
968
967
967
964
964
963
963
963
963
961
961
960
959
958
958
956
955
955
954
952
952
952
952
951
950
949
948
947
947
947
945
945
942
941
941
938
937
936
936
935
935
934
934
932
931
930
930
928
928
927
927
926
926
926
925
924
924
922
922
922
921
918
918
916
916
915
915
914
913
911
911
910
908
908
908
906
906
904
903
903
901
900
899
898
896
895
894
892
891
891
890
889
889
888
887
887
887
885
885
885
883
882
880
879
878
878
876
876
876
873
872
870
870
870
868
867
867
866
866
865
864
864
862
862
862
861
860
859
859
858
858
856
855
855
855
854
854
853
852
852
851
850
850
849
846
846
846
844
843
843
841
840
840
837
835
832
830
829
828
828
828
826
824
821
821
820
820
819
817
817
816
813
811
810
810
808
808
808
807
807
806
805
804
804
801
798
797
792
792
791
791
789
787
786
786
783
781
781
781
775
774
772
772
771
771
771
770
766
766
765
763
762
760
759
759
758
758
757
757
756
755
753
753
753
752
750
750
750
749
749
747
747
747
746
745
742
741
739
739
739
738
738
738
736
735
735
733
732
732
732
731
731
728
726
723
723
723
722
722
720
720
716
715
715
714
712
708
706
706
705
704
704
703
702
701
699
699
696
693
691
691
691
688
685
683
683
683
682
682
682
680
680
679
679
678
678
677
677
677
675
674
674
674
673
673
672
672
671
671
670
669
668
667
667
667
666
663
662
662
659
658
658
658
657
657
656
656
655
654
654
653
653
649
649
648
648
647
646
646
644
643
641
641
640
638
637
635
632
631
631
630
629
628
628
628
626
625
623
622
621
621
621
619
615
615
614
614
614
613
613
611
610
610
609
609
609
605
603
602
602
601
600
600
597
597
597
596
596
595
594
592
592
591
590
589
588
586
585
581
579
579
579
578
577
576
574
573
573
573
573
570
569
569
568
567
567
567
566
565
565
564
562
561
559
558
557
556
555
555
554
553
552
552
551
551
547
544
542
542
539
539
537
536
535
535
532
528
527
527
523
522
521
521
521
519
518
517
517
516
513
512
512
510
510
510
509
508
508
508
503
503
502
500
500
499
498
497
495
494
493
493
491
487
487
487
486
486
484
484
483
480
480
479
478
478
478
478
477
477
476
474
473
473
473
472
469
469
469
468
465
462
461
459
459
458
458
455
454
453
453
452
451
451
451
450
449
449
449
449
445
444
444
443
443
440
439
439
439
438
437
437
436
434
431
430
429
428
428
426
426
424
422
422
420
420
420
419
419
414
412
412
410
410
409
409
408
406
405
405
404
403
400
399
398
398
397
397
393
392
392
391
389
385
385
385
384
384
383
383
383
382
380
380
379
379
379
378
378
377
377
375
373
371
371
371
370
369
369
368
368
364
362
361
361
361
360
359
359
358
358
356
356
355
355
354
353
353
352
352
350
348
348
347
345
344
344
344
344
343
342
342
342
341
341
341
341
340
339
339
339
337
335
335
332
330
330
330
328
328
328
325
325
323
321
320
320
318
318
317
317
316
315
315
315
313
312
312
309
309
308
307
307
305
305
305
305
304
303
302
301
301
299
299
299
299
298
297
295
294
294
294
292
290
290
289
289
288
286
285
285
283
283
283
282
281
281
280
279
277
276
275
275
275
274
272
272
271
269
268
266
265
263
262
262
262
262
262
261
258
257
255
254
254
253
252
251
250
249
249
248
245
243
243
243
243
240
236
235
232
231
230
230
230
229
229
228
228
227
225
224
221
220
220
219
217
216
215
214
210
210
210
210
208
208
206
206
205
202
202
202
199
198
197
196
195
195
194
194
193
193
192
192
186
184
183
183
183
182
182
182
182
178
177
176
173
169
167
166
166
165
165
164
164
164
163
162
159
157
157
157
151
151
150
149
149
149
147
147
146
146
145
145
143
141
140
139
138
138
137
136
136
136
134
133
132
128
128
128
123
122
121
118
116
115
114
114
113
110
107
105
104
103
103
103
102
101
101
100
99
96
95
95
94
92
91
90
88
86
86
86
86
85
83
83
83
83
82
81
81
78
78
76
72
71
71
71
69
69
68
65
61
58
58
57
55
55
55
53
53
52
49
49
48
48
44
44
44
43
43
38
37
37
37
36
35
32
30
30
28
26
23
23
22
22
22
20
20
17
14
14
10
8
8
7
6
6
6
5
4
3
