9999
9999
9999
9998
9998
9998
9997
9996
9995
9990
9986
9986
9983
9983
9982
9980
9977
9977
9976
9976
9975
9975
9974
9974
9973
9972
9971
9970
9967
9967
9965
9962
9962
9960
9960
9959
9958
9958
9955
9955
9954
9953
9952
9951
9951
9951
9949
9949
9946
9946
9946
9944
9943
9942
9942
9942
9940
9937
9937
9935
9934
9934
9932
9932
9931
9930
9930
9928
9927
9923
9920
9920
9919
9919
9917
9917
9916
9914
9913
9911
9909
9907
9907
9906
9906
9904
9903
9901
9900
9900
9899
9899
9897
9897
9897
9896
9895
9894
9894
9893
9893
9892
9891
9889
9887
9887
9887
9885
9884
9883
9883
9883
9882
9881
9877
9876
9876
9876
9876
9874
9873
9872
9872
9871
9869
9867
9865
9863
9862
9861
9861
9860
9859
9858
9857
9856
9856
9855
9855
9855
9854
9854
9854
9854
9849
9849
9849
9848
9847
9844
9843
9842
9841
9840
9840
9839
9838
9837
9837
9836
9836
9832
9831
9831
9831
9831
9830
9830
9830
9827
9827
9827
9826
9826
9824
9824
9823
9822
9821
9820
9819
9818
9817
9816
9815
9814
9814
9813
9812
9811
9809
9809
9806
9806
9804
9804
9801
9801
9800
9800
9799
9799
9797
9797
9796
9795
9795
9795
9794
9794
9793
9792
9791
9791
9790
9790
9790
9789
9787
9787
9785
9783
9780
9780
9780
9779
9778
9777
9776
9775
9775
9774
9772
9771
9769
9769
9768
9767
9765
9762
9762
9762
9761
9761
9761
9761
9760
9759
9759
9758
9758
9758
9758
9757
9753
9751
9751
9751
9751
9751
9751
9749
9747
9747
9747
9745
9741
9739
9739
9739
9737
9737
9737
9735
9734
9732
9731
9731
9729
9728
9728
9728
9727
9725
9723
9722
9722
9722
9722
9721
9721
9721
9720
9719
9719
9718
9717
9717
9716
9716
9715
9709
9709
9708
9707
9707
9706
9705
9704
9703
9701
9700
9699
9698
9698
9698
9698
9695
9695
9693
9693
9692
9691
9691
9691
9689
9688
9687
9686
9686
9686
9685
9685
9685
9684
9684
9684
9683
9682
9682
9681
9681
9681
9678
9676
9675
9674
9673
9673
9673
9672
9671
9670
9670
9670
9669
9668
9667
9667
9666
9665
9665
9664
9663
9663
9659
9656
9654
9654
9653
9652
9649
9647
9647
9646
9644
9644
9641
9641
9637
9636
9636
9633
9632
9632
9631
9629
9629
9627
9627
9623
9622
9622
9621
9621
9620
9618
9618
9617
9615
9615
9615
9614
9614
9614
9613
9612
9612
9612
9612
9610
9610
9609
9607
9606
9605
9605
9604
9602
9602
9601
9601
9599
9599
9599
9597
9596
9595
9594
9593
9593
9592
9591
9589
9588
9587
9585
9585
9585
9584
9584
9584
9584
9584
9583
9582
9582
9581
9579
9578
9578
9577
9577
9576
9573
9572
9571
9571
9571
9570
9569
9569
9568
9568
9568
9567
9566
9565
9564
9563
9563
9563
9562
9560
9559
9558
9556
9556
9556
9555
9551
9551
9548
9546
9545
9545
9544
9543
9543
9543
9542
9541
9540
9540
9537
9536
9536
9536
9532
9532
9532
9529
9527
9527
9527
9526
9524
9523
9522
9522
9521
9520
9520
9519
9518
9517
9516
9516
9514
9513
9510
9510
9509
9509
9502
9502
9500
9500
9499
9492
9490
9487
9485
9485
9481
9480
9480
9480
9479
9478
9477
9476
9474
9474
9473
9472
9472
9471
9470
9470
9469
9469
9467
9467
9463
9459
9458
9458
9455
9455
9454
9453
9453
9452
9452
9450
9450
9449
9439
9439
9438
9436
9435
9434
9433
9433
9431
9426
9426
9426
9425
9424
9424
9423
9423
9423
9422
9422
9420
9420
9420
9419
9418
9416
9413
9412
9412
9412
9411
9410
9410
9409
9407
9406
9406
9406
9405
9404
9403
9402
9401
9401
9398
9398
9396
9395
9395
9393
9393
9391
9390
9390
9388
9388
9383
9382
9381
9381
9381
9380
9380
9378
9378
9377
9377
9377
9375
9375
9370
9367
9366
9365
9364
9364
9363
9362
9362
9362
9361
9361
9358
9358
9358
9353
9352
9351
9349
9349
9348
9348
9348
9343
9341
9341
9339
9339
9338
9336
9336
9335
9334
9330
9329
9327
9326
9325
9324
9320
9320
9319
9318
9317
9316
9315
9314
9314
9313
9313
9312
9311
9311
9310
9309
9309
9308
9307
9306
9305
9304
9302
9301
9301
9300
9299
9299
9298
9298
9298
9297
9296
9295
9293
9293
9293
9292
9292
9291
9291
9290
9290
9282
9279
9278
9277
9277
9274
9274
9274
9274
9273
9273
9271
9271
9271
9268
9268
9268
9268
9266
9264
9259
9258
9258
9257
9256
9252
9251
9251
9251
9250
9250
9250
9249
9249
9249
9248
9246
9245
9245
9244
9243
9243
9242
9240
9240
9238
9236
9235
9235
9233
9233
9232
9231
9230
9230
9230
9229
9228
9228
9228
9227
9224
9224
9220
9219
9219
9218
9216
9216
9216
9215
9215
9214
9213
9211
9211
9210
9209
9206
9206
9204
9204
9203
9203
9202
9202
9200
9198
9198
9196
9195
9194
9194
9192
9192
9190
9187
9186
9186
9185
9183
9183
9183
9182
9181
9181
9180
9180
9179
9179
9178
9177
9176
9176
9171
9170
9168
9167
9166
9166
9166
9163
9163
9160
9159
9156
9153
9149
9149
9147
9146
9146
9145
9145
9144
9141
9140
9139
9139
9138
9138
9137
9137
9137
9136
9136
9135
9135
9135
9135
9134
9134
9134
9133
9133
9130
9129
9129
9128
9128
9126
9125
9123
9123
9122
9122
9120
9120
9115
9114
9113
9112
9112
9112
9112
9110
9110
9109
9107
9105
9103
9101
9097
9097
9094
9094
9093
9091
9089
9089
9089
9089
9086
9086
9086
9085
9085
9084
9082
9080
9080
9079
9078
9078
9076
9075
9074
9072
9072
9069
9069
9069
9069
9068
9068
9068
9066
9064
9064
9063
9063
9061
9058
9053
9053
9052
9050
9050
9050
9050
9049
9047
9046
9045
9045
9045
9043
9042
9040
9040
9039
9036
9033
9031
9030
9030
9030
9028
9027
9025
9024
9024
9024
9024
9023
9021
9020
9018
9016
9016
9014
9012
9010
9008
9005
9003
9002
8999
8998
8995
8994
8993
8993
8993
8993
8991
8990
8989
8989
8987
8987
8986
8984
8984
8984
8982
8980
8979
8978
8978
8977
8977
8976
8976
8976
8975
8975
8974
8973
8973
8972
8972
8971
8971
8969
8969
8968
8967
8967
8966
8966
8965
8964
8963
8962
8960
8960
8960
8960
8957
8955
8954
8954
8954
8954
8949
8948
8946
8945
8942
8939
8939
8939
8938
8937
8936
8935
8935
8934
8934
8932
8931
8929
8928
8926
8925
8925
8923
8923
8922
8921
8921
8919
8916
8915
8915
8913
8913
8912
8912
8910
8910
8909
8908
8908
8906
8905
8905
8904
8903
8902
8902
8902
8900
8900
8900
8899
8899
8899
8898
8895
8895
8895
8895
8893
8893
8893
8892
8891
8891
8891
8887
8881
8879
8879
8879
8878
8878
8877
8876
8875
8872
8872
8872
8871
8870
8869
8869
8867
8866
8866
8865
8865
8862
8862
8862
8861
8860
8859
8859
8856
8856
8852
8848
8848
8848
8847
8846
8846
8846
8842
8841
8841
8841
8839
8837
8837
8836
8834
8834
8833
8833
8832
8831
8831
8828
8827
8827
8826
8826
8825
8825
8824
8821
8821
8820
8818
8818
8817
8817
8817
8816
8815
8815
8815
8814
8814
8814
8812
8811
8810
8810
8809
8808
8808
8806
8802
8798
8796
8795
8793
8793
8791
8789
8789
8788
8787
8786
8785
8785
8785
8784
8783
8783
8781
8781
8780
8778
8778
8777
8776
8773
8773
8772
8770
8769
8769
8768
8768
8766
8766
8764
8763
8762
8759
8759
8759
8756
8755
8755
8754
8753
8751
8751
8751
8746
8746
8743
8743
8742
8741
8740
8735
8733
8733
8730
8730
8728
8728
8728
8727
8726
8725
8725
8725
8723
8722
8722
8721
8719
8719
8716
8716
8715
8715
8715
8714
8713
8713
8709
8709
8707
8707
8706
8706
8705
8704
8704
8702
8700
8696
8694
8693
8691
8690
8688
8686
8686
8686
8686
8685
8682
8682
8680
8678
8677
8677
8677
8674
8672
8671
8671
8670
8669
8669
8667
8666
8665
8665
8665
8664
8664
8663
8662
8662
8662
8661
8659
8659
8658
8656
8655
8655
8654
8653
8650
8650
8649
8648
8647
8646
8646
8645
8645
8644
8644
8644
8642
8641
8639
8638
8638
8638
8637
8636
8635
8634
8629
8629
8629
8627
8627
8626
8622
8621
8621
8620
8619
8617
8617
8617
8616
8614
8613
8613
8609
8608
8607
8607
8606
8606
8606
8605
8604
8604
8603
8601
8601
8601
8601
8601
8599
8599
8598
8597
8596
8596
8595
8594
8592
8591
8590
8590
8589
8589
8588
8586
8586
8584
8583
8578
8578
8577
8577
8576
8575
8575
8575
8574
8574
8573
8572
8571
8568
8567
8566
8565
8564
8564
8563
8561
8561
8560
8559
8559
8558
8558
8557
8556
8555
8554
8554
8553
8552
8552
8552
8551
8551
8548
8546
8542
8541
8541
8539
8537
8537
8535
8534
8533
8533
8532
8532
8530
8529
8527
8527
8526
8524
8524
8523
8522
8518
8518
8516
8515
8515
8514
8514
8512
8511
8511
8511
8509
8507
8507
8506
8505
8505
8504
8502
8501
8501
8501
8500
8500
8500
8499
8498
8495
8495
8494
8493
8493
8493
8493
8492
8492
8491
8488
8487
8487
8485
8484
8483
8483
8482
8481
8479
8477
8474
8474
8473
8473
8471
8469
8469
8468
8467
8466
8466
8463
8462
8461
8461
8458
8454
8451
8450
8450
8448
8447
8447
8447
8445
8444
8443
8443
8443
8443
8441
8441
8439
8439
8436
8436
8436
8436
8435
8435
8435
8433
8428
8426
8425
8425
8423
8423
8422
8418
8417
8416
8414
8410
8409
8407
8405
8405
8404
8400
8399
8397
8396
8396
8396
8396
8395
8394
8393
8393
8392
8392
8391
8390
8388
8387
8386
8383
8382
8381
8381
8380
8379
8378
8373
8373
8373
8373
8373
8370
8370
8368
8368
8361
8361
8361
8360
8360
8359
8357
8356
8355
8355
8355
8354
8353
8351
8350
8349
8348
8347
8347
8345
8345
8345
8342
8342
8341
8341
8339
8338
8337
8337
8335
8334
8332
8332
8332
8331
8331
8331
8331
8330
8328
8327
8326
8325
8323
8321
8321
8321
8321
8321
8320
8319
8318
8318
8318
8317
8315
8315
8313
8311
8310
8309
8307
8305
8303
8303
8302
8300
8300
8300
8298
8295
8294
8294
8293
8291
8291
8290
8286
8286
8285
8285
8283
8283
8283
8281
8281
8280
8279
8276
8275
8273
8272
8270
8270
8270
8269
8268
8268
8268
8267
8265
8265
8263
8263
8260
8259
8259
8257
8257
8257
8257
8255
8255
8255
8254
8254
8252
8252
8251
8250
8249
8248
8248
8248
8247
8245
8245
8244
8244
8242
8242
8240
8240
8239
8237
8237
8237
8237
8236
8235
8234
8232
8232
8232
8230
8228
8228
8228
8228
8227
8227
8227
8225
8217
8216
8216
8216
8215
8213
8212
8211
8210
8210
8209
8208
8207
8207
8206
8205
8204
8204
8203
8200
8199
8198
8198
8193
8192
8192
8190
8190
8190
8190
8188
8187
8187
8186
8186
8183
8180
8179
8179
8179
8177
8176
8176
8176
8175
8175
8173
8173
8172
8172
8170
8170
8168
8166
8166
8166
8165
8165
8164
8163
8163
8160
8160
8160
8156
8155
8153
8153
8151
8151
8150
8150
8149
8149
8147
8146
8145
8145
8145
8145
8144
8143
8143
8143
8141
8141
8138
8138
8135
8135
8135
8134
8134
8132
8131
8130
8128
8127
8126
8124
8124
8123
8122
8122
8120
8119
8117
8116
8115
8115
8113
8112
8112
8110
8108
8106
8106
8106
8105
8104
8104
8102
8101
8101
8099
8097
8093
8092
8091
8091
8091
8089
8088
8087
8087
8086
8085
8084
8082
8082
8079
8078
8076
8075
8075
8073
8071
8071
8070
8070
8067
8066
8066
8066
8065
8061
8060
8059
8058
8057
8057
8055
8053
8053
8050
8049
8049
8049
8048
8048
8046
8046
8046
8045
8044
8043
8042
8042
8041
8040
8038
8037
8036
8035
8035
8031
8030
8027
8027
8027
8027
8026
8026
8026
8023
8022
8021
8020
8020
8019
8019
8018
8017
8015
8015
8015
8015
8015
8014
8013
8009
8009
8008
8007
8006
8005
8004
8004
8003
8002
8000
7998
7998
7997
7997
7996
7996
7995
7995
7994
7994
7993
7992
7988
7986
7985
7981
7981
7980
7979
7977
7977
7976
7976
7975
7973
7972
7972
7972
7970
7970
7969
7969
7969
7967
7967
7967
7964
7963
7963
7963
7961
7961
7961
7959
7959
7958
7951
7950
7950
7949
7949
7949
7946
7944
7944
7942
7942
7940
7940
7938
7937
7936
7935
7934
7933
7932
7931
7930
7929
7929
7928
7928
7927
7927
7926
7925
7925
7925
7924
7923
7922
7921
7919
7919
7918
7917
7916
7916
7914
7913
7912
7911
7911
7910
7909
7908
7908
7907
7907
7907
7906
7905
7905
7902
7900
7900
7899
7897
7897
7896
7896
7892
7890
7889
7888
7887
7887
7883
7882
7880
7879
7878
7874
7871
7871
7870
7868
7865
7864
7864
7862
7859
7858
7858
7857
7856
7854
7853
7853
7852
7850
7850
7849
7848
7847
7847
7845
7844
7842
7842
7842
7841
7841
7840
7836
7836
7836
7833
7830
7827
7826
7826
7824
7824
7823
7822
7821
7821
7821
7820
7820
7820
7819
7819
7818
7817
7816
7816
7815
7814
7814
7812
7811
7810
7809
7808
7808
7807
7807
7805
7805
7805
7804
7802
7802
7801
7801
7800
7799
7797
7796
7794
7794
7791
7790
7790
7788
7787
7785
7783
7783
7783
7782
7782
7781
7781
7780
7779
7779
7779
7778
7778
7777
7777
7776
7775
7774
7772
7771
7771
7769
7769
7769
7768
7768
7767
7766
7765
7764
7762
7762
7761
7761
7760
7759
7757
7757
7756
7756
7755
7754
7753
7753
7752
7752
7752
7752
7750
7749
7748
7748
7748
7747
7746
7746
7744
7744
7743
7742
7741
7740
7740
7738
7737
7737
7737
7735
7735
7734
7733
7732
7728
7728
7727
7727
7725
7725
7724
7722
7722
7722
7721
7721
7720
7719
7719
7717
7717
7716
7716
7715
7713
7711
7710
7709
7708
7708
7707
7706
7705
7704
7704
7703
7702
7700
7699
7697
7697
7696
7694
7694
7694
7694
7694
7694
7693
7693
7691
7690
7690
7690
7689
7689
7689
7688
7688
7687
7687
7686
7685
7685
7682
7681
7681
7679
7678
7678
7677
7676
7676
7676
7674
7674
7673
7672
7672
7670
7669
7668
7667
7667
7666
7665
7664
7663
7663
7661
7660
7660
7660
7660
7659
7658
7658
7657
7655
7652
7651
7651
7651
7651
7650
7649
7649
7648
7648
7647
7646
7644
7643
7643
7642
7642
7641
7640
7640
7640
7639
7638
7637
7633
7633
7633
7632
7631
7630
7625
7624
7623
7622
7621
7621
7620
7620
7619
7617
7616
7616
7615
7615
7615
7614
7612
7612
7611
7611
7611
7608
7607
7607
7607
7606
7605
7605
7605
7602
7602
7599
7599
7598
7598
7597
7597
7597
7597
7596
7595
7594
7593
7593
7592
7592
7590
7590
7589
7588
7587
7586
7585
7582
7581
7580
7580
7580
7578
7576
7576
7573
7571
7570
7568
7568
7568
7565
7564
7562
7560
7558
7558
7557
7557
7557
7555
7555
7555
7554
7552
7550
7550
7549
7549
7548
7548
7547
7544
7542
7541
7541
7539
7538
7536
7535
7534
7532
7532
7531
7531
7529
7528
7528
7527
7525
7523
7522
7522
7517
7516
7516
7516
7514
7514
7513
7512
7512
7511
7510
7506
7506
7504
7504
7502
7501
7501
7500
7500
7500
7499
7498
7497
7496
7496
7492
7492
7491
7491
7490
7490
7489
7488
7487
7487
7486
7486
7485
7485
7483
7479
7477
7471
7470
7470
7470
7468
7468
7466
7466
7464
7464
7462
7461
7458
7458
7456
7455
7454
7453
7453
7452
7451
7451
7451
7450
7450
7449
7448
7447
7447
7444
7443
7443
7442
7438
7435
7435
7433
7433
7432
7432
7428
7428
7427
7423
7422
7422
7422
7419
7419
7418
7418
7418
7417
7417
7416
7415
7413
7413
7410
7410
7409
7408
7408
7407
7407
7407
7407
7406
7406
7405
7403
7403
7400
7399
7399
7399
7397
7397
7397
7396
7394
7392
7391
7391
7388
7387
7386
7386
7381
7381
7379
7378
7376
7376
7375
7375
7374
7374
7373
7371
7369
7367
7367
7365
7364
7364
7364
7360
7358
7358
7358
7356
7355
7354
7354
7352
7351
7350
7347
7346
7346
7345
7344
7344
7343
7343
7342
7340
7340
7336
7335
7334
7333
7331
7330
7330
7330
7329
7329
7328
7327
7323
7321
7321
7321
7319
7318
7318
7317
7317
7314
7313
7313
7313
7313
7310
7310
7302
7298
7298
7298
7297
7297
7297
7297
7296
7296
7295
7294
7292
7292
7291
7290
7289
7288
7287
7287
7287
7284
7283
7283
7282
7281
7279
7277
7275
7274
7273
7272
7272
7272
7272
7271
7269
7269
7268
7268
7266
7265
7265
7264
7263
7263
7263
7262
7262
7261
7261
7260
7260
7260
7258
7258
7258
7257
7256
7254
7252
7250
7250
7248
7244
7244
7242
7241
7240
7239
7238
7236
7235
7233
7232
7232
7232
7231
7230
7228
7227
7226
7223
7217
7214
7213
7213
7212
7212
7207
7206
7205
7204
7203
7200
7198
7198
7198
7196
7195
7195
7194
7192
7191
7191
7190
7190
7190
7189
7188
7186
7185
7185
7185
7182
7181
7181
7179
7179
7177
7176
7175
7175
7174
7174
7172
7167
7166
7165
7164
7163
7163
7163
7161
7161
7160
7158
7158
7158
7156
7156
7155
7154
7154
7154
7150
7150
7149
7148
7148
7147
7147
7146
7145
7142
7140
7139
7134
7133
7132
7132
7131
7131
7131
7130
7130
7128
7127
7125
7125
7123
7123
7123
7121
7121
7120
7118
7118
7112
7112
7111
7110
7110
7110
7110
7109
7109
7109
7109
7106
7106
7105
7104
7103
7103
7103
7102
7100
7099
7097
7096
7096
7095
7092
7091
7090
7089
7089
7087
7087
7085
7083
7083
7083
7083
7079
7078
7078
7078
7077
7077
7075
7074
7073
7073
7071
7069
7068
7067
7067
7067
7065
7062
7062
7059
7058
7056
7054
7053
7053
7053
7052
7052
7052
7051
7051
7046
7046
7045
7045
7044
7042
7042
7040
7040
7037
7036
7036
7035
7034
7034
7032
7032
7031
7030
7030
7028
7028
7026
7025
7024
7024
7021
7020
7019
7019
7019
7018
7017
7017
7016
7015
7014
7013
7013
7012
7011
7011
7010
7010
7009
7006
7006
7005
7002
7000
7000
6999
6998
6998
6995
6992
6991
6990
6988
6987
6986
6985
6984
6984
6982
6982
6980
6978
6977
6975
6975
6973
6973
6971
6970
6969
6969
6967
6965
6964
6964
6963
6959
6957
6953
6953
6953
6951
6951
6949
6949
6947
6946
6944
6944
6944
6944
6942
6942
6941
6940
6940
6940
6940
6939
6939
6937
6936
6936
6935
6934
6932
6931
6930
6929
6929
6927
6927
6926
6925
6924
6924
6922
6920
6920
6918
6914
6913
6912
6911
6911
6910
6910
6910
6909
6908
6906
6904
6904
6904
6904
6903
6902
6902
6902
6901
6900
6900
6899
6899
6899
6898
6894
6893
6892
6892
6892
6889
6889
6888
6887
6884
6882
6879
6879
6877
6877
6875
6875
6874
6872
6871
6871
6870
6869
6868
6867
6866
6864
6864
6863
6863
6863
6861
6860
6860
6860
6860
6859
6857
6856
6852
6850
6849
6847
6847
6847
6846
6846
6845
6842
6842
6842
6840
6839
6838
6836
6836
6836
6834
6834
6831
6830
6828
6828
6827
6827
6826
6826
6822
6820
6818
6815
6815
6815
6814
6812
6812
6812
6811
6811
6810
6808
6808
6802
6802
6801
6801
6792
6791
6790
6786
6785
6785
6785
6785
6784
6784
6783
6783
6783
6782
6781
6779
6778
6775
6775
6773
6773
6773
6772
6770
6770
6769
6769
6768
6768
6763
6762
6762
6760
6760
6759
6756
6756
6756
6754
6753
6753
6753
6751
6751
6749
6748
6748
6747
6747
6746
6743
6743
6742
6742
6737
6736
6736
6734
6733
6733
6729
6725
6725
6723
6723
6722
6721
6721
6721
6720
6720
6717
6716
6716
6715
6715
6715
6714
6713
6712
6711
6710
6710
6709
6708
6708
6705
6704
6702
6701
6701
6699
6699
6698
6697
6695
6694
6692
6689
6687
6687
6687
6686
6683
6681
6681
6679
6678
6678
6677
6676
6672
6671
6670
6670
6670
6669
6668
6668
6668
6668
6667
6667
6666
6664
6664
6663
6660
6658
6655
6653
6652
6651
6650
6650
6650
6648
6648
6646
6646
6646
6646
6645
6644
6641
6639
6639
6638
6637
6637
6636
6636
6636
6635
6632
6631
6631
6630
6630
6629
6628
6627
6627
6627
6626
6626
6621
6621
6620
6620
6619
6619
6619
6617
6615
6615
6615
6615
6614
6614
6612
6611
6610
6610
6609
6609
6608
6606
6604
6604
6603
6602
6601
6601
6601
6599
6599
6598
6598
6595
6594
6594
6593
6593
6588
6587
6587
6587
6586
6586
6583
6583
6583
6579
6579
6578
6578
6577
6577
6577
6577
6576
6576
6576
6575
6574
6573
6571
6571
6570
6570
6568
6566
6566
6565
6564
6564
6563
6562
6561
6561
6559
6558
6557
6556
6555
6554
6553
6551
6551
6550
6549
6548
6548
6548
6548
6545
6544
6544
6543
6543
6542
6541
6538
6537
6535
6534
6533
6532
6531
6530
6529
6529
6528
6527
6526
6524
6523
6522
6521
6520
6519
6518
6517
6516
6514
6514
6513
6512
6512
6511
6509
6509
6505
6504
6504
6503
6502
6502
6501
6500
6500
6498
6496
6496
6495
6492
6492
6491
6491
6491
6487
6487
6486
6486
6480
6479
6478
6478
6478
6477
6476
6475
6475
6473
6473
6473
6473
6472
6471
6471
6471
6471
6469
6468
6468
6466
6466
6465
6464
6464
6464
6463
6463
6462
6462
6461
6459
6458
6456
6456
6454
6454
6454
6453
6453
6453
6452
6452
6451
6450
6449
6446
6446
6445
6445
6444
6444
6443
6441
6440
6437
6436
6436
6436
6435
6434
6433
6433
6427
6427
6427
6426
6426
6425
6423
6423
6421
6420
6419
6418
6418
6418
6417
6416
6416
6416
6415
6414
6414
6414
6414
6413
6412
6411
6407
6407
6404
6400
6399
6399
6398
6394
6393
6393
6393
6392
6391
6390
6390
6386
6385
6385
6385
6385
6385
6383
6381
6381
6380
6380
6379
6377
6372
6371
6368
6368
6367
6366
6366
6366
6365
6364
6363
6362
6359
6358
6358
6356
6355
6354
6354
6350
6349
6349
6345
6344
6342
6340
6339
6339
6336
6334
6333
6332
6331
6328
6327
6327
6326
6325
6325
6324
6324
6322
6316
6315
6313
6313
6313
6312
6311
6309
6309
6306
6306
6305
6303
6302
6301
6300
6300
6296
6293
6291
6291
6291
6290
6290
6290
6289
6289
6288
6287
6287
6285
6285
6283
6282
6282
6280
6279
6279
6279
6279
6278
6276
6276
6275
6274
6273
6272
6271
6270
6270
6266
6265
6264
6263
6263
6263
6262
6262
6262
6261
6258
6257
6256
6255
6254
6253
6250
6250
6249
6247
6246
6245
6245
6244
6243
6241
6239
6239
6238
6236
6236
6236
6235
6235
6234
6234
6232
6231
6230
6230
6230
6229
6228
6226
6225
6223
6220
6219
6218
6218
6217
6216
6216
6216
6214
6214
6213
6213
6212
6212
6209
6209
6208
6208
6206
6206
6205
6205
6203
6203
6202
6202
6200
6200
6197
6196
6196
6195
6193
6193
6193
6193
6190
6190
6189
6187
6186
6186
6185
6184
6182
6182
6181
6181
6180
6180
6178
6178
6177
6176
6176
6175
6175
6174
6173
6172
6172
6171
6171
6171
6169
6169
6169
6166
6165
6165
6164
6162
6161
6160
6158
6156
6156
6154
6151
6151
6150
6149
6149
6149
6148
6147
6147
6147
6146
6145
6145
6144
6144
6143
6143
6142
6142
6142
6141
6140
6140
6139
6139
6138
6138
6138
6138
6137
6136
6136
6136
6135
6133
6132
6132
6131
6128
6128
6128
6127
6124
6123
6123
6122
6121
6118
6117
6114
6113
6113
6113
6113
6112
6112
6110
6110
6110
6109
6104
6104
6104
6102
6100
6100
6099
6099
6098
6096
6094
6093
6092
6092
6091
6090
6088
6088
6088
6087
6086
6085
6085
6084
6082
6082
6081
6081
6081
6079
6078
6076
6074
6073
6073
6072
6071
6068
6067
6065
6065
6059
6057
6056
6056
6055
6052
6051
6050
6048
6048
6048
6048
6048
6047
6046
6045
6042
6041
6040
6039
6039
6038
6036
6035
6035
6034
6033
6033
6031
6029
6029
6029
6026
6025
6023
6022
6022
6022
6021
6021
6021
6020
6019
6018
6017
6016
6016
6015
6015
6015
6012
6012
6011
6011
6010
6010
6010
6008
6007
6005
6005
6004
6004
6003
6003
6000
5999
5999
5999
5998
5997
5997
5996
5995
5993
5992
5991
5989
5989
5988
5988
5986
5984
5983
5983
5982
5982
5982
5982
5981
5980
5980
5979
5979
5978
5976
5976
5974
5973
5972
5971
5970
5970
5969
5966
5965
5965
5964
5964
5962
5958
5957
5957
5957
5956
5955
5955
5953
5951
5949
5948
5948
5946
5944
5942
5941
5940
5940
5940
5938
5937
5935
5933
5933
5930
5930
5928
5927
5926
5926
5925
5925
5925
5924
5922
5921
5920
5919
5919
5919
5917
5913
5913
5913
5911
5909
5909
5906
5906
5905
5905
5903
5903
5901
5901
5901
5900
5900
5899
5899
5899
5897
5896
5895
5894
5894
5893
5893
5891
5891
5887
5887
5884
5884
5884
5881
5880
5880
5878
5877
5876
5875
5874
5874
5874
5873
5873
5872
5871
5866
5865
5865
5863
5860
5858
5857
5857
5856
5856
5855
5854
5850
5850
5850
5849
5848
5848
5848
5847
5847
5844
5843
5842
5841
5840
5840
5839
5838
5837
5836
5836
5836
5833
5832
5831
5831
5830
5828
5826
5825
5824
5823
5822
5818
5816
5814
5813
5813
5813
5812
5812
5811
5811
5807
5806
5804
5804
5802
5802
5801
5801
5800
5799
5798
5797
5797
5795
5795
5794
5793
5790
5789
5788
5787
5783
5782
5782
5779
5775
5774
5772
5771
5769
5768
5766
5764
5763
5761
5760
5760
5759
5757
5757
5755
5755
5754
5754
5754
5752
5749
5745
5744
5744
5743
5741
5741
5739
5739
5731
5729
5726
5726
5726
5726
5725
5725
5725
5725
5723
5721
5721
5721
5721
5721
5720
5719
5718
5718
5717
5717
5717
5715
5715
5715
5713
5713
5712
5710
5709
5709
5708
5706
5705
5705
5704
5704
5704
5703
5702
5702
5701
5700
5700
5697
5696
5695
5695
5692
5692
5691
5691
5690
5689
5689
5689
5688
5687
5684
5684
5683
5682
5681
5681
5680
5678
5677
5675
5675
5674
5673
5671
5671
5670
5670
5667
5665
5663
5663
5661
5659
5657
5656
5656
5653
5653
5652
5652
5651
5649
5648
5646
5645
5645
5645
5645
5643
5642
5642
5641
5640
5640
5636
5635
5635
5634
5633
5632
5632
5631
5631
5629
5628
5628
5627
5625
5625
5624
5623
5622
5622
5619
5619
5618
5614
5614
5613
5612
5611
5611
5611
5611
5610
5606
5606
5605
5604
5603
5599
5598
5597
5597
5597
5596
5594
5592
5590
5590
5590
5590
5590
5589
5588
5588
5587
5583
5582
5582
5580
5579
5579
5578
5576
5576
5575
5574
5574
5573
5571
5570
5570
5570
5570
5569
5568
5567
5566
5566
5565
5565
5565
5564
5563
5562
5562
5560
5558
5557
5556
5554
5554
5552
5552
5550
5549
5549
5547
5546
5544
5544
5543
5542
5541
5540
5539
5536
5535
5535
5534
5532
5531
5527
5527
5527
5525
5525
5524
5523
5523
5523
5522
5520
5519
5519
5518
5517
5517
5516
5514
5514
5512
5511
5510
5508
5508
5507
5506
5505
5502
5502
5497
5497
5497
5496
5494
5494
5494
5494
5492
5492
5491
5490
5489
5489
5488
5487
5487
5484
5483
5483
5481
5481
5480
5480
5480
5480
5479
5478
5478
5477
5476
5475
5475
5473
5473
5473
5470
5469
5469
5467
5467
5465
5461
5461
5460
5458
5457
5456
5454
5454
5452
5452
5450
5450
5449
5445
5444
5442
5442
5441
5440
5440
5439
5438
5437
5436
5435
5434
5433
5433
5433
5431
5431
5429
5429
5428
5428
5427
5426
5424
5424
5422
5422
5421
5421
5419
5417
5416
5415
5414
5414
5412
5408
5408
5407
5404
5404
5403
5403
5401
5400
5399
5398
5397
5396
5396
5395
5391
5391
5390
5390
5390
5390
5390
5389
5387
5383
5382
5382
5381
5381
5381
5376
5376
5375
5372
5372
5372
5371
5371
5370
5369
5368
5368
5367
5367
5366
5363
5363
5361
5360
5357
5356
5354
5353
5353
5353
5351
5350
5348
5348
5347
5344
5342
5341
5338
5338
5336
5336
5335
5334
5333
5330
5329
5326
5325
5322
5322
5321
5321
5321
5321
5319
5318
5316
5315
5315
5315
5314
5313
5311
5309
5308
5307
5307
5304
5303
5301
5298
5297
5295
5295
5294
5293
5292
5291
5290
5289
5289
5287
5287
5282
5282
5281
5281
5280
5279
5279
5278
5278
5277
5276
5276
5276
5275
5274
5274
5274
5273
5273
5273
5272
5272
5272
5272
5271
5270
5270
5270
5270
5270
5267
5266
5265
5265
5265
5262
5262
5261
5260
5259
5259
5258
5258
5257
5256
5251
5251
5250
5250
5249
5249
5249
5248
5248
5247
5245
5243
5243
5241
5240
5240
5239
5238
5238
5237
5237
5235
5235
5235
5234
5233
5233
5233
5232
5228
5227
5227
5226
5223
5221
5219
5216
5215
5215
5215
5212
5212
5211
5210
5210
5209
5209
5208
5208
5208
5207
5205
5205
5205
5204
5202
5200
5199
5198
5197
5196
5196
5196
5196
5195
5195
5194
5192
5192
5190
5190
5190
5190
5190
5189
5189
5188
5185
5184
5184
5183
5182
5182
5181
5181
5178
5177
5176
5173
5173
5173
5172
5172
5171
5171
5171
5170
5168
5164
5163
5163
5163
5159
5158
5157
5156
5155
5153
5152
5152
5152
5152
5150
5150
5149
5148
5148
5147
5146
5146
5145
5143
5143
5141
5138
5138
5138
5136
5135
5133
5133
5132
5131
5131
5129
5124
5121
5120
5119
5119
5117
5117
5117
5117
5117
5116
5113
5112
5111
5109
5109
5106
5106
5105
5103
5103
5102
5101
5100
5100
5098
5097
5097
5095
5094
5092
5091
5091
5090
5090
5089
5086
5086
5085
5084
5084
5084
5083
5083
5082
5080
5080
5080
5079
5078
5076
5075
5075
5075
5074
5073
5073
5072
5072
5071
5071
5070
5067
5067
5066
5065
5064
5063
5061
5058
5058
5058
5057
5057
5056
5056
5056
5056
5055
5055
5051
5051
5051
5051
5048
5048
5047
5047
5047
5045
5045
5045
5045
5042
5042
5041
5041
5040
5040
5039
5039
5039
5037
5036
5036
5035
5034
5032
5031
5030
5027
5026
5025
5023
5022
5020
5020
5019
5019
5018
5016
5014
5013
5012
5012
5011
5010
5010
5009
5009
5009
5008
5008
5006
5005
5005
5004
5002
5000
4997
4997
4994
4993
4993
4992
4991
4990
4990
4989
4986
4986
4983
4983
4979
4978
4978
4975
4975
4974
4974
4972
4971
4969
4969
4969
4967
4966
4962
4960
4958
4958
4957
4956
4955
4954
4953
4951
4951
4948
4947
4946
4946
4946
4946
4945
4945
4943
4943
4941
4940
4939
4939
4938
4937
4936
4935
4933
4933
4931
4930
4930
4929
4929
4929
4928
4927
4924
4923
4923
4922
4919
4919
4918
4917
4916
4913
4911
4910
4910
4909
4908
4907
4907
4906
4904
4904
4904
4902
4902
4901
4899
4899
4897
4897
4896
4895
4895
4893
4892
4890
4890
4886
4885
4882
4880
4879
4877
4876
4875
4875
4874
4874
4874
4874
4873
4873
4873
4870
4870
4870
4869
4869
4867
4867
4867
4866
4863
4861
4859
4859
4858
4858
4857
4857
4857
4855
4854
4853
4853
4852
4851
4851
4850
4850
4849
4846
4846
4846
4846
4845
4845
4842
4842
4839
4839
4838
4838
4838
4838
4838
4837
4836
4832
4831
4829
4827
4824
4824
4823
4822
4821
4821
4821
4820
4816
4810
4810
4809
4807
4806
4805
4804
4803
4802
4800
4800
4800
4800
4799
4798
4796
4794
4794
4791
4789
4789
4789
4786
4783
4782
4780
4780
4779
4779
4778
4778
4777
4776
4776
4774
4774
4772
4770
4768
4768
4768
4766
4763
4760
4758
4758
4758
4756
4756
4755
4755
4754
4753
4753
4753
4753
4751
4750
4750
4748
4748
4748
4747
4747
4746
4744
4743
4743
4741
4740
4739
4739
4738
4737
4737
4737
4737
4735
4732
4732
4730
4729
4727
4727
4725
4724
4722
4722
4721
4720
4719
4719
4718
4716
4715
4715
4714
4714
4713
4712
4710
4708
4705
4704
4704
4703
4703
4702
4701
4701
4699
4699
4698
4698
4697
4697
4696
4696
4695
4694
4694
4693
4693
4692
4692
4692
4691
4690
4689
4689
4689
4688
4688
4685
4685
4683
4680
4679
4678
4678
4676
4676
4675
4674
4672
4670
4668
4667
4667
4661
4661
4658
4658
4656
4656
4654
4653
4652
4649
4646
4644
4644
4644
4644
4644
4641
4640
4639
4639
4639
4638
4638
4638
4637
4637
4636
4636
4636
4636
4635
4634
4631
4631
4631
4630
4628
4627
4625
4622
4622
4622
4621
4621
4621
4620
4619
4618
4618
4617
4617
4616
4614
4614
4613
4610
4610
4609
4609
4608
4605
4605
4604
4602
4600
4600
4599
4599
4598
4598
4598
4598
4597
4597
4596
4595
4594
4593
4593
4592
4591
4591
4588
4588
4587
4585
4584
4582
4582
4582
4578
4578
4576
4575
4571
4570
4569
4569
4568
4566
4566
4565
4565
4563
4563
4560
4559
4559
4559
4558
4557
4557
4555
4555
4554
4553
4553
4552
4552
4551
4551
4551
4550
4549
4549
4549
4548
4548
4548
4546
4546
4545
4543
4542
4541
4541
4537
4536
4536
4535
4534
4530
4529
4527
4527
4524
4523
4521
4520
4518
4518
4516
4516
4512
4512
4512
4511
4510
4510
4509
4509
4507
4506
4506
4506
4504
4503
4501
4500
4499
4498
4498
4497
4497
4497
4496
4496
4496
4495
4495
4495
4493
4493
4489
4489
4488
4487
4486
4485
4485
4484
4483
4482
4481
4480
4480
4480
4479
4479
4479
4479
4478
4478
4477
4477
4477
4476
4474
4473
4472
4472
4471
4471
4470
4470
4468
4468
4467
4466
4465
4465
4462
4460
4460
4459
4458
4458
4458
4457
4455
4453
4453
4449
4447
4447
4447
4444
4443
4443
4437
4436
4436
4436
4435
4435
4434
4434
4433
4432
4431
4430
4429
4429
4429
4427
4425
4425
4425
4423
4422
4422
4419
4418
4418
4418
4417
4416
4412
4411
4409
4409
4408
4407
4404
4404
4401
4399
4398
4398
4397
4396
4395
4394
4393
4393
4391
4391
4391
4390
4388
4388
4388
4387
4384
4383
4383
4383
4381
4381
4380
4379
4379
4378
4377
4377
4377
4375
4373
4371
4371
4371
4364
4363
4363
4363
4362
4362
4359
4359
4358
4357
4356
4356
4356
4355
4354
4354
4351
4351
4351
4350
4349
4349
4345
4345
4345
4342
4341
4341
4341
4340
4339
4339
4337
4337
4337
4336
4336
4335
4335
4335
4334
4333
4332
4331
4330
4329
4329
4329
4325
4323
4322
4322
4322
4319
4315
4314
4314
4313
4309
4303
4303
4302
4301
4299
4297
4297
4296
4296
4295
4295
4294
4292
4292
4291
4290
4290
4290
4290
4289
4288
4287
4286
4286
4286
4285
4285
4284
4284
4283
4283
4282
4282
4278
4278
4278
4277
4270
4269
4269
4268
4267
4266
4265
4264
4263
4254
4253
4253
4252
4252
4250
4250
4246
4245
4244
4243
4241
4238
4238
4238
4238
4237
4237
4235
4234
4231
4230
4229
4228
4228
4221
4221
4219
4218
4218
4217
4217
4216
4215
4215
4214
4213
4212
4211
4211
4209
4209
4208
4207
4207
4207
4205
4204
4203
4201
4201
4200
4200
4200
4198
4196
4196
4195
4195
4194
4193
4192
4190
4189
4189
4188
4187
4187
4186
4183
4182
4182
4178
4177
4176
4176
4176
4173
4173
4171
4171
4168
4167
4167
4165
4165
4164
4164
4162
4160
4160
4159
4155
4155
4155
4155
4154
4153
4153
4150
4148
4147
4145
4144
4142
4142
4142
4142
4141
4141
4141
4140
4140
4139
4137
4137
4136
4134
4134
4133
4133
4132
4130
4130
4126
4125
4122
4120
4119
4119
4119
4119
4117
4117
4116
4114
4112
4111
4110
4110
4108
4108
4107
4102
4100
4100
4100
4097
4096
4096
4095
4095
4094
4094
4094
4091
4090
4087
4087
4083
4082
4081
4080
4080
4079
4079
4079
4078
4078
4076
4076
4075
4075
4075
4074
4072
4070
4068
4067
4065
4062
4062
4062
4059
4056
4054
4054
4053
4051
4051
4050
4049
4046
4045
4044
4044
4044
4043
4043
4042
4041
4041
4040
4039
4039
4037
4037
4034
4034
4033
4033
4032
4032
4031
4031
4030
4029
4027
4025
4025
4023
4022
4021
4019
4018
4018
4018
4017
4015
4014
4014
4013
4013
4012
4012
4011
4011
4010
4009
4007
4007
4007
4003
4002
3997
3996
3995
3995
3994
3991
3990
3990
3988
3987
3987
3987
3987
3986
3985
3983
3982
3982
3982
3981
3980
3980
3979
3976
3976
3976
3975
3972
3971
3971
3969
3969
3967
3965
3962
3962
3962
3960
3959
3955
3954
3951
3950
3949
3949
3947
3947
3947
3947
3946
3944
3944
3943
3943
3939
3939
3939
3938
3938
3938
3936
3935
3935
3935
3934
3933
3931
3931
3930
3928
3927
3926
3925
3924
3922
3921
3921
3920
3919
3918
3917
3915
3914
3914
3913
3913
3913
3912
3912
3911
3911
3906
3906
3902
3902
3899
3899
3898
3898
3897
3896
3896
3894
3894
3893
3892
3889
3888
3888
3887
3885
3884
3882
3882
3881
3881
3881
3878
3877
3877
3877
3876
3876
3874
3873
3873
3870
3870
3869
3867
3866
3866
3866
3865
3865
3865
3864
3864
3863
3862
3862
3856
3855
3854
3853
3851
3851
3851
3849
3847
3846
3846
3846
3845
3845
3844
3842
3842
3840
3839
3839
3838
3838
3837
3836
3836
3833
3833
3831
3829
3828
3827
3827
3826
3825
3824
3822
3822
3822
3821
3821
3820
3820
3819
3819
3818
3817
3815
3814
3812
3811
3811
3807
3806
3806
3801
3800
3800
3798
3796
3794
3794
3790
3787
3785
3785
3784
3782
3781
3781
3780
3780
3780
3780
3780
3778
3778
3777
3770
3768
3768
3767
3767
3767
3766
3765
3764
3764
3763
3762
3762
3761
3761
3757
3756
3756
3756
3755
3751
3748
3747
3747
3745
3745
3742
3741
3738
3737
3736
3735
3735
3735
3734
3734
3733
3733
3731
3730
3730
3726
3726
3725
3725
3725
3724
3723
3722
3721
3721
3718
3716
3715
3713
3713
3712
3712
3711
3711
3710
3710
3710
3709
3708
3707
3707
3706
3706
3706
3699
3698
3698
3697
3696
3696
3693
3692
3690
3689
3688
3687
3686
3685
3684
3684
3684
3683
3683
3681
3681
3680
3679
3678
3678
3678
3678
3677
3675
3673
3673
3672
3672
3672
3671
3671
3670
3668
3663
3662
3661
3660
3660
3658
3657
3657
3653
3653
3650
3649
3648
3647
3646
3646
3644
3644
3643
3643
3642
3641
3640
3639
3639
3637
3636
3636
3636
3635
3634
3633
3632
3630
3628
3627
3626
3625
3625
3625
3624
3624
3623
3622
3621
3620
3619
3619
3619
3616
3612
3612
3610
3607
3606
3606
3606
3603
3603
3602
3602
3601
3601
3601
3600
3599
3598
3598
3596
3594
3594
3592
3591
3591
3590
3590
3587
3586
3585
3585
3584
3583
3583
3582
3581
3578
3578
3577
3576
3576
3575
3575
3574
3571
3569
3567
3564
3564
3563
3563
3561
3556
3556
3555
3554
3553
3550
3545
3544
3544
3541
3541
3539
3537
3536
3536
3536
3534
3531
3531
3531
3529
3529
3528
3528
3527
3525
3523
3523
3523
3522
3521
3519
3519
3518
3518
3517
3517
3517
3516
3515
3514
3514
3513
3513
3513
3511
3510
3510
3510
3509
3508
3507
3506
3504
3503
3501
3500
3500
3499
3498
3498
3498
3498
3497
3496
3495
3495
3495
3495
3494
3493
3493
3491
3490
3490
3489
3489
3488
3485
3483
3483
3483
3482
3482
3481
3481
3480
3480
3479
3478
3478
3477
3474
3471
3471
3469
3469
3467
3466
3465
3464
3462
3461
3460
3458
3457
3455
3455
3453
3451
3450
3448
3447
3447
3445
3440
3439
3438
3438
3438
3438
3437
3436
3436
3436
3433
3430
3427
3426
3426
3425
3423
3423
3422
3421
3420
3418
3414
3414
3413
3412
3412
3411
3411
3409
3409
3408
3408
3408
3408
3408
3408
3404
3404
3403
3401
3400
3399
3399
3399
3399
3398
3397
3397
3397
3397
3396
3393
3391
3390
3390
3386
3386
3386
3385
3385
3385
3384
3382
3381
3381
3381
3379
3377
3376
3376
3375
3373
3372
3370
3367
3367
3365
3365
3365
3364
3361
3360
3359
3358
3353
3353
3352
3351
3351
3349
3349
3348
3347
3346
3346
3345
3345
3345
3343
3343
3341
3340
3340
3340
3340
3337
3335
3335
3335
3334
3333
3332
3330
3330
3327
3327
3326
3325
3325
3325
3325
3324
3324
3322
3321
3318
3317
3315
3314
3314
3313
3311
3310
3307
3306
3306
3304
3304
3303
3301
3300
3299
3298
3294
3293
3292
3292
3292
3291
3291
3290
3289
3287
3287
3286
3286
3285
3285
3284
3284
3283
3283
3282
3281
3281
3279
3278
3276
3273
3273
3273
3273
3272
3272
3271
3271
3271
3270
3267
3266
3266
3264
3264
3264
3262
3260
3259
3259
3258
3257
3257
3257
3257
3256
3255
3254
3254
3254
3253
3253
3251
3250
3250
3248
3247
3247
3246
3246
3244
3243
3241
3240
3240
3239
3238
3238
3238
3237
3234
3234
3234
3233
3233
3232
3230
3227
3226
3224
3224
3224
3223
3222
3222
3222
3221
3220
3219
3218
3216
3215
3215
3214
3214
3214
3213
3213
3211
3211
3210
3210
3209
3209
3209
3208
3207
3206
3206
3204
3204
3204
3203
3198
3195
3195
3195
3192
3192
3191
3188
3188
3187
3187
3187
3186
3184
3183
3182
3180
3180
3179
3177
3177
3176
3175
3172
3171
3171
3169
3168
3167
3166
3162
3162
3161
3159
3159
3159
3156
3154
3152
3151
3150
3148
3148
3146
3145
3145
3142
3142
3141
3140
3138
3137
3137
3137
3136
3136
3135
3135
3131
3131
3131
3129
3129
3129
3126
3124
3124
3123
3122
3122
3121
3121
3120
3119
3118
3117
3114
3113
3112
3111
3111
3111
3109
3108
3107
3107
3106
3106
3105
3105
3104
3104
3102
3102
3101
3101
3099
3098
3098
3097
3097
3096
3094
3093
3093
3092
3090
3088
3087
3087
3087
3085
3085
3084
3084
3083
3081
3080
3080
3080
3080
3079
3078
3078
3077
3077
3077
3077
3077
3076
3075
3073
3073
3073
3071
3068
3065
3065
3062
3061
3059
3059
3057
3057
3057
3057
3056
3052
3052
3052
3052
3051
3051
3051
3050
3049
3049
3048
3048
3046
3045
3045
3044
3044
3043
3043
3039
3038
3037
3036
3034
3033
3031
3030
3029
3029
3028
3027
3026
3026
3025
3022
3022
3022
3020
3020
3018
3016
3016
3015
3015
3013
3013
3013
3013
3012
3012
3010
3009
3009
3008
3006
3006
3006
3003
3003
3003
3003
3002
2999
2997
2995
2994
2994
2992
2992
2991
2991
2990
2990
2989
2989
2989
2987
2987
2985
2982
2981
2980
2979
2978
2976
2976
2976
2975
2974
2974
2970
2969
2967
2963
2963
2962
2962
2962
2960
2960
2960
2959
2958
2957
2955
2952
2952
2951
2951
2950
2949
2949
2945
2943
2943
2942
2941
2939
2939
2937
2937
2936
2935
2933
2933
2932
2931
2930
2928
2928
2927
2925
2925
2925
2924
2924
2923
2919
2919
2919
2918
2917
2914
2913
2913
2912
2911
2911
2909
2908
2907
2906
2905
2903
2902
2902
2901
2900
2900
2900
2899
2898
2898
2897
2897
2897
2896
2896
2894
2894
2894
2893
2893
2892
2891
2890
2890
2890
2889
2889
2887
2886
2885
2884
2884
2884
2884
2881
2880
2880
2880
2879
2873
2872
2872
2871
2870
2865
2865
2865
2864
2861
2861
2860
2860
2860
2860
2859
2859
2858
2857
2856
2856
2855
2855
2853
2853
2850
2849
2847
2845
2844
2844
2839
2838
2837
2837
2835
2834
2834
2834
2833
2833
2833
2832
2831
2831
2829
2828
2828
2828
2827
2827
2827
2825
2824
2822
2822
2821
2821
2819
2817
2816
2814
2814
2814
2814
2814
2812
2811
2809
2808
2808
2807
2806
2805
2804
2804
2802
2801
2801
2800
2800
2796
2796
2795
2794
2793
2793
2793
2792
2792
2790
2790
2789
2789
2788
2787
2784
2784
2784
2783
2783
2780
2779
2779
2778
2778
2776
2774
2774
2773
2772
2772
2770
2770
2769
2768
2768
2767
2767
2767
2767
2766
2766
2764
2761
2760
2758
2758
2756
2754
2752
2752
2752
2749
2749
2749
2749
2747
2744
2743
2739
2736
2734
2734
2733
2732
2731
2730
2729
2728
2728
2727
2723
2723
2720
2720
2718
2715
2714
2712
2711
2711
2709
2708
2703
2700
2699
2697
2697
2696
2696
2695
2693
2692
2691
2690
2689
2689
2688
2686
2686
2684
2683
2679
2679
2678
2676
2673
2672
2671
2670
2669
2669
2664
2663
2663
2662
2661
2661
2661
2659
2658
2657
2655
2655
2651
2651
2651
2650
2647
2645
2643
2642
2641
2640
2639
2639
2638
2637
2636
2634
2630
2629
2629
2628
2625
2625
2625
2625
2624
2624
2624
2624
2624
2623
2622
2621
2621
2620
2620
2619
2617
2615
2614
2614
2611
2611
2610
2610
2609
2607
2607
2605
2604
2604
2604
2603
2603
2603
2603
2602
2602
2602
2601
2600
2600
2598
2598
2597
2597
2597
2596
2596
2596
2596
2595
2593
2592
2590
2589
2589
2588
2587
2587
2587
2586
2583
2583
2581
2579
2579
2579
2579
2577
2577
2577
2574
2574
2573
2573
2572
2572
2572
2572
2572
2571
2571
2571
2570
2570
2568
2568
2567
2566
2565
2564
2563
2562
2561
2561
2561
2561
2560
2560
2559
2559
2559
2559
2558
2557
2557
2556
2556
2555
2555
2554
2554
2553
2553
2551
2548
2547
2547
2547
2542
2541
2540
2539
2539
2537
2537
2535
2533
2532
2530
2529
2529
2528
2525
2523
2523
2523
2522
2522
2520
2520
2518
2517
2517
2516
2516
2516
2514
2514
2513
2513
2512
2512
2512
2509
2509
2508
2507
2507
2505
2502
2502
2501
2495
2495
2494
2493
2491
2491
2489
2489
2488
2488
2486
2485
2485
2484
2478
2476
2476
2475
2472
2472
2470
2468
2467
2467
2467
2465
2464
2462
2461
2461
2460
2459
2458
2456
2453
2451
2449
2449
2448
2448
2447
2445
2443
2443
2443
2443
2441
2437
2435
2434
2434
2433
2433
2431
2429
2429
2427
2427
2426
2425
2424
2424
2423
2423
2422
2422
2421
2415
2412
2411
2406
2406
2405
2402
2401
2399
2397
2396
2393
2390
2390
2388
2388
2388
2387
2387
2386
2386
2386
2385
2385
2383
2383
2382
2381
2381
2379
2379
2378
2378
2377
2374
2373
2373
2371
2370
2369
2367
2367
2367
2363
2362
2362
2362
2360
2359
2358
2354
2354
2352
2352
2352
2347
2343
2343
2341
2341
2339
2337
2336
2335
2335
2335
2334
2334
2334
2333
2333
2333
2332
2327
2324
2322
2321
2321
2318
2317
2317
2316
2315
2313
2312
2309
2305
2305
2305
2304
2303
2302
2301
2301
2301
2301
2300
2300
2300
2297
2297
2297
2296
2296
2294
2293
2292
2292
2291
2290
2290
2289
2289
2286
2286
2285
2284
2283
2282
2280
2280
2279
2279
2276
2274
2271
2270
2270
2269
2269
2268
2268
2267
2267
2267
2264
2263
2262
2262
2261
2260
2259
2259
2258
2258
2258
2256
2255
2254
2252
2251
2251
2250
2250
2248
2247
2247
2246
2246
2245
2244
2242
2242
2238
2237
2237
2235
2232
2231
2227
2227
2227
2226
2226
2226
2225
2224
2222
2218
2217
2216
2213
2213
2213
2210
2210
2210
2208
2206
2206
2205
2202
2201
2201
2201
2200
2200
2199
2198
2197
2196
2196
2195
2195
2195
2192
2192
2192
2189
2189
2189
2186
2186
2186
2186
2185
2185
2184
2181
2178
2177
2175
2173
2173
2173
2172
2171
2170
2170
2169
2168
2167
2167
2166
2165
2165
2164
2163
2162
2161
2161
2160
2159
2159
2159
2156
2155
2155
2155
2154
2152
2152
2152
2151
2151
2150
2149
2148
2148
2146
2146
2145
2144
2142
2141
2141
2139
2138
2137
2135
2135
2134
2134
2133
2132
2131
2131
2130
2129
2129
2128
2128
2126
2125
2124
2123
2123
2122
2121
2118
2117
2116
2115
2113
2113
2113
2112
2111
2110
2108
2107
2107
2106
2106
2104
2103
2103
2100
2099
2098
2098
2097
2096
2096
2094
2093
2092
2091
2088
2087
2087
2086
2086
2085
2081
2079
2078
2077
2072
2071
2071
2071
2071
2070
2070
2070
2069
2067
2067
2065
2065
2064
2064
2064
2063
2059
2058
2058
2057
2057
2056
2055
2054
2054
2054
2054
2053
2053
2052
2048
2048
2048
2048
2044
2044
2042
2042
2042
2042
2041
2040
2038
2037
2037
2037
2037
2036
2036
2034
2034
2032
2032
2030
2030
2029
2027
2026
2026
2026
2026
2025
2024
2022
2022
2021
2021
2021
2019
2017
2017
2015
2014
2014
2013
2012
2008
2007
2007
2005
2005
2005
2005
2003
2003
2002
2002
2001
2000
2000
1999
1998
1997
1996
1995
1994
1991
1990
1990
1989
1989
1987
1985
1985
1985
1984
1984
1983
1983
1982
1982
1980
1977
1974
1974
1973
1971
1969
1969
1968
1967
1966
1966
1965
1965
1964
1964
1964
1963
1963
1962
1958
1958
1957
1954
1953
1952
1951
1951
1950
1949
1949
1948
1946
1944
1944
1944
1942
1941
1941
1941
1940
1939
1938
1937
1936
1936
1936
1936
1935
1935
1933
1932
1928
1927
1925
1925
1924
1924
1923
1922
1920
1919
1919
1918
1916
1915
1915
1915
1914
1913
1910
1910
1910
1909
1907
1907
1907
1907
1906
1905
1905
1904
1903
1901
1899
1898
1897
1895
1893
1893
1893
1889
1887
1887
1886
1886
1886
1886
1885
1884
1884
1884
1882
1881
1880
1879
1878
1877
1877
1876
1874
1874
1873
1873
1871
1870
1869
1868
1867
1866
1865
1862
1862
1862
1860
1856
1856
1856
1856
1854
1851
1851
1850
1850
1848
1847
1847
1846
1846
1843
1843
1842
1841
1840
1839
1839
1839
1838
1838
1835
1832
1831
1831
1831
1829
1829
1829
1828
1828
1826
1826
1825
1825
1824
1823
1823
1823
1819
1819
1818
1817
1814
1814
1813
1811
1811
1807
1807
1806
1805
1804
1804
1802
1800
1798
1796
1796
1794
1792
1792
1791
1790
1786
1786
1785
1784
1784
1784
1783
1782
1782
1779
1779
1776
1774
1772
1771
1771
1771
1771
1770
1768
1765
1765
1764
1764
1762
1761
1761
1757
1756
1754
1754
1754
1752
1751
1750
1749
1747
1747
1746
1746
1745
1744
1743
1742
1742
1741
1740
1740
1739
1738
1738
1738
1735
1734
1731
1730
1729
1726
1726
1726
1725
1722
1722
1717
1716
1716
1714
1713
1711
1710
1710
1709
1708
1707
1705
1704
1703
1700
1700
1700
1699
1698
1697
1697
1697
1695
1694
1693
1691
1689
1687
1685
1685
1684
1683
1683
1681
1680
1678
1675
1675
1675
1674
1674
1672
1672
1669
1668
1667
1667
1664
1663
1663
1662
1662
1662
1660
1660
1658
1658
1657
1657
1650
1647
1646
1646
1646
1646
1645
1644
1643
1643
1643
1642
1642
1641
1641
1641
1640
1640
1639
1638
1637
1637
1637
1636
1632
1632
1630
1627
1627
1625
1622
1621
1620
1619
1616
1615
1615
1615
1614
1613
1611
1611
1609
1608
1607
1607
1607
1606
1605
1603
1602
1601
1601
1598
1598
1595
1595
1594
1593
1592
1592
1591
1589
1589
1588
1587
1586
1585
1584
1582
1582
1581
1580
1580
1579
1577
1574
1573
1573
1572
1571
1571
1567
1565
1565
1563
1559
1559
1558
1557
1557
1556
1556
1553
1552
1551
1551
1551
1550
1548
1548
1546
1546
1545
1545
1545
1544
1542
1542
1541
1540
1539
1538
1536
1533
1530
1530
1529
1529
1529
1527
1527
1527
1526
1523
1520
1518
1517
1516
1515
1515
1512
1509
1508
1508
1507
1507
1504
1504
1503
1503
1501
1497
1497
1496
1495
1495
1494
1493
1491
1487
1486
1484
1482
1480
1479
1478
1477
1477
1476
1476
1476
1475
1474
1472
1470
1470
1469
1468
1468
1465
1465
1465
1462
1462
1461
1460
1459
1457
1457
1452
1452
1451
1451
1451
1449
1445
1444
1444
1443
1442
1441
1438
1437
1436
1435
1434
1433
1433
1432
1432
1432
1430
1430
1429
1427
1426
1425
1424
1424
1423
1420
1419
1418
1417
1416
1415
1415
1413
1412
1412
1412
1411
1411
1410
1409
1408
1407
1407
1407
1405
1404
1403
1402
1402
1400
1399
1397
1397
1397
1396
1395
1395
1395
1395
1394
1394
1394
1393
1393
1388
1386
1386
1384
1382
1381
1380
1378
1378
1377
1377
1377
1376
1373
1373
1372
1368
1367
1367
1367
1366
1365
1365
1365
1358
1357
1356
1356
1356
1355
1354
1354
1354
1353
1353
1352
1352
1350
1350
1345
1344
1344
1344
1343
1343
1342
1342
1340
1340
1339
1338
1338
1336
1336
1336
1333
1332
1330
1330
1328
1328
1327
1323
1322
1320
1319
1319
1318
1315
1314
1314
1312
1312
1312
1311
1311
1310
1307
1307
1307
1306
1306
1305
1304
1304
1302
1302
1301
1300
1299
1299
1298
1298
1298
1296
1296
1295
1293
1292
1290
1290
1290
1289
1288
1287
1285
1283
1283
1282
1280
1280
1280
1278
1278
1277
1276
1275
1272
1272
1270
1269
1268
1268
1267
1267
1267
1266
1266
1265
1261
1261
1260
1260
1259
1259
1259
1257
1256
1255
1252
1251
1251
1247
1246
1244
1241
1240
1240
1237
1235
1234
1234
1233
1233
1232
1232
1229
1229
1226
1226
1225
1224
1223
1221
1218
1216
1216
1215
1215
1215
1213
1213
1212
1211
1209
1208
1207
1207
1207
1205
1205
1203
1203
1202
1201
1201
1201
1200
1199
1199
1198
1197
1195
1195
1195
1194
1194
1193
1191
1191
1191
1191
1190
1187
1187
1187
1186
1184
1184
1183
1183
1182
1182
1181
1179
1178
1177
1176
1175
1175
1175
1175
1174
1174
1173
1172
1170
1169
1169
1168
1168
1168
1167
1167
1167
1166
1165
1164
1163
1163
1163
1162
1160
1160
1160
1159
1156
1154
1153
1153
1152
1149
1149
1148
1147
1146
1146
1144
1144
1144
1144
1143
1143
1143
1141
1140
1139
1138
1138
1138
1137
1134
1133
1131
1130
1130
1130
1128
1127
1126
1126
1119
1119
1118
1117
1114
1112
1111
1110
1106
1106
1105
1104
1098
1096
1094
1091
1091
1089
1089
1089
1089
1087
1087
1086
1086
1084
1084
1082
1081
1080
1080
1079
1079
1078
1078
1076
1075
1075
1074
1074
1074
1074
1074
1073
1072
1071
1071
1070
1070
1066
1065
1064
1062
1062
1061
1061
1061
1061
1060
1060
1057
1055
1053
1047
1045
1045
1044
1043
1042
1041
1041
1040
1039
1039
1038
1038
1034
1034
1034
1034
1034
1032
1032
1032
1032
1029
1027
1027
1024
1024
1024
1023
1022
1022
1021
1020
1020
1019
1019
1019
1018
1018
1017
1017
1016
1016
1016
1015
1013
1013
1012
1010
1009
1008
1007
1006
1005
1004
1000
999
996
995
994
994
994
994
993
991
990
990
989
988
988
986
986
986
986
985
985
984
984
984
982
982
981
979
977
976
975
974
974
971
970
970
969
967
967
964
964
964
962
962
962
960
960
958
957
957
954
954
951
950
950
948
948
946
946
945
945
943
942
941
940
940
938
937
935
934
933
931
931
930
928
928
928
927
925
925
925
924
921
921
920
919
919
917
916
915
915
914
913
912
912
911
910
908
908
907
906
906
905
905
902
901
900
899
897
896
892
891
891
890
890
889
888
888
887
887
886
881
881
880
880
877
877
875
873
871
870
869
868
867
867
867
865
864
864
864
863
856
855
853
853
853
851
851
849
848
847
846
843
843
842
840
839
837
837
836
835
835
834
834
834
832
831
831
830
830
826
826
823
822
820
819
816
815
814
805
804
804
804
803
803
803
801
801
800
796
796
796
795
793
793
791
790
790
789
788
788
788
787
786
785
785
784
784
783
783
783
782
780
779
779
779
776
775
772
771
771
771
771
771
769
768
768
767
767
766
764
764
763
762
762
758
758
757
757
751
749
749
749
749
748
747
745
745
745
743
742
740
736
736
735
735
734
731
729
727
727
726
723
716
715
715
714
713
712
712
711
710
710
709
708
707
707
706
706
705
704
702
702
701
700
699
698
698
697
697
697
697
695
694
694
693
693
692
690
690
689
685
685
682
681
680
679
679
677
673
673
673
672
669
667
664
663
662
661
661
659
659
658
658
656
656
656
654
654
652
652
651
651
650
649
649
647
647
644
643
641
640
640
640
640
636
634
632
631
629
629
627
626
626
625
625
624
624
623
623
623
623
623
622
622
621
621
621
619
617
617
615
613
612
612
611
608
608
608
607
604
604
604
603
602
599
598
597
597
595
594
594
594
592
592
591
589
588
586
586
586
585
584
584
581
581
579
579
578
577
575
574
572
572
571
571
570
570
570
569
567
567
567
566
566
565
561
560
560
558
557
556
556
555
554
553
553
552
551
550
550
549
548
548
548
544
543
543
541
541
540
539
537
535
535
533
531
525
523
523
522
522
522
521
518
518
518
517
516
516
515
514
513
513
512
512
512
511
511
511
511
511
508
506
506
505
505
503
502
501
501
501
500
499
499
498
497
495
494
493
492
492
490
490
490
487
486
484
482
480
480
479
478
477
477
477
476
474
474
474
473
473
472
472
471
471
471
470
470
469
466
466
464
464
462
462
462
462
454
453
452
452
450
449
448
448
448
448
445
445
444
444
443
443
441
441
441
441
440
439
438
438
438
437
436
433
432
429
429
427
426
425
424
424
423
422
422
422
421
420
420
419
419
418
418
416
416
415
414
412
411
410
410
409
408
407
407
405
404
400
400
398
397
396
395
394
391
390
389
389
389
387
386
386
383
383
381
381
380
378
378
378
377
377
376
375
374
373
372
371
371
370
370
370
369
369
369
362
361
360
360
359
358
358
358
357
356
355
354
353
353
352
351
349
348
345
345
345
345
345
341
341
341
340
340
339
339
339
338
338
338
336
336
336
335
335
332
331
329
329
329
326
326
326
325
325
324
324
323
320
318
315
315
315
313
312
312
311
310
309
307
307
306
306
304
304
303
302
302
298
297
297
297
296
293
292
289
289
289
288
288
288
288
288
284
283
282
281
279
279
277
277
277
276
275
275
275
275
275
274
274
273
273
273
273
272
272
270
270
269
268
267
267
264
264
264
264
261
260
259
258
258
257
257
255
254
253
252
251
251
251
250
250
250
248
246
244
244
244
244
243
242
242
241
240
240
235
234
233
233
233
232
226
226
224
224
224
222
222
222
220
214
212
209
208
208
206
205
204
202
200
200
199
198
197
197
193
192
190
190
190
189
188
188
187
186
186
186
183
182
182
182
181
181
179
178
175
175
174
173
172
172
171
170
170
169
169
168
168
167
166
166
164
164
163
161
160
160
159
159
158
158
157
157
156
155
155
154
154
153
153
152
152
150
149
149
148
148
148
147
146
146
145
145
144
144
142
141
140
139
137
136
135
135
135
134
133
132
128
128
128
128
127
127
126
126
126
125
125
125
119
116
115
115
115
113
112
103
103
102
100
100
100
100
99
95
94
92
91
86
86
84
83
81
81
80
80
78
74
74
74
73
73
72
71
69
68
68
68
68
66
66
65
65
65
64
64
63
61
60
56
56
54
53
50
49
48
46
46
44
44
43
43
42
42
41
38
38
36
36
35
33
33
32
32
32
32
25
25
24
20
19
16
16
16
15
13
12
12
11
11
10
9
8
6
6
3
2
1
