9998
9998
9997
9992
9992
9991
9989
9988
9988
9987
9987
9987
9985
9985
9984
9984
9982
9982
9981
9981
9979
9979
9978
9978
9975
9975
9975
9973
9970
9969
9967
9966
9961
9959
9959
9958
9958
9958
9958
9957
9957
9956
9956
9954
9954
9953
9952
9951
9951
9950
9950
9950
9949
9947
9946
9946
9945
9945
9944
9943
9941
9941
9940
9940
9940
9939
9938
9938
9937
9936
9936
9935
9935
9935
9935
9933
9931
9929
9929
9928
9928
9927
9927
9926
9926
9925
9924
9923
9923
9921
9918
9918
9917
9916
9916
9914
9914
9914
9913
9912
9911
9911
9910
9910
9906
9906
9905
9905
9905
9903
9899
9898
9898
9896
9896
9895
9894
9892
9891
9891
9891
9891
9889
9889
9888
9888
9888
9887
9887
9887
9886
9886
9885
9884
9881
9880
9878
9876
9873
9872
9871
9870
9869
9868
9867
9867
9867
9866
9861
9861
9861
9860
9860
9858
9857
9856
9855
9852
9852
9851
9851
9850
9849
9847
9846
9846
9845
9845
9841
9841
9840
9839
9839
9838
9837
9835
9835
9833
9825
9825
9825
9821
9821
9820
9818
9817
9816
9816
9814
9813
9813
9813
9811
9810
9810
9810
9809
9808
9807
9806
9805
9801
9797
9796
9796
9793
9791
9788
9788
9787
9785
9785
9783
9782
9781
9780
9779
9778
9777
9776
9776
9775
9775
9774
9772
9771
9771
9770
9770
9770
9768
9767
9764
9762
9762
9761
9760
9760
9759
9759
9759
9756
9756
9756
9755
9750
9748
9746
9744
9743
9742
9742
9741
9740
9740
9732
9732
9731
9731
9729
9728
9726
9726
9725
9723
9722
9719
9718
9718
9716
9716
9715
9714
9714
9713
9712
9712
9710
9710
9710
9709
9706
9703
9702
9701
9698
9697
9695
9692
9690
9690
9690
9689
9687
9686
9685
9685
9682
9681
9681
9680
9679
9678
9675
9675
9674
9672
9671
9671
9671
9670
9669
9668
9665
9665
9665
9664
9662
9661
9659
9658
9657
9657
9656
9654
9653
9652
9652
9652
9651
9649
9646
9645
9645
9644
9643
9640
9639
9638
9636
9635
9633
9632
9632
9631
9630
9629
9628
9627
9626
9622
9622
9620
9619
9618
9617
9617
9617
9615
9614
9614
9613
9613
9611
9610
9610
9609
9609
9609
9608
9608
9607
9607
9607
9606
9605
9604
9602
9601
9601
9600
9597
9595
9595
9595
9594
9590
9590
9587
9587
9587
9585
9585
9583
9583
9582
9582
9581
9581
9580
9579
9579
9579
9579
9578
9578
9576
9576
9573
9572
9572
9571
9570
9570
9570
9569
9569
9568
9568
9568
9566
9566
9565
9564
9564
9562
9562
9562
9559
9559
9559
9558
9558
9558
9556
9555
9552
9552
9551
9550
9549
9549
9549
9546
9544
9540
9540
9539
9536
9535
9535
9535
9534
9534
9533
9533
9532
9530
9530
9529
9528
9527
9527
9527
9525
9524
9523
9521
9521
9519
9519
9518
9515
9513
9510
9509
9509
9508
9507
9507
9507
9507
9504
9504
9503
9502
9502
9500
9499
9498
9498
9496
9493
9492
9491
9490
9490
9489
9488
9488
9488
9488
9487
9486
9486
9485
9484
9484
9483
9482
9482
9482
9480
9479
9478
9478
9474
9474
9474
9472
9471
9469
9469
9469
9469
9468
9467
9464
9463
9461
9457
9456
9456
9453
9452
9452
9452
9452
9449
9447
9443
9441
9440
9440
9438
9438
9438
9436
9435
9434
9434
9433
9432
9430
9430
9429
9429
9427
9427
9426
9426
9425
9425
9421
9419
9417
9417
9414
9413
9412
9412
9412
9411
9411
9410
9409
9408
9407
9407
9407
9407
9406
9405
9405
9404
9404
9401
9401
9397
9397
9396
9395
9393
9391
9390
9388
9388
9387
9387
9385
9385
9381
9379
9378
9376
9375
9374
9374
9371
9371
9369
9366
9365
9365
9364
9362
9360
9360
9358
9358
9358
9357
9357
9356
9356
9353
9353
9351
9350
9349
9348
9348
9348
9347
9347
9347
9347
9347
9346
9345
9345
9344
9344
9344
9344
9341
9340
9340
9340
9339
9338
9336
9336
9335
9334
9333
9331
9331
9331
9330
9329
9329
9328
9327
9319
9319
9318
9317
9317
9309
9309
9307
9306
9305
9305
9305
9302
9300
9300
9298
9297
9295
9292
9291
9289
9289
9287
9287
9287
9284
9283
9282
9280
9279
9279
9279
9278
9277
9274
9273
9273
9270
9269
9268
9267
9266
9264
9263
9261
9260
9260
9258
9257
9256
9254
9253
9253
9252
9250
9249
9248
9246
9246
9245
9245
9244
9241
9240
9240
9240
9239
9239
9238
9237
9237
9237
9235
9233
9232
9231
9231
9230
9229
9229
9229
9228
9227
9227
9224
9222
9219
9219
9218
9215
9214
9213
9213
9212
9212
9210
9210
9209
9208
9206
9206
9204
9204
9200
9199
9198
9195
9195
9192
9192
9190
9189
9189
9189
9188
9187
9187
9184
9182
9181
9181
9180
9179
9178
9175
9174
9173
9173
9172
9171
9171
9169
9169
9169
9168
9168
9165
9165
9165
9165
9165
9163
9163
9161
9161
9158
9157
9157
9157
9156
9155
9154
9153
9153
9152
9152
9150
9150
9149
9149
9148
9147
9145
9143
9143
9143
9142
9141
9141
9140
9140
9139
9137
9136
9135
9135
9134
9133
9132
9132
9132
9131
9130
9130
9129
9129
9126
9126
9125
9124
9123
9121
9119
9117
9117
9116
9115
9114
9114
9114
9111
9110
9110
9110
9109
9108
9108
9108
9106
9106
9105
9103
9102
9102
9101
9100
9099
9097
9095
9092
9089
9088
9088
9087
9082
9082
9081
9081
9080
9079
9078
9078
9077
9077
9077
9076
9076
9075
9075
9073
9072
9072
9072
9071
9071
9071
9070
9069
9069
9067
9066
9064
9063
9061
9061
9060
9060
9060
9058
9057
9057
9057
9056
9055
9054
9052
9052
9051
9050
9049
9048
9047
9047
9047
9045
9045
9044
9043
9042
9042
9039
9039
9039
9038
9037
9036
9031
9030
9028
9027
9024
9024
9022
9021
9021
9020
9020
9018
9018
9018
9016
9016
9016
9015
9012
9011
9011
9010
9010
9009
9009
9008
9007
9004
9002
9002
9001
8999
8999
8998
8997
8995
8993
8993
8993
8991
8990
8985
8984
8984
8984
8984
8982
8982
8981
8977
8977
8977
8976
8976
8975
8972
8971
8969
8968
8967
8967
8966
8963
8962
8958
8958
8956
8956
8955
8954
8952
8952
8952
8950
8950
8950
8949
8949
8948
8947
8947
8944
8943
8943
8941
8941
8940
8940
8940
8939
8937
8935
8933
8933
8933
8931
8930
8928
8927
8927
8926
8925
8923
8923
8921
8920
8919
8919
8918
8916
8913
8913
8913
8912
8911
8910
8908
8908
8906
8906
8905
8905
8903
8902
8901
8898
8897
8895
8894
8892
8892
8889
8888
8886
8885
8884
8884
8884
8884
8882
8881
8879
8878
8878
8877
8876
8875
8870
8870
8869
8869
8867
8866
8864
8864
8862
8861
8860
8860
8859
8859
8858
8857
8857
8854
8853
8851
8851
8850
8850
8850
8850
8849
8849
8848
8848
8848
8847
8847
8846
8843
8843
8843
8842
8841
8840
8839
8839
8839
8838
8837
8836
8835
8835
8835
8833
8832
8832
8831
8831
8830
8826
8826
8824
8824
8823
8822
8820
8817
8817
8817
8814
8810
8810
8809
8808
8807
8806
8805
8803
8803
8802
8801
8801
8798
8798
8793
8791
8790
8789
8789
8789
8787
8787
8787
8786
8785
8785
8785
8784
8784
8783
8782
8779
8779
8777
8773
8772
8771
8771
8769
8768
8768
8768
8765
8765
8764
8764
8764
8763
8763
8762
8762
8762
8762
8761
8760
8760
8759
8758
8758
8757
8756
8756
8756
8756
8755
8754
8754
8753
8752
8752
8751
8749
8749
8749
8749
8749
8746
8745
8745
8744
8743
8743
8742
8741
8738
8737
8736
8736
8736
8736
8734
8733
8733
8732
8730
8729
8728
8728
8727
8726
8724
8724
8722
8721
8717
8716
8714
8709
8708
8708
8707
8706
8705
8704
8704
8703
8703
8701
8699
8696
8695
8693
8691
8691
8688
8686
8686
8685
8684
8684
8683
8679
8676
8675
8675
8674
8672
8668
8666
8665
8662
8661
8657
8656
8656
8654
8650
8650
8649
8649
8649
8648
8647
8644
8644
8643
8643
8643
8642
8642
8640
8640
8640
8639
8638
8638
8636
8635
8633
8633
8631
8631
8627
8626
8625
8625
8624
8623
8621
8621
8618
8617
8617
8615
8614
8614
8614
8613
8610
8610
8607
8607
8607
8607
8606
8606
8604
8604
8604
8604
8602
8599
8599
8598
8598
8597
8594
8593
8592
8590
8588
8587
8586
8584
8583
8581
8581
8580
8579
8579
8579
8578
8575
8573
8571
8570
8569
8565
8564
8563
8562
8559
8559
8556
8556
8555
8555
8553
8553
8552
8552
8550
8550
8550
8549
8549
8548
8548
8548
8547
8547
8543
8542
8541
8540
8540
8539
8539
8538
8537
8536
8533
8532
8531
8531
8530
8530
8528
8528
8527
8527
8524
8523
8522
8517
8517
8517
8514
8514
8512
8512
8511
8511
8510
8509
8509
8508
8505
8505
8503
8502
8502
8497
8496
8495
8494
8491
8490
8490
8490
8490
8489
8488
8488
8488
8486
8486
8486
8486
8486
8485
8484
8484
8484
8484
8482
8479
8479
8479
8477
8476
8473
8472
8466
8466
8464
8464
8464
8463
8462
8462
8462
8460
8460
8460
8457
8456
8454
8453
8451
8451
8451
8450
8448
8445
8442
8442
8440
8440
8440
8440
8440
8439
8439
8438
8438
8437
8436
8435
8434
8433
8433
8432
8429
8428
8428
8426
8425
8425
8425
8424
8422
8422
8422
8420
8419
8418
8417
8416
8414
8411
8411
8409
8409
8406
8406
8405
8404
8403
8402
8401
8400
8400
8400
8395
8394
8394
8393
8392
8392
8391
8391
8389
8389
8389
8389
8387
8383
8383
8380
8380
8380
8379
8379
8379
8378
8376
8375
8375
8374
8373
8371
8370
8369
8368
8367
8365
8364
8364
8360
8360
8360
8358
8357
8357
8356
8355
8352
8350
8348
8347
8346
8345
8344
8343
8342
8342
8342
8341
8341
8340
8340
8339
8337
8336
8336
8336
8336
8336
8335
8335
8334
8330
8329
8329
8329
8327
8324
8324
8323
8323
8322
8320
8320
8316
8315
8315
8314
8313
8313
8313
8313
8313
8312
8311
8310
8309
8309
8308
8305
8305
8305
8303
8303
8303
8303
8303
8302
8301
8299
8299
8297
8294
8294
8294
8294
8290
8289
8289
8289
8287
8287
8286
8285
8284
8284
8284
8282
8282
8281
8280
8279
8278
8277
8277
8277
8275
8275
8274
8269
8267
8266
8265
8265
8265
8264
8263
8261
8256
8255
8253
8253
8253
8252
8252
8251
8250
8247
8246
8245
8245
8244
8244
8241
8238
8238
8236
8236
8233
8233
8233
8232
8229
8227
8227
8227
8226
8226
8226
8225
8224
8224
8224
8223
8222
8221
8221
8221
8220
8218
8217
8217
8216
8216
8215
8214
8214
8212
8211
8210
8209
8208
8207
8205
8205
8204
8204
8204
8203
8203
8199
8197
8197
8197
8196
8195
8195
8194
8193
8192
8191
8191
8190
8189
8189
8189
8187
8186
8185
8182
8182
8181
8181
8180
8178
8177
8177
8176
8176
8175
8174
8174
8170
8170
8169
8168
8168
8167
8167
8166
8166
8166
8166
8166
8163
8163
8163
8162
8160
8159
8158
8157
8155
8153
8152
8149
8148
8147
8147
8146
8146
8146
8146
8145
8144
8143
8143
8142
8142
8141
8141
8137
8136
8135
8134
8132
8132
8131
8130
8129
8129
8128
8128
8126
8126
8125
8124
8123
8122
8122
8122
8122
8122
8122
8121
8121
8120
8119
8117
8117
8117
8117
8116
8114
8113
8111
8110
8109
8109
8106
8105
8105
8105
8105
8105
8104
8104
8104
8102
8102
8102
8101
8098
8095
8095
8094
8094
8093
8092
8091
8089
8088
8085
8085
8085
8084
8082
8080
8078
8076
8076
8076
8076
8075
8074
8074
8073
8072
8072
8072
8071
8070
8069
8068
8068
8068
8066
8064
8061
8060
8059
8059
8058
8058
8056
8055
8055
8053
8052
8051
8051
8051
8051
8051
8049
8049
8047
8045
8045
8044
8042
8041
8039
8039
8039
8038
8034
8033
8031
8031
8031
8030
8029
8029
8029
8028
8028
8028
8027
8027
8026
8026
8025
8022
8021
8021
8020
8020
8019
8018
8015
8014
8013
8011
8009
8008
8006
8005
8005
8002
8002
8002
7998
7998
7996
7996
7995
7994
7994
7993
7992
7991
7991
7990
7990
7990
7990
7989
7987
7987
7984
7980
7980
7980
7977
7977
7976
7975
7972
7970
7968
7968
7965
7965
7964
7964
7963
7962
7961
7961
7959
7958
7957
7955
7955
7953
7952
7951
7949
7949
7946
7945
7943
7942
7942
7942
7942
7941
7937
7936
7935
7930
7929
7929
7929
7929
7928
7927
7927
7925
7924
7923
7922
7920
7919
7916
7914
7912
7911
7909
7907
7905
7904
7902
7901
7900
7900
7899
7897
7895
7893
7892
7892
7890
7889
7886
7885
7885
7883
7883
7882
7881
7880
7876
7876
7875
7872
7871
7871
7870
7868
7866
7866
7865
7863
7862
7862
7861
7860
7859
7854
7851
7850
7849
7849
7849
7849
7848
7847
7845
7841
7839
7839
7838
7837
7836
7836
7835
7834
7833
7832
7832
7830
7830
7830
7828
7826
7826
7826
7825
7825
7825
7823
7823
7822
7821
7819
7818
7814
7813
7812
7812
7811
7810
7810
7808
7807
7807
7807
7804
7804
7804
7802
7802
7801
7800
7799
7798
7797
7797
7796
7796
7796
7794
7793
7792
7788
7788
7787
7787
7784
7784
7784
7783
7783
7782
7779
7779
7778
7778
7778
7776
7776
7774
7773
7773
7772
7772
7772
7771
7771
7768
7765
7765
7765
7763
7763
7762
7761
7759
7759
7759
7759
7757
7756
7755
7753
7751
7750
7749
7749
7749
7749
7749
7748
7746
7745
7740
7739
7738
7738
7738
7737
7734
7733
7732
7732
7731
7731
7731
7731
7729
7729
7727
7726
7726
7724
7724
7722
7722
7721
7719
7719
7719
7716
7715
7713
7711
7710
7709
7709
7709
7705
7705
7705
7702
7701
7701
7700
7700
7700
7696
7692
7689
7688
7687
7686
7686
7686
7684
7683
7681
7680
7680
7677
7677
7676
7674
7671
7669
7669
7669
7668
7665
7662
7661
7659
7658
7656
7655
7652
7650
7650
7650
7650
7649
7648
7648
7647
7646
7646
7645
7645
7644
7642
7642
7642
7642
7641
7638
7634
7633
7632
7629
7629
7628
7628
7627
7626
7624
7623
7623
7622
7621
7621
7620
7619
7619
7618
7618
7617
7616
7615
7615
7615
7614
7614
7613
7611
7611
7611
7610
7609
7609
7607
7606
7606
7605
7605
7604
7604
7603
7601
7601
7600
7599
7599
7598
7593
7592
7592
7591
7591
7586
7585
7583
7582
7582
7581
7581
7581
7579
7578
7578
7578
7577
7575
7575
7574
7573
7572
7571
7571
7571
7571
7569
7566
7566
7566
7565
7562
7562
7561
7561
7560
7560
7560
7557
7555
7554
7553
7551
7551
7551
7550
7549
7548
7548
7547
7547
7546
7544
7543
7543
7543
7538
7535
7535
7530
7530
7529
7528
7526
7524
7524
7523
7523
7522
7521
7521
7521
7521
7520
7520
7519
7517
7517
7515
7513
7511
7510
7510
7510
7510
7509
7508
7508
7508
7506
7504
7503
7503
7502
7502
7502
7501
7501
7500
7500
7500
7499
7497
7496
7493
7490
7489
7484
7483
7480
7479
7476
7475
7474
7473
7473
7472
7471
7471
7471
7469
7469
7468
7468
7468
7467
7466
7465
7465
7464
7463
7461
7460
7459
7459
7459
7459
7459
7459
7456
7455
7454
7452
7452
7451
7450
7449
7447
7446
7446
7445
7444
7444
7443
7442
7441
7440
7439
7439
7437
7436
7436
7435
7434
7434
7433
7433
7431
7431
7429
7429
7428
7424
7424
7421
7421
7420
7420
7418
7416
7414
7414
7413
7412
7411
7411
7407
7404
7404
7403
7403
7403
7402
7401
7401
7400
7399
7399
7399
7398
7397
7397
7397
7395
7395
7394
7393
7393
7391
7391
7389
7388
7387
7387
7385
7384
7384
7383
7383
7383
7380
7379
7379
7379
7375
7374
7373
7372
7371
7369
7368
7367
7367
7366
7364
7362
7361
7361
7359
7353
7351
7349
7349
7347
7347
7344
7344
7343
7342
7342
7341
7339
7337
7336
7336
7335
7335
7333
7332
7332
7331
7330
7330
7329
7328
7328
7327
7324
7323
7323
7323
7322
7321
7320
7319
7318
7318
7316
7315
7314
7313
7312
7312
7312
7311
7309
7309
7309
7305
7302
7302
7300
7299
7296
7294
7293
7293
7292
7291
7287
7286
7286
7285
7284
7284
7283
7281
7280
7280
7279
7279
7279
7275
7274
7272
7272
7272
7268
7267
7267
7262
7262
7262
7260
7256
7255
7253
7251
7251
7248
7247
7246
7240
7239
7239
7238
7237
7236
7236
7235
7235
7234
7232
7232
7232
7231
7230
7229
7229
7229
7229
7228
7228
7228
7227
7226
7226
7225
7224
7224
7223
7222
7222
7220
7219
7219
7218
7217
7211
7211
7210
7210
7208
7205
7205
7204
7203
7203
7201
7200
7199
7199
7198
7197
7197
7196
7195
7194
7193
7191
7188
7188
7188
7187
7186
7185
7183
7183
7183
7182
7181
7180
7179
7178
7177
7176
7176
7175
7174
7173
7173
7172
7170
7170
7169
7169
7166
7166
7164
7164
7164
7164
7164
7163
7163
7162
7161
7160
7158
7157
7157
7156
7155
7153
7153
7152
7151
7151
7151
7149
7148
7146
7144
7143
7143
7143
7143
7142
7140
7139
7138
7137
7135
7135
7134
7132
7132
7130
7129
7127
7126
7125
7125
7124
7123
7122
7119
7118
7117
7116
7115
7114
7112
7111
7111
7111
7111
7108
7106
7106
7106
7105
7105
7104
7104
7101
7099
7099
7099
7098
7097
7097
7095
7095
7093
7092
7091
7091
7091
7090
7090
7089
7087
7085
7082
7082
7080
7079
7078
7076
7074
7074
7073
7073
7072
7072
7072
7071
7070
7068
7068
7068
7068
7067
7066
7066
7064
7063
7063
7061
7060
7059
7059
7059
7058
7057
7056
7055
7054
7054
7054
7053
7052
7052
7051
7049
7047
7047
7047
7044
7044
7043
7042
7039
7039
7039
7038
7038
7037
7035
7035
7034
7034
7034
7033
7033
7026
7025
7024
7024
7023
7021
7020
7018
7017
7017
7016
7015
7015
7015
7013
7013
7012
7011
7011
7011
7011
7008
7007
7005
7004
7003
7003
7003
7002
7001
7000
6999
6998
6997
6996
6995
6995
6992
6988
6986
6986
6984
6984
6984
6983
6982
6982
6981
6981
6980
6979
6979
6978
6976
6976
6976
6975
6974
6974
6973
6973
6972
6971
6970
6968
6968
6967
6966
6965
6965
6962
6962
6960
6960
6960
6957
6955
6954
6952
6951
6950
6949
6949
6948
6948
6947
6947
6945
6945
6944
6941
6939
6938
6938
6937
6936
6933
6931
6929
6928
6928
6928
6928
6928
6927
6927
6927
6926
6925
6922
6919
6916
6915
6915
6912
6910
6910
6908
6906
6906
6905
6903
6900
6900
6900
6898
6898
6898
6897
6896
6894
6892
6892
6891
6889
6889
6887
6887
6887
6886
6885
6885
6885
6884
6883
6881
6880
6880
6880
6880
6880
6880
6879
6879
6877
6876
6876
6873
6873
6872
6871
6870
6870
6869
6866
6863
6862
6862
6861
6859
6859
6858
6858
6857
6857
6855
6854
6854
6852
6852
6851
6851
6849
6849
6845
6844
6843
6843
6842
6842
6841
6841
6840
6838
6838
6837
6830
6830
6826
6826
6825
6825
6823
6823
6823
6822
6820
6819
6819
6819
6819
6818
6818
6817
6815
6813
6810
6810
6809
6809
6804
6804
6803
6801
6801
6801
6800
6798
6797
6796
6795
6794
6792
6791
6791
6789
6789
6788
6788
6786
6786
6786
6785
6784
6782
6781
6781
6780
6780
6779
6779
6779
6778
6778
6778
6777
6777
6775
6772
6772
6771
6768
6767
6767
6762
6762
6762
6761
6761
6759
6759
6759
6758
6758
6757
6757
6756
6754
6753
6748
6746
6745
6744
6743
6743
6740
6740
6740
6739
6738
6738
6733
6733
6733
6730
6727
6726
6723
6722
6722
6722
6721
6720
6717
6716
6716
6716
6713
6713
6708
6708
6706
6706
6705
6704
6704
6704
6703
6702
6701
6700
6697
6697
6697
6695
6694
6694
6693
6691
6690
6690
6688
6688
6686
6686
6685
6683
6682
6680
6680
6679
6677
6675
6674
6673
6672
6672
6669
6665
6664
6664
6663
6663
6663
6661
6661
6661
6657
6656
6653
6652
6651
6650
6650
6646
6646
6645
6645
6645
6645
6644
6644
6643
6642
6642
6641
6641
6641
6640
6640
6640
6639
6639
6634
6633
6633
6631
6630
6629
6629
6627
6626
6625
6625
6623
6622
6622
6622
6621
6618
6618
6618
6617
6616
6616
6616
6614
6610
6609
6608
6607
6603
6603
6603
6602
6601
6601
6599
6597
6596
6595
6594
6592
6592
6592
6590
6586
6584
6581
6580
6580
6580
6579
6578
6576
6574
6572
6570
6569
6569
6566
6566
6565
6565
6564
6563
6563
6563
6563
6560
6559
6558
6557
6556
6553
6546
6545
6544
6543
6543
6542
6539
6538
6538
6538
6536
6536
6534
6532
6530
6526
6526
6524
6523
6523
6521
6521
6520
6520
6519
6519
6518
6515
6514
6514
6510
6510
6510
6509
6509
6509
6509
6507
6507
6503
6502
6501
6500
6499
6498
6498
6496
6495
6494
6493
6491
6488
6488
6487
6484
6484
6484
6483
6480
6478
6475
6473
6472
6471
6471
6470
6469
6468
6466
6465
6463
6463
6463
6462
6461
6457
6456
6454
6454
6453
6451
6451
6450
6450
6448
6448
6447
6444
6444
6443
6443
6443
6441
6441
6440
6438
6438
6436
6435
6435
6434
6434
6434
6431
6430
6429
6428
6428
6427
6427
6426
6426
6425
6424
6422
6422
6421
6421
6419
6418
6418
6417
6416
6415
6411
6410
6406
6406
6405
6404
6404
6397
6396
6394
6393
6393
6392
6392
6391
6391
6390
6390
6390
6388
6387
6387
6384
6381
6381
6381
6379
6378
6375
6373
6372
6372
6371
6371
6371
6370
6369
6366
6364
6363
6363
6363
6360
6358
6358
6356
6356
6356
6355
6355
6354
6354
6351
6351
6347
6347
6346
6346
6344
6343
6341
6340
6340
6340
6338
6337
6336
6334
6333
6332
6332
6332
6332
6330
6329
6329
6325
6325
6325
6325
6325
6324
6323
6321
6321
6318
6316
6316
6314
6313
6309
6309
6308
6307
6306
6306
6300
6300
6298
6297
6297
6296
6296
6294
6294
6291
6290
6289
6288
6287
6287
6286
6286
6286
6286
6284
6284
6283
6283
6279
6275
6275
6274
6273
6271
6270
6268
6266
6265
6265
6264
6262
6261
6261
6260
6259
6259
6258
6257
6256
6255
6253
6253
6252
6251
6251
6250
6249
6248
6248
6248
6247
6247
6246
6246
6244
6241
6240
6239
6238
6238
6237
6237
6236
6234
6233
6233
6232
6231
6231
6230
6230
6227
6226
6224
6222
6222
6221
6221
6220
6218
6215
6215
6213
6213
6212
6210
6209
6207
6207
6207
6207
6206
6205
6204
6202
6201
6199
6199
6198
6197
6197
6197
6196
6195
6193
6191
6189
6189
6188
6188
6184
6183
6183
6183
6182
6181
6179
6178
6178
6177
6176
6175
6175
6175
6175
6174
6174
6173
6173
6172
6172
6171
6169
6168
6168
6168
6165
6164
6164
6163
6163
6163
6162
6161
6161
6160
6160
6159
6158
6157
6157
6153
6151
6150
6150
6150
6150
6150
6148
6148
6148
6147
6146
6144
6143
6140
6138
6135
6130
6130
6130
6129
6128
6124
6124
6123
6122
6119
6119
6118
6117
6117
6116
6116
6115
6114
6114
6113
6113
6110
6108
6107
6106
6105
6101
6100
6098
6098
6098
6093
6092
6092
6092
6092
6092
6092
6090
6090
6088
6088
6088
6087
6086
6085
6082
6080
6078
6077
6076
6075
6074
6071
6070
6070
6067
6067
6064
6064
6063
6063
6062
6061
6060
6059
6058
6056
6054
6052
6052
6052
6051
6047
6047
6046
6045
6044
6043
6043
6042
6042
6041
6040
6037
6036
6034
6032
6031
6026
6024
6023
6023
6022
6021
6021
6020
6020
6019
6018
6016
6015
6015
6013
6011
6008
6007
6005
6004
6002
6002
6000
5999
5998
5997
5997
5996
5996
5995
5993
5993
5991
5990
5990
5989
5989
5989
5987
5987
5987
5985
5985
5985
5984
5984
5981
5981
5980
5979
5978
5977
5977
5976
5976
5975
5974
5974
5973
5973
5971
5970
5970
5970
5970
5970
5969
5966
5966
5966
5965
5964
5959
5959
5959
5957
5956
5956
5955
5954
5953
5952
5951
5951
5951
5950
5949
5948
5945
5945
5943
5943
5943
5939
5939
5939
5938
5938
5936
5935
5935
5933
5933
5932
5931
5930
5923
5922
5921
5918
5917
5917
5916
5916
5914
5914
5913
5913
5912
5910
5909
5909
5908
5906
5906
5904
5903
5901
5901
5901
5900
5899
5899
5898
5898
5897
5896
5894
5893
5893
5893
5893
5890
5890
5889
5889
5889
5888
5888
5888
5886
5885
5883
5881
5880
5880
5879
5878
5877
5877
5876
5875
5874
5873
5872
5870
5870
5866
5862
5861
5860
5859
5858
5858
5856
5856
5853
5851
5851
5849
5848
5847
5846
5846
5845
5844
5843
5842
5842
5841
5841
5839
5838
5838
5837
5836
5835
5835
5832
5832
5831
5829
5826
5825
5824
5824
5823
5822
5821
5820
5820
5818
5817
5816
5816
5815
5812
5811
5811
5811
5809
5809
5806
5806
5805
5805
5803
5801
5799
5798
5797
5797
5797
5796
5796
5796
5795
5794
5794
5792
5790
5789
5788
5787
5787
5787
5786
5783
5781
5778
5778
5777
5775
5775
5774
5774
5773
5773
5772
5771
5770
5769
5765
5765
5765
5764
5763
5762
5761
5758
5757
5755
5754
5753
5753
5752
5752
5752
5751
5749
5749
5748
5747
5744
5742
5739
5737
5735
5733
5729
5729
5729
5729
5728
5728
5727
5727
5725
5723
5720
5720
5720
5720
5719
5716
5716
5716
5709
5708
5708
5706
5706
5706
5704
5702
5702
5702
5701
5701
5701
5701
5697
5697
5693
5693
5692
5688
5688
5686
5686
5684
5682
5681
5681
5681
5680
5679
5679
5678
5678
5677
5675
5675
5675
5674
5674
5673
5671
5671
5671
5670
5670
5670
5670
5669
5669
5668
5667
5666
5665
5663
5663
5661
5659
5657
5657
5657
5657
5654
5652
5651
5651
5651
5649
5649
5648
5648
5647
5645
5643
5641
5641
5640
5639
5638
5636
5636
5634
5633
5631
5631
5630
5630
5629
5627
5627
5625
5624
5623
5622
5621
5620
5620
5620
5619
5619
5618
5618
5617
5616
5615
5615
5611
5610
5609
5608
5606
5606
5606
5605
5602
5596
5595
5595
5593
5592
5591
5588
5586
5586
5584
5581
5581
5581
5578
5576
5574
5573
5572
5571
5571
5571
5570
5569
5569
5566
5566
5565
5560
5559
5559
5555
5555
5555
5555
5555
5551
5551
5550
5544
5539
5539
5538
5537
5536
5536
5536
5535
5535
5534
5534
5534
5532
5532
5532
5531
5527
5525
5525
5524
5522
5520
5520
5520
5519
5519
5519
5518
5517
5516
5516
5515
5514
5513
5513
5513
5512
5511
5510
5507
5507
5506
5504
5503
5503
5501
5501
5500
5500
5500
5500
5500
5500
5500
5499
5498
5497
5494
5493
5491
5490
5489
5489
5487
5487
5486
5486
5484
5484
5483
5483
5482
5482
5481
5481
5480
5480
5473
5472
5472
5471
5470
5470
5470
5469
5468
5468
5467
5464
5464
5463
5463
5462
5461
5461
5461
5457
5456
5456
5454
5454
5452
5452
5451
5450
5450
5449
5446
5442
5442
5441
5441
5440
5440
5439
5438
5437
5437
5434
5434
5433
5431
5429
5426
5424
5420
5419
5419
5419
5418
5418
5418
5417
5417
5417
5415
5414
5414
5412
5412
5411
5410
5410
5407
5405
5404
5403
5402
5401
5399
5399
5397
5396
5394
5394
5393
5393
5392
5389
5389
5389
5386
5383
5383
5378
5376
5375
5375
5375
5374
5374
5374
5372
5370
5370
5369
5368
5368
5367
5367
5367
5365
5365
5364
5361
5361
5360
5360
5359
5357
5357
5355
5355
5353
5352
5351
5348
5347
5347
5346
5345
5344
5344
5343
5343
5343
5340
5340
5338
5338
5334
5333
5332
5331
5331
5330
5327
5326
5326
5325
5325
5322
5322
5321
5320
5320
5320
5318
5317
5317
5317
5316
5315
5314
5313
5311
5311
5310
5309
5309
5309
5306
5304
5303
5302
5298
5298
5298
5296
5295
5294
5293
5292
5292
5290
5289
5289
5289
5286
5286
5285
5285
5285
5285
5284
5284
5284
5284
5283
5281
5281
5280
5280
5278
5278
5277
5277
5273
5273
5273
5272
5272
5271
5270
5269
5269
5268
5268
5266
5265
5265
5263
5263
5263
5261
5260
5259
5259
5257
5257
5256
5254
5254
5253
5251
5249
5249
5247
5247
5247
5247
5245
5243
5242
5242
5242
5241
5240
5240
5240
5235
5235
5235
5234
5234
5233
5233
5233
5231
5230
5228
5228
5228
5226
5226
5225
5225
5223
5217
5217
5217
5217
5216
5211
5209
5209
5209
5208
5207
5206
5205
5205
5204
5204
5202
5202
5199
5197
5194
5194
5194
5191
5189
5187
5186
5186
5185
5185
5184
5181
5181
5179
5179
5178
5178
5177
5177
5176
5175
5174
5173
5170
5169
5168
5168
5167
5167
5167
5166
5166
5163
5163
5161
5158
5157
5157
5156
5155
5155
5153
5152
5151
5149
5148
5147
5146
5145
5144
5144
5142
5141
5138
5138
5136
5135
5135
5131
5128
5127
5127
5127
5126
5125
5123
5123
5123
5121
5121
5120
5118
5117
5117
5116
5114
5112
5112
5111
5110
5109
5109
5109
5108
5108
5107
5103
5101
5100
5099
5099
5098
5098
5097
5095
5095
5094
5094
5091
5090
5088
5088
5087
5086
5084
5082
5080
5078
5077
5077
5070
5070
5070
5070
5069
5069
5068
5065
5064
5064
5063
5062
5062
5059
5059
5058
5056
5056
5056
5056
5052
5048
5046
5046
5043
5043
5042
5041
5039
5039
5038
5037
5036
5035
5032
5032
5032
5032
5031
5030
5030
5028
5028
5026
5025
5025
5024
5024
5024
5023
5023
5021
5021
5020
5020
5019
5017
5015
5012
5012
5011
5009
5007
5005
5004
5003
5001
5001
5000
5000
4999
4999
4998
4998
4997
4997
4996
4996
4996
4996
4996
4993
4990
4990
4990
4989
4989
4984
4983
4983
4982
4982
4981
4981
4978
4978
4978
4976
4976
4976
4972
4972
4970
4969
4969
4968
4966
4966
4964
4964
4964
4962
4961
4961
4959
4957
4957
4957
4956
4955
4954
4953
4953
4952
4949
4948
4947
4947
4946
4946
4943
4942
4942
4942
4941
4941
4941
4940
4939
4939
4938
4937
4937
4936
4934
4933
4933
4931
4928
4926
4924
4923
4922
4921
4921
4920
4920
4920
4919
4917
4915
4914
4914
4914
4913
4913
4912
4908
4907
4907
4904
4904
4903
4903
4901
4900
4900
4899
4899
4898
4897
4896
4895
4894
4894
4893
4892
4892
4892
4891
4891
4891
4889
4886
4884
4882
4882
4880
4880
4880
4880
4879
4878
4875
4872
4870
4869
4869
4869
4869
4868
4868
4867
4866
4866
4866
4865
4864
4861
4859
4859
4858
4858
4857
4854
4853
4852
4851
4849
4849
4847
4847
4846
4845
4844
4844
4843
4842
4842
4841
4841
4841
4840
4840
4839
4838
4837
4833
4833
4832
4832
4831
4831
4829
4828
4826
4825
4823
4823
4822
4820
4820
4819
4818
4818
4817
4817
4815
4814
4814
4814
4813
4812
4812
4811
4811
4811
4809
4807
4807
4806
4805
4800
4799
4799
4798
4798
4798
4797
4796
4796
4796
4795
4793
4791
4791
4790
4787
4787
4785
4784
4783
4782
4781
4780
4778
4778
4778
4777
4776
4776
4776
4776
4775
4775
4773
4771
4770
4770
4770
4769
4768
4767
4766
4763
4761
4761
4760
4757
4756
4756
4755
4753
4753
4752
4751
4751
4751
4750
4750
4749
4749
4746
4743
4742
4742
4741
4741
4739
4738
4738
4737
4737
4737
4736
4736
4736
4735
4735
4734
4733
4732
4732
4732
4731
4729
4729
4728
4727
4727
4724
4721
4720
4719
4719
4717
4714
4713
4712
4712
4711
4710
4710
4707
4706
4706
4705
4704
4702
4701
4701
4700
4700
4700
4700
4699
4695
4693
4691
4691
4690
4690
4688
4687
4687
4686
4686
4685
4684
4683
4683
4681
4680
4680
4679
4679
4678
4676
4676
4676
4675
4674
4673
4672
4671
4669
4668
4668
4667
4667
4665
4665
4664
4663
4663
4663
4663
4662
4662
4660
4660
4657
4657
4655
4653
4653
4652
4651
4651
4651
4648
4647
4647
4646
4644
4642
4642
4639
4637
4635
4634
4634
4632
4632
4632
4631
4629
4627
4627
4626
4625
4623
4623
4622
4622
4620
4620
4620
4620
4619
4618
4618
4617
4617
4616
4616
4616
4615
4614
4613
4611
4610
4610
4609
4609
4608
4608
4607
4607
4605
4603
4603
4603
4602
4602
4600
4599
4599
4598
4596
4596
4595
4594
4594
4594
4593
4593
4591
4590
4589
4588
4587
4585
4583
4583
4580
4580
4580
4579
4578
4577
4576
4576
4576
4575
4574
4573
4573
4572
4571
4571
4570
4569
4568
4567
4565
4565
4564
4564
4564
4564
4564
4563
4563
4561
4561
4559
4558
4557
4556
4556
4556
4555
4554
4553
4550
4550
4549
4549
4548
4548
4547
4547
4546
4545
4544
4542
4540
4539
4538
4538
4538
4536
4535
4535
4534
4533
4533
4531
4531
4531
4531
4530
4530
4527
4526
4525
4525
4524
4524
4523
4520
4520
4520
4519
4518
4518
4518
4513
4513
4513
4513
4512
4511
4510
4508
4508
4505
4504
4502
4501
4500
4498
4497
4496
4493
4492
4491
4491
4489
4485
4485
4485
4484
4483
4483
4482
4482
4481
4480
4477
4477
4475
4474
4473
4473
4473
4470
4469
4468
4466
4466
4466
4465
4464
4463
4463
4462
4461
4461
4458
4457
4456
4454
4453
4452
4451
4451
4449
4446
4445
4445
4445
4444
4443
4442
4439
4434
4433
4433
4432
4432
4432
4429
4428
4427
4426
4426
4422
4421
4420
4417
4416
4414
4413
4413
4412
4412
4411
4411
4411
4410
4410
4408
4407
4406
4405
4405
4405
4404
4403
4402
4401
4401
4400
4400
4400
4399
4395
4394
4393
4390
4388
4387
4387
4387
4386
4385
4385
4383
4383
4380
4380
4378
4378
4378
4377
4377
4376
4375
4375
4373
4373
4372
4372
4371
4371
4370
4370
4366
4365
4365
4363
4363
4363
4362
4361
4360
4360
4359
4358
4358
4358
4357
4357
4353
4353
4352
4352
4351
4350
4350
4349
4347
4346
4346
4343
4343
4340
4340
4339
4336
4335
4334
4332
4332
4330
4330
4328
4326
4326
4324
4322
4322
4322
4321
4320
4320
4317
4317
4317
4315
4315
4314
4314
4313
4312
4312
4309
4309
4309
4308
4307
4306
4304
4302
4300
4300
4299
4299
4295
4295
4293
4292
4292
4292
4291
4290
4289
4288
4288
4287
4285
4285
4284
4280
4278
4277
4276
4276
4275
4275
4275
4273
4273
4271
4271
4270
4269
4267
4265
4263
4262
4262
4262
4262
4259
4258
4258
4256
4255
4255
4253
4253
4252
4252
4251
4250
4249
4248
4247
4245
4245
4244
4244
4243
4241
4241
4240
4240
4238
4238
4236
4234
4233
4232
4232
4230
4229
4229
4228
4228
4228
4227
4227
4225
4225
4224
4223
4222
4220
4218
4217
4216
4216
4215
4215
4215
4212
4212
4212
4211
4211
4209
4207
4207
4206
4205
4205
4204
4202
4202
4197
4197
4196
4196
4195
4193
4192
4191
4191
4190
4188
4188
4187
4187
4185
4184
4183
4182
4182
4181
4181
4178
4178
4177
4176
4175
4175
4173
4172
4172
4171
4170
4170
4169
4169
4165
4164
4162
4161
4161
4160
4159
4158
4158
4156
4152
4152
4151
4150
4149
4148
4145
4144
4142
4141
4141
4141
4140
4134
4134
4133
4133
4132
4132
4128
4127
4126
4124
4123
4122
4122
4122
4121
4121
4120
4120
4120
4119
4119
4118
4117
4115
4115
4115
4114
4114
4113
4112
4111
4110
4109
4109
4107
4105
4103
4103
4102
4102
4101
4100
4099
4099
4099
4098
4098
4097
4097
4097
4096
4095
4094
4094
4093
4093
4092
4089
4087
4087
4086
4085
4084
4083
4083
4082
4082
4081
4079
4079
4079
4078
4077
4076
4074
4074
4074
4074
4072
4069
4069
4068
4067
4067
4067
4066
4063
4063
4062
4060
4060
4059
4059
4058
4057
4057
4056
4056
4053
4053
4052
4052
4051
4050
4050
4050
4049
4049
4048
4043
4042
4042
4041
4040
4038
4036
4035
4035
4035
4032
4031
4031
4030
4026
4025
4024
4023
4023
4022
4022
4021
4021
4021
4020
4017
4017
4015
4013
4013
4013
4012
4009
4008
4005
4005
4003
4003
4001
4000
4000
4000
3997
3997
3997
3997
3997
3997
3994
3992
3992
3991
3991
3991
3990
3990
3989
3987
3985
3984
3982
3982
3982
3981
3981
3979
3979
3978
3976
3973
3972
3971
3971
3967
3966
3966
3961
3961
3961
3960
3958
3958
3958
3956
3956
3956
3956
3956
3954
3954
3954
3952
3948
3948
3947
3946
3946
3945
3944
3943
3942
3942
3942
3941
3941
3941
3937
3936
3935
3934
3933
3925
3924
3924
3923
3921
3919
3919
3918
3917
3917
3916
3915
3915
3915
3915
3914
3913
3912
3912
3912
3912
3910
3910
3909
3909
3908
3907
3905
3903
3902
3902
3901
3900
3899
3899
3897
3897
3896
3896
3895
3895
3895
3894
3894
3894
3892
3892
3892
3890
3888
3888
3887
3886
3884
3882
3881
3880
3880
3880
3876
3874
3873
3873
3870
3867
3866
3865
3863
3861
3861
3861
3861
3860
3858
3858
3855
3854
3854
3853
3852
3851
3851
3851
3850
3850
3850
3849
3848
3848
3845
3843
3842
3841
3840
3839
3837
3832
3832
3831
3830
3830
3829
3829
3828
3827
3826
3823
3823
3822
3822
3821
3820
3820
3819
3818
3816
3814
3814
3810
3809
3807
3807
3807
3806
3806
3804
3802
3801
3799
3799
3797
3796
3795
3793
3793
3792
3792
3791
3791
3790
3789
3786
3786
3785
3785
3784
3780
3777
3777
3777
3776
3776
3774
3773
3771
3771
3768
3768
3768
3766
3763
3761
3760
3759
3759
3759
3756
3755
3754
3754
3753
3752
3751
3751
3751
3751
3750
3749
3748
3748
3747
3747
3746
3745
3745
3745
3744
3743
3743
3742
3742
3742
3742
3741
3740
3737
3735
3733
3733
3732
3731
3730
3729
3729
3728
3727
3725
3725
3725
3723
3721
3720
3720
3720
3718
3718
3718
3718
3717
3717
3716
3715
3715
3713
3713
3713
3713
3710
3708
3707
3707
3705
3704
3703
3702
3702
3700
3698
3698
3698
3696
3695
3693
3693
3691
3690
3690
3685
3685
3684
3684
3684
3682
3682
3681
3680
3679
3678
3677
3674
3674
3673
3671
3671
3671
3670
3670
3669
3669
3669
3668
3667
3667
3666
3666
3665
3665
3665
3664
3663
3662
3662
3661
3661
3659
3658
3658
3657
3657
3656
3656
3655
3654
3653
3653
3652
3652
3652
3649
3649
3648
3646
3646
3644
3642
3641
3641
3641
3641
3637
3637
3636
3635
3634
3634
3633
3629
3629
3627
3626
3623
3623
3622
3621
3620
3618
3617
3616
3616
3615
3614
3614
3612
3612
3612
3611
3610
3608
3608
3608
3607
3606
3605
3605
3604
3603
3600
3599
3598
3597
3595
3594
3591
3590
3587
3585
3583
3582
3581
3579
3578
3577
3576
3576
3575
3575
3575
3575
3574
3573
3572
3572
3572
3571
3569
3567
3567
3566
3566
3566
3566
3565
3562
3562
3560
3558
3556
3556
3556
3554
3551
3550
3550
3549
3549
3548
3547
3545
3543
3543
3543
3543
3542
3540
3537
3537
3537
3534
3534
3532
3531
3530
3529
3529
3528
3527
3527
3525
3523
3523
3521
3520
3519
3517
3516
3516
3515
3512
3510
3509
3509
3507
3505
3504
3502
3500
3499
3496
3496
3491
3491
3488
3488
3487
3487
3486
3485
3484
3483
3483
3482
3482
3482
3482
3479
3479
3477
3477
3476
3476
3473
3472
3472
3471
3471
3471
3471
3470
3470
3470
3470
3469
3469
3468
3467
3467
3465
3465
3465
3465
3462
3462
3462
3461
3461
3460
3457
3457
3457
3456
3456
3455
3455
3455
3454
3454
3453
3452
3451
3451
3449
3446
3446
3445
3444
3444
3443
3440
3439
3438
3434
3434
3433
3432
3431
3430
3430
3429
3429
3429
3429
3428
3428
3428
3427
3427
3420
3417
3416
3416
3415
3415
3413
3413
3412
3412
3411
3411
3411
3409
3407
3403
3402
3401
3401
3400
3397
3397
3397
3393
3391
3391
3390
3390
3388
3388
3387
3387
3387
3386
3386
3384
3383
3382
3382
3382
3381
3381
3381
3379
3378
3377
3377
3375
3374
3374
3374
3374
3373
3372
3370
3370
3369
3367
3365
3365
3363
3362
3361
3360
3357
3356
3355
3352
3352
3350
3349
3349
3348
3348
3347
3346
3346
3345
3345
3345
3344
3343
3342
3340
3340
3338
3335
3332
3331
3331
3331
3330
3328
3328
3327
3326
3326
3326
3326
3325
3325
3324
3323
3321
3319
3319
3317
3317
3315
3313
3313
3312
3311
3306
3306
3305
3303
3303
3302
3301
3301
3300
3299
3298
3297
3296
3296
3295
3295
3294
3293
3293
3292
3289
3285
3284
3283
3283
3281
3281
3279
3275
3274
3274
3273
3272
3271
3271
3270
3270
3269
3269
3269
3265
3265
3265
3264
3264
3261
3261
3260
3259
3258
3258
3257
3256
3255
3254
3251
3246
3246
3245
3244
3243
3240
3240
3235
3230
3229
3229
3229
3229
3225
3224
3223
3223
3223
3222
3222
3222
3221
3221
3220
3219
3219
3219
3218
3217
3217
3217
3215
3214
3214
3214
3213
3213
3213
3213
3212
3211
3211
3211
3210
3210
3208
3208
3207
3207
3206
3204
3202
3201
3201
3201
3200
3199
3197
3196
3194
3194
3190
3188
3188
3188
3187
3187
3185
3184
3183
3183
3181
3181
3181
3180
3178
3178
3177
3175
3175
3174
3174
3173
3172
3172
3170
3170
3169
3168
3167
3165
3165
3165
3164
3164
3164
3164
3159
3158
3155
3154
3151
3151
3151
3149
3148
3147
3146
3145
3143
3143
3142
3139
3138
3138
3137
3137
3137
3137
3136
3136
3135
3134
3132
3131
3131
3126
3124
3124
3121
3121
3121
3119
3117
3115
3114
3113
3113
3112
3112
3108
3108
3107
3107
3104
3101
3100
3099
3099
3098
3097
3096
3096
3096
3094
3092
3092
3092
3090
3090
3088
3088
3087
3085
3082
3082
3082
3081
3080
3079
3078
3078
3075
3075
3075
3074
3072
3071
3069
3069
3068
3067
3066
3063
3061
3061
3061
3058
3056
3055
3054
3053
3053
3050
3049
3045
3045
3045
3044
3043
3042
3041
3040
3040
3039
3038
3038
3038
3037
3035
3035
3034
3033
3033
3030
3028
3027
3025
3025
3025
3023
3023
3022
3022
3019
3019
3019
3019
3018
3017
3017
3016
3016
3016
3014
3012
3012
3007
3007
3007
3004
3003
3003
3002
3002
3001
3001
3000
3000
2996
2996
2995
2995
2994
2994
2992
2991
2991
2990
2990
2989
2989
2989
2989
2988
2987
2986
2985
2985
2984
2984
2982
2980
2977
2977
2976
2976
2976
2974
2972
2972
2971
2971
2971
2971
2970
2967
2967
2967
2964
2963
2962
2961
2960
2959
2954
2954
2954
2954
2953
2953
2951
2951
2951
2950
2946
2945
2943
2943
2942
2942
2942
2941
2940
2939
2937
2935
2935
2933
2932
2931
2930
2927
2927
2927
2925
2925
2925
2924
2924
2923
2921
2921
2921
2918
2918
2918
2918
2917
2916
2916
2916
2914
2914
2913
2912
2911
2911
2909
2909
2908
2908
2907
2906
2904
2903
2903
2902
2901
2901
2900
2900
2900
2897
2896
2896
2896
2894
2894
2893
2891
2891
2890
2889
2888
2887
2887
2886
2886
2885
2884
2882
2880
2879
2879
2879
2878
2878
2878
2877
2877
2875
2874
2873
2873
2873
2873
2871
2871
2866
2865
2864
2864
2863
2859
2859
2858
2858
2857
2856
2854
2854
2853
2853
2852
2852
2852
2850
2849
2849
2848
2846
2846
2844
2844
2843
2843
2841
2841
2839
2837
2837
2837
2835
2834
2833
2832
2832
2829
2826
2826
2826
2826
2826
2826
2822
2822
2821
2819
2819
2819
2819
2818
2817
2815
2813
2813
2812
2811
2809
2809
2808
2806
2806
2805
2804
2804
2803
2802
2800
2800
2799
2799
2799
2797
2797
2796
2795
2793
2793
2792
2790
2790
2788
2787
2787
2787
2786
2783
2783
2775
2774
2773
2773
2772
2772
2771
2771
2770
2769
2768
2768
2766
2766
2766
2765
2764
2762
2760
2760
2759
2758
2753
2752
2751
2750
2749
2748
2748
2748
2748
2748
2746
2744
2743
2743
2738
2737
2735
2734
2734
2734
2733
2733
2732
2731
2728
2727
2727
2726
2725
2724
2721
2721
2721
2721
2718
2717
2716
2716
2716
2715
2715
2713
2713
2711
2709
2706
2705
2704
2704
2704
2704
2702
2701
2700
2700
2699
2699
2699
2698
2696
2696
2692
2692
2689
2688
2685
2684
2683
2683
2682
2682
2682
2681
2680
2679
2678
2677
2677
2675
2674
2673
2668
2667
2667
2666
2666
2666
2665
2664
2663
2662
2661
2661
2659
2658
2656
2656
2654
2652
2650
2650
2647
2646
2643
2642
2641
2640
2640
2640
2638
2638
2638
2637
2636
2634
2633
2633
2632
2631
2631
2630
2629
2628
2627
2626
2626
2626
2623
2621
2621
2621
2621
2620
2620
2619
2619
2619
2618
2618
2616
2616
2616
2614
2613
2611
2611
2610
2610
2606
2606
2606
2605
2605
2604
2604
2603
2601
2601
2600
2599
2598
2597
2597
2596
2595
2594
2594
2594
2593
2593
2591
2589
2588
2588
2587
2585
2584
2582
2580
2579
2578
2577
2577
2576
2576
2576
2575
2575
2575
2574
2570
2569
2568
2565
2563
2563
2563
2562
2561
2561
2560
2556
2556
2555
2554
2554
2553
2552
2552
2551
2551
2550
2548
2544
2541
2538
2536
2535
2535
2534
2533
2532
2531
2531
2530
2530
2529
2528
2528
2527
2526
2525
2525
2523
2518
2517
2517
2514
2514
2507
2507
2507
2506
2505
2504
2502
2502
2501
2501
2500
2500
2500
2499
2499
2498
2498
2496
2494
2494
2493
2493
2491
2488
2487
2487
2486
2486
2480
2479
2478
2476
2476
2475
2473
2472
2472
2471
2471
2471
2469
2468
2466
2465
2464
2464
2463
2463
2463
2461
2459
2458
2457
2456
2456
2455
2455
2454
2454
2453
2451
2450
2449
2447
2447
2446
2445
2443
2441
2441
2439
2437
2437
2436
2436
2434
2434
2434
2433
2432
2432
2431
2431
2431
2429
2427
2427
2425
2424
2423
2422
2418
2418
2417
2416
2416
2416
2415
2414
2414
2414
2412
2411
2410
2409
2407
2406
2405
2404
2404
2403
2403
2402
2402
2402
2401
2398
2397
2395
2395
2394
2393
2393
2392
2392
2392
2392
2392
2391
2389
2389
2389
2388
2387
2387
2382
2382
2381
2381
2380
2380
2380
2380
2375
2375
2375
2375
2373
2372
2371
2370
2370
2370
2369
2369
2369
2368
2368
2366
2366
2363
2363
2363
2362
2362
2362
2362
2361
2361
2359
2357
2356
2356
2355
2355
2353
2352
2352
2352
2348
2348
2346
2344
2344
2343
2343
2342
2342
2341
2339
2338
2338
2334
2333
2332
2331
2330
2330
2329
2329
2327
2326
2325
2324
2324
2323
2323
2323
2322
2322
2320
2319
2317
2315
2314
2314
2314
2312
2311
2311
2311
2308
2307
2307
2306
2306
2305
2305
2302
2299
2296
2296
2296
2293
2290
2289
2288
2288
2287
2285
2284
2283
2283
2282
2280
2274
2273
2273
2272
2271
2271
2270
2270
2270
2270
2269
2269
2268
2264
2264
2263
2263
2257
2256
2255
2254
2251
2250
2248
2248
2247
2246
2244
2243
2242
2242
2242
2240
2240
2238
2237
2237
2236
2236
2235
2235
2234
2234
2233
2233
2232
2231
2230
2228
2228
2227
2225
2224
2223
2222
2222
2219
2218
2218
2217
2217
2216
2216
2214
2213
2209
2209
2208
2208
2208
2208
2207
2205
2201
2201
2201
2201
2199
2199
2198
2197
2197
2196
2196
2195
2195
2194
2189
2185
2183
2181
2179
2179
2178
2178
2176
2174
2174
2173
2173
2170
2169
2167
2163
2161
2160
2159
2159
2159
2158
2153
2151
2150
2148
2148
2147
2147
2146
2145
2143
2140
2140
2140
2138
2138
2135
2135
2134
2131
2131
2131
2130
2129
2127
2126
2124
2122
2122
2122
2122
2122
2122
2121
2121
2118
2117
2116
2116
2115
2113
2112
2112
2111
2109
2109
2109
2109
2108
2107
2105
2105
2104
2100
2100
2099
2099
2098
2098
2096
2096
2095
2095
2094
2093
2092
2091
2091
2090
2089
2088
2087
2085
2083
2082
2077
2077
2076
2076
2075
2074
2073
2072
2070
2069
2067
2065
2064
2064
2061
2060
2059
2059
2058
2055
2053
2052
2051
2050
2048
2047
2045
2044
2043
2042
2042
2040
2039
2039
2039
2038
2037
2037
2036
2034
2030
2029
2029
2028
2028
2027
2026
2024
2021
2021
2018
2016
2016
2015
2014
2013
2005
2004
2003
2003
2002
1999
1999
1998
1997
1994
1992
1992
1990
1989
1989
1988
1988
1988
1985
1984
1984
1984
1984
1984
1983
1982
1980
1979
1979
1978
1977
1977
1976
1976
1974
1974
1974
1972
1972
1971
1971
1970
1970
1970
1967
1965
1965
1964
1962
1962
1961
1961
1961
1959
1958
1957
1957
1954
1951
1951
1950
1950
1949
1946
1945
1944
1942
1942
1941
1941
1941
1940
1940
1939
1939
1938
1934
1933
1931
1929
1929
1928
1927
1927
1927
1927
1927
1925
1924
1923
1922
1922
1921
1920
1920
1920
1919
1918
1918
1917
1916
1916
1915
1915
1914
1912
1911
1909
1909
1906
1906
1905
1902
1902
1900
1899
1898
1898
1897
1897
1896
1895
1895
1894
1893
1892
1890
1890
1889
1889
1887
1887
1885
1882
1882
1881
1879
1877
1877
1876
1876
1875
1873
1872
1872
1871
1871
1870
1869
1868
1867
1867
1866
1866
1865
1862
1862
1861
1860
1860
1857
1856
1856
1855
1854
1854
1853
1852
1852
1852
1852
1852
1849
1849
1849
1849
1849
1848
1847
1847
1847
1846
1846
1845
1842
1842
1840
1839
1838
1838
1837
1835
1833
1833
1831
1830
1829
1828
1824
1824
1824
1824
1823
1823
1819
1819
1818
1818
1817
1817
1817
1816
1815
1813
1813
1811
1811
1810
1810
1808
1806
1806
1806
1805
1804
1804
1804
1802
1799
1799
1798
1796
1796
1793
1791
1791
1791
1791
1790
1789
1789
1787
1787
1787
1787
1787
1786
1784
1783
1779
1776
1774
1773
1772
1772
1769
1769
1768
1768
1767
1766
1765
1764
1764
1764
1763
1762
1761
1760
1759
1758
1757
1755
1755
1754
1753
1753
1752
1751
1750
1750
1749
1749
1748
1747
1747
1747
1746
1745
1744
1741
1740
1739
1739
1738
1736
1736
1735
1735
1734
1734
1733
1733
1733
1733
1731
1731
1731
1730
1729
1729
1728
1727
1727
1727
1726
1722
1722
1721
1720
1720
1720
1719
1718
1717
1715
1713
1712
1711
1710
1708
1707
1707
1704
1703
1701
1700
1699
1699
1696
1694
1692
1690
1689
1687
1686
1685
1683
1683
1683
1682
1678
1678
1677
1677
1671
1671
1670
1669
1668
1668
1668
1663
1663
1663
1662
1662
1659
1658
1657
1657
1656
1655
1652
1651
1649
1648
1648
1646
1646
1646
1646
1646
1643
1642
1641
1641
1641
1641
1639
1637
1636
1635
1635
1634
1634
1634
1632
1630
1630
1628
1628
1627
1626
1626
1626
1625
1621
1621
1618
1618
1617
1616
1616
1616
1614
1614
1612
1612
1612
1611
1609
1608
1607
1607
1607
1604
1603
1603
1603
1603
1599
1599
1597
1597
1595
1594
1594
1593
1593
1592
1591
1591
1590
1589
1588
1587
1587
1587
1586
1585
1584
1583
1582
1582
1581
1579
1578
1577
1575
1575
1573
1573
1572
1570
1570
1569
1568
1566
1566
1563
1562
1560
1560
1559
1559
1559
1558
1557
1556
1555
1554
1551
1550
1549
1548
1546
1545
1544
1544
1543
1543
1542
1540
1539
1539
1539
1536
1536
1536
1535
1534
1533
1531
1531
1530
1527
1527
1526
1525
1525
1525
1525
1524
1523
1520
1519
1518
1518
1517
1515
1513
1512
1511
1511
1509
1508
1508
1507
1506
1506
1505
1505
1500
1500
1499
1497
1496
1495
1494
1494
1494
1494
1493
1492
1492
1491
1491
1486
1486
1486
1486
1486
1484
1482
1480
1479
1479
1478
1478
1476
1474
1472
1471
1470
1470
1469
1469
1468
1467
1465
1465
1463
1463
1463
1463
1460
1459
1459
1458
1456
1452
1452
1451
1451
1451
1448
1446
1444
1443
1443
1442
1440
1435
1434
1434
1434
1433
1429
1429
1428
1428
1427
1427
1426
1426
1425
1425
1424
1424
1421
1420
1418
1417
1417
1416
1413
1412
1412
1412
1408
1406
1405
1404
1404
1403
1401
1400
1399
1398
1397
1397
1396
1395
1394
1393
1393
1392
1392
1392
1391
1391
1390
1389
1389
1387
1387
1387
1384
1384
1384
1382
1382
1381
1380
1380
1376
1376
1376
1375
1373
1372
1371
1371
1366
1365
1364
1363
1363
1359
1358
1357
1356
1356
1356
1355
1355
1353
1353
1350
1350
1349
1349
1348
1347
1345
1345
1344
1343
1343
1342
1341
1339
1338
1337
1337
1333
1332
1330
1330
1330
1329
1329
1329
1328
1323
1319
1318
1318
1318
1316
1315
1309
1309
1309
1307
1307
1306
1304
1302
1302
1302
1301
1300
1298
1298
1294
1293
1293
1292
1290
1287
1287
1285
1285
1284
1284
1284
1284
1282
1280
1276
1273
1272
1271
1269
1269
1269
1268
1268
1267
1266
1266
1265
1265
1265
1263
1262
1258
1258
1257
1254
1253
1252
1251
1251
1248
1246
1246
1242
1242
1242
1241
1238
1237
1237
1236
1236
1235
1234
1232
1232
1232
1230
1230
1229
1228
1227
1226
1226
1225
1225
1223
1221
1219
1218
1218
1218
1217
1216
1216
1216
1215
1215
1215
1212
1212
1211
1211
1210
1210
1210
1209
1208
1208
1207
1207
1205
1203
1200
1200
1199
1195
1195
1195
1194
1194
1194
1194
1194
1194
1192
1191
1190
1190
1189
1188
1186
1184
1182
1182
1182
1179
1178
1176
1173
1173
1172
1172
1172
1170
1169
1169
1167
1166
1166
1165
1164
1163
1162
1161
1158
1154
1153
1152
1149
1149
1147
1147
1144
1144
1144
1143
1143
1142
1141
1141
1140
1139
1139
1138
1137
1136
1134
1134
1132
1131
1131
1130
1130
1130
1129
1128
1128
1128
1127
1124
1122
1121
1120
1117
1115
1114
1114
1113
1113
1113
1110
1109
1106
1106
1102
1100
1100
1099
1095
1094
1093
1093
1093
1092
1089
1089
1087
1085
1083
1083
1083
1082
1081
1081
1081
1081
1080
1080
1079
1078
1077
1076
1076
1076
1075
1073
1072
1072
1071
1071
1070
1070
1069
1068
1067
1065
1063
1062
1062
1061
1060
1060
1060
1059
1057
1050
1048
1047
1047
1045
1045
1045
1045
1045
1045
1044
1044
1044
1041
1039
1038
1037
1036
1035
1034
1034
1032
1031
1030
1028
1027
1027
1026
1026
1025
1025
1024
1023
1023
1021
1020
1019
1018
1017
1016
1016
1015
1015
1014
1010
1008
1008
1006
1005
1005
1005
1004
1003
1002
1001
1001
999
999
998
998
998
995
995
994
994
993
993
992
991
991
990
988
987
987
987
986
986
985
984
983
982
982
979
979
978
977
977
973
973
972
971
971
969
968
967
967
965
963
960
957
956
955
955
952
951
948
948
946
943
942
942
940
939
937
936
935
934
934
933
933
931
931
930
930
929
929
927
927
925
925
925
924
924
923
917
917
917
916
916
915
914
914
913
913
913
912
911
909
909
909
906
906
906
906
905
904
904
903
902
901
900
899
899
898
898
897
897
893
892
887
886
886
884
884
884
884
884
883
882
880
878
878
877
877
876
876
874
874
874
873
873
872
872
870
868
867
866
866
866
866
865
865
865
864
864
863
862
862
861
861
861
858
855
854
853
851
851
847
847
847
846
846
845
844
843
842
842
840
839
839
838
838
838
836
834
834
832
831
829
829
827
826
825
824
824
824
823
821
821
819
819
818
816
815
814
813
812
811
809
807
807
806
804
803
803
802
801
800
796
796
795
795
793
793
793
790
790
790
788
788
788
787
784
782
782
782
782
782
781
781
780
780
780
779
779
778
777
776
775
773
770
769
768
768
768
766
766
764
763
763
762
760
759
759
758
757
756
756
754
754
753
752
751
750
749
747
746
746
745
744
741
739
739
738
738
736
733
731
730
730
726
726
726
724
723
723
722
721
719
718
718
717
716
715
713
712
711
711
710
710
710
708
707
706
705
704
703
703
703
700
699
699
698
698
698
697
696
695
695
694
692
692
691
690
690
688
687
685
685
684
683
683
683
682
680
680
680
679
679
679
679
676
675
675
672
670
670
669
668
667
666
661
659
656
654
654
652
649
648
648
647
646
646
646
644
642
641
641
640
640
639
638
633
633
631
631
629
627
626
625
625
624
622
622
622
621
621
620
619
619
619
617
617
617
615
614
613
612
612
612
611
611
608
608
608
607
607
607
607
605
604
602
602
602
601
601
601
600
600
599
598
597
597
596
595
594
594
594
593
591
591
590
590
587
587
586
583
580
580
579
578
578
577
577
577
577
575
572
568
567
567
566
566
565
563
560
560
560
559
558
557
554
554
553
552
550
549
548
545
545
543
542
541
541
539
536
535
535
535
534
533
532
532
530
527
526
523
523
522
522
522
522
520
518
518
517
517
515
515
515
514
513
511
511
510
508
506
506
506
506
506
504
502
499
496
495
493
493
492
491
490
489
489
488
487
485
485
484
484
484
483
483
480
479
479
479
478
478
474
474
474
472
471
469
466
466
466
466
466
466
465
464
461
460
459
458
458
457
457
457
453
452
451
451
451
449
445
443
443
443
440
436
435
435
435
435
433
433
433
430
429
429
429
427
426
426
424
423
422
420
420
420
420
419
419
416
415
413
412
412
412
409
408
407
407
404
404
401
400
400
400
399
399
397
397
395
395
394
394
393
392
392
392
392
391
391
390
387
387
387
386
386
386
384
383
380
376
375
373
372
372
369
369
368
368
368
368
367
366
366
365
363
363
362
361
359
359
359
358
357
357
356
356
355
355
354
352
351
351
349
349
348
347
346
345
344
343
341
340
339
339
336
334
334
333
332
332
331
331
329
328
328
326
324
323
321
321
319
319
316
315
314
312
311
310
308
308
307
305
304
303
302
301
300
298
297
296
296
296
294
294
290
289
288
286
283
283
283
280
279
277
276
274
274
273
272
272
272
271
271
269
269
268
267
267
267
266
266
266
264
263
263
260
260
258
258
257
257
256
256
255
253
252
252
251
251
250
248
246
246
244
242
242
242
241
241
241
240
239
239
239
238
237
237
236
235
235
235
235
235
233
233
232
231
230
229
227
226
226
226
225
224
224
223
222
221
221
221
215
214
212
210
210
208
207
207
204
203
202
202
202
202
199
198
197
196
196
195
195
194
190
189
189
187
187
186
186
185
184
182
181
179
179
178
177
177
176
175
175
175
175
174
174
173
173
171
169
169
168
168
168
168
167
167
167
165
165
164
164
163
163
161
160
160
159
157
156
154
154
154
154
152
151
151
151
149
148
145
143
142
141
141
140
140
140
140
139
138
138
135
135
134
133
130
130
127
125
125
125
123
123
123
122
122
122
120
119
119
119
118
117
115
114
114
114
112
111
111
111
110
108
107
106
105
104
103
99
98
97
97
96
95
95
94
93
92
89
88
87
87
86
85
82
82
81
81
80
80
79
79
79
78
78
76
74
74
72
70
69
68
67
67
66
65
63
62
62
59
58
58
58
56
55
54
54
53
53
52
52
51
50
50
49
48
46
44
43
42
41
38
38
38
37
37
37
37
36
34
33
33
32
32
32
31
31
30
29
27
27
27
23
21
21
20
20
19
19
18
18
17
17
17
17
15
15
14
12
11
11
10
10
9
8
7
7
6
5
5
5
4
3
1
1
0
0
