9999
9999
9996
9995
9994
9990
9990
9989
9989
9988
9987
9987
9987
9986
9985
9985
9985
9983
9982
9982
9981
9980
9977
9976
9976
9976
9975
9974
9973
9972
9971
9971
9971
9967
9967
9967
9966
9966
9966
9966
9966
9964
9964
9963
9961
9961
9958
9957
9956
9956
9954
9952
9951
9951
9950
9950
9948
9948
9947
9947
9947
9945
9945
9945
9944
9943
9943
9943
9942
9940
9939
9938
9937
9937
9934
9934
9934
9933
9932
9931
9931
9929
9929
9929
9928
9927
9925
9924
9924
9921
9920
9920
9918
9918
9916
9915
9915
9915
9913
9913
9912
9912
9910
9910
9910
9909
9907
9907
9906
9905
9905
9904
9903
9901
9901
9901
9900
9899
9899
9899
9899
9899
9898
9897
9897
9896
9896
9895
9895
9895
9894
9894
9894
9893
9893
9893
9892
9892
9892
9891
9891
9889
9888
9887
9886
9885
9884
9880
9878
9877
9876
9876
9875
9875
9874
9873
9871
9870
9870
9869
9868
9867
9867
9866
9866
9866
9864
9863
9861
9861
9860
9856
9856
9854
9854
9854
9853
9853
9853
9851
9850
9848
9845
9843
9843
9842
9841
9841
9841
9838
9837
9836
9834
9833
9833
9833
9831
9830
9830
9829
9829
9828
9828
9828
9828
9827
9826
9825
9824
9824
9823
9823
9822
9822
9819
9818
9817
9814
9814
9813
9813
9811
9809
9808
9806
9803
9803
9802
9799
9798
9798
9798
9797
9797
9792
9792
9791
9791
9791
9791
9790
9788
9787
9787
9783
9781
9778
9778
9778
9775
9772
9772
9770
9770
9770
9769
9768
9768
9767
9767
9767
9765
9764
9764
9762
9762
9759
9759
9759
9759
9758
9758
9756
9755
9754
9754
9754
9754
9751
9748
9748
9748
9746
9745
9743
9742
9741
9740
9740
9738
9735
9734
9731
9728
9723
9723
9723
9722
9721
9721
9721
9718
9718
9717
9716
9713
9713
9713
9711
9711
9711
9709
9708
9708
9708
9707
9707
9707
9706
9706
9705
9704
9704
9704
9703
9703
9703
9702
9702
9701
9699
9696
9696
9696
9696
9694
9692
9692
9690
9687
9686
9685
9685
9684
9683
9683
9683
9682
9682
9679
9678
9678
9677
9675
9675
9672
9671
9671
9667
9666
9666
9665
9661
9660
9660
9660
9659
9658
9656
9656
9655
9654
9651
9651
9650
9650
9649
9648
9647
9647
9646
9646
9645
9644
9642
9641
9641
9640
9635
9635
9631
9630
9630
9629
9626
9625
9624
9623
9623
9623
9623
9621
9618
9618
9618
9617
9616
9615
9614
9614
9614
9613
9613
9612
9612
9608
9606
9606
9606
9604
9603
9602
9601
9600
9597
9596
9595
9595
9595
9594
9593
9593
9592
9591
9591
9591
9591
9590
9589
9589
9589
9587
9587
9586
9585
9584
9583
9580
9580
9580
9579
9579
9578
9577
9576
9576
9575
9574
9573
9572
9569
9567
9565
9565
9564
9564
9563
9563
9563
9562
9561
9561
9559
9558
9558
9554
9554
9551
9551
9551
9548
9548
9547
9547
9546
9544
9544
9544
9543
9543
9542
9542
9541
9541
9539
9538
9538
9538
9538
9536
9536
9535
9535
9535
9535
9533
9530
9529
9528
9527
9527
9526
9525
9525
9525
9523
9523
9523
9523
9520
9520
9517
9515
9514
9514
9513
9512
9511
9510
9510
9509
9508
9508
9507
9507
9507
9505
9505
9504
9502
9502
9502
9501
9498
9498
9497
9496
9496
9496
9495
9494
9493
9492
9490
9490
9489
9487
9485
9483
9482
9482
9480
9480
9480
9478
9478
9478
9477
9477
9476
9472
9471
9470
9467
9467
9467
9465
9462
9462
9461
9458
9457
9457
9456
9454
9454
9454
9453
9451
9447
9447
9446
9446
9446
9446
9445
9444
9444
9443
9442
9442
9442
9441
9441
9440
9440
9439
9438
9436
9436
9436
9435
9434
9432
9432
9430
9428
9426
9426
9425
9425
9423
9423
9422
9421
9421
9420
9419
9418
9417
9416
9416
9416
9415
9412
9411
9409
9409
9408
9408
9408
9407
9405
9404
9403
9403
9403
9401
9401
9401
9399
9398
9397
9396
9396
9395
9394
9392
9391
9391
9389
9389
9389
9387
9387
9386
9386
9385
9385
9384
9384
9384
9381
9380
9376
9376
9375
9375
9374
9373
9371
9370
9369
9366
9365
9363
9363
9362
9361
9360
9359
9358
9358
9358
9357
9357
9357
9354
9354
9354
9353
9353
9353
9350
9350
9348
9347
9347
9346
9346
9341
9341
9338
9337
9334
9332
9332
9332
9332
9331
9329
9328
9323
9323
9322
9322
9322
9321
9321
9318
9318
9314
9313
9313
9311
9310
9310
9310
9310
9308
9307
9307
9306
9306
9305
9304
9303
9303
9302
9301
9297
9295
9294
9293
9291
9289
9287
9287
9286
9286
9285
9284
9283
9282
9281
9281
9279
9278
9277
9272
9272
9271
9271
9271
9270
9270
9269
9269
9269
9266
9265
9264
9263
9262
9261
9261
9260
9260
9260
9259
9257
9257
9257
9255
9254
9254
9253
9252
9251
9250
9249
9247
9246
9246
9245
9244
9241
9241
9241
9240
9235
9232
9231
9231
9230
9230
9229
9228
9227
9226
9226
9224
9224
9223
9223
9221
9220
9219
9214
9214
9213
9211
9211
9210
9205
9204
9203
9202
9201
9198
9197
9196
9196
9196
9195
9195
9195
9194
9193
9193
9192
9192
9190
9189
9186
9186
9183
9181
9180
9180
9179
9179
9179
9178
9177
9172
9172
9171
9170
9170
9169
9168
9168
9168
9166
9166
9165
9164
9164
9164
9164
9163
9163
9160
9159
9158
9158
9157
9157
9157
9156
9155
9151
9151
9147
9145
9142
9142
9142
9142
9141
9140
9140
9140
9139
9138
9136
9131
9126
9125
9125
9124
9123
9122
9122
9120
9118
9118
9116
9116
9114
9113
9113
9112
9111
9111
9111
9109
9109
9107
9105
9105
9105
9104
9103
9102
9102
9102
9102
9102
9101
9101
9098
9098
9096
9095
9090
9090
9089
9087
9086
9083
9083
9081
9081
9081
9078
9077
9077
9075
9074
9073
9073
9071
9069
9068
9068
9068
9067
9066
9066
9065
9064
9062
9061
9061
9060
9060
9059
9059
9057
9057
9056
9056
9056
9056
9055
9053
9052
9052
9051
9051
9050
9050
9050
9049
9049
9049
9049
9049
9048
9048
9045
9043
9043
9041
9040
9038
9038
9037
9037
9036
9036
9033
9033
9032
9032
9031
9031
9030
9030
9029
9028
9028
9028
9027
9027
9027
9025
9024
9023
9022
9021
9020
9019
9017
9016
9016
9014
9013
9012
9012
9011
9011
9009
9008
9007
9006
8998
8997
8996
8996
8994
8994
8993
8992
8991
8991
8991
8991
8991
8990
8989
8987
8986
8985
8982
8979
8979
8979
8978
8978
8978
8977
8977
8976
8975
8975
8974
8974
8973
8972
8972
8972
8970
8968
8964
8963
8962
8962
8961
8961
8961
8960
8959
8958
8957
8954
8953
8950
8949
8948
8948
8947
8947
8947
8947
8946
8946
8946
8945
8941
8939
8939
8938
8938
8938
8937
8937
8936
8935
8934
8934
8932
8931
8931
8930
8929
8927
8924
8924
8924
8923
8922
8921
8921
8920
8920
8920
8916
8915
8910
8910
8910
8908
8906
8904
8903
8903
8902
8901
8900
8899
8898
8894
8893
8892
8890
8889
8889
8888
8886
8884
8880
8880
8880
8877
8877
8876
8875
8873
8872
8871
8870
8866
8865
8865
8864
8858
8858
8856
8856
8855
8855
8851
8850
8847
8844
8842
8841
8838
8838
8837
8836
8834
8833
8831
8831
8831
8830
8830
8827
8825
8824
8824
8824
8824
8820
8816
8815
8814
8812
8811
8811
8810
8808
8808
8807
8806
8805
8804
8804
8803
8802
8801
8800
8799
8799
8798
8797
8797
8796
8796
8796
8793
8792
8792
8791
8790
8790
8789
8789
8789
8786
8786
8784
8784
8784
8784
8783
8782
8782
8781
8778
8778
8778
8776
8776
8775
8773
8773
8772
8772
8769
8766
8764
8764
8762
8761
8760
8759
8758
8757
8757
8755
8752
8752
8750
8749
8747
8746
8746
8743
8742
8741
8740
8739
8738
8737
8737
8733
8733
8732
8731
8724
8721
8720
8716
8716
8713
8712
8711
8711
8709
8708
8707
8702
8701
8700
8700
8697
8697
8696
8696
8695
8694
8692
8691
8688
8688
8687
8685
8684
8683
8683
8683
8682
8681
8679
8678
8677
8675
8675
8675
8674
8674
8674
8674
8673
8673
8673
8671
8671
8669
8669
8669
8669
8669
8668
8668
8666
8666
8665
8665
8663
8662
8661
8660
8659
8658
8658
8657
8656
8655
8655
8655
8654
8654
8653
8651
8650
8649
8649
8649
8647
8646
8645
8645
8645
8644
8642
8642
8642
8641
8640
8639
8638
8638
8636
8634
8631
8628
8627
8625
8623
8621
8619
8619
8617
8616
8616
8616
8616
8615
8613
8612
8612
8610
8610
8608
8607
8606
8604
8604
8603
8603
8602
8602
8600
8600
8599
8597
8593
8593
8593
8588
8587
8583
8583
8582
8582
8581
8580
8578
8577
8575
8575
8573
8571
8571
8570
8567
8566
8562
8560
8559
8559
8558
8558
8558
8558
8557
8557
8557
8556
8556
8555
8553
8551
8549
8546
8546
8545
8544
8544
8542
8541
8541
8541
8538
8537
8537
8536
8535
8535
8535
8534
8533
8532
8531
8530
8529
8528
8528
8528
8527
8527
8527
8527
8524
8522
8521
8521
8520
8520
8519
8519
8516
8516
8516
8512
8510
8510
8508
8506
8504
8504
8501
8501
8498
8497
8496
8495
8495
8495
8495
8495
8494
8492
8489
8489
8488
8487
8486
8486
8486
8485
8485
8485
8483
8482
8480
8480
8479
8476
8476
8476
8474
8474
8474
8473
8471
8471
8469
8468
8466
8466
8465
8464
8462
8462
8461
8461
8460
8458
8458
8457
8456
8456
8455
8454
8454
8454
8454
8451
8451
8448
8448
8448
8447
8446
8443
8443
8443
8442
8442
8442
8442
8442
8439
8438
8436
8435
8433
8433
8432
8431
8430
8430
8429
8429
8428
8427
8426
8421
8421
8420
8418
8416
8416
8415
8413
8412
8411
8410
8410
8409
8408
8406
8403
8401
8400
8399
8399
8398
8397
8397
8396
8392
8392
8391
8391
8390
8390
8390
8389
8388
8387
8385
8385
8379
8378
8376
8376
8375
8374
8373
8368
8363
8360
8359
8359
8358
8358
8358
8358
8357
8357
8357
8355
8353
8353
8352
8350
8350
8350
8349
8348
8347
8345
8345
8344
8340
8339
8338
8338
8337
8337
8337
8336
8336
8334
8334
8332
8332
8332
8331
8329
8329
8328
8328
8327
8326
8326
8324
8322
8321
8321
8320
8319
8319
8319
8319
8318
8318
8315
8314
8313
8313
8312
8312
8311
8311
8309
8308
8308
8308
8307
8306
8306
8304
8301
8301
8298
8298
8295
8292
8292
8292
8291
8287
8285
8284
8283
8282
8281
8280
8278
8278
8277
8275
8274
8272
8271
8270
8269
8269
8268
8263
8262
8261
8261
8260
8259
8258
8256
8256
8253
8253
8252
8249
8249
8248
8246
8245
8243
8243
8239
8238
8236
8233
8233
8233
8232
8231
8231
8225
8221
8219
8219
8218
8218
8215
8213
8213
8212
8211
8211
8208
8207
8206
8206
8206
8205
8204
8203
8202
8202
8201
8201
8200
8199
8198
8197
8197
8197
8196
8194
8193
8188
8188
8188
8188
8187
8184
8184
8183
8183
8182
8182
8181
8180
8175
8174
8174
8173
8173
8173
8172
8171
8171
8170
8169
8169
8168
8168
8168
8166
8166
8165
8165
8165
8164
8163
8162
8159
8157
8155
8155
8152
8151
8150
8147
8147
8146
8145
8142
8141
8139
8139
8138
8138
8137
8137
8134
8132
8130
8130
8130
8130
8127
8126
8125
8125
8124
8121
8120
8119
8118
8117
8117
8117
8114
8113
8113
8110
8109
8109
8108
8107
8106
8105
8105
8104
8103
8101
8101
8100
8100
8099
8099
8096
8096
8095
8093
8093
8090
8088
8088
8087
8087
8087
8086
8085
8083
8083
8081
8078
8077
8076
8076
8074
8073
8073
8072
8071
8070
8070
8066
8065
8064
8064
8063
8062
8061
8061
8061
8060
8059
8058
8058
8057
8057
8056
8054
8053
8053
8053
8052
8052
8051
8050
8050
8050
8050
8049
8047
8047
8045
8043
8043
8041
8041
8039
8039
8038
8034
8034
8033
8033
8033
8031
8031
8031
8031
8030
8029
8028
8026
8026
8024
8023
8022
8021
8019
8018
8015
8014
8012
8012
8011
8009
8009
8009
8006
8005
8005
8004
8004
8002
8001
8001
8000
7999
7997
7997
7995
7995
7992
7989
7987
7987
7986
7986
7985
7985
7982
7981
7981
7978
7978
7975
7970
7970
7969
7968
7966
7962
7961
7960
7957
7957
7956
7955
7955
7954
7954
7953
7953
7953
7951
7950
7950
7948
7948
7948
7945
7944
7944
7943
7943
7943
7942
7942
7941
7941
7939
7938
7937
7936
7936
7935
7934
7933
7933
7931
7930
7929
7927
7927
7926
7926
7925
7924
7923
7922
7921
7921
7920
7920
7919
7919
7918
7917
7916
7916
7916
7915
7915
7914
7912
7912
7911
7911
7903
7903
7901
7899
7899
7897
7896
7896
7894
7893
7893
7893
7893
7892
7891
7889
7886
7884
7883
7879
7878
7876
7876
7874
7872
7872
7870
7870
7867
7866
7866
7866
7866
7865
7864
7864
7863
7862
7859
7858
7858
7856
7856
7856
7850
7850
7849
7849
7849
7849
7848
7847
7846
7846
7845
7845
7843
7843
7843
7840
7838
7837
7835
7833
7833
7833
7828
7828
7824
7824
7822
7821
7820
7819
7819
7817
7813
7812
7808
7807
7806
7804
7803
7802
7802
7802
7799
7799
7798
7798
7795
7795
7794
7793
7793
7793
7792
7791
7791
7791
7791
7790
7789
7788
7788
7788
7787
7787
7787
7786
7778
7776
7775
7775
7770
7770
7767
7763
7763
7759
7758
7757
7757
7756
7755
7754
7753
7752
7752
7751
7750
7750
7749
7749
7748
7747
7746
7743
7739
7739
7737
7733
7733
7732
7731
7731
7730
7729
7728
7728
7725
7725
7721
7719
7718
7716
7716
7716
7713
7712
7712
7712
7710
7710
7709
7708
7708
7707
7707
7706
7704
7703
7702
7702
7702
7701
7701
7700
7700
7700
7698
7698
7697
7697
7696
7696
7696
7693
7692
7692
7691
7691
7691
7691
7690
7689
7686
7686
7686
7683
7682
7680
7677
7675
7675
7675
7673
7673
7672
7670
7670
7666
7665
7665
7664
7663
7663
7662
7661
7661
7660
7659
7658
7657
7657
7656
7655
7655
7654
7653
7650
7648
7648
7647
7647
7647
7647
7646
7645
7644
7642
7642
7641
7641
7641
7640
7638
7636
7635
7635
7633
7633
7631
7630
7630
7630
7629
7628
7627
7627
7627
7627
7626
7626
7626
7623
7621
7621
7621
7619
7618
7618
7616
7615
7614
7614
7612
7608
7608
7607
7606
7605
7603
7602
7601
7600
7600
7599
7599
7597
7593
7591
7590
7589
7588
7588
7586
7586
7585
7585
7584
7584
7584
7583
7582
7578
7577
7576
7576
7576
7574
7572
7570
7570
7569
7569
7568
7567
7565
7565
7565
7564
7564
7562
7562
7560
7560
7559
7558
7557
7554
7554
7553
7552
7552
7551
7551
7550
7549
7545
7545
7543
7543
7542
7542
7541
7539
7538
7537
7534
7531
7531
7529
7528
7528
7526
7525
7524
7524
7524
7523
7523
7522
7521
7520
7520
7519
7518
7517
7517
7515
7515
7515
7514
7513
7511
7510
7510
7508
7507
7504
7503
7503
7501
7501
7500
7498
7497
7496
7494
7491
7490
7489
7488
7488
7487
7486
7486
7483
7483
7482
7481
7480
7479
7478
7475
7472
7471
7471
7471
7469
7468
7468
7467
7465
7465
7464
7464
7464
7463
7462
7461
7458
7457
7457
7456
7455
7454
7452
7452
7449
7446
7444
7443
7441
7440
7439
7439
7438
7437
7436
7433
7433
7433
7432
7430
7430
7429
7428
7428
7427
7427
7426
7425
7425
7424
7423
7423
7420
7420
7419
7418
7418
7418
7417
7417
7414
7413
7409
7408
7407
7404
7404
7403
7403
7399
7398
7396
7396
7395
7393
7393
7393
7392
7392
7391
7390
7389
7388
7388
7386
7385
7384
7383
7383
7382
7381
7380
7379
7379
7379
7376
7376
7376
7375
7373
7373
7373
7372
7372
7371
7371
7370
7369
7369
7368
7368
7368
7368
7366
7363
7363
7361
7361
7361
7360
7360
7357
7356
7356
7355
7353
7352
7352
7351
7350
7349
7349
7346
7343
7343
7342
7342
7341
7341
7341
7338
7336
7335
7333
7332
7331
7331
7330
7330
7327
7324
7323
7323
7321
7321
7321
7319
7319
7318
7318
7316
7315
7314
7314
7313
7311
7309
7308
7307
7306
7305
7305
7305
7304
7304
7304
7302
7301
7300
7300
7299
7299
7298
7298
7295
7294
7294
7293
7293
7292
7292
7290
7287
7287
7286
7285
7284
7284
7283
7281
7281
7281
7280
7280
7279
7278
7276
7275
7275
7272
7272
7271
7270
7269
7269
7268
7266
7265
7263
7262
7262
7261
7257
7255
7254
7253
7249
7247
7247
7245
7244
7244
7243
7243
7241
7241
7241
7240
7240
7239
7239
7237
7236
7235
7234
7234
7233
7232
7232
7231
7229
7229
7228
7227
7226
7226
7225
7221
7220
7220
7219
7216
7216
7213
7212
7212
7212
7211
7209
7208
7207
7206
7206
7206
7203
7203
7203
7200
7200
7198
7194
7192
7191
7190
7190
7189
7188
7187
7187
7187
7186
7185
7184
7184
7184
7183
7183
7183
7182
7182
7180
7179
7176
7176
7175
7174
7173
7172
7172
7170
7168
7167
7164
7163
7162
7162
7161
7160
7159
7154
7153
7153
7152
7152
7150
7150
7149
7149
7148
7147
7147
7147
7145
7145
7144
7144
7142
7142
7141
7140
7139
7136
7132
7130
7129
7126
7126
7125
7124
7120
7118
7118
7115
7113
7113
7111
7110
7110
7109
7108
7108
7105
7104
7103
7101
7100
7100
7100
7099
7099
7098
7097
7097
7096
7093
7093
7092
7091
7087
7085
7084
7082
7081
7080
7077
7075
7075
7075
7074
7073
7073
7073
7071
7071
7070
7068
7064
7063
7060
7059
7059
7059
7057
7056
7055
7055
7053
7053
7053
7052
7051
7051
7049
7048
7046
7046
7045
7045
7045
7044
7043
7042
7042
7042
7040
7039
7038
7036
7034
7034
7033
7032
7031
7030
7029
7028
7027
7027
7025
7024
7023
7023
7021
7020
7020
7017
7016
7015
7013
7012
7012
7012
7011
7010
7010
7010
7009
7009
7004
7003
7003
7002
7002
7001
7000
6996
6995
6994
6994
6991
6989
6989
6986
6984
6984
6983
6982
6982
6981
6981
6980
6979
6978
6977
6976
6976
6975
6975
6974
6973
6973
6972
6969
6969
6969
6969
6968
6968
6968
6967
6966
6966
6964
6963
6961
6961
6960
6960
6960
6959
6958
6958
6956
6955
6955
6953
6953
6953
6952
6951
6946
6946
6945
6943
6943
6939
6937
6937
6936
6936
6935
6934
6934
6932
6932
6930
6930
6930
6929
6929
6929
6929
6927
6927
6926
6926
6925
6924
6923
6921
6921
6921
6920
6919
6918
6917
6916
6915
6915
6915
6915
6913
6913
6912
6911
6911
6910
6908
6906
6903
6903
6903
6902
6902
6902
6901
6899
6896
6896
6896
6896
6894
6894
6893
6893
6892
6891
6890
6888
6887
6887
6886
6885
6884
6883
6882
6881
6880
6879
6879
6877
6876
6875
6875
6874
6873
6872
6872
6871
6870
6869
6868
6868
6867
6866
6866
6865
6865
6860
6860
6858
6858
6856
6856
6855
6854
6854
6851
6849
6849
6849
6848
6848
6848
6847
6847
6847
6845
6844
6843
6843
6841
6841
6841
6840
6840
6840
6840
6838
6838
6835
6833
6832
6831
6831
6829
6829
6828
6828
6827
6826
6825
6824
6823
6821
6820
6819
6819
6819
6819
6818
6817
6816
6816
6816
6815
6815
6815
6813
6813
6813
6813
6812
6811
6811
6810
6810
6809
6809
6809
6808
6808
6807
6806
6803
6803
6803
6802
6801
6798
6798
6797
6796
6796
6795
6794
6792
6792
6791
6790
6789
6787
6787
6785
6784
6783
6780
6780
6779
6778
6775
6775
6774
6773
6773
6772
6772
6772
6771
6771
6771
6770
6769
6768
6766
6763
6763
6759
6758
6758
6754
6754
6753
6753
6752
6751
6751
6751
6750
6748
6745
6745
6744
6743
6742
6740
6738
6736
6734
6734
6732
6732
6732
6732
6730
6729
6727
6726
6722
6721
6721
6721
6721
6721
6721
6721
6720
6719
6719
6718
6718
6718
6718
6717
6716
6715
6714
6712
6711
6710
6709
6708
6705
6705
6703
6703
6702
6702
6702
6700
6699
6699
6698
6698
6697
6696
6695
6694
6694
6694
6693
6693
6691
6689
6689
6688
6687
6686
6682
6682
6681
6680
6679
6678
6674
6673
6673
6672
6672
6672
6669
6668
6668
6666
6665
6664
6664
6663
6662
6662
6661
6660
6660
6660
6659
6657
6656
6655
6654
6653
6653
6651
6651
6649
6649
6646
6646
6646
6645
6643
6643
6639
6637
6633
6633
6632
6630
6630
6630
6629
6629
6628
6627
6627
6626
6626
6626
6625
6624
6623
6621
6619
6617
6616
6615
6614
6613
6612
6612
6611
6606
6606
6605
6603
6603
6602
6601
6600
6600
6599
6597
6595
6594
6592
6591
6590
6589
6589
6589
6587
6586
6585
6585
6584
6583
6583
6582
6582
6582
6578
6573
6573
6573
6569
6568
6568
6566
6565
6564
6563
6563
6563
6560
6560
6560
6559
6559
6558
6558
6555
6555
6547
6546
6545
6544
6543
6543
6542
6542
6540
6540
6539
6539
6538
6536
6531
6528
6528
6526
6525
6525
6524
6523
6521
6520
6520
6519
6518
6518
6518
6517
6515
6514
6513
6513
6512
6511
6510
6509
6509
6508
6507
6507
6506
6506
6502
6502
6498
6498
6495
6495
6492
6492
6487
6487
6485
6484
6484
6481
6479
6479
6478
6477
6477
6477
6476
6474
6474
6473
6472
6471
6471
6470
6469
6469
6465
6465
6462
6462
6461
6460
6460
6459
6459
6459
6458
6455
6454
6453
6453
6452
6452
6451
6449
6449
6448
6448
6446
6446
6445
6445
6444
6443
6439
6438
6437
6435
6434
6434
6433
6433
6432
6428
6426
6425
6425
6425
6424
6424
6423
6421
6421
6421
6420
6419
6419
6418
6418
6417
6416
6414
6413
6412
6411
6411
6410
6410
6410
6409
6409
6407
6405
6402
6401
6400
6399
6399
6398
6396
6395
6393
6390
6388
6385
6384
6384
6382
6382
6382
6382
6380
6380
6377
6377
6376
6375
6375
6373
6372
6372
6371
6369
6369
6369
6365
6365
6364
6362
6361
6361
6360
6359
6359
6358
6358
6358
6357
6356
6356
6355
6355
6354
6352
6352
6350
6350
6350
6349
6349
6349
6348
6348
6348
6347
6347
6346
6344
6341
6340
6339
6339
6338
6337
6337
6337
6337
6336
6336
6335
6333
6331
6329
6328
6326
6325
6323
6322
6322
6321
6321
6321
6321
6320
6318
6318
6317
6315
6311
6311
6310
6309
6309
6309
6307
6307
6306
6304
6304
6303
6303
6300
6300
6300
6299
6298
6297
6296
6296
6296
6294
6293
6293
6292
6292
6292
6291
6290
6290
6288
6288
6287
6287
6287
6286
6286
6286
6286
6286
6285
6285
6283
6282
6281
6280
6279
6279
6279
6278
6277
6277
6276
6273
6273
6272
6271
6269
6269
6268
6267
6266
6265
6264
6264
6260
6260
6260
6258
6257
6255
6251
6250
6250
6250
6248
6247
6245
6244
6244
6243
6241
6241
6239
6238
6238
6237
6235
6233
6231
6231
6230
6230
6228
6226
6226
6225
6223
6221
6221
6220
6219
6217
6216
6216
6213
6213
6213
6212
6209
6209
6208
6206
6204
6203
6203
6202
6202
6202
6201
6198
6198
6197
6197
6197
6197
6196
6194
6190
6188
6187
6186
6183
6181
6178
6177
6176
6176
6176
6175
6173
6172
6171
6170
6169
6169
6168
6166
6164
6163
6162
6158
6156
6156
6155
6153
6153
6152
6151
6149
6148
6145
6145
6144
6144
6144
6141
6138
6138
6137
6137
6136
6135
6135
6129
6128
6126
6125
6125
6121
6119
6119
6119
6118
6118
6116
6115
6115
6114
6114
6113
6112
6112
6112
6111
6109
6106
6106
6105
6105
6104
6104
6104
6104
6103
6102
6102
6102
6101
6101
6100
6100
6098
6098
6097
6095
6095
6093
6092
6092
6091
6090
6089
6089
6089
6086
6086
6086
6085
6085
6084
6082
6077
6077
6074
6073
6072
6072
6072
6072
6071
6071
6070
6069
6067
6066
6064
6062
6060
6060
6057
6056
6053
6052
6049
6048
6048
6046
6045
6045
6044
6042
6042
6040
6039
6037
6037
6036
6035
6035
6034
6033
6032
6032
6030
6029
6029
6029
6028
6027
6025
6025
6023
6022
6021
6020
6020
6018
6016
6016
6015
6013
6013
6013
6013
6012
6010
6009
6008
6007
6005
6005
6004
6003
6003
6001
6000
5996
5994
5994
5994
5993
5989
5985
5985
5984
5984
5984
5984
5983
5983
5982
5981
5979
5978
5978
5977
5975
5974
5973
5970
5969
5969
5969
5969
5969
5964
5962
5957
5957
5956
5956
5955
5951
5949
5948
5947
5945
5944
5943
5942
5942
5937
5936
5935
5932
5929
5928
5926
5923
5923
5923
5922
5921
5919
5918
5917
5916
5914
5914
5914
5913
5913
5913
5912
5912
5912
5912
5909
5908
5905
5905
5904
5903
5902
5902
5902
5902
5901
5901
5901
5901
5900
5900
5899
5898
5897
5896
5894
5893
5893
5892
5891
5891
5890
5889
5887
5886
5885
5882
5882
5882
5882
5879
5878
5875
5872
5869
5869
5868
5867
5867
5866
5865
5862
5862
5861
5861
5859
5858
5855
5852
5852
5850
5850
5849
5847
5846
5845
5844
5843
5843
5841
5839
5839
5838
5838
5837
5835
5835
5832
5832
5829
5827
5827
5827
5827
5827
5825
5825
5825
5824
5822
5819
5819
5819
5819
5816
5815
5815
5813
5813
5812
5810
5810
5810
5809
5804
5804
5803
5801
5801
5801
5800
5800
5797
5796
5796
5794
5793
5793
5784
5784
5783
5783
5782
5782
5779
5779
5777
5777
5777
5775
5772
5770
5769
5767
5766
5765
5765
5763
5763
5762
5760
5760
5760
5760
5758
5755
5755
5754
5753
5752
5751
5750
5748
5748
5748
5745
5745
5744
5743
5742
5742
5742
5736
5735
5735
5734
5734
5733
5733
5733
5732
5732
5731
5731
5730
5725
5724
5720
5720
5720
5719
5718
5718
5716
5715
5713
5713
5713
5710
5710
5708
5706
5706
5706
5704
5704
5702
5702
5701
5695
5695
5695
5693
5692
5692
5692
5692
5691
5690
5689
5688
5687
5686
5684
5684
5683
5683
5683
5680
5679
5679
5678
5677
5676
5676
5676
5675
5674
5673
5673
5673
5672
5671
5671
5670
5670
5666
5665
5664
5662
5662
5662
5658
5657
5657
5656
5656
5656
5654
5653
5649
5649
5648
5648
5648
5647
5646
5644
5642
5642
5641
5640
5639
5637
5637
5637
5635
5635
5634
5634
5633
5632
5632
5631
5631
5630
5629
5627
5625
5622
5621
5621
5620
5620
5620
5618
5618
5617
5616
5613
5612
5610
5609
5608
5607
5606
5606
5605
5605
5603
5601
5601
5600
5598
5597
5596
5595
5595
5593
5593
5590
5589
5588
5587
5587
5587
5586
5586
5586
5585
5582
5581
5577
5577
5577
5576
5575
5574
5574
5574
5572
5571
5570
5570
5570
5569
5568
5568
5568
5567
5567
5565
5565
5565
5564
5562
5560
5560
5558
5558
5558
5558
5557
5556
5556
5555
5553
5553
5552
5552
5549
5548
5546
5544
5542
5541
5540
5540
5539
5538
5536
5536
5534
5533
5532
5532
5532
5529
5529
5529
5529
5528
5526
5523
5522
5521
5521
5519
5517
5516
5516
5515
5514
5514
5513
5513
5511
5511
5510
5510
5508
5507
5507
5507
5506
5505
5504
5502
5501
5500
5499
5499
5498
5493
5492
5490
5489
5489
5489
5488
5488
5486
5483
5483
5482
5481
5480
5479
5479
5477
5477
5476
5475
5475
5475
5474
5472
5472
5472
5471
5471
5471
5470
5470
5470
5470
5468
5467
5466
5466
5466
5464
5462
5461
5456
5454
5452
5452
5450
5449
5449
5448
5448
5444
5443
5443
5442
5441
5441
5440
5440
5438
5435
5435
5435
5435
5434
5434
5433
5430
5430
5430
5428
5428
5428
5427
5426
5425
5425
5425
5425
5424
5422
5422
5422
5421
5420
5420
5418
5418
5416
5415
5414
5414
5414
5412
5412
5411
5411
5410
5410
5410
5407
5406
5405
5404
5404
5403
5403
5402
5399
5398
5397
5396
5394
5393
5390
5390
5390
5390
5387
5385
5385
5385
5383
5383
5382
5381
5380
5380
5378
5376
5373
5370
5370
5370
5370
5366
5365
5365
5364
5361
5358
5358
5356
5355
5354
5353
5353
5353
5351
5350
5350
5349
5348
5348
5347
5346
5346
5345
5344
5344
5343
5342
5342
5342
5341
5340
5338
5337
5337
5334
5331
5327
5326
5325
5324
5324
5323
5322
5322
5321
5320
5320
5318
5317
5315
5313
5313
5309
5308
5306
5305
5305
5304
5304
5301
5301
5301
5301
5300
5300
5300
5299
5298
5298
5298
5296
5294
5293
5290
5290
5288
5285
5285
5285
5284
5284
5283
5283
5283
5282
5281
5281
5280
5279
5278
5277
5275
5274
5273
5272
5272
5271
5270
5269
5268
5266
5266
5264
5263
5262
5262
5260
5260
5259
5259
5258
5258
5256
5256
5255
5254
5254
5254
5253
5253
5253
5253
5251
5250
5250
5249
5249
5248
5246
5245
5243
5241
5239
5238
5238
5237
5237
5236
5235
5233
5232
5230
5230
5230
5229
5229
5228
5227
5225
5225
5224
5223
5223
5222
5221
5220
5218
5216
5215
5213
5211
5210
5210
5209
5207
5207
5207
5207
5205
5202
5202
5201
5199
5198
5198
5198
5197
5197
5197
5197
5197
5196
5195
5194
5194
5194
5193
5192
5192
5190
5189
5186
5186
5183
5182
5181
5181
5180
5177
5176
5174
5172
5171
5171
5171
5167
5167
5165
5164
5162
5161
5160
5158
5157
5156
5155
5152
5152
5152
5149
5149
5148
5147
5147
5146
5145
5144
5143
5143
5143
5139
5138
5137
5135
5133
5133
5131
5131
5130
5130
5129
5129
5127
5125
5125
5124
5122
5121
5120
5120
5120
5119
5119
5117
5115
5115
5115
5114
5113
5113
5110
5110
5107
5106
5105
5103
5103
5103
5100
5099
5099
5097
5096
5096
5095
5093
5090
5089
5087
5087
5087
5086
5086
5084
5083
5083
5081
5080
5080
5080
5079
5078
5077
5076
5076
5076
5075
5075
5074
5073
5072
5071
5071
5069
5069
5068
5066
5064
5063
5061
5061
5060
5060
5060
5058
5056
5055
5055
5055
5054
5054
5053
5052
5052
5051
5049
5049
5048
5047
5045
5044
5044
5043
5041
5038
5037
5036
5036
5035
5035
5035
5034
5034
5031
5030
5030
5028
5028
5027
5025
5024
5024
5024
5024
5022
5022
5021
5020
5018
5017
5014
5009
5009
5009
5008
5006
5005
5003
5003
5002
5001
5000
5000
4998
4997
4996
4996
4995
4994
4992
4992
4992
4992
4990
4990
4990
4987
4985
4985
4984
4984
4984
4981
4977
4977
4977
4977
4976
4974
4974
4972
4970
4969
4968
4967
4967
4967
4965
4965
4963
4962
4961
4955
4955
4955
4954
4954
4954
4954
4952
4952
4950
4950
4949
4949
4946
4946
4945
4945
4944
4943
4942
4941
4941
4940
4940
4933
4933
4932
4929
4929
4927
4927
4923
4923
4922
4921
4920
4920
4917
4916
4915
4915
4915
4914
4914
4913
4913
4912
4910
4909
4909
4908
4908
4907
4906
4905
4905
4903
4903
4899
4899
4898
4891
4891
4890
4889
4889
4888
4888
4888
4887
4887
4886
4885
4884
4884
4883
4882
4881
4879
4875
4875
4875
4875
4875
4873
4873
4872
4871
4869
4868
4866
4866
4865
4864
4863
4862
4861
4860
4860
4860
4859
4858
4858
4858
4857
4857
4857
4856
4855
4855
4854
4854
4851
4850
4850
4850
4849
4849
4846
4845
4844
4843
4842
4840
4838
4837
4837
4836
4836
4836
4834
4833
4832
4832
4831
4831
4830
4828
4828
4826
4825
4824
4823
4823
4823
4822
4822
4821
4820
4820
4818
4813
4813
4810
4810
4808
4808
4808
4803
4803
4803
4802
4802
4799
4797
4797
4797
4797
4796
4796
4793
4793
4793
4792
4790
4790
4789
4789
4787
4787
4787
4786
4783
4783
4781
4781
4779
4778
4777
4776
4776
4775
4771
4770
4768
4767
4764
4763
4762
4761
4761
4760
4759
4757
4756
4755
4755
4754
4753
4750
4750
4750
4749
4748
4747
4746
4745
4743
4742
4741
4736
4736
4736
4736
4735
4734
4733
4728
4727
4726
4725
4724
4723
4721
4720
4720
4719
4717
4717
4716
4716
4714
4713
4713
4712
4711
4711
4710
4708
4708
4708
4707
4706
4706
4705
4703
4695
4693
4693
4693
4692
4689
4686
4685
4685
4685
4684
4684
4683
4682
4681
4680
4680
4680
4679
4678
4678
4674
4673
4673
4671
4670
4669
4668
4666
4665
4664
4664
4663
4663
4662
4662
4660
4659
4658
4657
4657
4657
4652
4652
4651
4650
4649
4647
4646
4644
4644
4643
4643
4642
4638
4638
4637
4637
4636
4633
4633
4632
4631
4631
4631
4630
4630
4629
4628
4626
4626
4626
4625
4623
4622
4621
4621
4620
4619
4617
4616
4615
4614
4614
4613
4611
4610
4610
4610
4609
4609
4609
4609
4607
4606
4606
4605
4605
4604
4604
4602
4601
4600
4599
4598
4598
4596
4596
4596
4595
4594
4593
4593
4593
4591
4591
4591
4591
4588
4588
4588
4587
4586
4584
4582
4581
4580
4579
4579
4578
4575
4574
4572
4571
4571
4570
4568
4568
4566
4566
4566
4565
4565
4560
4560
4560
4560
4556
4556
4556
4553
4553
4550
4550
4549
4548
4548
4545
4544
4542
4541
4540
4539
4538
4538
4538
4537
4537
4537
4537
4537
4531
4529
4529
4528
4527
4527
4527
4526
4525
4524
4524
4523
4523
4521
4521
4518
4517
4515
4514
4514
4513
4512
4511
4508
4508
4508
4508
4506
4504
4504
4503
4502
4501
4501
4500
4500
4499
4499
4495
4494
4492
4491
4490
4488
4487
4487
4485
4483
4482
4481
4480
4480
4477
4477
4476
4476
4475
4474
4470
4468
4465
4464
4463
4462
4461
4461
4460
4459
4459
4458
4457
4457
4456
4456
4455
4455
4454
4453
4452
4451
4451
4449
4449
4448
4448
4447
4447
4446
4444
4444
4442
4441
4439
4439
4437
4437
4437
4436
4435
4433
4432
4431
4430
4430
4430
4427
4427
4422
4422
4421
4418
4418
4415
4415
4414
4410
4410
4409
4407
4407
4406
4406
4406
4402
4402
4401
4400
4400
4400
4399
4399
4398
4396
4396
4396
4395
4395
4393
4392
4392
4391
4391
4390
4390
4389
4389
4388
4384
4384
4383
4382
4381
4380
4380
4379
4378
4378
4377
4377
4376
4371
4370
4370
4365
4364
4363
4361
4361
4361
4360
4360
4359
4359
4358
4358
4352
4350
4350
4350
4349
4349
4347
4346
4346
4344
4343
4341
4340
4340
4338
4338
4337
4337
4336
4335
4334
4334
4333
4332
4330
4330
4330
4329
4329
4327
4326
4323
4322
4322
4322
4321
4318
4318
4317
4316
4316
4315
4315
4315
4315
4313
4311
4311
4311
4310
4309
4309
4309
4309
4308
4307
4307
4305
4305
4305
4304
4303
4302
4300
4299
4296
4296
4295
4295
4293
4289
4287
4287
4287
4285
4283
4281
4280
4279
4279
4277
4276
4276
4276
4275
4274
4274
4273
4273
4273
4272
4272
4271
4271
4271
4269
4269
4267
4266
4265
4263
4263
4263
4263
4263
4262
4261
4256
4255
4255
4255
4255
4254
4254
4254
4252
4251
4249
4248
4248
4247
4247
4246
4246
4246
4242
4241
4239
4238
4236
4236
4236
4234
4229
4228
4227
4226
4226
4225
4225
4223
4222
4221
4220
4217
4217
4215
4214
4213
4213
4213
4210
4210
4208
4207
4206
4206
4205
4205
4204
4203
4202
4202
4200
4200
4199
4198
4198
4198
4198
4198
4196
4194
4191
4191
4189
4188
4187
4187
4186
4186
4185
4184
4181
4178
4178
4178
4176
4175
4173
4173
4172
4172
4172
4171
4171
4170
4170
4170
4168
4168
4166
4166
4164
4162
4162
4161
4160
4159
4158
4157
4155
4154
4153
4152
4151
4150
4150
4150
4150
4150
4147
4147
4146
4146
4145
4143
4143
4142
4142
4141
4138
4136
4135
4135
4134
4134
4132
4132
4131
4130
4129
4128
4126
4124
4124
4123
4122
4120
4120
4119
4117
4116
4115
4114
4114
4114
4113
4111
4111
4108
4106
4105
4102
4102
4099
4098
4096
4096
4096
4092
4091
4088
4086
4085
4084
4083
4082
4082
4082
4080
4079
4076
4075
4075
4074
4073
4072
4071
4071
4068
4068
4068
4068
4066
4065
4063
4061
4057
4056
4055
4055
4054
4053
4053
4052
4052
4051
4051
4051
4051
4051
4050
4050
4049
4048
4047
4047
4046
4046
4046
4045
4044
4043
4043
4042
4041
4040
4039
4039
4038
4037
4037
4036
4036
4034
4031
4031
4030
4027
4027
4027
4026
4025
4025
4025
4024
4024
4024
4023
4022
4022
4021
4020
4020
4019
4019
4017
4016
4016
4016
4015
4015
4014
4013
4011
4010
4010
4009
4009
4009
4008
4008
4007
4007
4006
4004
4003
4003
4002
4002
4002
4001
4000
4000
4000
4000
3998
3997
3996
3996
3994
3994
3993
3992
3992
3992
3991
3991
3989
3988
3987
3987
3987
3986
3985
3984
3984
3983
3982
3981
3981
3981
3980
3979
3978
3976
3976
3972
3971
3970
3969
3969
3966
3966
3965
3963
3961
3960
3959
3959
3959
3958
3957
3956
3956
3955
3954
3953
3952
3952
3950
3949
3949
3948
3947
3946
3945
3944
3943
3942
3942
3942
3939
3939
3938
3937
3937
3936
3935
3933
3932
3930
3930
3930
3930
3929
3928
3927
3926
3925
3923
3923
3922
3919
3917
3917
3917
3917
3917
3917
3915
3914
3913
3910
3910
3908
3907
3907
3906
3903
3902
3902
3902
3902
3901
3900
3899
3898
3898
3898
3897
3896
3895
3895
3895
3894
3893
3893
3893
3891
3891
3891
3890
3889
3887
3886
3885
3884
3884
3884
3879
3878
3877
3876
3875
3875
3874
3874
3874
3873
3873
3871
3871
3870
3867
3867
3867
3866
3865
3865
3865
3863
3863
3863
3862
3862
3861
3860
3859
3858
3857
3856
3851
3850
3849
3848
3848
3847
3845
3844
3841
3841
3841
3841
3841
3840
3840
3835
3834
3831
3830
3830
3829
3827
3827
3826
3826
3825
3824
3823
3822
3822
3821
3819
3818
3818
3818
3817
3813
3813
3812
3811
3811
3809
3809
3808
3807
3805
3803
3803
3802
3801
3801
3800
3799
3799
3798
3797
3796
3795
3793
3793
3793
3792
3791
3790
3790
3789
3789
3788
3783
3782
3781
3781
3777
3776
3773
3773
3772
3770
3770
3770
3770
3768
3768
3766
3764
3761
3760
3760
3759
3757
3755
3755
3755
3754
3751
3751
3749
3749
3748
3748
3745
3744
3744
3743
3743
3742
3740
3740
3739
3739
3738
3738
3737
3735
3733
3733
3732
3731
3731
3731
3731
3729
3729
3728
3728
3725
3724
3723
3720
3717
3716
3714
3712
3710
3710
3709
3708
3708
3705
3704
3704
3703
3703
3702
3702
3702
3702
3696
3696
3695
3694
3693
3693
3691
3691
3690
3689
3685
3684
3683
3683
3683
3681
3681
3680
3680
3678
3678
3677
3677
3677
3675
3675
3675
3675
3673
3671
3671
3669
3669
3668
3666
3666
3665
3663
3663
3660
3659
3659
3658
3657
3657
3657
3656
3655
3654
3654
3653
3653
3652
3651
3648
3648
3647
3645
3644
3643
3643
3642
3642
3642
3640
3640
3639
3638
3637
3636
3634
3634
3633
3631
3630
3630
3629
3629
3627
3626
3626
3626
3625
3624
3624
3624
3624
3623
3622
3620
3620
3618
3618
3617
3616
3616
3616
3616
3615
3615
3613
3613
3612
3611
3610
3609
3608
3608
3607
3607
3606
3601
3600
3600
3598
3596
3596
3594
3594
3591
3591
3590
3590
3589
3589
3589
3589
3588
3586
3580
3580
3580
3579
3579
3579
3576
3576
3573
3573
3570
3570
3570
3569
3567
3566
3566
3565
3564
3564
3564
3562
3559
3558
3557
3557
3555
3554
3552
3551
3551
3551
3550
3548
3547
3545
3545
3545
3544
3542
3541
3540
3540
3537
3536
3536
3533
3533
3533
3533
3531
3530
3530
3530
3528
3526
3526
3525
3525
3523
3522
3521
3521
3520
3518
3516
3516
3516
3515
3514
3513
3511
3506
3506
3506
3505
3504
3503
3502
3502
3499
3499
3498
3498
3497
3497
3494
3494
3494
3491
3491
3490
3490
3490
3489
3489
3488
3488
3487
3486
3485
3484
3484
3483
3483
3482
3480
3479
3478
3476
3475
3475
3474
3471
3470
3468
3468
3464
3464
3462
3462
3461
3461
3461
3461
3459
3458
3458
3457
3456
3456
3454
3453
3452
3452
3452
3450
3450
3449
3446
3444
3444
3444
3443
3443
3443
3442
3441
3441
3440
3439
3437
3437
3435
3433
3432
3432
3432
3431
3431
3430
3428
3428
3427
3426
3426
3424
3423
3423
3422
3421
3417
3415
3414
3413
3412
3409
3409
3407
3407
3407
3406
3406
3404
3403
3403
3402
3401
3401
3400
3399
3396
3394
3394
3392
3389
3385
3385
3384
3382
3380
3379
3378
3376
3373
3370
3368
3368
3367
3367
3367
3366
3366
3364
3364
3362
3361
3361
3361
3359
3358
3358
3353
3352
3351
3350
3349
3349
3348
3348
3341
3340
3340
3338
3338
3337
3332
3332
3330
3327
3327
3325
3324
3323
3321
3321
3320
3318
3315
3314
3314
3313
3311
3311
3308
3308
3307
3307
3304
3303
3303
3302
3301
3301
3301
3298
3296
3294
3294
3294
3294
3293
3293
3291
3291
3291
3289
3287
3286
3286
3286
3280
3279
3279
3279
3278
3276
3275
3273
3271
3270
3269
3269
3268
3268
3267
3267
3266
3266
3264
3263
3262
3262
3262
3261
3260
3260
3257
3257
3256
3256
3255
3255
3254
3254
3253
3251
3250
3250
3248
3248
3247
3244
3243
3241
3241
3240
3240
3238
3238
3236
3236
3235
3234
3232
3231
3231
3229
3229
3227
3226
3225
3223
3219
3219
3218
3217
3215
3214
3213
3212
3211
3210
3210
3209
3209
3208
3206
3206
3206
3203
3203
3202
3202
3201
3199
3196
3194
3194
3194
3193
3192
3191
3190
3190
3188
3185
3184
3182
3181
3181
3180
3180
3179
3178
3178
3177
3173
3172
3172
3172
3170
3169
3169
3168
3168
3168
3167
3167
3166
3165
3163
3162
3161
3161
3159
3159
3155
3155
3154
3154
3151
3150
3150
3149
3149
3148
3144
3144
3143
3141
3140
3138
3137
3136
3135
3135
3135
3133
3133
3132
3132
3131
3130
3129
3128
3127
3126
3122
3121
3121
3120
3119
3119
3119
3119
3118
3117
3116
3116
3115
3114
3114
3112
3112
3110
3110
3108
3105
3104
3103
3103
3102
3102
3101
3099
3099
3098
3098
3098
3095
3094
3093
3092
3092
3091
3091
3090
3090
3089
3088
3087
3085
3085
3084
3084
3084
3083
3083
3083
3081
3080
3079
3077
3077
3077
3076
3076
3076
3075
3075
3074
3074
3073
3072
3072
3070
3070
3068
3067
3065
3064
3063
3060
3060
3059
3057
3057
3055
3053
3052
3051
3050
3049
3047
3047
3046
3044
3044
3043
3042
3037
3036
3033
3032
3032
3032
3031
3031
3030
3029
3028
3026
3023
3022
3020
3020
3018
3017
3017
3016
3015
3015
3015
3015
3015
3009
3007
3007
3007
3007
3006
3004
3004
3004
3003
3003
3001
3000
3000
2999
2998
2998
2997
2996
2995
2991
2991
2991
2990
2990
2989
2984
2983
2981
2980
2980
2976
2976
2975
2975
2974
2973
2973
2972
2972
2971
2971
2971
2970
2970
2970
2968
2966
2966
2965
2962
2961
2961
2961
2959
2958
2958
2958
2956
2955
2954
2954
2953
2952
2952
2950
2948
2946
2945
2944
2942
2941
2941
2940
2938
2936
2936
2936
2935
2935
2932
2931
2930
2927
2925
2924
2924
2924
2924
2923
2923
2922
2921
2921
2921
2920
2920
2920
2919
2916
2915
2915
2914
2913
2913
2912
2911
2909
2908
2907
2906
2904
2903
2902
2902
2902
2901
2901
2901
2901
2900
2900
2900
2900
2898
2896
2896
2895
2894
2893
2893
2893
2892
2892
2891
2888
2888
2887
2887
2886
2885
2883
2883
2882
2881
2879
2878
2876
2875
2874
2874
2873
2870
2870
2868
2868
2865
2865
2864
2861
2860
2859
2858
2858
2857
2856
2855
2854
2854
2853
2853
2852
2851
2851
2851
2851
2850
2849
2849
2849
2849
2848
2846
2846
2845
2844
2842
2841
2841
2840
2838
2837
2837
2836
2834
2833
2833
2830
2829
2829
2828
2827
2825
2825
2825
2823
2822
2820
2818
2818
2816
2816
2815
2813
2811
2810
2810
2807
2807
2806
2806
2806
2805
2802
2801
2799
2799
2799
2797
2797
2797
2797
2796
2796
2795
2793
2793
2793
2791
2790
2790
2789
2789
2789
2786
2785
2784
2784
2784
2783
2782
2780
2779
2779
2778
2778
2777
2776
2776
2776
2776
2774
2774
2773
2772
2771
2771
2770
2768
2767
2767
2764
2763
2763
2762
2761
2760
2760
2759
2757
2756
2756
2755
2755
2753
2752
2751
2751
2750
2749
2749
2749
2748
2746
2743
2739
2739
2738
2737
2737
2736
2734
2733
2731
2729
2729
2728
2727
2726
2726
2726
2725
2724
2724
2723
2723
2721
2720
2720
2720
2719
2716
2715
2715
2715
2715
2714
2714
2714
2714
2711
2710
2710
2710
2710
2709
2709
2708
2708
2706
2706
2705
2704
2703
2703
2701
2700
2699
2699
2698
2698
2697
2695
2694
2694
2693
2693
2693
2691
2688
2688
2686
2686
2685
2684
2684
2684
2682
2681
2680
2680
2679
2679
2678
2678
2676
2676
2676
2676
2676
2675
2675
2674
2674
2672
2669
2666
2666
2662
2661
2659
2658
2658
2656
2654
2652
2652
2649
2648
2643
2643
2642
2642
2640
2640
2640
2640
2639
2638
2638
2637
2635
2634
2633
2632
2632
2632
2632
2631
2631
2628
2624
2624
2623
2621
2619
2618
2617
2617
2616
2616
2616
2615
2614
2612
2612
2610
2610
2609
2609
2609
2608
2607
2605
2603
2603
2600
2599
2594
2594
2594
2594
2593
2592
2590
2588
2588
2586
2586
2584
2584
2583
2582
2581
2580
2579
2577
2576
2575
2573
2573
2572
2572
2572
2570
2570
2570
2569
2567
2567
2566
2566
2566
2565
2564
2560
2560
2558
2557
2557
2555
2554
2553
2553
2552
2552
2551
2550
2550
2550
2549
2548
2548
2548
2548
2546
2546
2545
2545
2542
2541
2540
2540
2539
2539
2538
2538
2537
2533
2532
2531
2530
2530
2530
2529
2528
2526
2525
2525
2525
2525
2523
2523
2522
2520
2520
2519
2518
2517
2517
2515
2513
2511
2511
2509
2509
2509
2509
2509
2507
2505
2505
2504
2504
2504
2503
2502
2501
2501
2501
2500
2500
2498
2498
2496
2496
2495
2495
2495
2492
2491
2490
2490
2488
2488
2486
2485
2485
2485
2485
2484
2484
2483
2482
2482
2480
2477
2476
2475
2474
2471
2471
2469
2469
2467
2466
2465
2465
2465
2464
2464
2463
2461
2461
2461
2460
2460
2459
2458
2458
2458
2458
2456
2453
2452
2452
2450
2450
2446
2446
2444
2444
2441
2441
2441
2440
2440
2438
2436
2436
2435
2432
2430
2429
2429
2429
2428
2426
2425
2425
2423
2423
2422
2422
2420
2419
2419
2418
2418
2417
2417
2417
2414
2412
2411
2411
2411
2410
2408
2405
2404
2404
2404
2400
2398
2396
2395
2395
2390
2390
2389
2388
2388
2383
2382
2381
2380
2380
2379
2379
2378
2377
2377
2377
2376
2372
2369
2368
2368
2366
2366
2365
2360
2359
2356
2356
2354
2354
2354
2353
2352
2351
2349
2349
2349
2348
2348
2345
2345
2344
2344
2341
2341
2339
2338
2338
2337
2337
2337
2337
2336
2336
2335
2334
2334
2333
2333
2333
2332
2332
2329
2328
2328
2323
2322
2321
2321
2320
2319
2318
2318
2317
2317
2316
2315
2310
2310
2309
2308
2308
2308
2307
2307
2305
2304
2304
2303
2302
2302
2301
2299
2299
2297
2297
2294
2294
2294
2293
2293
2292
2292
2292
2290
2288
2285
2285
2281
2280
2280
2279
2278
2276
2276
2273
2272
2272
2271
2268
2268
2267
2266
2266
2265
2265
2264
2262
2259
2259
2258
2257
2255
2254
2254
2252
2252
2251
2250
2248
2246
2244
2244
2244
2243
2242
2241
2241
2241
2239
2238
2238
2236
2235
2235
2235
2233
2233
2233
2232
2231
2231
2230
2230
2228
2227
2226
2225
2223
2222
2221
2219
2218
2216
2216
2215
2215
2212
2212
2212
2210
2209
2209
2207
2205
2204
2201
2201
2200
2197
2197
2196
2196
2195
2195
2195
2193
2193
2192
2190
2190
2189
2189
2189
2188
2188
2186
2186
2186
2184
2182
2182
2178
2178
2173
2171
2170
2170
2166
2164
2164
2164
2163
2161
2161
2160
2160
2160
2160
2159
2158
2158
2155
2154
2154
2154
2152
2151
2151
2151
2150
2148
2147
2146
2146
2146
2143
2140
2140
2138
2136
2133
2132
2130
2130
2127
2127
2127
2126
2123
2123
2121
2121
2121
2121
2119
2119
2117
2116
2115
2115
2113
2113
2112
2110
2109
2108
2108
2106
2105
2103
2103
2103
2103
2102
2101
2100
2099
2099
2099
2099
2099
2099
2098
2098
2097
2096
2094
2092
2088
2087
2086
2084
2084
2080
2079
2079
2077
2076
2075
2074
2073
2073
2072
2072
2072
2070
2070
2067
2066
2066
2065
2065
2064
2064
2061
2061
2060
2060
2060
2058
2057
2057
2055
2054
2053
2053
2052
2052
2052
2051
2048
2046
2045
2045
2045
2045
2045
2045
2044
2042
2041
2041
2040
2039
2038
2038
2034
2032
2030
2030
2030
2028
2028
2026
2026
2025
2025
2024
2024
2023
2021
2019
2018
2018
2018
2017
2017
2016
2016
2016
2015
2014
2014
2013
2010
2008
2007
2007
2006
2003
2002
2002
2000
1999
1996
1996
1995
1995
1992
1991
1991
1991
1991
1990
1990
1989
1988
1986
1985
1984
1984
1984
1983
1983
1983
1978
1978
1977
1976
1976
1976
1975
1973
1972
1972
1972
1971
1970
1969
1965
1965
1964
1963
1963
1963
1962
1962
1961
1959
1958
1957
1956
1956
1953
1952
1952
1951
1950
1950
1950
1949
1949
1946
1946
1946
1945
1944
1943
1942
1942
1937
1936
1935
1933
1932
1932
1930
1929
1927
1926
1925
1924
1923
1923
1920
1919
1919
1918
1917
1917
1915
1914
1913
1913
1913
1911
1910
1909
1908
1908
1907
1906
1905
1905
1903
1903
1903
1902
1902
1902
1901
1898
1895
1892
1891
1889
1889
1887
1883
1883
1883
1882
1882
1882
1881
1878
1877
1876
1876
1876
1876
1876
1875
1875
1874
1872
1871
1871
1871
1870
1869
1868
1867
1867
1863
1863
1859
1859
1858
1857
1856
1855
1855
1853
1853
1852
1852
1852
1851
1851
1847
1846
1844
1843
1841
1840
1839
1838
1838
1838
1837
1837
1837
1835
1832
1832
1831
1830
1828
1825
1824
1823
1821
1821
1820
1818
1818
1817
1816
1815
1815
1813
1813
1812
1812
1812
1808
1807
1806
1805
1805
1805
1803
1803
1802
1801
1800
1800
1798
1798
1798
1797
1795
1794
1792
1790
1789
1789
1789
1789
1788
1787
1786
1785
1785
1784
1784
1783
1783
1783
1782
1781
1774
1774
1773
1773
1773
1772
1772
1771
1765
1764
1761
1761
1760
1760
1758
1758
1758
1758
1757
1757
1756
1754
1753
1753
1752
1752
1751
1751
1750
1750
1749
1749
1748
1746
1746
1745
1745
1743
1743
1737
1736
1734
1734
1733
1732
1728
1727
1724
1723
1721
1721
1719
1718
1718
1717
1716
1716
1716
1712
1711
1711
1710
1709
1709
1707
1706
1706
1704
1704
1704
1703
1699
1699
1699
1697
1694
1693
1691
1691
1690
1689
1687
1686
1684
1681
1681
1679
1678
1677
1675
1674
1673
1671
1671
1670
1667
1666
1666
1666
1665
1664
1663
1663
1662
1661
1658
1652
1651
1651
1648
1645
1645
1644
1643
1642
1641
1640
1639
1638
1638
1637
1636
1636
1636
1635
1631
1631
1631
1631
1631
1631
1630
1628
1628
1627
1627
1626
1626
1625
1625
1625
1624
1624
1622
1621
1620
1620
1616
1615
1612
1612
1611
1611
1610
1609
1608
1608
1608
1607
1607
1605
1602
1602
1597
1595
1594
1594
1593
1593
1593
1592
1592
1591
1590
1590
1590
1589
1585
1585
1583
1583
1582
1582
1582
1582
1579
1576
1576
1575
1575
1575
1572
1571
1570
1570
1567
1567
1566
1565
1562
1561
1561
1561
1560
1560
1560
1554
1552
1550
1549
1548
1547
1547
1547
1547
1542
1542
1540
1540
1538
1534
1533
1532
1532
1531
1530
1529
1528
1528
1526
1526
1525
1525
1522
1520
1519
1518
1518
1518
1514
1513
1512
1512
1511
1509
1509
1509
1508
1508
1508
1508
1507
1505
1505
1505
1503
1503
1501
1500
1498
1498
1497
1496
1496
1495
1493
1492
1491
1491
1491
1489
1488
1488
1487
1486
1484
1483
1482
1482
1480
1480
1478
1474
1473
1473
1473
1472
1472
1470
1470
1468
1464
1460
1459
1459
1458
1458
1457
1456
1455
1455
1454
1454
1452
1452
1451
1451
1450
1447
1447
1447
1446
1446
1444
1444
1444
1443
1443
1443
1442
1442
1442
1442
1439
1439
1439
1438
1437
1437
1436
1436
1434
1433
1433
1431
1430
1429
1426
1425
1425
1424
1424
1423
1423
1418
1418
1417
1416
1416
1415
1414
1413
1412
1412
1412
1411
1410
1408
1405
1405
1404
1403
1403
1403
1400
1399
1399
1398
1397
1395
1394
1394
1394
1393
1392
1391
1388
1386
1385
1385
1384
1380
1379
1378
1377
1377
1376
1375
1374
1372
1371
1370
1368
1367
1366
1366
1365
1365
1363
1363
1362
1361
1361
1358
1357
1357
1357
1357
1353
1351
1349
1348
1347
1347
1345
1342
1342
1341
1338
1336
1335
1332
1331
1331
1330
1328
1324
1323
1323
1322
1321
1320
1319
1318
1317
1317
1317
1315
1313
1312
1311
1308
1306
1304
1303
1302
1301
1301
1298
1298
1295
1294
1294
1294
1292
1292
1292
1291
1290
1290
1290
1289
1287
1285
1284
1283
1283
1283
1282
1280
1276
1275
1274
1274
1274
1273
1270
1268
1267
1266
1264
1264
1264
1263
1262
1261
1261
1260
1258
1258
1257
1256
1256
1254
1250
1246
1246
1243
1243
1243
1241
1240
1239
1239
1238
1238
1237
1237
1233
1231
1229
1229
1226
1226
1225
1224
1224
1224
1223
1223
1222
1221
1221
1220
1219
1218
1218
1216
1214
1212
1211
1210
1207
1205
1205
1204
1200
1200
1200
1198
1198
1197
1196
1196
1194
1193
1192
1191
1190
1189
1189
1189
1187
1187
1187
1185
1185
1185
1184
1183
1181
1180
1180
1179
1178
1178
1177
1177
1175
1174
1174
1173
1172
1171
1167
1165
1164
1164
1164
1163
1163
1163
1161
1161
1159
1159
1159
1155
1155
1155
1155
1154
1153
1152
1150
1150
1149
1144
1143
1141
1140
1139
1138
1137
1135
1135
1134
1134
1133
1133
1133
1132
1131
1130
1128
1128
1127
1124
1123
1121
1119
1116
1116
1116
1115
1111
1111
1108
1105
1105
1105
1104
1104
1103
1102
1102
1101
1101
1101
1101
1101
1100
1100
1099
1098
1097
1097
1096
1096
1096
1094
1093
1093
1092
1090
1089
1088
1088
1087
1087
1086
1086
1085
1083
1083
1083
1081
1081
1081
1080
1080
1080
1079
1078
1075
1075
1074
1074
1073
1069
1068
1068
1066
1066
1064
1064
1061
1059
1059
1059
1058
1056
1055
1054
1053
1053
1052
1052
1052
1050
1050
1048
1048
1048
1047
1040
1038
1038
1038
1038
1035
1035
1035
1035
1034
1033
1032
1032
1032
1029
1027
1027
1027
1026
1024
1024
1024
1023
1021
1021
1019
1019
1018
1016
1016
1016
1014
1010
1009
1007
1006
1005
1004
1003
1003
1003
1000
999
998
998
997
997
996
994
994
993
992
988
987
984
984
983
982
982
981
981
977
977
976
976
975
974
973
973
972
972
970
969
967
965
963
960
960
960
958
958
958
958
957
955
954
954
954
952
952
951
951
950
950
949
948
947
946
946
946
945
945
944
944
943
941
940
935
934
933
932
932
932
931
929
927
927
927
922
920
919
917
917
913
912
911
910
909
905
903
901
898
897
895
894
893
892
892
891
891
891
889
889
889
888
887
887
885
882
882
880
879
878
876
876
874
874
873
873
873
872
870
868
866
866
866
863
863
862
861
860
858
858
855
852
847
846
845
842
842
842
842
840
838
836
835
834
830
829
827
827
826
824
824
824
822
821
821
820
816
816
816
814
813
812
812
812
812
809
808
808
806
802
802
802
802
802
800
800
795
794
793
791
789
789
787
783
779
779
774
774
774
772
770
768
768
767
767
765
765
764
763
763
762
761
761
761
761
760
760
759
758
756
756
755
755
754
751
751
749
749
748
746
746
746
746
745
744
743
743
743
741
741
739
739
738
737
735
735
732
731
730
730
728
728
727
727
727
726
725
725
724
724
724
724
723
723
723
721
721
720
720
719
717
716
715
714
714
713
712
711
707
706
705
704
702
701
700
700
700
700
698
697
697
697
696
693
692
692
691
691
690
689
689
688
688
686
686
685
684
683
683
683
680
676
676
676
675
673
671
670
670
669
669
668
667
665
663
661
660
660
660
655
654
654
653
653
653
652
652
651
649
649
649
648
647
645
644
644
642
639
637
637
634
632
632
632
631
631
630
630
629
628
626
623
621
619
619
617
616
616
615
615
615
614
612
610
609
608
608
606
604
604
602
602
601
600
594
594
593
592
592
592
590
589
589
589
588
587
587
584
583
580
580
580
580
579
578
577
577
576
576
573
572
570
569
568
567
566
566
565
564
563
563
562
561
560
559
557
556
556
554
554
552
552
551
550
550
548
548
546
545
544
544
543
543
543
542
542
541
540
540
537
537
536
536
536
535
534
533
532
531
530
530
528
528
527
526
526
521
520
520
519
518
518
517
517
517
513
513
512
511
511
511
510
509
509
509
508
508
507
507
507
506
506
506
505
504
503
503
503
502
501
500
500
499
498
498
497
495
494
493
492
492
492
490
490
486
486
483
483
482
479
478
477
477
475
473
473
472
471
470
470
469
468
465
464
462
462
462
461
460
459
458
455
455
454
453
452
451
451
447
447
447
446
445
444
444
444
443
442
441
440
440
440
439
438
438
437
436
436
436
434
434
433
433
432
431
431
430
430
430
430
429
428
427
426
425
425
425
422
422
422
421
420
420
417
417
415
414
413
413
411
411
406
404
402
401
401
399
395
393
393
393
393
392
388
388
387
386
386
382
379
379
378
378
377
377
376
374
373
373
372
372
371
370
369
369
369
368
368
367
367
366
365
362
362
362
362
359
359
359
358
357
357
356
356
355
355
351
348
348
347
346
345
344
344
341
339
338
338
337
333
332
332
330
330
327
326
323
323
322
318
317
317
317
317
313
312
311
310
309
309
308
307
305
305
304
303
302
302
301
300
300
299
299
298
297
297
295
294
294
292
292
291
290
290
290
289
289
287
286
284
284
283
283
281
280
280
279
279
276
276
275
274
274
269
268
268
268
268
267
267
266
265
263
261
261
261
261
256
256
254
254
252
252
252
251
251
247
246
245
244
244
244
240
240
237
236
235
233
232
232
228
225
222
220
219
216
215
212
209
209
209
208
208
206
206
205
205
203
203
201
201
199
198
197
197
196
195
191
190
189
188
188
187
185
185
184
184
183
180
179
179
178
177
177
177
177
176
175
174
174
173
173
172
171
169
168
168
166
165
164
161
160
160
160
159
159
159
158
157
157
157
155
154
153
152
151
149
149
148
146
145
144
142
141
140
139
139
137
135
135
133
132
131
130
128
126
125
123
123
120
119
118
118
116
116
116
115
114
114
112
112
111
109
109
109
109
109
107
107
105
105
100
98
97
95
95
92
92
92
91
88
86
85
85
84
82
80
77
77
77
77
77
76
75
74
71
67
66
63
63
61
61
61
61
60
58
57
53
50
49
46
46
45
45
45
44
44
44
44
44
38
38
36
36
35
33
32
31
31
30
29
28
27
26
26
25
25
24
24
21
21
20
19
18
18
16
15
14
13
12
12
12
10
9
9
9
9
5
4
4
3
2
1
1
