9998
9998
9996
9994
9993
9992
9992
9992
9991
9990
9990
9990
9989
9987
9986
9986
9985
9985
9981
9980
9979
9979
9978
9978
9976
9974
9971
9970
9969
9967
9964
9964
9962
9962
9960
9957
9956
9956
9954
9952
9951
9948
9947
9947
9947
9946
9946
9944
9942
9942
9941
9940
9937
9937
9936
9935
9933
9932
9932
9930
9929
9929
9928
9927
9927
9926
9925
9924
9922
9921
9921
9917
9916
9913
9911
9910
9910
9910
9909
9909
9908
9908
9907
9904
9902
9901
9900
9898
9898
9897
9897
9897
9896
9890
9890
9890
9888
9888
9888
9887
9886
9886
9885
9885
9885
9884
9883
9883
9882
9882
9881
9880
9880
9876
9875
9873
9873
9871
9870
9869
9868
9867
9864
9863
9863
9861
9861
9859
9859
9858
9857
9857
9856
9855
9854
9853
9848
9848
9846
9845
9844
9843
9842
9839
9838
9837
9837
9837
9836
9835
9834
9830
9829
9829
9828
9828
9827
9825
9824
9824
9824
9823
9818
9818
9818
9818
9817
9815
9814
9814
9814
9812
9812
9812
9810
9810
9808
9806
9806
9805
9805
9804
9804
9802
9802
9800
9799
9799
9797
9796
9796
9794
9792
9791
9790
9790
9789
9788
9788
9787
9786
9786
9785
9784
9784
9782
9781
9781
9780
9780
9779
9777
9776
9776
9775
9775
9774
9773
9771
9771
9771
9771
9770
9770
9768
9767
9766
9765
9765
9763
9762
9761
9760
9759
9759
9759
9757
9757
9756
9753
9753
9753
9753
9752
9751
9751
9751
9750
9749
9748
9748
9747
9747
9746
9746
9744
9743
9741
9741
9739
9737
9737
9736
9734
9734
9733
9732
9731
9731
9731
9731
9729
9727
9726
9726
9725
9725
9724
9721
9721
9721
9719
9718
9717
9717
9716
9716
9715
9712
9711
9711
9711
9710
9708
9705
9704
9699
9698
9693
9690
9690
9689
9687
9687
9687
9686
9679
9679
9676
9675
9675
9675
9675
9674
9673
9668
9665
9664
9663
9663
9662
9661
9657
9655
9654
9654
9654
9653
9652
9651
9651
9650
9650
9648
9648
9648
9648
9646
9646
9643
9643
9642
9642
9640
9639
9639
9637
9636
9634
9632
9632
9631
9629
9627
9625
9624
9623
9621
9618
9618
9617
9617
9616
9614
9614
9614
9611
9611
9610
9610
9604
9604
9603
9602
9602
9599
9598
9596
9594
9593
9588
9587
9587
9586
9586
9584
9579
9579
9578
9576
9576
9572
9572
9571
9571
9570
9568
9567
9567
9565
9565
9565
9564
9564
9564
9558
9556
9555
9555
9555
9553
9552
9552
9551
9550
9549
9548
9547
9547
9546
9546
9545
9545
9544
9543
9543
9542
9542
9539
9537
9536
9535
9533
9531
9531
9530
9529
9528
9528
9528
9528
9526
9526
9525
9524
9524
9522
9521
9520
9519
9518
9516
9515
9515
9514
9512
9511
9511
9509
9509
9508
9506
9506
9505
9504
9504
9504
9502
9502
9502
9502
9501
9501
9500
9500
9499
9494
9494
9493
9492
9491
9491
9491
9489
9489
9488
9485
9483
9482
9482
9482
9478
9477
9475
9474
9472
9471
9471
9466
9465
9463
9461
9460
9458
9457
9455
9454
9454
9452
9451
9451
9450
9449
9445
9444
9443
9442
9440
9440
9439
9439
9438
9438
9437
9437
9436
9435
9435
9435
9428
9426
9426
9424
9424
9422
9422
9422
9421
9419
9419
9419
9417
9416
9416
9414
9412
9411
9408
9407
9406
9406
9404
9403
9403
9402
9400
9399
9397
9396
9395
9394
9390
9389
9387
9386
9386
9386
9385
9384
9384
9383
9378
9378
9377
9374
9374
9372
9368
9368
9368
9367
9365
9364
9364
9364
9363
9362
9362
9360
9360
9360
9359
9359
9358
9357
9357
9356
9356
9355
9355
9353
9353
9353
9352
9351
9351
9351
9351
9350
9348
9348
9347
9346
9345
9344
9341
9339
9338
9337
9336
9336
9333
9333
9333
9331
9330
9330
9329
9329
9328
9327
9327
9327
9326
9326
9325
9325
9325
9325
9323
9320
9319
9318
9318
9315
9314
9312
9311
9311
9310
9308
9305
9305
9304
9301
9300
9299
9299
9296
9296
9295
9294
9293
9292
9289
9288
9287
9287
9287
9286
9286
9285
9284
9284
9284
9284
9284
9282
9282
9282
9280
9280
9278
9277
9277
9276
9276
9276
9275
9269
9267
9265
9265
9263
9262
9262
9262
9260
9260
9259
9258
9256
9256
9255
9255
9254
9252
9251
9250
9249
9249
9248
9248
9247
9247
9246
9246
9241
9240
9238
9237
9236
9234
9233
9232
9231
9230
9229
9226
9226
9225
9225
9222
9220
9220
9219
9219
9215
9214
9214
9209
9208
9207
9205
9203
9202
9201
9199
9199
9198
9197
9197
9191
9191
9189
9189
9188
9186
9185
9184
9183
9182
9182
9181
9178
9178
9177
9176
9176
9174
9173
9172
9170
9169
9169
9166
9166
9166
9165
9165
9164
9163
9163
9162
9162
9161
9159
9159
9159
9158
9157
9156
9156
9154
9154
9153
9150
9150
9150
9150
9148
9148
9147
9147
9147
9146
9145
9143
9143
9143
9143
9143
9142
9141
9141
9140
9140
9138
9135
9133
9132
9130
9130
9130
9128
9128
9128
9126
9126
9126
9123
9122
9122
9119
9118
9117
9116
9116
9115
9114
9114
9114
9111
9111
9110
9109
9106
9106
9105
9105
9104
9103
9103
9103
9103
9102
9101
9100
9100
9100
9099
9098
9097
9096
9095
9094
9094
9092
9092
9092
9092
9090
9090
9088
9086
9085
9085
9084
9084
9083
9083
9081
9081
9080
9080
9079
9078
9077
9075
9075
9074
9073
9073
9072
9070
9069
9069
9067
9067
9066
9066
9065
9065
9065
9063
9062
9061
9059
9058
9057
9057
9057
9056
9056
9055
9055
9052
9050
9049
9048
9043
9041
9041
9039
9037
9036
9033
9032
9028
9027
9027
9027
9024
9024
9023
9021
9019
9014
9014
9013
9012
9011
9011
9010
9009
9009
9007
9007
9007
9006
9006
9005
9005
9002
9002
9002
9000
8999
8999
8998
8998
8996
8996
8994
8993
8992
8992
8990
8990
8988
8986
8985
8985
8984
8982
8982
8978
8977
8976
8976
8975
8974
8974
8970
8970
8970
8970
8969
8968
8967
8967
8966
8965
8964
8964
8962
8962
8960
8959
8959
8959
8958
8958
8957
8954
8954
8953
8951
8949
8948
8947
8946
8942
8941
8941
8939
8938
8937
8935
8934
8933
8932
8931
8928
8928
8926
8922
8921
8920
8919
8919
8918
8917
8917
8916
8916
8912
8911
8910
8910
8909
8909
8909
8909
8907
8905
8904
8904
8904
8903
8901
8901
8896
8895
8895
8895
8894
8893
8893
8892
8889
8888
8888
8885
8883
8882
8882
8882
8881
8880
8880
8878
8878
8878
8878
8878
8875
8874
8873
8873
8871
8871
8871
8870
8869
8869
8869
8868
8868
8868
8867
8866
8865
8865
8860
8860
8860
8859
8859
8857
8856
8855
8854
8852
8851
8851
8850
8849
8848
8846
8846
8846
8845
8845
8843
8843
8843
8841
8841
8840
8840
8835
8834
8831
8830
8829
8829
8828
8826
8826
8825
8824
8824
8823
8823
8822
8822
8820
8819
8817
8816
8815
8815
8813
8813
8812
8812
8812
8811
8810
8809
8809
8808
8806
8806
8805
8799
8797
8797
8796
8795
8795
8795
8795
8793
8792
8790
8787
8786
8786
8782
8779
8777
8776
8775
8773
8773
8771
8771
8770
8767
8767
8767
8766
8761
8760
8760
8759
8758
8756
8755
8755
8755
8754
8752
8751
8750
8750
8750
8749
8748
8748
8748
8747
8747
8745
8745
8745
8744
8744
8743
8743
8742
8741
8741
8738
8738
8738
8736
8735
8735
8734
8734
8733
8733
8730
8729
8728
8726
8725
8719
8718
8717
8716
8714
8713
8712
8711
8711
8710
8710
8709
8707
8706
8706
8706
8705
8705
8704
8704
8704
8702
8702
8702
8701
8700
8699
8697
8696
8694
8692
8690
8688
8688
8688
8687
8685
8685
8684
8684
8684
8684
8683
8680
8680
8680
8680
8679
8677
8676
8676
8676
8674
8674
8673
8673
8672
8671
8671
8670
8669
8668
8666
8666
8665
8665
8663
8663
8663
8662
8659
8656
8656
8655
8653
8653
8651
8649
8647
8647
8646
8645
8645
8644
8643
8642
8642
8641
8638
8638
8637
8637
8636
8636
8635
8633
8633
8632
8632
8631
8631
8630
8629
8628
8628
8628
8627
8626
8626
8626
8626
8625
8624
8623
8620
8619
8619
8619
8617
8616
8615
8614
8613
8612
8612
8607
8607
8606
8604
8604
8604
8604
8602
8602
8601
8601
8601
8599
8598
8598
8596
8594
8593
8593
8592
8591
8590
8590
8589
8589
8588
8587
8584
8583
8581
8580
8579
8579
8578
8576
8576
8576
8574
8574
8574
8574
8573
8572
8572
8569
8568
8567
8566
8566
8565
8564
8563
8561
8560
8559
8558
8557
8557
8557
8556
8555
8553
8553
8552
8552
8551
8548
8548
8548
8547
8547
8546
8546
8545
8544
8542
8541
8534
8534
8532
8530
8527
8527
8527
8527
8525
8525
8525
8524
8523
8523
8522
8521
8519
8518
8518
8516
8514
8514
8513
8512
8512
8511
8510
8510
8510
8509
8509
8508
8508
8508
8507
8507
8501
8498
8497
8496
8495
8495
8495
8494
8489
8488
8488
8488
8488
8487
8486
8484
8483
8483
8483
8483
8483
8481
8481
8481
8480
8474
8473
8472
8472
8470
8470
8470
8470
8470
8468
8465
8465
8464
8462
8462
8461
8461
8461
8460
8453
8453
8453
8452
8452
8451
8448
8448
8448
8447
8447
8446
8446
8442
8442
8441
8440
8440
8439
8439
8439
8435
8435
8434
8434
8433
8433
8433
8430
8428
8428
8428
8428
8426
8425
8425
8423
8423
8423
8423
8422
8421
8420
8420
8417
8417
8417
8415
8413
8413
8413
8412
8412
8412
8411
8409
8409
8409
8408
8407
8407
8405
8402
8401
8399
8399
8399
8398
8397
8396
8395
8395
8394
8392
8391
8390
8386
8385
8385
8383
8382
8382
8382
8381
8379
8379
8379
8378
8376
8375
8374
8374
8373
8372
8371
8365
8365
8362
8362
8361
8361
8360
8359
8358
8358
8356
8355
8355
8353
8352
8349
8349
8344
8343
8341
8339
8336
8336
8336
8334
8334
8334
8332
8332
8332
8330
8327
8327
8327
8326
8325
8325
8325
8324
8322
8322
8321
8320
8319
8319
8318
8316
8315
8313
8312
8311
8308
8306
8306
8305
8304
8301
8300
8300
8298
8297
8297
8297
8295
8295
8295
8291
8290
8288
8284
8283
8283
8283
8282
8282
8281
8280
8280
8280
8277
8276
8275
8275
8272
8271
8269
8267
8265
8264
8264
8264
8263
8263
8262
8262
8261
8261
8261
8260
8259
8258
8257
8255
8252
8250
8249
8248
8247
8244
8242
8241
8241
8241
8240
8240
8240
8236
8235
8234
8234
8234
8234
8233
8228
8227
8225
8223
8222
8219
8218
8218
8218
8217
8217
8216
8214
8213
8212
8211
8209
8207
8207
8206
8206
8205
8205
8203
8202
8201
8197
8196
8194
8194
8193
8192
8190
8189
8188
8188
8188
8188
8188
8187
8186
8185
8184
8183
8183
8181
8181
8181
8180
8179
8178
8178
8178
8178
8176
8176
8175
8175
8174
8174
8172
8171
8171
8171
8170
8169
8168
8165
8164
8164
8163
8163
8162
8161
8161
8160
8160
8159
8159
8158
8157
8155
8155
8155
8152
8151
8150
8150
8149
8148
8147
8147
8142
8142
8141
8141
8140
8137
8137
8137
8137
8136
8135
8134
8131
8131
8128
8128
8127
8125
8125
8124
8123
8123
8121
8121
8121
8120
8119
8119
8117
8116
8115
8115
8114
8113
8113
8112
8111
8111
8109
8106
8106
8105
8105
8105
8104
8103
8102
8101
8101
8101
8098
8097
8096
8096
8096
8094
8093
8092
8091
8090
8087
8086
8083
8082
8082
8081
8081
8079
8078
8077
8076
8075
8074
8073
8072
8071
8070
8070
8069
8068
8067
8067
8064
8064
8064
8063
8063
8061
8059
8059
8058
8058
8057
8054
8052
8048
8044
8043
8043
8041
8041
8041
8040
8040
8040
8039
8036
8035
8032
8030
8029
8028
8026
8023
8022
8022
8021
8020
8018
8017
8015
8014
8007
8006
8006
8005
8005
8005
8004
8004
8004
8002
8002
7999
7999
7999
7999
7998
7996
7996
7995
7994
7992
7992
7989
7989
7988
7986
7985
7985
7985
7984
7984
7983
7982
7980
7980
7979
7979
7976
7973
7971
7967
7966
7964
7964
7964
7963
7962
7962
7962
7960
7959
7956
7956
7956
7955
7955
7955
7954
7954
7953
7953
7952
7952
7952
7952
7952
7950
7947
7947
7945
7945
7943
7941
7940
7940
7938
7937
7937
7936
7936
7936
7935
7934
7934
7933
7931
7928
7926
7926
7926
7924
7923
7923
7923
7922
7920
7920
7920
7920
7919
7918
7917
7916
7914
7914
7914
7913
7913
7912
7912
7912
7911
7911
7909
7908
7906
7905
7905
7904
7904
7904
7900
7899
7899
7899
7898
7896
7895
7894
7892
7889
7888
7887
7887
7886
7884
7884
7884
7883
7881
7881
7880
7880
7879
7879
7877
7873
7870
7868
7868
7868
7868
7866
7865
7861
7861
7860
7860
7859
7858
7857
7855
7854
7854
7852
7851
7850
7846
7846
7846
7846
7845
7845
7844
7843
7839
7839
7838
7837
7837
7836
7832
7832
7830
7829
7828
7827
7826
7826
7825
7824
7824
7821
7819
7817
7817
7816
7814
7813
7813
7811
7810
7810
7809
7809
7809
7806
7805
7804
7804
7803
7803
7801
7800
7800
7797
7794
7793
7792
7788
7787
7787
7787
7787
7782
7781
7781
7780
7778
7778
7778
7777
7776
7776
7775
7774
7772
7772
7771
7771
7771
7770
7770
7769
7769
7768
7766
7766
7765
7764
7761
7757
7756
7755
7754
7753
7752
7750
7750
7749
7747
7746
7746
7746
7744
7743
7743
7742
7741
7741
7740
7740
7740
7740
7738
7736
7733
7731
7730
7728
7728
7726
7726
7725
7724
7724
7723
7720
7719
7718
7718
7718
7715
7715
7715
7715
7713
7711
7710
7709
7708
7706
7705
7704
7703
7703
7703
7702
7702
7701
7699
7699
7699
7698
7697
7696
7695
7694
7694
7693
7692
7692
7688
7685
7684
7684
7680
7679
7677
7676
7675
7675
7675
7673
7673
7671
7671
7670
7668
7668
7666
7665
7664
7663
7663
7662
7662
7659
7658
7656
7655
7652
7652
7650
7648
7646
7644
7643
7642
7642
7638
7638
7637
7635
7635
7634
7634
7633
7631
7630
7628
7627
7624
7621
7620
7619
7619
7619
7619
7619
7619
7618
7618
7617
7617
7616
7611
7611
7610
7609
7608
7607
7604
7602
7602
7601
7600
7598
7597
7596
7596
7595
7595
7593
7592
7591
7590
7590
7590
7589
7588
7585
7582
7581
7581
7580
7576
7576
7576
7574
7573
7573
7573
7571
7570
7570
7569
7568
7568
7566
7565
7563
7563
7561
7561
7560
7560
7558
7558
7556
7555
7554
7553
7553
7553
7552
7551
7550
7549
7547
7547
7546
7545
7544
7543
7542
7541
7541
7540
7540
7538
7535
7535
7532
7532
7530
7530
7530
7529
7528
7528
7527
7527
7527
7525
7524
7523
7521
7521
7521
7520
7520
7518
7517
7516
7515
7513
7513
7511
7511
7509
7506
7506
7506
7504
7504
7504
7503
7503
7502
7502
7502
7500
7500
7497
7496
7495
7493
7493
7493
7490
7490
7489
7489
7489
7489
7489
7488
7487
7485
7485
7484
7484
7484
7483
7482
7480
7479
7478
7478
7478
7478
7478
7477
7474
7474
7473
7472
7471
7470
7469
7468
7467
7466
7466
7465
7465
7464
7463
7461
7461
7460
7460
7459
7459
7458
7457
7453
7450
7450
7450
7447
7446
7445
7443
7441
7441
7440
7439
7438
7438
7437
7436
7432
7432
7432
7431
7431
7430
7427
7427
7427
7426
7423
7423
7422
7422
7422
7421
7421
7420
7420
7418
7418
7417
7415
7415
7413
7413
7413
7413
7412
7410
7410
7404
7403
7401
7401
7400
7399
7397
7395
7395
7394
7388
7387
7386
7386
7385
7384
7382
7381
7380
7377
7375
7375
7373
7372
7372
7372
7371
7370
7370
7368
7368
7367
7366
7366
7365
7365
7364
7362
7359
7357
7356
7356
7355
7354
7354
7354
7353
7351
7351
7350
7350
7348
7348
7343
7342
7342
7342
7342
7341
7339
7339
7339
7339
7338
7337
7336
7336
7335
7333
7333
7332
7328
7323
7323
7323
7322
7322
7321
7319
7318
7318
7318
7317
7316
7316
7314
7313
7313
7313
7312
7311
7311
7310
7309
7309
7308
7308
7307
7307
7306
7306
7305
7305
7303
7302
7302
7301
7299
7299
7296
7296
7294
7293
7293
7292
7292
7291
7290
7290
7285
7285
7284
7284
7282
7281
7279
7278
7278
7277
7274
7273
7267
7267
7266
7265
7263
7263
7262
7262
7259
7258
7257
7257
7256
7255
7254
7253
7253
7251
7251
7250
7247
7246
7246
7246
7245
7245
7244
7242
7241
7240
7240
7238
7238
7237
7237
7234
7233
7233
7233
7233
7232
7230
7228
7228
7221
7220
7220
7220
7218
7218
7217
7217
7216
7214
7212
7211
7210
7209
7209
7207
7207
7206
7205
7205
7205
7204
7201
7201
7201
7200
7199
7198
7197
7195
7194
7192
7191
7190
7190
7190
7189
7186
7185
7183
7183
7182
7178
7178
7178
7177
7175
7174
7174
7173
7172
7170
7169
7167
7166
7165
7165
7163
7161
7159
7159
7157
7156
7153
7150
7149
7148
7147
7145
7143
7142
7141
7140
7137
7137
7136
7135
7135
7134
7132
7129
7126
7125
7125
7123
7119
7119
7118
7117
7117
7116
7114
7113
7112
7111
7110
7109
7107
7107
7107
7106
7105
7104
7103
7102
7098
7097
7096
7096
7096
7096
7093
7092
7092
7092
7091
7089
7087
7086
7085
7085
7084
7084
7084
7084
7083
7082
7081
7080
7080
7079
7078
7078
7077
7077
7076
7075
7071
7070
7069
7068
7067
7067
7065
7064
7064
7063
7062
7062
7061
7060
7060
7060
7060
7059
7058
7056
7056
7055
7054
7053
7053
7053
7052
7051
7049
7048
7047
7045
7043
7043
7043
7042
7042
7039
7038
7038
7036
7036
7035
7035
7033
7031
7031
7030
7028
7026
7025
7023
7023
7022
7019
7019
7017
7017
7016
7016
7016
7016
7015
7015
7015
7015
7015
7012
7010
7009
7009
7009
7009
7008
7008
7006
7006
7006
7005
7004
7004
7003
7002
7001
6996
6995
6995
6994
6994
6993
6993
6992
6989
6989
6989
6988
6988
6988
6988
6988
6987
6986
6985
6984
6983
6982
6981
6979
6979
6978
6977
6977
6976
6975
6975
6973
6971
6970
6970
6969
6968
6968
6967
6965
6964
6963
6963
6963
6962
6961
6960
6960
6959
6957
6957
6956
6956
6956
6956
6955
6954
6953
6951
6950
6950
6948
6947
6946
6945
6945
6944
6942
6942
6942
6941
6941
6941
6940
6940
6939
6938
6938
6938
6937
6936
6935
6931
6931
6930
6930
6928
6928
6927
6927
6927
6927
6927
6922
6921
6915
6912
6911
6911
6911
6909
6908
6907
6907
6906
6904
6904
6903
6902
6900
6900
6899
6898
6897
6895
6894
6894
6892
6892
6892
6892
6891
6888
6888
6887
6886
6885
6881
6881
6881
6877
6876
6876
6874
6873
6873
6872
6871
6871
6870
6868
6867
6867
6866
6865
6864
6863
6863
6862
6861
6860
6860
6858
6858
6856
6855
6854
6853
6853
6851
6850
6848
6848
6846
6846
6845
6844
6843
6843
6842
6840
6835
6834
6832
6830
6827
6827
6824
6823
6822
6822
6821
6821
6821
6819
6819
6819
6818
6815
6815
6813
6813
6811
6809
6808
6808
6802
6802
6802
6801
6799
6797
6792
6792
6789
6789
6789
6788
6788
6788
6786
6786
6785
6785
6785
6784
6783
6783
6781
6780
6779
6778
6777
6775
6775
6775
6774
6774
6773
6772
6771
6770
6770
6769
6769
6768
6765
6765
6764
6762
6761
6760
6759
6757
6757
6757
6754
6752
6752
6750
6750
6750
6749
6749
6748
6745
6745
6744
6744
6744
6743
6743
6743
6742
6742
6740
6739
6737
6737
6737
6735
6734
6734
6734
6733
6732
6732
6731
6730
6726
6723
6723
6723
6722
6719
6719
6719
6719
6717
6715
6714
6711
6709
6708
6708
6707
6706
6706
6705
6701
6699
6697
6693
6692
6691
6690
6690
6690
6685
6685
6684
6684
6682
6680
6679
6679
6678
6677
6677
6677
6675
6674
6673
6673
6672
6670
6669
6669
6668
6664
6663
6662
6661
6660
6660
6658
6658
6658
6657
6657
6656
6656
6654
6654
6653
6652
6651
6651
6651
6651
6650
6650
6649
6649
6647
6644
6644
6642
6642
6641
6641
6641
6639
6639
6635
6634
6629
6629
6629
6629
6627
6626
6625
6624
6624
6623
6622
6622
6621
6621
6621
6621
6620
6619
6619
6619
6618
6616
6616
6614
6611
6610
6609
6609
6607
6607
6606
6605
6604
6604
6604
6604
6604
6603
6603
6602
6602
6602
6602
6601
6600
6599
6599
6599
6598
6598
6598
6597
6597
6596
6595
6595
6593
6592
6588
6585
6585
6583
6582
6581
6580
6580
6580
6580
6579
6579
6579
6577
6574
6574
6572
6569
6567
6566
6565
6564
6562
6562
6560
6560
6558
6557
6557
6556
6556
6555
6553
6549
6548
6548
6547
6546
6546
6545
6540
6540
6538
6538
6538
6537
6536
6535
6534
6532
6531
6528
6527
6527
6527
6526
6524
6523
6522
6521
6521
6520
6520
6519
6519
6519
6518
6518
6516
6515
6514
6514
6513
6512
6511
6511
6511
6510
6507
6506
6504
6501
6499
6499
6494
6494
6494
6491
6491
6490
6489
6486
6486
6486
6486
6485
6485
6484
6482
6482
6482
6479
6478
6478
6476
6473
6472
6472
6471
6470
6470
6468
6468
6466
6466
6466
6465
6462
6462
6460
6458
6455
6454
6454
6453
6453
6451
6451
6451
6449
6449
6447
6445
6445
6444
6444
6441
6439
6439
6438
6438
6438
6437
6437
6433
6433
6431
6429
6427
6426
6425
6420
6418
6418
6417
6417
6417
6417
6416
6415
6414
6411
6411
6411
6408
6408
6407
6407
6406
6405
6404
6400
6399
6397
6397
6396
6396
6395
6394
6393
6392
6388
6388
6388
6386
6385
6383
6383
6382
6381
6381
6381
6380
6380
6378
6377
6375
6375
6372
6372
6371
6371
6370
6370
6369
6369
6368
6368
6367
6366
6365
6365
6364
6362
6361
6360
6359
6357
6354
6353
6352
6349
6348
6344
6343
6342
6341
6341
6340
6337
6337
6334
6334
6334
6333
6332
6329
6328
6328
6325
6325
6325
6325
6324
6323
6323
6322
6321
6321
6320
6320
6319
6319
6318
6317
6316
6315
6315
6314
6314
6314
6314
6314
6311
6309
6305
6305
6305
6304
6303
6302
6301
6300
6300
6298
6295
6294
6291
6291
6290
6289
6288
6287
6287
6284
6284
6284
6283
6281
6280
6280
6279
6279
6277
6277
6276
6274
6274
6274
6274
6273
6272
6272
6272
6272
6271
6270
6269
6268
6266
6266
6266
6266
6265
6265
6261
6260
6258
6258
6257
6255
6255
6254
6254
6252
6250
6250
6249
6248
6248
6247
6247
6247
6247
6246
6244
6242
6242
6242
6238
6236
6236
6236
6231
6231
6230
6228
6227
6227
6227
6226
6226
6225
6225
6225
6225
6223
6222
6221
6221
6219
6218
6216
6216
6215
6212
6212
6212
6212
6211
6211
6211
6210
6209
6208
6206
6203
6201
6201
6199
6199
6199
6193
6193
6191
6190
6188
6187
6185
6184
6182
6181
6179
6178
6175
6173
6172
6172
6170
6168
6165
6165
6165
6164
6164
6162
6162
6160
6158
6158
6156
6155
6154
6152
6151
6150
6150
6149
6148
6146
6143
6142
6141
6141
6140
6137
6134
6132
6131
6130
6130
6128
6127
6123
6122
6122
6122
6119
6119
6117
6115
6114
6113
6106
6106
6106
6105
6102
6102
6102
6101
6101
6100
6098
6097
6096
6096
6093
6090
6090
6090
6088
6087
6087
6086
6086
6085
6082
6082
6082
6082
6081
6081
6080
6079
6077
6077
6077
6074
6074
6074
6073
6073
6072
6072
6071
6071
6070
6070
6069
6069
6068
6068
6068
6067
6067
6066
6065
6064
6063
6063
6063
6063
6060
6060
6060
6059
6059
6057
6054
6053
6052
6052
6052
6051
6051
6049
6049
6048
6048
6045
6045
6041
6040
6040
6035
6035
6033
6033
6033
6030
6029
6029
6029
6028
6027
6025
6023
6023
6022
6022
6021
6021
6020
6018
6017
6015
6014
6014
6012
6011
6011
6011
6010
6010
6010
6009
6006
6002
6000
6000
6000
5999
5999
5998
5998
5997
5996
5995
5994
5993
5991
5991
5991
5990
5987
5986
5985
5985
5985
5982
5982
5982
5980
5978
5974
5973
5972
5972
5971
5970
5970
5969
5967
5966
5965
5962
5962
5962
5960
5960
5957
5956
5955
5955
5954
5952
5950
5949
5947
5945
5942
5936
5935
5934
5934
5934
5930
5928
5926
5926
5925
5921
5921
5919
5917
5916
5916
5915
5914
5914
5913
5912
5911
5911
5911
5910
5908
5905
5904
5904
5901
5900
5899
5895
5893
5892
5891
5890
5890
5889
5888
5888
5887
5886
5886
5885
5884
5884
5883
5883
5883
5882
5881
5880
5879
5879
5877
5877
5875
5875
5875
5875
5873
5873
5869
5869
5867
5865
5863
5863
5861
5860
5860
5859
5859
5857
5854
5853
5852
5851
5851
5850
5849
5849
5848
5848
5845
5845
5844
5844
5842
5842
5839
5839
5837
5835
5835
5833
5829
5827
5827
5823
5822
5820
5820
5819
5819
5817
5816
5816
5815
5815
5813
5811
5811
5810
5808
5808
5807
5807
5806
5806
5804
5804
5803
5803
5799
5799
5795
5795
5794
5794
5790
5789
5788
5788
5787
5787
5786
5784
5784
5783
5782
5781
5780
5777
5776
5776
5773
5772
5771
5769
5767
5767
5766
5766
5763
5763
5762
5761
5760
5758
5756
5756
5755
5754
5753
5753
5751
5749
5749
5747
5746
5746
5744
5744
5742
5741
5738
5737
5737
5736
5735
5732
5731
5729
5728
5728
5727
5725
5725
5725
5724
5722
5721
5720
5720
5718
5718
5716
5715
5715
5714
5714
5713
5712
5711
5710
5710
5710
5707
5707
5706
5705
5703
5701
5701
5701
5699
5699
5698
5698
5698
5697
5697
5697
5696
5695
5695
5692
5689
5686
5686
5686
5685
5685
5685
5683
5683
5683
5680
5678
5677
5676
5674
5674
5673
5673
5672
5672
5671
5670
5668
5667
5667
5665
5665
5665
5660
5659
5658
5658
5656
5655
5651
5649
5649
5649
5648
5648
5648
5647
5646
5646
5646
5646
5645
5645
5643
5643
5641
5639
5638
5638
5637
5637
5637
5636
5636
5635
5634
5633
5632
5631
5631
5631
5630
5629
5629
5628
5626
5625
5625
5624
5624
5623
5621
5617
5616
5614
5614
5613
5612
5612
5611
5606
5606
5606
5605
5605
5605
5603
5603
5602
5601
5600
5599
5599
5599
5598
5598
5598
5598
5597
5597
5596
5596
5596
5596
5596
5593
5592
5592
5592
5590
5586
5586
5584
5583
5582
5581
5580
5580
5578
5577
5572
5571
5571
5569
5569
5568
5568
5567
5567
5566
5566
5565
5563
5562
5562
5562
5560
5560
5560
5559
5558
5556
5555
5555
5555
5554
5553
5553
5553
5553
5551
5549
5546
5545
5543
5543
5542
5540
5540
5539
5536
5536
5534
5534
5533
5532
5532
5532
5532
5529
5529
5529
5528
5528
5527
5521
5518
5518
5517
5516
5516
5515
5515
5513
5513
5512
5511
5511
5510
5510
5509
5509
5508
5508
5507
5506
5506
5505
5503
5502
5502
5500
5500
5499
5495
5495
5495
5490
5489
5489
5487
5484
5484
5483
5482
5482
5481
5481
5480
5480
5480
5479
5479
5479
5476
5472
5470
5469
5469
5468
5467
5467
5466
5466
5463
5462
5462
5460
5458
5457
5456
5455
5454
5453
5452
5451
5450
5449
5449
5447
5447
5445
5442
5441
5440
5439
5439
5438
5437
5436
5436
5435
5434
5434
5432
5432
5430
5429
5425
5425
5425
5425
5425
5423
5423
5423
5421
5418
5417
5416
5413
5413
5413
5412
5411
5411
5408
5407
5407
5406
5406
5405
5400
5398
5397
5396
5396
5395
5394
5394
5393
5392
5392
5386
5383
5382
5381
5380
5380
5379
5379
5377
5376
5375
5374
5374
5372
5371
5371
5370
5370
5369
5368
5366
5364
5363
5362
5362
5361
5359
5359
5358
5358
5357
5357
5356
5356
5356
5354
5354
5353
5353
5353
5352
5352
5349
5348
5347
5345
5343
5342
5342
5341
5341
5338
5338
5336
5335
5333
5332
5332
5332
5331
5330
5329
5327
5326
5326
5326
5322
5319
5316
5315
5314
5314
5314
5313
5312
5310
5310
5309
5309
5307
5307
5306
5305
5304
5303
5303
5302
5301
5297
5295
5294
5294
5293
5292
5292
5292
5292
5291
5291
5289
5288
5286
5286
5284
5283
5283
5283
5278
5277
5276
5276
5274
5274
5273
5273
5272
5271
5270
5267
5265
5265
5265
5265
5264
5261
5261
5261
5257
5257
5257
5256
5254
5253
5253
5244
5242
5241
5241
5240
5239
5239
5238
5238
5238
5237
5235
5235
5234
5233
5232
5232
5230
5229
5229
5229
5228
5228
5228
5228
5227
5227
5226
5226
5226
5223
5223
5222
5221
5221
5220
5220
5220
5219
5218
5217
5215
5215
5215
5213
5212
5211
5211
5211
5210
5209
5208
5207
5207
5206
5204
5204
5204
5204
5201
5200
5198
5198
5195
5194
5193
5192
5190
5189
5188
5187
5187
5187
5187
5185
5185
5183
5183
5181
5178
5175
5174
5174
5174
5172
5172
5172
5172
5171
5170
5170
5170
5170
5169
5169
5168
5167
5166
5165
5165
5165
5163
5163
5163
5161
5161
5158
5158
5158
5158
5157
5157
5157
5156
5155
5154
5152
5152
5152
5152
5151
5151
5150
5150
5149
5148
5148
5147
5146
5146
5146
5144
5142
5139
5138
5136
5133
5133
5131
5131
5128
5128
5127
5126
5125
5123
5123
5121
5120
5118
5118
5118
5117
5116
5116
5115
5113
5113
5112
5110
5110
5109
5109
5108
5108
5106
5106
5105
5105
5103
5100
5100
5097
5096
5095
5094
5094
5092
5091
5090
5089
5089
5089
5087
5086
5085
5085
5084
5083
5083
5083
5082
5082
5082
5081
5081
5079
5079
5079
5077
5077
5077
5073
5073
5073
5073
5070
5070
5070
5068
5068
5067
5065
5064
5061
5060
5060
5057
5057
5057
5052
5051
5051
5049
5049
5049
5049
5047
5047
5045
5043
5043
5042
5041
5041
5041
5039
5038
5037
5036
5036
5034
5031
5031
5029
5029
5028
5026
5025
5025
5025
5024
5023
5023
5022
5020
5019
5019
5018
5018
5017
5017
5017
5016
5015
5015
5015
5014
5014
5013
5013
5012
5011
5010
5007
5007
5005
5005
5001
5001
5001
5001
4999
4998
4997
4994
4993
4992
4992
4990
4989
4989
4988
4987
4987
4985
4984
4983
4983
4983
4981
4981
4979
4979
4978
4976
4975
4975
4973
4973
4972
4971
4969
4969
4968
4968
4967
4967
4967
4964
4964
4962
4960
4959
4959
4958
4957
4955
4955
4955
4953
4951
4951
4949
4949
4948
4948
4948
4946
4944
4944
4943
4942
4942
4942
4941
4939
4938
4938
4935
4935
4935
4934
4932
4931
4929
4928
4927
4927
4927
4926
4924
4922
4921
4920
4918
4918
4914
4913
4913
4912
4911
4911
4908
4908
4908
4908
4907
4906
4905
4903
4900
4899
4898
4895
4895
4893
4892
4891
4890
4888
4887
4887
4886
4886
4884
4884
4883
4883
4883
4882
4881
4881
4878
4877
4876
4874
4872
4869
4868
4867
4867
4866
4865
4863
4862
4862
4862
4861
4861
4858
4857
4856
4856
4856
4854
4850
4850
4849
4849
4848
4847
4846
4846
4846
4845
4845
4844
4842
4841
4839
4838
4837
4837
4837
4837
4837
4836
4835
4835
4835
4835
4835
4833
4832
4832
4831
4828
4828
4827
4825
4824
4822
4820
4820
4819
4818
4814
4813
4811
4810
4810
4809
4808
4808
4805
4803
4803
4802
4802
4800
4800
4798
4798
4797
4797
4796
4795
4794
4792
4790
4790
4788
4787
4787
4787
4784
4781
4780
4780
4776
4775
4774
4773
4773
4772
4772
4769
4769
4768
4767
4766
4765
4765
4763
4763
4762
4762
4760
4759
4759
4756
4756
4754
4754
4753
4750
4750
4749
4748
4747
4747
4745
4744
4742
4741
4740
4738
4738
4738
4737
4736
4734
4733
4732
4731
4731
4729
4728
4727
4727
4726
4725
4724
4723
4723
4721
4718
4718
4715
4715
4713
4713
4711
4711
4710
4709
4709
4708
4707
4704
4703
4703
4697
4696
4695
4693
4692
4690
4689
4688
4688
4688
4687
4685
4684
4683
4681
4681
4680
4679
4679
4678
4678
4677
4676
4676
4674
4674
4674
4671
4670
4670
4667
4667
4666
4665
4665
4664
4663
4661
4659
4659
4658
4657
4657
4656
4653
4653
4652
4650
4649
4647
4646
4645
4644
4644
4643
4642
4640
4637
4636
4636
4633
4633
4632
4631
4631
4629
4629
4627
4626
4626
4625
4625
4625
4623
4622
4622
4622
4619
4619
4619
4619
4613
4607
4606
4606
4605
4603
4602
4602
4601
4600
4600
4599
4598
4598
4598
4597
4597
4597
4597
4597
4596
4595
4593
4591
4591
4590
4590
4589
4588
4587
4587
4586
4585
4584
4582
4579
4579
4578
4577
4577
4574
4573
4571
4570
4568
4568
4567
4567
4566
4565
4565
4564
4563
4563
4562
4561
4559
4559
4559
4558
4558
4558
4556
4556
4555
4554
4554
4553
4553
4553
4552
4551
4550
4550
4549
4549
4547
4547
4546
4543
4543
4542
4542
4542
4542
4541
4541
4540
4540
4538
4537
4537
4536
4534
4534
4533
4529
4529
4528
4528
4528
4526
4526
4526
4524
4523
4521
4520
4517
4516
4512
4509
4507
4507
4507
4507
4507
4506
4506
4505
4505
4505
4504
4503
4503
4503
4501
4500
4500
4499
4498
4498
4498
4496
4495
4495
4493
4492
4489
4488
4488
4486
4486
4486
4485
4485
4484
4484
4484
4483
4483
4482
4481
4480
4480
4479
4478
4477
4476
4474
4471
4469
4469
4468
4467
4465
4465
4464
4464
4464
4459
4459
4458
4457
4457
4456
4455
4451
4451
4450
4450
4449
4448
4448
4448
4447
4447
4446
4443
4443
4443
4441
4441
4440
4440
4436
4436
4435
4435
4434
4433
4433
4432
4432
4431
4431
4430
4429
4428
4427
4426
4425
4425
4424
4424
4422
4421
4420
4420
4417
4417
4416
4415
4415
4414
4413
4413
4413
4412
4412
4409
4408
4408
4407
4407
4406
4406
4404
4404
4403
4403
4402
4402
4402
4400
4399
4399
4399
4399
4398
4397
4396
4396
4396
4394
4394
4394
4393
4393
4393
4392
4390
4389
4388
4388
4387
4382
4381
4381
4381
4380
4379
4377
4377
4375
4374
4372
4372
4372
4370
4368
4368
4368
4368
4367
4364
4363
4362
4360
4359
4358
4355
4346
4345
4343
4342
4341
4340
4340
4339
4337
4337
4336
4336
4335
4334
4333
4333
4332
4330
4330
4329
4329
4329
4328
4326
4325
4324
4323
4323
4321
4321
4320
4320
4319
4317
4317
4316
4316
4313
4313
4313
4313
4312
4311
4311
4311
4311
4310
4309
4308
4308
4307
4304
4303
4300
4300
4298
4298
4298
4297
4295
4294
4294
4294
4294
4293
4293
4291
4291
4289
4288
4286
4283
4283
4282
4282
4281
4279
4274
4273
4273
4273
4272
4268
4268
4265
4265
4265
4260
4257
4255
4254
4252
4252
4249
4249
4249
4244
4242
4242
4242
4241
4241
4240
4240
4240
4239
4238
4238
4237
4236
4236
4234
4233
4233
4231
4231
4230
4230
4229
4227
4226
4225
4225
4224
4221
4220
4218
4217
4217
4217
4217
4217
4217
4217
4217
4214
4212
4211
4208
4202
4200
4199
4199
4199
4198
4198
4198
4197
4197
4197
4196
4194
4192
4192
4191
4190
4188
4186
4186
4185
4183
4182
4182
4182
4181
4181
4180
4180
4179
4179
4179
4178
4177
4177
4177
4176
4176
4175
4174
4174
4173
4173
4169
4169
4168
4168
4165
4164
4162
4161
4159
4158
4157
4156
4154
4151
4151
4150
4149
4148
4147
4146
4146
4141
4141
4137
4135
4133
4133
4132
4132
4129
4129
4129
4127
4120
4120
4119
4117
4117
4116
4115
4115
4114
4114
4114
4113
4112
4110
4109
4109
4109
4108
4105
4105
4105
4104
4104
4104
4104
4103
4102
4101
4100
4099
4099
4099
4097
4097
4097
4095
4094
4094
4093
4092
4091
4091
4091
4091
4091
4090
4090
4090
4090
4090
4089
4089
4089
4088
4087
4086
4085
4085
4084
4082
4082
4081
4080
4079
4078
4078
4078
4077
4074
4072
4072
4071
4069
4069
4069
4069
4068
4068
4067
4058
4056
4055
4051
4050
4049
4048
4048
4044
4043
4043
4043
4042
4042
4041
4040
4040
4039
4037
4037
4036
4033
4032
4029
4028
4027
4025
4025
4025
4022
4019
4019
4019
4015
4015
4015
4012
4011
4011
4009
4008
4007
4005
4004
4004
4004
4002
4002
4001
4001
4000
4000
3996
3993
3992
3991
3990
3989
3989
3988
3988
3986
3984
3984
3981
3977
3977
3977
3974
3974
3971
3971
3971
3970
3970
3969
3969
3969
3968
3968
3967
3967
3966
3965
3963
3960
3959
3959
3956
3956
3956
3956
3954
3951
3949
3948
3945
3945
3945
3944
3944
3943
3942
3942
3941
3940
3940
3936
3933
3931
3930
3929
3929
3928
3927
3927
3927
3924
3924
3923
3922
3922
3922
3921
3921
3921
3920
3919
3918
3917
3917
3917
3914
3912
3912
3910
3909
3909
3908
3907
3906
3906
3904
3900
3900
3899
3899
3896
3896
3892
3888
3888
3887
3886
3886
3885
3882
3882
3879
3878
3875
3875
3874
3874
3872
3870
3870
3869
3868
3867
3867
3867
3866
3864
3863
3863
3862
3862
3860
3860
3859
3859
3859
3858
3856
3856
3854
3854
3854
3853
3853
3852
3851
3848
3844
3844
3842
3840
3840
3838
3837
3837
3835
3835
3834
3834
3834
3833
3832
3831
3829
3829
3828
3827
3827
3823
3821
3819
3819
3817
3816
3816
3816
3815
3815
3815
3814
3814
3813
3813
3813
3811
3811
3809
3808
3806
3806
3805
3805
3801
3801
3800
3800
3799
3797
3796
3793
3792
3791
3788
3787
3787
3786
3786
3785
3785
3784
3782
3781
3781
3781
3779
3777
3776
3775
3773
3773
3773
3772
3772
3770
3769
3768
3768
3766
3766
3766
3766
3763
3763
3762
3761
3758
3755
3754
3753
3753
3753
3752
3749
3748
3747
3747
3746
3746
3745
3745
3744
3742
3742
3741
3740
3739
3738
3736
3733
3733
3732
3730
3729
3728
3727
3727
3727
3726
3726
3725
3724
3723
3722
3722
3722
3721
3721
3720
3719
3716
3715
3713
3713
3711
3709
3707
3706
3706
3704
3702
3702
3700
3699
3699
3695
3695
3695
3694
3693
3693
3691
3691
3690
3685
3685
3684
3684
3683
3682
3682
3680
3680
3679
3678
3678
3677
3677
3677
3676
3675
3675
3674
3673
3672
3670
3669
3668
3667
3667
3667
3666
3664
3663
3660
3660
3658
3656
3655
3654
3653
3653
3650
3650
3650
3648
3647
3646
3646
3645
3644
3643
3642
3641
3640
3638
3636
3636
3635
3634
3634
3633
3632
3632
3632
3631
3629
3628
3627
3626
3626
3625
3625
3624
3619
3615
3612
3611
3609
3608
3608
3607
3607
3605
3605
3605
3605
3604
3604
3601
3600
3600
3599
3598
3598
3596
3596
3596
3595
3595
3591
3591
3590
3589
3589
3587
3587
3585
3584
3583
3582
3579
3579
3579
3574
3574
3574
3574
3573
3573
3573
3573
3570
3570
3569
3567
3565
3564
3564
3563
3563
3563
3561
3560
3558
3558
3557
3551
3551
3550
3550
3549
3548
3547
3547
3544
3543
3541
3540
3540
3540
3539
3538
3537
3537
3536
3535
3535
3535
3534
3533
3533
3533
3532
3532
3530
3528
3528
3528
3524
3524
3523
3522
3522
3521
3521
3518
3518
3516
3514
3513
3512
3512
3509
3508
3506
3503
3503
3502
3496
3496
3496
3494
3493
3493
3492
3492
3491
3490
3489
3487
3486
3483
3483
3482
3482
3480
3478
3477
3477
3475
3475
3474
3472
3472
3470
3470
3470
3469
3469
3468
3467
3467
3466
3465
3465
3465
3465
3465
3461
3461
3461
3460
3456
3456
3455
3454
3451
3450
3450
3449
3449
3448
3448
3447
3447
3447
3446
3445
3442
3441
3440
3440
3439
3438
3438
3435
3435
3434
3434
3433
3432
3432
3431
3430
3428
3428
3426
3426
3425
3424
3422
3421
3421
3413
3413
3410
3410
3409
3409
3407
3406
3404
3402
3402
3400
3400
3396
3396
3393
3393
3389
3389
3389
3386
3386
3384
3383
3379
3378
3378
3378
3377
3377
3376
3376
3374
3374
3373
3372
3370
3369
3368
3367
3367
3367
3366
3365
3363
3363
3360
3360
3360
3360
3360
3357
3357
3354
3353
3353
3352
3352
3350
3349
3349
3346
3345
3344
3343
3340
3340
3339
3339
3338
3335
3334
3333
3333
3331
3330
3327
3326
3326
3326
3326
3326
3326
3325
3323
3322
3321
3321
3320
3317
3317
3316
3316
3316
3315
3314
3314
3313
3311
3310
3310
3310
3309
3308
3307
3307
3306
3305
3305
3305
3305
3302
3300
3300
3299
3299
3298
3298
3295
3294
3293
3292
3292
3291
3291
3289
3288
3287
3286
3286
3285
3282
3281
3281
3281
3280
3280
3279
3278
3277
3277
3276
3275
3273
3272
3271
3271
3270
3270
3269
3266
3266
3266
3263
3262
3261
3260
3260
3260
3259
3257
3257
3255
3255
3252
3251
3251
3251
3250
3250
3249
3246
3246
3246
3245
3244
3243
3242
3240
3240
3238
3238
3236
3234
3234
3234
3232
3232
3232
3230
3229
3228
3228
3226
3225
3224
3224
3224
3223
3222
3222
3219
3216
3214
3214
3214
3213
3212
3211
3210
3210
3209
3208
3207
3206
3206
3203
3202
3201
3201
3199
3198
3196
3195
3194
3194
3193
3192
3192
3192
3191
3190
3186
3185
3184
3184
3183
3183
3183
3182
3181
3181
3180
3179
3177
3176
3176
3175
3174
3174
3174
3173
3172
3172
3170
3169
3168
3168
3167
3166
3166
3166
3164
3163
3162
3161
3160
3159
3156
3156
3155
3154
3154
3154
3153
3151
3151
3150
3149
3149
3148
3147
3146
3144
3143
3143
3140
3140
3140
3135
3133
3132
3132
3131
3129
3128
3127
3127
3127
3126
3125
3125
3123
3123
3122
3122
3121
3119
3118
3118
3118
3115
3115
3115
3114
3113
3109
3108
3106
3104
3103
3101
3101
3101
3100
3099
3099
3098
3098
3098
3098
3093
3093
3092
3091
3090
3090
3089
3089
3087
3086
3086
3086
3085
3085
3082
3082
3081
3078
3078
3077
3077
3074
3074
3074
3074
3074
3072
3071
3070
3065
3065
3061
3061
3061
3059
3059
3059
3058
3057
3055
3055
3050
3050
3048
3047
3047
3047
3047
3046
3045
3043
3042
3042
3041
3039
3039
3039
3039
3038
3037
3036
3035
3035
3033
3032
3031
3031
3030
3029
3029
3028
3027
3027
3027
3024
3024
3024
3023
3023
3021
3020
3019
3018
3017
3016
3014
3013
3013
3012
3012
3011
3011
3008
3006
3005
3004
3004
3004
3003
3002
2996
2995
2995
2994
2994
2994
2991
2991
2989
2988
2988
2987
2987
2985
2985
2983
2983
2982
2981
2980
2979
2979
2977
2975
2973
2972
2972
2972
2970
2970
2969
2968
2967
2965
2965
2962
2962
2960
2960
2959
2958
2956
2956
2955
2949
2949
2948
2948
2946
2946
2944
2943
2942
2942
2942
2941
2941
2940
2939
2937
2937
2934
2934
2933
2931
2930
2930
2929
2927
2924
2924
2924
2924
2923
2923
2922
2919
2919
2919
2919
2918
2916
2915
2914
2911
2911
2908
2908
2908
2907
2907
2907
2906
2903
2902
2902
2902
2900
2900
2900
2898
2897
2896
2896
2895
2892
2891
2891
2890
2890
2890
2889
2889
2889
2888
2886
2885
2883
2882
2882
2880
2880
2879
2879
2879
2877
2877
2875
2874
2874
2873
2873
2873
2871
2870
2868
2868
2866
2866
2866
2865
2865
2865
2864
2864
2863
2863
2863
2861
2860
2859
2858
2857
2857
2855
2855
2854
2854
2852
2851
2848
2847
2847
2846
2845
2844
2842
2840
2840
2840
2839
2838
2835
2834
2834
2833
2832
2830
2829
2828
2827
2827
2825
2824
2821
2821
2821
2820
2819
2818
2815
2814
2813
2813
2812
2811
2811
2810
2805
2804
2804
2801
2799
2799
2798
2797
2797
2796
2796
2795
2793
2791
2791
2791
2788
2786
2785
2784
2784
2783
2780
2780
2779
2778
2776
2775
2774
2774
2773
2773
2773
2768
2767
2765
2762
2762
2761
2759
2759
2759
2758
2757
2755
2755
2751
2749
2749
2747
2746
2746
2744
2744
2743
2742
2742
2742
2741
2741
2741
2740
2739
2735
2735
2734
2734
2734
2733
2732
2732
2731
2730
2730
2730
2727
2725
2725
2724
2722
2722
2720
2720
2720
2719
2718
2717
2714
2712
2711
2710
2709
2707
2704
2702
2702
2701
2700
2699
2698
2698
2696
2695
2694
2693
2693
2692
2690
2688
2688
2687
2686
2682
2681
2680
2680
2679
2679
2679
2677
2676
2674
2674
2672
2671
2668
2663
2662
2662
2660
2660
2657
2657
2656
2656
2653
2652
2652
2651
2651
2650
2650
2649
2649
2647
2646
2646
2646
2645
2644
2644
2644
2642
2640
2639
2637
2634
2632
2631
2630
2629
2629
2628
2627
2625
2623
2622
2622
2621
2621
2620
2619
2617
2616
2616
2615
2613
2613
2613
2612
2612
2611
2611
2611
2610
2610
2608
2608
2606
2606
2606
2606
2604
2604
2603
2603
2601
2601
2598
2598
2598
2597
2595
2595
2594
2594
2591
2591
2591
2591
2590
2589
2589
2589
2588
2587
2587
2586
2586
2585
2585
2584
2581
2581
2581
2580
2579
2578
2575
2574
2572
2572
2572
2571
2571
2570
2569
2567
2566
2566
2566
2565
2564
2564
2564
2561
2560
2559
2558
2558
2557
2556
2556
2555
2554
2553
2552
2551
2551
2550
2550
2550
2550
2550
2548
2547
2545
2544
2544
2544
2542
2542
2541
2539
2538
2538
2535
2534
2534
2534
2533
2533
2531
2531
2530
2529
2528
2526
2525
2523
2523
2523
2523
2522
2521
2521
2517
2517
2513
2513
2512
2511
2510
2510
2506
2503
2502
2502
2502
2502
2502
2501
2500
2500
2498
2496
2495
2492
2491
2490
2490
2489
2489
2488
2488
2486
2484
2483
2483
2483
2482
2480
2479
2479
2476
2476
2475
2475
2474
2473
2471
2470
2467
2466
2465
2464
2463
2463
2463
2462
2462
2459
2458
2457
2456
2456
2456
2456
2454
2454
2453
2452
2452
2449
2449
2448
2448
2448
2447
2447
2447
2447
2445
2445
2443
2443
2443
2442
2442
2442
2442
2442
2440
2439
2437
2436
2436
2435
2435
2433
2432
2432
2429
2428
2426
2425
2425
2424
2423
2422
2422
2419
2417
2416
2414
2414
2412
2411
2410
2409
2409
2409
2409
2408
2408
2406
2406
2405
2404
2403
2403
2402
2401
2400
2398
2396
2395
2394
2394
2394
2392
2389
2389
2387
2386
2386
2385
2384
2384
2382
2382
2382
2381
2381
2379
2378
2378
2376
2375
2374
2374
2371
2369
2369
2369
2369
2368
2368
2366
2366
2364
2364
2362
2360
2360
2355
2353
2352
2351
2350
2349
2346
2344
2344
2342
2342
2341
2340
2340
2339
2337
2333
2332
2331
2331
2327
2326
2326
2324
2324
2323
2322
2320
2319
2319
2318
2316
2316
2316
2315
2315
2315
2314
2313
2313
2312
2311
2310
2310
2309
2308
2306
2306
2305
2304
2304
2304
2298
2296
2295
2294
2293
2293
2290
2290
2285
2284
2284
2283
2282
2281
2281
2280
2279
2279
2277
2276
2275
2275
2272
2270
2267
2267
2262
2262
2261
2261
2260
2259
2254
2254
2253
2250
2250
2250
2249
2248
2248
2246
2246
2246
2244
2241
2241
2239
2239
2238
2237
2237
2237
2235
2234
2234
2232
2231
2224
2224
2224
2224
2224
2223
2222
2221
2219
2217
2216
2215
2215
2214
2214
2214
2213
2212
2212
2212
2212
2210
2209
2209
2208
2205
2205
2204
2203
2203
2201
2201
2200
2200
2199
2199
2199
2198
2198
2196
2189
2189
2189
2188
2187
2184
2183
2183
2181
2181
2181
2180
2180
2179
2177
2176
2175
2174
2174
2173
2171
2170
2170
2169
2168
2166
2165
2164
2163
2163
2163
2162
2161
2161
2160
2159
2158
2156
2156
2155
2154
2154
2153
2153
2152
2150
2150
2147
2146
2146
2145
2145
2144
2143
2142
2140
2139
2138
2137
2137
2135
2135
2135
2134
2133
2131
2130
2130
2129
2129
2128
2128
2127
2127
2126
2125
2124
2124
2123
2122
2122
2121
2121
2119
2119
2119
2117
2115
2115
2114
2112
2112
2111
2111
2109
2108
2108
2108
2107
2105
2105
2104
2103
2102
2102
2101
2101
2101
2099
2098
2098
2097
2097
2096
2095
2094
2093
2092
2092
2092
2091
2089
2089
2089
2089
2088
2088
2085
2085
2085
2084
2084
2084
2083
2083
2079
2078
2077
2076
2076
2075
2075
2074
2071
2070
2070
2069
2066
2062
2062
2062
2060
2060
2060
2059
2058
2058
2056
2055
2055
2052
2052
2051
2049
2048
2047
2043
2041
2041
2036
2035
2035
2034
2034
2033
2033
2032
2032
2031
2030
2029
2026
2026
2026
2025
2024
2023
2022
2021
2020
2020
2020
2018
2013
2013
2011
2011
2009
2009
2009
2009
2008
2006
2004
2003
2001
2000
2000
1999
1999
1997
1995
1995
1995
1994
1993
1991
1990
1989
1989
1989
1989
1989
1988
1987
1987
1986
1986
1984
1983
1983
1983
1982
1980
1980
1979
1979
1978
1976
1975
1975
1974
1972
1971
1970
1969
1967
1964
1959
1959
1958
1958
1957
1956
1956
1955
1953
1950
1949
1945
1942
1940
1937
1936
1933
1933
1933
1933
1932
1930
1930
1928
1926
1926
1923
1923
1922
1921
1919
1918
1917
1916
1915
1913
1912
1912
1910
1910
1910
1909
1908
1908
1907
1906
1906
1905
1905
1904
1903
1903
1902
1901
1900
1900
1900
1900
1898
1896
1896
1895
1894
1893
1891
1891
1891
1890
1889
1886
1886
1883
1882
1882
1881
1881
1880
1878
1878
1878
1875
1874
1874
1874
1872
1871
1869
1868
1867
1867
1865
1864
1863
1863
1863
1862
1859
1856
1856
1856
1855
1855
1853
1851
1849
1848
1848
1846
1846
1845
1843
1843
1840
1840
1839
1839
1837
1833
1833
1830
1830
1829
1827
1827
1827
1825
1825
1825
1824
1824
1823
1822
1819
1819
1819
1819
1818
1817
1815
1815
1814
1814
1812
1811
1811
1810
1805
1804
1803
1801
1801
1801
1799
1795
1792
1792
1791
1790
1790
1789
1787
1787
1785
1782
1782
1780
1780
1779
1778
1778
1777
1776
1776
1776
1774
1774
1774
1774
1774
1772
1772
1771
1771
1770
1769
1769
1768
1763
1762
1762
1761
1759
1759
1759
1758
1755
1754
1754
1753
1752
1750
1749
1747
1747
1741
1740
1740
1738
1736
1736
1734
1734
1733
1732
1732
1731
1730
1730
1728
1727
1727
1727
1727
1726
1725
1723
1723
1720
1719
1718
1715
1714
1714
1714
1713
1712
1709
1709
1707
1706
1705
1704
1703
1702
1702
1701
1701
1699
1699
1698
1697
1696
1696
1695
1695
1693
1693
1693
1690
1689
1688
1687
1685
1683
1682
1682
1682
1682
1679
1679
1678
1677
1676
1675
1675
1674
1674
1673
1672
1672
1670
1670
1670
1666
1664
1664
1664
1664
1661
1661
1659
1659
1658
1658
1658
1657
1657
1656
1655
1653
1652
1652
1652
1651
1650
1650
1649
1649
1647
1644
1643
1639
1638
1638
1638
1637
1636
1635
1634
1634
1633
1632
1631
1631
1631
1630
1630
1630
1629
1627
1627
1625
1625
1624
1623
1623
1620
1619
1619
1617
1617
1617
1616
1616
1615
1614
1614
1614
1614
1613
1613
1613
1611
1609
1609
1609
1608
1606
1605
1605
1603
1602
1602
1601
1601
1600
1600
1600
1600
1599
1598
1598
1598
1596
1596
1595
1594
1594
1593
1593
1592
1592
1592
1591
1590
1590
1590
1589
1588
1588
1587
1586
1582
1581
1580
1578
1578
1578
1578
1577
1576
1575
1574
1574
1572
1572
1572
1572
1569
1568
1564
1563
1563
1561
1560
1559
1559
1558
1558
1558
1557
1556
1556
1555
1553
1552
1551
1550
1550
1549
1549
1549
1547
1547
1542
1542
1541
1541
1540
1540
1536
1536
1535
1535
1534
1533
1532
1531
1531
1530
1530
1530
1529
1527
1527
1525
1525
1525
1523
1523
1523
1522
1520
1520
1518
1518
1518
1517
1515
1515
1515
1514
1513
1511
1511
1510
1509
1509
1507
1504
1504
1504
1502
1502
1500
1500
1499
1498
1497
1497
1496
1496
1495
1494
1493
1493
1492
1492
1491
1490
1490
1490
1487
1487
1486
1486
1484
1483
1482
1480
1479
1479
1478
1478
1476
1476
1475
1474
1473
1472
1472
1470
1469
1469
1467
1467
1466
1466
1462
1460
1459
1456
1455
1453
1452
1451
1450
1449
1446
1444
1444
1443
1443
1441
1437
1435
1434
1434
1433
1433
1430
1429
1429
1429
1428
1428
1427
1426
1425
1424
1424
1423
1422
1422
1421
1419
1418
1415
1413
1412
1411
1411
1410
1409
1408
1405
1404
1403
1402
1402
1400
1399
1399
1398
1396
1396
1396
1395
1394
1394
1392
1388
1388
1386
1386
1385
1385
1385
1384
1384
1384
1383
1382
1380
1377
1377
1376
1376
1374
1374
1373
1373
1372
1371
1371
1371
1371
1369
1369
1369
1369
1368
1368
1367
1365
1364
1363
1363
1362
1360
1359
1359
1358
1356
1356
1355
1352
1351
1351
1350
1350
1349
1348
1348
1348
1347
1346
1346
1346
1346
1346
1345
1344
1343
1342
1342
1341
1340
1340
1340
1339
1338
1338
1336
1336
1333
1332
1331
1330
1329
1329
1329
1328
1327
1327
1325
1324
1323
1322
1321
1318
1318
1318
1318
1316
1316
1315
1315
1313
1311
1310
1308
1308
1308
1307
1307
1306
1306
1306
1305
1302
1302
1300
1298
1298
1298
1297
1296
1296
1295
1295
1294
1293
1293
1291
1290
1287
1286
1284
1282
1281
1280
1279
1278
1278
1277
1276
1276
1276
1275
1274
1274
1274
1274
1273
1273
1269
1269
1269
1267
1267
1263
1263
1261
1259
1259
1258
1258
1258
1258
1258
1255
1255
1254
1253
1253
1251
1250
1249
1249
1248
1248
1247
1245
1243
1242
1242
1242
1241
1241
1240
1238
1237
1236
1236
1235
1234
1234
1232
1232
1230
1230
1229
1228
1227
1226
1225
1224
1223
1223
1222
1222
1222
1221
1220
1220
1219
1218
1218
1218
1218
1217
1214
1213
1213
1213
1212
1208
1207
1205
1205
1202
1202
1202
1201
1201
1201
1200
1199
1198
1198
1195
1195
1194
1194
1193
1193
1193
1192
1191
1190
1190
1189
1188
1187
1187
1187
1187
1184
1181
1180
1178
1177
1175
1175
1172
1170
1169
1169
1167
1165
1165
1163
1161
1161
1160
1160
1158
1157
1156
1155
1155
1153
1153
1150
1149
1149
1149
1146
1146
1145
1144
1142
1141
1140
1140
1139
1137
1137
1135
1135
1134
1133
1133
1133
1132
1131
1131
1131
1131
1130
1128
1127
1126
1126
1126
1125
1124
1120
1120
1120
1118
1116
1115
1114
1114
1113
1111
1111
1110
1110
1109
1106
1106
1105
1104
1103
1101
1097
1097
1095
1093
1093
1093
1090
1089
1089
1087
1086
1086
1085
1085
1083
1082
1081
1079
1077
1074
1073
1073
1072
1072
1070
1068
1068
1067
1067
1066
1065
1065
1063
1062
1061
1060
1059
1058
1058
1058
1058
1057
1056
1056
1053
1052
1051
1051
1048
1048
1047
1047
1047
1046
1046
1045
1041
1041
1039
1036
1035
1033
1033
1032
1031
1030
1025
1023
1021
1020
1019
1019
1018
1018
1016
1014
1014
1012
1011
1010
1010
1010
1009
1009
1008
1006
1005
1004
1004
1004
1004
1004
1003
1002
1002
1001
996
996
996
994
994
993
993
992
990
986
985
984
984
983
980
978
978
977
976
975
975
974
971
968
967
967
966
966
961
961
961
959
958
956
955
954
953
953
949
948
947
945
944
942
942
940
939
939
938
938
938
936
936
936
934
934
932
932
928
927
925
923
922
922
921
920
916
916
916
915
914
913
913
912
912
911
909
909
908
907
907
907
906
902
901
901
899
897
895
892
886
886
883
882
881
880
879
879
877
876
876
875
874
873
873
872
872
869
868
868
867
867
866
865
864
863
863
863
862
861
860
859
858
857
857
856
856
856
856
855
854
851
850
849
847
847
845
843
842
841
839
836
835
833
832
832
831
831
830
830
830
829
829
827
826
826
826
824
824
824
823
822
821
817
817
816
815
815
814
813
813
809
808
808
807
804
803
803
803
802
801
801
800
799
799
798
797
795
792
791
791
790
789
789
786
786
786
785
784
784
783
783
782
781
781
780
780
779
779
777
777
777
776
775
775
774
773
772
770
770
769
768
767
767
767
766
766
765
764
763
761
760
759
759
759
756
756
754
753
753
752
749
749
746
743
743
742
741
740
738
736
733
733
732
730
730
730
729
729
729
728
728
725
725
725
724
724
724
723
720
720
720
716
714
713
713
712
712
712
710
710
709
709
708
708
708
706
705
705
703
703
702
701
699
699
698
698
698
697
697
696
693
693
691
690
690
688
686
685
685
684
684
683
683
681
678
677
677
676
675
675
674
674
671
671
671
666
666
665
665
663
662
662
662
662
661
661
661
660
659
658
658
657
657
657
656
656
655
654
652
652
651
651
651
651
650
650
650
649
649
648
647
647
646
646
645
643
643
643
640
638
637
636
635
635
633
631
629
628
626
625
624
624
623
623
622
621
620
620
618
618
617
617
617
615
614
612
610
609
608
607
607
605
604
603
602
600
599
596
595
594
592
591
590
589
589
588
588
588
587
586
586
584
583
581
581
580
578
576
575
574
574
572
569
569
569
568
568
568
567
566
565
559
558
557
555
555
555
554
554
554
553
553
549
549
549
548
548
547
546
545
543
542
540
540
538
538
537
536
536
532
532
530
528
528
527
524
523
523
522
522
521
519
518
517
517
516
516
516
514
512
511
510
507
507
507
506
505
504
503
503
502
501
501
500
500
499
499
499
498
497
495
494
493
492
491
490
490
488
488
486
483
483
482
481
481
478
477
477
477
477
476
476
473
472
467
467
467
466
465
465
465
463
463
463
462
461
458
456
456
454
453
453
451
450
450
449
449
446
445
444
443
443
442
442
439
438
438
437
437
436
436
432
431
430
430
429
427
427
426
424
424
420
420
418
417
416
416
416
415
414
414
413
413
412
412
410
410
410
407
406
406
406
403
403
400
400
397
391
390
388
388
386
386
383
380
379
377
377
376
376
376
374
374
374
371
371
369
368
367
366
365
365
364
364
363
362
361
359
358
357
355
354
353
352
351
349
345
345
342
342
342
339
339
339
336
336
335
335
334
333
332
331
331
331
329
328
327
327
327
326
326
323
322
321
320
315
315
314
313
312
312
311
310
309
308
307
307
305
304
303
303
303
303
302
302
302
302
302
301
300
300
298
296
296
296
292
292
291
290
290
289
285
285
282
282
282
281
281
281
279
278
278
277
275
274
274
273
273
272
271
268
267
266
265
264
263
261
259
259
257
254
253
252
252
251
251
250
250
249
247
247
247
243
241
241
238
238
238
237
237
235
235
234
234
232
230
230
227
226
224
224
222
222
216
214
213
212
212
212
211
211
210
210
209
209
208
208
207
206
206
205
204
204
204
203
203
202
201
199
198
196
195
194
191
190
190
189
186
185
183
182
182
180
180
177
175
175
175
173
172
171
168
166
166
165
165
162
161
161
154
149
148
148
148
146
145
145
144
143
142
140
140
139
139
138
138
138
135
135
135
134
134
133
132
131
130
130
130
130
129
128
128
126
126
125
125
124
124
121
116
112
110
110
107
105
105
105
105
105
104
103
102
102
100
100
97
95
95
94
92
91
91
88
87
85
84
83
83
81
80
79
78
77
76
76
75
75
74
74
73
73
73
72
71
71
69
68
67
67
67
66
64
64
61
61
61
60
59
58
58
55
54
54
54
53
52
50
50
49
47
46
45
44
44
43
42
41
39
39
36
36
35
35
33
32
31
31
31
31
30
29
29
29
27
25
24
22
21
19
15
15
14
12
12
11
10
10
6
5
2
1
1
