9999
9996
9996
9995
9995
9993
9992
9991
9989
9989
9988
9988
9987
9985
9985
9985
9983
9982
9981
9980
9978
9977
9975
9973
9973
9973
9972
9969
9966
9966
9966
9965
9964
9964
9963
9963
9962
9962
9959
9959
9959
9959
9957
9955
9954
9953
9951
9950
9950
9950
9949
9948
9945
9944
9943
9941
9939
9938
9938
9938
9937
9937
9934
9934
9934
9933
9932
9931
9931
9930
9927
9927
9926
9926
9925
9924
9919
9918
9916
9916
9915
9914
9914
9913
9913
9912
9910
9909
9909
9908
9906
9903
9902
9901
9901
9896
9896
9895
9894
9894
9893
9891
9891
9890
9889
9887
9886
9885
9885
9885
9883
9881
9880
9880
9879
9878
9878
9874
9873
9872
9871
9870
9870
9870
9867
9867
9862
9862
9860
9857
9856
9854
9854
9853
9851
9851
9850
9847
9846
9843
9841
9840
9839
9839
9836
9836
9835
9835
9832
9832
9831
9830
9830
9829
9824
9824
9823
9823
9822
9821
9820
9819
9819
9818
9817
9816
9816
9815
9814
9814
9813
9813
9813
9812
9812
9812
9812
9810
9808
9807
9805
9805
9803
9802
9802
9802
9802
9802
9802
9801
9799
9799
9798
9798
9797
9796
9796
9795
9795
9793
9791
9791
9790
9787
9787
9787
9787
9786
9786
9785
9785
9785
9785
9781
9780
9780
9780
9780
9780
9779
9779
9779
9778
9773
9772
9771
9770
9770
9768
9768
9767
9767
9767
9764
9762
9761
9759
9759
9759
9757
9756
9755
9753
9752
9750
9749
9748
9746
9743
9743
9743
9741
9740
9740
9739
9739
9733
9733
9733
9730
9730
9729
9728
9728
9727
9726
9725
9725
9723
9723
9721
9720
9720
9718
9717
9716
9716
9716
9714
9713
9713
9713
9712
9711
9710
9709
9709
9708
9708
9707
9705
9704
9704
9703
9702
9702
9698
9697
9697
9693
9692
9691
9691
9690
9690
9689
9687
9687
9686
9685
9685
9684
9683
9683
9682
9682
9681
9680
9680
9679
9676
9675
9674
9672
9672
9670
9668
9667
9666
9662
9662
9661
9660
9659
9657
9656
9655
9653
9653
9651
9651
9649
9649
9649
9645
9645
9645
9645
9644
9643
9639
9638
9638
9635
9633
9630
9629
9628
9628
9627
9627
9625
9622
9621
9621
9620
9619
9618
9618
9617
9617
9616
9614
9613
9613
9611
9611
9611
9610
9609
9608
9607
9607
9607
9606
9602
9601
9600
9599
9599
9598
9598
9596
9596
9595
9593
9592
9592
9590
9590
9589
9588
9587
9587
9586
9586
9585
9585
9584
9582
9582
9580
9579
9579
9577
9577
9576
9576
9576
9575
9574
9573
9573
9572
9571
9570
9568
9568
9565
9565
9564
9564
9562
9560
9560
9559
9558
9558
9557
9556
9555
9555
9553
9551
9550
9550
9549
9549
9549
9548
9547
9546
9546
9544
9543
9541
9539
9537
9536
9536
9536
9535
9535
9534
9532
9532
9532
9531
9530
9530
9527
9526
9526
9524
9523
9522
9520
9520
9517
9516
9515
9515
9513
9512
9512
9512
9512
9512
9511
9511
9509
9508
9508
9508
9507
9507
9505
9502
9501
9496
9495
9494
9494
9494
9493
9491
9490
9490
9489
9488
9487
9487
9486
9485
9484
9483
9481
9478
9477
9477
9476
9475
9474
9474
9471
9471
9470
9470
9470
9469
9467
9467
9467
9466
9464
9463
9462
9461
9460
9457
9457
9455
9455
9454
9454
9453
9453
9451
9450
9450
9449
9446
9445
9445
9445
9442
9442
9442
9441
9440
9439
9439
9439
9439
9439
9438
9438
9430
9430
9429
9428
9428
9427
9426
9423
9423
9421
9421
9421
9420
9420
9419
9418
9418
9418
9417
9416
9415
9413
9413
9412
9410
9410
9410
9407
9407
9406
9406
9405
9401
9399
9399
9397
9397
9396
9396
9393
9392
9390
9390
9390
9390
9390
9389
9389
9387
9387
9385
9384
9384
9379
9377
9376
9374
9372
9370
9370
9370
9370
9368
9367
9366
9366
9365
9363
9363
9362
9362
9362
9361
9360
9358
9358
9358
9358
9357
9357
9357
9356
9353
9351
9349
9349
9348
9348
9346
9345
9340
9338
9335
9334
9332
9331
9331
9330
9329
9328
9328
9328
9327
9326
9326
9325
9323
9323
9323
9322
9322
9322
9321
9320
9319
9319
9317
9317
9316
9315
9315
9314
9313
9311
9311
9311
9311
9311
9307
9307
9307
9306
9305
9302
9301
9299
9298
9297
9297
9296
9296
9296
9295
9292
9291
9289
9288
9286
9283
9279
9278
9277
9277
9272
9272
9271
9270
9270
9269
9269
9268
9268
9265
9265
9263
9263
9260
9259
9257
9257
9256
9255
9251
9250
9249
9247
9246
9244
9244
9244
9243
9243
9242
9241
9239
9238
9238
9238
9238
9236
9235
9232
9232
9231
9231
9230
9229
9229
9228
9228
9227
9226
9225
9224
9224
9223
9222
9222
9221
9220
9220
9218
9214
9210
9210
9208
9208
9208
9207
9207
9206
9204
9204
9203
9200
9200
9200
9199
9198
9196
9195
9194
9193
9193
9192
9188
9188
9187
9187
9185
9185
9183
9182
9182
9181
9178
9177
9177
9177
9177
9175
9174
9174
9173
9173
9171
9171
9169
9169
9169
9169
9166
9165
9164
9164
9163
9163
9162
9158
9157
9157
9156
9156
9156
9155
9155
9155
9154
9154
9152
9149
9149
9149
9146
9145
9145
9145
9145
9143
9143
9141
9140
9140
9138
9138
9137
9137
9137
9136
9136
9134
9134
9129
9129
9128
9128
9128
9127
9127
9126
9125
9125
9124
9123
9123
9123
9123
9122
9122
9122
9119
9117
9117
9116
9116
9115
9111
9110
9110
9109
9108
9108
9107
9107
9104
9104
9103
9103
9100
9100
9099
9098
9095
9094
9093
9091
9089
9089
9087
9086
9085
9085
9084
9083
9083
9082
9082
9081
9080
9079
9079
9078
9078
9078
9077
9077
9077
9076
9075
9074
9073
9072
9071
9070
9069
9067
9067
9066
9064
9062
9062
9061
9059
9057
9057
9054
9054
9054
9053
9052
9051
9050
9050
9050
9047
9047
9046
9046
9046
9044
9041
9041
9041
9040
9039
9039
9038
9037
9037
9035
9034
9031
9029
9028
9027
9027
9027
9026
9024
9023
9022
9022
9018
9016
9015
9010
9009
9008
9007
9004
9003
9003
9002
9001
9000
9000
8999
8998
8998
8998
8998
8998
8997
8995
8995
8993
8991
8990
8989
8987
8987
8986
8986
8985
8985
8983
8981
8979
8979
8978
8976
8976
8974
8974
8972
8972
8970
8969
8968
8968
8965
8965
8965
8964
8962
8962
8962
8962
8961
8961
8961
8960
8958
8957
8957
8955
8955
8954
8952
8950
8949
8948
8945
8943
8943
8943
8942
8942
8941
8941
8940
8938
8937
8936
8935
8935
8935
8935
8934
8933
8932
8931
8929
8929
8928
8928
8928
8927
8926
8924
8923
8922
8919
8918
8917
8916
8916
8915
8915
8914
8914
8911
8910
8910
8909
8908
8906
8904
8903
8902
8901
8900
8898
8896
8895
8893
8891
8890
8890
8889
8888
8888
8888
8886
8885
8882
8881
8881
8879
8876
8874
8872
8872
8872
8870
8870
8869
8869
8868
8868
8866
8866
8865
8865
8864
8864
8864
8864
8862
8860
8858
8857
8856
8856
8852
8852
8850
8849
8846
8846
8846
8845
8843
8842
8838
8838
8837
8836
8836
8836
8835
8835
8835
8834
8833
8833
8832
8831
8830
8828
8827
8824
8822
8821
8820
8820
8817
8816
8812
8812
8811
8808
8808
8808
8807
8806
8805
8804
8804
8804
8800
8800
8800
8799
8799
8799
8799
8798
8795
8795
8794
8793
8791
8791
8790
8790
8790
8789
8789
8788
8786
8784
8783
8783
8782
8781
8781
8781
8779
8779
8779
8778
8777
8775
8775
8774
8774
8773
8773
8772
8772
8771
8769
8767
8765
8765
8762
8762
8761
8761
8761
8758
8758
8757
8755
8755
8755
8754
8753
8753
8751
8750
8745
8745
8744
8744
8744
8743
8743
8743
8742
8742
8740
8740
8738
8736
8733
8732
8731
8731
8731
8730
8728
8728
8725
8724
8724
8721
8721
8719
8718
8715
8715
8714
8714
8712
8711
8710
8709
8708
8707
8707
8705
8703
8701
8701
8701
8701
8700
8699
8698
8697
8696
8695
8695
8694
8693
8692
8691
8691
8691
8689
8689
8688
8688
8687
8686
8686
8686
8685
8684
8684
8683
8682
8680
8680
8678
8675
8673
8673
8673
8671
8670
8670
8669
8668
8667
8667
8666
8665
8665
8664
8663
8663
8663
8663
8662
8662
8661
8661
8661
8660
8660
8659
8659
8658
8657
8657
8656
8655
8655
8655
8654
8651
8651
8650
8649
8648
8648
8647
8647
8646
8646
8646
8645
8643
8643
8642
8641
8641
8638
8638
8638
8638
8637
8637
8637
8634
8634
8633
8632
8631
8630
8629
8629
8628
8628
8627
8625
8625
8623
8622
8617
8617
8617
8616
8615
8611
8609
8607
8606
8604
8603
8603
8603
8601
8601
8599
8597
8596
8594
8594
8594
8593
8592
8592
8591
8591
8589
8589
8589
8588
8586
8585
8583
8582
8582
8582
8581
8578
8578
8577
8575
8574
8574
8573
8573
8572
8572
8571
8571
8570
8568
8567
8567
8561
8560
8553
8553
8553
8552
8552
8551
8550
8549
8549
8547
8546
8545
8545
8545
8542
8542
8541
8541
8541
8540
8537
8536
8536
8536
8536
8534
8532
8531
8531
8531
8530
8530
8530
8529
8528
8525
8522
8521
8521
8521
8519
8519
8516
8514
8514
8514
8514
8513
8512
8510
8510
8505
8503
8503
8503
8502
8501
8500
8499
8499
8498
8497
8495
8495
8495
8494
8494
8493
8490
8488
8488
8488
8487
8487
8486
8486
8484
8484
8484
8484
8483
8479
8478
8477
8477
8476
8476
8475
8475
8474
8473
8471
8470
8470
8470
8467
8466
8466
8466
8466
8465
8465
8464
8464
8462
8461
8460
8458
8458
8457
8457
8456
8455
8455
8455
8455
8454
8454
8450
8448
8448
8447
8446
8444
8444
8444
8443
8443
8442
8442
8440
8437
8437
8437
8436
8434
8434
8433
8431
8429
8429
8429
8428
8427
8424
8424
8417
8417
8416
8416
8415
8414
8413
8411
8409
8407
8407
8407
8406
8406
8405
8405
8404
8404
8403
8401
8401
8400
8395
8394
8394
8393
8391
8391
8390
8388
8385
8385
8384
8384
8383
8382
8381
8379
8377
8374
8374
8372
8371
8368
8367
8366
8363
8363
8362
8361
8360
8359
8358
8357
8349
8349
8349
8348
8346
8345
8344
8342
8341
8341
8341
8341
8341
8340
8338
8337
8337
8336
8334
8332
8329
8329
8327
8326
8324
8323
8323
8322
8320
8320
8317
8316
8315
8315
8315
8313
8313
8312
8312
8311
8310
8310
8309
8307
8307
8305
8304
8303
8301
8299
8298
8296
8296
8295
8293
8293
8293
8293
8292
8291
8291
8290
8290
8290
8288
8287
8285
8282
8282
8281
8278
8277
8274
8273
8272
8271
8270
8269
8269
8269
8268
8268
8267
8266
8265
8265
8265
8264
8262
8262
8261
8260
8257
8256
8255
8255
8254
8254
8251
8250
8250
8250
8249
8247
8247
8246
8245
8244
8244
8243
8242
8241
8241
8240
8239
8236
8235
8235
8234
8234
8232
8231
8229
8228
8228
8227
8227
8227
8226
8226
8226
8226
8226
8225
8224
8224
8224
8224
8223
8222
8222
8222
8218
8218
8218
8217
8217
8216
8215
8215
8212
8211
8211
8209
8208
8208
8206
8206
8206
8206
8205
8204
8203
8203
8202
8202
8200
8200
8199
8199
8198
8195
8194
8193
8192
8191
8190
8189
8189
8189
8189
8186
8186
8185
8183
8183
8182
8180
8180
8179
8178
8177
8177
8177
8176
8174
8173
8172
8172
8171
8170
8169
8169
8167
8166
8165
8165
8162
8162
8162
8160
8159
8159
8158
8158
8157
8157
8157
8156
8156
8155
8154
8152
8151
8150
8149
8148
8147
8147
8147
8145
8145
8143
8143
8142
8142
8140
8140
8140
8137
8136
8134
8134
8133
8132
8131
8131
8129
8129
8129
8128
8126
8125
8123
8122
8122
8120
8120
8119
8118
8118
8118
8118
8117
8116
8114
8113
8112
8111
8110
8109
8108
8108
8108
8106
8106
8105
8104
8103
8102
8100
8096
8095
8095
8094
8094
8093
8092
8091
8091
8090
8089
8087
8087
8086
8086
8086
8085
8083
8083
8081
8081
8080
8079
8079
8078
8076
8075
8074
8069
8069
8069
8068
8068
8065
8064
8063
8063
8063
8061
8060
8059
8058
8058
8057
8056
8056
8055
8055
8055
8054
8053
8053
8053
8052
8051
8050
8049
8048
8047
8047
8040
8040
8036
8036
8035
8035
8033
8032
8032
8032
8029
8029
8027
8027
8024
8024
8022
8022
8021
8018
8016
8014
8013
8013
8012
8012
8012
8008
8006
8004
8003
8001
7997
7996
7994
7992
7990
7989
7989
7988
7987
7987
7987
7987
7986
7986
7985
7985
7984
7982
7979
7976
7975
7974
7973
7973
7971
7969
7969
7968
7967
7966
7966
7964
7963
7963
7959
7957
7956
7956
7955
7955
7954
7953
7953
7953
7949
7946
7946
7945
7944
7943
7940
7939
7939
7939
7937
7937
7935
7935
7934
7934
7933
7932
7932
7932
7930
7929
7928
7926
7926
7926
7924
7920
7919
7917
7914
7912
7910
7908
7907
7907
7906
7906
7906
7902
7902
7902
7902
7901
7900
7899
7898
7898
7896
7896
7894
7894
7892
7890
7886
7885
7885
7884
7884
7883
7878
7877
7876
7876
7876
7876
7875
7874
7872
7871
7871
7871
7871
7871
7869
7867
7865
7863
7862
7861
7860
7859
7859
7858
7856
7856
7856
7855
7852
7852
7852
7849
7849
7848
7846
7846
7845
7844
7844
7843
7843
7842
7836
7833
7833
7832
7832
7831
7831
7827
7826
7826
7825
7825
7825
7824
7823
7821
7821
7821
7820
7820
7819
7818
7816
7816
7816
7814
7813
7813
7811
7810
7810
7809
7808
7807
7806
7805
7803
7803
7803
7803
7802
7802
7801
7800
7797
7797
7796
7795
7795
7794
7794
7793
7793
7791
7791
7790
7788
7787
7787
7784
7782
7782
7781
7777
7775
7774
7773
7773
7772
7772
7772
7771
7771
7770
7769
7766
7766
7765
7765
7764
7764
7763
7761
7760
7760
7760
7760
7760
7758
7758
7758
7757
7755
7754
7753
7752
7752
7750
7748
7748
7748
7747
7747
7746
7746
7744
7741
7741
7740
7738
7737
7735
7735
7735
7734
7733
7733
7733
7733
7732
7732
7732
7731
7730
7728
7728
7728
7724
7723
7722
7720
7717
7717
7716
7715
7714
7714
7714
7713
7713
7712
7712
7709
7708
7708
7707
7705
7702
7700
7699
7699
7699
7698
7697
7696
7695
7694
7694
7694
7694
7691
7690
7688
7687
7687
7685
7685
7685
7683
7683
7682
7682
7681
7680
7680
7679
7678
7677
7673
7673
7672
7670
7668
7667
7667
7666
7666
7666
7663
7662
7662
7662
7660
7659
7658
7657
7656
7656
7654
7654
7652
7652
7651
7650
7647
7647
7646
7645
7645
7644
7643
7643
7643
7642
7642
7641
7640
7640
7639
7636
7634
7634
7633
7632
7632
7631
7631
7629
7629
7629
7628
7627
7624
7623
7622
7622
7621
7621
7620
7618
7617
7616
7616
7616
7615
7615
7614
7614
7614
7613
7613
7613
7613
7612
7610
7608
7607
7603
7600
7599
7598
7597
7596
7594
7593
7592
7592
7590
7590
7588
7587
7586
7585
7584
7583
7582
7580
7579
7579
7579
7578
7578
7570
7570
7570
7568
7567
7565
7563
7563
7560
7559
7558
7557
7557
7557
7557
7556
7554
7553
7551
7551
7548
7548
7544
7543
7543
7543
7543
7542
7542
7542
7541
7540
7540
7537
7537
7537
7536
7534
7533
7532
7532
7531
7530
7530
7527
7526
7523
7522
7520
7520
7520
7519
7519
7518
7517
7516
7516
7514
7514
7514
7514
7513
7512
7511
7508
7508
7507
7507
7507
7507
7505
7505
7504
7502
7500
7499
7498
7498
7495
7495
7494
7494
7493
7492
7489
7487
7485
7485
7484
7481
7478
7478
7477
7476
7475
7475
7470
7467
7466
7466
7464
7463
7461
7459
7459
7457
7456
7456
7455
7455
7455
7454
7453
7452
7450
7449
7447
7446
7445
7443
7443
7442
7442
7442
7440
7439
7437
7437
7436
7436
7435
7435
7435
7434
7434
7434
7434
7431
7429
7427
7425
7424
7422
7422
7422
7421
7421
7420
7420
7419
7417
7417
7417
7417
7416
7414
7413
7412
7412
7412
7411
7411
7408
7406
7403
7402
7402
7401
7400
7400
7400
7399
7399
7399
7394
7394
7394
7391
7390
7389
7389
7388
7388
7387
7384
7384
7383
7382
7380
7380
7379
7379
7378
7377
7377
7376
7374
7369
7369
7369
7368
7366
7365
7365
7364
7361
7361
7360
7360
7359
7358
7357
7356
7356
7355
7355
7352
7351
7350
7347
7347
7346
7344
7344
7343
7343
7343
7340
7340
7338
7337
7337
7337
7335
7334
7333
7332
7331
7331
7331
7330
7329
7328
7327
7326
7326
7325
7325
7324
7324
7323
7322
7322
7322
7319
7319
7317
7315
7312
7310
7309
7308
7307
7305
7305
7303
7303
7303
7303
7303
7303
7302
7302
7301
7301
7300
7300
7300
7300
7298
7298
7297
7295
7294
7292
7292
7290
7289
7288
7288
7287
7287
7287
7286
7285
7284
7284
7284
7283
7282
7282
7280
7279
7275
7274
7274
7273
7272
7272
7271
7271
7270
7269
7269
7268
7268
7267
7265
7264
7264
7263
7262
7261
7259
7257
7256
7255
7254
7254
7254
7254
7253
7252
7252
7251
7251
7250
7249
7248
7248
7247
7247
7246
7246
7245
7245
7244
7242
7241
7240
7239
7239
7239
7239
7235
7233
7232
7231
7230
7230
7229
7228
7228
7225
7225
7224
7224
7224
7223
7223
7221
7220
7219
7219
7218
7218
7217
7217
7217
7216
7214
7212
7211
7211
7210
7210
7209
7208
7208
7208
7207
7206
7206
7203
7203
7202
7202
7202
7201
7201
7198
7198
7197
7196
7196
7196
7196
7195
7194
7194
7194
7193
7193
7193
7191
7186
7185
7184
7183
7183
7183
7181
7181
7180
7180
7180
7180
7180
7178
7178
7178
7178
7177
7177
7174
7171
7170
7168
7168
7165
7163
7162
7161
7161
7161
7160
7159
7159
7158
7157
7157
7156
7154
7153
7153
7152
7152
7151
7150
7149
7149
7148
7147
7147
7146
7146
7145
7145
7145
7143
7141
7140
7140
7139
7139
7138
7138
7136
7136
7135
7133
7133
7132
7132
7130
7128
7127
7126
7126
7125
7125
7125
7125
7124
7123
7123
7122
7121
7120
7119
7118
7117
7117
7113
7113
7112
7112
7109
7109
7108
7105
7104
7104
7104
7103
7101
7099
7099
7098
7098
7096
7094
7093
7093
7090
7090
7089
7088
7087
7085
7085
7084
7083
7082
7082
7081
7080
7079
7078
7078
7078
7076
7073
7072
7072
7072
7071
7070
7067
7067
7066
7065
7063
7063
7063
7062
7061
7060
7060
7060
7058
7058
7057
7056
7054
7053
7052
7052
7051
7051
7050
7048
7048
7047
7047
7047
7046
7046
7046
7045
7044
7043
7042
7042
7042
7041
7041
7041
7040
7038
7037
7036
7035
7035
7034
7031
7029
7028
7028
7025
7025
7025
7025
7024
7022
7021
7019
7015
7012
7010
7010
7007
7006
7006
7005
7004
7004
7004
7001
7000
6999
6998
6998
6996
6996
6995
6995
6995
6994
6994
6993
6992
6991
6991
6990
6987
6987
6986
6985
6983
6982
6981
6981
6980
6980
6979
6977
6977
6976
6974
6973
6973
6971
6971
6969
6967
6966
6966
6965
6965
6965
6965
6964
6963
6961
6957
6955
6950
6948
6947
6946
6946
6946
6941
6940
6938
6938
6937
6936
6935
6935
6935
6935
6935
6934
6928
6927
6926
6925
6923
6922
6920
6920
6919
6918
6918
6918
6917
6913
6911
6910
6909
6908
6907
6906
6906
6906
6904
6902
6902
6900
6899
6897
6897
6896
6895
6895
6895
6894
6894
6893
6892
6889
6887
6885
6885
6885
6885
6880
6880
6879
6878
6878
6876
6876
6876
6876
6876
6875
6874
6872
6871
6871
6870
6870
6870
6869
6867
6867
6867
6867
6866
6866
6865
6865
6865
6865
6865
6862
6860
6860
6858
6857
6856
6856
6852
6851
6849
6849
6849
6847
6847
6846
6846
6845
6845
6843
6842
6842
6842
6840
6839
6839
6839
6838
6838
6837
6836
6835
6835
6833
6833
6832
6831
6829
6828
6828
6827
6825
6824
6824
6822
6821
6820
6820
6820
6819
6819
6818
6817
6817
6816
6816
6815
6814
6813
6810
6809
6808
6806
6805
6803
6802
6801
6800
6800
6800
6799
6798
6796
6796
6795
6794
6791
6791
6790
6790
6790
6788
6788
6788
6787
6787
6784
6784
6784
6783
6783
6783
6781
6778
6778
6777
6777
6776
6776
6776
6776
6774
6774
6773
6772
6772
6772
6771
6771
6767
6766
6765
6764
6764
6764
6764
6763
6762
6758
6758
6756
6756
6755
6754
6752
6748
6748
6746
6745
6744
6740
6740
6739
6738
6736
6736
6735
6735
6734
6734
6734
6733
6733
6733
6733
6732
6731
6730
6728
6728
6728
6726
6725
6724
6722
6722
6722
6721
6721
6720
6720
6720
6718
6716
6715
6714
6714
6712
6712
6710
6710
6709
6708
6707
6706
6703
6703
6699
6699
6698
6696
6695
6694
6693
6690
6689
6685
6685
6685
6683
6682
6681
6679
6679
6675
6675
6674
6673
6671
6671
6671
6669
6667
6662
6662
6658
6656
6656
6655
6655
6654
6654
6653
6652
6650
6648
6648
6647
6646
6645
6645
6645
6644
6644
6643
6642
6642
6641
6640
6640
6639
6638
6637
6636
6635
6634
6634
6631
6629
6627
6627
6626
6626
6625
6623
6622
6621
6620
6619
6619
6619
6619
6618
6618
6618
6617
6617
6615
6614
6610
6609
6607
6607
6607
6606
6606
6605
6604
6603
6602
6602
6602
6602
6601
6599
6599
6598
6596
6595
6594
6594
6594
6593
6593
6593
6587
6586
6585
6584
6584
6583
6582
6581
6578
6576
6576
6576
6576
6572
6571
6570
6569
6566
6565
6565
6565
6564
6563
6560
6560
6559
6559
6558
6555
6555
6554
6552
6550
6550
6550
6549
6549
6548
6548
6547
6546
6546
6544
6544
6542
6539
6539
6537
6537
6537
6537
6537
6535
6534
6533
6531
6530
6528
6526
6526
6523
6523
6522
6520
6520
6518
6518
6516
6516
6514
6512
6511
6509
6508
6507
6505
6505
6504
6504
6501
6500
6498
6497
6497
6496
6495
6494
6494
6494
6494
6492
6489
6488
6488
6487
6487
6487
6485
6485
6485
6484
6484
6482
6482
6481
6481
6477
6476
6476
6475
6475
6472
6470
6468
6468
6466
6464
6464
6462
6461
6460
6460
6459
6459
6458
6458
6456
6455
6454
6453
6453
6453
6452
6451
6451
6451
6451
6447
6447
6447
6446
6445
6445
6445
6443
6443
6442
6442
6441
6441
6439
6438
6437
6437
6437
6436
6433
6431
6431
6431
6430
6430
6429
6428
6428
6428
6426
6424
6421
6421
6420
6420
6419
6418
6418
6417
6416
6415
6414
6414
6413
6412
6412
6410
6410
6409
6409
6408
6408
6408
6407
6406
6405
6405
6404
6403
6401
6401
6400
6400
6399
6398
6396
6395
6395
6394
6393
6393
6393
6390
6388
6387
6387
6386
6386
6386
6385
6385
6382
6379
6379
6377
6375
6375
6375
6375
6374
6374
6373
6371
6371
6370
6369
6368
6368
6368
6367
6365
6364
6364
6362
6362
6361
6360
6358
6358
6357
6356
6355
6355
6351
6350
6349
6348
6346
6344
6344
6344
6343
6342
6341
6337
6336
6336
6335
6334
6333
6332
6331
6330
6329
6327
6327
6325
6324
6320
6319
6317
6317
6317
6316
6316
6315
6315
6314
6311
6310
6310
6310
6307
6305
6305
6304
6302
6301
6300
6300
6299
6299
6298
6295
6293
6293
6292
6291
6290
6289
6289
6288
6288
6286
6286
6286
6286
6284
6283
6282
6281
6281
6277
6277
6277
6275
6271
6270
6270
6269
6268
6267
6267
6266
6265
6263
6262
6261
6260
6260
6259
6258
6257
6257
6257
6257
6257
6256
6256
6255
6254
6254
6252
6252
6251
6248
6246
6243
6243
6243
6242
6242
6241
6241
6239
6239
6238
6237
6237
6236
6234
6234
6233
6233
6231
6231
6228
6227
6227
6226
6225
6221
6220
6220
6217
6216
6211
6208
6207
6206
6205
6203
6203
6201
6200
6199
6199
6198
6196
6192
6191
6189
6189
6189
6188
6188
6186
6186
6184
6184
6182
6182
6182
6181
6181
6180
6179
6178
6178
6175
6174
6174
6173
6173
6173
6171
6170
6170
6169
6169
6167
6167
6166
6163
6163
6162
6161
6161
6161
6160
6160
6159
6159
6158
6158
6157
6157
6157
6156
6155
6153
6151
6150
6149
6148
6148
6148
6148
6147
6147
6146
6146
6146
6145
6145
6145
6144
6144
6142
6140
6139
6139
6139
6139
6138
6137
6134
6134
6132
6130
6130
6129
6127
6126
6123
6122
6120
6119
6119
6118
6116
6115
6115
6115
6115
6114
6113
6109
6108
6108
6107
6106
6103
6102
6100
6100
6097
6096
6096
6094
6094
6092
6092
6092
6091
6090
6090
6089
6088
6087
6085
6085
6084
6082
6082
6079
6078
6077
6077
6077
6076
6075
6074
6074
6073
6072
6070
6070
6068
6067
6067
6065
6064
6063
6063
6062
6062
6062
6061
6061
6060
6060
6059
6059
6056
6055
6055
6052
6052
6052
6050
6049
6049
6048
6047
6047
6046
6045
6044
6043
6041
6041
6040
6039
6039
6038
6037
6037
6036
6036
6034
6034
6034
6033
6031
6030
6028
6027
6026
6025
6025
6025
6023
6019
6019
6017
6017
6016
6015
6015
6014
6014
6012
6012
6010
6009
6009
6008
6008
6008
6007
6007
6007
6006
6004
6001
6000
5999
5998
5998
5997
5994
5993
5993
5993
5993
5992
5992
5991
5991
5990
5990
5989
5989
5988
5987
5986
5986
5984
5984
5979
5979
5978
5978
5976
5976
5976
5974
5974
5974
5972
5972
5971
5968
5967
5967
5966
5966
5965
5964
5963
5963
5961
5960
5958
5958
5957
5957
5956
5956
5952
5951
5951
5950
5949
5949
5947
5947
5946
5943
5940
5940
5939
5938
5938
5935
5934
5930
5928
5928
5926
5925
5925
5925
5924
5923
5923
5919
5918
5917
5917
5916
5916
5915
5915
5914
5913
5912
5912
5911
5910
5909
5909
5909
5907
5906
5904
5904
5903
5903
5903
5902
5902
5902
5897
5897
5897
5897
5896
5895
5894
5894
5894
5894
5892
5889
5888
5888
5885
5884
5883
5882
5880
5878
5878
5877
5874
5874
5874
5870
5869
5867
5867
5865
5863
5863
5863
5862
5860
5860
5855
5854
5853
5851
5850
5848
5848
5846
5846
5845
5845
5845
5844
5842
5841
5840
5840
5838
5836
5836
5834
5833
5833
5832
5832
5830
5830
5828
5827
5826
5826
5825
5825
5825
5823
5823
5822
5821
5820
5819
5819
5818
5817
5817
5814
5812
5807
5805
5804
5804
5803
5802
5802
5801
5800
5798
5798
5797
5796
5794
5793
5793
5792
5791
5791
5788
5785
5785
5784
5784
5783
5782
5782
5781
5780
5779
5779
5777
5777
5776
5775
5775
5775
5774
5774
5770
5769
5769
5769
5766
5766
5765
5765
5765
5764
5764
5763
5762
5761
5759
5759
5757
5752
5751
5751
5751
5750
5749
5748
5748
5745
5744
5743
5742
5740
5738
5737
5737
5737
5735
5733
5729
5728
5728
5727
5727
5726
5726
5725
5724
5723
5722
5722
5721
5720
5719
5718
5718
5718
5717
5715
5715
5713
5711
5708
5708
5707
5707
5705
5703
5698
5697
5696
5695
5694
5694
5691
5691
5690
5690
5689
5686
5684
5683
5682
5682
5679
5677
5676
5672
5669
5668
5668
5668
5667
5666
5666
5665
5664
5662
5660
5659
5659
5658
5658
5654
5653
5653
5652
5652
5651
5651
5651
5649
5649
5648
5645
5644
5644
5642
5641
5641
5641
5639
5637
5637
5635
5635
5634
5631
5630
5629
5628
5627
5626
5625
5625
5624
5624
5624
5622
5622
5621
5620
5620
5620
5619
5618
5615
5614
5614
5611
5611
5611
5611
5608
5608
5607
5606
5605
5605
5605
5604
5601
5596
5596
5596
5594
5593
5593
5591
5591
5590
5589
5588
5584
5584
5581
5580
5580
5580
5580
5576
5572
5569
5568
5567
5566
5565
5565
5565
5565
5561
5560
5558
5557
5557
5556
5556
5555
5554
5552
5552
5550
5548
5546
5544
5542
5541
5540
5540
5539
5538
5538
5537
5535
5535
5533
5533
5532
5532
5531
5528
5528
5526
5524
5522
5521
5521
5520
5519
5519
5519
5519
5518
5516
5515
5515
5511
5510
5510
5509
5508
5507
5505
5503
5503
5502
5502
5502
5499
5497
5496
5496
5496
5495
5493
5493
5490
5490
5489
5488
5488
5488
5488
5485
5485
5485
5484
5481
5481
5481
5480
5480
5478
5477
5477
5473
5473
5470
5468
5466
5466
5464
5463
5463
5459
5456
5456
5455
5454
5454
5454
5453
5451
5451
5451
5449
5446
5446
5443
5443
5442
5442
5441
5439
5438
5438
5437
5436
5435
5433
5432
5432
5430
5430
5429
5428
5428
5427
5424
5423
5422
5421
5419
5419
5419
5418
5417
5417
5416
5416
5415
5412
5412
5411
5410
5410
5409
5408
5407
5406
5405
5404
5403
5401
5400
5400
5400
5394
5394
5394
5394
5391
5390
5389
5389
5388
5388
5387
5385
5384
5384
5382
5381
5380
5379
5378
5378
5377
5377
5376
5376
5375
5374
5374
5373
5372
5371
5370
5370
5369
5369
5367
5366
5366
5364
5363
5363
5361
5356
5355
5353
5351
5351
5348
5347
5347
5346
5346
5345
5343
5340
5340
5339
5337
5334
5332
5332
5331
5330
5328
5327
5321
5321
5321
5318
5318
5316
5316
5316
5315
5315
5313
5313
5310
5309
5309
5309
5308
5307
5307
5306
5305
5304
5304
5303
5302
5301
5300
5299
5299
5297
5294
5293
5293
5292
5292
5289
5288
5288
5287
5287
5287
5286
5285
5284
5284
5281
5280
5279
5279
5279
5277
5276
5274
5271
5271
5269
5267
5266
5265
5263
5263
5262
5261
5261
5260
5258
5258
5256
5255
5254
5252
5252
5247
5247
5247
5246
5246
5246
5246
5244
5243
5242
5241
5240
5239
5238
5238
5238
5237
5236
5234
5234
5232
5231
5231
5228
5228
5225
5224
5223
5220
5219
5219
5216
5215
5214
5213
5213
5211
5210
5207
5207
5205
5205
5204
5204
5202
5200
5199
5198
5197
5196
5196
5196
5196
5195
5195
5195
5194
5193
5190
5190
5189
5188
5186
5186
5185
5184
5183
5183
5183
5181
5180
5179
5178
5178
5176
5175
5175
5175
5174
5174
5171
5171
5171
5170
5169
5169
5169
5168
5165
5165
5161
5161
5160
5160
5158
5157
5157
5155
5154
5153
5153
5152
5152
5152
5151
5148
5147
5145
5145
5143
5139
5139
5138
5137
5137
5136
5136
5131
5131
5131
5130
5130
5129
5129
5128
5126
5126
5126
5126
5124
5122
5120
5119
5119
5119
5118
5114
5112
5112
5111
5111
5110
5110
5109
5105
5104
5102
5102
5101
5100
5099
5099
5098
5098
5098
5096
5094
5092
5092
5087
5085
5085
5084
5084
5083
5080
5080
5080
5079
5079
5079
5079
5077
5075
5075
5070
5070
5069
5069
5068
5067
5065
5065
5065
5064
5062
5060
5059
5058
5058
5053
5051
5046
5045
5045
5042
5041
5039
5039
5039
5039
5038
5038
5037
5036
5036
5034
5031
5031
5030
5030
5028
5028
5027
5027
5025
5024
5023
5023
5023
5023
5022
5020
5019
5019
5016
5015
5015
5015
5015
5014
5013
5013
5010
5010
5009
5002
5001
5001
5000
4999
4999
4999
4998
4997
4997
4996
4996
4995
4992
4991
4990
4990
4989
4988
4988
4987
4986
4985
4983
4983
4983
4982
4982
4981
4981
4980
4978
4977
4977
4977
4973
4973
4972
4971
4971
4970
4970
4970
4968
4968
4967
4965
4965
4963
4962
4962
4959
4959
4959
4958
4958
4957
4956
4956
4956
4955
4955
4955
4954
4953
4953
4953
4952
4952
4951
4946
4945
4945
4944
4942
4942
4942
4942
4941
4940
4940
4939
4938
4936
4936
4936
4934
4934
4934
4934
4932
4929
4929
4928
4926
4925
4925
4925
4925
4924
4919
4918
4918
4917
4913
4913
4913
4913
4911
4910
4910
4910
4909
4909
4909
4908
4907
4907
4906
4905
4905
4898
4897
4896
4895
4892
4891
4887
4886
4885
4884
4884
4884
4883
4882
4882
4880
4877
4876
4876
4873
4873
4872
4872
4872
4871
4867
4867
4866
4865
4865
4865
4862
4860
4860
4860
4859
4857
4857
4857
4856
4852
4852
4852
4851
4851
4851
4851
4850
4849
4845
4845
4845
4843
4842
4842
4841
4836
4835
4835
4834
4833
4833
4830
4829
4828
4827
4827
4827
4826
4825
4824
4823
4823
4823
4820
4820
4820
4820
4817
4817
4816
4816
4816
4816
4814
4811
4810
4810
4809
4808
4807
4806
4805
4805
4804
4803
4803
4803
4801
4800
4799
4798
4798
4797
4796
4794
4793
4793
4791
4791
4789
4789
4787
4786
4785
4784
4784
4784
4783
4783
4778
4778
4778
4778
4775
4775
4775
4772
4771
4771
4771
4771
4770
4769
4769
4768
4768
4767
4763
4763
4763
4763
4762
4762
4761
4761
4761
4760
4758
4758
4757
4757
4755
4754
4753
4752
4752
4750
4748
4747
4746
4745
4745
4742
4742
4740
4739
4739
4739
4738
4737
4734
4734
4732
4732
4731
4731
4730
4730
4728
4725
4725
4724
4722
4722
4722
4720
4720
4717
4717
4715
4714
4713
4713
4712
4711
4710
4710
4708
4701
4701
4700
4699
4698
4697
4696
4695
4695
4695
4695
4690
4690
4690
4688
4687
4687
4687
4686
4684
4684
4683
4683
4683
4682
4682
4682
4681
4676
4675
4673
4672
4670
4669
4668
4668
4668
4666
4663
4663
4662
4661
4661
4660
4659
4655
4654
4654
4654
4654
4653
4652
4652
4651
4650
4649
4649
4648
4648
4647
4646
4646
4645
4644
4644
4643
4642
4642
4641
4640
4640
4640
4639
4639
4637
4635
4634
4632
4629
4628
4627
4626
4622
4621
4620
4619
4617
4616
4616
4613
4613
4611
4611
4611
4610
4608
4608
4607
4605
4605
4605
4605
4605
4604
4603
4601
4599
4595
4594
4594
4594
4593
4591
4591
4585
4582
4581
4581
4581
4581
4581
4580
4580
4580
4580
4579
4579
4578
4578
4576
4576
4575
4571
4571
4570
4569
4567
4567
4566
4566
4565
4564
4564
4563
4563
4562
4560
4560
4560
4559
4559
4558
4557
4557
4556
4556
4556
4555
4553
4553
4553
4552
4547
4546
4546
4544
4543
4541
4541
4540
4539
4539
4538
4538
4536
4536
4535
4534
4534
4533
4532
4531
4527
4526
4525
4524
4523
4522
4522
4517
4514
4513
4512
4512
4511
4510
4506
4505
4505
4499
4499
4499
4498
4497
4496
4495
4494
4494
4494
4493
4492
4490
4490
4489
4488
4488
4487
4486
4485
4483
4482
4482
4481
4480
4479
4477
4477
4476
4471
4470
4467
4467
4465
4464
4463
4462
4460
4460
4460
4459
4457
4455
4454
4453
4453
4452
4452
4451
4450
4450
4449
4448
4448
4448
4446
4444
4444
4443
4441
4439
4435
4435
4435
4434
4432
4432
4431
4431
4430
4426
4426
4426
4425
4422
4422
4419
4418
4418
4418
4416
4416
4415
4411
4411
4409
4409
4409
4408
4408
4408
4405
4403
4402
4402
4400
4399
4399
4399
4398
4397
4397
4397
4397
4396
4396
4395
4395
4394
4391
4391
4390
4390
4389
4389
4389
4389
4388
4388
4385
4383
4383
4383
4382
4382
4381
4380
4376
4376
4376
4375
4373
4369
4366
4363
4362
4361
4360
4358
4356
4356
4356
4356
4353
4350
4350
4349
4345
4342
4342
4341
4341
4340
4338
4337
4336
4333
4331
4330
4329
4329
4328
4327
4327
4326
4324
4323
4322
4319
4317
4317
4317
4316
4314
4314
4313
4313
4312
4311
4311
4308
4307
4305
4305
4303
4303
4302
4302
4299
4298
4297
4297
4294
4294
4294
4293
4292
4292
4292
4291
4290
4288
4287
4286
4285
4284
4284
4283
4279
4279
4279
4279
4278
4276
4274
4271
4270
4269
4268
4268
4266
4265
4265
4265
4264
4264
4264
4263
4262
4259
4259
4258
4257
4257
4257
4256
4254
4254
4249
4248
4246
4244
4242
4241
4240
4239
4239
4238
4238
4236
4234
4232
4230
4227
4227
4226
4223
4223
4223
4222
4221
4220
4219
4219
4218
4216
4215
4214
4212
4212
4208
4207
4206
4206
4206
4205
4205
4205
4203
4203
4203
4201
4201
4201
4201
4201
4198
4197
4196
4195
4194
4192
4192
4192
4192
4191
4186
4186
4184
4182
4182
4181
4181
4181
4181
4180
4179
4178
4178
4177
4176
4175
4174
4173
4173
4169
4169
4169
4167
4166
4166
4165
4165
4164
4163
4160
4160
4159
4158
4158
4157
4157
4156
4156
4156
4155
4154
4151
4150
4150
4149
4149
4149
4148
4148
4147
4146
4146
4143
4142
4140
4139
4139
4139
4139
4139
4139
4138
4135
4134
4133
4133
4132
4129
4128
4127
4126
4124
4122
4122
4119
4119
4118
4118
4117
4116
4116
4115
4114
4114
4114
4114
4113
4113
4113
4112
4112
4110
4108
4105
4103
4102
4102
4102
4102
4102
4098
4098
4095
4095
4095
4094
4093
4092
4092
4092
4091
4091
4090
4089
4088
4086
4085
4085
4085
4083
4083
4083
4080
4080
4080
4079
4078
4077
4075
4074
4074
4072
4069
4068
4067
4067
4066
4066
4064
4063
4062
4062
4061
4060
4059
4059
4058
4058
4058
4057
4057
4057
4057
4056
4055
4052
4051
4049
4048
4047
4047
4047
4046
4045
4044
4044
4043
4043
4043
4043
4043
4042
4041
4041
4040
4038
4038
4038
4036
4035
4035
4034
4033
4033
4033
4033
4032
4031
4031
4030
4030
4030
4029
4028
4028
4027
4026
4026
4024
4023
4022
4021
4021
4018
4017
4017
4017
4016
4014
4014
4011
4011
4008
4006
4006
4005
4004
4004
3998
3998
3998
3998
3997
3997
3996
3995
3994
3994
3992
3990
3989
3989
3987
3986
3984
3983
3979
3979
3977
3977
3977
3976
3976
3976
3975
3975
3974
3969
3969
3969
3968
3968
3968
3963
3961
3961
3960
3957
3953
3953
3952
3951
3950
3950
3949
3949
3948
3946
3945
3944
3942
3941
3941
3940
3938
3936
3936
3935
3934
3934
3933
3933
3932
3931
3930
3929
3929
3929
3929
3929
3927
3925
3924
3923
3923
3923
3920
3920
3918
3918
3917
3913
3913
3913
3911
3911
3910
3908
3907
3906
3904
3904
3902
3902
3902
3902
3902
3901
3900
3900
3899
3899
3897
3897
3896
3895
3895
3895
3895
3892
3891
3890
3889
3888
3887
3887
3887
3886
3882
3880
3880
3879
3878
3878
3875
3874
3874
3869
3869
3869
3868
3867
3866
3865
3864
3864
3863
3863
3860
3859
3859
3859
3857
3857
3856
3852
3850
3848
3847
3847
3847
3846
3846
3843
3843
3840
3840
3838
3837
3834
3833
3831
3830
3826
3826
3825
3825
3825
3823
3822
3821
3820
3819
3818
3818
3818
3817
3817
3816
3815
3812
3809
3808
3808
3806
3806
3806
3804
3800
3799
3797
3797
3796
3796
3795
3793
3792
3789
3787
3787
3784
3784
3782
3781
3781
3778
3777
3776
3776
3776
3775
3774
3772
3771
3771
3770
3770
3770
3767
3765
3764
3763
3763
3762
3759
3759
3758
3758
3756
3753
3753
3752
3751
3751
3749
3749
3748
3748
3747
3746
3746
3745
3745
3744
3744
3743
3740
3740
3739
3736
3736
3736
3735
3735
3734
3732
3731
3729
3728
3727
3725
3724
3723
3723
3722
3720
3720
3717
3717
3716
3716
3715
3714
3713
3713
3713
3712
3712
3711
3710
3710
3709
3708
3707
3706
3703
3703
3702
3702
3702
3701
3699
3699
3699
3699
3698
3698
3698
3697
3693
3692
3691
3691
3690
3688
3686
3685
3684
3683
3679
3678
3677
3674
3671
3666
3665
3664
3662
3659
3659
3659
3658
3657
3654
3652
3651
3649
3649
3647
3647
3647
3644
3644
3644
3643
3642
3642
3637
3633
3629
3627
3625
3623
3623
3623
3623
3621
3620
3620
3620
3619
3617
3617
3612
3610
3609
3609
3607
3607
3606
3606
3605
3604
3602
3601
3600
3600
3597
3596
3596
3596
3593
3593
3592
3592
3591
3588
3587
3586
3585
3585
3584
3583
3581
3581
3580
3580
3579
3578
3578
3577
3576
3574
3574
3570
3570
3568
3565
3564
3563
3562
3560
3560
3558
3558
3557
3557
3556
3556
3555
3553
3551
3551
3550
3548
3548
3546
3544
3544
3543
3542
3541
3540
3538
3537
3536
3536
3533
3532
3532
3531
3530
3529
3528
3528
3527
3526
3525
3525
3524
3524
3522
3520
3519
3518
3518
3518
3518
3517
3517
3517
3516
3516
3516
3515
3513
3511
3511
3510
3509
3508
3506
3505
3504
3503
3502
3502
3502
3501
3499
3499
3499
3497
3497
3495
3495
3491
3491
3489
3488
3486
3484
3481
3480
3480
3477
3476
3474
3472
3471
3470
3469
3469
3468
3467
3465
3465
3463
3463
3462
3462
3459
3456
3452
3452
3452
3450
3450
3450
3450
3449
3447
3446
3444
3443
3442
3441
3439
3438
3438
3438
3436
3435
3434
3433
3433
3430
3430
3429
3427
3423
3423
3422
3422
3422
3420
3419
3418
3418
3417
3416
3416
3416
3416
3415
3414
3414
3414
3413
3413
3413
3410
3410
3409
3409
3408
3406
3405
3404
3404
3400
3400
3398
3397
3395
3395
3395
3393
3393
3393
3389
3389
3388
3386
3384
3384
3383
3380
3380
3380
3379
3378
3378
3377
3377
3374
3371
3366
3366
3366
3365
3364
3363
3362
3357
3356
3353
3351
3350
3348
3346
3345
3345
3345
3344
3342
3341
3340
3337
3337
3335
3334
3333
3333
3333
3333
3332
3332
3331
3331
3331
3331
3330
3329
3328
3327
3327
3324
3323
3323
3321
3319
3319
3316
3315
3314
3314
3313
3313
3311
3309
3309
3308
3305
3305
3303
3303
3302
3301
3300
3300
3299
3296
3293
3293
3290
3288
3287
3286
3286
3285
3281
3281
3281
3280
3279
3278
3277
3277
3275
3275
3273
3267
3267
3266
3266
3266
3264
3264
3264
3263
3261
3261
3260
3258
3258
3256
3255
3254
3254
3252
3252
3251
3251
3249
3249
3249
3248
3247
3244
3243
3242
3241
3240
3239
3238
3237
3235
3235
3235
3234
3232
3230
3228
3226
3226
3226
3225
3225
3222
3222
3221
3220
3219
3219
3218
3217
3214
3214
3213
3212
3212
3211
3211
3210
3210
3207
3206
3205
3204
3203
3203
3201
3201
3200
3200
3197
3195
3194
3193
3192
3191
3190
3190
3189
3187
3187
3185
3184
3180
3178
3176
3174
3173
3173
3172
3172
3171
3169
3167
3165
3164
3161
3161
3160
3159
3159
3158
3157
3156
3156
3155
3155
3151
3151
3151
3150
3150
3147
3146
3146
3145
3144
3143
3143
3142
3140
3139
3137
3137
3136
3135
3135
3135
3134
3133
3133
3132
3132
3131
3131
3129
3126
3125
3124
3120
3120
3118
3118
3118
3117
3117
3115
3115
3113
3111
3110
3110
3110
3109
3108
3108
3103
3103
3103
3099
3097
3096
3094
3094
3094
3092
3092
3091
3090
3088
3086
3084
3081
3080
3079
3078
3076
3076
3075
3075
3074
3072
3072
3072
3070
3070
3069
3069
3068
3067
3067
3064
3064
3064
3064
3063
3061
3061
3061
3060
3059
3059
3058
3057
3057
3055
3053
3053
3051
3050
3050
3047
3046
3046
3045
3044
3043
3041
3041
3038
3037
3037
3036
3036
3035
3033
3033
3032
3031
3029
3029
3029
3028
3026
3025
3024
3024
3024
3022
3022
3021
3021
3020
3019
3019
3018
3016
3015
3014
3013
3012
3012
3011
3010
3009
3007
3006
3005
3004
3004
3003
3003
3003
3002
3000
3000
2999
2999
2998
2994
2992
2991
2990
2989
2988
2987
2987
2986
2984
2982
2981
2981
2979
2976
2976
2976
2976
2976
2974
2974
2974
2973
2970
2969
2969
2969
2968
2965
2962
2959
2957
2954
2953
2951
2949
2948
2947
2947
2946
2945
2944
2944
2942
2940
2938
2933
2933
2932
2932
2931
2930
2930
2929
2928
2927
2924
2923
2922
2922
2921
2921
2919
2918
2917
2913
2911
2911
2911
2911
2908
2906
2906
2904
2904
2903
2902
2902
2902
2902
2900
2900
2900
2898
2896
2896
2896
2894
2894
2894
2893
2892
2891
2890
2889
2888
2888
2887
2885
2885
2884
2883
2881
2880
2880
2878
2878
2877
2877
2877
2876
2870
2870
2870
2869
2866
2866
2865
2865
2860
2855
2854
2853
2853
2853
2853
2853
2852
2851
2850
2850
2850
2850
2849
2848
2848
2848
2848
2847
2847
2846
2844
2844
2843
2843
2842
2841
2841
2839
2837
2837
2836
2835
2833
2832
2832
2831
2830
2830
2829
2829
2827
2827
2827
2826
2825
2825
2824
2822
2822
2822
2821
2820
2819
2816
2815
2813
2810
2810
2809
2808
2808
2805
2803
2801
2799
2797
2797
2794
2794
2792
2791
2790
2790
2789
2788
2786
2785
2785
2785
2783
2781
2780
2780
2779
2776
2775
2775
2774
2774
2774
2772
2770
2769
2768
2766
2765
2764
2763
2761
2761
2760
2759
2758
2756
2755
2749
2747
2746
2744
2743
2742
2742
2742
2741
2741
2740
2739
2739
2739
2739
2739
2737
2737
2736
2736
2731
2730
2730
2728
2728
2728
2726
2725
2724
2723
2723
2722
2722
2722
2721
2720
2720
2719
2719
2717
2716
2715
2714
2714
2714
2714
2712
2711
2710
2709
2709
2706
2706
2704
2703
2702
2701
2700
2698
2697
2696
2695
2695
2694
2694
2692
2692
2692
2689
2688
2688
2687
2687
2685
2685
2685
2685
2684
2683
2682
2682
2682
2680
2680
2680
2679
2679
2678
2676
2675
2675
2674
2670
2670
2669
2669
2668
2667
2666
2666
2665
2663
2662
2661
2660
2659
2659
2659
2658
2657
2656
2656
2656
2655
2655
2654
2653
2652
2652
2650
2650
2649
2648
2647
2647
2645
2645
2644
2642
2642
2642
2639
2637
2636
2634
2630
2629
2629
2627
2624
2624
2623
2621
2621
2621
2619
2618
2617
2617
2614
2613
2611
2609
2607
2603
2602
2600
2599
2598
2598
2597
2597
2597
2595
2594
2593
2593
2592
2590
2589
2588
2587
2585
2584
2584
2584
2583
2583
2582
2581
2580
2580
2575
2575
2575
2574
2574
2570
2570
2570
2566
2566
2565
2565
2564
2563
2561
2559
2558
2558
2557
2555
2554
2554
2552
2552
2551
2551
2550
2550
2550
2549
2548
2546
2546
2545
2545
2544
2542
2541
2539
2539
2538
2536
2535
2533
2533
2531
2530
2530
2530
2529
2527
2525
2525
2525
2524
2524
2523
2522
2522
2522
2521
2520
2518
2517
2516
2514
2514
2514
2513
2512
2511
2510
2509
2509
2508
2508
2506
2503
2503
2502
2501
2501
2501
2501
2501
2500
2500
2500
2500
2499
2499
2497
2497
2495
2495
2494
2494
2494
2492
2492
2491
2491
2490
2489
2488
2486
2486
2482
2479
2477
2476
2474
2474
2472
2472
2471
2471
2470
2469
2468
2468
2468
2467
2465
2463
2461
2460
2460
2460
2459
2458
2458
2457
2457
2456
2455
2451
2451
2451
2449
2448
2447
2446
2446
2446
2446
2445
2442
2442
2440
2439
2434
2434
2433
2432
2432
2431
2431
2431
2427
2426
2425
2425
2419
2419
2418
2417
2416
2413
2413
2413
2412
2411
2407
2406
2405
2402
2401
2399
2399
2399
2396
2396
2393
2392
2391
2390
2390
2390
2388
2387
2383
2383
2383
2383
2381
2381
2380
2379
2378
2378
2376
2376
2376
2375
2373
2372
2371
2369
2369
2368
2367
2366
2366
2365
2364
2364
2360
2359
2357
2356
2356
2355
2354
2354
2354
2353
2351
2351
2349
2348
2347
2347
2346
2346
2346
2345
2345
2344
2344
2343
2339
2338
2338
2335
2334
2331
2331
2331
2329
2329
2326
2324
2322
2319
2319
2317
2312
2311
2309
2309
2308
2308
2308
2307
2307
2306
2305
2300
2300
2299
2297
2297
2296
2296
2296
2295
2295
2292
2290
2289
2289
2286
2284
2284
2283
2283
2282
2281
2280
2280
2278
2278
2275
2274
2273
2273
2271
2268
2264
2264
2264
2262
2262
2260
2259
2257
2256
2255
2253
2253
2252
2251
2250
2250
2250
2249
2249
2249
2247
2246
2243
2243
2242
2242
2242
2242
2240
2240
2239
2238
2234
2233
2233
2232
2232
2230
2229
2228
2227
2226
2225
2225
2224
2223
2221
2220
2220
2216
2215
2214
2212
2211
2207
2207
2207
2206
2204
2203
2202
2201
2201
2198
2197
2194
2193
2193
2192
2191
2190
2189
2188
2187
2186
2185
2184
2183
2183
2182
2179
2178
2177
2177
2177
2175
2173
2173
2172
2171
2171
2170
2170
2169
2167
2166
2166
2165
2164
2163
2162
2161
2160
2160
2159
2159
2158
2156
2156
2155
2155
2154
2153
2149
2147
2147
2146
2144
2144
2143
2143
2142
2141
2140
2139
2138
2137
2137
2137
2136
2135
2135
2134
2133
2133
2132
2132
2131
2130
2129
2129
2127
2126
2126
2125
2124
2123
2122
2119
2117
2117
2116
2116
2115
2115
2114
2113
2111
2111
2109
2104
2103
2103
2102
2101
2100
2100
2100
2099
2099
2098
2098
2096
2096
2096
2095
2094
2093
2093
2091
2091
2091
2090
2088
2087
2087
2084
2082
2082
2078
2076
2075
2073
2068
2065
2065
2060
2060
2059
2058
2058
2057
2057
2053
2051
2050
2049
2048
2048
2047
2045
2043
2042
2041
2041
2041
2040
2039
2038
2036
2035
2035
2033
2032
2032
2032
2032
2030
2030
2030
2029
2029
2028
2027
2025
2025
2023
2022
2019
2017
2017
2017
2016
2016
2014
2013
2013
2012
2012
2011
2009
2007
2006
2006
2005
2004
2004
2001
2000
2000
2000
2000
1999
1997
1997
1997
1996
1996
1995
1993
1991
1991
1991
1989
1989
1986
1986
1985
1985
1984
1983
1983
1982
1982
1981
1980
1978
1977
1977
1977
1977
1976
1975
1975
1974
1973
1968
1967
1967
1966
1966
1966
1965
1965
1964
1963
1963
1959
1959
1959
1959
1958
1957
1956
1956
1954
1953
1953
1953
1951
1950
1948
1945
1943
1942
1941
1940
1939
1938
1933
1933
1931
1930
1928
1928
1927
1927
1926
1925
1924
1924
1922
1922
1922
1921
1921
1918
1916
1915
1913
1909
1908
1903
1902
1897
1897
1896
1896
1895
1894
1894
1894
1892
1892
1891
1891
1888
1886
1884
1884
1883
1883
1882
1881
1881
1880
1879
1879
1875
1873
1872
1871
1871
1870
1869
1869
1869
1865
1864
1864
1864
1859
1857
1856
1854
1853
1853
1853
1853
1852
1851
1851
1850
1850
1849
1846
1846
1844
1844
1842
1842
1841
1839
1835
1834
1833
1832
1832
1832
1831
1831
1830
1827
1822
1821
1818
1815
1813
1813
1812
1811
1811
1811
1811
1808
1807
1807
1805
1805
1805
1804
1803
1803
1802
1801
1801
1801
1797
1797
1796
1794
1794
1794
1794
1792
1790
1789
1788
1788
1788
1787
1787
1787
1786
1785
1784
1784
1783
1783
1782
1781
1780
1780
1780
1780
1778
1777
1776
1776
1776
1773
1772
1771
1770
1770
1769
1767
1765
1765
1763
1763
1761
1758
1756
1754
1752
1752
1750
1749
1748
1744
1744
1743
1743
1743
1743
1742
1740
1739
1739
1739
1738
1738
1737
1737
1737
1737
1736
1736
1735
1734
1733
1733
1731
1731
1729
1729
1728
1728
1728
1727
1727
1726
1726
1725
1724
1723
1721
1720
1719
1718
1717
1717
1715
1712
1711
1708
1706
1705
1705
1704
1703
1701
1701
1701
1701
1699
1698
1698
1695
1693
1692
1692
1691
1690
1689
1688
1686
1685
1684
1684
1682
1681
1681
1680
1680
1680
1679
1678
1678
1677
1677
1672
1671
1671
1671
1670
1670
1667
1665
1664
1663
1663
1662
1660
1658
1657
1657
1656
1655
1654
1651
1650
1647
1647
1647
1645
1644
1644
1644
1640
1639
1639
1638
1638
1637
1636
1635
1635
1632
1628
1626
1626
1623
1623
1623
1619
1617
1615
1615
1614
1613
1613
1611
1606
1605
1605
1604
1604
1602
1602
1602
1601
1600
1598
1598
1598
1596
1593
1588
1585
1584
1584
1584
1583
1583
1583
1582
1581
1581
1581
1580
1580
1580
1579
1579
1579
1578
1577
1576
1575
1573
1570
1570
1569
1568
1567
1567
1567
1566
1563
1563
1562
1562
1561
1558
1556
1554
1553
1550
1549
1549
1549
1549
1544
1544
1541
1540
1539
1538
1538
1537
1531
1531
1529
1529
1528
1528
1527
1527
1526
1526
1525
1523
1521
1521
1519
1519
1518
1516
1514
1513
1513
1513
1510
1509
1509
1507
1507
1505
1505
1503
1500
1498
1496
1495
1494
1491
1490
1488
1488
1488
1485
1483
1481
1481
1480
1478
1478
1478
1476
1476
1474
1473
1473
1473
1472
1472
1472
1470
1469
1468
1468
1467
1463
1460
1460
1460
1458
1458
1458
1458
1457
1456
1455
1455
1453
1453
1451
1450
1448
1447
1447
1443
1442
1441
1440
1439
1436
1436
1434
1432
1429
1428
1427
1426
1425
1424
1424
1424
1423
1423
1421
1420
1420
1420
1419
1418
1418
1417
1417
1416
1416
1415
1413
1413
1412
1411
1411
1410
1410
1409
1407
1406
1405
1404
1404
1403
1400
1398
1398
1396
1395
1394
1391
1391
1391
1390
1389
1389
1387
1387
1387
1386
1385
1384
1382
1382
1382
1381
1381
1379
1379
1378
1378
1375
1374
1374
1374
1370
1370
1369
1369
1368
1367
1366
1363
1363
1362
1362
1361
1361
1360
1360
1359
1359
1354
1354
1353
1353
1351
1351
1349
1349
1348
1348
1345
1345
1344
1343
1342
1342
1340
1339
1338
1338
1338
1337
1337
1337
1336
1336
1335
1335
1332
1330
1328
1328
1323
1322
1320
1319
1319
1318
1317
1317
1313
1313
1312
1311
1309
1308
1307
1306
1304
1303
1303
1301
1300
1299
1298
1297
1296
1296
1296
1295
1291
1291
1289
1288
1288
1287
1286
1284
1284
1283
1282
1281
1281
1281
1281
1280
1280
1279
1279
1279
1278
1278
1278
1277
1275
1272
1272
1272
1271
1271
1271
1270
1268
1267
1267
1267
1266
1266
1266
1265
1264
1263
1263
1263
1260
1258
1257
1256
1256
1256
1256
1256
1253
1252
1252
1251
1247
1247
1243
1241
1241
1240
1239
1238
1238
1237
1236
1235
1235
1234
1234
1232
1230
1230
1229
1229
1227
1225
1225
1225
1221
1221
1221
1220
1219
1219
1214
1214
1213
1212
1212
1210
1209
1209
1209
1209
1205
1205
1204
1204
1203
1203
1203
1203
1202
1201
1200
1198
1197
1196
1196
1195
1193
1192
1192
1190
1189
1188
1188
1188
1188
1183
1181
1181
1181
1180
1179
1178
1178
1177
1176
1175
1174
1174
1170
1170
1168
1167
1167
1167
1165
1164
1162
1161
1161
1160
1160
1159
1159
1159
1158
1157
1156
1154
1153
1152
1152
1150
1148
1148
1147
1146
1146
1146
1146
1146
1144
1144
1144
1143
1141
1141
1140
1140
1138
1138
1138
1138
1137
1137
1137
1137
1136
1133
1131
1131
1130
1129
1129
1128
1127
1127
1127
1126
1126
1126
1125
1125
1124
1124
1123
1123
1121
1121
1121
1120
1119
1119
1118
1118
1117
1117
1116
1115
1113
1111
1111
1111
1110
1109
1109
1109
1107
1106
1105
1104
1103
1101
1100
1100
1099
1099
1098
1096
1094
1092
1091
1088
1087
1087
1086
1083
1083
1081
1079
1077
1076
1076
1075
1075
1074
1072
1070
1070
1070
1070
1069
1068
1068
1068
1067
1067
1067
1065
1065
1064
1063
1063
1063
1062
1062
1062
1061
1061
1060
1060
1060
1058
1058
1057
1057
1056
1055
1055
1052
1050
1049
1049
1048
1046
1046
1045
1040
1039
1037
1037
1035
1034
1033
1033
1032
1030
1030
1028
1028
1025
1025
1022
1015
1014
1013
1013
1012
1012
1011
1011
1010
1010
1010
1009
1008
1006
1004
1003
1002
1002
1001
1000
997
995
994
993
992
992
992
991
991
991
990
988
987
986
983
983
981
978
978
973
972
971
970
970
969
969
967
967
965
964
963
963
962
960
960
960
959
958
957
956
956
956
956
955
955
954
952
952
952
947
947
947
946
945
943
941
940
940
940
937
936
936
934
930
930
929
928
928
927
925
925
923
923
922
922
920
920
919
918
918
918
917
916
915
915
915
915
914
914
913
913
913
912
910
910
909
908
907
903
899
899
898
898
897
897
895
895
894
893
893
892
892
890
889
886
886
886
883
883
883
883
882
881
881
876
876
876
875
873
873
872
871
871
869
866
863
862
861
859
858
858
856
855
854
853
848
848
846
846
845
844
843
842
842
839
838
838
837
835
834
831
829
828
827
827
826
826
823
823
819
816
816
814
811
809
809
808
805
802
801
799
790
790
788
787
785
784
784
784
781
781
781
778
777
776
776
775
775
772
772
771
771
771
767
766
766
765
765
764
763
761
757
756
755
753
752
751
751
750
748
747
747
747
746
746
746
745
744
744
742
742
740
740
738
738
737
737
736
735
734
732
731
731
727
725
723
722
722
720
720
719
718
717
715
715
714
714
713
713
713
712
710
710
709
709
708
705
705
704
703
702
702
701
700
700
699
699
699
698
698
697
697
696
696
694
694
694
691
691
691
690
690
690
688
688
687
686
685
684
684
683
683
682
682
681
680
680
680
680
680
679
677
676
674
673
669
668
668
667
667
667
667
665
665
664
663
663
663
662
659
658
658
656
654
654
654
653
651
650
650
649
648
645
645
644
644
643
643
640
640
638
637
637
636
635
633
631
628
618
617
612
612
612
611
610
610
609
609
609
608
608
607
606
606
605
605
604
603
603
602
602
601
600
599
599
599
597
597
597
595
594
593
593
592
592
590
588
588
581
579
575
574
573
572
572
572
571
571
570
568
568
567
566
565
564
563
562
561
560
560
559
559
558
558
558
557
557
557
556
553
553
553
550
549
549
547
545
545
543
543
541
541
539
538
537
537
535
532
532
531
531
531
529
529
526
525
520
519
517
517
516
516
515
513
512
510
510
508
508
507
506
506
506
505
505
503
501
500
500
500
499
499
499
499
499
496
493
493
486
483
481
480
479
477
477
476
476
473
472
472
469
468
468
467
466
464
463
463
462
462
461
460
460
460
459
459
459
459
456
455
455
452
451
450
450
448
448
447
447
447
446
446
440
439
439
439
439
438
438
437
437
437
437
435
434
433
432
432
425
422
422
422
421
421
421
420
420
419
416
415
414
414
413
413
412
411
409
409
409
408
408
407
407
407
405
404
404
402
401
400
400
399
399
398
398
396
395
395
394
393
392
392
392
391
390
390
389
388
388
387
386
385
385
380
377
377
376
374
373
373
372
372
371
370
365
365
364
364
363
363
363
363
362
358
357
356
355
354
354
352
351
351
351
350
347
345
344
344
344
343
342
342
340
338
338
338
337
337
336
334
334
334
333
333
331
331
330
328
327
327
327
327
325
325
325
324
323
322
320
319
318
317
315
314
314
309
307
306
305
303
303
303
301
301
300
300
299
298
297
297
293
292
292
291
290
290
290
289
289
288
288
287
286
285
284
283
282
281
278
275
275
272
272
270
268
268
266
266
264
264
262
262
261
261
260
258
258
258
257
256
253
253
253
249
248
248
247
247
247
246
244
243
243
243
242
242
239
238
236
236
236
235
235
233
232
231
231
230
230
229
228
228
228
225
221
219
218
218
217
216
216
215
214
213
213
212
211
211
210
210
210
210
209
208
205
204
202
202
201
201
200
199
198
197
196
196
196
193
192
190
189
188
187
186
186
183
183
181
181
180
178
176
176
175
175
174
172
169
167
166
165
165
163
162
160
158
156
155
154
154
154
151
151
150
148
148
147
145
141
140
139
138
135
135
131
130
130
128
125
124
122
121
120
120
120
120
117
117
116
116
115
115
114
113
112
112
112
111
111
110
109
108
107
105
105
105
104
102
101
100
99
98
98
97
97
95
95
94
94
90
89
88
86
85
83
83
83
83
83
83
83
81
78
77
73
72
70
68
68
66
66
66
65
65
65
64
64
63
61
60
60
60
59
57
56
55
53
53
52
50
49
48
48
46
46
45
45
45
44
43
42
40
38
36
35
35
34
32
31
31
30
28
28
27
27
27
25
24
21
20
18
17
17
17
17
15
15
14
14
12
12
12
12
11
9
9
8
8
7
7
5
3
1
1
