9998
9997
9996
9995
9993
9991
9991
9990
9989
9989
9988
9988
9987
9986
9986
9985
9985
9984
9984
9983
9981
9980
9979
9977
9975
9974
9974
9974
9973
9973
9970
9969
9969
9967
9966
9966
9965
9965
9965
9965
9964
9964
9963
9963
9962
9962
9962
9962
9961
9961
9961
9959
9957
9956
9956
9953
9950
9950
9950
9946
9946
9945
9943
9943
9941
9939
9938
9937
9937
9936
9936
9935
9934
9934
9934
9933
9933
9932
9929
9929
9929
9929
9925
9924
9924
9923
9922
9921
9920
9919
9918
9917
9917
9910
9909
9909
9908
9908
9908
9907
9907
9907
9906
9905
9905
9905
9903
9902
9902
9902
9902
9901
9900
9900
9900
9899
9897
9897
9897
9896
9895
9894
9892
9892
9892
9892
9892
9891
9890
9889
9888
9886
9885
9885
9884
9883
9882
9881
9880
9877
9877
9877
9876
9876
9874
9874
9873
9873
9872
9867
9867
9866
9866
9865
9864
9863
9862
9861
9856
9854
9852
9852
9851
9849
9848
9847
9847
9846
9846
9845
9844
9844
9843
9843
9843
9841
9840
9839
9836
9833
9833
9833
9833
9832
9832
9831
9830
9830
9829
9827
9827
9827
9827
9825
9825
9825
9825
9824
9824
9824
9824
9823
9820
9820
9819
9819
9818
9818
9818
9818
9817
9814
9813
9813
9812
9812
9810
9810
9810
9809
9806
9806
9806
9806
9806
9806
9805
9805
9804
9802
9801
9801
9801
9801
9801
9798
9797
9795
9795
9795
9795
9794
9793
9792
9791
9791
9788
9787
9786
9782
9781
9779
9778
9777
9777
9775
9773
9772
9772
9770
9770
9770
9769
9766
9765
9764
9763
9763
9762
9762
9760
9760
9760
9760
9759
9758
9756
9756
9753
9752
9751
9751
9750
9749
9749
9748
9748
9747
9746
9746
9746
9744
9741
9740
9739
9737
9736
9736
9736
9736
9735
9735
9734
9734
9733
9732
9732
9731
9730
9729
9728
9727
9726
9724
9723
9723
9721
9719
9719
9719
9718
9718
9716
9716
9713
9713
9712
9712
9711
9710
9709
9709
9709
9708
9708
9708
9707
9707
9707
9706
9705
9704
9704
9704
9703
9702
9700
9700
9699
9698
9698
9697
9696
9696
9695
9695
9692
9691
9689
9689
9687
9687
9685
9683
9683
9683
9683
9681
9679
9679
9679
9678
9677
9676
9676
9673
9673
9672
9672
9671
9671
9670
9670
9669
9668
9668
9668
9667
9666
9666
9666
9665
9665
9663
9662
9658
9658
9658
9657
9655
9654
9653
9653
9652
9652
9651
9651
9651
9650
9650
9649
9648
9647
9647
9646
9645
9645
9644
9642
9642
9642
9642
9638
9638
9638
9634
9634
9632
9630
9630
9628
9627
9626
9623
9622
9622
9621
9621
9620
9618
9618
9617
9612
9611
9608
9606
9603
9602
9602
9600
9600
9597
9597
9597
9596
9595
9594
9593
9591
9590
9590
9589
9588
9588
9587
9586
9584
9584
9584
9583
9583
9582
9582
9580
9576
9573
9572
9570
9569
9566
9564
9563
9560
9559
9557
9555
9555
9554
9554
9552
9550
9550
9550
9549
9547
9544
9541
9541
9540
9539
9539
9536
9535
9535
9534
9534
9534
9533
9532
9532
9531
9526
9523
9521
9520
9519
9519
9519
9517
9517
9517
9517
9516
9515
9514
9513
9513
9513
9508
9505
9504
9504
9503
9502
9502
9500
9499
9499
9495
9494
9494
9494
9492
9489
9488
9487
9487
9486
9483
9482
9482
9481
9480
9480
9478
9478
9478
9477
9476
9475
9475
9475
9474
9474
9473
9473
9472
9471
9470
9470
9468
9467
9467
9467
9465
9464
9463
9462
9462
9462
9458
9457
9457
9456
9456
9454
9452
9450
9450
9450
9449
9448
9447
9447
9446
9445
9445
9443
9441
9441
9439
9438
9437
9436
9435
9435
9435
9434
9434
9433
9433
9433
9431
9430
9429
9429
9429
9428
9427
9426
9426
9426
9425
9423
9421
9421
9419
9418
9417
9416
9415
9414
9414
9413
9411
9411
9409
9409
9407
9405
9405
9404
9401
9400
9399
9398
9396
9395
9394
9394
9393
9393
9392
9391
9386
9385
9385
9383
9383
9383
9381
9379
9378
9376
9374
9373
9372
9371
9370
9369
9368
9368
9366
9364
9364
9364
9362
9361
9361
9361
9359
9357
9355
9354
9353
9352
9352
9350
9349
9349
9346
9344
9344
9344
9343
9342
9341
9339
9339
9339
9338
9338
9337
9337
9337
9336
9336
9335
9333
9332
9331
9329
9328
9327
9326
9324
9323
9322
9322
9322
9320
9320
9319
9319
9317
9316
9315
9313
9313
9313
9312
9312
9312
9311
9311
9308
9308
9306
9304
9303
9303
9303
9302
9300
9300
9299
9298
9297
9297
9295
9293
9293
9293
9292
9291
9291
9290
9290
9288
9285
9285
9284
9284
9282
9281
9281
9280
9280
9280
9279
9277
9276
9276
9274
9270
9269
9269
9268
9267
9263
9262
9259
9257
9257
9254
9254
9253
9253
9252
9251
9250
9249
9248
9248
9247
9247
9247
9246
9245
9244
9244
9243
9242
9242
9240
9236
9235
9234
9234
9232
9229
9229
9228
9227
9226
9225
9224
9222
9221
9220
9219
9219
9218
9218
9217
9215
9215
9213
9212
9212
9212
9211
9209
9208
9206
9206
9200
9198
9198
9197
9194
9194
9193
9193
9191
9191
9190
9189
9189
9187
9187
9185
9184
9183
9182
9181
9181
9181
9180
9179
9179
9178
9178
9177
9176
9176
9174
9174
9174
9173
9171
9171
9170
9170
9170
9167
9167
9166
9165
9165
9164
9164
9164
9162
9158
9157
9157
9157
9157
9156
9155
9155
9154
9154
9151
9151
9150
9150
9148
9146
9145
9145
9144
9144
9141
9141
9140
9138
9138
9136
9134
9134
9134
9132
9132
9131
9130
9130
9127
9126
9125
9125
9124
9124
9123
9122
9122
9121
9115
9114
9114
9114
9112
9110
9110
9107
9107
9107
9105
9105
9104
9103
9102
9102
9101
9101
9101
9099
9097
9097
9096
9096
9095
9095
9094
9093
9093
9092
9091
9091
9089
9089
9088
9087
9087
9082
9081
9079
9076
9076
9075
9075
9075
9073
9073
9073
9072
9072
9071
9070
9068
9068
9065
9064
9064
9064
9063
9063
9063
9063
9063
9062
9061
9061
9059
9057
9057
9056
9054
9053
9052
9052
9051
9050
9049
9049
9049
9047
9046
9046
9044
9042
9042
9041
9040
9040
9039
9039
9039
9039
9039
9037
9035
9033
9031
9031
9029
9027
9026
9023
9023
9023
9023
9022
9022
9022
9018
9014
9013
9012
9010
9010
9009
9008
9007
9006
9006
9004
9001
9000
8999
8998
8998
8997
8996
8996
8995
8995
8990
8989
8988
8988
8987
8987
8984
8983
8982
8982
8982
8981
8979
8978
8976
8976
8976
8975
8974
8974
8974
8968
8968
8968
8967
8967
8967
8966
8966
8965
8965
8964
8963
8962
8961
8961
8960
8960
8959
8957
8956
8956
8956
8954
8952
8951
8951
8949
8945
8943
8942
8939
8937
8937
8936
8934
8932
8930
8928
8926
8925
8923
8922
8922
8920
8918
8917
8916
8916
8915
8915
8915
8911
8910
8910
8908
8906
8903
8902
8902
8900
8899
8895
8894
8891
8890
8890
8890
8890
8890
8888
8888
8886
8886
8886
8884
8884
8883
8881
8880
8879
8879
8878
8878
8877
8874
8873
8869
8864
8863
8863
8863
8862
8862
8861
8861
8859
8858
8857
8856
8854
8852
8850
8849
8845
8845
8844
8843
8843
8840
8840
8840
8838
8837
8836
8835
8834
8832
8832
8831
8831
8830
8830
8830
8828
8828
8827
8827
8826
8825
8825
8825
8824
8821
8817
8815
8814
8814
8813
8812
8810
8810
8810
8806
8806
8805
8804
8804
8804
8802
8801
8800
8799
8797
8796
8796
8795
8795
8794
8794
8793
8793
8792
8791
8790
8789
8788
8787
8786
8785
8785
8781
8780
8780
8780
8780
8778
8777
8776
8776
8775
8774
8773
8770
8770
8768
8766
8766
8765
8763
8763
8763
8760
8760
8758
8758
8758
8755
8755
8754
8753
8750
8749
8749
8749
8746
8745
8744
8744
8742
8742
8741
8741
8738
8738
8737
8737
8737
8736
8736
8735
8733
8733
8732
8732
8731
8731
8731
8730
8729
8728
8725
8724
8724
8721
8721
8721
8720
8719
8716
8716
8715
8715
8713
8711
8711
8710
8708
8708
8706
8706
8705
8705
8703
8701
8701
8700
8700
8700
8699
8699
8699
8698
8696
8696
8696
8693
8692
8691
8689
8689
8688
8688
8687
8687
8685
8684
8683
8680
8680
8679
8679
8672
8672
8669
8669
8668
8667
8666
8665
8663
8662
8661
8661
8660
8659
8657
8656
8654
8653
8652
8651
8648
8647
8647
8646
8644
8643
8642
8642
8641
8637
8636
8634
8633
8632
8632
8631
8631
8630
8629
8629
8627
8626
8625
8625
8623
8623
8622
8621
8620
8619
8618
8616
8614
8613
8612
8611
8611
8611
8610
8610
8610
8609
8609
8609
8608
8608
8606
8606
8606
8605
8604
8604
8599
8598
8593
8589
8589
8584
8583
8583
8581
8581
8580
8575
8575
8574
8574
8572
8571
8570
8567
8567
8567
8564
8564
8563
8562
8561
8558
8558
8556
8555
8555
8554
8553
8553
8552
8551
8550
8550
8549
8548
8548
8548
8546
8545
8545
8543
8542
8541
8541
8540
8538
8536
8536
8535
8534
8533
8531
8530
8529
8529
8525
8524
8523
8521
8521
8520
8520
8519
8519
8517
8515
8515
8515
8513
8511
8509
8508
8507
8503
8501
8501
8500
8498
8496
8496
8494
8491
8490
8490
8490
8489
8489
8487
8480
8480
8479
8478
8478
8476
8475
8474
8473
8473
8472
8472
8471
8471
8467
8461
8460
8460
8459
8459
8459
8458
8457
8456
8455
8454
8453
8452
8452
8451
8450
8450
8450
8450
8449
8447
8445
8445
8445
8444
8444
8444
8443
8443
8442
8442
8442
8440
8437
8436
8435
8434
8432
8431
8431
8431
8429
8428
8427
8426
8426
8426
8426
8424
8423
8422
8422
8422
8421
8419
8419
8417
8416
8410
8409
8409
8408
8404
8403
8402
8402
8399
8398
8397
8397
8396
8396
8395
8395
8395
8394
8393
8393
8392
8390
8388
8388
8388
8387
8386
8386
8385
8385
8381
8380
8380
8378
8376
8375
8374
8373
8373
8372
8372
8369
8369
8369
8369
8368
8368
8366
8364
8364
8363
8362
8360
8357
8354
8353
8352
8352
8352
8351
8350
8346
8343
8342
8340
8340
8340
8338
8337
8337
8336
8335
8334
8334
8334
8333
8331
8329
8328
8328
8327
8323
8322
8321
8320
8319
8319
8316
8314
8313
8312
8312
8311
8310
8308
8306
8305
8305
8304
8304
8304
8302
8302
8301
8301
8300
8299
8295
8294
8294
8294
8293
8293
8292
8290
8290
8289
8288
8286
8283
8283
8282
8282
8281
8280
8279
8279
8278
8278
8278
8276
8276
8275
8274
8274
8273
8270
8270
8269
8268
8268
8262
8262
8261
8260
8256
8254
8253
8253
8252
8251
8249
8249
8249
8248
8247
8246
8246
8246
8244
8244
8244
8244
8243
8242
8242
8239
8239
8238
8238
8238
8237
8237
8236
8233
8232
8230
8230
8228
8228
8227
8226
8226
8224
8224
8223
8221
8220
8219
8217
8215
8215
8214
8214
8214
8213
8213
8212
8212
8211
8211
8211
8210
8209
8206
8205
8205
8203
8203
8200
8198
8195
8194
8194
8192
8191
8190
8185
8185
8183
8183
8183
8180
8180
8180
8178
8171
8168
8168
8167
8166
8166
8164
8161
8157
8157
8157
8156
8156
8154
8154
8153
8153
8152
8152
8151
8151
8151
8151
8150
8150
8150
8150
8147
8144
8143
8142
8142
8141
8140
8140
8140
8139
8139
8139
8136
8135
8133
8132
8131
8129
8127
8126
8126
8126
8125
8123
8121
8119
8117
8117
8116
8115
8114
8114
8113
8112
8112
8111
8111
8109
8106
8104
8103
8103
8102
8100
8100
8099
8099
8099
8098
8098
8098
8096
8096
8096
8095
8093
8093
8090
8089
8089
8088
8088
8087
8086
8085
8085
8084
8084
8082
8081
8078
8078
8078
8077
8077
8076
8074
8073
8073
8072
8070
8070
8069
8068
8066
8066
8065
8065
8065
8063
8061
8060
8057
8057
8057
8057
8054
8052
8052
8052
8050
8050
8047
8047
8043
8041
8041
8041
8040
8039
8039
8038
8035
8035
8035
8031
8031
8028
8024
8024
8024
8023
8023
8022
8020
8020
8019
8019
8018
8015
8015
8010
8009
8009
8007
8007
8007
8007
8006
8005
8005
8004
8002
7997
7994
7993
7992
7992
7991
7990
7990
7990
7990
7990
7988
7987
7983
7982
7982
7981
7981
7979
7979
7979
7979
7978
7978
7978
7978
7976
7975
7975
7974
7973
7973
7971
7971
7971
7971
7970
7969
7969
7969
7967
7967
7966
7966
7965
7965
7965
7964
7964
7963
7963
7960
7959
7959
7957
7957
7956
7956
7955
7955
7954
7953
7952
7951
7949
7948
7947
7947
7947
7945
7944
7943
7942
7941
7941
7940
7939
7939
7938
7938
7936
7936
7935
7935
7935
7934
7934
7932
7928
7928
7926
7926
7925
7924
7924
7924
7924
7922
7922
7921
7920
7920
7919
7919
7918
7916
7914
7912
7911
7908
7906
7903
7902
7901
7899
7898
7898
7897
7897
7896
7893
7893
7893
7892
7891
7889
7888
7887
7886
7885
7884
7883
7880
7879
7879
7875
7874
7873
7872
7871
7871
7868
7868
7867
7865
7864
7862
7858
7858
7858
7857
7857
7855
7853
7852
7852
7851
7851
7850
7850
7849
7849
7848
7848
7848
7846
7845
7845
7845
7845
7844
7843
7843
7841
7841
7839
7838
7837
7836
7833
7833
7830
7829
7826
7825
7824
7823
7823
7823
7820
7820
7819
7818
7816
7814
7812
7810
7808
7807
7807
7807
7804
7803
7802
7802
7799
7799
7798
7798
7794
7793
7792
7792
7792
7792
7791
7790
7790
7788
7787
7787
7785
7784
7783
7781
7781
7781
7780
7780
7779
7778
7775
7775
7773
7773
7768
7766
7765
7764
7764
7764
7763
7762
7761
7759
7759
7758
7757
7757
7753
7753
7750
7750
7749
7749
7748
7747
7746
7746
7745
7744
7744
7742
7742
7742
7741
7741
7740
7739
7739
7739
7738
7737
7734
7733
7733
7733
7733
7730
7730
7729
7727
7726
7726
7724
7723
7722
7722
7719
7719
7719
7718
7717
7716
7714
7713
7711
7708
7708
7708
7707
7707
7707
7707
7705
7704
7703
7699
7697
7697
7697
7696
7691
7690
7690
7690
7688
7688
7687
7686
7685
7683
7682
7681
7680
7680
7678
7678
7677
7673
7673
7673
7672
7671
7670
7666
7665
7660
7660
7659
7657
7656
7653
7653
7653
7651
7650
7650
7644
7642
7641
7638
7638
7637
7636
7635
7635
7633
7631
7630
7628
7627
7624
7623
7623
7622
7622
7621
7620
7619
7618
7616
7616
7616
7614
7612
7611
7611
7611
7610
7609
7609
7608
7608
7605
7604
7603
7602
7602
7598
7597
7597
7595
7593
7592
7592
7591
7589
7589
7588
7588
7585
7584
7582
7581
7580
7579
7577
7575
7575
7573
7572
7572
7570
7568
7567
7566
7562
7559
7559
7559
7558
7557
7556
7556
7555
7555
7552
7551
7551
7550
7549
7549
7547
7546
7543
7542
7541
7540
7539
7538
7537
7537
7536
7535
7535
7535
7534
7532
7532
7531
7531
7531
7530
7529
7528
7528
7526
7524
7524
7524
7523
7520
7518
7517
7517
7513
7512
7506
7504
7504
7503
7503
7500
7500
7500
7498
7496
7494
7494
7493
7492
7491
7491
7491
7489
7488
7488
7485
7484
7483
7482
7482
7481
7481
7478
7476
7476
7475
7473
7471
7470
7467
7464
7463
7462
7462
7462
7459
7459
7459
7458
7456
7456
7455
7454
7452
7452
7452
7451
7451
7450
7450
7450
7450
7449
7449
7448
7447
7446
7445
7441
7440
7439
7437
7437
7432
7431
7429
7429
7429
7428
7428
7428
7427
7427
7426
7425
7425
7423
7423
7423
7422
7421
7421
7420
7419
7419
7418
7416
7416
7415
7414
7414
7414
7412
7412
7412
7408
7403
7403
7403
7401
7401
7399
7398
7398
7396
7395
7395
7395
7393
7391
7391
7391
7391
7391
7390
7390
7388
7388
7387
7387
7387
7386
7385
7384
7384
7382
7380
7380
7378
7377
7377
7377
7376
7374
7374
7373
7373
7373
7369
7369
7368
7367
7367
7366
7365
7364
7364
7363
7362
7362
7362
7361
7361
7359
7355
7355
7354
7354
7353
7352
7352
7352
7350
7349
7349
7347
7347
7347
7347
7345
7344
7343
7343
7342
7340
7339
7338
7337
7337
7335
7334
7334
7332
7331
7328
7326
7326
7325
7322
7320
7315
7314
7313
7313
7311
7310
7310
7309
7308
7307
7306
7306
7305
7305
7304
7303
7301
7301
7301
7300
7299
7298
7298
7295
7291
7290
7289
7289
7288
7288
7287
7286
7285
7284
7283
7282
7282
7281
7278
7278
7277
7276
7275
7275
7274
7273
7273
7272
7271
7270
7269
7269
7269
7269
7268
7268
7268
7268
7267
7266
7265
7265
7263
7263
7263
7261
7260
7260
7259
7258
7258
7256
7254
7251
7248
7246
7246
7245
7244
7240
7238
7238
7236
7236
7235
7233
7232
7231
7230
7230
7229
7229
7229
7227
7226
7226
7225
7224
7223
7220
7219
7218
7216
7214
7214
7213
7210
7209
7207
7207
7207
7205
7204
7203
7202
7201
7198
7197
7196
7196
7193
7193
7191
7191
7189
7188
7187
7187
7187
7186
7185
7184
7184
7183
7181
7181
7180
7180
7179
7178
7177
7176
7176
7176
7175
7174
7172
7170
7170
7170
7170
7169
7169
7168
7168
7168
7166
7165
7164
7163
7163
7161
7155
7155
7154
7151
7151
7149
7147
7146
7143
7142
7139
7137
7135
7134
7131
7129
7129
7129
7128
7127
7127
7126
7125
7125
7123
7122
7121
7120
7120
7120
7118
7118
7118
7117
7116
7116
7115
7114
7113
7112
7111
7111
7110
7109
7108
7108
7106
7104
7104
7104
7101
7098
7097
7096
7095
7095
7094
7093
7093
7093
7092
7091
7091
7090
7089
7088
7088
7088
7088
7085
7085
7084
7083
7082
7082
7081
7080
7080
7080
7079
7078
7077
7076
7076
7074
7074
7074
7073
7073
7073
7072
7070
7069
7067
7066
7066
7066
7066
7065
7065
7064
7063
7061
7061
7060
7060
7060
7059
7058
7057
7055
7054
7054
7052
7052
7051
7048
7048
7048
7047
7047
7044
7044
7043
7043
7043
7042
7042
7042
7039
7039
7039
7037
7036
7036
7035
7034
7034
7032
7027
7025
7022
7022
7022
7021
7021
7021
7021
7020
7016
7016
7016
7015
7014
7014
7012
7010
7007
7006
7006
7002
7002
7001
7000
6998
6998
6996
6995
6993
6993
6992
6992
6990
6990
6990
6989
6987
6986
6986
6984
6973
6972
6972
6969
6967
6967
6965
6965
6963
6963
6962
6960
6960
6958
6958
6957
6957
6956
6955
6955
6954
6954
6953
6953
6952
6952
6951
6951
6951
6951
6949
6949
6948
6947
6946
6946
6946
6945
6944
6943
6943
6942
6942
6941
6941
6941
6939
6939
6939
6938
6938
6938
6937
6934
6933
6933
6933
6933
6932
6931
6931
6930
6930
6928
6928
6926
6925
6924
6924
6923
6923
6923
6922
6921
6921
6919
6919
6918
6918
6918
6918
6918
6917
6915
6914
6913
6912
6912
6910
6909
6909
6908
6906
6906
6905
6904
6901
6900
6899
6897
6897
6896
6895
6893
6893
6892
6891
6891
6890
6890
6890
6890
6888
6888
6887
6886
6885
6883
6882
6882
6882
6881
6879
6879
6876
6874
6873
6873
6871
6871
6870
6865
6865
6864
6864
6862
6861
6859
6858
6855
6850
6849
6848
6848
6848
6844
6843
6842
6841
6841
6840
6839
6839
6836
6836
6835
6835
6834
6833
6832
6832
6831
6830
6830
6830
6828
6828
6827
6827
6827
6827
6824
6824
6823
6823
6823
6821
6821
6817
6816
6815
6814
6813
6813
6813
6812
6812
6808
6806
6805
6805
6804
6804
6804
6803
6802
6797
6795
6794
6793
6793
6793
6792
6792
6792
6791
6790
6790
6790
6788
6786
6784
6783
6783
6783
6781
6781
6780
6780
6778
6777
6776
6775
6771
6769
6768
6768
6764
6762
6762
6761
6760
6760
6760
6757
6755
6753
6752
6749
6748
6747
6746
6745
6744
6742
6741
6739
6737
6737
6736
6734
6733
6732
6732
6731
6731
6730
6730
6730
6729
6729
6726
6725
6724
6723
6723
6722
6721
6720
6720
6719
6719
6718
6718
6718
6718
6717
6715
6715
6713
6710
6710
6709
6709
6708
6707
6707
6703
6702
6702
6702
6701
6699
6698
6697
6696
6695
6695
6692
6691
6689
6689
6689
6688
6687
6687
6686
6685
6685
6683
6681
6680
6680
6680
6678
6677
6676
6676
6676
6676
6674
6672
6669
6668
6668
6666
6665
6663
6663
6662
6661
6660
6659
6659
6659
6657
6655
6653
6653
6653
6652
6651
6651
6650
6649
6646
6645
6644
6642
6642
6642
6642
6640
6639
6639
6638
6637
6637
6634
6634
6632
6631
6631
6628
6628
6627
6626
6626
6626
6625
6625
6623
6623
6623
6622
6621
6619
6617
6617
6617
6615
6615
6613
6612
6611
6610
6610
6607
6607
6603
6600
6599
6599
6599
6598
6596
6596
6595
6595
6593
6592
6588
6587
6585
6585
6583
6582
6581
6580
6578
6578
6576
6576
6574
6574
6571
6568
6567
6566
6566
6563
6562
6561
6559
6558
6557
6557
6556
6554
6552
6552
6551
6551
6550
6548
6548
6548
6548
6547
6545
6543
6541
6539
6539
6538
6538
6538
6537
6537
6536
6534
6534
6533
6532
6532
6532
6528
6524
6523
6523
6521
6521
6519
6518
6517
6515
6514
6512
6508
6505
6505
6504
6501
6501
6501
6498
6498
6495
6494
6494
6494
6493
6493
6492
6491
6491
6490
6488
6486
6486
6483
6479
6478
6478
6476
6473
6471
6469
6468
6468
6467
6466
6465
6463
6461
6460
6459
6457
6455
6455
6454
6454
6451
6451
6450
6450
6448
6447
6447
6447
6446
6446
6445
6444
6444
6443
6442
6441
6440
6440
6440
6439
6439
6438
6438
6437
6435
6435
6433
6433
6433
6431
6430
6430
6429
6429
6428
6428
6428
6428
6427
6425
6424
6424
6424
6422
6420
6419
6415
6415
6413
6413
6412
6412
6412
6411
6411
6411
6411
6410
6410
6409
6409
6407
6406
6405
6405
6404
6403
6401
6400
6400
6397
6397
6396
6393
6392
6391
6390
6388
6388
6388
6387
6386
6386
6385
6385
6384
6383
6381
6379
6379
6379
6377
6376
6375
6372
6370
6368
6367
6367
6365
6364
6364
6361
6360
6358
6356
6356
6356
6355
6354
6354
6353
6353
6350
6348
6347
6347
6347
6347
6346
6346
6345
6344
6343
6342
6340
6339
6339
6338
6337
6335
6334
6334
6334
6330
6329
6329
6326
6324
6324
6324
6324
6322
6321
6320
6319
6319
6318
6318
6317
6316
6316
6315
6315
6314
6314
6307
6304
6304
6301
6300
6299
6299
6299
6298
6297
6297
6296
6294
6294
6293
6293
6292
6291
6288
6288
6288
6283
6281
6281
6281
6280
6277
6276
6276
6275
6274
6274
6274
6272
6270
6270
6266
6266
6265
6265
6265
6264
6264
6264
6263
6262
6262
6261
6261
6260
6257
6257
6257
6256
6254
6253
6252
6252
6252
6250
6250
6249
6248
6246
6246
6246
6246
6246
6245
6243
6243
6242
6241
6241
6238
6237
6237
6237
6236
6235
6234
6234
6232
6229
6229
6227
6227
6226
6224
6224
6223
6220
6220
6219
6218
6216
6216
6216
6215
6215
6215
6214
6212
6210
6209
6209
6208
6207
6207
6207
6206
6205
6204
6204
6203
6202
6202
6202
6201
6200
6200
6198
6198
6198
6198
6195
6195
6195
6189
6188
6187
6185
6183
6183
6181
6180
6179
6179
6178
6178
6178
6176
6175
6174
6174
6173
6173
6172
6172
6168
6168
6166
6163
6162
6160
6158
6155
6154
6153
6152
6152
6152
6150
6149
6148
6147
6146
6146
6145
6144
6143
6140
6140
6138
6135
6135
6133
6133
6132
6131
6130
6129
6127
6127
6126
6125
6125
6125
6124
6124
6123
6123
6122
6122
6120
6118
6117
6117
6115
6115
6115
6115
6114
6113
6111
6111
6109
6104
6100
6099
6096
6096
6094
6093
6090
6089
6088
6088
6083
6083
6082
6081
6081
6081
6081
6080
6079
6078
6077
6075
6074
6070
6070
6070
6070
6069
6069
6066
6064
6064
6063
6063
6062
6062
6062
6062
6061
6061
6060
6060
6055
6055
6055
6054
6052
6050
6049
6047
6045
6043
6042
6041
6039
6036
6032
6032
6031
6030
6029
6028
6027
6026
6026
6022
6021
6020
6019
6019
6016
6013
6011
6011
6011
6010
6008
6007
6007
6007
6005
6004
6003
6002
5999
5998
5997
5997
5996
5995
5994
5994
5993
5992
5992
5991
5990
5989
5989
5987
5986
5985
5985
5984
5984
5982
5982
5982
5980
5978
5977
5976
5975
5971
5970
5970
5969
5968
5967
5965
5965
5965
5965
5964
5963
5962
5962
5960
5957
5957
5956
5953
5951
5950
5949
5949
5948
5948
5948
5945
5945
5944
5942
5941
5940
5939
5939
5938
5937
5936
5936
5936
5936
5935
5935
5935
5934
5933
5933
5933
5931
5930
5930
5929
5927
5927
5924
5924
5924
5923
5923
5923
5921
5920
5919
5919
5917
5916
5915
5915
5914
5910
5909
5909
5908
5908
5907
5907
5905
5904
5904
5904
5904
5904
5903
5903
5902
5901
5901
5899
5898
5897
5894
5893
5892
5889
5887
5887
5887
5887
5886
5883
5883
5883
5881
5881
5880
5880
5879
5877
5876
5875
5874
5873
5872
5871
5870
5865
5864
5863
5862
5861
5861
5860
5859
5858
5857
5854
5851
5850
5850
5850
5847
5847
5846
5845
5845
5844
5844
5843
5842
5842
5842
5840
5840
5837
5836
5835
5835
5835
5832
5828
5826
5822
5821
5818
5818
5817
5817
5816
5816
5815
5814
5813
5813
5811
5810
5810
5805
5805
5804
5803
5801
5798
5797
5797
5797
5796
5794
5793
5792
5788
5787
5787
5785
5784
5784
5782
5780
5780
5776
5775
5774
5773
5771
5770
5769
5768
5767
5767
5767
5767
5766
5766
5765
5765
5764
5764
5759
5757
5755
5754
5754
5751
5751
5751
5751
5750
5747
5746
5743
5741
5741
5740
5737
5736
5736
5735
5735
5733
5733
5732
5732
5732
5731
5731
5730
5729
5729
5728
5728
5728
5728
5727
5725
5718
5716
5714
5714
5714
5712
5712
5712
5711
5710
5710
5710
5708
5707
5707
5705
5705
5705
5704
5704
5702
5699
5695
5695
5694
5692
5691
5688
5687
5687
5687
5687
5686
5686
5686
5686
5685
5684
5683
5682
5681
5680
5680
5678
5677
5677
5675
5674
5674
5674
5674
5673
5672
5671
5671
5667
5667
5667
5666
5663
5663
5661
5660
5660
5658
5658
5657
5657
5657
5656
5656
5656
5656
5655
5651
5649
5649
5646
5644
5642
5640
5639
5638
5637
5637
5635
5632
5630
5630
5628
5627
5627
5625
5624
5624
5623
5622
5621
5618
5617
5616
5616
5615
5614
5614
5612
5611
5611
5611
5609
5609
5609
5608
5608
5607
5607
5606
5605
5603
5603
5600
5600
5600
5599
5598
5594
5594
5592
5591
5591
5591
5591
5590
5589
5589
5589
5589
5586
5584
5583
5583
5582
5582
5580
5580
5580
5579
5579
5579
5579
5577
5577
5576
5575
5573
5573
5573
5572
5572
5571
5571
5568
5566
5566
5565
5564
5563
5562
5559
5559
5557
5555
5555
5554
5553
5552
5550
5549
5549
5549
5548
5547
5547
5545
5543
5543
5543
5542
5542
5539
5538
5538
5538
5537
5533
5530
5529
5527
5526
5526
5525
5524
5524
5523
5522
5522
5519
5519
5517
5516
5513
5511
5509
5506
5506
5505
5504
5503
5503
5500
5497
5496
5495
5495
5494
5494
5493
5493
5493
5493
5492
5491
5491
5489
5489
5488
5485
5485
5484
5481
5481
5477
5477
5476
5476
5471
5470
5469
5467
5467
5464
5463
5462
5459
5458
5458
5457
5456
5456
5456
5455
5455
5454
5454
5452
5451
5451
5449
5449
5449
5448
5448
5447
5446
5446
5444
5444
5443
5442
5442
5442
5441
5439
5439
5438
5436
5434
5434
5432
5432
5432
5430
5430
5428
5427
5426
5426
5425
5425
5424
5424
5423
5423
5422
5420
5419
5418
5417
5417
5417
5416
5415
5415
5414
5414
5411
5410
5406
5402
5402
5402
5400
5400
5399
5393
5393
5393
5393
5392
5391
5390
5388
5386
5385
5383
5382
5382
5382
5380
5380
5379
5377
5377
5376
5375
5374
5374
5373
5373
5371
5368
5368
5368
5367
5367
5365
5364
5364
5363
5362
5361
5360
5360
5360
5359
5357
5357
5357
5357
5357
5355
5355
5354
5354
5354
5353
5352
5351
5350
5350
5349
5349
5348
5348
5347
5347
5345
5345
5345
5342
5340
5339
5338
5337
5337
5335
5333
5332
5332
5330
5330
5329
5327
5327
5325
5324
5324
5323
5322
5320
5320
5319
5318
5315
5313
5312
5312
5312
5311
5310
5309
5307
5306
5306
5304
5303
5301
5301
5300
5299
5299
5299
5297
5296
5296
5295
5293
5291
5290
5289
5289
5288
5287
5287
5284
5283
5283
5281
5280
5280
5280
5278
5275
5274
5271
5270
5270
5270
5267
5266
5266
5266
5264
5264
5264
5264
5260
5258
5258
5257
5257
5256
5255
5253
5252
5251
5250
5249
5248
5248
5246
5245
5244
5243
5242
5242
5241
5239
5238
5235
5234
5232
5232
5230
5230
5229
5228
5225
5225
5224
5222
5222
5221
5220
5219
5218
5217
5216
5215
5214
5214
5212
5212
5212
5211
5207
5207
5207
5206
5205
5204
5203
5202
5202
5202
5199
5198
5198
5196
5196
5195
5195
5193
5192
5190
5188
5187
5187
5184
5180
5180
5179
5177
5176
5172
5172
5170
5170
5170
5167
5167
5167
5167
5166
5165
5165
5165
5163
5162
5162
5161
5161
5160
5160
5160
5158
5158
5156
5153
5152
5150
5150
5150
5150
5150
5149
5149
5144
5144
5142
5142
5140
5140
5140
5139
5137
5137
5137
5135
5134
5134
5134
5131
5131
5131
5130
5128
5126
5125
5124
5124
5123
5121
5120
5118
5116
5114
5113
5113
5111
5111
5111
5111
5110
5110
5110
5109
5108
5107
5106
5105
5105
5103
5103
5096
5095
5094
5094
5094
5089
5087
5086
5086
5086
5085
5085
5085
5084
5082
5081
5080
5080
5080
5079
5077
5074
5074
5073
5073
5073
5072
5072
5067
5065
5063
5062
5057
5056
5056
5054
5054
5053
5049
5049
5049
5048
5047
5046
5043
5042
5042
5042
5041
5039
5039
5038
5037
5037
5036
5036
5036
5036
5036
5033
5031
5030
5030
5029
5028
5027
5027
5022
5021
5020
5019
5019
5019
5018
5017
5016
5016
5014
5012
5012
5012
5012
5011
5011
5011
5010
5010
5007
5004
5004
5003
5002
5000
4999
4998
4998
4997
4996
4996
4995
4994
4994
4993
4991
4991
4991
4989
4989
4988
4988
4987
4982
4982
4981
4978
4974
4971
4971
4970
4969
4969
4967
4967
4966
4965
4964
4964
4964
4963
4962
4962
4960
4960
4959
4959
4959
4957
4957
4957
4957
4956
4956
4956
4955
4954
4952
4951
4950
4948
4947
4946
4941
4941
4939
4938
4937
4936
4935
4935
4932
4929
4927
4925
4925
4924
4920
4917
4917
4917
4916
4916
4916
4914
4910
4910
4910
4907
4906
4906
4905
4905
4904
4904
4904
4902
4902
4902
4901
4901
4899
4898
4897
4895
4894
4894
4893
4891
4890
4889
4888
4887
4887
4886
4885
4884
4883
4881
4880
4880
4879
4878
4877
4877
4876
4876
4872
4872
4872
4871
4870
4869
4868
4866
4865
4865
4865
4863
4860
4860
4860
4859
4859
4857
4857
4856
4855
4854
4853
4852
4850
4847
4845
4844
4844
4844
4843
4843
4841
4840
4839
4838
4835
4835
4834
4832
4830
4830
4830
4830
4827
4826
4826
4826
4825
4825
4824
4824
4823
4823
4822
4821
4819
4817
4817
4817
4816
4815
4814
4812
4812
4811
4811
4810
4809
4806
4806
4804
4803
4802
4802
4800
4798
4796
4795
4792
4792
4792
4790
4789
4786
4786
4785
4785
4782
4782
4782
4782
4781
4780
4780
4780
4779
4777
4777
4776
4776
4776
4775
4775
4774
4772
4772
4769
4769
4768
4767
4767
4765
4765
4764
4763
4762
4762
4760
4760
4760
4759
4759
4758
4758
4758
4757
4756
4756
4755
4754
4753
4752
4751
4750
4749
4749
4748
4747
4743
4742
4741
4740
4739
4738
4737
4736
4735
4734
4732
4731
4731
4731
4723
4720
4718
4718
4717
4715
4715
4714
4713
4712
4710
4710
4709
4706
4705
4704
4703
4701
4701
4701
4700
4700
4700
4700
4699
4697
4696
4696
4695
4694
4694
4693
4693
4692
4692
4692
4692
4691
4691
4690
4690
4687
4686
4686
4685
4685
4683
4680
4680
4680
4674
4673
4670
4666
4664
4664
4664
4663
4662
4662
4661
4661
4661
4661
4660
4659
4658
4657
4656
4656
4654
4653
4652
4650
4649
4648
4645
4644
4641
4641
4640
4640
4639
4639
4639
4638
4638
4638
4637
4636
4635
4635
4634
4633
4631
4631
4631
4629
4629
4629
4628
4627
4627
4623
4623
4621
4620
4618
4617
4616
4615
4614
4613
4613
4612
4612
4610
4610
4607
4606
4604
4604
4603
4603
4602
4601
4601
4600
4598
4597
4597
4596
4596
4595
4594
4594
4591
4589
4589
4589
4588
4588
4588
4588
4588
4587
4587
4586
4586
4585
4585
4583
4582
4580
4579
4577
4574
4574
4573
4573
4571
4570
4570
4569
4569
4568
4567
4565
4563
4561
4561
4561
4560
4560
4556
4555
4554
4553
4553
4553
4551
4551
4550
4550
4549
4548
4541
4541
4540
4540
4540
4535
4535
4533
4533
4533
4533
4532
4532
4531
4526
4526
4524
4524
4524
4523
4522
4522
4521
4520
4519
4518
4518
4516
4512
4511
4511
4509
4509
4508
4508
4507
4506
4504
4504
4503
4503
4500
4499
4498
4497
4497
4497
4497
4496
4496
4493
4493
4493
4493
4492
4491
4489
4489
4489
4486
4485
4484
4484
4484
4483
4483
4482
4481
4480
4478
4478
4477
4477
4475
4474
4473
4472
4472
4472
4472
4471
4471
4471
4470
4469
4469
4468
4467
4467
4466
4465
4464
4464
4459
4458
4456
4456
4456
4454
4452
4452
4450
4450
4449
4447
4444
4444
4443
4441
4441
4441
4436
4436
4435
4435
4435
4433
4430
4429
4429
4429
4429
4429
4426
4425
4423
4419
4418
4417
4416
4414
4413
4412
4412
4411
4410
4409
4408
4408
4407
4406
4405
4403
4403
4402
4401
4401
4401
4400
4400
4397
4396
4395
4394
4394
4393
4391
4390
4389
4389
4389
4389
4388
4388
4387
4386
4385
4384
4384
4383
4382
4379
4379
4379
4377
4376
4374
4373
4372
4371
4370
4368
4367
4367
4365
4363
4362
4362
4359
4358
4357
4357
4356
4356
4354
4353
4352
4351
4350
4350
4350
4349
4349
4349
4349
4346
4344
4344
4342
4342
4342
4342
4341
4338
4338
4338
4338
4338
4335
4334
4330
4330
4330
4327
4327
4325
4324
4323
4321
4319
4317
4315
4314
4311
4308
4308
4307
4307
4306
4306
4304
4304
4301
4300
4300
4300
4299
4299
4299
4299
4297
4297
4296
4296
4296
4294
4291
4290
4289
4288
4288
4288
4285
4282
4281
4278
4278
4277
4275
4274
4273
4272
4271
4269
4269
4268
4268
4266
4265
4265
4262
4262
4261
4261
4261
4259
4258
4255
4255
4255
4255
4255
4254
4252
4249
4249
4248
4246
4245
4245
4244
4243
4242
4242
4239
4236
4235
4235
4234
4233
4233
4231
4230
4230
4230
4229
4225
4225
4225
4224
4222
4222
4221
4219
4217
4215
4214
4213
4210
4207
4207
4206
4206
4204
4200
4200
4194
4194
4191
4190
4190
4189
4189
4188
4187
4187
4186
4185
4184
4184
4183
4183
4183
4183
4182
4180
4180
4179
4179
4176
4174
4171
4168
4167
4166
4164
4164
4163
4161
4161
4160
4160
4158
4156
4155
4154
4153
4152
4149
4149
4148
4146
4146
4144
4141
4140
4140
4137
4135
4135
4134
4134
4134
4133
4132
4132
4128
4128
4127
4127
4127
4127
4126
4125
4125
4121
4120
4119
4117
4117
4117
4117
4116
4116
4116
4116
4115
4115
4115
4115
4108
4107
4106
4105
4104
4103
4102
4099
4097
4095
4095
4095
4094
4094
4094
4093
4093
4092
4091
4090
4090
4084
4083
4082
4081
4081
4081
4081
4080
4080
4078
4077
4075
4074
4074
4073
4069
4067
4066
4066
4064
4064
4062
4061
4060
4059
4059
4058
4057
4057
4057
4056
4056
4054
4053
4053
4053
4051
4050
4049
4049
4047
4045
4044
4043
4041
4041
4040
4038
4038
4036
4035
4035
4035
4034
4034
4033
4031
4030
4030
4030
4029
4028
4028
4026
4026
4025
4025
4024
4023
4021
4018
4013
4013
4010
4007
4006
4004
4002
4002
4001
4001
4000
3998
3995
3995
3993
3993
3992
3991
3990
3989
3988
3986
3986
3985
3984
3982
3982
3981
3980
3979
3979
3979
3978
3977
3977
3977
3974
3974
3973
3970
3968
3968
3967
3964
3961
3961
3961
3961
3960
3960
3960
3959
3959
3958
3957
3957
3956
3956
3955
3955
3955
3955
3954
3952
3950
3950
3949
3947
3947
3946
3946
3946
3946
3943
3943
3942
3942
3939
3937
3934
3933
3933
3933
3933
3930
3927
3927
3926
3925
3924
3924
3923
3923
3922
3921
3921
3918
3918
3917
3916
3916
3916
3915
3914
3911
3910
3908
3907
3907
3904
3901
3901
3901
3900
3899
3898
3897
3896
3895
3892
3889
3887
3886
3885
3885
3885
3883
3883
3882
3880
3880
3878
3877
3875
3873
3873
3872
3871
3868
3868
3867
3865
3864
3863
3861
3860
3858
3857
3856
3854
3852
3852
3852
3851
3851
3851
3850
3850
3849
3849
3847
3847
3845
3844
3843
3842
3841
3841
3840
3836
3835
3833
3833
3832
3832
3832
3831
3829
3829
3828
3825
3825
3825
3824
3824
3823
3822
3822
3821
3821
3817
3815
3812
3812
3812
3811
3809
3805
3805
3803
3802
3801
3801
3800
3800
3800
3798
3798
3793
3793
3792
3792
3791
3791
3789
3789
3788
3787
3787
3787
3786
3786
3785
3783
3781
3777
3777
3776
3776
3775
3774
3773
3772
3772
3771
3771
3770
3768
3765
3764
3763
3762
3762
3761
3758
3758
3758
3757
3756
3754
3753
3753
3752
3750
3749
3748
3747
3747
3746
3746
3746
3745
3745
3741
3738
3738
3738
3738
3736
3734
3732
3732
3731
3731
3730
3730
3727
3727
3726
3722
3722
3720
3720
3720
3718
3718
3717
3717
3716
3714
3714
3712
3709
3707
3704
3703
3703
3703
3702
3701
3701
3699
3697
3696
3696
3694
3693
3692
3692
3692
3692
3691
3690
3687
3687
3687
3685
3682
3681
3680
3680
3680
3679
3679
3678
3677
3676
3675
3675
3675
3675
3675
3674
3673
3672
3671
3669
3669
3669
3669
3668
3667
3667
3667
3667
3665
3664
3664
3662
3661
3661
3659
3655
3653
3651
3650
3649
3644
3643
3642
3639
3638
3637
3637
3636
3635
3634
3632
3632
3631
3631
3630
3630
3629
3629
3629
3628
3626
3625
3625
3625
3623
3621
3620
3618
3617
3617
3617
3615
3613
3613
3612
3612
3609
3608
3607
3606
3603
3601
3601
3599
3598
3593
3593
3591
3591
3591
3590
3589
3589
3587
3585
3585
3584
3584
3583
3582
3581
3581
3581
3579
3578
3578
3575
3573
3573
3572
3571
3571
3570
3568
3565
3565
3564
3562
3561
3560
3560
3560
3560
3560
3558
3558
3556
3555
3553
3552
3549
3549
3548
3548
3548
3548
3547
3546
3546
3545
3545
3544
3543
3542
3540
3538
3536
3535
3535
3533
3532
3531
3530
3529
3528
3528
3528
3527
3526
3525
3525
3523
3523
3520
3520
3519
3519
3519
3517
3517
3517
3516
3516
3515
3513
3511
3509
3508
3508
3508
3507
3507
3507
3506
3504
3504
3504
3503
3502
3501
3501
3501
3500
3498
3497
3497
3496
3496
3495
3494
3492
3489
3489
3488
3488
3488
3487
3487
3487
3486
3484
3484
3484
3483
3482
3480
3479
3479
3479
3477
3474
3473
3473
3472
3472
3471
3470
3469
3466
3465
3465
3463
3462
3461
3461
3461
3460
3460
3459
3459
3458
3456
3455
3454
3454
3454
3454
3451
3451
3451
3450
3450
3449
3448
3447
3446
3445
3444
3444
3443
3443
3442
3442
3441
3441
3440
3439
3439
3438
3437
3433
3432
3430
3427
3427
3426
3425
3424
3424
3421
3421
3421
3419
3418
3417
3417
3416
3416
3416
3415
3415
3414
3413
3413
3412
3412
3411
3410
3407
3406
3405
3402
3402
3402
3402
3401
3401
3400
3399
3398
3398
3398
3395
3395
3394
3391
3388
3388
3387
3386
3386
3385
3384
3384
3383
3382
3382
3379
3377
3374
3371
3371
3370
3368
3368
3366
3365
3365
3362
3362
3359
3358
3357
3357
3356
3355
3355
3353
3352
3351
3350
3349
3349
3348
3348
3346
3343
3341
3339
3337
3337
3336
3335
3334
3334
3333
3332
3332
3331
3331
3330
3327
3325
3324
3324
3323
3323
3323
3322
3322
3321
3319
3317
3309
3308
3307
3306
3304
3304
3303
3301
3301
3301
3298
3294
3290
3289
3289
3287
3283
3282
3280
3280
3277
3276
3276
3275
3275
3274
3273
3272
3272
3271
3270
3270
3269
3267
3267
3266
3266
3265
3264
3263
3263
3263
3262
3261
3260
3259
3258
3257
3257
3257
3256
3255
3255
3254
3254
3253
3253
3252
3250
3249
3248
3248
3245
3245
3243
3243
3241
3239
3237
3234
3234
3232
3231
3225
3225
3224
3222
3222
3219
3218
3217
3216
3214
3212
3212
3211
3210
3210
3210
3209
3207
3207
3206
3205
3203
3202
3202
3201
3200
3199
3198
3197
3197
3197
3197
3195
3194
3193
3192
3192
3190
3190
3190
3189
3188
3188
3186
3183
3182
3181
3179
3178
3178
3176
3175
3174
3173
3172
3171
3170
3169
3168
3167
3166
3166
3165
3164
3163
3163
3161
3161
3161
3160
3160
3160
3159
3158
3158
3158
3157
3156
3155
3155
3153
3152
3150
3150
3149
3149
3149
3148
3148
3146
3146
3145
3142
3139
3136
3134
3133
3133
3131
3129
3127
3127
3126
3122
3121
3121
3120
3120
3119
3118
3118
3118
3117
3117
3116
3115
3114
3112
3112
3112
3111
3110
3109
3108
3107
3106
3106
3103
3101
3101
3101
3100
3098
3096
3096
3095
3094
3094
3093
3093
3092
3092
3091
3088
3086
3084
3084
3083
3083
3083
3081
3079
3079
3077
3076
3075
3074
3074
3074
3073
3072
3072
3071
3071
3069
3068
3065
3063
3062
3061
3060
3059
3059
3058
3058
3057
3057
3057
3056
3056
3055
3054
3053
3052
3051
3050
3049
3049
3047
3046
3044
3043
3043
3039
3039
3037
3037
3036
3036
3035
3030
3030
3028
3028
3027
3026
3022
3020
3020
3020
3019
3019
3018
3018
3017
3016
3016
3016
3016
3016
3014
3014
3013
3013
3011
3010
3010
3009
3009
3008
3007
3005
3005
3004
3004
3001
2999
2999
2999
2998
2998
2997
2997
2995
2995
2992
2991
2990
2988
2988
2988
2988
2988
2987
2986
2986
2982
2981
2981
2979
2977
2976
2976
2974
2974
2974
2973
2973
2973
2972
2971
2969
2969
2968
2967
2965
2964
2963
2961
2958
2956
2956
2954
2953
2952
2952
2952
2951
2951
2948
2948
2948
2947
2947
2947
2946
2944
2942
2941
2939
2939
2938
2937
2937
2935
2935
2935
2934
2931
2931
2929
2928
2928
2928
2928
2927
2926
2926
2922
2922
2919
2916
2914
2913
2912
2912
2912
2911
2911
2911
2910
2909
2909
2907
2907
2907
2906
2905
2903
2903
2902
2901
2901
2899
2898
2898
2897
2896
2896
2890
2890
2890
2889
2888
2888
2888
2887
2886
2886
2886
2886
2885
2883
2880
2880
2879
2879
2877
2876
2875
2875
2874
2873
2872
2872
2871
2871
2870
2870
2868
2868
2866
2866
2865
2863
2862
2862
2860
2860
2858
2858
2858
2857
2857
2855
2855
2852
2851
2847
2846
2845
2844
2842
2840
2840
2837
2834
2833
2832
2832
2831
2831
2831
2829
2828
2828
2827
2826
2826
2824
2823
2823
2823
2822
2821
2821
2821
2819
2817
2816
2814
2813
2813
2812
2812
2807
2807
2807
2806
2805
2804
2803
2802
2802
2802
2801
2800
2800
2799
2798
2796
2795
2794
2792
2792
2791
2791
2791
2790
2790
2790
2790
2789
2789
2787
2787
2786
2784
2784
2783
2783
2783
2783
2782
2782
2782
2782
2782
2779
2779
2779
2778
2777
2776
2775
2774
2774
2773
2773
2773
2773
2773
2772
2766
2766
2764
2764
2764
2762
2762
2760
2760
2759
2757
2757
2752
2752
2750
2750
2750
2749
2745
2745
2744
2744
2744
2744
2741
2740
2740
2739
2739
2738
2737
2737
2736
2736
2735
2734
2733
2732
2731
2725
2723
2722
2720
2720
2718
2717
2716
2716
2714
2714
2714
2714
2713
2713
2713
2713
2712
2712
2711
2709
2706
2705
2705
2704
2704
2704
2704
2703
2703
2702
2701
2700
2700
2698
2697
2697
2697
2696
2695
2693
2693
2691
2690
2689
2689
2687
2686
2683
2682
2681
2680
2680
2680
2676
2675
2675
2674
2674
2671
2670
2669
2666
2665
2665
2665
2663
2663
2663
2662
2662
2661
2661
2661
2660
2658
2658
2656
2655
2655
2655
2653
2653
2650
2648
2647
2647
2647
2646
2646
2645
2643
2643
2643
2643
2643
2642
2640
2639
2637
2637
2637
2636
2636
2635
2634
2634
2633
2633
2632
2631
2631
2629
2628
2627
2623
2621
2620
2620
2619
2619
2618
2617
2615
2613
2613
2612
2612
2612
2611
2610
2609
2609
2608
2608
2607
2603
2603
2603
2601
2600
2599
2597
2597
2596
2596
2595
2594
2593
2590
2588
2588
2588
2583
2583
2583
2583
2581
2581
2579
2579
2578
2576
2576
2575
2575
2574
2573
2573
2573
2572
2571
2570
2566
2565
2564
2562
2561
2561
2559
2555
2555
2554
2551
2550
2549
2546
2545
2545
2545
2545
2543
2541
2540
2538
2537
2537
2535
2534
2533
2531
2527
2525
2524
2523
2523
2522
2520
2519
2519
2519
2518
2517
2517
2516
2513
2513
2512
2510
2510
2509
2509
2509
2508
2507
2506
2505
2505
2503
2503
2502
2501
2501
2500
2499
2499
2498
2497
2496
2494
2491
2491
2491
2490
2490
2489
2489
2488
2487
2487
2487
2485
2484
2483
2482
2481
2481
2479
2478
2477
2476
2475
2470
2470
2470
2469
2468
2465
2463
2463
2462
2462
2462
2459
2458
2456
2456
2455
2455
2454
2453
2453
2452
2452
2451
2449
2444
2444
2444
2442
2442
2441
2440
2437
2435
2435
2434
2433
2430
2427
2424
2424
2422
2422
2422
2420
2420
2419
2418
2418
2417
2416
2415
2414
2414
2412
2410
2410
2409
2409
2408
2406
2406
2403
2403
2403
2403
2402
2402
2401
2400
2399
2399
2397
2396
2394
2393
2390
2390
2390
2389
2389
2387
2386
2386
2385
2385
2382
2382
2381
2381
2379
2378
2377
2377
2376
2373
2373
2373
2373
2373
2372
2370
2370
2370
2369
2369
2368
2366
2365
2364
2363
2363
2362
2362
2361
2360
2359
2357
2352
2351
2351
2351
2348
2348
2347
2347
2346
2346
2342
2341
2339
2339
2338
2337
2336
2334
2331
2331
2331
2331
2331
2330
2330
2330
2329
2325
2324
2324
2320
2320
2320
2320
2320
2319
2319
2317
2317
2317
2315
2312
2311
2310
2308
2308
2306
2306
2304
2302
2300
2300
2299
2298
2297
2297
2296
2296
2295
2295
2294
2294
2294
2294
2294
2290
2290
2288
2287
2286
2286
2283
2282
2280
2279
2278
2276
2275
2274
2273
2271
2270
2269
2268
2268
2267
2267
2266
2264
2264
2263
2262
2262
2261
2261
2260
2260
2257
2257
2256
2255
2255
2254
2254
2254
2253
2252
2251
2250
2250
2249
2249
2249
2248
2248
2247
2245
2245
2243
2243
2243
2240
2239
2239
2238
2238
2236
2236
2236
2234
2233
2232
2231
2229
2229
2228
2227
2227
2227
2226
2224
2224
2224
2222
2221
2219
2219
2216
2215
2214
2212
2210
2210
2209
2207
2206
2205
2205
2205
2204
2204
2204
2203
2201
2201
2201
2200
2199
2198
2197
2197
2196
2195
2194
2192
2192
2192
2190
2190
2188
2187
2187
2186
2186
2186
2185
2185
2185
2182
2180
2179
2179
2179
2178
2178
2176
2175
2174
2169
2166
2166
2165
2165
2164
2161
2159
2157
2157
2156
2156
2155
2153
2152
2152
2150
2149
2148
2147
2147
2147
2146
2145
2145
2144
2142
2140
2139
2137
2136
2135
2133
2132
2131
2131
2130
2129
2128
2124
2122
2121
2117
2114
2113
2111
2111
2111
2111
2110
2109
2109
2108
2107
2106
2105
2105
2104
2104
2102
2101
2101
2101
2100
2099
2099
2099
2099
2098
2097
2097
2096
2093
2092
2092
2091
2090
2090
2087
2085
2081
2079
2079
2075
2075
2074
2074
2073
2072
2072
2071
2071
2070
2069
2069
2069
2068
2068
2067
2067
2064
2064
2064
2064
2062
2062
2061
2060
2060
2058
2057
2055
2054
2054
2053
2050
2048
2048
2047
2045
2045
2043
2041
2041
2040
2038
2037
2036
2035
2035
2035
2034
2033
2033
2031
2030
2030
2026
2026
2025
2024
2024
2023
2022
2021
2020
2019
2019
2018
2018
2017
2016
2014
2014
2014
2013
2012
2011
2011
2010
2009
2009
2007
2007
2006
2006
2006
2006
2005
2004
2003
2003
2001
1998
1998
1995
1995
1994
1994
1994
1994
1992
1992
1991
1988
1988
1986
1986
1985
1983
1982
1982
1982
1981
1981
1980
1980
1980
1980
1979
1979
1978
1977
1976
1975
1975
1974
1974
1973
1973
1972
1971
1971
1970
1968
1968
1967
1965
1964
1964
1964
1963
1963
1961
1960
1959
1959
1959
1958
1956
1955
1954
1954
1953
1953
1952
1950
1949
1946
1946
1945
1945
1944
1943
1940
1940
1940
1940
1939
1939
1939
1938
1937
1935
1934
1934
1933
1932
1931
1931
1930
1929
1929
1928
1926
1926
1926
1925
1925
1923
1922
1919
1919
1919
1918
1917
1916
1916
1915
1915
1915
1914
1914
1907
1906
1906
1905
1900
1899
1899
1899
1898
1897
1897
1896
1894
1893
1890
1889
1888
1888
1885
1884
1880
1880
1880
1878
1877
1875
1874
1874
1873
1873
1872
1871
1871
1870
1866
1866
1866
1865
1863
1863
1862
1860
1858
1858
1857
1857
1856
1855
1853
1850
1850
1849
1849
1849
1848
1845
1845
1845
1842
1840
1840
1837
1836
1835
1835
1834
1834
1834
1830
1830
1830
1829
1829
1829
1827
1826
1824
1821
1820
1816
1815
1814
1813
1811
1811
1809
1809
1809
1807
1806
1806
1805
1803
1803
1803
1802
1798
1797
1796
1796
1795
1793
1793
1793
1791
1790
1790
1788
1787
1787
1785
1785
1783
1782
1781
1778
1772
1772
1770
1769
1768
1768
1766
1766
1765
1765
1763
1763
1762
1762
1761
1760
1759
1758
1756
1756
1755
1754
1754
1753
1753
1749
1749
1748
1747
1746
1744
1742
1739
1738
1737
1734
1734
1733
1733
1733
1733
1733
1729
1728
1728
1728
1727
1726
1726
1725
1724
1724
1723
1720
1718
1718
1717
1717
1717
1716
1715
1713
1713
1711
1710
1710
1710
1708
1706
1706
1705
1703
1701
1699
1699
1699
1698
1697
1697
1696
1693
1692
1689
1687
1687
1687
1686
1686
1685
1685
1683
1683
1681
1680
1679
1679
1678
1677
1676
1675
1673
1670
1669
1668
1667
1666
1666
1665
1665
1661
1660
1660
1659
1658
1658
1657
1657
1656
1656
1656
1655
1654
1653
1652
1651
1650
1650
1648
1648
1647
1647
1646
1645
1645
1644
1643
1642
1641
1641
1641
1640
1639
1639
1638
1638
1638
1638
1637
1637
1636
1636
1636
1634
1634
1634
1633
1633
1633
1633
1632
1624
1624
1621
1619
1618
1617
1617
1616
1616
1614
1612
1610
1610
1609
1608
1608
1608
1607
1605
1603
1602
1602
1599
1596
1596
1596
1596
1595
1595
1594
1593
1592
1589
1587
1586
1586
1585
1585
1584
1583
1581
1580
1580
1580
1580
1578
1576
1575
1575
1575
1574
1574
1573
1572
1572
1570
1568
1566
1563
1562
1562
1562
1562
1562
1561
1560
1560
1559
1557
1557
1555
1555
1554
1554
1552
1551
1551
1550
1549
1549
1549
1549
1549
1549
1548
1548
1547
1547
1547
1547
1546
1546
1546
1545
1545
1544
1544
1544
1543
1539
1539
1539
1538
1538
1538
1538
1537
1535
1534
1532
1532
1532
1530
1528
1527
1526
1524
1523
1523
1522
1521
1521
1521
1518
1515
1513
1512
1510
1509
1509
1508
1507
1507
1506
1505
1504
1504
1503
1501
1501
1501
1500
1499
1498
1496
1494
1493
1491
1490
1488
1488
1488
1485
1482
1481
1480
1480
1479
1477
1475
1472
1472
1471
1470
1470
1470
1469
1468
1467
1466
1466
1465
1461
1460
1459
1458
1458
1456
1455
1454
1453
1452
1451
1450
1449
1448
1448
1445
1443
1440
1439
1439
1438
1436
1436
1435
1435
1434
1432
1431
1430
1429
1429
1427
1427
1427
1426
1425
1424
1423
1423
1422
1422
1421
1420
1419
1419
1417
1415
1415
1415
1415
1413
1413
1412
1412
1410
1404
1404
1403
1402
1401
1400
1400
1399
1397
1395
1395
1395
1394
1394
1393
1390
1390
1387
1387
1386
1386
1385
1384
1384
1382
1380
1380
1380
1379
1378
1377
1376
1374
1374
1373
1371
1370
1369
1368
1368
1368
1366
1365
1363
1361
1361
1360
1359
1358
1358
1358
1358
1357
1357
1355
1355
1354
1351
1349
1347
1347
1345
1345
1344
1343
1343
1341
1340
1339
1338
1337
1337
1335
1334
1332
1332
1332
1332
1332
1330
1330
1330
1329
1328
1328
1325
1325
1324
1324
1324
1323
1322
1321
1320
1318
1317
1316
1316
1316
1315
1315
1314
1313
1312
1312
1310
1310
1307
1306
1305
1304
1303
1303
1303
1300
1300
1299
1297
1296
1294
1292
1291
1290
1289
1289
1288
1288
1288
1287
1286
1286
1285
1284
1283
1282
1282
1281
1281
1281
1279
1277
1273
1273
1272
1271
1271
1270
1269
1268
1267
1265
1263
1262
1262
1261
1260
1260
1258
1258
1257
1256
1255
1254
1254
1253
1252
1250
1249
1247
1247
1246
1245
1245
1245
1244
1244
1243
1242
1242
1242
1241
1237
1230
1229
1228
1227
1226
1226
1226
1225
1225
1225
1224
1223
1223
1223
1221
1220
1220
1219
1219
1218
1218
1217
1217
1215
1215
1213
1212
1211
1208
1205
1205
1204
1203
1202
1202
1200
1200
1199
1199
1199
1197
1195
1193
1193
1192
1192
1191
1191
1190
1190
1188
1187
1185
1185
1182
1181
1177
1175
1174
1173
1172
1171
1171
1171
1171
1169
1167
1165
1163
1162
1162
1161
1160
1158
1158
1158
1157
1157
1156
1153
1153
1152
1151
1150
1148
1148
1144
1143
1143
1143
1141
1140
1139
1138
1137
1133
1133
1133
1133
1132
1132
1132
1130
1128
1127
1127
1125
1123
1121
1120
1120
1119
1118
1118
1117
1115
1115
1113
1112
1110
1109
1106
1106
1105
1104
1104
1102
1101
1100
1098
1097
1097
1096
1096
1095
1094
1094
1093
1093
1089
1089
1088
1088
1083
1082
1082
1081
1080
1080
1080
1079
1078
1078
1077
1076
1075
1074
1073
1073
1071
1070
1070
1069
1068
1067
1067
1067
1067
1063
1063
1062
1061
1061
1060
1059
1059
1057
1056
1055
1055
1050
1049
1048
1048
1047
1047
1047
1046
1045
1045
1045
1045
1042
1041
1039
1038
1037
1036
1035
1031
1029
1028
1028
1027
1025
1025
1024
1023
1023
1023
1023
1022
1022
1022
1021
1020
1018
1016
1015
1013
1013
1013
1011
1011
1010
1009
1009
1008
1007
1007
1004
1002
1002
1000
998
997
997
995
995
994
993
992
992
991
988
987
986
985
985
984
984
983
983
982
981
980
979
978
978
978
977
975
975
973
970
969
968
967
966
966
966
966
965
965
964
964
963
962
961
961
961
960
959
958
957
957
957
956
955
955
953
952
951
950
950
949
949
948
947
943
943
940
940
939
938
937
937
936
936
935
935
933
932
932
932
932
927
927
924
923
923
919
918
918
916
915
912
912
912
909
909
908
908
908
908
908
906
903
902
901
901
899
899
897
896
895
895
892
889
888
887
887
885
884
881
881
878
874
874
873
871
870
870
870
867
866
865
864
863
863
863
862
862
857
856
856
856
856
854
854
852
849
849
849
847
847
845
845
844
844
844
843
842
842
841
840
839
839
837
836
836
834
832
831
831
830
830
830
829
828
828
827
826
825
824
823
823
823
822
820
818
817
816
815
813
813
812
812
811
811
810
810
808
806
805
805
803
803
803
803
802
801
801
800
800
798
797
797
796
793
793
793
793
793
790
790
789
789
788
788
788
788
787
786
785
785
785
784
780
779
777
775
775
775
774
772
772
772
769
769
768
768
766
766
765
761
761
761
760
759
757
757
757
755
755
755
754
754
752
752
751
749
748
747
746
743
742
740
740
739
738
737
737
736
735
733
732
730
729
728
728
727
724
723
721
720
718
718
717
716
712
711
710
710
708
707
707
706
705
704
703
702
701
701
701
700
700
700
698
696
696
693
692
692
692
691
690
690
688
686
686
685
685
684
683
683
682
682
679
678
677
676
676
675
675
674
674
674
674
673
673
673
672
672
670
666
666
665
662
662
660
659
659
657
657
657
656
655
654
654
651
651
649
649
646
646
644
644
643
643
641
640
637
637
636
635
635
634
633
631
630
630
629
629
627
626
626
625
625
622
620
619
619
617
616
615
614
613
613
612
612
611
611
610
605
604
604
604
603
601
601
599
598
597
597
596
596
594
593
593
592
590
586
586
585
585
585
585
584
581
580
580
579
579
578
576
575
575
574
574
572
570
570
567
566
564
561
560
557
556
555
552
549
549
548
548
546
545
544
543
543
543
542
542
542
540
539
538
534
533
533
533
532
529
527
527
526
526
524
523
523
523
522
521
521
519
519
518
517
517
517
516
514
514
512
509
509
507
506
504
504
503
503
502
501
500
500
499
499
498
498
498
498
497
496
494
493
491
491
490
488
488
487
485
484
482
480
480
479
474
474
472
471
471
469
468
467
467
466
465
464
464
464
463
461
461
460
459
459
455
453
452
452
450
449
449
449
448
447
447
446
445
445
445
441
441
441
440
437
437
437
433
431
428
427
427
426
426
425
424
422
419
416
416
415
415
414
412
412
411
409
409
407
404
404
404
403
403
402
399
398
397
395
393
392
392
391
390
389
389
388
387
387
385
384
384
384
383
382
381
379
379
377
376
376
374
373
370
369
368
368
367
367
365
365
361
361
361
361
361
360
360
359
358
356
356
356
356
356
351
348
348
348
347
347
344
342
342
340
339
339
339
337
336
335
335
334
331
329
327
327
325
321
320
318
317
316
315
315
314
313
312
310
310
310
308
308
306
303
302
302
301
298
298
298
297
297
295
294
291
290
289
288
288
287
287
287
287
286
284
281
280
279
278
277
276
276
276
275
274
273
272
270
269
269
268
268
268
268
267
267
266
266
265
264
262
262
262
262
261
259
258
257
256
253
253
252
250
250
249
247
246
244
244
242
242
241
240
239
237
237
237
237
237
236
236
231
231
231
231
229
229
228
226
225
223
222
222
222
220
218
214
212
211
211
210
209
208
207
206
205
204
204
203
203
201
201
199
199
199
196
196
195
193
191
191
191
190
189
187
187
187
184
182
182
181
180
177
177
176
176
174
174
171
171
171
171
171
170
169
168
168
164
164
163
163
162
162
160
160
159
157
157
157
156
156
155
153
153
150
150
147
147
146
145
145
145
144
143
143
137
136
133
132
132
127
126
126
125
125
124
123
123
122
121
118
118
118
117
116
116
115
115
114
109
104
103
103
103
101
97
97
96
95
94
94
93
93
93
91
89
89
88
87
87
85
83
81
80
78
76
76
76
75
74
74
74
74
73
73
68
67
62
62
62
62
62
61
60
58
56
55
53
53
52
52
52
50
47
46
46
45
44
44
42
42
41
39
39
37
36
36
35
34
33
32
32
30
30
30
29
28
27
26
25
23
23
22
21
18
18
17
14
12
11
11
10
9
8
7
7
5
5
5
4
3
3
2
1
1
