9999
9997
9997
9997
9994
9994
9991
9990
9990
9989
9982
9980
9979
9979
9979
9977
9976
9975
9973
9973
9972
9970
9969
9968
9968
9968
9964
9961
9960
9958
9957
9956
9955
9953
9953
9953
9952
9952
9945
9943
9943
9941
9940
9939
9939
9937
9937
9936
9935
9935
9935
9935
9934
9933
9932
9931
9931
9930
9930
9929
9928
9928
9928
9921
9919
9919
9918
9917
9916
9916
9914
9914
9913
9911
9911
9909
9908
9908
9904
9904
9903
9902
9902
9900
9900
9897
9896
9892
9890
9889
9886
9885
9885
9884
9884
9882
9882
9881
9881
9880
9879
9878
9875
9874
9873
9872
9872
9868
9867
9865
9865
9863
9863
9858
9858
9855
9854
9854
9853
9853
9852
9852
9852
9851
9849
9848
9848
9847
9846
9845
9842
9842
9841
9839
9839
9837
9836
9836
9835
9835
9835
9835
9834
9834
9834
9833
9833
9832
9832
9831
9831
9831
9831
9830
9830
9830
9829
9828
9827
9826
9825
9824
9823
9822
9821
9821
9821
9820
9820
9820
9818
9818
9818
9814
9814
9814
9812
9812
9812
9811
9811
9810
9808
9807
9803
9803
9800
9799
9798
9798
9797
9796
9794
9790
9790
9789
9789
9788
9783
9783
9782
9782
9782
9780
9780
9779
9778
9778
9778
9776
9774
9773
9768
9768
9768
9767
9765
9765
9765
9764
9764
9763
9762
9759
9759
9757
9757
9756
9756
9756
9754
9754
9752
9752
9749
9748
9747
9745
9744
9743
9741
9739
9739
9736
9735
9734
9730
9730
9729
9729
9728
9727
9726
9725
9723
9722
9722
9721
9721
9721
9719
9718
9718
9716
9716
9715
9715
9714
9714
9713
9713
9709
9708
9706
9705
9705
9704
9702
9702
9701
9698
9698
9694
9692
9691
9690
9690
9689
9689
9686
9685
9684
9682
9681
9680
9679
9679
9677
9675
9675
9674
9672
9672
9669
9669
9668
9665
9665
9665
9665
9663
9662
9660
9660
9659
9658
9658
9654
9653
9653
9651
9650
9648
9648
9647
9647
9647
9646
9645
9645
9643
9642
9641
9640
9640
9640
9639
9638
9637
9636
9634
9634
9633
9632
9632
9632
9631
9630
9629
9628
9624
9624
9623
9622
9622
9621
9621
9620
9619
9618
9618
9615
9612
9612
9609
9609
9608
9606
9605
9604
9604
9603
9602
9602
9601
9598
9597
9596
9595
9593
9590
9590
9588
9588
9588
9587
9586
9585
9585
9581
9579
9579
9579
9578
9577
9576
9576
9575
9574
9573
9573
9571
9571
9571
9571
9570
9570
9568
9568
9568
9567
9566
9566
9565
9565
9564
9564
9563
9562
9559
9556
9556
9556
9555
9554
9554
9554
9554
9554
9554
9553
9553
9552
9550
9549
9547
9545
9545
9543
9541
9540
9540
9535
9531
9530
9530
9530
9528
9527
9527
9526
9526
9523
9519
9518
9517
9517
9517
9516
9514
9513
9512
9512
9506
9505
9504
9504
9504
9499
9499
9499
9499
9498
9498
9498
9497
9497
9497
9496
9496
9495
9495
9495
9495
9494
9494
9494
9493
9490
9490
9488
9488
9485
9485
9485
9484
9483
9480
9480
9479
9478
9478
9478
9478
9478
9477
9474
9474
9473
9473
9473
9472
9472
9472
9471
9471
9470
9470
9469
9468
9467
9466
9466
9465
9465
9464
9464
9461
9461
9459
9458
9456
9455
9455
9454
9454
9454
9452
9452
9451
9451
9449
9449
9449
9448
9448
9447
9447
9447
9446
9446
9446
9445
9443
9443
9443
9441
9439
9439
9439
9438
9434
9430
9428
9427
9427
9427
9426
9425
9424
9422
9422
9421
9420
9420
9419
9417
9414
9413
9413
9413
9412
9412
9411
9409
9408
9405
9405
9404
9400
9400
9399
9398
9398
9398
9394
9393
9387
9387
9387
9386
9386
9385
9383
9382
9381
9380
9380
9379
9379
9379
9378
9378
9377
9375
9374
9370
9370
9370
9369
9369
9368
9368
9368
9367
9367
9366
9366
9365
9365
9365
9364
9364
9363
9362
9362
9361
9361
9358
9355
9354
9353
9351
9350
9350
9348
9348
9346
9346
9346
9345
9345
9345
9344
9344
9341
9336
9336
9335
9334
9334
9331
9330
9329
9327
9326
9326
9324
9324
9324
9321
9320
9320
9319
9319
9317
9317
9315
9314
9313
9311
9311
9311
9310
9310
9309
9308
9307
9306
9304
9304
9303
9303
9302
9301
9298
9295
9295
9295
9293
9293
9292
9291
9291
9290
9289
9287
9287
9286
9284
9284
9284
9283
9283
9283
9282
9281
9281
9280
9280
9277
9277
9276
9276
9275
9274
9273
9272
9270
9270
9267
9265
9265
9264
9264
9262
9261
9261
9261
9261
9260
9260
9259
9259
9258
9258
9257
9256
9253
9251
9251
9248
9248
9248
9246
9244
9244
9243
9242
9242
9241
9240
9240
9239
9238
9237
9237
9237
9237
9235
9234
9234
9232
9230
9230
9229
9228
9227
9226
9226
9223
9222
9222
9222
9216
9215
9215
9214
9213
9213
9213
9211
9209
9208
9207
9207
9207
9205
9205
9205
9204
9204
9204
9202
9200
9200
9198
9196
9193
9193
9191
9191
9190
9190
9190
9189
9188
9188
9187
9187
9187
9186
9184
9184
9182
9181
9181
9181
9181
9180
9179
9177
9176
9176
9176
9175
9173
9173
9171
9169
9162
9162
9161
9161
9159
9159
9156
9154
9153
9151
9151
9150
9149
9147
9143
9143
9143
9142
9141
9140
9140
9139
9139
9138
9138
9136
9135
9135
9135
9131
9130
9127
9127
9126
9125
9125
9125
9121
9120
9119
9116
9115
9114
9114
9113
9112
9112
9111
9110
9105
9104
9103
9103
9101
9100
9100
9097
9095
9095
9095
9094
9093
9091
9090
9090
9089
9087
9086
9085
9084
9083
9082
9079
9079
9078
9077
9077
9076
9076
9074
9074
9073
9071
9068
9066
9066
9064
9060
9060
9060
9058
9058
9057
9057
9057
9056
9055
9052
9049
9049
9048
9047
9045
9045
9043
9043
9042
9042
9041
9038
9038
9037
9035
9034
9032
9031
9031
9030
9028
9027
9026
9026
9026
9025
9025
9025
9024
9022
9022
9022
9022
9022
9021
9019
9019
9018
9015
9014
9014
9012
9012
9011
9011
9011
9010
9009
9009
9008
9008
9008
9007
9007
9005
9005
9004
9004
9003
9003
9003
9000
8999
8998
8995
8995
8995
8994
8991
8990
8989
8989
8986
8984
8983
8983
8982
8982
8982
8981
8979
8978
8977
8977
8976
8976
8975
8975
8974
8974
8973
8973
8972
8971
8970
8970
8969
8969
8966
8966
8965
8963
8963
8962
8960
8960
8959
8959
8959
8958
8957
8954
8954
8953
8952
8952
8951
8951
8951
8950
8950
8949
8949
8948
8947
8946
8945
8944
8942
8942
8942
8941
8941
8935
8934
8933
8933
8933
8932
8931
8931
8929
8928
8928
8928
8927
8926
8926
8925
8924
8922
8922
8922
8921
8920
8918
8918
8917
8916
8915
8915
8915
8915
8915
8914
8913
8911
8911
8910
8909
8908
8906
8905
8904
8904
8903
8903
8895
8895
8893
8892
8891
8891
8890
8890
8888
8888
8887
8887
8886
8885
8884
8882
8882
8881
8880
8880
8879
8879
8878
8878
8875
8875
8875
8875
8875
8874
8874
8874
8873
8873
8872
8870
8870
8869
8869
8868
8868
8868
8867
8867
8866
8863
8862
8860
8860
8860
8859
8859
8858
8858
8857
8855
8855
8855
8853
8851
8851
8850
8849
8849
8849
8849
8846
8846
8845
8845
8842
8842
8842
8841
8841
8841
8840
8836
8835
8833
8830
8830
8828
8827
8826
8826
8824
8823
8822
8821
8821
8820
8819
8817
8816
8814
8814
8814
8813
8813
8813
8812
8811
8811
8806
8804
8804
8800
8799
8798
8797
8796
8794
8792
8791
8790
8789
8786
8785
8784
8783
8782
8779
8778
8778
8776
8776
8775
8774
8774
8773
8772
8771
8770
8770
8769
8769
8769
8767
8766
8765
8764
8764
8762
8762
8759
8759
8758
8756
8755
8755
8751
8750
8750
8748
8747
8747
8743
8742
8742
8740
8739
8738
8735
8734
8733
8733
8731
8729
8728
8728
8727
8725
8725
8724
8724
8723
8720
8720
8717
8716
8715
8714
8713
8712
8712
8711
8711
8711
8710
8709
8707
8706
8705
8704
8701
8701
8698
8698
8698
8697
8697
8696
8694
8693
8692
8692
8692
8691
8691
8690
8689
8687
8687
8687
8686
8686
8686
8685
8684
8683
8683
8683
8682
8682
8681
8681
8679
8679
8679
8678
8678
8677
8677
8677
8676
8675
8675
8675
8674
8672
8672
8672
8671
8671
8668
8668
8667
8667
8667
8666
8666
8666
8665
8663
8662
8661
8659
8658
8658
8658
8658
8656
8656
8656
8654
8653
8652
8651
8651
8650
8649
8648
8648
8646
8645
8644
8644
8641
8641
8640
8640
8638
8638
8637
8636
8636
8636
8636
8635
8634
8633
8631
8631
8630
8628
8627
8626
8625
8622
8618
8618
8618
8616
8614
8613
8612
8612
8609
8609
8608
8606
8605
8605
8604
8603
8602
8601
8601
8600
8600
8600
8597
8597
8596
8596
8596
8595
8592
8591
8591
8591
8591
8590
8588
8585
8584
8584
8583
8582
8582
8582
8582
8580
8580
8579
8578
8577
8577
8576
8573
8572
8570
8569
8568
8568
8568
8566
8565
8562
8560
8560
8557
8557
8557
8556
8556
8555
8555
8552
8551
8550
8547
8547
8546
8545
8545
8544
8544
8543
8543
8541
8539
8539
8538
8538
8538
8535
8533
8532
8530
8529
8528
8524
8523
8522
8522
8519
8518
8518
8513
8506
8505
8504
8503
8502
8502
8501
8501
8501
8499
8498
8498
8498
8497
8494
8492
8492
8491
8491
8490
8490
8488
8486
8484
8484
8483
8483
8482
8481
8481
8480
8477
8477
8475
8475
8474
8472
8469
8468
8468
8468
8468
8465
8462
8461
8460
8459
8459
8458
8457
8456
8454
8454
8453
8453
8451
8450
8450
8450
8448
8448
8448
8445
8445
8444
8443
8441
8441
8440
8438
8436
8435
8433
8433
8433
8432
8432
8431
8427
8426
8426
8425
8424
8424
8423
8422
8420
8420
8418
8418
8418
8418
8411
8411
8410
8409
8408
8407
8406
8405
8405
8403
8400
8399
8398
8395
8394
8394
8394
8390
8387
8385
8383
8382
8380
8375
8374
8372
8371
8368
8367
8367
8366
8366
8366
8365
8365
8364
8363
8363
8362
8361
8359
8357
8354
8353
8353
8351
8350
8350
8348
8348
8346
8346
8345
8345
8343
8343
8340
8339
8334
8333
8332
8331
8331
8329
8328
8327
8326
8324
8324
8324
8323
8323
8322
8322
8322
8322
8321
8321
8321
8317
8316
8315
8315
8314
8314
8313
8310
8309
8308
8307
8306
8306
8305
8304
8304
8302
8302
8302
8300
8299
8299
8299
8297
8296
8296
8294
8294
8292
8292
8292
8290
8289
8289
8289
8289
8288
8288
8287
8287
8286
8285
8284
8283
8282
8282
8282
8281
8281
8280
8280
8280
8279
8278
8276
8275
8274
8273
8272
8271
8271
8271
8269
8269
8267
8266
8266
8265
8265
8263
8263
8258
8256
8254
8252
8251
8249
8249
8249
8247
8247
8243
8243
8241
8238
8236
8236
8236
8235
8230
8230
8229
8227
8226
8225
8225
8224
8224
8222
8220
8218
8217
8216
8216
8215
8214
8213
8213
8212
8210
8209
8207
8206
8204
8203
8203
8202
8197
8196
8195
8192
8184
8184
8183
8181
8181
8178
8177
8176
8174
8173
8171
8170
8170
8169
8168
8168
8168
8167
8167
8167
8167
8166
8165
8164
8164
8161
8161
8160
8159
8157
8157
8156
8155
8155
8153
8152
8151
8151
8149
8149
8149
8148
8147
8146
8146
8144
8143
8141
8141
8141
8140
8140
8140
8139
8137
8134
8133
8133
8132
8131
8131
8129
8126
8125
8124
8123
8121
8118
8118
8116
8116
8116
8116
8115
8114
8113
8113
8113
8112
8111
8108
8108
8107
8106
8105
8105
8104
8104
8103
8100
8100
8098
8097
8096
8096
8096
8092
8091
8091
8090
8089
8089
8089
8088
8087
8086
8085
8085
8085
8084
8083
8081
8081
8081
8081
8080
8080
8080
8079
8077
8077
8077
8076
8074
8074
8072
8072
8070
8068
8066
8066
8065
8063
8061
8061
8060
8060
8059
8057
8055
8054
8054
8052
8051
8051
8050
8050
8050
8047
8047
8047
8045
8043
8043
8043
8043
8042
8041
8038
8036
8035
8033
8031
8029
8029
8028
8028
8027
8026
8025
8025
8024
8021
8021
8020
8019
8019
8017
8017
8017
8016
8016
8016
8014
8013
8011
8010
8008
8006
8004
8004
8003
8002
8002
8002
7999
7998
7998
7995
7995
7995
7994
7994
7994
7991
7989
7989
7988
7987
7987
7986
7983
7982
7982
7982
7981
7981
7980
7979
7979
7979
7977
7975
7975
7973
7973
7973
7971
7971
7969
7969
7968
7967
7965
7964
7961
7961
7961
7959
7957
7956
7956
7955
7955
7954
7953
7953
7952
7952
7952
7949
7949
7949
7949
7947
7946
7945
7943
7943
7943
7943
7940
7940
7940
7939
7938
7938
7936
7936
7935
7935
7934
7933
7929
7929
7929
7928
7927
7926
7926
7926
7925
7924
7921
7920
7920
7918
7917
7916
7916
7916
7915
7915
7912
7911
7911
7910
7910
7909
7909
7908
7906
7904
7904
7902
7900
7899
7897
7895
7895
7893
7892
7892
7891
7888
7888
7888
7887
7887
7887
7885
7885
7881
7880
7879
7879
7877
7874
7873
7871
7870
7869
7868
7868
7867
7864
7864
7862
7862
7862
7860
7860
7860
7858
7858
7857
7857
7857
7856
7856
7856
7855
7854
7854
7854
7853
7851
7850
7849
7849
7849
7844
7842
7840
7839
7839
7838
7837
7836
7835
7835
7835
7833
7831
7829
7829
7829
7829
7825
7825
7823
7822
7821
7817
7816
7815
7813
7813
7811
7810
7810
7809
7808
7808
7808
7807
7806
7804
7803
7803
7802
7802
7801
7800
7800
7798
7798
7797
7797
7796
7794
7790
7790
7790
7789
7789
7788
7787
7787
7787
7786
7785
7785
7783
7783
7780
7780
7780
7780
7779
7778
7778
7778
7776
7776
7776
7774
7773
7772
7772
7770
7769
7767
7767
7766
7765
7765
7763
7763
7763
7763
7760
7759
7757
7756
7755
7754
7753
7752
7751
7750
7749
7748
7747
7747
7746
7744
7742
7741
7737
7736
7736
7734
7732
7728
7726
7726
7725
7725
7724
7722
7719
7718
7717
7715
7715
7714
7713
7713
7711
7711
7711
7711
7711
7711
7710
7707
7706
7703
7703
7703
7702
7700
7698
7697
7697
7696
7695
7694
7692
7690
7687
7687
7685
7685
7683
7683
7683
7683
7682
7682
7681
7678
7677
7676
7674
7673
7672
7672
7671
7670
7669
7668
7665
7665
7662
7662
7661
7661
7660
7660
7660
7659
7659
7659
7659
7657
7656
7653
7653
7653
7652
7651
7651
7650
7650
7650
7649
7648
7648
7647
7646
7642
7641
7641
7641
7641
7640
7640
7639
7639
7638
7638
7638
7636
7634
7632
7631
7629
7628
7626
7626
7624
7624
7623
7622
7621
7621
7620
7618
7618
7618
7617
7617
7617
7617
7617
7615
7614
7614
7613
7612
7610
7609
7609
7605
7600
7600
7598
7596
7596
7596
7592
7591
7589
7589
7588
7588
7586
7586
7584
7584
7584
7584
7582
7580
7580
7580
7577
7577
7576
7576
7575
7575
7575
7574
7572
7572
7569
7568
7568
7566
7566
7565
7563
7563
7562
7561
7561
7561
7558
7557
7555
7554
7554
7554
7553
7553
7552
7550
7550
7549
7548
7542
7541
7541
7539
7539
7538
7538
7538
7537
7536
7535
7531
7530
7530
7529
7528
7527
7527
7527
7526
7525
7524
7524
7524
7523
7522
7520
7518
7516
7515
7512
7511
7511
7510
7507
7507
7506
7506
7504
7503
7503
7503
7502
7502
7501
7501
7500
7499
7497
7495
7494
7494
7492
7491
7491
7490
7490
7489
7488
7486
7482
7480
7480
7476
7475
7473
7472
7472
7472
7471
7469
7469
7467
7466
7464
7464
7464
7462
7461
7460
7460
7458
7457
7457
7457
7457
7456
7456
7453
7450
7446
7446
7445
7443
7443
7440
7439
7438
7438
7436
7436
7435
7433
7431
7431
7429
7428
7427
7427
7425
7425
7424
7422
7421
7420
7419
7419
7417
7416
7416
7415
7414
7414
7414
7414
7413
7412
7412
7411
7411
7411
7411
7411
7407
7407
7407
7406
7405
7403
7402
7402
7401
7399
7398
7397
7395
7395
7394
7393
7392
7392
7390
7389
7388
7388
7387
7383
7381
7381
7381
7377
7377
7374
7374
7374
7372
7371
7370
7369
7369
7368
7366
7366
7366
7362
7361
7357
7356
7356
7355
7354
7352
7351
7350
7348
7348
7348
7348
7348
7346
7344
7344
7343
7340
7339
7339
7338
7336
7335
7332
7331
7330
7327
7327
7326
7326
7325
7324
7323
7322
7321
7321
7319
7318
7318
7317
7316
7316
7314
7314
7312
7311
7310
7308
7308
7305
7305
7301
7300
7297
7296
7295
7293
7292
7292
7292
7292
7289
7287
7285
7285
7284
7284
7283
7283
7283
7282
7281
7281
7280
7276
7276
7275
7274
7273
7272
7267
7267
7267
7267
7265
7264
7264
7263
7260
7259
7257
7256
7252
7252
7252
7250
7250
7249
7248
7246
7246
7244
7242
7241
7241
7239
7238
7238
7236
7235
7233
7233
7230
7230
7230
7228
7228
7227
7226
7226
7225
7224
7224
7223
7220
7217
7217
7215
7213
7211
7208
7207
7205
7205
7204
7204
7203
7203
7202
7202
7200
7200
7199
7199
7198
7197
7194
7193
7192
7192
7192
7191
7191
7191
7191
7187
7187
7186
7185
7185
7184
7184
7184
7183
7180
7179
7178
7177
7174
7174
7173
7172
7172
7172
7172
7170
7167
7165
7164
7164
7164
7164
7164
7164
7164
7163
7160
7158
7158
7158
7157
7155
7153
7152
7152
7150
7149
7146
7145
7145
7143
7140
7137
7137
7136
7136
7136
7135
7135
7134
7134
7129
7129
7128
7127
7126
7121
7121
7120
7117
7114
7113
7112
7112
7111
7110
7109
7108
7106
7105
7105
7104
7103
7102
7101
7101
7099
7098
7098
7097
7097
7097
7095
7094
7091
7089
7089
7087
7085
7085
7084
7083
7083
7082
7082
7081
7081
7081
7080
7078
7078
7077
7077
7077
7076
7076
7074
7074
7073
7073
7071
7070
7070
7069
7068
7067
7066
7066
7065
7064
7062
7061
7060
7059
7058
7057
7057
7057
7056
7056
7053
7051
7049
7048
7048
7047
7047
7046
7045
7045
7042
7041
7041
7040
7040
7039
7036
7035
7034
7033
7032
7031
7030
7029
7029
7029
7029
7029
7027
7027
7027
7027
7025
7025
7025
7019
7019
7018
7018
7017
7015
7015
7014
7013
7013
7011
7010
7007
7007
7007
7005
7005
7004
7004
7003
7002
7002
7000
7000
6999
6997
6997
6996
6994
6990
6988
6988
6988
6987
6985
6985
6984
6983
6981
6981
6981
6980
6979
6977
6977
6975
6974
6973
6973
6971
6971
6970
6968
6968
6968
6967
6967
6967
6966
6964
6960
6957
6957
6956
6953
6953
6953
6952
6952
6950
6949
6949
6946
6946
6945
6945
6944
6944
6941
6940
6940
6939
6938
6938
6938
6936
6932
6932
6930
6930
6930
6930
6929
6928
6927
6926
6925
6925
6925
6925
6923
6923
6923
6922
6922
6920
6919
6918
6918
6918
6918
6917
6916
6916
6915
6913
6912
6911
6910
6910
6910
6907
6905
6904
6903
6903
6901
6900
6899
6898
6897
6896
6894
6894
6893
6891
6890
6889
6888
6888
6888
6887
6886
6886
6886
6886
6885
6885
6884
6883
6881
6880
6878
6877
6873
6872
6871
6867
6866
6866
6864
6864
6863
6861
6861
6860
6859
6859
6858
6857
6855
6854
6854
6853
6853
6852
6852
6851
6850
6849
6849
6849
6848
6848
6847
6847
6847
6846
6845
6842
6842
6842
6841
6841
6840
6840
6840
6840
6839
6838
6838
6838
6836
6835
6835
6834
6834
6834
6832
6832
6832
6831
6830
6830
6829
6828
6828
6827
6827
6827
6827
6826
6826
6824
6824
6824
6822
6819
6817
6814
6814
6813
6813
6811
6810
6809
6808
6808
6808
6808
6807
6807
6807
6807
6805
6804
6803
6803
6798
6797
6797
6794
6792
6791
6789
6788
6787
6786
6785
6784
6783
6782
6781
6779
6779
6778
6778
6778
6776
6776
6774
6772
6771
6770
6769
6768
6768
6765
6760
6760
6760
6760
6760
6759
6757
6756
6756
6754
6752
6751
6751
6750
6750
6750
6747
6747
6746
6746
6742
6742
6742
6741
6741
6740
6740
6739
6739
6736
6734
6732
6731
6730
6729
6729
6728
6728
6726
6726
6724
6724
6722
6719
6718
6717
6716
6714
6714
6714
6713
6712
6710
6709
6708
6708
6708
6707
6705
6705
6703
6702
6700
6699
6698
6698
6697
6695
6694
6689
6688
6685
6684
6683
6682
6680
6676
6675
6674
6670
6669
6668
6668
6667
6667
6667
6666
6666
6663
6662
6660
6660
6660
6660
6659
6657
6657
6657
6656
6655
6654
6654
6650
6648
6646
6645
6644
6644
6644
6644
6644
6643
6643
6642
6641
6641
6640
6639
6636
6636
6636
6635
6633
6633
6632
6631
6631
6630
6629
6629
6626
6624
6623
6623
6623
6620
6620
6620
6619
6619
6619
6619
6618
6617
6616
6615
6613
6612
6612
6611
6611
6611
6610
6610
6609
6609
6607
6607
6606
6605
6605
6604
6603
6603
6602
6600
6598
6598
6597
6596
6595
6594
6594
6594
6593
6592
6591
6591
6591
6590
6590
6590
6589
6588
6587
6586
6584
6583
6583
6582
6580
6579
6577
6576
6575
6574
6573
6572
6571
6569
6566
6566
6565
6565
6562
6560
6560
6558
6558
6558
6558
6555
6552
6552
6552
6550
6550
6548
6547
6547
6546
6545
6545
6544
6543
6542
6542
6541
6541
6538
6537
6537
6535
6533
6528
6528
6525
6521
6520
6520
6519
6517
6517
6517
6516
6514
6510
6509
6509
6508
6508
6508
6506
6505
6505
6504
6503
6503
6502
6499
6499
6498
6497
6495
6494
6493
6492
6492
6492
6490
6488
6488
6487
6486
6484
6483
6482
6481
6479
6479
6479
6478
6478
6477
6473
6472
6471
6470
6470
6469
6467
6466
6466
6465
6465
6465
6463
6461
6461
6461
6458
6457
6455
6455
6455
6455
6454
6453
6452
6452
6451
6450
6450
6450
6449
6447
6447
6447
6446
6445
6445
6444
6443
6442
6440
6439
6439
6436
6436
6435
6434
6434
6433
6431
6429
6429
6429
6428
6428
6427
6425
6421
6421
6420
6419
6418
6418
6417
6417
6415
6414
6413
6411
6411
6408
6408
6408
6407
6407
6403
6402
6401
6401
6399
6398
6398
6397
6397
6396
6396
6395
6394
6393
6393
6392
6392
6390
6390
6390
6389
6388
6387
6385
6385
6384
6384
6384
6382
6381
6381
6380
6378
6377
6375
6374
6374
6374
6373
6373
6372
6372
6371
6370
6370
6369
6368
6368
6365
6365
6363
6362
6362
6361
6361
6360
6359
6359
6357
6355
6355
6352
6352
6351
6351
6350
6348
6347
6346
6345
6345
6344
6343
6341
6341
6340
6337
6337
6336
6335
6333
6330
6328
6326
6326
6326
6326
6325
6325
6323
6322
6322
6321
6316
6316
6315
6315
6314
6313
6313
6312
6311
6311
6311
6310
6310
6309
6306
6301
6301
6300
6300
6299
6299
6299
6298
6295
6295
6294
6291
6290
6290
6290
6290
6289
6288
6285
6285
6284
6284
6284
6283
6282
6281
6280
6279
6278
6274
6272
6271
6271
6271
6269
6269
6269
6267
6265
6265
6265
6265
6262
6260
6260
6259
6257
6257
6257
6256
6256
6256
6254
6254
6253
6253
6252
6251
6249
6248
6248
6248
6245
6245
6244
6243
6243
6243
6242
6242
6238
6236
6235
6234
6233
6232
6230
6230
6229
6229
6228
6227
6226
6226
6224
6223
6223
6222
6221
6220
6216
6214
6214
6212
6212
6212
6211
6211
6210
6210
6207
6207
6204
6204
6203
6203
6202
6201
6199
6198
6197
6194
6194
6193
6189
6189
6188
6188
6186
6186
6184
6182
6181
6181
6180
6179
6179
6179
6178
6175
6175
6174
6172
6169
6169
6168
6166
6165
6162
6162
6162
6161
6161
6160
6158
6157
6157
6157
6156
6155
6154
6152
6150
6150
6148
6147
6145
6145
6144
6143
6141
6136
6135
6131
6131
6130
6129
6129
6128
6126
6125
6124
6124
6123
6123
6121
6120
6120
6116
6116
6115
6113
6111
6111
6111
6111
6109
6108
6108
6107
6106
6106
6104
6103
6101
6101
6101
6101
6101
6100
6100
6100
6097
6094
6094
6094
6092
6091
6090
6089
6089
6088
6086
6086
6084
6081
6081
6080
6080
6080
6078
6076
6076
6076
6075
6075
6075
6075
6074
6073
6072
6071
6070
6070
6067
6065
6063
6063
6062
6062
6062
6061
6060
6059
6059
6059
6057
6056
6055
6055
6054
6052
6050
6050
6050
6050
6047
6046
6045
6043
6043
6043
6043
6042
6039
6038
6037
6036
6035
6034
6033
6033
6032
6031
6030
6030
6030
6030
6029
6028
6027
6025
6025
6024
6024
6021
6020
6019
6018
6017
6017
6014
6012
6007
6007
6006
6006
6005
6004
6003
6002
6002
5999
5999
5999
5999
5997
5995
5994
5993
5993
5991
5990
5990
5988
5985
5981
5981
5981
5981
5980
5978
5978
5977
5976
5975
5972
5970
5969
5969
5969
5969
5969
5968
5967
5967
5965
5964
5964
5960
5958
5955
5954
5954
5954
5954
5953
5952
5952
5951
5950
5947
5947
5946
5946
5946
5945
5944
5942
5942
5941
5937
5937
5934
5933
5932
5931
5931
5930
5929
5929
5928
5928
5927
5923
5923
5923
5923
5923
5918
5918
5918
5915
5911
5911
5911
5908
5905
5904
5904
5903
5903
5901
5899
5898
5898
5897
5897
5897
5897
5896
5896
5895
5895
5894
5892
5891
5891
5890
5889
5889
5888
5888
5888
5887
5887
5887
5886
5886
5886
5882
5882
5881
5879
5878
5878
5877
5874
5874
5873
5871
5871
5871
5870
5866
5866
5866
5862
5862
5861
5861
5859
5858
5857
5857
5855
5855
5853
5852
5851
5850
5849
5847
5846
5845
5844
5843
5839
5837
5836
5836
5834
5833
5832
5832
5831
5831
5831
5830
5827
5826
5825
5825
5824
5822
5822
5821
5820
5819
5817
5816
5816
5816
5814
5814
5809
5808
5807
5806
5804
5803
5803
5803
5801
5799
5799
5797
5795
5795
5793
5793
5793
5792
5792
5791
5790
5788
5787
5782
5781
5781
5781
5780
5779
5779
5777
5777
5776
5776
5775
5774
5774
5774
5774
5773
5773
5772
5772
5769
5768
5766
5766
5765
5765
5763
5763
5762
5762
5762
5760
5760
5757
5757
5757
5756
5756
5756
5754
5754
5754
5753
5753
5752
5751
5750
5749
5748
5747
5745
5745
5744
5744
5742
5742
5741
5740
5740
5739
5738
5738
5737
5737
5736
5734
5730
5730
5730
5728
5728
5728
5727
5724
5723
5722
5722
5721
5717
5717
5716
5715
5714
5713
5713
5713
5710
5709
5709
5709
5708
5706
5706
5704
5703
5703
5703
5703
5703
5700
5700
5700
5698
5698
5697
5697
5697
5696
5695
5695
5694
5694
5693
5693
5692
5692
5688
5686
5684
5684
5684
5683
5682
5682
5681
5678
5676
5676
5676
5675
5675
5674
5673
5673
5670
5669
5669
5666
5664
5663
5663
5662
5661
5661
5661
5661
5659
5659
5658
5656
5656
5655
5655
5654
5653
5652
5651
5646
5646
5646
5646
5646
5645
5644
5642
5642
5642
5641
5641
5637
5637
5635
5635
5635
5634
5633
5632
5631
5631
5629
5629
5629
5629
5627
5625
5624
5622
5622
5621
5617
5615
5613
5611
5611
5608
5607
5607
5606
5606
5605
5605
5602
5601
5601
5601
5599
5598
5597
5597
5597
5596
5596
5596
5594
5593
5592
5592
5592
5590
5590
5584
5583
5582
5582
5581
5580
5579
5579
5577
5577
5577
5576
5576
5576
5575
5570
5569
5566
5566
5565
5564
5563
5563
5563
5562
5561
5560
5560
5559
5556
5556
5556
5556
5555
5555
5555
5555
5553
5552
5551
5550
5549
5549
5548
5548
5545
5544
5544
5542
5542
5541
5536
5534
5534
5533
5532
5531
5530
5528
5523
5523
5522
5521
5521
5520
5517
5517
5517
5516
5516
5513
5512
5512
5512
5512
5511
5511
5510
5510
5510
5509
5509
5508
5507
5506
5505
5503
5503
5501
5500
5499
5499
5498
5498
5497
5497
5496
5496
5495
5495
5493
5491
5491
5487
5485
5483
5483
5481
5481
5481
5477
5477
5477
5477
5475
5475
5474
5470
5468
5467
5466
5466
5465
5465
5463
5463
5463
5461
5459
5458
5458
5457
5457
5457
5456
5456
5455
5454
5454
5452
5452
5451
5451
5448
5446
5446
5446
5445
5442
5442
5441
5441
5441
5441
5440
5440
5439
5437
5435
5435
5434
5434
5430
5429
5429
5428
5428
5428
5426
5426
5424
5424
5424
5421
5418
5417
5416
5415
5414
5413
5413
5412
5412
5410
5410
5410
5409
5409
5405
5400
5399
5399
5398
5396
5395
5394
5391
5389
5388
5388
5387
5387
5386
5384
5384
5382
5382
5381
5380
5378
5378
5378
5375
5373
5371
5371
5371
5371
5371
5369
5367
5366
5366
5365
5365
5364
5362
5362
5361
5361
5359
5359
5359
5358
5358
5356
5355
5355
5354
5354
5353
5353
5352
5350
5346
5346
5345
5344
5343
5343
5343
5341
5341
5340
5339
5339
5339
5339
5336
5336
5335
5334
5334
5334
5333
5332
5332
5330
5330
5329
5326
5325
5325
5323
5322
5317
5313
5312
5312
5311
5307
5307
5304
5303
5303
5303
5302
5300
5300
5298
5296
5295
5294
5293
5293
5293
5293
5292
5291
5291
5290
5290
5288
5287
5286
5286
5285
5283
5281
5280
5280
5278
5276
5274
5274
5271
5270
5269
5268
5268
5267
5265
5264
5263
5262
5258
5258
5257
5255
5253
5252
5252
5252
5252
5252
5252
5251
5248
5248
5248
5246
5244
5244
5244
5242
5241
5240
5240
5240
5239
5237
5236
5236
5235
5233
5232
5231
5231
5231
5229
5229
5229
5227
5227
5226
5225
5225
5224
5224
5223
5223
5223
5222
5218
5218
5217
5216
5214
5214
5212
5212
5211
5211
5210
5208
5207
5206
5206
5206
5205
5205
5205
5204
5204
5203
5203
5203
5201
5199
5198
5198
5198
5191
5191
5191
5190
5189
5187
5187
5187
5186
5185
5184
5184
5184
5183
5182
5181
5181
5178
5177
5176
5176
5175
5174
5174
5173
5172
5171
5171
5170
5169
5169
5164
5164
5162
5162
5162
5162
5161
5160
5160
5158
5158
5156
5155
5155
5154
5152
5149
5147
5147
5146
5146
5145
5144
5139
5138
5137
5137
5136
5135
5134
5132
5130
5129
5128
5128
5128
5127
5126
5126
5125
5124
5122
5122
5122
5122
5121
5121
5118
5118
5116
5116
5114
5114
5113
5108
5108
5107
5103
5102
5102
5102
5101
5099
5099
5098
5098
5095
5093
5091
5090
5083
5081
5080
5079
5078
5077
5076
5075
5073
5072
5071
5071
5071
5070
5068
5068
5068
5066
5065
5062
5061
5059
5059
5059
5058
5056
5055
5055
5055
5054
5054
5053
5050
5050
5048
5048
5046
5044
5044
5044
5043
5041
5040
5040
5039
5037
5036
5036
5035
5034
5033
5032
5031
5031
5031
5029
5029
5029
5028
5028
5026
5025
5024
5023
5022
5022
5021
5020
5019
5019
5018
5018
5017
5015
5013
5013
5012
5011
5010
5010
5010
5010
5009
5008
5007
5005
5003
5003
5001
5000
4995
4994
4992
4992
4988
4986
4984
4984
4982
4980
4978
4977
4977
4975
4975
4973
4972
4971
4969
4969
4968
4967
4967
4966
4965
4963
4962
4961
4961
4959
4959
4957
4957
4956
4955
4955
4954
4953
4950
4950
4949
4949
4947
4944
4944
4943
4943
4942
4940
4940
4939
4936
4936
4935
4932
4931
4931
4930
4930
4930
4927
4927
4927
4925
4925
4924
4924
4923
4923
4923
4922
4921
4920
4920
4919
4919
4917
4916
4916
4916
4915
4912
4911
4907
4907
4905
4905
4904
4900
4899
4898
4895
4895
4893
4892
4892
4891
4889
4888
4888
4886
4886
4885
4885
4884
4883
4883
4882
4882
4882
4882
4881
4881
4879
4879
4879
4875
4874
4873
4872
4872
4871
4871
4871
4871
4870
4870
4867
4866
4865
4864
4863
4862
4862
4862
4861
4859
4858
4856
4855
4855
4854
4854
4853
4849
4848
4847
4844
4842
4842
4841
4841
4840
4839
4839
4835
4834
4831
4829
4828
4828
4828
4827
4825
4824
4820
4820
4819
4819
4819
4819
4818
4817
4814
4813
4812
4810
4810
4808
4808
4808
4808
4808
4807
4806
4804
4803
4803
4801
4800
4799
4798
4797
4791
4791
4791
4789
4784
4783
4782
4782
4782
4782
4781
4781
4781
4778
4776
4772
4771
4771
4771
4770
4769
4769
4768
4767
4764
4763
4762
4762
4762
4761
4761
4760
4758
4756
4756
4751
4751
4751
4750
4748
4747
4747
4744
4742
4742
4741
4740
4740
4739
4739
4734
4734
4732
4732
4732
4731
4730
4729
4723
4723
4722
4721
4721
4719
4718
4717
4717
4716
4714
4712
4712
4712
4710
4709
4708
4706
4706
4704
4702
4701
4701
4700
4699
4698
4695
4695
4693
4690
4689
4689
4688
4687
4686
4685
4685
4684
4683
4682
4681
4679
4679
4678
4676
4676
4674
4674
4671
4671
4670
4668
4668
4667
4667
4667
4667
4666
4666
4663
4663
4662
4661
4660
4659
4658
4657
4656
4653
4653
4653
4653
4650
4650
4650
4649
4648
4647
4646
4645
4644
4643
4642
4641
4639
4639
4638
4634
4633
4632
4631
4631
4629
4628
4627
4625
4625
4625
4624
4623
4621
4619
4619
4618
4617
4615
4615
4615
4613
4613
4613
4613
4612
4611
4611
4611
4611
4610
4609
4608
4608
4607
4605
4605
4605
4603
4601
4598
4598
4598
4595
4595
4593
4593
4593
4593
4591
4590
4589
4588
4585
4585
4585
4583
4583
4583
4581
4578
4576
4574
4574
4573
4572
4571
4571
4571
4571
4568
4568
4567
4566
4566
4562
4561
4560
4559
4553
4552
4550
4549
4549
4548
4548
4547
4545
4543
4543
4541
4540
4540
4539
4539
4537
4537
4537
4535
4533
4533
4532
4532
4530
4529
4528
4528
4526
4522
4522
4521
4519
4519
4517
4517
4517
4517
4516
4516
4516
4515
4514
4512
4511
4510
4510
4508
4507
4507
4506
4505
4505
4504
4504
4503
4502
4501
4500
4499
4499
4499
4499
4498
4496
4495
4494
4493
4493
4493
4492
4492
4491
4491
4490
4490
4488
4487
4487
4486
4485
4484
4484
4482
4479
4479
4479
4477
4477
4476
4472
4472
4472
4471
4471
4470
4470
4470
4466
4466
4464
4462
4460
4460
4459
4458
4454
4453
4453
4451
4449
4448
4447
4447
4445
4444
4443
4442
4439
4438
4438
4437
4434
4433
4433
4432
4432
4431
4430
4429
4428
4425
4424
4424
4423
4417
4417
4416
4415
4411
4411
4407
4406
4406
4404
4404
4404
4404
4404
4403
4402
4401
4400
4400
4400
4399
4398
4398
4393
4388
4388
4386
4385
4385
4384
4383
4382
4382
4381
4380
4380
4379
4377
4376
4376
4375
4374
4371
4371
4370
4368
4367
4367
4367
4366
4364
4362
4362
4362
4361
4361
4361
4360
4359
4358
4355
4350
4349
4347
4347
4344
4344
4342
4342
4341
4341
4341
4339
4337
4337
4335
4333
4333
4332
4328
4326
4325
4324
4324
4324
4324
4323
4323
4322
4322
4321
4321
4318
4318
4316
4316
4315
4315
4314
4311
4311
4310
4309
4307
4307
4306
4305
4304
4304
4298
4297
4297
4295
4291
4290
4290
4288
4286
4286
4285
4284
4284
4283
4281
4281
4280
4279
4278
4276
4274
4274
4273
4272
4272
4272
4271
4270
4269
4268
4267
4265
4265
4264
4263
4263
4262
4262
4262
4260
4257
4256
4255
4255
4254
4252
4251
4251
4251
4250
4247
4244
4244
4244
4244
4244
4243
4242
4242
4242
4241
4238
4236
4233
4233
4232
4231
4228
4228
4227
4226
4224
4224
4221
4219
4218
4218
4217
4213
4210
4209
4208
4207
4207
4204
4203
4201
4200
4200
4196
4195
4195
4194
4191
4190
4190
4189
4188
4186
4186
4186
4185
4184
4184
4184
4182
4181
4179
4179
4178
4176
4175
4174
4173
4173
4173
4171
4170
4169
4169
4168
4166
4165
4165
4163
4163
4162
4160
4160
4158
4157
4155
4155
4155
4155
4154
4154
4154
4153
4153
4152
4151
4148
4147
4146
4144
4144
4143
4140
4139
4138
4136
4136
4133
4132
4132
4132
4131
4131
4127
4126
4125
4125
4124
4121
4120
4119
4118
4118
4117
4117
4112
4109
4109
4108
4106
4106
4103
4102
4100
4100
4098
4098
4098
4098
4096
4096
4096
4095
4095
4095
4094
4094
4092
4092
4092
4091
4090
4089
4089
4088
4088
4088
4087
4087
4087
4086
4086
4085
4085
4084
4084
4084
4083
4081
4081
4080
4077
4076
4074
4074
4074
4073
4072
4072
4072
4071
4069
4068
4068
4067
4067
4066
4066
4065
4064
4064
4064
4063
4063
4062
4060
4059
4058
4058
4056
4053
4053
4053
4052
4050
4049
4049
4046
4046
4045
4045
4043
4042
4042
4041
4040
4040
4037
4034
4031
4030
4030
4029
4027
4024
4024
4024
4023
4023
4023
4021
4021
4019
4019
4018
4018
4017
4014
4013
4013
4011
4011
4011
4011
4010
4010
4007
4007
4006
4006
4005
4005
4005
4004
3998
3996
3996
3996
3993
3991
3989
3989
3987
3987
3985
3985
3984
3984
3982
3982
3980
3980
3980
3980
3980
3979
3978
3976
3975
3974
3974
3974
3973
3970
3969
3968
3965
3965
3964
3962
3960
3959
3958
3957
3956
3955
3955
3954
3954
3954
3954
3953
3950
3950
3948
3946
3946
3945
3945
3942
3941
3940
3939
3938
3937
3936
3936
3935
3932
3931
3930
3929
3929
3929
3927
3927
3926
3925
3925
3925
3924
3921
3920
3919
3919
3918
3918
3917
3916
3916
3915
3913
3911
3911
3909
3909
3909
3908
3908
3908
3908
3908
3907
3907
3906
3904
3904
3903
3902
3902
3901
3901
3898
3897
3896
3895
3894
3893
3891
3888
3885
3884
3884
3881
3881
3880
3880
3879
3879
3878
3878
3877
3876
3875
3875
3871
3871
3870
3870
3870
3868
3866
3866
3865
3864
3864
3863
3863
3863
3861
3861
3860
3859
3858
3858
3858
3856
3856
3855
3854
3854
3854
3853
3853
3852
3851
3851
3850
3850
3848
3845
3844
3843
3843
3843
3841
3841
3841
3840
3839
3838
3835
3834
3834
3833
3831
3830
3829
3827
3827
3826
3826
3825
3825
3825
3824
3824
3823
3823
3821
3819
3818
3818
3817
3814
3814
3814
3814
3813
3809
3809
3808
3807
3806
3806
3805
3805
3805
3803
3803
3802
3800
3800
3798
3795
3795
3794
3791
3790
3785
3785
3784
3783
3783
3783
3783
3783
3782
3781
3779
3778
3778
3778
3777
3776
3775
3775
3774
3773
3773
3773
3773
3773
3769
3766
3766
3765
3765
3764
3764
3763
3762
3762
3761
3760
3757
3755
3755
3754
3749
3748
3746
3744
3744
3743
3743
3742
3742
3742
3742
3740
3740
3739
3738
3735
3732
3732
3731
3730
3730
3730
3729
3729
3727
3727
3726
3725
3724
3724
3721
3719
3718
3717
3716
3715
3713
3711
3709
3709
3708
3708
3704
3704
3703
3703
3701
3701
3700
3699
3699
3698
3697
3697
3695
3695
3693
3693
3692
3692
3687
3687
3686
3684
3684
3681
3681
3680
3679
3678
3678
3677
3676
3673
3673
3672
3671
3671
3671
3671
3670
3670
3669
3669
3668
3667
3667
3666
3666
3665
3665
3664
3663
3661
3658
3658
3657
3654
3654
3654
3652
3652
3651
3651
3649
3648
3645
3645
3641
3638
3638
3638
3637
3637
3637
3637
3635
3635
3634
3633
3633
3631
3631
3630
3630
3629
3628
3627
3626
3625
3625
3624
3624
3621
3621
3619
3619
3618
3617
3617
3616
3615
3615
3613
3611
3609
3609
3609
3606
3606
3605
3605
3605
3604
3603
3603
3603
3602
3602
3601
3601
3600
3600
3600
3599
3599
3597
3596
3595
3593
3592
3592
3592
3592
3590
3590
3587
3587
3584
3584
3582
3582
3582
3582
3581
3580
3579
3578
3575
3572
3571
3571
3568
3567
3567
3565
3565
3565
3564
3564
3562
3561
3559
3559
3558
3557
3556
3555
3555
3555
3554
3552
3550
3550
3549
3546
3546
3545
3545
3544
3543
3543
3542
3542
3541
3541
3540
3538
3536
3536
3534
3533
3532
3529
3529
3528
3528
3527
3526
3526
3525
3525
3524
3524
3524
3523
3522
3520
3520
3519
3519
3518
3518
3517
3515
3515
3514
3513
3511
3511
3510
3510
3504
3504
3504
3503
3500
3498
3495
3494
3493
3490
3489
3487
3486
3484
3484
3482
3482
3481
3476
3475
3475
3474
3474
3474
3471
3471
3469
3468
3466
3465
3462
3461
3458
3457
3457
3452
3452
3452
3452
3451
3451
3449
3448
3448
3448
3448
3445
3442
3438
3437
3437
3436
3435
3434
3433
3433
3431
3430
3429
3429
3429
3429
3428
3427
3427
3425
3425
3424
3423
3423
3423
3422
3421
3420
3416
3415
3414
3412
3410
3410
3408
3407
3405
3404
3400
3400
3400
3398
3395
3395
3394
3392
3392
3391
3391
3391
3390
3385
3385
3383
3383
3380
3380
3377
3377
3375
3373
3372
3372
3371
3371
3371
3371
3369
3369
3369
3368
3368
3367
3366
3365
3364
3364
3363
3363
3363
3361
3361
3359
3359
3356
3355
3354
3353
3353
3348
3346
3343
3343
3340
3338
3338
3337
3337
3336
3334
3334
3333
3332
3332
3330
3329
3329
3329
3328
3326
3326
3325
3324
3322
3321
3321
3320
3319
3316
3315
3313
3313
3311
3311
3310
3307
3306
3306
3305
3305
3302
3302
3302
3300
3300
3298
3298
3298
3297
3297
3297
3297
3295
3295
3294
3294
3293
3292
3292
3289
3288
3287
3287
3286
3285
3284
3281
3278
3278
3277
3276
3275
3274
3273
3272
3270
3270
3269
3269
3265
3263
3263
3262
3261
3261
3260
3258
3258
3257
3256
3255
3253
3253
3253
3250
3250
3246
3243
3243
3242
3241
3239
3238
3236
3235
3235
3235
3235
3234
3232
3231
3230
3230
3229
3227
3226
3226
3225
3225
3224
3223
3222
3221
3220
3219
3219
3219
3217
3216
3216
3214
3213
3213
3212
3211
3210
3209
3209
3208
3206
3205
3205
3203
3202
3201
3201
3201
3200
3198
3198
3197
3197
3197
3196
3196
3196
3193
3192
3192
3192
3191
3191
3190
3189
3188
3188
3187
3186
3186
3183
3182
3182
3181
3181
3179
3178
3177
3176
3175
3173
3173
3172
3172
3172
3171
3170
3170
3170
3170
3169
3168
3168
3168
3167
3167
3167
3165
3163
3162
3161
3161
3161
3161
3160
3159
3159
3158
3158
3158
3157
3155
3153
3153
3148
3146
3146
3146
3146
3145
3144
3144
3143
3142
3142
3142
3141
3140
3139
3139
3136
3134
3133
3131
3131
3130
3128
3127
3126
3125
3125
3123
3123
3123
3119
3117
3116
3115
3114
3114
3112
3112
3111
3109
3109
3109
3109
3108
3108
3107
3106
3105
3104
3104
3103
3103
3102
3099
3099
3098
3098
3097
3096
3096
3091
3091
3089
3088
3085
3084
3083
3083
3082
3082
3081
3078
3075
3073
3073
3072
3071
3064
3064
3063
3063
3063
3063
3062
3062
3062
3060
3059
3059
3055
3055
3055
3053
3051
3051
3050
3049
3048
3045
3043
3043
3043
3043
3042
3041
3041
3040
3039
3039
3037
3036
3035
3035
3034
3034
3033
3030
3026
3025
3024
3022
3020
3019
3019
3019
3017
3015
3014
3014
3013
3010
3010
3010
3009
3009
3006
3004
3003
3002
3002
3002
3001
3000
2999
2998
2998
2997
2996
2995
2995
2994
2991
2991
2985
2984
2981
2981
2980
2979
2979
2976
2975
2973
2971
2971
2969
2969
2968
2966
2966
2966
2965
2963
2962
2961
2961
2961
2959
2959
2959
2958
2954
2954
2952
2952
2951
2951
2950
2950
2946
2946
2945
2944
2943
2942
2941
2941
2939
2939
2939
2937
2933
2932
2932
2931
2931
2930
2930
2929
2929
2928
2928
2928
2927
2927
2926
2925
2922
2922
2921
2921
2921
2921
2920
2920
2919
2919
2919
2917
2912
2912
2909
2909
2907
2906
2906
2906
2903
2903
2901
2901
2898
2898
2897
2896
2896
2894
2893
2892
2891
2891
2887
2887
2887
2887
2886
2884
2884
2882
2882
2881
2881
2881
2879
2878
2878
2876
2876
2876
2875
2874
2871
2870
2870
2870
2868
2868
2867
2867
2867
2867
2866
2866
2866
2866
2865
2865
2865
2864
2864
2864
2862
2862
2861
2859
2859
2859
2858
2857
2857
2856
2855
2854
2852
2852
2847
2846
2845
2845
2845
2844
2843
2839
2838
2838
2837
2836
2836
2835
2835
2834
2834
2832
2832
2831
2830
2830
2830
2828
2827
2826
2823
2822
2821
2820
2819
2819
2818
2816
2816
2814
2814
2814
2813
2813
2812
2812
2811
2810
2809
2809
2807
2806
2804
2804
2804
2801
2798
2797
2797
2796
2796
2796
2796
2794
2793
2793
2793
2792
2792
2791
2790
2787
2786
2785
2785
2784
2782
2780
2778
2778
2777
2775
2775
2774
2773
2773
2773
2772
2771
2771
2769
2768
2766
2766
2765
2763
2762
2759
2759
2756
2756
2756
2753
2751
2749
2748
2748
2747
2746
2745
2743
2742
2742
2741
2741
2740
2738
2738
2738
2735
2735
2734
2732
2732
2729
2729
2728
2728
2728
2728
2727
2725
2723
2723
2722
2721
2720
2720
2719
2719
2719
2718
2715
2715
2714
2711
2711
2710
2710
2710
2710
2709
2708
2708
2706
2704
2703
2702
2701
2700
2698
2696
2695
2695
2695
2695
2695
2694
2693
2691
2691
2690
2688
2688
2688
2688
2686
2684
2684
2684
2684
2683
2677
2675
2671
2669
2669
2669
2668
2665
2665
2662
2660
2655
2654
2652
2652
2652
2651
2649
2649
2646
2645
2644
2643
2643
2642
2642
2642
2642
2641
2641
2640
2640
2640
2639
2638
2638
2637
2636
2636
2636
2635
2634
2633
2633
2632
2631
2630
2630
2629
2625
2625
2623
2620
2620
2620
2619
2619
2618
2617
2616
2615
2615
2615
2614
2614
2613
2612
2612
2610
2610
2610
2610
2609
2609
2604
2603
2602
2600
2599
2599
2599
2598
2597
2596
2594
2594
2594
2593
2593
2589
2589
2589
2588
2588
2587
2587
2587
2584
2583
2583
2581
2579
2579
2577
2576
2576
2576
2575
2575
2575
2574
2574
2572
2570
2569
2569
2568
2568
2567
2565
2565
2564
2563
2563
2560
2560
2558
2558
2558
2558
2558
2557
2555
2555
2555
2555
2554
2554
2553
2551
2551
2551
2549
2549
2548
2548
2547
2546
2546
2545
2545
2543
2543
2542
2542
2542
2540
2535
2533
2532
2532
2532
2530
2529
2528
2527
2527
2527
2526
2526
2523
2522
2521
2519
2518
2518
2517
2513
2511
2510
2510
2506
2505
2503
2500
2499
2499
2499
2499
2497
2496
2496
2496
2495
2492
2492
2492
2490
2489
2489
2489
2488
2487
2486
2483
2483
2480
2479
2477
2476
2475
2471
2471
2470
2470
2469
2469
2468
2467
2467
2467
2466
2465
2464
2464
2464
2463
2462
2462
2460
2460
2459
2459
2459
2458
2458
2458
2457
2456
2451
2443
2443
2443
2443
2442
2441
2440
2439
2437
2437
2434
2432
2432
2432
2429
2427
2426
2426
2425
2425
2425
2424
2423
2422
2422
2421
2421
2421
2420
2420
2419
2419
2418
2414
2414
2411
2409
2409
2403
2401
2400
2400
2398
2397
2397
2395
2394
2392
2391
2390
2388
2386
2386
2386
2386
2386
2385
2383
2380
2379
2378
2377
2377
2373
2372
2369
2368
2367
2366
2366
2364
2364
2363
2363
2363
2363
2362
2359
2358
2356
2355
2354
2353
2351
2351
2349
2346
2346
2342
2340
2340
2340
2337
2337
2336
2335
2332
2331
2331
2329
2327
2326
2325
2325
2325
2325
2322
2322
2320
2320
2317
2317
2316
2316
2315
2315
2315
2313
2313
2312
2312
2312
2311
2309
2309
2309
2308
2307
2303
2302
2302
2302
2301
2301
2301
2300
2299
2296
2296
2294
2292
2290
2290
2290
2289
2289
2287
2284
2278
2277
2277
2275
2274
2273
2273
2272
2271
2271
2270
2268
2267
2266
2266
2266
2266
2266
2263
2263
2259
2258
2255
2254
2254
2253
2252
2252
2251
2250
2246
2245
2244
2241
2240
2240
2240
2240
2239
2236
2235
2234
2231
2231
2231
2229
2226
2223
2221
2218
2217
2216
2216
2214
2213
2213
2212
2211
2210
2207
2206
2205
2205
2204
2204
2202
2202
2202
2201
2201
2201
2200
2200
2194
2191
2190
2188
2187
2181
2180
2180
2180
2178
2177
2176
2176
2173
2172
2171
2171
2169
2168
2168
2167
2166
2165
2163
2162
2161
2161
2160
2160
2160
2160
2159
2158
2156
2156
2153
2152
2152
2152
2151
2150
2150
2150
2146
2146
2144
2144
2142
2141
2141
2131
2128
2128
2127
2127
2127
2126
2126
2125
2125
2124
2120
2115
2111
2111
2107
2106
2106
2103
2103
2103
2102
2101
2101
2101
2100
2098
2097
2097
2096
2095
2095
2094
2093
2092
2091
2087
2087
2087
2087
2086
2084
2084
2084
2081
2081
2081
2078
2078
2078
2076
2076
2071
2071
2071
2069
2068
2068
2067
2066
2066
2065
2065
2062
2060
2060
2058
2058
2057
2057
2056
2056
2056
2054
2054
2052
2052
2052
2051
2050
2049
2048
2046
2046
2045
2044
2040
2039
2039
2038
2037
2037
2036
2034
2034
2034
2029
2029
2026
2021
2021
2021
2020
2020
2019
2018
2012
2009
2007
2006
2006
2006
2004
2003
2002
2001
2001
2001
2000
2000
1999
1999
1998
1997
1996
1995
1994
1993
1991
1990
1989
1989
1987
1986
1985
1984
1984
1983
1983
1983
1982
1981
1981
1980
1980
1980
1980
1979
1979
1978
1978
1977
1973
1972
1970
1969
1969
1969
1967
1967
1966
1961
1961
1960
1960
1960
1959
1959
1958
1957
1957
1956
1952
1952
1951
1950
1949
1948
1948
1948
1947
1947
1946
1945
1944
1944
1944
1943
1943
1943
1941
1940
1937
1936
1935
1933
1932
1931
1929
1926
1925
1925
1923
1923
1921
1921
1919
1919
1916
1915
1914
1914
1914
1910
1908
1908
1906
1906
1905
1905
1904
1903
1898
1897
1897
1896
1895
1894
1893
1893
1892
1891
1886
1885
1883
1883
1882
1882
1881
1881
1880
1879
1879
1877
1877
1875
1874
1873
1871
1869
1867
1866
1866
1856
1853
1853
1852
1851
1851
1850
1850
1850
1850
1848
1848
1848
1846
1846
1846
1843
1842
1842
1841
1838
1838
1837
1836
1835
1835
1834
1834
1833
1833
1831
1831
1829
1828
1826
1826
1824
1820
1820
1820
1817
1815
1815
1814
1814
1814
1814
1813
1812
1810
1808
1808
1806
1806
1805
1805
1805
1802
1802
1801
1801
1800
1798
1796
1795
1793
1792
1790
1790
1789
1786
1786
1785
1784
1782
1780
1779
1778
1776
1774
1773
1773
1773
1768
1767
1767
1766
1766
1766
1766
1765
1764
1763
1760
1758
1758
1757
1757
1757
1756
1756
1755
1755
1755
1753
1751
1750
1750
1749
1749
1748
1748
1747
1747
1746
1745
1745
1745
1743
1743
1741
1739
1738
1737
1736
1736
1733
1730
1729
1728
1728
1728
1726
1726
1724
1723
1723
1722
1721
1719
1718
1717
1717
1716
1716
1716
1716
1713
1713
1712
1710
1709
1709
1709
1708
1707
1705
1705
1702
1701
1699
1697
1696
1696
1696
1696
1695
1694
1694
1694
1692
1691
1689
1689
1687
1687
1686
1685
1683
1679
1679
1678
1677
1677
1676
1676
1674
1673
1672
1672
1667
1667
1664
1663
1661
1658
1657
1657
1654
1653
1652
1652
1647
1645
1644
1644
1644
1643
1642
1641
1641
1641
1639
1639
1638
1638
1637
1637
1636
1634
1634
1634
1632
1632
1631
1629
1629
1627
1626
1625
1623
1621
1619
1618
1618
1618
1617
1617
1616
1616
1616
1615
1614
1614
1612
1611
1610
1609
1609
1606
1605
1604
1602
1599
1599
1597
1597
1597
1596
1596
1595
1594
1592
1592
1592
1590
1589
1587
1586
1585
1584
1582
1579
1577
1576
1575
1575
1574
1572
1572
1569
1568
1567
1565
1562
1561
1561
1561
1560
1560
1559
1553
1552
1551
1549
1548
1546
1544
1544
1544
1540
1538
1537
1536
1535
1534
1533
1533
1532
1531
1531
1530
1529
1529
1528
1527
1525
1519
1519
1518
1517
1510
1510
1509
1509
1507
1506
1505
1504
1504
1504
1503
1501
1501
1501
1500
1498
1497
1496
1495
1494
1494
1493
1493
1492
1491
1491
1491
1489
1488
1488
1488
1487
1487
1487
1487
1487
1486
1486
1485
1484
1484
1483
1482
1482
1480
1478
1477
1476
1475
1474
1474
1474
1474
1472
1472
1469
1468
1467
1467
1466
1463
1463
1463
1460
1459
1458
1458
1457
1453
1451
1451
1449
1448
1447
1447
1447
1447
1447
1446
1446
1444
1443
1443
1443
1442
1442
1440
1440
1440
1439
1438
1437
1436
1433
1433
1432
1431
1428
1425
1424
1424
1424
1423
1421
1420
1419
1417
1417
1416
1415
1414
1413
1412
1412
1411
1410
1406
1405
1403
1400
1399
1399
1398
1393
1393
1392
1391
1390
1390
1385
1385
1383
1383
1383
1380
1378
1376
1375
1374
1374
1373
1372
1371
1370
1367
1366
1365
1365
1364
1363
1361
1360
1360
1359
1357
1356
1354
1352
1352
1350
1349
1348
1348
1347
1343
1342
1338
1338
1336
1336
1335
1334
1333
1332
1332
1330
1329
1328
1327
1326
1325
1324
1324
1323
1323
1322
1321
1321
1319
1318
1317
1317
1316
1316
1315
1314
1313
1313
1313
1313
1312
1312
1312
1311
1310
1310
1309
1307
1307
1306
1304
1304
1303
1303
1302
1300
1298
1298
1298
1294
1289
1289
1288
1287
1286
1286
1286
1286
1285
1284
1283
1283
1282
1282
1282
1282
1282
1280
1279
1276
1275
1275
1275
1275
1273
1272
1272
1270
1269
1268
1268
1267
1267
1266
1265
1264
1262
1260
1260
1259
1256
1254
1253
1252
1247
1247
1246
1245
1244
1243
1243
1242
1241
1241
1240
1240
1239
1236
1235
1233
1232
1232
1231
1229
1228
1227
1225
1225
1223
1222
1221
1221
1220
1219
1219
1218
1217
1215
1215
1215
1212
1212
1212
1211
1211
1206
1206
1205
1204
1204
1203
1202
1201
1201
1200
1199
1197
1195
1195
1194
1193
1193
1193
1190
1190
1189
1188
1187
1186
1186
1185
1185
1185
1183
1182
1180
1180
1179
1179
1178
1178
1177
1177
1176
1176
1174
1174
1172
1172
1172
1170
1168
1167
1166
1165
1165
1163
1163
1162
1161
1160
1160
1160
1160
1157
1156
1156
1156
1156
1156
1155
1154
1152
1150
1150
1149
1149
1149
1148
1145
1145
1145
1144
1143
1141
1140
1139
1136
1133
1131
1131
1130
1130
1130
1129
1128
1127
1127
1127
1125
1125
1124
1123
1123
1123
1123
1122
1121
1121
1119
1117
1116
1116
1113
1110
1110
1109
1109
1108
1108
1107
1107
1106
1105
1104
1102
1102
1101
1101
1099
1099
1098
1097
1095
1093
1093
1089
1088
1088
1087
1087
1086
1086
1085
1084
1081
1081
1081
1080
1079
1079
1079
1078
1078
1073
1072
1070
1069
1069
1068
1067
1064
1064
1064
1064
1063
1062
1061
1061
1060
1059
1058
1058
1058
1057
1056
1054
1054
1053
1052
1050
1048
1047
1046
1046
1044
1043
1042
1041
1040
1039
1039
1037
1037
1035
1035
1035
1034
1034
1033
1031
1031
1031
1031
1029
1029
1028
1028
1026
1026
1025
1024
1024
1024
1024
1022
1022
1022
1021
1020
1018
1017
1016
1016
1015
1014
1009
1008
1008
1006
1005
999
998
998
998
998
995
992
992
991
991
991
990
990
985
984
984
983
983
982
982
981
981
981
981
980
980
980
977
977
976
976
976
974
974
974
973
972
971
971
969
969
969
969
968
967
967
966
965
964
962
961
960
959
956
956
956
955
955
954
954
954
952
950
947
947
947
946
945
945
944
943
940
938
938
937
937
937
936
936
934
933
933
931
928
927
927
926
926
925
924
923
922
922
920
920
918
915
915
914
912
911
910
910
908
908
906
906
903
901
901
899
897
896
894
891
889
888
887
886
886
885
883
883
883
881
880
879
879
879
876
876
874
873
872
872
871
871
871
871
871
871
871
870
869
866
866
866
866
863
862
861
860
860
859
858
857
856
855
855
854
849
848
846
846
846
845
845
844
844
844
841
840
840
839
839
835
834
833
833
833
832
832
831
831
830
829
826
826
825
823
823
822
822
821
821
819
818
816
815
815
813
813
812
812
812
812
811
810
810
809
808
807
806
806
805
804
804
803
803
802
800
800
800
799
798
794
792
792
792
791
790
789
787
786
781
778
778
777
777
776
776
775
774
773
773
773
772
770
766
766
765
765
765
765
764
763
762
761
758
754
754
754
754
753
753
753
753
752
752
752
751
751
749
749
749
748
747
746
745
745
745
742
742
740
739
738
736
734
733
733
732
731
729
729
728
728
727
724
724
721
720
720
719
718
716
715
714
713
713
712
711
708
708
707
705
704
704
703
702
698
698
697
697
696
696
696
692
690
690
688
688
687
687
684
683
682
681
681
681
680
680
678
676
674
673
673
673
672
670
669
669
668
668
662
662
662
661
659
657
656
656
655
654
653
652
650
648
648
648
646
643
642
641
639
638
636
636
636
632
632
631
631
630
629
628
626
625
625
624
623
623
620
620
619
617
617
617
616
616
615
615
613
613
612
612
610
609
608
607
607
605
604
603
602
601
601
599
595
595
595
594
593
593
593
593
592
591
590
590
589
588
588
587
586
586
586
585
585
585
584
583
581
580
580
579
578
576
575
575
573
573
571
570
569
569
567
565
565
565
564
564
562
562
561
561
560
560
558
557
552
551
550
549
549
547
546
546
544
544
543
543
542
542
539
539
538
537
537
535
530
529
529
528
528
528
527
527
527
526
524
524
523
522
521
521
519
519
518
518
517
516
515
515
512
511
509
508
505
502
500
500
500
499
498
498
494
494
492
491
491
489
488
487
487
483
482
482
482
481
481
480
480
480
479
478
478
476
476
474
470
470
469
468
463
461
461
461
461
460
460
459
458
458
457
455
455
452
451
450
448
448
447
446
445
445
445
440
439
438
437
435
435
434
433
432
432
432
432
431
431
430
429
429
428
428
428
427
424
423
423
423
423
422
421
421
421
420
416
415
413
413
413
412
412
411
411
410
410
407
407
407
406
405
405
403
402
402
401
401
401
401
400
400
400
399
397
396
395
394
392
392
391
390
389
389
388
388
386
384
380
380
378
378
377
377
377
372
372
370
369
369
368
367
366
366
365
364
363
362
360
359
358
358
358
358
357
357
355
355
355
355
355
355
354
351
348
348
347
346
346
346
345
344
341
341
338
335
331
330
330
330
328
328
327
325
325
322
320
319
318
317
316
315
314
313
312
311
310
309
309
308
308
307
307
306
303
303
302
301
298
298
298
296
296
296
295
295
295
294
293
291
288
287
287
285
285
284
284
282
282
281
280
279
278
276
276
276
276
275
274
273
272
272
271
271
269
269
268
267
267
264
264
263
261
260
260
259
259
259
258
258
258
256
256
256
255
255
254
252
251
250
249
245
245
242
240
237
237
234
232
232
230
227
227
226
223
221
218
217
216
215
210
210
205
202
200
197
196
196
196
194
194
194
193
193
192
192
192
191
191
184
183
182
181
179
178
178
178
176
175
175
175
174
174
174
173
173
173
173
173
172
171
170
168
168
167
166
166
165
164
164
164
163
163
161
161
160
160
157
157
154
154
154
153
153
153
150
150
149
149
147
147
145
143
142
142
142
139
139
139
138
137
137
137
136
134
133
133
130
129
129
129
126
126
124
124
123
123
121
121
121
119
118
118
114
114
113
113
112
111
109
107
107
105
103
103
102
102
97
96
95
94
92
90
90
88
88
85
85
85
84
83
83
83
83
83
82
80
80
75
75
73
72
70
69
68
68
68
68
67
66
66
66
64
63
62
60
57
56
56
55
51
51
49
47
47
46
46
45
45
43
43
41
41
39
38
37
37
37
34
34
34
33
33
33
32
30
29
29
29
29
26
24
23
20
19
19
19
17
15
14
14
9
8
8
7
6
6
6
3
2
2
1
0
0
0
