9999
9998
9998
9996
9995
9994
9994
9994
9993
9993
9990
9988
9987
9986
9985
9984
9984
9982
9982
9981
9979
9978
9978
9974
9972
9971
9971
9970
9969
9968
9967
9967
9966
9965
9964
9964
9963
9963
9963
9961
9959
9959
9958
9957
9957
9955
9954
9954
9954
9953
9952
9952
9951
9951
9951
9949
9948
9946
9944
9942
9942
9941
9941
9940
9937
9937
9934
9931
9930
9928
9927
9926
9925
9925
9923
9921
9920
9920
9919
9919
9917
9916
9916
9915
9914
9913
9911
9910
9909
9908
9906
9905
9904
9902
9902
9901
9900
9899
9899
9898
9896
9896
9896
9895
9895
9894
9894
9894
9894
9894
9894
9891
9890
9890
9890
9887
9887
9885
9885
9885
9883
9882
9881
9879
9879
9878
9877
9876
9876
9876
9875
9874
9874
9874
9873
9873
9873
9870
9870
9869
9869
9867
9866
9865
9865
9864
9863
9862
9862
9861
9860
9860
9860
9859
9857
9857
9856
9856
9854
9854
9853
9850
9848
9847
9846
9844
9843
9841
9841
9840
9839
9839
9839
9838
9838
9837
9836
9835
9834
9833
9832
9830
9830
9829
9829
9828
9828
9827
9827
9825
9824
9822
9821
9821
9820
9820
9819
9816
9816
9814
9814
9814
9812
9812
9811
9809
9809
9808
9804
9804
9803
9803
9803
9799
9797
9796
9796
9793
9793
9791
9791
9789
9787
9787
9786
9785
9785
9785
9781
9781
9779
9778
9775
9775
9773
9771
9768
9768
9768
9766
9765
9764
9760
9759
9758
9758
9758
9757
9757
9756
9754
9754
9754
9753
9752
9752
9750
9749
9749
9747
9743
9743
9742
9741
9738
9738
9737
9736
9735
9734
9734
9734
9733
9730
9730
9728
9728
9727
9727
9726
9725
9725
9723
9722
9719
9719
9719
9716
9715
9713
9713
9713
9712
9711
9711
9711
9708
9707
9704
9704
9703
9703
9702
9701
9700
9699
9696
9696
9695
9694
9694
9693
9692
9692
9691
9691
9690
9689
9689
9689
9687
9687
9685
9685
9685
9684
9684
9683
9681
9680
9678
9678
9677
9673
9671
9668
9666
9664
9661
9660
9657
9657
9656
9656
9656
9654
9653
9651
9651
9650
9649
9649
9649
9648
9647
9647
9645
9645
9645
9643
9640
9640
9639
9637
9636
9636
9636
9636
9635
9634
9632
9631
9630
9629
9629
9628
9628
9628
9627
9626
9624
9623
9622
9622
9621
9621
9620
9619
9618
9617
9615
9615
9615
9614
9613
9613
9613
9611
9609
9608
9606
9606
9606
9604
9604
9603
9603
9602
9598
9598
9597
9597
9596
9596
9594
9591
9591
9590
9590
9589
9588
9588
9587
9587
9587
9587
9587
9585
9585
9581
9580
9580
9579
9579
9579
9578
9577
9572
9572
9571
9570
9570
9570
9569
9568
9567
9566
9564
9564
9564
9563
9563
9562
9561
9559
9559
9559
9558
9558
9557
9557
9556
9555
9554
9553
9553
9553
9553
9552
9552
9551
9550
9550
9549
9548
9546
9546
9545
9545
9543
9543
9540
9539
9538
9538
9537
9537
9537
9536
9534
9534
9534
9532
9532
9530
9529
9526
9523
9522
9522
9521
9519
9519
9518
9517
9516
9515
9513
9513
9512
9512
9509
9508
9505
9502
9502
9502
9499
9499
9499
9498
9497
9495
9494
9493
9493
9492
9492
9491
9489
9489
9488
9486
9486
9483
9483
9483
9482
9478
9478
9478
9477
9476
9476
9475
9474
9473
9472
9471
9469
9469
9468
9468
9466
9464
9464
9464
9463
9463
9462
9458
9458
9457
9456
9455
9454
9454
9453
9451
9451
9451
9450
9450
9447
9443
9443
9442
9440
9439
9438
9438
9438
9437
9436
9436
9434
9433
9432
9430
9429
9428
9426
9426
9424
9423
9421
9419
9414
9414
9414
9413
9413
9410
9409
9409
9404
9403
9402
9402
9402
9401
9400
9400
9399
9397
9397
9394
9393
9392
9392
9391
9390
9389
9387
9386
9385
9385
9384
9384
9382
9382
9381
9380
9380
9378
9377
9375
9375
9374
9374
9373
9371
9369
9369
9368
9365
9363
9363
9361
9361
9359
9353
9352
9350
9349
9346
9345
9344
9343
9342
9341
9340
9337
9335
9334
9329
9329
9329
9329
9328
9328
9327
9327
9324
9324
9322
9317
9317
9317
9316
9315
9314
9314
9314
9314
9311
9311
9310
9310
9310
9307
9307
9307
9306
9306
9303
9303
9302
9301
9301
9299
9298
9294
9293
9293
9292
9291
9291
9290
9290
9289
9289
9288
9285
9282
9282
9282
9280
9278
9277
9276
9276
9274
9273
9273
9272
9271
9271
9270
9270
9268
9267
9266
9266
9264
9262
9261
9260
9259
9257
9257
9257
9256
9255
9255
9254
9254
9254
9253
9252
9252
9250
9249
9247
9246
9244
9243
9243
9243
9243
9242
9240
9239
9239
9239
9238
9238
9237
9237
9234
9232
9230
9229
9229
9228
9228
9228
9226
9225
9223
9220
9220
9219
9217
9217
9216
9216
9215
9214
9213
9213
9213
9212
9211
9210
9210
9210
9209
9208
9207
9206
9204
9204
9204
9203
9201
9201
9194
9192
9191
9191
9189
9188
9187
9187
9186
9185
9185
9185
9184
9184
9184
9184
9181
9179
9179
9177
9174
9172
9172
9171
9171
9169
9168
9168
9168
9168
9167
9165
9164
9164
9160
9157
9156
9155
9151
9149
9149
9149
9149
9148
9146
9145
9145
9145
9144
9143
9143
9140
9139
9139
9139
9137
9136
9136
9135
9133
9133
9133
9132
9131
9131
9131
9131
9129
9126
9124
9124
9122
9122
9121
9120
9119
9117
9115
9114
9114
9114
9113
9111
9111
9109
9109
9106
9104
9104
9103
9103
9102
9101
9101
9099
9099
9098
9096
9096
9096
9096
9094
9094
9093
9093
9091
9090
9090
9089
9088
9087
9087
9086
9085
9085
9084
9082
9079
9078
9077
9076
9075
9074
9073
9073
9072
9072
9071
9071
9071
9069
9067
9067
9066
9065
9065
9064
9064
9064
9064
9063
9062
9059
9058
9055
9054
9053
9052
9052
9052
9051
9051
9050
9049
9047
9047
9046
9046
9045
9045
9044
9043
9043
9039
9038
9037
9037
9037
9035
9032
9031
9030
9029
9028
9027
9027
9027
9025
9024
9021
9021
9020
9020
9019
9018
9018
9017
9017
9017
9017
9016
9015
9015
9015
9014
9014
9013
9012
9012
9010
9010
9010
9009
9008
9008
9008
9008
9007
9004
9003
9003
9000
8996
8993
8991
8991
8990
8990
8990
8989
8987
8987
8986
8985
8983
8982
8982
8981
8980
8980
8980
8978
8978
8977
8977
8977
8976
8976
8975
8974
8974
8974
8973
8972
8972
8972
8972
8971
8968
8967
8965
8964
8964
8963
8961
8961
8961
8960
8959
8958
8958
8958
8957
8957
8952
8952
8951
8950
8948
8946
8945
8945
8943
8941
8941
8940
8940
8940
8939
8939
8937
8937
8935
8935
8932
8930
8930
8930
8928
8927
8926
8923
8921
8920
8920
8920
8918
8918
8917
8917
8917
8917
8916
8916
8915
8914
8912
8912
8912
8911
8911
8911
8910
8910
8909
8908
8908
8907
8907
8907
8906
8905
8905
8902
8902
8899
8897
8896
8896
8896
8895
8894
8894
8893
8893
8893
8892
8888
8888
8887
8887
8887
8886
8886
8885
8884
8883
8882
8882
8881
8881
8878
8877
8876
8875
8875
8874
8874
8873
8872
8871
8870
8869
8869
8867
8867
8865
8865
8862
8861
8859
8859
8858
8857
8857
8855
8851
8851
8850
8847
8847
8846
8844
8843
8841
8841
8840
8838
8837
8836
8835
8834
8833
8832
8832
8832
8830
8830
8829
8827
8827
8825
8825
8825
8825
8824
8824
8823
8822
8822
8822
8821
8819
8818
8818
8818
8817
8815
8813
8812
8810
8810
8810
8807
8807
8806
8805
8803
8803
8803
8800
8799
8795
8795
8794
8794
8794
8792
8789
8788
8787
8787
8786
8783
8782
8782
8780
8778
8778
8777
8777
8776
8774
8773
8773
8772
8772
8770
8769
8768
8767
8767
8765
8765
8765
8765
8764
8764
8763
8761
8760
8760
8756
8755
8755
8754
8753
8751
8749
8749
8748
8748
8747
8746
8745
8745
8745
8744
8737
8736
8734
8732
8732
8732
8731
8731
8731
8730
8730
8729
8728
8725
8725
8723
8723
8722
8720
8719
8718
8718
8717
8716
8716
8715
8714
8714
8714
8713
8711
8710
8709
8709
8708
8708
8707
8706
8706
8705
8700
8700
8699
8698
8697
8696
8695
8693
8692
8688
8686
8686
8684
8684
8683
8680
8680
8679
8678
8677
8677
8677
8673
8673
8673
8672
8671
8670
8669
8668
8668
8668
8667
8664
8663
8663
8663
8662
8661
8661
8661
8660
8660
8659
8659
8657
8656
8656
8654
8654
8653
8652
8651
8648
8648
8646
8646
8645
8644
8644
8640
8638
8636
8635
8635
8632
8630
8629
8629
8627
8627
8625
8623
8621
8621
8620
8620
8619
8616
8613
8613
8613
8612
8610
8610
8609
8609
8608
8607
8606
8606
8606
8605
8604
8601
8601
8601
8600
8600
8597
8597
8596
8595
8594
8594
8593
8592
8590
8590
8589
8588
8587
8586
8586
8585
8585
8583
8583
8581
8581
8581
8580
8579
8579
8578
8577
8577
8574
8574
8573
8573
8573
8572
8572
8570
8568
8567
8567
8566
8565
8564
8559
8558
8558
8557
8557
8556
8555
8553
8552
8551
8550
8550
8550
8550
8549
8549
8548
8548
8548
8547
8546
8544
8542
8541
8539
8538
8536
8536
8536
8535
8533
8532
8532
8531
8530
8529
8529
8529
8527
8527
8525
8525
8524
8524
8521
8520
8520
8520
8517
8517
8516
8516
8514
8513
8512
8510
8507
8505
8504
8504
8504
8504
8503
8501
8500
8498
8497
8496
8495
8494
8492
8489
8489
8488
8487
8487
8486
8486
8484
8483
8483
8482
8481
8480
8480
8479
8478
8478
8477
8477
8476
8476
8475
8475
8475
8474
8473
8473
8471
8471
8471
8471
8470
8469
8468
8468
8467
8467
8465
8465
8464
8462
8460
8460
8460
8459
8459
8459
8456
8455
8453
8450
8450
8450
8449
8449
8448
8446
8445
8444
8444
8442
8442
8441
8440
8439
8439
8437
8435
8435
8434
8431
8431
8431
8430
8430
8427
8425
8425
8421
8420
8419
8419
8417
8416
8415
8415
8412
8410
8410
8410
8410
8408
8408
8408
8407
8407
8407
8404
8404
8403
8402
8401
8400
8399
8398
8397
8396
8395
8395
8392
8390
8390
8389
8387
8387
8387
8386
8386
8385
8385
8384
8383
8382
8381
8381
8381
8380
8378
8378
8378
8376
8375
8375
8375
8374
8373
8373
8371
8369
8366
8366
8364
8363
8363
8362
8361
8360
8360
8359
8359
8358
8357
8356
8356
8355
8354
8352
8351
8348
8348
8346
8346
8344
8343
8342
8342
8341
8340
8340
8340
8338
8338
8336
8336
8335
8335
8334
8333
8330
8330
8330
8330
8328
8328
8327
8326
8325
8322
8321
8319
8318
8317
8314
8313
8309
8308
8308
8307
8307
8304
8303
8303
8303
8303
8301
8300
8299
8299
8298
8296
8296
8294
8294
8292
8292
8289
8287
8286
8286
8283
8281
8280
8278
8278
8277
8276
8275
8275
8274
8273
8271
8271
8271
8267
8265
8265
8264
8262
8262
8261
8259
8259
8256
8256
8256
8256
8254
8254
8253
8251
8251
8249
8249
8248
8248
8246
8246
8244
8244
8243
8242
8238
8238
8237
8236
8236
8235
8235
8234
8234
8232
8232
8231
8231
8230
8230
8229
8228
8228
8226
8226
8226
8225
8225
8223
8223
8222
8221
8217
8216
8216
8215
8214
8213
8213
8212
8211
8206
8205
8203
8203
8203
8203
8202
8202
8201
8200
8199
8198
8198
8197
8197
8196
8192
8190
8189
8188
8188
8181
8181
8179
8178
8176
8175
8175
8172
8172
8171
8171
8167
8166
8164
8163
8163
8163
8161
8160
8160
8159
8159
8158
8157
8155
8154
8154
8154
8153
8152
8149
8148
8148
8147
8146
8144
8143
8142
8142
8142
8141
8141
8140
8139
8138
8138
8137
8137
8136
8136
8135
8135
8135
8134
8134
8134
8134
8132
8132
8129
8128
8127
8126
8125
8125
8124
8124
8121
8120
8119
8119
8119
8118
8116
8115
8113
8113
8112
8111
8107
8107
8106
8105
8104
8102
8102
8101
8100
8100
8100
8099
8098
8095
8094
8092
8092
8092
8092
8090
8090
8090
8088
8085
8084
8079
8078
8077
8076
8076
8074
8073
8071
8070
8070
8069
8068
8068
8068
8066
8064
8061
8058
8057
8055
8049
8049
8049
8047
8046
8045
8043
8042
8041
8041
8041
8041
8041
8041
8040
8039
8039
8038
8037
8037
8036
8036
8036
8035
8034
8033
8033
8032
8027
8025
8024
8023
8018
8014
8014
8014
8014
8013
8012
8010
8008
8008
8005
8005
8004
8004
8003
8003
8001
7999
7999
7998
7996
7994
7993
7993
7992
7990
7989
7989
7989
7988
7987
7986
7985
7985
7984
7984
7983
7981
7981
7981
7980
7979
7978
7977
7976
7975
7974
7974
7972
7972
7971
7971
7969
7967
7967
7966
7965
7963
7963
7962
7960
7960
7960
7959
7959
7958
7957
7956
7955
7952
7952
7952
7951
7951
7950
7948
7948
7947
7946
7944
7943
7942
7942
7941
7941
7940
7939
7939
7939
7935
7935
7935
7934
7933
7932
7931
7931
7930
7928
7927
7927
7927
7927
7927
7925
7924
7920
7918
7918
7918
7917
7915
7914
7910
7909
7909
7908
7908
7908
7908
7907
7907
7907
7907
7907
7907
7905
7905
7903
7903
7903
7902
7901
7900
7899
7899
7899
7896
7892
7891
7891
7888
7886
7886
7885
7884
7883
7882
7881
7880
7879
7879
7877
7877
7877
7876
7876
7871
7870
7870
7869
7869
7868
7867
7867
7867
7866
7865
7864
7864
7863
7863
7863
7862
7862
7861
7861
7859
7858
7858
7857
7857
7856
7856
7854
7854
7851
7850
7850
7847
7847
7845
7845
7845
7843
7843
7841
7841
7841
7840
7837
7837
7837
7836
7836
7835
7834
7834
7834
7834
7832
7832
7830
7829
7828
7826
7825
7824
7824
7824
7822
7821
7816
7816
7816
7814
7814
7814
7813
7813
7813
7812
7811
7810
7809
7809
7808
7807
7807
7807
7807
7806
7806
7806
7806
7805
7804
7803
7801
7799
7799
7798
7797
7795
7795
7795
7795
7794
7793
7793
7792
7791
7791
7789
7789
7789
7785
7784
7783
7783
7782
7782
7781
7779
7779
7779
7779
7778
7775
7774
7774
7772
7771
7770
7769
7768
7768
7765
7764
7763
7763
7761
7760
7759
7757
7756
7756
7756
7755
7755
7754
7753
7752
7752
7750
7749
7748
7747
7747
7746
7746
7745
7743
7742
7741
7738
7737
7737
7735
7734
7734
7734
7733
7732
7732
7732
7730
7729
7729
7729
7728
7728
7726
7726
7726
7725
7724
7723
7723
7723
7723
7722
7722
7719
7719
7716
7715
7714
7710
7710
7710
7709
7709
7708
7706
7706
7704
7703
7702
7702
7699
7698
7696
7694
7692
7692
7691
7691
7688
7686
7685
7684
7684
7683
7682
7680
7679
7678
7678
7677
7672
7671
7671
7670
7669
7668
7668
7668
7667
7666
7666
7665
7664
7662
7660
7659
7659
7658
7657
7651
7644
7642
7642
7641
7639
7637
7633
7632
7631
7631
7630
7630
7630
7628
7627
7625
7623
7622
7622
7621
7620
7619
7617
7616
7616
7616
7616
7615
7613
7611
7609
7609
7609
7608
7608
7607
7606
7605
7604
7604
7599
7599
7599
7597
7596
7596
7595
7594
7593
7590
7590
7589
7588
7588
7584
7584
7583
7581
7581
7580
7578
7577
7575
7574
7573
7571
7570
7567
7567
7567
7567
7566
7565
7564
7564
7563
7562
7562
7557
7557
7557
7556
7555
7555
7555
7555
7554
7553
7553
7553
7553
7552
7549
7549
7548
7548
7546
7545
7544
7543
7543
7543
7542
7542
7541
7541
7541
7541
7540
7536
7536
7535
7535
7533
7532
7531
7529
7528
7527
7527
7525
7525
7522
7522
7522
7522
7518
7517
7517
7515
7515
7514
7513
7513
7513
7510
7510
7509
7509
7508
7507
7506
7506
7501
7501
7498
7498
7496
7495
7493
7492
7492
7491
7489
7487
7487
7486
7485
7485
7483
7481
7481
7480
7480
7480
7478
7476
7472
7472
7471
7468
7467
7466
7465
7462
7462
7460
7459
7458
7457
7457
7457
7456
7456
7456
7454
7454
7454
7453
7452
7451
7450
7449
7448
7447
7447
7447
7446
7445
7444
7443
7442
7441
7440
7440
7439
7435
7434
7433
7433
7431
7431
7430
7428
7428
7428
7426
7426
7425
7424
7424
7422
7422
7420
7419
7418
7418
7415
7415
7412
7412
7411
7410
7410
7410
7410
7410
7409
7409
7408
7408
7408
7407
7406
7405
7405
7403
7403
7402
7399
7398
7397
7396
7396
7396
7396
7395
7394
7393
7393
7393
7392
7392
7391
7391
7389
7389
7387
7387
7386
7384
7384
7380
7379
7378
7377
7375
7375
7372
7372
7371
7371
7371
7370
7368
7368
7368
7368
7368
7366
7366
7365
7365
7364
7362
7362
7362
7361
7361
7361
7358
7358
7358
7357
7356
7356
7355
7355
7355
7355
7354
7353
7353
7353
7351
7350
7349
7348
7348
7346
7345
7345
7344
7343
7342
7341
7341
7340
7339
7337
7336
7334
7333
7333
7330
7329
7329
7325
7324
7324
7323
7322
7321
7321
7319
7317
7314
7313
7313
7311
7309
7308
7307
7306
7306
7305
7303
7302
7301
7301
7300
7300
7299
7299
7299
7295
7291
7290
7288
7287
7287
7287
7286
7285
7282
7281
7280
7279
7278
7277
7277
7275
7275
7275
7275
7273
7272
7271
7270
7270
7270
7269
7269
7268
7267
7263
7263
7262
7261
7261
7261
7261
7260
7259
7258
7258
7258
7256
7256
7256
7255
7252
7251
7251
7250
7250
7248
7247
7247
7245
7245
7242
7242
7241
7241
7240
7236
7236
7236
7235
7233
7231
7230
7228
7228
7226
7226
7226
7225
7224
7223
7223
7223
7221
7220
7218
7217
7216
7215
7214
7212
7212
7212
7211
7209
7209
7208
7208
7206
7205
7199
7197
7196
7195
7193
7193
7192
7191
7191
7191
7191
7189
7188
7187
7187
7186
7183
7181
7181
7180
7180
7179
7178
7178
7176
7176
7174
7173
7172
7171
7170
7168
7168
7168
7167
7166
7165
7162
7161
7159
7159
7156
7156
7155
7155
7154
7152
7152
7151
7151
7151
7150
7150
7149
7149
7147
7143
7141
7140
7139
7137
7137
7137
7137
7136
7136
7135
7134
7132
7132
7130
7127
7126
7125
7125
7125
7124
7123
7123
7122
7120
7119
7118
7115
7112
7112
7111
7109
7109
7106
7105
7105
7104
7104
7104
7102
7102
7101
7100
7099
7098
7098
7097
7095
7094
7094
7092
7092
7091
7091
7091
7090
7088
7087
7087
7086
7085
7085
7084
7083
7082
7080
7080
7078
7076
7075
7074
7074
7072
7071
7070
7070
7070
7069
7068
7063
7062
7062
7061
7061
7060
7060
7059
7057
7057
7057
7056
7056
7056
7055
7054
7052
7051
7050
7049
7047
7044
7044
7043
7042
7038
7038
7038
7037
7036
7036
7032
7030
7029
7028
7028
7025
7024
7023
7021
7020
7016
7016
7016
7015
7015
7015
7014
7013
7011
7011
7009
7009
7009
7007
7007
7006
7005
7005
7004
7001
7001
7001
7000
6998
6998
6997
6996
6996
6995
6994
6993
6992
6992
6992
6989
6989
6987
6985
6984
6983
6983
6982
6982
6981
6981
6980
6980
6979
6979
6975
6975
6974
6974
6972
6972
6971
6971
6970
6970
6967
6966
6965
6965
6965
6965
6964
6964
6963
6962
6961
6956
6956
6954
6952
6949
6949
6946
6945
6945
6944
6943
6943
6940
6940
6937
6935
6935
6933
6931
6929
6929
6928
6928
6928
6925
6922
6922
6921
6920
6919
6919
6918
6918
6918
6918
6916
6916
6915
6915
6915
6913
6912
6912
6912
6912
6911
6910
6908
6906
6905
6905
6904
6903
6902
6900
6897
6897
6897
6896
6894
6894
6892
6891
6889
6888
6887
6887
6887
6887
6886
6885
6884
6884
6883
6883
6882
6877
6875
6872
6872
6871
6870
6868
6866
6863
6862
6862
6862
6861
6860
6859
6858
6857
6850
6849
6847
6847
6847
6846
6846
6846
6845
6843
6841
6841
6841
6840
6839
6837
6836
6836
6836
6834
6834
6833
6833
6832
6832
6831
6831
6830
6827
6827
6826
6826
6825
6823
6822
6821
6821
6821
6820
6819
6816
6815
6815
6815
6814
6812
6809
6807
6806
6806
6804
6804
6800
6799
6798
6798
6798
6797
6796
6794
6794
6793
6793
6792
6792
6792
6792
6789
6787
6786
6786
6784
6783
6782
6781
6781
6781
6781
6778
6776
6775
6775
6774
6771
6771
6770
6770
6769
6768
6768
6768
6767
6766
6765
6762
6762
6762
6761
6761
6759
6758
6758
6757
6757
6756
6754
6751
6750
6750
6748
6746
6746
6744
6744
6743
6743
6743
6743
6741
6741
6741
6736
6736
6735
6734
6733
6733
6733
6733
6731
6730
6729
6729
6728
6727
6726
6726
6726
6726
6725
6725
6722
6721
6720
6720
6719
6718
6717
6716
6716
6715
6714
6713
6713
6713
6711
6710
6708
6708
6707
6706
6706
6702
6702
6702
6696
6694
6692
6692
6692
6692
6690
6690
6689
6687
6684
6683
6683
6682
6682
6682
6681
6680
6679
6677
6676
6674
6673
6673
6671
6671
6669
6668
6668
6667
6666
6665
6661
6661
6658
6657
6656
6656
6654
6654
6654
6653
6653
6653
6651
6651
6650
6650
6648
6646
6646
6646
6645
6644
6643
6643
6642
6642
6641
6640
6637
6636
6633
6633
6631
6629
6627
6627
6624
6623
6623
6620
6617
6617
6615
6613
6612
6611
6611
6611
6609
6609
6609
6608
6606
6602
6602
6601
6601
6598
6596
6595
6594
6592
6592
6592
6590
6588
6587
6586
6585
6583
6583
6583
6583
6582
6581
6581
6579
6577
6576
6575
6575
6574
6572
6572
6571
6569
6569
6567
6565
6564
6564
6563
6562
6562
6561
6561
6560
6560
6558
6557
6556
6554
6554
6553
6552
6552
6551
6551
6550
6546
6544
6544
6543
6539
6538
6537
6537
6537
6537
6537
6536
6535
6531
6530
6530
6529
6528
6528
6525
6522
6521
6521
6521
6521
6521
6521
6520
6519
6519
6517
6517
6516
6516
6515
6515
6513
6512
6509
6509
6508
6508
6507
6506
6504
6503
6503
6502
6502
6498
6497
6496
6494
6494
6493
6493
6492
6491
6490
6488
6485
6484
6484
6483
6482
6481
6481
6480
6479
6479
6478
6476
6476
6475
6473
6472
6470
6470
6470
6469
6466
6465
6465
6464
6462
6462
6462
6461
6461
6460
6459
6458
6457
6457
6457
6456
6456
6456
6455
6452
6452
6447
6447
6446
6445
6445
6443
6443
6441
6440
6440
6440
6440
6440
6439
6438
6436
6436
6435
6435
6434
6433
6433
6432
6429
6427
6426
6425
6423
6421
6421
6419
6419
6419
6417
6417
6416
6415
6415
6413
6413
6412
6411
6410
6410
6410
6409
6409
6409
6406
6406
6404
6404
6402
6402
6402
6401
6401
6399
6399
6398
6398
6397
6397
6397
6395
6395
6394
6394
6393
6393
6392
6392
6387
6386
6384
6382
6382
6381
6381
6379
6379
6378
6378
6377
6377
6376
6376
6374
6373
6372
6372
6371
6371
6370
6369
6366
6365
6365
6365
6364
6362
6362
6360
6359
6358
6356
6353
6351
6348
6347
6347
6345
6343
6343
6342
6341
6341
6340
6339
6338
6337
6337
6337
6335
6334
6334
6333
6333
6332
6330
6330
6329
6328
6328
6325
6324
6324
6323
6323
6322
6322
6320
6320
6318
6317
6316
6315
6315
6314
6314
6313
6311
6311
6310
6309
6309
6303
6303
6303
6303
6301
6301
6301
6300
6300
6299
6299
6298
6297
6293
6293
6293
6292
6292
6291
6290
6289
6288
6288
6287
6287
6286
6285
6283
6283
6283
6282
6282
6282
6282
6281
6281
6281
6277
6275
6274
6274
6273
6272
6272
6271
6269
6269
6269
6268
6267
6267
6264
6262
6261
6259
6257
6257
6256
6255
6254
6253
6252
6249
6249
6248
6247
6247
6246
6246
6244
6238
6238
6237
6236
6236
6235
6233
6233
6233
6233
6232
6231
6230
6229
6227
6226
6225
6221
6221
6221
6220
6220
6219
6219
6218
6217
6214
6212
6212
6212
6211
6211
6210
6209
6208
6205
6203
6202
6202
6201
6197
6197
6197
6196
6196
6195
6195
6193
6193
6191
6191
6190
6186
6186
6181
6180
6178
6178
6176
6176
6174
6173
6172
6172
6172
6172
6170
6169
6168
6166
6165
6161
6161
6160
6160
6160
6158
6157
6155
6155
6154
6153
6152
6152
6152
6151
6147
6146
6146
6145
6141
6140
6137
6136
6135
6133
6133
6132
6131
6130
6130
6128
6126
6125
6123
6122
6121
6118
6117
6117
6117
6116
6115
6115
6114
6114
6113
6112
6112
6112
6109
6107
6106
6106
6105
6102
6102
6099
6098
6098
6097
6096
6094
6092
6092
6091
6089
6086
6086
6084
6082
6081
6080
6078
6074
6071
6071
6070
6069
6068
6068
6067
6066
6066
6064
6064
6060
6056
6055
6054
6054
6053
6053
6051
6051
6051
6051
6050
6049
6049
6049
6049
6047
6047
6046
6045
6045
6045
6044
6044
6043
6041
6040
6038
6036
6036
6035
6033
6033
6030
6030
6030
6027
6026
6026
6026
6026
6023
6021
6018
6017
6015
6014
6013
6010
6010
6009
6008
6008
6007
6007
6005
6004
6002
6001
6000
5998
5997
5996
5994
5993
5992
5992
5989
5987
5986
5986
5985
5985
5985
5984
5983
5983
5983
5983
5982
5978
5978
5977
5977
5976
5976
5976
5976
5975
5974
5974
5974
5973
5969
5969
5969
5967
5967
5966
5963
5962
5962
5960
5960
5958
5957
5956
5956
5954
5953
5951
5951
5950
5948
5946
5945
5944
5944
5944
5944
5943
5943
5942
5941
5941
5941
5941
5940
5940
5938
5938
5936
5935
5934
5932
5932
5931
5931
5929
5929
5928
5926
5926
5926
5924
5924
5922
5921
5921
5920
5919
5919
5918
5918
5916
5916
5915
5913
5912
5912
5906
5906
5904
5902
5901
5900
5899
5897
5897
5895
5893
5893
5892
5892
5887
5887
5887
5886
5885
5884
5881
5881
5880
5880
5878
5877
5877
5877
5877
5877
5877
5877
5876
5874
5873
5873
5869
5868
5867
5867
5863
5862
5862
5860
5860
5858
5852
5849
5847
5847
5846
5845
5840
5836
5835
5834
5834
5833
5833
5832
5829
5828
5826
5825
5822
5822
5820
5820
5820
5819
5818
5818
5818
5814
5813
5812
5812
5811
5811
5811
5809
5808
5808
5808
5807
5805
5804
5804
5804
5803
5803
5803
5803
5801
5801
5800
5798
5798
5797
5797
5795
5795
5795
5794
5793
5793
5790
5789
5788
5788
5785
5785
5784
5784
5782
5781
5779
5779
5778
5772
5772
5772
5771
5770
5769
5769
5768
5765
5765
5764
5763
5763
5759
5759
5758
5756
5756
5756
5754
5754
5753
5752
5752
5751
5749
5748
5747
5747
5744
5743
5743
5742
5742
5740
5739
5735
5733
5733
5730
5729
5729
5727
5727
5726
5724
5723
5721
5721
5720
5720
5720
5719
5717
5716
5716
5715
5714
5714
5712
5711
5709
5709
5709
5708
5708
5707
5705
5705
5704
5703
5703
5702
5701
5701
5700
5700
5699
5698
5698
5697
5695
5695
5693
5692
5692
5691
5689
5687
5686
5686
5684
5684
5682
5680
5678
5678
5676
5674
5674
5672
5672
5672
5672
5670
5669
5669
5668
5668
5668
5667
5666
5666
5665
5664
5663
5663
5663
5662
5662
5662
5661
5661
5661
5661
5659
5658
5658
5656
5655
5651
5651
5650
5650
5650
5649
5647
5647
5647
5646
5645
5644
5644
5640
5640
5640
5639
5638
5637
5636
5636
5635
5635
5635
5634
5633
5633
5633
5631
5629
5629
5628
5628
5626
5625
5624
5624
5620
5620
5619
5619
5618
5618
5616
5615
5614
5614
5612
5612
5611
5610
5610
5609
5607
5607
5606
5604
5603
5602
5600
5595
5593
5593
5592
5591
5591
5588
5588
5587
5586
5586
5585
5585
5584
5582
5582
5579
5579
5579
5578
5577
5576
5575
5575
5573
5571
5570
5570
5569
5566
5564
5562
5560
5559
5559
5557
5556
5555
5555
5555
5554
5554
5554
5551
5550
5550
5549
5548
5548
5545
5545
5545
5544
5544
5543
5543
5543
5542
5542
5542
5542
5541
5540
5539
5538
5538
5536
5535
5534
5533
5531
5531
5530
5529
5528
5526
5524
5523
5523
5522
5522
5521
5519
5519
5519
5518
5518
5518
5513
5510
5505
5504
5502
5501
5499
5497
5496
5495
5494
5493
5492
5492
5490
5489
5488
5487
5487
5486
5486
5484
5480
5475
5475
5474
5473
5472
5471
5470
5470
5464
5463
5463
5462
5461
5460
5459
5458
5458
5457
5456
5455
5453
5453
5453
5449
5448
5446
5446
5445
5442
5440
5439
5437
5436
5435
5435
5435
5433
5433
5433
5431
5431
5428
5428
5428
5427
5425
5423
5423
5423
5421
5421
5420
5420
5418
5417
5416
5413
5411
5411
5411
5410
5410
5409
5407
5406
5405
5404
5404
5404
5404
5404
5403
5400
5400
5399
5398
5398
5397
5397
5396
5395
5395
5394
5393
5392
5391
5390
5390
5390
5388
5388
5387
5387
5386
5386
5384
5383
5383
5383
5377
5376
5376
5375
5373
5373
5372
5372
5371
5371
5371
5370
5368
5367
5367
5366
5361
5360
5359
5358
5358
5358
5357
5357
5357
5356
5356
5355
5354
5353
5350
5348
5348
5347
5346
5345
5344
5344
5343
5341
5340
5339
5337
5337
5336
5335
5334
5334
5332
5330
5330
5328
5327
5327
5324
5322
5320
5318
5318
5313
5311
5309
5308
5306
5306
5304
5300
5300
5300
5298
5297
5297
5295
5293
5292
5291
5290
5289
5288
5286
5285
5285
5284
5284
5284
5281
5280
5278
5278
5277
5277
5276
5275
5274
5273
5273
5273
5273
5272
5271
5271
5266
5266
5265
5264
5262
5261
5261
5261
5259
5254
5252
5250
5246
5246
5245
5245
5245
5244
5244
5243
5242
5242
5242
5241
5241
5239
5239
5239
5238
5238
5238
5238
5237
5237
5234
5234
5234
5232
5230
5228
5228
5228
5228
5227
5226
5226
5223
5223
5222
5220
5220
5220
5218
5218
5217
5217
5214
5213
5213
5212
5211
5211
5210
5208
5207
5207
5206
5206
5205
5204
5203
5203
5202
5202
5199
5197
5196
5196
5195
5195
5194
5193
5193
5188
5187
5184
5182
5179
5179
5178
5178
5177
5177
5176
5175
5175
5174
5173
5172
5171
5170
5170
5170
5169
5168
5167
5166
5166
5166
5165
5165
5164
5162
5162
5159
5159
5157
5157
5157
5154
5152
5152
5152
5152
5151
5151
5150
5149
5147
5145
5144
5143
5143
5143
5141
5139
5138
5138
5138
5135
5134
5133
5133
5132
5132
5131
5130
5129
5129
5128
5123
5123
5122
5122
5119
5119
5117
5117
5117
5116
5113
5110
5110
5109
5109
5108
5103
5103
5101
5100
5100
5099
5097
5097
5096
5095
5093
5093
5093
5090
5090
5089
5089
5088
5087
5087
5083
5083
5082
5079
5077
5076
5076
5075
5075
5074
5073
5073
5072
5071
5070
5069
5068
5064
5064
5064
5063
5062
5059
5056
5056
5056
5055
5053
5051
5049
5048
5046
5044
5044
5044
5043
5042
5041
5039
5038
5038
5037
5033
5032
5032
5031
5030
5029
5029
5028
5028
5027
5026
5025
5022
5022
5020
5020
5020
5019
5018
5017
5017
5016
5016
5015
5014
5013
5009
5008
5007
5007
5006
5006
5005
5005
5005
5005
5002
5002
5001
5001
5000
4998
4997
4997
4995
4995
4995
4994
4993
4993
4993
4992
4991
4991
4989
4988
4987
4986
4985
4983
4981
4980
4980
4978
4975
4974
4973
4973
4968
4967
4967
4967
4967
4964
4963
4963
4961
4960
4960
4959
4958
4956
4955
4953
4952
4950
4947
4946
4945
4944
4944
4943
4943
4941
4940
4939
4938
4938
4937
4937
4933
4931
4931
4931
4929
4926
4925
4925
4920
4919
4918
4918
4917
4916
4916
4915
4912
4912
4910
4909
4909
4909
4908
4907
4906
4906
4905
4901
4901
4899
4898
4897
4896
4895
4892
4892
4891
4890
4890
4888
4886
4886
4885
4882
4880
4880
4879
4877
4876
4876
4876
4875
4874
4874
4873
4873
4872
4870
4869
4869
4867
4866
4864
4864
4864
4863
4862
4861
4860
4859
4854
4853
4853
4853
4852
4852
4850
4850
4849
4849
4847
4847
4847
4846
4846
4846
4846
4846
4845
4844
4843
4843
4843
4840
4840
4837
4837
4833
4831
4827
4826
4826
4825
4825
4825
4824
4824
4819
4818
4817
4815
4815
4814
4813
4812
4810
4809
4808
4807
4807
4806
4804
4803
4802
4801
4799
4798
4798
4798
4794
4794
4793
4791
4786
4785
4781
4781
4781
4780
4779
4779
4778
4777
4773
4772
4772
4771
4769
4768
4765
4764
4764
4763
4761
4760
4760
4759
4759
4758
4755
4754
4753
4753
4753
4752
4752
4751
4750
4748
4748
4747
4746
4746
4746
4745
4745
4745
4744
4744
4744
4744
4742
4741
4740
4740
4740
4740
4738
4734
4732
4731
4728
4728
4727
4727
4723
4723
4722
4720
4719
4717
4717
4713
4711
4711
4710
4709
4709
4708
4696
4695
4693
4693
4691
4690
4689
4688
4688
4687
4686
4685
4684
4684
4682
4682
4679
4679
4678
4677
4677
4676
4676
4676
4675
4673
4673
4672
4671
4670
4670
4665
4664
4662
4661
4661
4659
4658
4657
4657
4655
4654
4653
4652
4651
4651
4649
4648
4647
4646
4645
4643
4642
4642
4640
4639
4639
4639
4638
4637
4636
4634
4634
4632
4632
4631
4629
4627
4627
4626
4625
4624
4620
4619
4617
4616
4614
4614
4613
4613
4612
4610
4608
4608
4605
4603
4602
4601
4599
4599
4597
4597
4596
4596
4596
4595
4594
4591
4588
4586
4586
4584
4584
4582
4581
4578
4576
4575
4575
4572
4571
4571
4569
4566
4564
4563
4562
4561
4561
4560
4559
4555
4555
4555
4554
4554
4553
4553
4551
4549
4547
4547
4547
4545
4544
4543
4543
4542
4540
4537
4536
4536
4534
4534
4533
4533
4533
4531
4529
4528
4527
4527
4526
4526
4524
4524
4523
4520
4520
4515
4514
4514
4513
4512
4512
4504
4504
4502
4500
4497
4497
4497
4496
4496
4496
4495
4495
4493
4493
4492
4492
4492
4492
4491
4491
4489
4488
4487
4487
4485
4483
4482
4481
4481
4481
4481
4481
4480
4479
4479
4475
4473
4472
4470
4470
4468
4468
4467
4466
4465
4464
4463
4463
4463
4463
4462
4461
4461
4461
4460
4460
4459
4458
4458
4457
4457
4457
4455
4454
4453
4450
4450
4449
4448
4447
4443
4440
4437
4437
4434
4432
4430
4430
4428
4427
4427
4426
4424
4423
4422
4422
4421
4420
4420
4419
4419
4415
4414
4414
4414
4413
4412
4412
4412
4410
4410
4410
4409
4407
4405
4404
4404
4404
4404
4404
4401
4399
4399
4397
4396
4395
4389
4388
4386
4386
4384
4379
4379
4375
4373
4373
4372
4370
4370
4369
4369
4369
4368
4368
4366
4365
4365
4364
4364
4364
4363
4361
4360
4358
4357
4357
4357
4357
4356
4356
4356
4356
4355
4355
4354
4354
4354
4353
4352
4352
4352
4350
4349
4348
4348
4348
4346
4345
4345
4344
4344
4341
4339
4338
4338
4334
4334
4333
4333
4332
4328
4327
4326
4325
4324
4321
4321
4318
4317
4317
4315
4315
4312
4312
4308
4308
4306
4306
4306
4305
4305
4304
4304
4303
4301
4301
4298
4297
4296
4296
4296
4295
4294
4294
4294
4294
4291
4290
4289
4288
4288
4287
4287
4285
4285
4281
4280
4280
4280
4279
4277
4277
4277
4276
4276
4275
4273
4273
4268
4267
4267
4266
4265
4264
4262
4262
4260
4259
4258
4257
4256
4255
4254
4254
4253
4253
4252
4252
4251
4250
4250
4247
4245
4245
4245
4245
4244
4244
4243
4242
4241
4240
4239
4239
4238
4238
4238
4238
4237
4236
4236
4232
4230
4230
4230
4228
4227
4226
4226
4224
4224
4224
4222
4222
4222
4221
4220
4219
4217
4213
4213
4213
4212
4211
4211
4211
4210
4210
4207
4206
4206
4205
4205
4205
4204
4204
4201
4200
4200
4199
4198
4197
4196
4196
4195
4193
4192
4191
4189
4189
4189
4187
4187
4185
4185
4185
4182
4182
4181
4180
4180
4179
4176
4175
4173
4173
4173
4173
4171
4169
4169
4169
4168
4167
4165
4164
4162
4160
4157
4157
4155
4153
4153
4153
4151
4151
4150
4149
4148
4147
4146
4145
4145
4145
4143
4142
4140
4139
4139
4139
4137
4137
4135
4135
4134
4133
4132
4131
4131
4130
4130
4129
4129
4128
4128
4127
4126
4122
4121
4121
4113
4112
4111
4109
4109
4108
4106
4103
4101
4100
4099
4097
4097
4097
4097
4096
4095
4095
4094
4094
4093
4093
4092
4092
4091
4090
4090
4089
4088
4088
4087
4086
4086
4086
4083
4083
4082
4082
4081
4080
4080
4078
4078
4075
4074
4073
4071
4070
4070
4069
4068
4067
4067
4064
4063
4062
4062
4061
4061
4059
4059
4059
4058
4058
4057
4057
4056
4055
4052
4052
4052
4051
4051
4050
4049
4048
4047
4046
4045
4041
4041
4040
4038
4038
4038
4038
4038
4037
4037
4037
4037
4036
4035
4035
4034
4034
4032
4031
4030
4030
4029
4026
4025
4024
4024
4023
4023
4022
4021
4017
4016
4015
4015
4015
4014
4014
4014
4012
4012
4011
4009
4008
4007
4007
4006
4006
4005
4005
4004
4002
4002
4001
4000
4000
3999
3996
3996
3996
3995
3994
3992
3992
3990
3990
3990
3989
3988
3987
3987
3987
3987
3986
3982
3981
3979
3977
3977
3977
3974
3973
3970
3969
3969
3968
3967
3967
3964
3964
3964
3963
3962
3960
3960
3956
3956
3955
3954
3953
3953
3952
3952
3952
3952
3950
3949
3945
3943
3942
3940
3940
3938
3938
3938
3937
3936
3934
3933
3933
3932
3932
3931
3929
3928
3927
3926
3925
3924
3923
3920
3919
3916
3915
3915
3914
3914
3913
3912
3910
3910
3908
3907
3904
3899
3899
3897
3896
3894
3894
3894
3891
3889
3888
3886
3885
3881
3881
3880
3877
3876
3876
3876
3875
3875
3873
3873
3872
3871
3871
3871
3868
3867
3866
3865
3864
3863
3862
3861
3860
3857
3856
3855
3853
3852
3852
3851
3848
3848
3845
3845
3845
3844
3843
3840
3839
3839
3838
3838
3838
3836
3835
3835
3834
3834
3833
3830
3826
3826
3825
3824
3824
3823
3823
3822
3820
3818
3817
3816
3816
3812
3811
3811
3811
3810
3810
3810
3809
3808
3807
3806
3804
3804
3803
3802
3801
3801
3800
3800
3799
3798
3796
3796
3795
3795
3791
3788
3786
3785
3781
3781
3781
3781
3780
3780
3779
3779
3779
3778
3777
3776
3776
3775
3775
3774
3773
3773
3773
3772
3770
3770
3770
3769
3769
3767
3767
3766
3765
3764
3764
3762
3759
3758
3758
3758
3756
3756
3753
3751
3751
3750
3750
3750
3748
3745
3744
3742
3742
3741
3740
3740
3739
3739
3739
3739
3738
3734
3734
3734
3734
3734
3733
3733
3731
3730
3730
3727
3726
3725
3721
3721
3720
3720
3718
3718
3717
3716
3709
3709
3707
3707
3702
3702
3700
3700
3699
3699
3697
3697
3697
3694
3694
3693
3691
3691
3690
3690
3686
3686
3684
3683
3680
3677
3677
3676
3676
3676
3676
3675
3674
3674
3674
3673
3673
3673
3671
3671
3669
3668
3667
3667
3666
3664
3664
3659
3657
3656
3655
3654
3653
3651
3651
3651
3650
3650
3650
3649
3649
3646
3645
3645
3643
3641
3640
3640
3640
3640
3638
3637
3637
3637
3636
3636
3635
3635
3635
3634
3632
3631
3630
3630
3629
3628
3627
3627
3626
3626
3625
3624
3622
3622
3621
3620
3619
3617
3616
3616
3615
3615
3614
3614
3614
3613
3611
3610
3610
3610
3610
3610
3608
3608
3608
3608
3603
3603
3603
3602
3602
3601
3601
3600
3600
3599
3599
3599
3599
3598
3593
3591
3590
3589
3589
3589
3585
3584
3583
3582
3582
3581
3581
3581
3580
3579
3577
3576
3576
3576
3575
3575
3574
3573
3570
3570
3570
3566
3566
3563
3562
3561
3559
3557
3557
3556
3556
3556
3555
3554
3552
3550
3550
3548
3548
3547
3547
3546
3546
3545
3544
3543
3542
3541
3541
3538
3536
3535
3534
3533
3533
3533
3532
3530
3530
3530
3527
3527
3526
3526
3524
3524
3524
3523
3523
3522
3522
3522
3521
3521
3520
3520
3520
3520
3518
3517
3516
3516
3515
3514
3512
3512
3512
3509
3508
3508
3507
3507
3507
3506
3505
3504
3503
3498
3498
3498
3496
3495
3495
3495
3494
3494
3493
3493
3491
3489
3488
3487
3486
3485
3484
3484
3483
3483
3479
3479
3479
3477
3477
3475
3474
3473
3473
3469
3468
3466
3464
3464
3463
3461
3461
3460
3458
3456
3453
3453
3453
3453
3452
3450
3448
3448
3447
3446
3444
3443
3441
3439
3439
3439
3438
3437
3437
3436
3436
3433
3432
3431
3431
3429
3429
3429
3428
3427
3427
3427
3426
3426
3425
3425
3425
3423
3421
3421
3420
3417
3417
3415
3413
3411
3411
3411
3411
3408
3408
3408
3408
3407
3406
3405
3405
3405
3404
3404
3403
3402
3401
3399
3398
3398
3397
3397
3397
3394
3393
3391
3390
3390
3386
3384
3383
3382
3382
3382
3380
3380
3379
3379
3379
3378
3377
3377
3376
3375
3375
3375
3371
3370
3368
3368
3367
3366
3364
3364
3360
3359
3359
3359
3357
3353
3352
3352
3350
3349
3346
3343
3343
3341
3341
3341
3340
3339
3339
3337
3336
3333
3333
3333
3332
3332
3332
3330
3329
3327
3326
3325
3324
3321
3321
3319
3319
3318
3317
3316
3313
3313
3312
3311
3311
3308
3308
3306
3305
3302
3302
3301
3300
3297
3295
3294
3292
3292
3292
3291
3290
3289
3289
3287
3287
3285
3283
3282
3281
3281
3279
3278
3275
3274
3274
3274
3273
3271
3270
3270
3267
3266
3265
3264
3263
3262
3261
3261
3260
3257
3255
3254
3253
3252
3252
3251
3248
3247
3246
3245
3245
3243
3243
3242
3242
3242
3242
3241
3238
3237
3237
3236
3235
3234
3233
3233
3231
3230
3229
3228
3225
3225
3224
3222
3222
3220
3218
3218
3217
3216
3215
3211
3210
3209
3209
3209
3208
3207
3207
3206
3203
3202
3202
3202
3201
3200
3199
3197
3194
3193
3192
3192
3191
3191
3191
3191
3190
3190
3189
3188
3187
3187
3186
3186
3185
3184
3184
3184
3183
3181
3179
3178
3178
3178
3178
3177
3175
3174
3173
3172
3171
3170
3169
3168
3166
3165
3165
3165
3164
3162
3161
3160
3159
3158
3156
3156
3156
3155
3154
3152
3152
3149
3149
3148
3146
3145
3139
3138
3138
3136
3136
3136
3136
3135
3135
3134
3134
3133
3130
3130
3129
3129
3128
3128
3128
3127
3127
3127
3126
3125
3125
3124
3123
3123
3122
3122
3122
3121
3120
3119
3117
3117
3117
3116
3116
3115
3115
3114
3114
3114
3113
3112
3111
3111
3111
3110
3109
3108
3107
3107
3106
3105
3104
3103
3102
3102
3101
3101
3100
3100
3097
3096
3094
3093
3091
3091
3090
3090
3089
3087
3086
3084
3084
3082
3081
3081
3081
3080
3080
3080
3078
3078
3077
3077
3076
3075
3074
3074
3074
3074
3073
3073
3072
3069
3069
3069
3068
3068
3066
3063
3062
3060
3060
3059
3057
3057
3056
3055
3053
3052
3052
3052
3051
3051
3050
3047
3046
3045
3044
3043
3043
3042
3041
3038
3038
3037
3037
3036
3036
3036
3035
3034
3033
3032
3032
3029
3028
3028
3027
3027
3022
3021
3021
3021
3019
3019
3019
3018
3017
3015
3015
3011
3010
3008
3004
3004
3004
3003
3000
3000
2998
2998
2994
2994
2991
2991
2989
2989
2988
2986
2986
2986
2986
2985
2983
2980
2980
2979
2978
2977
2976
2975
2975
2973
2972
2970
2970
2969
2969
2969
2969
2968
2968
2967
2967
2967
2965
2965
2965
2964
2963
2963
2958
2958
2956
2956
2956
2949
2948
2947
2947
2946
2945
2945
2944
2942
2942
2941
2940
2939
2938
2935
2933
2932
2932
2931
2930
2927
2927
2927
2927
2926
2923
2923
2920
2913
2912
2911
2911
2911
2911
2911
2910
2907
2907
2907
2906
2904
2904
2904
2903
2903
2902
2901
2901
2900
2900
2899
2899
2899
2899
2899
2899
2898
2898
2898
2897
2895
2894
2894
2892
2890
2889
2888
2888
2888
2887
2886
2885
2885
2885
2884
2882
2882
2878
2877
2877
2874
2874
2873
2872
2870
2870
2869
2869
2869
2868
2868
2868
2867
2867
2867
2865
2863
2860
2860
2858
2858
2858
2858
2856
2855
2855
2853
2853
2852
2851
2851
2851
2849
2848
2847
2846
2844
2843
2842
2840
2840
2838
2838
2836
2835
2834
2834
2834
2833
2830
2827
2825
2824
2823
2822
2821
2821
2817
2816
2815
2810
2810
2808
2807
2804
2801
2800
2800
2800
2799
2798
2797
2797
2795
2793
2793
2793
2793
2792
2792
2791
2791
2790
2788
2787
2786
2784
2784
2782
2782
2782
2782
2780
2780
2780
2779
2778
2777
2777
2775
2773
2773
2772
2771
2771
2769
2768
2768
2767
2765
2764
2764
2762
2760
2759
2759
2759
2758
2755
2754
2754
2751
2750
2749
2749
2748
2748
2748
2748
2747
2747
2746
2746
2744
2742
2741
2736
2735
2735
2735
2735
2734
2734
2732
2732
2731
2731
2731
2730
2730
2730
2728
2728
2728
2727
2726
2726
2726
2725
2724
2723
2723
2723
2723
2720
2720
2719
2719
2717
2717
2716
2716
2715
2715
2715
2713
2712
2711
2710
2710
2709
2709
2707
2707
2707
2706
2705
2705
2702
2702
2701
2700
2699
2698
2697
2697
2697
2696
2695
2693
2692
2689
2685
2684
2684
2683
2683
2683
2682
2682
2682
2682
2681
2679
2677
2675
2674
2673
2671
2669
2668
2667
2667
2667
2665
2664
2664
2661
2661
2660
2660
2660
2659
2658
2656
2651
2651
2651
2650
2649
2648
2648
2646
2645
2644
2643
2642
2642
2641
2640
2639
2638
2636
2633
2633
2632
2632
2630
2629
2624
2623
2622
2621
2621
2618
2616
2615
2614
2614
2609
2608
2607
2607
2606
2606
2606
2605
2605
2605
2604
2601
2601
2600
2600
2600
2599
2599
2595
2593
2593
2592
2590
2588
2586
2585
2585
2585
2585
2584
2584
2584
2583
2583
2583
2579
2579
2578
2577
2576
2573
2572
2572
2567
2566
2566
2565
2563
2561
2560
2556
2555
2555
2554
2553
2553
2553
2551
2551
2551
2550
2548
2548
2548
2546
2546
2545
2545
2543
2542
2541
2540
2537
2537
2535
2532
2531
2530
2530
2530
2530
2528
2527
2527
2525
2525
2524
2521
2520
2519
2518
2517
2512
2510
2510
2509
2509
2508
2508
2505
2504
2502
2502
2501
2501
2500
2497
2496
2494
2493
2493
2492
2490
2489
2488
2486
2486
2486
2486
2485
2482
2482
2481
2480
2480
2479
2479
2479
2476
2474
2472
2470
2470
2469
2468
2467
2466
2466
2464
2460
2459
2457
2457
2456
2454
2452
2451
2450
2450
2448
2448
2448
2447
2447
2446
2445
2444
2442
2441
2440
2440
2438
2436
2436
2436
2436
2436
2435
2434
2432
2432
2430
2429
2428
2427
2427
2426
2425
2425
2425
2424
2421
2421
2421
2421
2419
2418
2415
2415
2415
2415
2415
2414
2414
2411
2410
2408
2408
2408
2408
2407
2403
2401
2400
2398
2397
2396
2395
2395
2395
2391
2390
2387
2387
2386
2385
2384
2383
2383
2382
2381
2381
2381
2380
2378
2376
2374
2373
2373
2372
2372
2372
2370
2369
2369
2368
2368
2367
2366
2366
2365
2365
2364
2363
2360
2358
2355
2354
2354
2353
2352
2351
2348
2348
2344
2344
2344
2343
2341
2339
2339
2338
2338
2338
2337
2336
2335
2335
2333
2331
2330
2330
2329
2329
2327
2326
2325
2322
2320
2320
2319
2319
2319
2319
2317
2314
2314
2314
2313
2313
2311
2310
2310
2309
2309
2307
2301
2301
2298
2295
2294
2293
2290
2289
2289
2289
2289
2289
2288
2288
2286
2283
2282
2281
2280
2279
2278
2277
2276
2274
2272
2272
2270
2270
2268
2268
2266
2265
2263
2261
2261
2261
2259
2255
2255
2254
2254
2254
2254
2251
2250
2250
2249
2247
2245
2245
2245
2243
2243
2243
2243
2242
2242
2241
2240
2238
2237
2236
2236
2236
2234
2232
2229
2229
2228
2228
2228
2225
2225
2224
2224
2223
2223
2221
2219
2219
2216
2216
2214
2212
2211
2207
2207
2206
2205
2202
2201
2201
2200
2200
2200
2199
2199
2198
2198
2197
2196
2196
2195
2193
2189
2189
2188
2187
2186
2186
2186
2185
2185
2185
2183
2183
2183
2181
2181
2181
2181
2180
2179
2177
2174
2174
2173
2173
2172
2172
2172
2172
2172
2170
2170
2170
2169
2168
2168
2168
2168
2167
2167
2166
2166
2166
2166
2164
2164
2162
2161
2160
2158
2155
2154
2154
2152
2151
2151
2149
2147
2147
2146
2146
2146
2146
2145
2140
2140
2138
2138
2137
2137
2136
2135
2134
2134
2134
2131
2130
2128
2126
2122
2121
2121
2120
2116
2115
2115
2115
2115
2114
2112
2111
2108
2107
2104
2104
2103
2102
2102
2102
2102
2102
2101
2101
2100
2100
2099
2099
2098
2095
2094
2093
2093
2091
2090
2089
2088
2087
2086
2086
2085
2085
2084
2084
2081
2080
2079
2079
2078
2074
2074
2074
2073
2072
2069
2067
2067
2067
2065
2062
2061
2059
2056
2055
2054
2052
2052
2048
2048
2047
2044
2044
2043
2043
2043
2043
2043
2042
2042
2041
2041
2040
2039
2039
2037
2032
2032
2030
2030
2030
2028
2028
2027
2022
2020
2020
2019
2019
2017
2016
2012
2012
2010
2008
2006
2005
2005
2005
2005
2004
2002
2002
2001
2000
1997
1996
1996
1993
1993
1993
1992
1992
1990
1990
1989
1989
1988
1988
1987
1986
1985
1984
1982
1982
1981
1980
1979
1979
1977
1976
1975
1973
1970
1970
1967
1966
1966
1966
1965
1965
1962
1962
1961
1960
1960
1959
1959
1959
1959
1959
1957
1957
1956
1956
1955
1954
1953
1948
1948
1947
1947
1946
1942
1942
1938
1937
1937
1937
1936
1935
1934
1934
1933
1933
1932
1931
1930
1930
1930
1928
1927
1927
1926
1926
1926
1925
1924
1924
1924
1923
1923
1922
1922
1920
1920
1920
1918
1917
1916
1916
1915
1913
1912
1912
1911
1910
1910
1910
1909
1906
1904
1904
1904
1904
1903
1902
1902
1901
1900
1900
1900
1899
1899
1899
1898
1898
1897
1897
1896
1895
1895
1895
1893
1891
1890
1890
1887
1887
1886
1886
1885
1885
1881
1877
1876
1876
1873
1873
1871
1870
1867
1867
1866
1865
1863
1862
1861
1858
1854
1852
1852
1850
1849
1849
1846
1843
1842
1841
1838
1838
1837
1835
1832
1828
1827
1827
1826
1825
1825
1825
1824
1820
1820
1818
1818
1818
1818
1817
1817
1815
1815
1812
1810
1807
1805
1804
1804
1803
1803
1802
1801
1801
1800
1799
1799
1799
1799
1795
1793
1791
1788
1787
1787
1787
1785
1784
1782
1780
1780
1780
1780
1779
1778
1777
1777
1776
1775
1773
1773
1772
1771
1770
1770
1770
1766
1765
1764
1764
1764
1762
1762
1762
1761
1760
1758
1757
1756
1756
1755
1751
1751
1749
1748
1748
1747
1747
1746
1746
1744
1744
1743
1741
1741
1738
1738
1738
1736
1736
1734
1733
1733
1733
1732
1732
1732
1730
1729
1729
1729
1727
1726
1724
1724
1723
1723
1722
1722
1720
1717
1712
1711
1709
1707
1706
1705
1705
1705
1705
1704
1704
1704
1703
1702
1701
1701
1699
1699
1698
1698
1698
1697
1697
1697
1697
1694
1694
1692
1692
1690
1689
1687
1684
1684
1680
1680
1678
1677
1676
1675
1674
1674
1673
1673
1673
1672
1672
1670
1668
1668
1668
1668
1668
1668
1663
1662
1662
1661
1659
1657
1653
1653
1651
1650
1649
1648
1647
1645
1645
1644
1644
1643
1642
1642
1642
1642
1641
1641
1638
1638
1637
1636
1635
1634
1633
1632
1631
1630
1629
1629
1628
1627
1626
1621
1621
1620
1619
1619
1618
1617
1616
1616
1615
1613
1609
1608
1607
1606
1606
1606
1605
1603
1600
1599
1598
1598
1596
1596
1595
1595
1594
1593
1593
1593
1592
1592
1590
1590
1590
1588
1588
1587
1586
1582
1579
1576
1576
1573
1571
1571
1570
1568
1566
1565
1565
1564
1564
1561
1560
1555
1555
1553
1552
1550
1550
1549
1548
1547
1545
1544
1543
1539
1539
1534
1534
1533
1532
1531
1531
1530
1530
1528
1528
1525
1523
1522
1522
1521
1518
1516
1515
1514
1513
1511
1510
1509
1509
1508
1507
1507
1507
1505
1504
1504
1503
1502
1501
1500
1498
1494
1492
1492
1490
1490
1489
1489
1486
1486
1486
1481
1481
1478
1477
1476
1475
1473
1472
1472
1471
1470
1470
1467
1465
1464
1463
1462
1458
1457
1456
1455
1455
1454
1454
1453
1450
1449
1448
1447
1446
1445
1444
1440
1439
1438
1437
1436
1436
1436
1435
1434
1433
1433
1432
1430
1430
1430
1429
1427
1425
1425
1424
1422
1421
1420
1418
1417
1416
1415
1414
1414
1413
1412
1411
1410
1407
1405
1404
1402
1400
1400
1399
1399
1398
1398
1397
1396
1395
1395
1395
1393
1393
1389
1389
1388
1386
1384
1383
1381
1380
1378
1377
1375
1373
1373
1373
1372
1371
1371
1370
1369
1368
1367
1367
1364
1363
1363
1362
1361
1360
1360
1360
1358
1356
1355
1352
1352
1351
1350
1350
1350
1350
1350
1349
1349
1348
1348
1347
1347
1347
1345
1344
1342
1342
1341
1340
1339
1339
1339
1339
1338
1338
1337
1337
1336
1335
1335
1335
1334
1333
1333
1332
1332
1330
1328
1328
1328
1328
1327
1325
1324
1323
1321
1321
1321
1320
1319
1318
1316
1316
1315
1315
1315
1314
1313
1313
1312
1308
1307
1306
1305
1304
1303
1303
1302
1302
1300
1298
1298
1296
1295
1295
1293
1290
1290
1290
1289
1289
1288
1285
1284
1281
1281
1280
1279
1278
1278
1275
1274
1271
1271
1270
1270
1269
1265
1262
1262
1261
1260
1260
1259
1257
1257
1257
1254
1254
1251
1250
1247
1246
1246
1245
1243
1242
1241
1240
1239
1239
1238
1238
1238
1237
1236
1236
1236
1234
1233
1233
1232
1232
1228
1228
1227
1226
1226
1224
1223
1222
1222
1222
1220
1219
1218
1217
1216
1216
1216
1216
1215
1214
1212
1212
1212
1211
1210
1209
1208
1206
1206
1204
1203
1203
1202
1201
1201
1201
1200
1199
1199
1198
1198
1196
1195
1195
1194
1193
1192
1190
1190
1184
1184
1183
1182
1182
1180
1180
1179
1179
1177
1177
1176
1174
1174
1174
1171
1169
1169
1168
1165
1165
1164
1163
1161
1161
1160
1160
1157
1155
1155
1155
1155
1153
1151
1149
1149
1148
1146
1146
1145
1144
1139
1138
1138
1137
1137
1137
1135
1133
1133
1133
1129
1128
1128
1127
1126
1124
1123
1122
1121
1120
1119
1118
1118
1116
1116
1115
1113
1112
1111
1111
1110
1110
1109
1106
1105
1105
1105
1102
1102
1101
1101
1100
1095
1095
1095
1095
1094
1093
1092
1092
1091
1086
1086
1085
1082
1082
1082
1079
1077
1077
1076
1073
1072
1071
1071
1071
1069
1066
1066
1064
1063
1063
1062
1061
1060
1059
1058
1057
1057
1055
1055
1053
1052
1048
1047
1046
1046
1046
1045
1045
1045
1043
1042
1039
1039
1036
1035
1033
1032
1031
1031
1030
1029
1028
1028
1028
1027
1027
1026
1026
1025
1024
1023
1020
1019
1016
1016
1013
1012
1012
1012
1011
1011
1010
1008
1008
1007
1007
1005
1004
1002
1001
1000
1000
997
997
995
995
995
995
994
993
992
983
982
981
981
981
980
979
979
978
978
978
978
978
977
976
975
974
973
972
971
971
970
969
968
968
966
966
966
966
962
961
959
959
957
952
952
952
952
950
950
948
947
946
946
944
943
943
942
938
938
938
936
934
933
931
929
928
928
927
926
925
923
922
922
921
921
920
920
920
918
918
918
917
916
916
916
915
914
910
910
909
908
908
907
907
905
903
903
902
896
896
895
894
894
893
892
892
891
889
889
886
884
884
883
880
880
877
877
876
876
874
874
873
872
871
871
869
869
867
866
865
864
864
862
862
862
862
861
860
858
858
858
857
856
856
855
852
851
848
845
845
844
844
842
842
841
840
839
839
838
838
837
836
835
835
834
831
830
830
829
827
825
825
824
823
823
822
820
815
813
812
811
811
810
810
810
808
807
807
806
805
805
804
804
803
802
801
800
800
799
797
796
796
794
794
793
793
793
793
791
790
789
788
788
785
785
784
783
782
781
781
781
780
780
779
778
778
777
776
776
776
775
773
771
770
770
769
768
766
766
766
765
765
763
763
762
761
760
759
758
758
757
757
756
754
754
753
753
752
752
751
749
749
748
746
746
745
744
744
744
743
742
740
740
738
737
737
737
734
733
732
731
731
730
730
729
728
727
725
721
721
721
721
720
720
718
717
717
717
716
716
714
714
712
712
709
709
708
708
707
707
706
705
704
703
702
700
699
698
697
696
695
695
695
694
691
691
691
691
690
688
687
684
684
684
684
684
683
682
681
681
681
681
680
676
676
675
674
670
670
669
667
667
666
666
666
665
664
663
661
659
659
659
657
657
656
656
654
654
654
652
651
650
648
648
646
645
644
642
641
640
639
639
639
638
638
638
638
638
637
637
636
635
632
632
631
630
627
627
626
625
625
624
624
624
623
623
622
622
622
620
619
617
616
616
615
615
612
612
611
611
611
610
609
607
606
605
603
603
603
602
601
601
600
600
598
598
597
597
596
596
596
595
594
594
593
591
589
589
586
586
585
584
584
582
580
580
580
577
575
575
575
575
575
572
571
570
570
568
567
567
566
565
565
564
562
562
559
559
558
558
557
556
555
555
555
554
552
551
550
550
550
549
549
549
548
545
544
542
542
541
539
537
537
536
536
535
533
532
530
529
528
527
527
526
526
525
525
524
524
523
523
522
522
522
522
521
520
519
518
515
514
514
514
513
512
511
509
506
505
504
502
501
500
499
498
496
494
493
490
490
489
489
489
488
487
487
487
487
486
486
484
484
482
482
481
481
481
480
480
479
478
478
478
477
477
475
472
471
470
469
468
468
467
467
467
465
464
464
464
464
464
459
456
456
455
454
453
453
453
453
452
450
448
447
443
442
440
440
439
439
437
435
435
433
433
432
432
431
431
428
428
425
425
424
422
421
418
417
417
416
416
415
415
414
413
413
413
412
411
408
407
404
403
401
396
395
395
394
391
389
389
387
386
386
384
382
381
380
379
377
375
375
374
373
373
372
372
367
367
364
364
362
361
360
360
358
358
357
356
355
355
355
354
352
351
349
346
344
343
342
342
340
339
337
335
335
334
333
327
324
323
322
321
321
320
319
316
314
314
313
313
312
311
309
308
308
307
306
304
302
302
302
302
301
299
299
295
290
288
288
286
286
285
281
281
280
279
278
276
276
275
275
274
273
273
271
271
271
271
269
267
267
267
265
262
262
260
259
259
258
258
257
256
256
256
254
254
253
252
252
251
250
250
250
249
248
246
245
245
244
243
242
242
242
240
240
240
240
239
239
239
238
237
236
234
233
232
231
229
228
226
225
223
222
219
215
215
214
212
210
207
207
205
205
204
203
202
202
200
199
198
196
193
192
190
190
187
184
184
183
181
180
180
179
179
178
176
176
174
173
172
171
170
169
167
167
166
166
163
163
162
160
159
159
157
157
156
156
156
155
152
151
150
147
147
147
146
146
146
141
141
138
137
135
133
133
132
130
128
126
124
123
123
120
119
117
117
116
115
115
114
113
112
110
105
104
102
101
101
100
98
97
96
96
96
94
94
94
94
94
92
91
90
89
89
85
84
84
83
82
82
82
81
80
79
78
78
77
76
76
76
75
72
70
69
68
65
65
63
63
62
61
61
61
60
59
58
58
57
57
56
53
53
50
50
49
47
45
44
42
41
40
39
39
38
38
38
37
37
36
35
35
33
31
30
29
28
28
27
26
25
24
20
17
16
16
15
15
15
15
15
12
12
11
11
11
10
8
6
6
5
4
3
1
