9998
9996
9995
9994
9992
9992
9990
9990
9990
9988
9987
9986
9985
9985
9985
9983
9982
9982
9981
9978
9976
9975
9974
9972
9972
9968
9968
9967
9966
9965
9964
9963
9961
9961
9961
9960
9959
9958
9958
9958
9958
9957
9955
9954
9954
9954
9952
9952
9951
9951
9950
9949
9949
9949
9947
9946
9946
9944
9944
9942
9941
9941
9940
9939
9938
9938
9936
9936
9935
9935
9934
9931
9930
9929
9927
9926
9923
9923
9922
9922
9921
9920
9920
9920
9919
9919
9919
9918
9918
9917
9915
9914
9913
9913
9913
9912
9911
9910
9908
9907
9905
9905
9904
9902
9901
9900
9900
9900
9899
9898
9897
9896
9895
9894
9894
9894
9893
9892
9890
9889
9888
9887
9887
9886
9886
9885
9884
9884
9884
9883
9883
9881
9875
9875
9874
9872
9872
9872
9872
9871
9871
9871
9871
9870
9870
9870
9868
9866
9865
9865
9862
9861
9856
9856
9854
9854
9853
9853
9853
9852
9850
9849
9849
9846
9846
9846
9846
9846
9844
9843
9840
9839
9839
9837
9837
9836
9836
9836
9836
9835
9833
9831
9831
9829
9829
9828
9826
9826
9825
9824
9824
9824
9823
9823
9823
9822
9820
9819
9818
9818
9813
9812
9812
9811
9810
9810
9809
9808
9806
9804
9803
9803
9803
9801
9795
9793
9792
9792
9792
9791
9791
9790
9789
9789
9789
9789
9787
9785
9783
9779
9779
9778
9776
9775
9771
9771
9770
9768
9765
9763
9763
9763
9763
9762
9761
9759
9756
9756
9752
9752
9751
9750
9750
9750
9749
9748
9748
9747
9746
9746
9745
9745
9745
9741
9741
9741
9741
9740
9738
9734
9734
9732
9732
9731
9731
9731
9731
9730
9730
9730
9728
9727
9726
9726
9726
9725
9724
9722
9722
9722
9722
9721
9721
9720
9719
9717
9717
9715
9713
9713
9713
9712
9709
9708
9708
9707
9705
9703
9703
9702
9701
9700
9699
9697
9696
9696
9695
9694
9694
9694
9693
9691
9691
9691
9691
9688
9688
9688
9687
9684
9684
9684
9684
9683
9682
9681
9680
9677
9677
9674
9673
9671
9671
9669
9669
9669
9669
9667
9666
9666
9665
9664
9662
9662
9661
9660
9660
9659
9658
9656
9655
9655
9655
9651
9648
9648
9648
9647
9647
9646
9646
9646
9642
9641
9639
9639
9639
9637
9637
9636
9633
9633
9633
9632
9632
9630
9629
9629
9628
9627
9627
9624
9624
9622
9619
9618
9617
9616
9616
9615
9613
9613
9613
9610
9610
9608
9606
9606
9602
9599
9599
9598
9597
9596
9596
9595
9594
9592
9591
9590
9583
9583
9582
9582
9578
9578
9578
9575
9573
9572
9572
9572
9572
9571
9570
9569
9568
9564
9564
9563
9562
9561
9561
9561
9559
9558
9558
9558
9557
9556
9555
9554
9554
9552
9549
9547
9546
9546
9545
9545
9545
9544
9541
9540
9538
9537
9536
9535
9535
9535
9535
9534
9533
9529
9526
9525
9524
9524
9522
9522
9521
9520
9520
9519
9517
9517
9516
9514
9512
9511
9511
9511
9510
9510
9510
9510
9509
9509
9508
9505
9505
9505
9503
9503
9503
9502
9501
9500
9500
9499
9498
9498
9497
9497
9496
9495
9495
9495
9494
9493
9493
9492
9490
9489
9489
9487
9486
9486
9485
9485
9485
9483
9480
9480
9479
9479
9478
9477
9476
9475
9474
9471
9471
9467
9467
9463
9462
9461
9461
9460
9460
9459
9459
9459
9457
9455
9454
9454
9454
9454
9453
9452
9451
9450
9449
9448
9446
9444
9443
9442
9437
9437
9436
9436
9435
9434
9432
9431
9427
9426
9425
9422
9421
9419
9419
9416
9415
9414
9414
9413
9412
9410
9409
9408
9407
9406
9405
9403
9400
9398
9398
9398
9397
9397
9395
9395
9394
9393
9392
9392
9392
9390
9390
9389
9389
9389
9388
9387
9387
9385
9384
9384
9380
9379
9379
9379
9378
9376
9376
9374
9373
9371
9368
9367
9367
9366
9366
9365
9365
9365
9364
9363
9362
9362
9362
9362
9360
9358
9358
9355
9354
9353
9351
9349
9348
9348
9346
9345
9344
9343
9342
9342
9341
9336
9336
9336
9336
9335
9334
9332
9330
9330
9328
9322
9322
9320
9319
9318
9318
9316
9316
9315
9315
9313
9310
9309
9309
9308
9307
9306
9306
9305
9303
9302
9302
9301
9301
9299
9299
9299
9298
9296
9296
9295
9295
9295
9293
9292
9291
9291
9290
9290
9289
9287
9286
9285
9285
9285
9281
9280
9280
9280
9278
9276
9276
9273
9273
9271
9270
9270
9270
9270
9269
9269
9266
9265
9261
9261
9261
9260
9259
9258
9257
9257
9255
9255
9254
9254
9253
9253
9253
9253
9252
9250
9249
9248
9244
9243
9243
9243
9242
9242
9242
9241
9240
9237
9234
9234
9232
9230
9230
9230
9229
9228
9227
9226
9224
9222
9222
9222
9220
9219
9218
9217
9216
9216
9214
9214
9209
9209
9208
9208
9207
9203
9203
9203
9202
9201
9200
9199
9198
9197
9195
9195
9193
9193
9192
9192
9191
9191
9190
9189
9187
9186
9183
9183
9182
9182
9181
9180
9178
9178
9178
9175
9173
9173
9171
9170
9169
9169
9169
9167
9165
9165
9159
9157
9157
9156
9155
9154
9153
9152
9152
9151
9151
9151
9150
9149
9149
9148
9148
9147
9145
9143
9142
9141
9140
9140
9137
9136
9136
9131
9125
9124
9123
9121
9120
9118
9117
9117
9116
9116
9115
9115
9113
9113
9112
9110
9110
9108
9108
9107
9106
9106
9105
9101
9097
9097
9097
9094
9094
9093
9092
9092
9091
9091
9091
9090
9090
9086
9086
9085
9085
9084
9083
9082
9080
9080
9080
9079
9078
9077
9076
9076
9075
9074
9072
9071
9071
9070
9069
9068
9067
9067
9066
9064
9064
9063
9063
9061
9058
9058
9058
9057
9057
9056
9055
9054
9052
9052
9049
9049
9048
9046
9045
9041
9040
9037
9037
9034
9033
9033
9032
9032
9032
9031
9031
9031
9030
9029
9026
9026
9024
9024
9024
9023
9023
9019
9018
9016
9010
9009
9009
9009
9007
9007
9006
9005
9005
9005
9005
9005
9003
9001
8997
8996
8994
8992
8989
8987
8987
8986
8985
8984
8983
8983
8983
8981
8979
8978
8978
8977
8976
8976
8974
8973
8972
8968
8968
8967
8967
8967
8965
8965
8963
8963
8962
8958
8958
8957
8957
8954
8954
8953
8953
8952
8952
8952
8951
8949
8948
8948
8948
8947
8946
8946
8945
8943
8943
8943
8943
8941
8940
8939
8939
8939
8937
8935
8935
8934
8934
8934
8932
8929
8929
8927
8926
8926
8925
8924
8923
8922
8920
8919
8917
8916
8915
8913
8913
8912
8911
8911
8910
8906
8905
8903
8903
8902
8898
8898
8895
8892
8891
8890
8889
8887
8885
8884
8884
8881
8881
8880
8878
8877
8873
8868
8867
8865
8865
8864
8864
8862
8862
8861
8859
8859
8857
8856
8855
8854
8854
8853
8851
8851
8848
8847
8847
8845
8845
8845
8843
8842
8842
8842
8841
8840
8838
8838
8837
8837
8837
8837
8836
8834
8832
8832
8832
8831
8831
8830
8829
8828
8826
8824
8822
8822
8822
8821
8821
8819
8819
8817
8815
8815
8814
8813
8813
8812
8811
8809
8808
8805
8805
8804
8804
8800
8799
8799
8797
8797
8796
8795
8794
8794
8793
8793
8791
8789
8788
8788
8787
8787
8786
8783
8783
8782
8780
8777
8776
8774
8774
8773
8772
8772
8771
8771
8765
8764
8764
8763
8763
8763
8761
8760
8758
8756
8754
8754
8753
8753
8753
8752
8751
8751
8750
8750
8750
8749
8746
8745
8745
8744
8742
8741
8741
8738
8738
8737
8735
8735
8734
8734
8732
8732
8731
8729
8727
8727
8726
8726
8725
8724
8722
8722
8721
8721
8720
8719
8718
8715
8714
8714
8714
8714
8712
8712
8712
8711
8707
8707
8706
8705
8704
8703
8702
8702
8698
8698
8698
8697
8695
8694
8692
8691
8691
8691
8690
8689
8689
8689
8688
8686
8685
8684
8682
8682
8681
8679
8679
8678
8678
8677
8675
8674
8673
8672
8671
8670
8670
8668
8668
8667
8666
8664
8662
8662
8662
8661
8661
8659
8658
8658
8657
8655
8655
8655
8652
8651
8650
8650
8648
8648
8647
8645
8644
8643
8643
8643
8642
8640
8639
8638
8637
8637
8637
8636
8635
8635
8634
8633
8633
8631
8629
8626
8625
8624
8624
8623
8622
8618
8617
8614
8612
8612
8611
8608
8607
8606
8605
8605
8603
8601
8600
8599
8598
8597
8595
8595
8594
8593
8591
8590
8589
8588
8587
8587
8585
8585
8584
8583
8582
8580
8580
8580
8578
8577
8575
8574
8574
8573
8572
8572
8572
8571
8570
8570
8569
8568
8568
8566
8566
8563
8563
8563
8563
8562
8560
8559
8557
8557
8556
8556
8556
8555
8554
8553
8552
8551
8550
8548
8547
8545
8545
8544
8543
8542
8541
8539
8538
8537
8532
8532
8531
8531
8528
8528
8527
8526
8525
8525
8525
8523
8522
8522
8520
8519
8518
8517
8517
8517
8516
8515
8514
8512
8510
8508
8505
8503
8502
8502
8499
8498
8497
8496
8495
8494
8492
8491
8489
8489
8487
8487
8486
8485
8483
8483
8482
8482
8480
8480
8478
8476
8475
8469
8468
8467
8467
8466
8466
8466
8465
8465
8464
8461
8459
8457
8457
8455
8455
8455
8455
8454
8453
8453
8450
8450
8448
8447
8447
8447
8444
8443
8442
8441
8441
8441
8441
8440
8439
8437
8436
8436
8435
8434
8434
8432
8431
8431
8430
8429
8428
8427
8425
8424
8424
8424
8422
8420
8420
8419
8418
8416
8415
8413
8413
8410
8409
8409
8407
8407
8403
8402
8402
8401
8400
8399
8398
8398
8395
8394
8393
8392
8392
8392
8391
8391
8390
8390
8388
8385
8383
8382
8382
8382
8381
8380
8380
8380
8380
8376
8375
8375
8374
8370
8369
8367
8366
8366
8365
8364
8364
8364
8363
8363
8362
8361
8361
8361
8359
8359
8359
8358
8358
8357
8356
8354
8351
8351
8349
8349
8346
8346
8344
8343
8342
8342
8342
8341
8341
8340
8339
8339
8338
8336
8336
8335
8333
8326
8325
8324
8324
8322
8322
8321
8315
8314
8313
8313
8312
8311
8311
8310
8309
8307
8304
8303
8303
8303
8297
8297
8296
8296
8295
8294
8293
8291
8290
8289
8288
8288
8288
8287
8287
8286
8286
8285
8283
8279
8279
8279
8278
8277
8277
8277
8276
8276
8275
8274
8274
8272
8272
8271
8271
8266
8264
8263
8263
8261
8259
8258
8258
8256
8254
8253
8252
8250
8250
8247
8244
8244
8242
8241
8241
8240
8239
8236
8235
8233
8231
8231
8229
8228
8227
8225
8225
8224
8224
8223
8222
8221
8221
8221
8221
8221
8220
8220
8217
8216
8216
8214
8214
8214
8214
8210
8210
8209
8209
8208
8207
8207
8205
8205
8204
8204
8203
8203
8203
8203
8202
8201
8201
8199
8197
8197
8197
8197
8193
8192
8192
8191
8190
8188
8188
8186
8186
8185
8184
8183
8183
8182
8181
8179
8178
8178
8178
8177
8176
8175
8170
8168
8168
8167
8165
8165
8165
8164
8163
8163
8163
8161
8161
8161
8160
8160
8157
8157
8155
8152
8151
8151
8151
8149
8148
8146
8146
8146
8145
8145
8145
8141
8141
8141
8140
8140
8139
8139
8138
8137
8137
8134
8134
8131
8129
8129
8128
8127
8126
8126
8123
8123
8123
8116
8116
8116
8115
8115
8113
8113
8112
8111
8110
8110
8110
8108
8107
8105
8104
8103
8101
8100
8100
8099
8099
8097
8096
8096
8095
8094
8093
8092
8091
8090
8090
8089
8088
8088
8087
8086
8084
8083
8080
8078
8078
8078
8077
8075
8075
8073
8071
8069
8066
8065
8065
8061
8060
8059
8059
8057
8056
8054
8052
8050
8050
8049
8049
8048
8047
8040
8039
8039
8039
8037
8036
8036
8035
8034
8034
8034
8032
8032
8031
8031
8030
8030
8029
8028
8028
8027
8025
8024
8023
8022
8022
8020
8019
8018
8018
8017
8016
8015
8012
8011
8009
8009
8008
8004
8003
8001
8000
8000
8000
8000
7999
7997
7996
7995
7993
7991
7989
7989
7988
7987
7987
7986
7985
7985
7982
7981
7979
7977
7977
7976
7975
7974
7974
7974
7965
7964
7964
7962
7958
7956
7956
7955
7954
7954
7954
7954
7953
7953
7953
7953
7951
7949
7947
7944
7944
7944
7943
7943
7942
7942
7941
7941
7940
7939
7939
7939
7938
7938
7938
7937
7937
7936
7935
7935
7934
7932
7931
7930
7929
7929
7928
7928
7927
7926
7925
7922
7922
7921
7919
7919
7918
7915
7915
7914
7914
7913
7912
7910
7910
7909
7909
7908
7907
7907
7904
7903
7903
7903
7902
7901
7901
7900
7900
7899
7898
7898
7898
7897
7895
7893
7893
7892
7892
7891
7890
7889
7889
7885
7884
7883
7883
7883
7882
7881
7880
7880
7879
7878
7877
7876
7875
7875
7873
7872
7872
7872
7871
7871
7871
7870
7870
7869
7869
7867
7867
7865
7864
7864
7862
7860
7860
7860
7856
7855
7852
7851
7850
7850
7848
7848
7847
7846
7841
7840
7839
7837
7837
7836
7835
7835
7832
7830
7829
7828
7828
7827
7827
7827
7824
7823
7823
7822
7819
7819
7817
7814
7811
7810
7810
7810
7809
7808
7806
7806
7806
7804
7804
7804
7804
7800
7799
7799
7798
7798
7796
7796
7790
7790
7787
7787
7787
7785
7785
7784
7784
7784
7784
7783
7781
7780
7780
7779
7778
7778
7775
7771
7768
7767
7767
7766
7765
7765
7765
7765
7763
7762
7762
7761
7761
7761
7760
7759
7758
7756
7756
7753
7752
7749
7747
7747
7745
7744
7740
7740
7740
7740
7740
7739
7739
7737
7737
7736
7735
7733
7733
7732
7731
7731
7728
7728
7725
7725
7724
7724
7723
7721
7719
7717
7716
7716
7716
7715
7713
7713
7711
7711
7711
7709
7709
7709
7708
7708
7706
7705
7705
7705
7704
7704
7704
7703
7703
7701
7701
7699
7696
7695
7693
7692
7692
7691
7691
7691
7690
7688
7687
7686
7685
7685
7684
7683
7683
7682
7681
7679
7679
7679
7676
7676
7675
7674
7673
7673
7670
7670
7668
7667
7666
7665
7665
7663
7662
7658
7658
7657
7657
7657
7656
7653
7647
7647
7646
7646
7644
7644
7643
7643
7643
7641
7641
7640
7640
7640
7639
7639
7639
7637
7636
7635
7634
7633
7629
7628
7628
7626
7624
7620
7620
7619
7619
7618
7618
7617
7617
7616
7615
7615
7613
7609
7608
7608
7605
7604
7603
7602
7601
7600
7599
7595
7595
7594
7593
7590
7587
7587
7582
7578
7577
7577
7576
7575
7574
7573
7573
7572
7570
7568
7568
7565
7565
7564
7563
7563
7562
7560
7559
7557
7556
7556
7556
7555
7554
7554
7554
7553
7553
7551
7549
7548
7546
7544
7543
7541
7541
7540
7539
7537
7535
7531
7529
7528
7526
7526
7525
7525
7525
7525
7524
7523
7523
7522
7521
7519
7519
7518
7518
7517
7516
7516
7513
7510
7510
7507
7507
7502
7502
7500
7499
7499
7498
7498
7497
7496
7496
7496
7496
7496
7496
7495
7495
7495
7494
7492
7492
7492
7489
7489
7488
7487
7486
7486
7482
7481
7481
7480
7479
7479
7478
7477
7476
7476
7474
7474
7473
7473
7472
7472
7470
7470
7469
7469
7467
7466
7464
7463
7461
7460
7459
7459
7458
7453
7449
7448
7447
7446
7445
7445
7444
7443
7442
7440
7439
7438
7437
7436
7435
7435
7435
7435
7433
7433
7433
7432
7430
7428
7427
7427
7426
7426
7425
7425
7424
7424
7423
7418
7418
7416
7414
7413
7412
7409
7409
7408
7408
7407
7406
7404
7404
7401
7398
7397
7396
7396
7396
7395
7395
7395
7394
7394
7393
7392
7392
7392
7390
7388
7388
7388
7387
7385
7385
7384
7383
7383
7382
7381
7381
7380
7380
7380
7379
7378
7378
7377
7377
7375
7374
7373
7372
7372
7371
7367
7367
7367
7367
7366
7365
7364
7363
7363
7363
7362
7360
7358
7358
7357
7355
7355
7354
7353
7352
7352
7351
7351
7350
7349
7346
7346
7345
7344
7343
7342
7342
7341
7341
7341
7341
7341
7341
7340
7336
7332
7331
7329
7327
7327
7327
7324
7324
7322
7321
7320
7320
7318
7316
7316
7316
7314
7313
7313
7312
7310
7310
7308
7307
7305
7305
7304
7303
7300
7300
7297
7297
7296
7295
7294
7293
7293
7292
7290
7290
7290
7286
7286
7285
7285
7284
7284
7284
7284
7282
7280
7280
7277
7276
7275
7274
7271
7270
7270
7269
7268
7264
7264
7263
7263
7263
7262
7262
7261
7260
7259
7258
7258
7258
7255
7251
7250
7249
7248
7248
7247
7247
7246
7245
7244
7244
7243
7243
7242
7238
7237
7237
7236
7236
7236
7236
7235
7235
7235
7232
7231
7227
7226
7225
7225
7222
7218
7218
7216
7216
7210
7209
7208
7208
7208
7207
7207
7206
7206
7205
7202
7201
7199
7193
7193
7192
7192
7190
7189
7187
7185
7184
7184
7184
7183
7183
7181
7181
7179
7178
7178
7177
7177
7177
7176
7175
7174
7172
7172
7171
7171
7171
7171
7170
7170
7169
7169
7169
7168
7167
7167
7164
7163
7162
7162
7162
7162
7160
7159
7159
7158
7157
7157
7155
7154
7154
7153
7153
7152
7152
7151
7149
7148
7143
7141
7141
7141
7140
7139
7138
7138
7138
7137
7136
7136
7136
7136
7135
7135
7135
7134
7133
7132
7132
7131
7130
7130
7129
7127
7124
7124
7124
7124
7124
7123
7123
7123
7123
7122
7122
7121
7121
7117
7117
7115
7114
7114
7114
7114
7114
7110
7110
7109
7108
7108
7107
7106
7106
7106
7104
7104
7103
7103
7102
7101
7101
7101
7098
7096
7096
7095
7095
7094
7094
7093
7093
7092
7092
7090
7090
7090
7089
7089
7088
7087
7087
7086
7086
7084
7083
7083
7079
7078
7078
7077
7076
7076
7075
7074
7074
7074
7074
7072
7070
7069
7069
7068
7068
7068
7067
7067
7066
7066
7064
7064
7063
7061
7061
7060
7057
7057
7056
7056
7055
7055
7055
7053
7050
7048
7047
7047
7045
7045
7043
7041
7040
7040
7039
7038
7035
7035
7034
7034
7034
7033
7033
7032
7031
7028
7026
7024
7022
7021
7020
7017
7014
7013
7012
7012
7011
7010
7009
7008
7008
7007
7006
7002
7002
7001
6999
6995
6995
6995
6994
6994
6992
6992
6992
6991
6990
6989
6988
6988
6988
6988
6988
6988
6987
6987
6987
6987
6986
6984
6983
6982
6982
6981
6981
6980
6980
6976
6976
6975
6974
6974
6973
6972
6972
6971
6970
6969
6969
6968
6968
6967
6967
6966
6965
6962
6962
6959
6958
6958
6958
6956
6955
6954
6953
6953
6952
6950
6948
6946
6944
6944
6944
6942
6940
6939
6939
6937
6936
6935
6933
6932
6931
6930
6929
6928
6926
6926
6926
6925
6925
6924
6923
6923
6922
6920
6919
6919
6919
6916
6915
6913
6911
6910
6909
6909
6909
6908
6908
6907
6907
6906
6905
6905
6904
6902
6898
6896
6895
6894
6894
6893
6893
6892
6891
6890
6890
6889
6888
6888
6887
6885
6884
6883
6879
6878
6876
6876
6876
6872
6872
6871
6871
6871
6870
6869
6868
6867
6866
6866
6865
6864
6864
6861
6860
6858
6858
6857
6855
6853
6852
6852
6851
6850
6848
6848
6848
6848
6847
6844
6843
6842
6842
6841
6839
6839
6838
6836
6834
6833
6831
6831
6829
6828
6827
6826
6825
6820
6816
6816
6816
6816
6816
6812
6811
6808
6806
6803
6801
6801
6801
6800
6800
6799
6798
6797
6796
6795
6795
6795
6794
6793
6793
6791
6790
6789
6788
6788
6788
6787
6787
6787
6783
6783
6781
6781
6778
6777
6776
6776
6775
6775
6773
6773
6770
6770
6767
6765
6764
6763
6762
6757
6756
6755
6753
6751
6748
6746
6746
6740
6738
6738
6737
6734
6730
6728
6728
6727
6726
6723
6721
6721
6720
6719
6719
6719
6718
6718
6717
6717
6717
6716
6715
6715
6715
6713
6709
6708
6708
6708
6707
6707
6706
6704
6704
6702
6701
6700
6698
6697
6696
6692
6692
6691
6690
6689
6689
6688
6687
6685
6685
6685
6685
6684
6684
6684
6683
6680
6679
6679
6678
6678
6675
6674
6673
6672
6671
6670
6669
6668
6668
6666
6666
6666
6665
6664
6664
6663
6660
6658
6657
6654
6654
6653
6652
6651
6650
6648
6648
6647
6646
6646
6645
6645
6645
6644
6643
6641
6636
6636
6636
6633
6631
6631
6631
6631
6631
6630
6628
6628
6627
6627
6627
6626
6625
6624
6623
6623
6623
6623
6622
6622
6621
6620
6620
6619
6618
6615
6614
6614
6613
6613
6612
6610
6610
6609
6609
6608
6605
6605
6605
6604
6604
6603
6602
6601
6599
6598
6598
6597
6596
6596
6595
6594
6594
6594
6593
6592
6591
6589
6588
6588
6586
6585
6584
6584
6584
6583
6583
6583
6583
6580
6580
6576
6575
6575
6572
6569
6569
6569
6568
6568
6568
6567
6566
6565
6565
6565
6564
6564
6561
6561
6558
6555
6555
6553
6553
6552
6551
6550
6549
6548
6546
6545
6545
6544
6544
6542
6541
6541
6541
6540
6540
6539
6538
6538
6537
6537
6536
6535
6535
6535
6533
6532
6531
6529
6529
6529
6528
6528
6527
6524
6524
6523
6523
6519
6519
6518
6517
6517
6516
6516
6513
6513
6513
6512
6505
6504
6503
6499
6494
6494
6493
6491
6491
6489
6484
6484
6484
6482
6482
6481
6480
6479
6478
6478
6478
6477
6476
6474
6474
6474
6473
6472
6471
6470
6470
6468
6466
6466
6463
6463
6462
6462
6461
6460
6460
6459
6459
6458
6455
6452
6451
6451
6450
6449
6449
6448
6448
6448
6447
6447
6447
6446
6445
6444
6442
6442
6441
6440
6440
6438
6438
6438
6438
6436
6435
6433
6432
6432
6431
6430
6430
6429
6429
6429
6427
6427
6427
6425
6425
6425
6424
6424
6424
6423
6420
6417
6417
6417
6416
6414
6414
6414
6413
6412
6412
6410
6409
6409
6407
6404
6404
6402
6402
6402
6402
6399
6396
6395
6394
6393
6393
6392
6392
6391
6390
6390
6389
6388
6387
6386
6386
6386
6386
6384
6382
6382
6381
6381
6378
6376
6375
6373
6370
6370
6369
6368
6367
6366
6365
6365
6363
6363
6362
6359
6359
6358
6357
6354
6353
6353
6352
6352
6350
6350
6349
6349
6347
6346
6344
6344
6344
6344
6343
6341
6339
6338
6338
6336
6335
6333
6331
6331
6330
6328
6326
6326
6325
6324
6321
6320
6318
6318
6317
6316
6314
6314
6314
6313
6312
6311
6311
6311
6311
6309
6308
6307
6306
6305
6304
6304
6303
6301
6300
6299
6298
6298
6297
6296
6296
6295
6295
6295
6293
6292
6292
6292
6292
6291
6291
6291
6290
6288
6288
6288
6287
6286
6286
6285
6285
6285
6283
6283
6282
6282
6281
6281
6279
6277
6275
6275
6274
6273
6272
6272
6271
6271
6271
6269
6267
6267
6265
6263
6262
6262
6261
6261
6261
6257
6257
6256
6256
6255
6254
6254
6254
6253
6246
6244
6244
6243
6242
6242
6242
6241
6241
6235
6234
6233
6232
6232
6231
6231
6230
6229
6229
6228
6228
6228
6228
6228
6227
6227
6226
6225
6224
6219
6217
6217
6215
6215
6215
6215
6214
6214
6213
6210
6210
6209
6208
6208
6207
6207
6206
6206
6204
6203
6200
6199
6199
6199
6198
6198
6196
6196
6195
6195
6194
6191
6189
6187
6187
6187
6187
6186
6186
6186
6185
6184
6183
6183
6183
6182
6181
6180
6179
6178
6178
6177
6175
6174
6172
6172
6171
6171
6171
6170
6170
6169
6167
6167
6166
6165
6164
6162
6160
6157
6156
6154
6153
6152
6151
6149
6149
6148
6145
6145
6144
6142
6141
6141
6140
6140
6139
6138
6137
6137
6137
6136
6136
6135
6135
6135
6134
6131
6131
6130
6130
6129
6128
6126
6126
6126
6126
6126
6125
6124
6123
6123
6121
6121
6121
6120
6120
6120
6119
6118
6117
6117
6114
6112
6111
6108
6108
6107
6107
6107
6106
6105
6104
6103
6101
6101
6100
6100
6100
6099
6099
6099
6098
6096
6094
6092
6088
6087
6087
6086
6086
6085
6083
6081
6080
6080
6080
6080
6079
6078
6078
6078
6077
6076
6074
6073
6072
6071
6069
6069
6067
6066
6064
6064
6064
6062
6062
6061
6060
6059
6057
6056
6056
6056
6055
6054
6054
6054
6053
6052
6051
6046
6045
6044
6042
6042
6041
6041
6040
6038
6035
6033
6032
6031
6031
6027
6027
6026
6025
6024
6023
6023
6023
6023
6022
6021
6021
6019
6019
6017
6015
6015
6014
6014
6012
6010
6009
6008
6008
6007
6007
6006
6006
6005
6005
6004
5999
5997
5997
5996
5995
5995
5994
5994
5993
5993
5993
5992
5990
5990
5990
5990
5990
5989
5989
5989
5989
5988
5988
5987
5986
5986
5985
5984
5984
5984
5984
5983
5983
5982
5981
5981
5977
5976
5976
5975
5974
5974
5973
5970
5970
5969
5968
5967
5965
5964
5964
5963
5963
5963
5962
5960
5959
5958
5958
5957
5956
5954
5953
5952
5950
5950
5949
5949
5946
5943
5943
5942
5940
5939
5938
5938
5936
5936
5935
5935
5934
5934
5934
5932
5931
5929
5927
5925
5924
5923
5923
5923
5915
5914
5914
5913
5912
5912
5911
5911
5909
5909
5905
5904
5903
5902
5901
5900
5899
5899
5897
5897
5896
5896
5895
5893
5892
5891
5891
5890
5889
5889
5889
5888
5887
5885
5884
5883
5883
5882
5882
5881
5881
5881
5880
5880
5879
5879
5878
5878
5876
5876
5875
5875
5875
5875
5873
5873
5867
5866
5866
5866
5865
5865
5864
5858
5857
5856
5856
5855
5850
5850
5849
5849
5848
5848
5848
5847
5847
5845
5845
5843
5843
5842
5842
5841
5841
5839
5839
5838
5837
5835
5835
5835
5835
5834
5834
5833
5833
5832
5830
5829
5829
5829
5829
5827
5827
5825
5823
5823
5822
5821
5819
5819
5818
5818
5817
5817
5817
5816
5816
5809
5808
5807
5806
5804
5802
5802
5802
5801
5801
5799
5799
5799
5797
5797
5797
5796
5794
5793
5792
5792
5792
5789
5787
5787
5784
5784
5783
5782
5781
5781
5780
5779
5777
5776
5775
5774
5773
5772
5771
5770
5768
5764
5764
5762
5762
5761
5758
5758
5756
5755
5752
5752
5751
5744
5744
5744
5742
5742
5742
5742
5741
5739
5739
5739
5737
5737
5735
5734
5734
5734
5733
5733
5732
5732
5731
5728
5728
5726
5725
5724
5724
5723
5723
5723
5723
5722
5722
5721
5720
5720
5719
5718
5718
5717
5716
5715
5715
5713
5713
5712
5712
5712
5712
5709
5708
5708
5708
5707
5707
5706
5706
5706
5702
5702
5702
5701
5699
5699
5699
5698
5697
5697
5696
5696
5695
5695
5695
5695
5693
5693
5693
5692
5690
5688
5688
5687
5686
5686
5685
5685
5684
5683
5681
5681
5679
5678
5678
5678
5677
5676
5676
5676
5675
5675
5675
5674
5674
5673
5672
5670
5670
5669
5669
5668
5666
5666
5664
5664
5663
5661
5660
5660
5660
5660
5659
5658
5657
5657
5656
5655
5655
5655
5653
5653
5649
5649
5649
5648
5648
5647
5647
5644
5644
5642
5642
5642
5642
5641
5641
5641
5640
5639
5637
5636
5635
5635
5633
5631
5629
5628
5625
5625
5625
5624
5624
5623
5622
5621
5620
5619
5618
5617
5615
5615
5615
5613
5610
5609
5608
5607
5605
5604
5600
5598
5598
5598
5597
5595
5592
5588
5586
5585
5585
5583
5583
5581
5579
5579
5579
5578
5578
5577
5576
5575
5574
5574
5573
5573
5572
5569
5567
5566
5565
5564
5563
5563
5562
5562
5562
5562
5561
5561
5561
5559
5558
5557
5556
5555
5554
5554
5553
5553
5552
5549
5548
5547
5546
5543
5543
5541
5540
5540
5537
5536
5536
5534
5534
5533
5533
5533
5531
5531
5530
5530
5529
5526
5526
5526
5524
5523
5522
5522
5522
5520
5519
5518
5517
5517
5514
5514
5513
5513
5510
5510
5509
5508
5508
5505
5500
5498
5497
5496
5496
5496
5494
5493
5491
5491
5490
5489
5487
5487
5486
5486
5486
5485
5485
5484
5482
5482
5482
5481
5481
5480
5479
5475
5474
5473
5472
5472
5471
5471
5470
5470
5469
5469
5469
5469
5466
5465
5463
5463
5463
5461
5460
5460
5459
5459
5457
5456
5456
5455
5454
5452
5452
5451
5450
5450
5450
5449
5449
5449
5447
5447
5446
5445
5445
5442
5442
5441
5441
5440
5438
5438
5437
5436
5434
5434
5433
5433
5433
5432
5430
5430
5428
5427
5426
5425
5423
5423
5422
5420
5416
5415
5413
5413
5411
5409
5407
5407
5406
5405
5403
5403
5401
5400
5399
5398
5398
5398
5396
5396
5395
5395
5394
5394
5392
5390
5389
5387
5387
5384
5383
5382
5379
5375
5373
5372
5372
5371
5371
5371
5370
5368
5368
5366
5366
5364
5364
5363
5363
5363
5362
5358
5357
5357
5356
5355
5354
5351
5350
5349
5348
5347
5347
5342
5341
5341
5339
5337
5336
5335
5334
5334
5333
5332
5330
5328
5327
5326
5323
5323
5321
5321
5319
5319
5317
5316
5314
5312
5311
5311
5309
5308
5308
5308
5308
5307
5307
5305
5304
5304
5302
5301
5299
5299
5299
5297
5296
5293
5290
5288
5288
5288
5288
5288
5287
5286
5285
5285
5284
5283
5283
5282
5281
5281
5281
5280
5279
5279
5277
5276
5276
5276
5275
5275
5275
5275
5275
5274
5273
5272
5271
5269
5268
5267
5266
5266
5264
5264
5263
5263
5262
5260
5258
5257
5255
5254
5253
5252
5251
5251
5250
5247
5246
5244
5243
5243
5242
5242
5242
5237
5237
5236
5235
5233
5233
5231
5231
5231
5231
5229
5229
5229
5228
5227
5226
5226
5225
5224
5223
5220
5217
5217
5215
5214
5213
5211
5210
5209
5209
5209
5208
5208
5207
5207
5207
5205
5205
5201
5201
5201
5201
5199
5198
5198
5197
5197
5197
5197
5193
5193
5192
5192
5187
5185
5184
5183
5182
5181
5181
5180
5179
5179
5175
5175
5174
5173
5167
5167
5167
5167
5167
5167
5166
5166
5165
5164
5163
5163
5162
5162
5160
5160
5157
5156
5155
5152
5150
5150
5148
5146
5146
5146
5144
5143
5142
5142
5139
5139
5139
5138
5136
5134
5134
5134
5133
5132
5131
5131
5130
5128
5128
5127
5127
5126
5126
5125
5124
5124
5122
5121
5120
5119
5118
5118
5118
5115
5115
5114
5113
5112
5110
5109
5109
5106
5106
5105
5105
5100
5099
5098
5097
5096
5096
5094
5093
5092
5092
5091
5089
5088
5087
5087
5087
5087
5087
5087
5084
5082
5081
5080
5078
5077
5075
5074
5074
5072
5069
5068
5067
5064
5063
5063
5062
5062
5060
5060
5059
5059
5058
5058
5057
5057
5056
5055
5055
5054
5054
5054
5051
5048
5045
5044
5044
5043
5042
5041
5040
5039
5038
5036
5036
5036
5036
5034
5034
5033
5033
5032
5032
5032
5031
5031
5029
5028
5027
5027
5027
5026
5026
5026
5024
5024
5023
5020
5019
5019
5019
5018
5017
5017
5017
5017
5017
5015
5014
5014
5013
5011
5010
5009
5009
5008
5007
5006
5006
5005
5002
5001
5000
5000
4998
4997
4996
4996
4996
4996
4994
4994
4993
4992
4990
4989
4989
4989
4988
4988
4986
4986
4983
4982
4981
4980
4979
4978
4976
4972
4972
4971
4970
4970
4969
4967
4965
4964
4964
4963
4963
4962
4962
4960
4959
4957
4957
4956
4956
4952
4952
4948
4948
4947
4947
4946
4945
4944
4943
4942
4942
4941
4938
4938
4938
4937
4937
4936
4936
4936
4936
4936
4934
4932
4930
4930
4928
4925
4924
4922
4922
4920
4920
4919
4917
4917
4914
4911
4910
4909
4908
4908
4908
4907
4905
4904
4904
4904
4903
4902
4902
4901
4900
4899
4898
4897
4896
4895
4894
4894
4894
4893
4892
4890
4888
4888
4884
4882
4881
4880
4877
4877
4876
4876
4876
4874
4874
4872
4870
4869
4869
4868
4868
4864
4863
4863
4863
4862
4861
4859
4858
4856
4856
4856
4855
4854
4851
4851
4850
4849
4849
4849
4848
4848
4847
4846
4846
4845
4845
4845
4844
4842
4839
4838
4837
4837
4835
4835
4835
4834
4830
4830
4830
4830
4829
4825
4825
4824
4824
4822
4821
4819
4819
4818
4818
4814
4814
4813
4813
4812
4812
4811
4810
4809
4806
4806
4805
4804
4803
4803
4802
4802
4801
4801
4799
4797
4796
4793
4791
4791
4791
4789
4789
4788
4788
4787
4787
4784
4783
4783
4780
4779
4778
4778
4777
4777
4776
4775
4775
4774
4773
4772
4772
4770
4768
4766
4766
4764
4760
4759
4757
4756
4753
4751
4749
4748
4748
4747
4747
4745
4745
4744
4744
4740
4740
4739
4738
4738
4738
4737
4735
4734
4734
4732
4732
4731
4731
4729
4729
4727
4726
4725
4725
4723
4722
4721
4721
4720
4718
4716
4716
4715
4715
4714
4714
4713
4712
4712
4712
4711
4711
4711
4710
4710
4710
4710
4706
4706
4706
4706
4705
4705
4704
4703
4703
4696
4695
4694
4693
4692
4690
4690
4690
4686
4686
4684
4682
4682
4681
4681
4680
4679
4677
4674
4674
4672
4671
4668
4667
4667
4665
4664
4663
4662
4661
4661
4661
4658
4657
4657
4657
4654
4652
4650
4650
4649
4647
4647
4646
4646
4645
4645
4644
4642
4639
4637
4634
4634
4634
4632
4631
4628
4627
4627
4627
4626
4625
4625
4623
4623
4623
4622
4622
4620
4618
4615
4614
4612
4611
4610
4607
4606
4605
4604
4602
4599
4598
4597
4596
4595
4595
4594
4590
4587
4584
4583
4582
4582
4580
4580
4580
4579
4579
4578
4577
4577
4577
4575
4574
4573
4572
4569
4569
4569
4568
4568
4568
4565
4564
4562
4560
4559
4559
4558
4557
4557
4556
4556
4555
4554
4553
4552
4552
4551
4549
4548
4548
4548
4547
4547
4546
4546
4546
4545
4545
4545
4544
4544
4544
4543
4543
4541
4538
4537
4535
4535
4535
4534
4533
4533
4532
4531
4530
4530
4529
4529
4529
4529
4528
4527
4526
4525
4525
4524
4521
4521
4520
4519
4519
4518
4517
4517
4517
4515
4515
4513
4511
4510
4510
4510
4508
4508
4507
4506
4505
4505
4504
4504
4504
4503
4502
4502
4500
4500
4500
4500
4499
4496
4495
4495
4495
4493
4493
4493
4493
4492
4492
4492
4491
4490
4490
4488
4487
4487
4486
4485
4483
4480
4479
4478
4475
4473
4471
4470
4470
4469
4469
4468
4468
4467
4466
4464
4461
4461
4459
4456
4455
4455
4455
4454
4454
4454
4453
4452
4452
4448
4445
4445
4445
4444
4442
4441
4441
4439
4439
4438
4438
4438
4438
4436
4435
4431
4431
4430
4430
4430
4428
4426
4426
4425
4424
4424
4423
4420
4419
4419
4419
4417
4416
4415
4414
4412
4409
4409
4407
4407
4406
4403
4402
4402
4401
4399
4399
4398
4394
4392
4391
4389
4388
4387
4385
4379
4378
4374
4373
4373
4371
4371
4370
4370
4369
4368
4368
4368
4363
4360
4360
4360
4359
4359
4359
4357
4357
4357
4356
4355
4353
4353
4353
4350
4349
4349
4343
4341
4341
4340
4338
4336
4335
4335
4330
4327
4326
4324
4324
4324
4323
4322
4322
4321
4320
4319
4319
4315
4315
4311
4311
4310
4307
4305
4302
4302
4301
4299
4298
4297
4296
4296
4294
4293
4292
4292
4291
4291
4290
4290
4289
4288
4287
4287
4286
4286
4281
4279
4279
4277
4276
4275
4272
4272
4270
4269
4266
4266
4264
4263
4263
4261
4261
4261
4260
4259
4259
4258
4256
4256
4256
4254
4254
4253
4252
4250
4249
4245
4245
4244
4243
4243
4242
4242
4239
4236
4234
4233
4232
4231
4231
4231
4229
4228
4227
4227
4227
4226
4226
4226
4225
4225
4223
4221
4221
4219
4218
4217
4217
4216
4216
4216
4215
4215
4213
4212
4209
4208
4206
4205
4205
4204
4203
4203
4200
4198
4197
4196
4194
4194
4193
4193
4192
4191
4191
4188
4188
4187
4187
4185
4185
4184
4183
4181
4181
4180
4179
4178
4177
4175
4175
4174
4171
4171
4169
4168
4167
4167
4164
4162
4161
4160
4159
4159
4155
4155
4154
4154
4153
4153
4153
4152
4151
4151
4148
4148
4147
4147
4146
4146
4146
4137
4137
4135
4133
4131
4131
4129
4127
4127
4125
4125
4122
4121
4120
4119
4118
4117
4116
4116
4116
4116
4114
4113
4113
4108
4108
4107
4106
4105
4104
4103
4102
4101
4101
4100
4097
4097
4096
4094
4093
4091
4090
4089
4088
4087
4087
4085
4084
4083
4083
4083
4081
4081
4081
4078
4077
4077
4075
4074
4074
4073
4073
4072
4072
4071
4070
4069
4069
4069
4068
4067
4067
4066
4066
4065
4065
4063
4063
4062
4062
4061
4061
4059
4059
4058
4057
4056
4056
4055
4052
4052
4048
4047
4043
4043
4040
4039
4038
4036
4036
4035
4034
4033
4030
4030
4030
4027
4025
4025
4021
4021
4020
4020
4018
4017
4014
4012
4010
4009
4009
4009
4008
4007
4006
4006
4004
4004
4003
4002
4002
4001
4000
3998
3998
3996
3996
3995
3993
3992
3991
3991
3991
3991
3990
3989
3988
3987
3986
3985
3985
3983
3982
3981
3981
3979
3977
3977
3977
3975
3974
3973
3968
3967
3964
3963
3963
3961
3960
3959
3957
3957
3956
3954
3953
3950
3949
3949
3949
3946
3946
3945
3943
3942
3942
3939
3939
3935
3934
3932
3932
3932
3932
3932
3931
3930
3929
3928
3927
3927
3926
3925
3925
3925
3923
3923
3923
3923
3921
3921
3920
3918
3916
3916
3915
3914
3914
3914
3913
3912
3912
3911
3909
3905
3905
3903
3901
3898
3898
3897
3897
3896
3895
3892
3892
3890
3890
3889
3889
3889
3886
3885
3883
3883
3882
3881
3881
3880
3879
3879
3877
3875
3875
3872
3871
3871
3870
3869
3865
3863
3863
3862
3861
3860
3857
3857
3857
3856
3856
3855
3854
3853
3851
3850
3850
3849
3848
3847
3844
3843
3841
3840
3839
3837
3835
3835
3835
3834
3834
3834
3834
3833
3833
3830
3829
3827
3827
3826
3825
3825
3821
3820
3819
3818
3818
3818
3818
3817
3816
3815
3814
3814
3813
3813
3811
3811
3811
3810
3808
3807
3806
3805
3805
3805
3804
3803
3801
3800
3799
3798
3798
3798
3797
3796
3796
3796
3796
3794
3794
3791
3790
3790
3790
3789
3786
3785
3785
3784
3783
3783
3781
3781
3781
3780
3777
3776
3773
3773
3773
3773
3772
3770
3769
3768
3768
3768
3767
3766
3766
3765
3764
3760
3758
3757
3756
3756
3754
3753
3752
3751
3751
3749
3748
3747
3747
3747
3746
3745
3744
3744
3743
3743
3740
3740
3740
3740
3739
3738
3736
3736
3735
3733
3733
3733
3733
3732
3732
3732
3731
3731
3730
3727
3727
3722
3722
3722
3721
3719
3719
3718
3717
3717
3717
3717
3716
3715
3714
3711
3711
3710
3710
3710
3709
3709
3708
3707
3707
3707
3706
3706
3705
3704
3704
3703
3701
3701
3698
3698
3695
3693
3693
3689
3689
3688
3688
3687
3685
3681
3681
3680
3680
3675
3674
3672
3671
3671
3671
3671
3669
3667
3665
3665
3665
3664
3664
3664
3663
3660
3659
3659
3659
3659
3659
3658
3655
3655
3654
3654
3654
3653
3652
3652
3651
3651
3651
3650
3649
3649
3649
3648
3647
3646
3646
3645
3643
3641
3641
3641
3641
3640
3639
3639
3639
3638
3637
3637
3635
3634
3633
3632
3632
3629
3626
3626
3625
3625
3625
3624
3620
3620
3619
3618
3618
3616
3614
3614
3613
3613
3612
3611
3609
3609
3608
3608
3607
3605
3603
3603
3603
3602
3602
3595
3594
3593
3592
3592
3591
3591
3589
3589
3589
3584
3583
3583
3582
3581
3580
3580
3580
3580
3577
3576
3572
3571
3570
3570
3569
3569
3568
3568
3565
3565
3564
3562
3561
3561
3561
3558
3557
3557
3555
3554
3554
3553
3549
3547
3545
3544
3543
3543
3541
3541
3539
3539
3538
3537
3535
3532
3531
3531
3529
3528
3528
3526
3526
3526
3524
3521
3518
3518
3517
3517
3516
3514
3511
3510
3506
3505
3504
3504
3504
3503
3500
3500
3499
3499
3499
3498
3497
3495
3492
3490
3490
3489
3489
3489
3488
3488
3486
3484
3483
3483
3482
3482
3482
3481
3480
3479
3478
3478
3472
3471
3468
3466
3466
3466
3465
3465
3464
3464
3463
3461
3460
3458
3458
3457
3457
3455
3453
3453
3452
3451
3451
3450
3449
3448
3447
3447
3446
3446
3444
3443
3443
3441
3441
3440
3439
3438
3437
3437
3435
3433
3433
3429
3429
3428
3428
3427
3427
3426
3426
3425
3425
3425
3425
3422
3421
3421
3420
3419
3418
3417
3416
3415
3415
3415
3414
3414
3413
3413
3412
3412
3411
3411
3411
3410
3409
3409
3409
3408
3407
3406
3406
3406
3405
3402
3402
3401
3400
3400
3398
3398
3397
3395
3395
3395
3393
3393
3392
3391
3390
3390
3389
3389
3385
3383
3382
3379
3378
3378
3377
3377
3377
3376
3376
3374
3374
3372
3372
3371
3368
3367
3366
3366
3365
3363
3363
3362
3362
3361
3360
3360
3360
3359
3356
3355
3354
3354
3353
3353
3351
3350
3350
3347
3347
3346
3344
3344
3344
3341
3341
3337
3336
3336
3336
3336
3335
3332
3330
3328
3327
3327
3326
3325
3324
3322
3321
3320
3316
3315
3314
3314
3312
3312
3310
3309
3308
3308
3308
3308
3307
3306
3306
3306
3304
3304
3304
3304
3301
3300
3300
3300
3299
3298
3297
3297
3296
3296
3295
3295
3294
3294
3294
3293
3292
3291
3288
3288
3287
3287
3286
3286
3284
3281
3281
3278
3278
3277
3277
3276
3275
3274
3274
3273
3269
3269
3268
3267
3267
3266
3263
3263
3262
3261
3261
3261
3259
3259
3258
3256
3255
3254
3253
3250
3249
3248
3247
3247
3245
3244
3244
3244
3244
3242
3242
3242
3241
3236
3234
3234
3233
3233
3232
3231
3229
3229
3224
3221
3220
3220
3220
3219
3219
3219
3218
3218
3218
3218
3217
3217
3216
3216
3214
3213
3213
3209
3209
3208
3206
3202
3199
3199
3197
3193
3192
3191
3191
3190
3190
3188
3188
3187
3186
3186
3185
3185
3183
3183
3183
3182
3181
3180
3179
3179
3178
3178
3178
3177
3177
3177
3175
3175
3175
3175
3174
3174
3173
3172
3172
3171
3169
3168
3168
3165
3163
3163
3160
3157
3156
3154
3154
3154
3151
3150
3149
3149
3148
3145
3144
3143
3140
3140
3140
3140
3139
3139
3139
3138
3137
3136
3134
3134
3133
3133
3131
3131
3129
3127
3127
3125
3123
3122
3120
3120
3119
3119
3116
3116
3116
3115
3114
3113
3113
3112
3111
3110
3107
3107
3107
3107
3105
3105
3104
3104
3103
3101
3098
3097
3096
3095
3095
3095
3095
3095
3094
3093
3093
3093
3092
3090
3090
3090
3089
3087
3087
3087
3086
3085
3081
3081
3080
3079
3079
3078
3078
3077
3076
3076
3074
3074
3074
3074
3073
3073
3073
3070
3069
3068
3067
3067
3066
3066
3066
3065
3065
3063
3062
3062
3061
3061
3061
3060
3059
3057
3055
3055
3054
3052
3051
3051
3050
3048
3048
3047
3045
3045
3043
3042
3038
3037
3035
3029
3029
3028
3026
3025
3025
3025
3022
3021
3021
3020
3020
3018
3018
3016
3015
3015
3015
3008
3007
3006
3005
3005
3005
3004
3003
3003
3003
2999
2999
2999
2998
2998
2996
2996
2995
2994
2993
2993
2992
2992
2990
2988
2988
2987
2985
2985
2984
2983
2983
2978
2977
2977
2976
2975
2972
2971
2971
2970
2969
2968
2968
2967
2965
2965
2963
2963
2962
2961
2961
2957
2957
2956
2955
2954
2952
2951
2951
2950
2950
2948
2946
2945
2944
2941
2941
2940
2940
2939
2935
2934
2933
2933
2932
2928
2928
2927
2926
2925
2924
2924
2923
2922
2922
2919
2916
2915
2915
2915
2915
2914
2913
2912
2912
2911
2911
2910
2910
2908
2907
2907
2904
2903
2903
2901
2899
2898
2897
2897
2896
2895
2893
2893
2893
2893
2892
2891
2891
2890
2888
2888
2887
2887
2886
2884
2884
2883
2883
2883
2883
2881
2879
2879
2877
2876
2874
2873
2873
2872
2871
2871
2871
2870
2869
2865
2865
2861
2860
2859
2859
2858
2858
2858
2856
2856
2855
2855
2851
2849
2848
2848
2846
2845
2845
2843
2841
2840
2838
2837
2837
2833
2832
2830
2830
2829
2829
2827
2827
2825
2825
2823
2823
2822
2822
2821
2821
2820
2820
2817
2816
2816
2814
2813
2810
2809
2809
2809
2808
2806
2803
2801
2800
2800
2799
2797
2796
2796
2795
2793
2793
2791
2791
2788
2788
2786
2786
2785
2784
2780
2777
2777
2775
2774
2773
2771
2770
2770
2769
2769
2769
2768
2767
2765
2764
2764
2764
2763
2760
2760
2759
2757
2757
2756
2754
2753
2752
2752
2752
2751
2749
2748
2746
2745
2742
2741
2740
2737
2737
2737
2734
2734
2733
2730
2729
2728
2727
2726
2726
2725
2723
2720
2720
2718
2718
2715
2715
2714
2713
2712
2711
2710
2710
2709
2708
2708
2708
2700
2700
2699
2698
2698
2698
2696
2695
2693
2692
2690
2690
2690
2687
2684
2683
2680
2680
2678
2676
2676
2675
2675
2674
2673
2673
2672
2672
2669
2669
2669
2668
2668
2667
2667
2667
2667
2664
2663
2662
2660
2660
2659
2658
2656
2654
2653
2652
2647
2647
2645
2645
2645
2644
2643
2641
2640
2640
2639
2638
2636
2636
2634
2632
2631
2631
2629
2628
2627
2627
2624
2623
2621
2621
2620
2620
2618
2616
2615
2614
2613
2612
2611
2610
2610
2607
2606
2606
2602
2602
2602
2601
2600
2598
2598
2597
2597
2596
2595
2594
2594
2593
2592
2591
2591
2590
2590
2590
2588
2583
2582
2579
2579
2577
2575
2573
2573
2573
2573
2572
2571
2570
2569
2568
2568
2567
2567
2567
2567
2566
2564
2563
2562
2562
2562
2562
2561
2559
2559
2558
2553
2553
2550
2549
2549
2549
2547
2545
2543
2541
2538
2537
2536
2535
2535
2533
2533
2532
2530
2530
2523
2523
2522
2517
2515
2515
2515
2513
2513
2512
2511
2510
2509
2508
2508
2505
2505
2503
2503
2502
2502
2500
2500
2499
2498
2498
2498
2498
2498
2496
2496
2496
2495
2494
2493
2488
2488
2486
2486
2486
2486
2484
2484
2484
2484
2484
2483
2482
2482
2482
2482
2481
2478
2477
2477
2475
2472
2470
2470
2470
2469
2468
2468
2467
2466
2466
2465
2465
2465
2465
2462
2461
2461
2461
2460
2455
2452
2450
2449
2448
2448
2448
2447
2447
2445
2445
2445
2444
2444
2442
2442
2439
2439
2438
2437
2437
2435
2434
2434
2433
2429
2428
2428
2427
2427
2425
2425
2424
2424
2422
2418
2418
2415
2415
2415
2414
2413
2412
2411
2410
2409
2407
2407
2406
2406
2406
2405
2404
2403
2403
2401
2398
2398
2395
2394
2393
2392
2391
2390
2390
2390
2389
2389
2389
2389
2387
2386
2380
2378
2377
2376
2376
2375
2375
2373
2373
2372
2371
2371
2370
2368
2367
2366
2366
2364
2363
2363
2363
2363
2361
2361
2360
2360
2359
2358
2358
2356
2354
2352
2349
2344
2344
2343
2343
2343
2341
2341
2341
2339
2339
2338
2338
2337
2337
2337
2336
2334
2333
2332
2331
2331
2329
2329
2326
2324
2323
2323
2321
2320
2319
2319
2317
2317
2316
2315
2315
2314
2314
2313
2313
2311
2308
2307
2307
2307
2305
2305
2304
2302
2301
2301
2300
2300
2298
2298
2298
2297
2296
2296
2295
2295
2295
2292
2287
2287
2287
2287
2287
2286
2285
2283
2282
2282
2282
2281
2279
2278
2277
2277
2275
2273
2273
2273
2271
2268
2263
2262
2261
2261
2260
2257
2256
2256
2255
2253
2253
2253
2250
2249
2249
2247
2247
2247
2247
2247
2245
2245
2245
2245
2245
2244
2241
2241
2240
2239
2236
2236
2236
2236
2234
2234
2233
2232
2232
2231
2230
2230
2230
2227
2226
2226
2225
2224
2221
2220
2219
2218
2217
2217
2216
2216
2216
2213
2212
2211
2210
2209
2208
2207
2206
2206
2206
2204
2201
2201
2198
2197
2197
2196
2194
2193
2193
2192
2191
2188
2188
2187
2187
2186
2185
2184
2182
2181
2181
2181
2180
2180
2179
2177
2176
2175
2174
2172
2169
2168
2168
2168
2168
2167
2167
2165
2161
2161
2159
2159
2158
2157
2156
2153
2152
2151
2151
2149
2149
2148
2148
2148
2146
2146
2145
2141
2140
2140
2140
2139
2138
2136
2135
2135
2133
2133
2132
2130
2129
2129
2126
2126
2125
2125
2124
2122
2120
2120
2119
2119
2113
2113
2113
2109
2107
2107
2107
2106
2099
2099
2099
2098
2097
2097
2097
2097
2097
2097
2096
2096
2095
2095
2095
2093
2093
2090
2089
2086
2086
2083
2083
2083
2082
2081
2081
2080
2080
2079
2078
2076
2074
2074
2072
2070
2070
2068
2065
2064
2063
2061
2059
2059
2059
2058
2057
2053
2052
2051
2051
2050
2049
2047
2047
2046
2045
2040
2040
2039
2039
2039
2038
2035
2035
2034
2034
2033
2031
2029
2029
2025
2025
2024
2023
2021
2020
2019
2018
2017
2013
2013
2013
2011
2009
2007
2006
2004
2001
2001
2000
1995
1995
1994
1994
1994
1992
1992
1991
1991
1991
1990
1990
1989
1988
1987
1986
1984
1984
1983
1982
1982
1981
1980
1979
1978
1978
1977
1976
1976
1976
1974
1973
1967
1967
1966
1963
1963
1963
1962
1961
1959
1958
1957
1954
1954
1954
1953
1951
1950
1949
1949
1948
1948
1948
1948
1947
1946
1944
1942
1942
1941
1940
1939
1939
1939
1936
1935
1935
1935
1935
1934
1927
1925
1924
1921
1921
1921
1919
1915
1913
1912
1912
1911
1910
1909
1908
1905
1904
1902
1901
1901
1900
1899
1898
1897
1896
1895
1894
1891
1891
1890
1888
1887
1887
1886
1885
1884
1883
1882
1882
1882
1882
1882
1880
1879
1878
1877
1876
1875
1874
1871
1871
1869
1869
1868
1868
1867
1866
1866
1866
1864
1863
1863
1861
1860
1859
1856
1855
1855
1854
1852
1852
1852
1852
1851
1851
1850
1850
1848
1848
1847
1846
1845
1842
1841
1840
1840
1840
1839
1839
1837
1836
1833
1833
1831
1830
1830
1827
1827
1826
1826
1826
1822
1822
1819
1818
1817
1817
1816
1814
1814
1812
1811
1811
1810
1809
1809
1808
1806
1805
1804
1804
1802
1802
1801
1801
1800
1798
1798
1795
1794
1792
1791
1789
1788
1787
1784
1782
1782
1781
1781
1774
1774
1774
1773
1772
1769
1767
1766
1766
1766
1765
1764
1764
1763
1763
1763
1762
1761
1761
1761
1760
1760
1760
1759
1758
1757
1757
1756
1756
1755
1755
1754
1752
1751
1751
1748
1748
1748
1747
1746
1746
1745
1745
1745
1744
1741
1741
1740
1740
1738
1738
1738
1737
1736
1736
1736
1733
1733
1733
1733
1732
1731
1730
1729
1729
1728
1728
1728
1728
1728
1728
1727
1725
1724
1722
1722
1721
1721
1721
1721
1720
1720
1720
1719
1719
1718
1718
1713
1713
1710
1709
1707
1706
1705
1705
1704
1704
1703
1701
1701
1700
1700
1699
1699
1698
1697
1694
1692
1691
1691
1690
1689
1688
1687
1687
1687
1684
1682
1681
1680
1679
1678
1677
1676
1674
1673
1672
1671
1671
1670
1670
1668
1668
1665
1664
1664
1662
1661
1660
1656
1655
1654
1650
1647
1647
1646
1645
1643
1643
1641
1640
1640
1639
1638
1638
1637
1637
1637
1636
1632
1630
1627
1627
1626
1624
1622
1620
1619
1619
1618
1618
1617
1617
1615
1614
1613
1613
1613
1612
1612
1612
1611
1610
1610
1609
1608
1608
1607
1605
1604
1603
1603
1601
1601
1600
1600
1597
1597
1597
1595
1592
1591
1590
1589
1587
1585
1584
1584
1584
1584
1584
1584
1583
1583
1582
1582
1579
1579
1579
1577
1574
1574
1572
1571
1569
1566
1565
1562
1562
1562
1561
1560
1560
1560
1559
1557
1557
1556
1555
1553
1552
1552
1551
1549
1549
1549
1548
1548
1547
1546
1545
1545
1545
1544
1542
1542
1540
1540
1538
1538
1538
1537
1536
1536
1536
1536
1535
1535
1534
1531
1530
1529
1528
1527
1527
1523
1522
1521
1519
1519
1519
1518
1517
1517
1516
1515
1514
1508
1506
1506
1505
1503
1502
1502
1501
1500
1500
1499
1499
1498
1498
1496
1494
1493
1493
1492
1492
1492
1491
1491
1488
1487
1484
1484
1483
1482
1482
1482
1481
1475
1474
1473
1473
1473
1473
1469
1468
1467
1467
1467
1465
1465
1463
1463
1462
1462
1462
1462
1461
1461
1459
1456
1455
1453
1453
1452
1451
1451
1451
1451
1450
1448
1447
1447
1445
1445
1445
1444
1444
1442
1441
1441
1441
1441
1441
1439
1438
1437
1437
1435
1433
1432
1432
1432
1430
1430
1430
1425
1424
1424
1424
1423
1422
1422
1422
1421
1421
1420
1419
1418
1417
1413
1412
1412
1411
1410
1410
1409
1408
1407
1407
1405
1405
1404
1403
1402
1402
1401
1401
1400
1400
1398
1397
1396
1393
1392
1391
1390
1389
1387
1386
1386
1382
1380
1380
1380
1379
1378
1375
1375
1375
1373
1370
1365
1365
1364
1363
1363
1363
1363
1363
1363
1362
1357
1357
1355
1352
1352
1352
1352
1352
1350
1347
1347
1346
1343
1342
1340
1340
1340
1339
1338
1337
1337
1336
1334
1334
1333
1330
1329
1329
1328
1327
1326
1326
1325
1324
1323
1322
1322
1320
1320
1319
1319
1319
1318
1318
1317
1315
1315
1314
1313
1312
1312
1310
1308
1308
1307
1306
1305
1303
1303
1302
1301
1299
1297
1296
1295
1294
1293
1292
1291
1291
1290
1290
1290
1289
1288
1287
1287
1286
1285
1285
1285
1285
1284
1283
1282
1282
1281
1278
1278
1278
1277
1277
1277
1276
1276
1271
1269
1269
1268
1268
1267
1265
1265
1262
1261
1260
1260
1259
1259
1258
1258
1257
1257
1254
1254
1254
1254
1253
1252
1251
1250
1249
1249
1248
1245
1243
1243
1242
1242
1238
1236
1235
1233
1233
1232
1231
1231
1231
1230
1228
1228
1227
1227
1226
1225
1225
1225
1224
1224
1222
1220
1220
1218
1216
1214
1214
1214
1212
1211
1209
1209
1206
1205
1205
1204
1203
1202
1200
1199
1197
1196
1194
1193
1193
1192
1192
1189
1188
1187
1184
1184
1183
1182
1182
1181
1175
1175
1174
1174
1174
1172
1171
1171
1169
1169
1167
1167
1167
1166
1165
1164
1163
1162
1156
1154
1154
1153
1150
1150
1149
1149
1149
1146
1144
1144
1143
1142
1142
1140
1140
1139
1137
1137
1137
1135
1135
1133
1132
1131
1130
1130
1129
1129
1128
1128
1128
1127
1127
1127
1127
1125
1124
1121
1121
1121
1121
1120
1118
1117
1117
1117
1117
1116
1115
1115
1111
1110
1108
1107
1106
1105
1104
1103
1102
1102
1101
1100
1100
1098
1098
1097
1097
1096
1096
1095
1094
1091
1091
1091
1089
1088
1088
1088
1086
1086
1086
1085
1083
1083
1082
1079
1078
1077
1077
1076
1074
1074
1074
1074
1074
1073
1072
1071
1070
1068
1068
1066
1065
1063
1062
1060
1059
1057
1057
1057
1056
1056
1056
1055
1055
1049
1048
1047
1047
1045
1045
1043
1043
1039
1038
1038
1037
1034
1032
1029
1026
1025
1019
1019
1018
1017
1017
1016
1011
1010
1010
1010
1009
1008
1008
1008
1008
1008
1005
1005
1004
1002
1002
998
997
996
996
996
995
994
994
993
991
989
988
988
987
987
987
984
983
982
982
979
977
975
975
974
973
973
972
971
970
969
967
967
966
965
963
963
961
959
956
956
956
955
954
954
953
952
951
950
950
948
947
947
946
946
945
941
938
937
936
933
933
933
932
931
931
931
930
930
929
928
928
927
927
925
925
923
923
922
919
919
916
916
915
915
915
913
912
912
912
912
911
910
910
908
907
907
907
906
906
906
906
905
904
902
902
901
901
901
900
899
898
898
897
895
894
892
889
888
885
884
883
882
879
879
879
879
877
876
875
875
875
874
873
872
871
871
870
869
867
866
863
862
860
854
852
850
850
849
849
848
846
845
844
843
843
841
841
841
840
838
837
835
835
832
832
832
832
831
829
829
829
828
828
827
826
824
823
822
822
822
813
811
811
810
810
809
808
808
808
806
805
801
801
800
800
798
797
795
795
793
791
791
789
787
786
785
783
782
781
781
781
781
779
776
776
776
776
775
774
773
773
771
771
771
770
769
769
768
767
766
765
765
764
764
764
764
763
761
759
757
756
756
755
755
755
752
752
752
751
750
750
750
748
747
746
746
742
737
737
736
736
734
734
733
731
731
730
728
727
727
726
722
720
718
717
717
716
714
714
714
713
709
708
706
706
705
704
704
703
703
702
702
701
700
700
700
697
697
694
692
689
689
688
686
686
681
680
679
679
678
678
678
677
675
674
674
672
672
671
671
671
669
669
667
666
666
666
665
664
660
659
659
658
654
654
653
652
650
648
647
645
644
643
643
643
643
641
641
639
639
639
637
637
636
636
636
634
634
634
634
632
632
630
624
623
623
618
618
618
618
615
613
612
610
610
608
608
606
606
606
605
600
599
597
596
595
594
594
593
592
592
592
591
591
590
590
587
583
583
581
578
576
573
572
571
571
571
571
570
569
566
566
566
565
565
565
561
560
559
559
559
559
556
556
556
556
555
555
555
554
554
554
554
553
553
552
552
551
549
548
548
547
547
546
544
543
543
540
540
540
537
536
535
535
534
534
533
532
532
531
531
531
529
528
528
528
524
522
521
520
518
516
513
511
511
510
510
509
509
509
508
508
508
505
503
503
501
499
499
499
498
496
495
494
493
493
493
492
491
490
488
488
487
486
484
484
484
482
482
481
480
480
477
476
476
475
474
474
473
469
468
467
465
465
462
462
462
459
459
458
457
457
456
456
453
453
453
452
450
450
448
448
447
447
445
444
444
443
443
443
441
441
441
436
435
435
434
433
432
432
430
430
429
429
428
426
425
425
425
424
424
423
422
422
422
421
421
419
419
419
417
417
416
413
412
409
409
409
408
408
407
407
406
406
406
406
405
404
404
402
402
401
399
399
398
398
397
397
395
395
395
394
390
389
389
388
388
387
387
386
386
383
383
382
382
381
381
379
378
378
377
376
375
373
372
371
370
369
368
368
367
366
366
363
360
357
355
353
353
353
353
352
352
351
351
350
348
345
344
342
342
342
340
340
339
339
338
337
336
335
335
332
331
330
329
329
327
327
324
324
323
323
322
322
321
320
320
315
315
314
311
311
310
308
307
307
307
306
306
304
301
300
299
298
297
296
292
291
291
290
289
287
287
286
285
285
285
285
285
283
283
282
282
281
280
280
280
279
278
278
277
276
276
275
275
274
271
270
270
269
268
267
266
266
265
264
263
262
261
260
260
259
259
258
257
257
257
257
256
256
255
254
253
253
252
252
250
250
249
249
249
246
246
244
243
242
241
240
240
240
240
239
239
238
237
232
232
231
229
227
227
227
225
225
224
224
223
223
223
222
222
221
219
217
216
216
214
213
211
210
210
209
208
208
208
207
206
204
202
201
200
200
200
199
198
197
197
193
191
191
191
191
190
189
189
187
186
184
184
183
183
179
179
177
175
175
174
174
172
171
169
169
168
168
166
166
166
165
162
162
162
160
160
160
159
158
155
155
154
153
152
151
148
147
147
146
146
146
145
145
144
143
143
142
140
138
138
137
135
134
134
134
130
130
128
128
126
126
126
124
122
122
120
119
119
118
117
116
113
112
112
112
112
110
109
109
108
107
104
104
103
103
102
102
102
101
100
97
97
97
96
96
96
96
95
94
94
92
92
91
89
89
88
88
86
86
86
85
85
84
82
82
80
80
80
80
78
77
75
74
74
73
73
71
69
68
67
67
65
65
63
61
61
60
59
57
57
55
55
55
54
53
53
53
52
52
51
50
50
49
48
45
45
41
40
40
40
36
36
35
33
31
29
27
26
23
22
22
17
15
15
15
15
15
13
12
9
9
6
5
1
1
