9999
9995
9994
9991
9990
9986
9982
9980
9980
9977
9976
9976
9975
9975
9975
9974
9974
9973
9970
9969
9969
9968
9968
9968
9966
9966
9965
9964
9963
9962
9961
9960
9958
9958
9956
9954
9952
9952
9951
9947
9947
9947
9946
9943
9942
9942
9939
9939
9937
9936
9934
9932
9932
9931
9928
9928
9927
9923
9922
9922
9920
9919
9918
9917
9915
9915
9915
9915
9914
9914
9913
9912
9912
9912
9909
9907
9907
9905
9905
9905
9903
9901
9893
9893
9892
9892
9891
9891
9888
9887
9887
9885
9885
9881
9880
9879
9877
9876
9875
9873
9873
9870
9868
9867
9866
9864
9863
9862
9861
9858
9858
9857
9856
9856
9853
9852
9851
9850
9850
9850
9850
9845
9845
9844
9844
9844
9843
9843
9842
9842
9842
9842
9841
9838
9837
9837
9837
9836
9835
9835
9835
9835
9832
9832
9831
9831
9830
9828
9827
9826
9818
9817
9816
9814
9814
9814
9812
9811
9810
9809
9809
9808
9807
9806
9805
9800
9799
9799
9799
9797
9797
9797
9795
9794
9793
9792
9792
9792
9791
9790
9790
9789
9788
9787
9786
9784
9783
9782
9781
9780
9780
9779
9777
9776
9775
9774
9773
9773
9773
9772
9772
9771
9769
9768
9767
9766
9765
9764
9764
9764
9762
9760
9759
9759
9759
9758
9756
9750
9749
9748
9747
9746
9746
9745
9745
9742
9742
9740
9739
9737
9736
9734
9734
9733
9732
9730
9729
9728
9727
9726
9726
9725
9724
9723
9723
9722
9721
9721
9719
9718
9717
9717
9717
9715
9714
9713
9713
9712
9712
9711
9710
9706
9706
9705
9702
9700
9697
9697
9697
9696
9696
9695
9694
9692
9691
9689
9689
9688
9686
9685
9684
9683
9681
9680
9679
9678
9674
9674
9672
9670
9670
9670
9669
9668
9668
9667
9666
9665
9665
9663
9662
9660
9658
9658
9658
9657
9654
9653
9653
9653
9653
9651
9650
9649
9645
9645
9644
9643
9642
9642
9639
9636
9632
9631
9631
9630
9630
9630
9626
9625
9624
9622
9621
9621
9620
9619
9619
9618
9618
9616
9613
9612
9612
9611
9610
9610
9610
9609
9609
9608
9607
9607
9603
9602
9601
9601
9600
9600
9600
9599
9599
9599
9599
9598
9597
9595
9595
9594
9594
9593
9593
9592
9591
9588
9587
9587
9586
9586
9585
9585
9581
9580
9578
9577
9576
9575
9573
9572
9572
9572
9570
9568
9567
9567
9564
9563
9563
9563
9561
9561
9553
9552
9552
9551
9550
9550
9550
9549
9549
9548
9548
9548
9545
9545
9544
9543
9541
9541
9541
9540
9539
9538
9536
9536
9536
9533
9533
9533
9531
9531
9530
9530
9529
9529
9528
9527
9525
9524
9524
9524
9524
9523
9522
9521
9521
9519
9518
9516
9514
9513
9513
9512
9509
9509
9509
9507
9506
9503
9502
9501
9501
9500
9499
9498
9497
9496
9496
9495
9495
9493
9492
9491
9490
9490
9488
9488
9487
9486
9485
9485
9483
9482
9479
9476
9474
9471
9471
9468
9468
9468
9468
9466
9465
9464
9460
9460
9459
9456
9455
9455
9454
9453
9452
9449
9447
9446
9446
9443
9442
9441
9439
9437
9435
9435
9434
9434
9433
9427
9426
9426
9423
9422
9419
9419
9417
9417
9417
9416
9416
9414
9412
9412
9410
9410
9409
9407
9406
9405
9404
9402
9402
9402
9402
9398
9397
9396
9395
9395
9390
9389
9388
9387
9387
9387
9387
9382
9382
9380
9380
9380
9380
9378
9378
9374
9373
9372
9372
9372
9370
9369
9369
9369
9368
9368
9366
9364
9364
9363
9363
9361
9361
9361
9360
9359
9356
9355
9353
9353
9353
9353
9352
9351
9351
9349
9349
9346
9345
9344
9344
9341
9341
9338
9335
9335
9335
9335
9335
9332
9332
9331
9330
9329
9326
9326
9323
9322
9320
9318
9317
9317
9316
9313
9311
9311
9309
9308
9307
9306
9299
9297
9297
9297
9297
9296
9294
9294
9294
9293
9293
9291
9291
9290
9287
9287
9285
9284
9284
9283
9283
9283
9282
9282
9281
9281
9279
9279
9278
9275
9273
9271
9271
9270
9270
9269
9268
9268
9268
9268
9268
9268
9267
9267
9265
9263
9260
9258
9255
9255
9255
9255
9254
9252
9252
9251
9251
9251
9251
9251
9250
9248
9246
9246
9245
9244
9240
9239
9239
9238
9238
9237
9237
9237
9236
9235
9233
9229
9228
9227
9227
9225
9222
9219
9218
9218
9216
9216
9216
9215
9212
9211
9211
9208
9208
9204
9204
9201
9201
9199
9199
9197
9196
9196
9192
9191
9190
9189
9189
9189
9187
9186
9183
9181
9180
9178
9177
9177
9177
9174
9173
9173
9172
9172
9171
9168
9166
9166
9162
9162
9161
9161
9161
9160
9159
9158
9157
9155
9153
9152
9152
9150
9148
9146
9146
9145
9144
9144
9143
9143
9141
9140
9140
9140
9140
9139
9139
9138
9137
9137
9136
9135
9135
9132
9132
9131
9129
9128
9128
9127
9127
9127
9124
9123
9122
9122
9120
9118
9118
9117
9117
9115
9115
9113
9112
9111
9111
9109
9108
9107
9105
9104
9103
9102
9102
9101
9100
9100
9097
9096
9094
9094
9094
9094
9093
9090
9090
9090
9089
9087
9085
9084
9083
9081
9081
9078
9077
9073
9071
9071
9069
9069
9069
9069
9068
9067
9067
9067
9066
9064
9063
9062
9059
9056
9055
9053
9053
9053
9052
9052
9052
9051
9050
9050
9049
9048
9048
9047
9046
9045
9044
9043
9041
9041
9040
9040
9039
9038
9036
9032
9028
9025
9025
9024
9020
9020
9019
9018
9017
9015
9015
9015
9014
9014
9013
9013
9012
9008
9008
9007
9006
9006
9004
8999
8997
8997
8994
8994
8993
8991
8988
8988
8987
8985
8984
8983
8983
8982
8982
8981
8981
8976
8976
8971
8971
8970
8969
8969
8967
8966
8966
8964
8961
8959
8959
8958
8957
8956
8955
8954
8954
8953
8951
8951
8951
8951
8951
8949
8948
8946
8945
8943
8943
8941
8941
8940
8938
8935
8934
8934
8933
8932
8931
8929
8929
8926
8924
8924
8922
8919
8914
8912
8910
8909
8909
8904
8904
8903
8903
8902
8902
8901
8898
8897
8897
8896
8896
8894
8893
8893
8892
8891
8890
8890
8889
8887
8885
8884
8884
8882
8882
8882
8880
8880
8879
8879
8878
8877
8875
8875
8875
8874
8873
8872
8871
8870
8869
8868
8867
8867
8866
8866
8862
8860
8859
8858
8858
8858
8857
8855
8855
8855
8854
8854
8854
8852
8850
8850
8849
8848
8847
8844
8841
8840
8840
8839
8839
8838
8837
8836
8836
8835
8832
8830
8828
8826
8825
8825
8825
8823
8823
8822
8821
8821
8820
8819
8817
8816
8816
8815
8815
8815
8814
8814
8812
8812
8810
8810
8808
8807
8805
8803
8803
8802
8801
8800
8799
8799
8798
8798
8797
8797
8796
8794
8794
8793
8792
8792
8791
8791
8791
8789
8788
8788
8787
8785
8785
8784
8784
8779
8778
8776
8775
8774
8774
8773
8773
8773
8773
8772
8771
8771
8770
8768
8768
8768
8765
8764
8763
8762
8762
8762
8759
8758
8757
8757
8755
8753
8752
8752
8752
8752
8751
8751
8749
8748
8747
8746
8746
8745
8744
8743
8743
8743
8743
8741
8741
8741
8739
8739
8738
8738
8735
8735
8733
8732
8727
8726
8726
8724
8723
8722
8721
8720
8719
8719
8718
8718
8717
8717
8716
8716
8714
8713
8712
8711
8711
8705
8705
8704
8703
8700
8699
8699
8697
8694
8694
8692
8690
8689
8688
8686
8683
8683
8681
8680
8678
8675
8674
8673
8673
8671
8670
8668
8667
8666
8666
8666
8664
8663
8663
8662
8658
8657
8656
8656
8656
8655
8655
8655
8654
8654
8652
8652
8650
8650
8650
8648
8647
8647
8646
8644
8644
8642
8641
8640
8639
8639
8639
8638
8636
8635
8632
8631
8629
8628
8624
8621
8620
8620
8619
8618
8618
8616
8616
8615
8614
8613
8613
8612
8611
8611
8611
8610
8609
8609
8608
8607
8607
8605
8603
8603
8602
8602
8599
8594
8593
8593
8593
8591
8591
8589
8589
8588
8587
8586
8584
8581
8581
8580
8579
8577
8575
8575
8573
8573
8573
8573
8571
8569
8569
8567
8567
8566
8562
8560
8558
8558
8558
8558
8557
8557
8557
8556
8555
8554
8553
8553
8551
8548
8547
8544
8541
8540
8539
8539
8537
8536
8536
8535
8535
8534
8534
8533
8529
8527
8525
8524
8523
8523
8521
8517
8517
8516
8515
8513
8512
8512
8512
8510
8508
8505
8504
8503
8503
8502
8502
8502
8501
8500
8499
8498
8498
8497
8497
8496
8496
8495
8494
8494
8493
8490
8490
8488
8487
8487
8486
8485
8485
8483
8480
8480
8478
8478
8477
8469
8469
8469
8467
8464
8463
8462
8462
8462
8461
8461
8460
8460
8459
8459
8458
8457
8456
8454
8454
8453
8453
8453
8451
8450
8450
8449
8449
8449
8449
8449
8448
8447
8445
8445
8444
8439
8436
8436
8434
8433
8430
8430
8428
8424
8423
8421
8420
8419
8419
8419
8415
8415
8410
8410
8409
8408
8407
8406
8405
8403
8402
8400
8397
8397
8396
8396
8395
8395
8395
8394
8393
8393
8393
8392
8392
8389
8389
8388
8388
8387
8386
8385
8385
8384
8384
8384
8384
8384
8381
8380
8380
8379
8379
8379
8376
8376
8374
8374
8373
8373
8371
8371
8370
8369
8368
8367
8366
8364
8362
8361
8360
8360
8357
8356
8356
8354
8353
8350
8350
8349
8349
8349
8349
8347
8346
8344
8343
8343
8342
8342
8342
8340
8340
8340
8339
8338
8338
8337
8337
8337
8337
8336
8336
8335
8332
8330
8329
8326
8326
8326
8325
8324
8323
8323
8322
8322
8322
8321
8319
8318
8317
8316
8316
8315
8312
8312
8311
8310
8309
8309
8309
8308
8306
8305
8304
8304
8303
8301
8300
8299
8298
8297
8296
8293
8292
8292
8291
8291
8290
8289
8288
8288
8288
8288
8288
8286
8285
8284
8283
8283
8282
8279
8276
8275
8275
8275
8273
8272
8268
8266
8266
8265
8265
8264
8264
8263
8262
8262
8261
8261
8259
8259
8259
8259
8255
8254
8252
8249
8249
8247
8245
8245
8244
8243
8242
8242
8241
8240
8240
8238
8237
8233
8232
8231
8228
8228
8226
8226
8225
8225
8222
8222
8217
8215
8214
8214
8211
8210
8209
8208
8207
8206
8205
8204
8201
8200
8200
8199
8197
8197
8196
8196
8192
8192
8191
8190
8189
8189
8189
8188
8188
8187
8187
8181
8180
8180
8178
8177
8177
8177
8176
8175
8174
8174
8174
8172
8172
8171
8171
8170
8168
8168
8166
8166
8166
8164
8164
8163
8161
8161
8161
8160
8160
8160
8158
8158
8158
8152
8152
8152
8151
8151
8151
8150
8149
8148
8148
8148
8147
8144
8144
8143
8143
8143
8142
8142
8141
8141
8141
8140
8138
8136
8135
8133
8130
8130
8129
8129
8127
8127
8126
8126
8126
8124
8124
8123
8123
8121
8120
8119
8115
8113
8110
8110
8110
8109
8109
8109
8105
8104
8104
8101
8099
8099
8098
8098
8097
8097
8096
8096
8095
8093
8093
8090
8090
8088
8088
8088
8087
8084
8083
8083
8082
8081
8080
8079
8078
8077
8076
8075
8071
8069
8069
8068
8067
8066
8064
8063
8063
8063
8062
8061
8061
8060
8060
8059
8057
8056
8056
8054
8053
8053
8053
8052
8051
8051
8049
8047
8046
8045
8044
8044
8044
8044
8044
8043
8043
8043
8043
8042
8041
8039
8037
8037
8036
8036
8034
8034
8032
8031
8030
8028
8027
8026
8025
8024
8022
8022
8020
8017
8015
8015
8014
8013
8012
8011
8010
8009
8009
8009
8008
8007
8006
8005
8004
8004
8003
8003
8002
8001
8000
7996
7996
7992
7988
7988
7987
7983
7983
7983
7982
7982
7982
7981
7981
7980
7980
7978
7977
7976
7976
7975
7974
7974
7971
7970
7970
7970
7967
7966
7966
7964
7963
7963
7963
7960
7959
7958
7958
7957
7954
7954
7954
7952
7952
7952
7952
7952
7950
7948
7947
7946
7945
7945
7944
7942
7941
7940
7938
7937
7937
7936
7934
7933
7933
7931
7929
7928
7927
7927
7927
7925
7924
7923
7921
7919
7919
7918
7918
7918
7917
7917
7916
7916
7916
7916
7915
7915
7915
7912
7911
7910
7910
7909
7909
7904
7903
7902
7902
7898
7898
7898
7898
7897
7897
7896
7896
7893
7891
7891
7890
7889
7888
7888
7886
7886
7885
7884
7883
7882
7882
7882
7881
7880
7880
7879
7878
7875
7872
7872
7871
7871
7869
7869
7865
7862
7862
7861
7861
7860
7857
7856
7854
7854
7853
7851
7851
7848
7848
7846
7846
7844
7844
7842
7842
7842
7841
7840
7840
7840
7839
7838
7836
7835
7835
7835
7833
7832
7832
7832
7831
7830
7830
7829
7827
7827
7826
7826
7825
7824
7823
7821
7819
7818
7818
7817
7816
7814
7813
7812
7811
7810
7810
7809
7809
7806
7805
7803
7803
7802
7801
7800
7800
7797
7795
7793
7793
7792
7792
7791
7791
7789
7789
7789
7789
7788
7787
7786
7785
7783
7781
7780
7778
7777
7775
7774
7774
7773
7773
7773
7772
7771
7769
7769
7767
7766
7763
7763
7762
7762
7759
7758
7758
7757
7756
7756
7755
7753
7753
7752
7750
7750
7750
7750
7749
7748
7746
7743
7743
7742
7740
7738
7737
7735
7735
7732
7731
7730
7729
7728
7728
7726
7725
7723
7723
7722
7721
7721
7720
7719
7718
7718
7717
7716
7714
7713
7712
7712
7711
7709
7707
7707
7705
7705
7704
7702
7700
7700
7699
7698
7695
7694
7694
7694
7692
7691
7690
7688
7688
7686
7685
7684
7676
7675
7675
7674
7670
7669
7669
7668
7668
7668
7668
7668
7667
7666
7665
7662
7660
7657
7654
7652
7652
7652
7649
7649
7648
7647
7647
7646
7646
7645
7643
7642
7641
7639
7639
7637
7637
7637
7636
7635
7635
7635
7633
7632
7631
7631
7631
7631
7628
7626
7626
7626
7625
7625
7623
7622
7621
7617
7617
7615
7615
7612
7612
7611
7610
7610
7609
7609
7609
7609
7608
7607
7606
7604
7602
7602
7602
7601
7600
7600
7598
7598
7596
7595
7593
7592
7592
7591
7591
7589
7588
7588
7587
7587
7586
7585
7584
7582
7582
7581
7580
7580
7580
7580
7579
7578
7578
7578
7578
7576
7573
7573
7572
7571
7570
7569
7568
7568
7568
7567
7565
7564
7564
7564
7563
7562
7560
7557
7554
7553
7553
7548
7548
7546
7545
7544
7544
7543
7542
7541
7540
7540
7539
7539
7538
7538
7538
7537
7536
7535
7535
7534
7533
7533
7532
7531
7530
7527
7525
7524
7522
7521
7521
7521
7520
7519
7517
7517
7516
7516
7515
7515
7515
7514
7513
7513
7512
7510
7510
7510
7509
7509
7506
7504
7502
7501
7500
7500
7500
7500
7500
7499
7499
7498
7497
7494
7493
7492
7491
7489
7487
7486
7486
7486
7486
7485
7484
7484
7484
7483
7483
7481
7480
7480
7479
7479
7477
7477
7476
7476
7476
7475
7475
7474
7472
7470
7469
7468
7468
7468
7466
7466
7465
7463
7463
7460
7459
7458
7457
7456
7454
7453
7452
7452
7451
7451
7451
7450
7450
7449
7449
7448
7447
7447
7446
7445
7445
7444
7442
7441
7441
7440
7440
7439
7438
7436
7436
7435
7435
7434
7433
7432
7431
7430
7430
7429
7427
7423
7422
7419
7418
7418
7418
7417
7417
7416
7413
7412
7410
7406
7406
7406
7406
7404
7402
7401
7399
7397
7395
7395
7394
7392
7392
7391
7390
7389
7388
7387
7387
7385
7385
7383
7383
7383
7381
7381
7380
7379
7378
7375
7373
7371
7369
7368
7367
7367
7365
7365
7365
7364
7363
7363
7363
7362
7361
7360
7359
7358
7358
7357
7356
7354
7353
7352
7350
7348
7347
7344
7343
7343
7342
7340
7339
7338
7337
7337
7336
7335
7332
7330
7328
7327
7326
7325
7325
7325
7324
7321
7319
7318
7316
7316
7313
7312
7312
7312
7312
7311
7311
7309
7309
7309
7308
7308
7307
7307
7307
7304
7304
7303
7302
7302
7301
7301
7300
7300
7300
7297
7297
7297
7297
7297
7295
7294
7294
7289
7289
7289
7288
7288
7287
7287
7287
7287
7285
7284
7282
7281
7280
7280
7277
7276
7275
7275
7274
7274
7273
7272
7270
7270
7264
7264
7257
7256
7255
7255
7255
7253
7252
7252
7250
7248
7245
7244
7243
7242
7242
7241
7240
7240
7240
7238
7237
7237
7236
7236
7235
7232
7232
7231
7229
7228
7228
7227
7225
7224
7223
7222
7222
7220
7220
7220
7218
7217
7216
7216
7215
7213
7210
7209
7209
7206
7205
7205
7205
7202
7202
7202
7200
7200
7198
7197
7197
7197
7196
7196
7195
7195
7193
7192
7191
7191
7191
7190
7190
7190
7190
7189
7186
7186
7186
7184
7181
7180
7180
7179
7179
7179
7178
7177
7177
7177
7176
7176
7175
7174
7174
7173
7173
7172
7170
7170
7169
7169
7167
7166
7165
7165
7164
7163
7161
7160
7160
7159
7159
7157
7156
7156
7155
7150
7150
7150
7149
7149
7149
7148
7148
7147
7147
7146
7145
7145
7144
7144
7143
7143
7141
7141
7140
7139
7138
7137
7136
7136
7136
7135
7135
7135
7134
7134
7131
7130
7128
7127
7126
7125
7124
7123
7122
7121
7120
7120
7119
7116
7116
7113
7113
7113
7113
7112
7111
7110
7110
7109
7108
7107
7107
7106
7105
7105
7103
7103
7103
7102
7102
7101
7101
7100
7099
7098
7098
7093
7093
7093
7091
7091
7089
7087
7087
7085
7084
7083
7083
7082
7082
7081
7080
7080
7075
7075
7073
7072
7070
7068
7068
7068
7067
7067
7065
7063
7061
7060
7058
7053
7052
7051
7051
7050
7050
7049
7048
7047
7046
7044
7042
7042
7038
7036
7034
7034
7032
7030
7029
7027
7026
7023
7022
7022
7021
7019
7018
7017
7014
7013
7013
7013
7011
7011
7010
7009
7008
7007
7007
7006
7006
7005
7005
7004
7003
7003
7003
7002
6999
6999
6997
6997
6995
6995
6994
6993
6990
6988
6988
6987
6985
6985
6984
6982
6979
6977
6976
6976
6975
6975
6972
6971
6970
6969
6968
6968
6968
6967
6965
6964
6963
6960
6958
6957
6957
6955
6955
6955
6954
6952
6950
6950
6947
6945
6944
6943
6943
6942
6942
6940
6936
6936
6935
6930
6929
6929
6929
6929
6929
6926
6926
6926
6925
6925
6924
6922
6921
6919
6918
6917
6917
6917
6916
6916
6915
6912
6911
6910
6910
6908
6907
6907
6907
6907
6906
6906
6906
6905
6904
6903
6902
6902
6901
6900
6899
6899
6897
6896
6896
6895
6894
6893
6893
6892
6889
6889
6888
6887
6886
6886
6886
6885
6885
6884
6884
6882
6882
6881
6881
6880
6880
6879
6876
6876
6876
6874
6874
6873
6872
6870
6869
6868
6868
6868
6867
6866
6866
6866
6865
6865
6863
6863
6862
6862
6861
6861
6860
6859
6859
6858
6856
6856
6856
6850
6849
6847
6846
6843
6842
6841
6839
6837
6835
6834
6832
6832
6831
6831
6831
6830
6830
6827
6827
6826
6824
6823
6823
6822
6821
6820
6819
6817
6815
6815
6814
6814
6813
6813
6812
6811
6811
6808
6808
6807
6806
6804
6804
6804
6804
6803
6803
6802
6800
6799
6799
6799
6799
6797
6797
6796
6795
6795
6795
6793
6792
6792
6792
6792
6792
6790
6790
6790
6787
6784
6781
6780
6780
6779
6779
6778
6778
6777
6776
6776
6776
6775
6773
6773
6772
6771
6771
6769
6768
6768
6768
6768
6767
6767
6765
6763
6763
6762
6760
6760
6760
6759
6759
6758
6757
6757
6757
6756
6755
6752
6752
6752
6749
6748
6747
6747
6746
6746
6744
6744
6742
6742
6741
6741
6741
6740
6739
6736
6736
6736
6735
6735
6734
6733
6731
6730
6728
6723
6722
6722
6722
6720
6718
6716
6715
6714
6713
6712
6707
6706
6705
6702
6702
6702
6702
6701
6700
6699
6698
6696
6695
6695
6693
6693
6693
6692
6692
6689
6689
6686
6684
6683
6680
6678
6675
6674
6674
6672
6672
6671
6669
6668
6667
6667
6667
6664
6663
6663
6663
6663
6662
6661
6661
6660
6659
6659
6654
6654
6653
6653
6651
6650
6649
6648
6646
6646
6646
6642
6641
6641
6638
6638
6637
6637
6637
6637
6636
6636
6635
6634
6634
6633
6633
6632
6630
6627
6625
6624
6624
6624
6623
6623
6623
6622
6621
6621
6619
6618
6617
6615
6613
6612
6611
6611
6611
6607
6607
6605
6605
6604
6602
6602
6600
6599
6598
6597
6597
6594
6594
6594
6594
6593
6593
6590
6590
6589
6589
6586
6584
6583
6583
6583
6583
6582
6581
6581
6580
6578
6577
6576
6576
6574
6573
6573
6571
6571
6571
6571
6571
6570
6569
6569
6569
6569
6568
6568
6567
6564
6563
6563
6563
6563
6562
6562
6561
6561
6559
6559
6558
6558
6558
6553
6551
6551
6550
6548
6548
6547
6546
6545
6545
6544
6544
6543
6541
6540
6540
6540
6538
6536
6534
6534
6534
6532
6530
6530
6528
6527
6526
6525
6524
6522
6522
6519
6517
6516
6516
6514
6512
6512
6508
6508
6507
6506
6505
6505
6503
6503
6501
6501
6501
6499
6496
6495
6494
6493
6493
6493
6491
6491
6491
6490
6489
6488
6487
6487
6486
6486
6484
6483
6483
6481
6480
6479
6475
6473
6471
6471
6469
6468
6468
6467
6466
6466
6464
6463
6462
6462
6461
6459
6459
6457
6457
6456
6454
6454
6453
6453
6453
6453
6452
6452
6450
6448
6446
6446
6444
6444
6443
6443
6443
6442
6441
6441
6440
6435
6434
6434
6434
6433
6432
6432
6432
6432
6429
6428
6428
6427
6426
6426
6425
6425
6422
6421
6421
6420
6420
6419
6417
6416
6414
6414
6413
6412
6411
6411
6408
6406
6406
6406
6404
6404
6403
6403
6403
6403
6403
6402
6401
6399
6398
6397
6397
6396
6394
6390
6388
6387
6387
6384
6382
6380
6379
6378
6378
6377
6377
6375
6374
6374
6374
6374
6373
6371
6370
6369
6369
6368
6366
6366
6366
6366
6365
6363
6362
6361
6361
6361
6360
6360
6358
6357
6357
6354
6353
6353
6353
6353
6352
6351
6351
6350
6349
6347
6346
6346
6345
6345
6344
6343
6343
6340
6339
6338
6336
6335
6333
6333
6332
6331
6331
6330
6330
6329
6329
6328
6328
6327
6325
6323
6320
6318
6315
6315
6313
6310
6309
6309
6309
6307
6305
6305
6303
6303
6302
6302
6300
6300
6297
6296
6296
6296
6294
6294
6293
6292
6292
6290
6290
6289
6287
6286
6286
6285
6283
6283
6278
6278
6278
6278
6278
6278
6277
6277
6276
6274
6272
6271
6271
6271
6270
6269
6268
6265
6264
6264
6264
6263
6263
6263
6262
6261
6260
6259
6259
6257
6257
6256
6256
6256
6255
6254
6252
6250
6250
6250
6248
6247
6246
6246
6245
6244
6244
6242
6242
6241
6240
6240
6240
6235
6234
6232
6231
6229
6229
6229
6228
6228
6225
6225
6224
6224
6224
6222
6221
6221
6220
6219
6219
6218
6218
6216
6214
6206
6205
6205
6202
6202
6202
6201
6200
6199
6198
6195
6194
6193
6193
6193
6189
6188
6186
6185
6185
6183
6182
6182
6180
6180
6180
6177
6177
6176
6176
6176
6175
6173
6172
6171
6170
6167
6166
6165
6164
6161
6161
6161
6161
6157
6155
6155
6153
6153
6152
6152
6152
6149
6145
6145
6144
6143
6141
6141
6139
6139
6135
6135
6134
6134
6134
6131
6130
6130
6128
6128
6128
6126
6125
6125
6123
6123
6123
6123
6122
6122
6121
6121
6120
6119
6119
6118
6118
6116
6115
6115
6115
6112
6112
6110
6110
6108
6107
6107
6104
6104
6103
6103
6101
6101
6100
6100
6097
6096
6095
6093
6093
6092
6090
6090
6089
6089
6089
6088
6087
6086
6082
6081
6079
6075
6073
6073
6071
6070
6070
6069
6066
6064
6063
6062
6060
6060
6059
6058
6057
6057
6056
6056
6055
6053
6051
6050
6050
6045
6043
6042
6039
6037
6036
6036
6036
6035
6035
6034
6033
6032
6032
6031
6029
6029
6029
6027
6027
6027
6027
6027
6026
6024
6024
6022
6020
6020
6019
6017
6016
6016
6012
6012
6011
6008
6007
6006
6006
6005
6004
6003
6002
6001
6001
6000
5999
5997
5997
5996
5995
5991
5991
5990
5989
5988
5988
5987
5986
5982
5977
5977
5977
5974
5973
5973
5971
5971
5971
5969
5968
5966
5962
5962
5961
5958
5958
5956
5953
5952
5952
5952
5951
5951
5950
5948
5948
5947
5946
5946
5945
5943
5943
5943
5943
5943
5942
5942
5941
5940
5940
5939
5939
5937
5937
5936
5935
5935
5931
5929
5929
5928
5928
5928
5927
5927
5927
5927
5926
5925
5925
5925
5925
5924
5923
5921
5920
5920
5920
5915
5914
5914
5913
5910
5909
5908
5908
5908
5906
5904
5903
5902
5902
5901
5901
5901
5900
5900
5899
5897
5896
5895
5895
5894
5889
5889
5889
5887
5884
5883
5882
5881
5881
5880
5879
5878
5878
5878
5876
5875
5875
5874
5873
5872
5871
5871
5867
5866
5865
5863
5863
5863
5862
5861
5861
5860
5860
5859
5858
5856
5856
5854
5853
5850
5847
5845
5844
5843
5843
5843
5842
5842
5842
5836
5836
5835
5835
5834
5833
5832
5832
5831
5831
5830
5829
5828
5828
5826
5825
5825
5825
5825
5822
5822
5820
5819
5817
5815
5814
5811
5811
5810
5810
5809
5808
5804
5802
5802
5800
5800
5799
5799
5798
5797
5796
5795
5795
5794
5793
5792
5791
5790
5789
5788
5788
5787
5786
5786
5784
5782
5780
5779
5779
5779
5778
5777
5777
5776
5776
5775
5773
5773
5773
5771
5769
5769
5769
5764
5764
5763
5763
5762
5761
5760
5758
5757
5757
5757
5755
5755
5755
5755
5753
5752
5751
5750
5750
5750
5749
5749
5749
5748
5747
5746
5746
5743
5743
5742
5740
5738
5737
5737
5736
5736
5735
5734
5732
5732
5732
5731
5730
5729
5729
5729
5728
5726
5724
5724
5723
5723
5722
5721
5720
5718
5718
5717
5717
5716
5716
5714
5713
5713
5713
5713
5712
5710
5710
5710
5710
5709
5709
5708
5708
5707
5705
5705
5703
5703
5702
5702
5701
5701
5701
5699
5698
5697
5696
5696
5695
5694
5694
5691
5691
5691
5684
5684
5678
5677
5677
5676
5676
5675
5672
5670
5669
5669
5669
5668
5666
5666
5661
5660
5660
5659
5659
5659
5659
5658
5656
5655
5655
5655
5651
5650
5650
5650
5650
5650
5648
5648
5648
5647
5646
5646
5645
5642
5641
5640
5638
5638
5635
5634
5634
5633
5627
5627
5627
5625
5623
5622
5621
5620
5619
5618
5616
5615
5615
5611
5609
5608
5607
5607
5606
5605
5604
5603
5602
5601
5600
5599
5598
5598
5598
5597
5596
5595
5593
5593
5592
5591
5586
5586
5585
5583
5582
5581
5580
5580
5578
5578
5577
5576
5576
5576
5575
5575
5575
5574
5573
5573
5572
5564
5562
5561
5558
5558
5558
5558
5556
5554
5553
5551
5551
5550
5549
5547
5546
5546
5545
5545
5544
5544
5544
5542
5542
5540
5538
5537
5534
5534
5533
5530
5529
5528
5527
5526
5526
5526
5525
5521
5521
5520
5519
5519
5519
5519
5518
5516
5515
5515
5514
5513
5511
5510
5510
5509
5508
5508
5508
5508
5507
5506
5506
5504
5503
5502
5502
5501
5501
5500
5499
5499
5499
5498
5497
5494
5492
5491
5485
5483
5483
5482
5482
5480
5478
5478
5477
5473
5471
5468
5467
5466
5465
5464
5462
5461
5460
5460
5460
5459
5458
5458
5457
5456
5456
5455
5454
5453
5452
5452
5451
5449
5449
5448
5447
5447
5446
5446
5444
5444
5444
5443
5442
5441
5441
5440
5439
5438
5437
5436
5433
5433
5431
5430
5429
5426
5425
5424
5422
5419
5418
5417
5417
5415
5415
5414
5413
5411
5411
5410
5410
5408
5407
5406
5406
5405
5404
5404
5402
5402
5401
5401
5401
5401
5400
5398
5398
5398
5397
5397
5396
5396
5396
5394
5393
5392
5391
5387
5384
5384
5383
5382
5382
5382
5381
5380
5380
5379
5378
5377
5377
5377
5377
5375
5374
5374
5371
5370
5368
5367
5367
5366
5366
5366
5365
5365
5365
5365
5363
5363
5363
5363
5361
5360
5359
5357
5356
5352
5351
5350
5348
5347
5347
5347
5347
5346
5345
5344
5344
5344
5343
5341
5341
5340
5340
5339
5338
5336
5335
5333
5333
5333
5333
5333
5333
5332
5332
5331
5331
5330
5330
5329
5328
5327
5326
5325
5324
5324
5324
5321
5320
5320
5319
5316
5316
5314
5312
5312
5311
5311
5310
5310
5308
5307
5307
5307
5305
5304
5304
5304
5303
5303
5302
5300
5300
5299
5299
5298
5297
5296
5296
5295
5294
5294
5294
5291
5291
5290
5290
5289
5285
5283
5281
5281
5280
5280
5280
5278
5277
5275
5274
5274
5274
5272
5271
5270
5268
5267
5266
5266
5264
5261
5261
5261
5261
5260
5258
5257
5256
5256
5253
5253
5251
5249
5249
5248
5247
5247
5247
5246
5245
5242
5242
5241
5241
5241
5240
5240
5240
5238
5237
5235
5233
5231
5230
5229
5229
5227
5226
5226
5226
5224
5223
5223
5221
5221
5220
5220
5219
5219
5219
5219
5217
5217
5217
5217
5216
5216
5216
5215
5214
5212
5212
5212
5211
5210
5208
5205
5204
5204
5202
5202
5200
5200
5199
5199
5199
5199
5197
5197
5197
5196
5196
5195
5194
5193
5190
5189
5189
5184
5184
5183
5181
5181
5180
5180
5179
5179
5177
5177
5176
5176
5176
5175
5175
5175
5174
5174
5174
5172
5172
5170
5170
5170
5169
5169
5169
5168
5168
5167
5167
5167
5167
5166
5166
5165
5165
5165
5165
5164
5162
5161
5161
5160
5159
5159
5158
5153
5153
5152
5152
5151
5151
5151
5150
5148
5147
5147
5146
5146
5143
5143
5141
5141
5141
5141
5141
5140
5139
5139
5139
5138
5137
5137
5136
5136
5135
5133
5133
5132
5125
5123
5122
5120
5120
5118
5118
5117
5116
5114
5112
5111
5110
5110
5109
5108
5106
5106
5105
5104
5104
5098
5096
5096
5093
5092
5090
5090
5089
5089
5087
5087
5087
5086
5086
5085
5084
5083
5082
5081
5079
5079
5078
5078
5078
5077
5076
5076
5076
5076
5072
5071
5070
5068
5068
5067
5063
5063
5063
5060
5060
5060
5058
5056
5055
5055
5054
5051
5047
5047
5047
5046
5045
5045
5044
5043
5042
5041
5041
5040
5039
5039
5038
5038
5035
5034
5033
5031
5030
5030
5029
5028
5028
5028
5027
5027
5027
5025
5024
5024
5021
5020
5018
5018
5017
5017
5016
5013
5013
5012
5008
5007
5007
5007
5006
5006
5005
5004
5003
5002
5002
5001
4998
4998
4997
4997
4997
4996
4995
4995
4992
4992
4992
4992
4991
4990
4990
4989
4989
4988
4987
4987
4986
4985
4984
4983
4982
4981
4981
4979
4977
4975
4974
4974
4974
4973
4973
4972
4972
4970
4969
4965
4963
4962
4960
4960
4960
4960
4960
4959
4957
4957
4956
4955
4955
4951
4949
4949
4948
4946
4946
4945
4943
4942
4940
4940
4939
4937
4937
4937
4934
4933
4933
4932
4932
4932
4932
4931
4931
4930
4930
4929
4928
4928
4928
4927
4926
4926
4926
4926
4925
4924
4922
4922
4921
4921
4920
4920
4918
4917
4916
4916
4915
4912
4911
4910
4907
4905
4904
4904
4903
4903
4903
4902
4902
4901
4899
4899
4896
4889
4889
4885
4884
4883
4883
4881
4881
4877
4877
4877
4877
4876
4876
4875
4873
4873
4872
4872
4871
4870
4868
4867
4867
4866
4866
4866
4864
4863
4863
4863
4862
4862
4861
4860
4859
4859
4858
4858
4857
4857
4857
4856
4856
4856
4854
4854
4853
4853
4851
4850
4850
4849
4849
4846
4845
4845
4845
4843
4843
4842
4842
4841
4838
4837
4837
4836
4836
4834
4833
4833
4832
4832
4830
4829
4827
4827
4821
4819
4818
4818
4817
4816
4816
4816
4815
4814
4814
4812
4811
4808
4807
4807
4804
4804
4804
4802
4800
4799
4798
4797
4796
4792
4791
4791
4791
4790
4789
4789
4788
4786
4786
4785
4785
4784
4784
4783
4783
4781
4781
4781
4779
4778
4775
4775
4772
4772
4769
4767
4764
4760
4756
4754
4752
4752
4751
4750
4746
4746
4745
4738
4736
4736
4735
4732
4731
4731
4731
4731
4727
4726
4724
4724
4718
4718
4718
4714
4714
4714
4713
4713
4707
4707
4706
4706
4706
4705
4703
4701
4700
4700
4698
4698
4698
4698
4693
4692
4692
4691
4691
4690
4688
4688
4687
4686
4686
4683
4681
4681
4680
4680
4679
4678
4678
4676
4676
4674
4674
4674
4672
4671
4671
4671
4670
4670
4669
4667
4665
4665
4664
4664
4664
4662
4661
4660
4660
4659
4659
4658
4658
4657
4656
4655
4655
4654
4653
4653
4653
4650
4649
4647
4646
4645
4644
4643
4641
4641
4639
4637
4637
4637
4636
4636
4635
4635
4634
4633
4633
4632
4630
4629
4629
4629
4629
4629
4629
4627
4627
4626
4625
4624
4621
4620
4620
4620
4619
4618
4618
4617
4616
4615
4613
4613
4612
4611
4610
4608
4606
4606
4605
4605
4605
4603
4599
4599
4598
4598
4597
4597
4595
4595
4595
4594
4592
4590
4588
4588
4587
4587
4586
4581
4581
4580
4580
4579
4579
4577
4576
4576
4575
4571
4571
4569
4567
4562
4562
4560
4558
4555
4553
4552
4551
4551
4549
4549
4546
4546
4546
4544
4541
4540
4540
4540
4540
4537
4536
4535
4534
4534
4531
4531
4529
4529
4529
4527
4526
4524
4524
4524
4523
4523
4522
4521
4520
4519
4519
4519
4518
4518
4518
4516
4516
4513
4512
4511
4508
4507
4506
4506
4506
4505
4505
4504
4504
4503
4502
4500
4499
4499
4498
4497
4496
4494
4494
4490
4489
4488
4488
4487
4487
4487
4483
4483
4482
4480
4479
4478
4477
4477
4477
4476
4475
4474
4473
4472
4470
4470
4469
4468
4468
4468
4466
4466
4464
4462
4462
4462
4461
4455
4455
4455
4453
4452
4451
4451
4451
4451
4451
4449
4449
4447
4447
4446
4445
4445
4443
4442
4438
4437
4436
4436
4436
4435
4435
4434
4433
4431
4430
4429
4429
4428
4428
4428
4426
4420
4420
4417
4415
4414
4412
4411
4406
4405
4404
4404
4401
4401
4397
4397
4396
4394
4393
4391
4390
4388
4388
4387
4385
4383
4378
4376
4376
4375
4374
4374
4373
4372
4371
4371
4367
4365
4364
4363
4361
4358
4357
4356
4355
4355
4353
4352
4351
4350
4349
4348
4348
4347
4345
4343
4343
4343
4343
4342
4342
4341
4339
4339
4338
4338
4337
4336
4335
4331
4330
4330
4329
4327
4325
4323
4323
4318
4318
4318
4315
4315
4314
4312
4311
4310
4310
4309
4308
4308
4308
4307
4306
4306
4305
4305
4304
4303
4301
4299
4298
4296
4295
4295
4293
4290
4289
4289
4287
4283
4282
4281
4279
4279
4278
4278
4278
4277
4276
4274
4272
4271
4270
4270
4268
4263
4261
4260
4258
4257
4257
4256
4255
4254
4254
4254
4253
4253
4252
4251
4246
4246
4246
4245
4244
4244
4244
4243
4241
4240
4236
4236
4236
4235
4231
4231
4231
4230
4229
4229
4227
4227
4226
4224
4224
4221
4221
4220
4219
4219
4219
4217
4216
4215
4210
4210
4209
4207
4206
4203
4202
4202
4201
4200
4200
4199
4199
4199
4199
4198
4198
4198
4198
4196
4196
4194
4193
4192
4191
4191
4190
4189
4188
4188
4188
4188
4187
4186
4184
4183
4183
4182
4181
4180
4179
4178
4178
4178
4178
4176
4176
4175
4175
4175
4173
4172
4172
4171
4168
4168
4165
4164
4162
4162
4161
4161
4159
4159
4157
4154
4153
4153
4151
4149
4149
4148
4147
4145
4144
4144
4141
4140
4140
4139
4139
4138
4137
4137
4134
4133
4131
4131
4129
4129
4129
4127
4125
4125
4125
4125
4123
4122
4122
4116
4116
4116
4114
4114
4111
4110
4108
4107
4107
4107
4106
4106
4105
4103
4100
4096
4095
4095
4094
4093
4091
4091
4090
4089
4089
4086
4085
4085
4083
4082
4079
4077
4076
4075
4074
4072
4070
4070
4069
4068
4068
4068
4067
4067
4067
4067
4066
4064
4062
4061
4061
4060
4060
4057
4057
4056
4056
4055
4055
4054
4053
4050
4049
4048
4047
4046
4045
4044
4043
4042
4040
4040
4040
4040
4040
4040
4038
4037
4037
4035
4034
4034
4033
4032
4032
4031
4031
4030
4030
4026
4025
4024
4024
4024
4022
4022
4022
4021
4020
4017
4016
4015
4015
4014
4013
4012
4011
4009
4009
4009
4007
4006
4006
4004
4002
4002
4001
3999
3998
3998
3997
3994
3992
3992
3991
3990
3990
3989
3989
3987
3986
3983
3983
3982
3979
3979
3978
3975
3974
3974
3972
3971
3971
3971
3971
3970
3968
3966
3964
3964
3964
3963
3962
3959
3959
3959
3959
3958
3956
3956
3953
3952
3952
3949
3948
3947
3947
3946
3946
3944
3944
3943
3943
3941
3941
3941
3941
3939
3938
3937
3937
3937
3937
3936
3935
3935
3934
3934
3933
3932
3931
3930
3929
3929
3926
3925
3924
3924
3924
3923
3922
3922
3921
3919
3915
3914
3914
3914
3913
3912
3910
3909
3907
3907
3905
3903
3902
3898
3896
3896
3896
3894
3893
3892
3892
3889
3889
3888
3887
3885
3884
3884
3884
3882
3881
3877
3875
3874
3874
3872
3870
3868
3867
3867
3867
3865
3865
3864
3863
3861
3861
3860
3859
3858
3857
3857
3856
3854
3854
3854
3853
3850
3849
3846
3845
3844
3843
3841
3840
3839
3839
3837
3837
3837
3836
3836
3836
3835
3832
3831
3831
3831
3830
3830
3829
3828
3827
3827
3827
3825
3824
3824
3823
3822
3818
3816
3815
3813
3812
3812
3812
3811
3811
3808
3807
3805
3804
3803
3802
3801
3801
3801
3801
3799
3799
3798
3796
3794
3793
3793
3793
3792
3792
3790
3790
3789
3789
3787
3785
3784
3780
3779
3779
3777
3777
3776
3775
3775
3774
3771
3770
3770
3769
3769
3769
3769
3769
3768
3768
3768
3767
3767
3767
3766
3766
3766
3765
3765
3765
3764
3763
3762
3761
3760
3760
3760
3759
3756
3756
3756
3756
3754
3754
3754
3753
3753
3750
3748
3748
3745
3744
3743
3742
3742
3742
3741
3739
3739
3737
3735
3735
3735
3733
3732
3731
3728
3728
3728
3728
3726
3726
3724
3723
3723
3720
3718
3717
3717
3717
3716
3715
3715
3714
3714
3714
3713
3713
3713
3713
3712
3712
3711
3711
3710
3709
3707
3707
3706
3705
3704
3702
3702
3699
3698
3697
3697
3696
3696
3694
3694
3694
3693
3692
3690
3689
3689
3688
3686
3684
3684
3683
3681
3679
3679
3678
3677
3677
3676
3676
3675
3673
3672
3672
3670
3669
3668
3667
3666
3666
3663
3663
3660
3656
3654
3652
3652
3651
3650
3650
3650
3650
3650
3646
3644
3642
3641
3640
3636
3633
3629
3629
3628
3627
3626
3626
3625
3624
3624
3623
3620
3619
3619
3618
3618
3615
3614
3609
3609
3608
3607
3604
3603
3602
3601
3598
3598
3597
3594
3593
3593
3592
3592
3589
3588
3588
3586
3585
3584
3582
3582
3582
3581
3580
3580
3579
3579
3578
3572
3569
3567
3567
3566
3565
3564
3562
3562
3561
3561
3560
3560
3558
3555
3554
3552
3551
3549
3547
3545
3543
3542
3541
3540
3540
3540
3540
3540
3537
3533
3532
3532
3531
3531
3531
3530
3530
3529
3527
3527
3527
3526
3525
3525
3524
3524
3523
3521
3521
3521
3520
3516
3513
3512
3512
3511
3509
3509
3509
3507
3506
3505
3504
3503
3503
3502
3499
3497
3496
3496
3495
3495
3493
3491
3490
3490
3488
3487
3485
3484
3484
3483
3483
3482
3482
3481
3479
3478
3476
3475
3474
3470
3470
3470
3468
3468
3466
3466
3465
3464
3463
3460
3460
3460
3459
3457
3456
3456
3456
3455
3455
3455
3450
3450
3448
3447
3446
3446
3446
3445
3445
3444
3444
3443
3442
3442
3441
3438
3437
3437
3436
3436
3434
3433
3431
3429
3429
3429
3427
3425
3425
3424
3423
3421
3417
3417
3416
3416
3415
3415
3414
3414
3413
3411
3409
3405
3404
3403
3402
3400
3397
3397
3395
3395
3395
3395
3394
3394
3393
3389
3387
3385
3385
3384
3384
3383
3381
3380
3379
3379
3378
3378
3377
3377
3376
3374
3372
3372
3371
3371
3370
3366
3364
3364
3363
3360
3360
3360
3360
3358
3354
3353
3350
3348
3345
3344
3341
3341
3341
3340
3340
3340
3339
3337
3337
3336
3335
3334
3334
3333
3333
3333
3331
3331
3330
3328
3327
3326
3325
3324
3323
3322
3321
3318
3318
3317
3316
3315
3315
3313
3313
3312
3312
3311
3309
3308
3306
3306
3305
3304
3303
3303
3302
3301
3301
3300
3300
3299
3297
3297
3295
3293
3293
3293
3291
3291
3291
3289
3287
3287
3285
3284
3284
3284
3284
3283
3281
3280
3279
3277
3276
3273
3273
3271
3270
3270
3270
3266
3263
3262
3262
3260
3259
3257
3257
3256
3255
3252
3252
3252
3250
3250
3249
3249
3248
3248
3247
3246
3245
3245
3244
3243
3243
3241
3239
3238
3237
3236
3236
3236
3234
3233
3233
3232
3231
3230
3228
3227
3226
3225
3223
3223
3223
3221
3221
3220
3220
3220
3218
3216
3215
3215
3215
3214
3210
3210
3209
3208
3208
3207
3207
3205
3205
3204
3202
3202
3201
3200
3198
3197
3196
3196
3196
3196
3195
3195
3193
3191
3189
3188
3187
3187
3187
3185
3184
3183
3182
3181
3177
3176
3176
3175
3174
3173
3171
3171
3170
3164
3164
3156
3154
3153
3152
3151
3151
3150
3150
3150
3150
3148
3147
3147
3146
3146
3144
3144
3142
3139
3138
3137
3137
3136
3135
3134
3134
3133
3132
3132
3132
3132
3131
3131
3130
3128
3128
3123
3123
3121
3120
3120
3120
3119
3117
3116
3115
3115
3114
3112
3111
3110
3109
3108
3107
3107
3106
3103
3101
3101
3100
3100
3100
3099
3099
3099
3098
3098
3098
3098
3098
3098
3097
3097
3097
3097
3096
3096
3095
3093
3092
3092
3092
3092
3090
3090
3090
3089
3086
3085
3085
3082
3082
3082
3081
3078
3078
3076
3075
3075
3072
3071
3071
3070
3070
3069
3069
3069
3068
3067
3064
3063
3062
3057
3054
3051
3050
3050
3046
3045
3045
3043
3042
3042
3041
3038
3038
3036
3036
3035
3035
3034
3032
3032
3032
3030
3029
3029
3029
3027
3026
3024
3024
3023
3020
3018
3017
3016
3016
3013
3013
3013
3007
3007
3007
3007
3005
3004
3004
2999
2999
2998
2998
2995
2995
2994
2990
2989
2988
2988
2984
2983
2982
2981
2981
2980
2979
2978
2975
2974
2972
2971
2967
2967
2964
2963
2959
2959
2959
2957
2956
2955
2953
2951
2951
2950
2948
2948
2948
2947
2946
2946
2943
2943
2943
2942
2942
2940
2939
2937
2935
2933
2931
2929
2927
2927
2926
2926
2926
2925
2925
2924
2923
2922
2920
2919
2918
2914
2914
2914
2913
2913
2912
2912
2911
2911
2911
2910
2908
2908
2906
2905
2905
2905
2905
2905
2904
2902
2902
2902
2902
2901
2901
2900
2900
2899
2899
2899
2898
2898
2897
2897
2897
2896
2896
2895
2892
2892
2890
2889
2889
2883
2883
2882
2881
2880
2877
2877
2876
2876
2874
2871
2869
2867
2866
2865
2863
2863
2863
2862
2862
2862
2860
2858
2857
2857
2857
2856
2855
2854
2853
2852
2852
2852
2851
2850
2850
2849
2849
2848
2848
2848
2847
2846
2844
2844
2843
2842
2842
2841
2837
2837
2836
2834
2834
2833
2833
2832
2832
2831
2831
2830
2828
2827
2826
2826
2826
2822
2820
2820
2819
2818
2818
2817
2816
2816
2815
2815
2815
2814
2813
2812
2811
2809
2808
2807
2807
2806
2805
2804
2804
2802
2801
2797
2795
2793
2792
2789
2789
2789
2788
2787
2786
2784
2784
2784
2784
2783
2783
2782
2779
2779
2779
2778
2778
2778
2777
2776
2776
2775
2775
2774
2774
2773
2773
2772
2772
2772
2771
2770
2770
2769
2768
2768
2767
2765
2764
2762
2762
2761
2761
2760
2760
2758
2758
2758
2757
2757
2756
2756
2756
2756
2755
2754
2753
2751
2751
2749
2747
2744
2742
2741
2740
2738
2737
2734
2733
2732
2732
2731
2730
2730
2729
2728
2728
2728
2727
2726
2725
2724
2724
2723
2723
2721
2719
2718
2718
2718
2717
2716
2716
2714
2714
2713
2713
2713
2710
2709
2709
2708
2707
2706
2706
2705
2704
2702
2701
2699
2696
2696
2696
2695
2695
2695
2695
2694
2693
2693
2693
2693
2690
2690
2690
2689
2688
2687
2686
2686
2685
2685
2685
2684
2683
2681
2681
2681
2680
2679
2679
2677
2676
2676
2675
2674
2673
2672
2672
2671
2669
2668
2668
2667
2666
2665
2665
2664
2664
2663
2663
2662
2659
2658
2658
2657
2656
2656
2655
2654
2654
2654
2653
2653
2653
2651
2648
2647
2645
2645
2645
2641
2640
2640
2637
2637
2636
2636
2635
2635
2631
2630
2630
2629
2625
2623
2622
2621
2620
2619
2618
2617
2617
2617
2616
2615
2615
2614
2613
2611
2611
2610
2606
2606
2605
2602
2602
2601
2600
2600
2600
2599
2599
2599
2598
2598
2597
2596
2596
2592
2591
2591
2590
2590
2589
2587
2587
2586
2585
2585
2585
2584
2584
2584
2582
2581
2580
2580
2580
2580
2579
2578
2578
2577
2576
2573
2573
2573
2572
2571
2568
2568
2566
2566
2566
2565
2564
2564
2563
2561
2561
2559
2558
2558
2557
2557
2556
2556
2553
2553
2550
2550
2547
2547
2547
2547
2546
2545
2544
2544
2544
2543
2543
2543
2541
2539
2539
2539
2539
2536
2536
2534
2534
2533
2531
2531
2530
2530
2530
2529
2522
2521
2520
2519
2519
2519
2518
2517
2517
2515
2515
2514
2513
2513
2512
2511
2511
2510
2507
2506
2506
2504
2504
2501
2500
2500
2500
2497
2495
2495
2494
2493
2492
2490
2488
2487
2487
2487
2483
2482
2480
2477
2477
2477
2475
2474
2474
2472
2472
2472
2468
2467
2467
2464
2464
2463
2457
2457
2454
2454
2452
2452
2451
2450
2446
2444
2444
2442
2442
2441
2440
2440
2437
2436
2436
2436
2436
2435
2434
2433
2433
2431
2428
2428
2427
2426
2425
2424
2422
2421
2421
2421
2420
2417
2415
2415
2413
2412
2411
2409
2409
2408
2407
2406
2404
2402
2402
2402
2399
2397
2397
2395
2394
2391
2391
2388
2388
2388
2387
2387
2386
2386
2385
2384
2383
2383
2382
2381
2381
2381
2381
2380
2380
2378
2376
2375
2374
2372
2371
2371
2369
2369
2368
2365
2365
2364
2363
2362
2361
2360
2359
2357
2357
2355
2354
2354
2353
2352
2351
2350
2350
2348
2346
2345
2344
2340
2340
2337
2336
2333
2332
2329
2328
2327
2327
2324
2324
2323
2321
2319
2319
2318
2316
2316
2316
2313
2313
2312
2311
2310
2310
2310
2309
2309
2309
2309
2308
2308
2303
2302
2301
2301
2298
2298
2296
2293
2293
2292
2292
2291
2291
2286
2284
2282
2279
2278
2278
2278
2277
2276
2276
2274
2274
2272
2270
2270
2269
2267
2265
2264
2263
2262
2262
2260
2259
2258
2257
2255
2254
2250
2250
2248
2248
2246
2246
2243
2242
2242
2241
2241
2240
2240
2239
2236
2236
2235
2235
2233
2232
2232
2230
2229
2229
2228
2228
2228
2227
2227
2226
2224
2224
2224
2222
2220
2220
2220
2218
2218
2217
2217
2216
2214
2214
2214
2212
2212
2212
2212
2211
2211
2209
2209
2209
2209
2208
2207
2205
2205
2204
2202
2202
2202
2201
2201
2199
2199
2194
2191
2191
2189
2188
2188
2188
2188
2187
2186
2186
2184
2184
2184
2184
2181
2181
2180
2179
2178
2178
2177
2176
2175
2174
2174
2173
2172
2172
2172
2172
2170
2170
2169
2169
2167
2164
2164
2161
2161
2159
2159
2159
2159
2158
2157
2156
2155
2155
2154
2152
2151
2150
2150
2150
2147
2146
2146
2145
2144
2143
2143
2143
2141
2140
2140
2140
2140
2138
2137
2136
2134
2134
2132
2132
2131
2130
2128
2127
2127
2126
2125
2125
2124
2123
2122
2121
2120
2119
2119
2118
2115
2115
2114
2114
2113
2113
2113
2113
2112
2111
2111
2111
2110
2110
2110
2110
2109
2108
2108
2108
2107
2106
2105
2102
2102
2102
2102
2101
2099
2098
2097
2097
2097
2097
2094
2093
2090
2090
2090
2089
2089
2087
2085
2085
2085
2082
2081
2081
2080
2080
2079
2079
2078
2076
2076
2075
2075
2074
2074
2071
2070
2069
2069
2065
2065
2063
2063
2062
2061
2059
2057
2055
2054
2053
2053
2046
2046
2045
2043
2042
2040
2038
2038
2037
2037
2034
2033
2032
2031
2031
2031
2029
2029
2027
2027
2026
2025
2025
2025
2024
2023
2020
2020
2015
2014
2012
2008
2007
2006
2006
2006
2005
2002
2000
1999
1998
1997
1996
1996
1995
1994
1991
1990
1988
1988
1988
1987
1987
1987
1987
1986
1984
1984
1981
1980
1980
1980
1976
1976
1976
1975
1973
1973
1972
1970
1969
1967
1966
1965
1964
1964
1962
1959
1956
1955
1953
1953
1952
1952
1950
1949
1947
1947
1946
1945
1943
1943
1942
1941
1941
1940
1939
1939
1936
1935
1933
1933
1932
1932
1932
1931
1931
1931
1931
1931
1930
1929
1929
1929
1928
1927
1927
1925
1923
1923
1923
1921
1920
1920
1919
1918
1917
1916
1916
1916
1914
1913
1911
1911
1910
1908
1908
1907
1905
1905
1905
1905
1903
1903
1901
1901
1901
1901
1900
1899
1898
1898
1898
1896
1895
1894
1894
1893
1891
1891
1890
1887
1886
1885
1884
1883
1883
1881
1881
1880
1878
1878
1877
1877
1877
1875
1874
1873
1873
1873
1873
1871
1871
1870
1868
1867
1866
1865
1865
1862
1861
1861
1860
1859
1859
1859
1857
1857
1857
1856
1856
1855
1854
1850
1849
1848
1847
1846
1845
1844
1843
1842
1841
1841
1839
1839
1838
1838
1838
1837
1837
1833
1833
1833
1833
1833
1832
1828
1827
1826
1825
1825
1824
1824
1822
1822
1821
1821
1820
1816
1816
1814
1813
1810
1810
1809
1805
1805
1803
1801
1798
1798
1797
1797
1795
1794
1794
1794
1794
1793
1792
1792
1790
1790
1790
1789
1789
1789
1784
1784
1783
1783
1779
1779
1779
1777
1776
1776
1774
1773
1773
1771
1770
1770
1768
1768
1768
1767
1766
1765
1764
1764
1763
1762
1762
1761
1760
1759
1759
1759
1759
1758
1758
1757
1756
1755
1754
1754
1754
1754
1752
1752
1750
1750
1749
1749
1749
1746
1746
1744
1744
1744
1743
1743
1741
1739
1739
1737
1736
1734
1733
1732
1732
1730
1730
1729
1728
1727
1727
1725
1724
1723
1720
1719
1718
1718
1718
1717
1717
1716
1715
1714
1712
1710
1710
1708
1708
1706
1703
1703
1701
1699
1699
1698
1697
1696
1695
1695
1693
1691
1691
1691
1687
1686
1686
1683
1682
1681
1680
1678
1677
1674
1672
1671
1669
1667
1666
1665
1663
1661
1661
1659
1659
1658
1658
1658
1657
1657
1656
1655
1652
1651
1650
1650
1649
1649
1649
1648
1648
1647
1647
1646
1645
1645
1643
1642
1642
1642
1641
1640
1640
1638
1634
1632
1631
1631
1629
1629
1628
1628
1628
1628
1628
1628
1626
1625
1624
1621
1620
1620
1619
1618
1616
1615
1614
1613
1611
1610
1610
1610
1608
1608
1607
1607
1604
1604
1604
1603
1602
1601
1600
1600
1599
1596
1596
1595
1595
1595
1594
1594
1592
1592
1591
1591
1590
1590
1588
1588
1588
1587
1586
1585
1582
1582
1582
1580
1579
1578
1574
1574
1572
1571
1571
1570
1568
1568
1566
1565
1560
1560
1557
1557
1556
1556
1555
1555
1554
1554
1554
1553
1552
1552
1551
1551
1549
1544
1544
1544
1543
1542
1541
1541
1540
1538
1537
1537
1536
1535
1535
1533
1532
1531
1529
1527
1527
1526
1524
1524
1522
1522
1522
1518
1518
1518
1517
1517
1516
1515
1515
1515
1514
1514
1513
1512
1511
1510
1510
1507
1506
1505
1505
1505
1505
1503
1501
1501
1499
1499
1499
1498
1498
1497
1496
1496
1496
1495
1495
1494
1494
1494
1492
1491
1489
1488
1486
1484
1483
1482
1479
1478
1478
1477
1476
1476
1476
1476
1476
1475
1470
1469
1468
1468
1467
1465
1465
1462
1461
1461
1461
1458
1457
1457
1455
1455
1454
1453
1451
1451
1451
1450
1450
1449
1447
1446
1446
1440
1439
1439
1439
1438
1436
1436
1436
1433
1433
1431
1431
1431
1430
1428
1428
1428
1426
1425
1425
1424
1423
1423
1421
1421
1420
1419
1417
1417
1417
1417
1415
1415
1414
1414
1411
1409
1409
1407
1407
1406
1404
1403
1403
1402
1401
1400
1399
1399
1397
1397
1395
1395
1395
1395
1395
1394
1393
1393
1393
1392
1392
1391
1389
1388
1384
1382
1382
1382
1382
1382
1381
1381
1380
1380
1379
1378
1378
1377
1376
1375
1374
1374
1373
1373
1370
1369
1366
1365
1364
1364
1362
1359
1358
1357
1356
1354
1354
1352
1351
1350
1349
1348
1346
1344
1343
1341
1340
1340
1340
1339
1339
1338
1338
1338
1338
1337
1336
1335
1335
1335
1335
1332
1332
1331
1331
1331
1330
1330
1327
1323
1321
1321
1319
1318
1316
1316
1315
1314
1314
1313
1313
1312
1312
1312
1311
1311
1310
1309
1309
1308
1308
1308
1307
1307
1306
1305
1304
1303
1302
1302
1301
1300
1300
1293
1293
1293
1292
1292
1291
1290
1290
1289
1288
1288
1287
1287
1286
1286
1286
1286
1284
1284
1284
1282
1281
1281
1279
1278
1278
1277
1277
1272
1270
1269
1269
1269
1268
1268
1268
1268
1266
1264
1264
1261
1261
1260
1260
1259
1259
1257
1256
1254
1252
1252
1251
1251
1251
1250
1250
1246
1245
1245
1244
1243
1242
1242
1242
1241
1241
1240
1240
1238
1237
1237
1236
1234
1234
1233
1231
1229
1228
1228
1227
1227
1227
1226
1226
1224
1223
1223
1220
1219
1219
1219
1217
1217
1217
1215
1215
1214
1214
1213
1213
1213
1210
1208
1205
1205
1205
1204
1202
1201
1200
1199
1198
1198
1197
1197
1196
1196
1195
1194
1193
1193
1193
1193
1193
1192
1192
1190
1190
1190
1189
1188
1188
1186
1186
1184
1183
1183
1181
1179
1179
1178
1177
1177
1176
1176
1176
1175
1175
1173
1172
1170
1169
1169
1168
1167
1166
1165
1165
1164
1164
1163
1162
1162
1162
1160
1160
1159
1159
1158
1158
1157
1157
1156
1156
1156
1155
1154
1154
1152
1152
1152
1152
1151
1150
1149
1148
1148
1147
1147
1146
1146
1144
1142
1142
1142
1142
1140
1138
1135
1135
1134
1133
1133
1132
1132
1132
1130
1130
1128
1128
1127
1125
1124
1123
1119
1119
1116
1116
1115
1112
1112
1111
1108
1106
1103
1103
1102
1098
1097
1097
1096
1094
1093
1093
1092
1091
1090
1089
1086
1086
1085
1083
1082
1082
1082
1082
1081
1081
1081
1079
1078
1075
1074
1073
1070
1070
1069
1068
1067
1066
1066
1065
1065
1064
1064
1063
1063
1060
1056
1055
1054
1053
1052
1051
1051
1050
1049
1047
1047
1047
1044
1044
1042
1041
1040
1038
1035
1032
1030
1028
1028
1027
1027
1026
1026
1026
1026
1025
1025
1024
1024
1022
1019
1016
1015
1015
1013
1013
1012
1011
1011
1011
1008
1007
1006
1005
1005
1003
1002
1001
1001
1000
998
998
998
998
997
997
995
995
994
993
993
992
992
991
991
990
990
990
988
987
985
985
983
982
982
981
979
979
979
976
975
975
972
971
965
965
964
964
963
962
961
961
959
958
957
957
957
955
955
953
952
952
950
949
948
948
947
944
942
939
939
937
937
936
935
935
934
934
931
929
928
928
926
924
924
924
924
924
923
922
921
921
919
917
916
916
914
913
913
911
910
909
909
906
905
905
904
903
903
902
902
901
900
898
898
897
897
896
895
895
894
894
893
888
885
883
883
881
880
879
878
878
878
877
876
876
875
874
872
872
870
867
867
867
866
864
863
860
860
859
859
856
856
856
854
853
853
851
851
849
847
847
846
843
840
838
838
838
836
834
831
831
831
830
829
829
828
828
827
825
824
824
824
822
821
821
820
817
812
812
811
810
808
808
808
806
806
805
804
804
803
802
802
801
800
800
797
796
795
794
793
792
792
792
792
791
790
790
789
789
788
788
787
784
784
783
782
782
779
778
778
773
772
771
771
771
769
769
769
768
768
767
765
764
764
763
762
761
761
757
756
756
755
754
753
752
752
750
750
749
747
746
745
744
744
744
743
743
741
738
738
735
735
734
733
732
732
730
729
728
728
727
727
726
725
723
723
722
722
722
721
720
720
720
719
717
717
717
716
714
714
714
713
713
711
711
710
707
707
705
705
701
698
698
697
696
696
696
696
695
695
695
693
693
692
691
691
691
690
690
689
689
689
688
688
687
687
686
686
686
686
684
684
683
682
682
681
679
679
678
678
678
678
678
677
677
677
677
675
674
672
671
671
671
670
669
667
667
667
667
665
664
663
663
663
663
661
661
661
661
658
657
656
653
653
653
650
648
645
645
644
642
642
640
640
639
638
638
638
638
636
636
635
635
634
634
634
633
633
630
630
629
627
627
627
626
626
625
623
620
620
620
618
617
617
617
615
614
614
613
613
613
612
612
611
610
609
608
608
606
604
602
601
597
595
595
594
593
593
593
591
591
589
586
583
583
583
583
581
581
579
577
576
576
575
575
574
574
572
572
572
570
570
565
565
564
564
559
559
558
557
556
556
555
554
553
553
552
549
548
547
544
544
543
543
543
543
542
542
541
541
540
540
539
536
536
535
535
532
529
529
527
527
526
525
524
524
524
521
520
519
518
518
517
515
514
512
509
509
507
505
505
504
503
502
502
500
499
499
494
494
493
492
492
491
490
489
489
488
488
487
487
486
486
483
483
480
478
476
476
475
474
473
472
471
471
470
470
470
469
469
467
467
467
467
466
466
466
465
465
462
458
455
453
452
452
451
451
447
446
445
442
442
441
439
439
437
436
436
435
435
434
433
431
430
430
430
430
427
425
425
424
423
422
422
421
420
420
420
419
416
415
414
414
413
412
412
411
411
409
409
408
408
408
408
407
407
407
406
406
405
404
403
402
399
399
397
397
396
395
393
391
390
390
387
387
386
386
385
384
382
380
379
374
373
373
372
372
369
369
368
365
365
365
363
362
361
360
359
359
359
358
358
358
357
357
357
355
354
351
347
347
345
343
343
342
340
340
338
336
335
333
333
333
331
331
330
329
328
328
328
328
328
326
326
325
324
320
319
319
318
315
315
315
315
315
313
312
311
310
309
309
307
305
305
303
302
300
298
298
297
297
297
296
296
295
295
293
293
291
290
289
287
286
283
282
282
281
281
280
276
275
273
272
269
268
267
265
264
264
264
263
263
262
262
260
257
257
256
255
254
252
251
247
246
242
241
240
240
236
236
236
236
235
235
233
231
231
230
230
229
227
227
226
226
225
224
223
222
219
219
218
216
216
215
215
214
213
213
210
210
209
209
208
208
207
206
205
205
204
203
202
202
201
198
197
196
191
191
190
190
190
187
187
186
185
184
184
183
183
182
181
179
178
178
178
178
177
176
176
175
175
172
172
172
170
170
169
168
167
164
160
158
157
157
156
155
155
153
151
151
150
150
150
147
144
143
142
140
139
135
134
131
130
130
129
129
129
129
128
127
125
125
124
124
122
121
119
119
118
118
117
116
116
115
114
114
113
113
111
110
109
108
108
106
106
105
104
103
102
101
101
96
96
96
96
94
93
93
93
92
92
92
91
86
86
85
83
80
75
74
73
73
73
72
71
70
70
69
69
67
65
64
63
62
62
61
61
60
58
58
57
56
55
54
51
50
49
49
48
48
47
47
46
45
45
44
43
42
42
41
40
36
36
36
35
35
33
33
31
28
28
27
25
25
24
20
20
18
16
13
13
9
8
7
5
4
3
2
1
0
