9999
9998
9997
9996
9996
9995
9995
9995
9993
9992
9991
9990
9990
9989
9989
9988
9985
9985
9984
9984
9984
9983
9983
9982
9982
9982
9982
9982
9977
9977
9977
9976
9974
9974
9972
9972
9970
9968
9967
9967
9966
9965
9964
9964
9960
9959
9958
9958
9956
9956
9956
9956
9953
9952
9948
9946
9945
9945
9945
9944
9944
9942
9939
9939
9938
9937
9937
9937
9936
9936
9934
9934
9932
9932
9931
9931
9930
9930
9930
9928
9928
9927
9927
9927
9925
9924
9924
9924
9924
9922
9922
9922
9919
9919
9916
9915
9915
9915
9914
9913
9912
9912
9910
9909
9909
9906
9905
9904
9903
9901
9900
9899
9898
9897
9897
9897
9897
9895
9894
9891
9889
9886
9886
9884
9884
9883
9883
9883
9882
9882
9882
9879
9878
9878
9878
9878
9877
9875
9875
9875
9873
9873
9873
9872
9866
9864
9864
9863
9863
9861
9861
9861
9860
9859
9859
9858
9857
9855
9854
9854
9849
9849
9847
9847
9843
9842
9840
9838
9838
9838
9835
9833
9832
9831
9831
9831
9830
9830
9827
9827
9824
9824
9822
9822
9821
9821
9820
9817
9817
9813
9812
9811
9811
9810
9806
9806
9805
9805
9805
9805
9801
9799
9799
9799
9798
9795
9795
9793
9792
9792
9791
9791
9790
9788
9787
9784
9781
9781
9780
9779
9779
9778
9775
9775
9775
9775
9774
9774
9774
9774
9773
9771
9771
9769
9768
9768
9767
9766
9766
9766
9765
9765
9765
9764
9761
9760
9760
9757
9755
9754
9753
9750
9748
9748
9748
9747
9746
9746
9744
9744
9743
9743
9742
9741
9737
9736
9733
9733
9731
9727
9727
9726
9724
9723
9720
9716
9715
9715
9714
9713
9712
9712
9710
9710
9709
9708
9707
9706
9706
9706
9705
9705
9705
9705
9705
9702
9702
9701
9700
9698
9697
9697
9694
9693
9693
9692
9692
9691
9691
9690
9690
9690
9689
9688
9688
9688
9686
9685
9684
9683
9682
9682
9681
9681
9681
9680
9680
9680
9680
9679
9679
9679
9677
9676
9676
9676
9671
9667
9663
9662
9662
9661
9661
9658
9657
9656
9654
9654
9653
9653
9651
9651
9650
9647
9646
9645
9645
9644
9644
9644
9643
9642
9642
9641
9640
9638
9638
9636
9635
9635
9634
9634
9632
9630
9628
9627
9624
9624
9623
9623
9623
9622
9621
9620
9620
9620
9619
9619
9619
9619
9618
9617
9616
9615
9615
9614
9613
9613
9612
9611
9611
9605
9605
9600
9599
9599
9598
9596
9595
9595
9594
9594
9594
9594
9591
9588
9587
9586
9586
9584
9584
9583
9583
9580
9580
9580
9580
9579
9579
9579
9577
9577
9572
9571
9571
9571
9571
9571
9570
9569
9568
9566
9566
9565
9564
9562
9561
9560
9560
9560
9558
9557
9557
9557
9556
9556
9555
9553
9553
9552
9552
9547
9546
9545
9545
9544
9542
9542
9542
9541
9540
9539
9537
9537
9536
9535
9535
9534
9534
9534
9534
9532
9526
9525
9524
9521
9520
9520
9519
9518
9518
9518
9517
9517
9517
9517
9516
9513
9513
9512
9512
9512
9511
9511
9509
9507
9507
9506
9505
9499
9498
9498
9496
9494
9494
9493
9492
9491
9491
9488
9488
9488
9487
9485
9484
9484
9483
9480
9480
9479
9478
9478
9478
9475
9473
9473
9473
9473
9472
9469
9466
9466
9464
9464
9463
9461
9457
9457
9456
9456
9455
9454
9454
9452
9452
9445
9440
9440
9440
9440
9440
9439
9439
9438
9438
9436
9434
9434
9434
9432
9432
9432
9431
9431
9430
9429
9428
9426
9425
9425
9423
9422
9421
9421
9421
9420
9420
9419
9419
9419
9418
9417
9416
9416
9415
9414
9414
9414
9410
9410
9408
9407
9405
9405
9404
9403
9403
9403
9402
9400
9400
9400
9399
9398
9397
9393
9393
9392
9390
9389
9389
9388
9387
9387
9386
9385
9384
9384
9383
9383
9382
9382
9381
9381
9380
9380
9377
9375
9374
9373
9373
9372
9371
9370
9370
9369
9367
9366
9364
9363
9361
9358
9356
9355
9355
9352
9352
9351
9349
9347
9346
9345
9345
9343
9342
9341
9339
9338
9338
9338
9337
9337
9336
9335
9333
9333
9333
9333
9332
9332
9331
9331
9329
9329
9328
9327
9327
9326
9325
9325
9324
9324
9323
9323
9319
9317
9315
9314
9313
9312
9310
9309
9309
9308
9306
9306
9303
9303
9302
9302
9301
9300
9293
9293
9293
9292
9292
9291
9291
9290
9289
9289
9288
9288
9287
9285
9285
9285
9284
9280
9279
9279
9279
9278
9276
9276
9275
9275
9273
9269
9268
9265
9264
9263
9263
9263
9263
9263
9258
9257
9255
9255
9253
9253
9252
9252
9251
9250
9246
9246
9246
9245
9244
9243
9243
9240
9239
9238
9238
9238
9237
9237
9237
9237
9237
9234
9233
9233
9230
9230
9228
9228
9227
9227
9227
9225
9225
9224
9222
9221
9221
9221
9218
9217
9216
9214
9214
9212
9212
9208
9208
9207
9206
9206
9203
9202
9202
9200
9199
9198
9197
9196
9196
9195
9193
9193
9192
9190
9190
9188
9188
9188
9187
9187
9186
9185
9184
9184
9181
9180
9180
9179
9179
9179
9178
9178
9177
9176
9175
9175
9175
9174
9173
9172
9171
9171
9171
9170
9170
9168
9167
9166
9164
9163
9163
9162
9161
9161
9159
9159
9159
9158
9157
9157
9156
9155
9155
9153
9153
9151
9151
9150
9149
9148
9147
9146
9146
9145
9143
9141
9141
9139
9139
9136
9135
9135
9135
9132
9125
9125
9124
9122
9122
9121
9121
9120
9120
9119
9118
9118
9117
9114
9114
9113
9110
9110
9109
9106
9105
9104
9104
9104
9103
9103
9102
9100
9098
9098
9096
9095
9094
9092
9090
9090
9089
9089
9088
9087
9087
9086
9085
9084
9084
9084
9082
9081
9079
9079
9076
9075
9075
9075
9075
9074
9072
9069
9067
9066
9065
9064
9062
9060
9059
9058
9058
9058
9054
9054
9053
9053
9052
9051
9051
9050
9049
9048
9048
9046
9046
9045
9043
9043
9041
9040
9039
9035
9035
9035
9033
9032
9032
9032
9031
9030
9028
9028
9027
9027
9027
9027
9026
9026
9025
9024
9024
9023
9022
9022
9021
9018
9016
9015
9014
9013
9013
9013
9012
9008
9007
9005
9002
9000
9000
8999
8999
8999
8998
8997
8996
8996
8991
8990
8990
8989
8989
8989
8989
8988
8988
8987
8985
8983
8982
8982
8980
8980
8979
8977
8975
8975
8975
8972
8972
8972
8972
8971
8971
8970
8968
8966
8965
8965
8964
8964
8962
8961
8960
8958
8958
8956
8955
8952
8951
8949
8949
8946
8945
8942
8942
8941
8940
8940
8940
8938
8937
8937
8936
8935
8935
8934
8933
8932
8932
8930
8930
8928
8927
8926
8926
8924
8924
8923
8920
8918
8918
8918
8917
8916
8914
8912
8912
8912
8911
8910
8909
8909
8909
8909
8908
8907
8907
8906
8906
8905
8905
8903
8902
8902
8900
8900
8899
8899
8897
8896
8896
8895
8895
8895
8895
8894
8894
8892
8886
8885
8885
8885
8884
8883
8882
8881
8881
8877
8876
8876
8874
8874
8873
8873
8873
8872
8872
8871
8869
8869
8868
8868
8867
8867
8866
8865
8865
8864
8861
8861
8860
8857
8854
8854
8851
8849
8849
8847
8846
8845
8844
8843
8842
8841
8838
8838
8837
8834
8834
8831
8831
8831
8830
8830
8829
8829
8829
8828
8827
8823
8823
8823
8823
8823
8821
8820
8819
8819
8819
8817
8817
8815
8812
8810
8804
8804
8802
8801
8801
8800
8799
8798
8797
8794
8792
8791
8790
8787
8787
8786
8785
8784
8784
8783
8783
8782
8782
8779
8779
8778
8778
8777
8776
8773
8772
8771
8771
8768
8767
8767
8766
8765
8765
8764
8762
8759
8758
8757
8757
8757
8756
8755
8754
8754
8754
8752
8751
8750
8750
8750
8749
8749
8748
8747
8747
8746
8745
8745
8744
8744
8744
8743
8742
8739
8737
8736
8735
8735
8735
8734
8734
8733
8733
8733
8732
8731
8731
8730
8729
8729
8729
8728
8724
8723
8722
8718
8718
8717
8717
8717
8716
8716
8715
8714
8714
8714
8714
8713
8713
8711
8711
8711
8710
8710
8710
8706
8704
8704
8699
8698
8698
8697
8696
8696
8696
8696
8695
8694
8692
8687
8683
8682
8681
8676
8675
8675
8673
8670
8669
8668
8668
8666
8666
8666
8665
8665
8662
8660
8660
8657
8655
8654
8654
8652
8652
8650
8649
8648
8648
8646
8646
8644
8642
8635
8635
8634
8634
8633
8632
8630
8630
8629
8628
8627
8626
8626
8626
8624
8623
8623
8623
8622
8622
8622
8622
8621
8620
8620
8620
8620
8619
8619
8618
8617
8617
8616
8616
8615
8614
8614
8613
8612
8612
8612
8611
8609
8608
8608
8607
8606
8604
8603
8603
8603
8603
8603
8600
8599
8599
8598
8596
8596
8594
8591
8590
8588
8588
8587
8587
8585
8585
8584
8584
8582
8582
8582
8581
8580
8580
8579
8578
8578
8577
8577
8577
8576
8575
8575
8574
8574
8572
8571
8571
8569
8569
8568
8565
8564
8563
8562
8561
8560
8560
8558
8558
8557
8555
8555
8555
8554
8554
8553
8553
8553
8552
8551
8551
8550
8549
8549
8548
8546
8542
8541
8541
8540
8540
8538
8534
8532
8531
8530
8528
8527
8526
8526
8525
8524
8522
8521
8520
8520
8519
8517
8517
8516
8515
8515
8515
8515
8515
8514
8513
8512
8512
8510
8510
8509
8509
8507
8505
8505
8505
8504
8503
8502
8502
8502
8501
8500
8500
8499
8497
8494
8493
8492
8491
8491
8491
8490
8488
8486
8486
8486
8485
8484
8483
8482
8482
8480
8479
8479
8477
8477
8477
8475
8474
8473
8472
8470
8467
8467
8466
8461
8460
8456
8453
8450
8450
8449
8449
8445
8445
8443
8442
8440
8437
8437
8436
8435
8435
8433
8430
8430
8430
8430
8430
8429
8429
8428
8427
8426
8425
8423
8422
8422
8420
8420
8417
8417
8416
8415
8415
8412
8412
8412
8410
8408
8408
8406
8405
8404
8404
8404
8404
8403
8402
8402
8400
8400
8398
8398
8396
8395
8394
8391
8391
8388
8387
8387
8386
8385
8385
8385
8384
8382
8382
8381
8380
8379
8378
8377
8376
8375
8374
8373
8372
8372
8372
8367
8367
8367
8366
8365
8364
8363
8363
8361
8361
8359
8359
8357
8354
8354
8353
8352
8350
8349
8348
8348
8347
8347
8346
8345
8343
8340
8339
8339
8338
8338
8337
8337
8335
8334
8334
8333
8331
8331
8328
8325
8325
8325
8322
8321
8320
8319
8319
8319
8317
8317
8313
8312
8312
8311
8311
8311
8311
8308
8307
8305
8304
8302
8300
8300
8300
8299
8296
8296
8295
8289
8288
8286
8285
8284
8283
8282
8282
8281
8281
8280
8280
8278
8277
8277
8276
8276
8276
8271
8270
8267
8266
8265
8264
8264
8264
8263
8262
8262
8260
8259
8259
8258
8258
8255
8255
8252
8252
8252
8250
8249
8249
8248
8247
8246
8245
8244
8243
8242
8241
8240
8238
8238
8237
8237
8237
8233
8233
8231
8231
8229
8228
8226
8226
8226
8226
8223
8221
8221
8220
8220
8220
8219
8219
8216
8214
8214
8213
8213
8213
8209
8209
8208
8205
8204
8202
8199
8198
8197
8196
8196
8195
8195
8193
8192
8192
8191
8190
8189
8188
8188
8185
8184
8184
8182
8182
8181
8181
8178
8174
8174
8173
8172
8172
8171
8171
8166
8165
8165
8165
8164
8164
8163
8162
8160
8159
8159
8158
8158
8157
8157
8153
8153
8152
8151
8151
8150
8149
8149
8147
8146
8146
8146
8137
8137
8135
8135
8131
8131
8130
8130
8129
8129
8127
8126
8124
8124
8123
8122
8121
8119
8119
8116
8115
8114
8113
8113
8112
8111
8108
8108
8107
8106
8105
8104
8104
8102
8101
8101
8101
8100
8099
8098
8096
8095
8093
8092
8092
8091
8091
8091
8090
8090
8090
8089
8087
8085
8085
8084
8083
8083
8081
8080
8079
8079
8077
8077
8076
8076
8076
8076
8074
8074
8074
8073
8072
8070
8070
8069
8069
8068
8068
8068
8068
8067
8065
8064
8062
8062
8062
8061
8059
8059
8058
8058
8056
8056
8055
8053
8052
8050
8049
8049
8048
8048
8047
8047
8045
8043
8043
8041
8040
8040
8035
8035
8034
8034
8034
8033
8032
8032
8031
8030
8029
8028
8028
8028
8026
8025
8024
8024
8023
8023
8022
8022
8021
8019
8017
8017
8015
8015
8015
8014
8014
8013
8012
8010
8009
8009
8008
8007
8002
8002
8001
8000
7999
7999
7999
7998
7998
7995
7993
7992
7990
7990
7989
7989
7988
7988
7985
7983
7983
7981
7980
7980
7979
7979
7978
7977
7975
7975
7974
7973
7973
7971
7971
7968
7967
7967
7967
7966
7965
7964
7963
7963
7961
7961
7959
7957
7955
7954
7953
7952
7947
7947
7946
7946
7945
7945
7945
7944
7943
7943
7942
7942
7942
7940
7937
7935
7934
7934
7932
7930
7930
7929
7929
7929
7929
7928
7928
7926
7925
7925
7922
7922
7921
7920
7919
7919
7919
7916
7916
7915
7914
7913
7913
7912
7912
7912
7912
7912
7912
7912
7911
7910
7909
7909
7909
7908
7906
7904
7904
7903
7903
7899
7898
7898
7896
7895
7895
7894
7893
7893
7892
7887
7886
7886
7886
7885
7883
7882
7880
7880
7880
7880
7879
7879
7878
7878
7877
7874
7873
7872
7871
7871
7870
7867
7867
7866
7864
7863
7862
7862
7860
7860
7859
7857
7854
7853
7852
7852
7849
7849
7848
7846
7845
7844
7843
7842
7840
7839
7835
7834
7833
7832
7832
7832
7832
7830
7830
7830
7829
7829
7825
7824
7823
7820
7817
7817
7816
7816
7813
7812
7811
7807
7806
7806
7804
7803
7803
7802
7801
7801
7800
7800
7800
7799
7799
7798
7798
7797
7795
7790
7789
7788
7788
7788
7786
7785
7785
7782
7781
7781
7780
7776
7776
7775
7775
7774
7774
7773
7771
7771
7770
7766
7764
7759
7757
7756
7755
7754
7754
7753
7752
7750
7750
7747
7746
7743
7742
7742
7741
7741
7738
7737
7734
7734
7732
7732
7731
7729
7729
7728
7728
7727
7727
7725
7725
7725
7722
7722
7721
7720
7720
7718
7717
7717
7715
7714
7713
7713
7713
7712
7712
7712
7710
7709
7708
7708
7707
7706
7702
7701
7701
7699
7698
7696
7695
7694
7693
7692
7689
7688
7687
7686
7686
7686
7685
7684
7683
7682
7679
7678
7678
7677
7676
7676
7675
7674
7674
7673
7669
7666
7663
7661
7660
7660
7660
7659
7658
7657
7657
7655
7655
7654
7653
7651
7650
7649
7649
7649
7648
7646
7645
7641
7641
7640
7640
7640
7633
7632
7632
7630
7630
7630
7626
7626
7623
7622
7622
7621
7616
7615
7615
7615
7611
7610
7610
7608
7607
7606
7606
7605
7604
7603
7602
7601
7601
7598
7598
7597
7596
7595
7595
7594
7590
7590
7590
7588
7585
7583
7583
7583
7579
7578
7578
7577
7574
7573
7572
7571
7570
7570
7569
7568
7566
7565
7565
7563
7562
7562
7560
7559
7558
7558
7556
7556
7555
7554
7553
7552
7552
7550
7549
7548
7546
7546
7544
7544
7543
7543
7543
7541
7541
7540
7540
7539
7539
7535
7533
7532
7532
7531
7530
7529
7528
7528
7526
7526
7526
7523
7523
7522
7519
7516
7515
7514
7514
7514
7513
7511
7511
7510
7510
7509
7505
7505
7504
7504
7504
7502
7502
7501
7499
7499
7498
7498
7496
7495
7494
7493
7492
7490
7488
7483
7482
7482
7481
7480
7480
7477
7477
7476
7473
7471
7470
7470
7466
7466
7465
7463
7463
7462
7459
7459
7458
7457
7456
7454
7454
7453
7453
7453
7452
7450
7450
7449
7447
7445
7444
7442
7441
7440
7440
7439
7435
7435
7435
7432
7429
7429
7427
7426
7425
7425
7425
7423
7420
7419
7419
7418
7418
7415
7414
7411
7411
7410
7410
7409
7408
7408
7406
7405
7404
7402
7402
7402
7402
7401
7400
7400
7399
7399
7398
7393
7390
7390
7387
7384
7384
7382
7381
7379
7377
7375
7375
7375
7374
7373
7373
7372
7368
7368
7367
7366
7365
7362
7362
7362
7362
7362
7360
7360
7359
7359
7359
7359
7358
7358
7357
7356
7356
7356
7355
7354
7353
7353
7352
7351
7350
7350
7350
7349
7349
7347
7346
7346
7345
7345
7344
7343
7342
7342
7341
7341
7340
7339
7337
7337
7336
7334
7334
7334
7331
7329
7329
7328
7327
7327
7325
7323
7323
7323
7323
7321
7321
7320
7320
7319
7319
7319
7318
7318
7317
7315
7313
7313
7312
7311
7310
7309
7309
7304
7303
7301
7300
7300
7299
7298
7298
7298
7297
7297
7297
7295
7295
7294
7294
7294
7294
7293
7293
7292
7289
7288
7288
7288
7287
7287
7284
7284
7283
7283
7282
7282
7280
7278
7278
7277
7277
7274
7274
7272
7271
7271
7269
7268
7268
7267
7267
7260
7260
7259
7258
7258
7258
7258
7256
7256
7255
7254
7253
7253
7253
7252
7251
7250
7250
7249
7249
7248
7246
7244
7243
7243
7242
7241
7241
7240
7240
7239
7235
7234
7234
7233
7232
7229
7227
7226
7226
7226
7226
7222
7222
7222
7221
7221
7220
7219
7217
7215
7211
7211
7208
7207
7207
7207
7205
7202
7202
7202
7201
7201
7201
7201
7201
7200
7200
7200
7198
7198
7198
7198
7195
7195
7195
7193
7190
7190
7189
7188
7188
7185
7185
7183
7183
7180
7180
7179
7179
7174
7174
7174
7173
7173
7173
7170
7169
7168
7165
7164
7162
7162
7162
7162
7161
7161
7160
7160
7158
7158
7157
7156
7155
7154
7153
7153
7152
7151
7150
7150
7149
7148
7147
7146
7146
7146
7143
7142
7142
7142
7140
7140
7140
7139
7137
7137
7136
7136
7135
7130
7129
7128
7126
7123
7123
7123
7123
7119
7118
7117
7117
7117
7116
7115
7113
7111
7111
7111
7110
7110
7110
7110
7109
7109
7109
7108
7106
7106
7106
7104
7102
7101
7099
7098
7098
7097
7097
7096
7093
7092
7091
7089
7088
7087
7087
7086
7085
7083
7082
7081
7081
7080
7080
7077
7077
7076
7073
7073
7070
7069
7068
7068
7066
7066
7065
7063
7063
7062
7060
7060
7059
7057
7057
7054
7054
7054
7054
7053
7053
7050
7048
7047
7044
7044
7044
7042
7041
7040
7040
7039
7039
7037
7036
7036
7036
7035
7035
7033
7032
7032
7031
7029
7027
7027
7026
7025
7024
7024
7023
7023
7022
7021
7020
7019
7018
7018
7014
7013
7011
7011
7010
7010
7010
7007
7006
7005
7004
7002
6998
6997
6997
6996
6993
6991
6991
6990
6990
6988
6987
6985
6984
6983
6983
6983
6982
6982
6981
6980
6978
6978
6978
6977
6977
6976
6976
6975
6974
6974
6974
6971
6970
6970
6970
6969
6967
6966
6966
6965
6964
6964
6963
6963
6962
6961
6960
6960
6958
6957
6957
6957
6956
6955
6954
6953
6952
6952
6950
6950
6949
6949
6949
6947
6947
6946
6946
6943
6943
6940
6940
6940
6934
6932
6932
6930
6930
6928
6928
6927
6926
6925
6925
6924
6924
6924
6923
6922
6922
6920
6920
6920
6919
6919
6919
6918
6917
6916
6916
6915
6915
6914
6912
6911
6910
6909
6908
6907
6906
6906
6906
6906
6905
6904
6902
6902
6902
6901
6897
6896
6896
6896
6896
6895
6894
6894
6894
6892
6892
6891
6891
6890
6890
6889
6888
6888
6888
6888
6888
6886
6885
6884
6883
6880
6879
6878
6877
6876
6875
6875
6872
6868
6867
6866
6866
6866
6865
6865
6864
6864
6861
6861
6860
6853
6852
6852
6852
6850
6849
6846
6846
6845
6844
6843
6842
6842
6841
6838
6838
6837
6835
6834
6831
6831
6831
6830
6829
6827
6827
6826
6825
6825
6825
6824
6824
6822
6821
6819
6818
6817
6816
6813
6812
6812
6812
6811
6810
6809
6808
6807
6804
6803
6799
6798
6796
6796
6795
6794
6794
6791
6789
6788
6784
6783
6781
6781
6780
6779
6778
6778
6776
6776
6776
6776
6776
6772
6772
6772
6771
6770
6768
6767
6767
6766
6765
6765
6764
6763
6763
6762
6759
6759
6759
6757
6756
6755
6755
6754
6754
6752
6752
6750
6749
6748
6747
6747
6747
6747
6746
6744
6744
6744
6743
6743
6743
6742
6740
6740
6738
6736
6736
6733
6732
6729
6728
6728
6727
6723
6723
6722
6722
6722
6720
6718
6718
6718
6717
6716
6715
6715
6714
6713
6712
6712
6711
6709
6709
6709
6708
6705
6704
6702
6702
6701
6701
6700
6700
6699
6697
6696
6695
6694
6693
6692
6692
6690
6687
6686
6686
6683
6683
6683
6682
6682
6682
6682
6681
6681
6681
6680
6680
6679
6679
6678
6678
6677
6677
6677
6675
6674
6674
6671
6669
6669
6668
6665
6664
6664
6662
6662
6661
6660
6660
6658
6657
6656
6655
6654
6652
6651
6648
6646
6646
6645
6645
6644
6643
6643
6642
6642
6642
6641
6641
6639
6639
6638
6637
6633
6630
6628
6627
6626
6624
6624
6623
6623
6619
6619
6618
6617
6617
6616
6615
6614
6613
6612
6607
6606
6605
6603
6602
6602
6601
6600
6598
6597
6595
6594
6589
6589
6588
6587
6586
6585
6584
6583
6582
6579
6577
6576
6575
6574
6574
6573
6572
6568
6568
6566
6565
6565
6565
6561
6559
6559
6558
6558
6557
6556
6556
6556
6555
6555
6555
6555
6554
6548
6547
6546
6546
6544
6543
6542
6541
6540
6539
6538
6537
6535
6535
6534
6533
6533
6532
6531
6531
6531
6530
6528
6525
6525
6524
6524
6522
6522
6522
6522
6522
6517
6517
6516
6516
6515
6513
6513
6512
6512
6509
6508
6505
6504
6502
6501
6501
6498
6498
6497
6496
6496
6495
6492
6492
6492
6491
6491
6491
6490
6489
6489
6488
6487
6487
6484
6484
6484
6483
6483
6481
6480
6479
6479
6479
6478
6477
6476
6476
6474
6473
6472
6471
6471
6471
6471
6469
6467
6467
6467
6466
6465
6465
6465
6464
6464
6463
6462
6461
6460
6459
6459
6458
6458
6456
6456
6455
6455
6455
6454
6453
6453
6452
6452
6452
6452
6450
6450
6450
6449
6448
6447
6446
6446
6445
6443
6441
6440
6440
6440
6438
6437
6437
6436
6435
6435
6435
6434
6433
6432
6432
6431
6430
6429
6428
6427
6427
6424
6423
6423
6423
6422
6422
6422
6419
6417
6417
6415
6415
6414
6412
6409
6409
6408
6408
6407
6404
6403
6403
6403
6402
6401
6398
6398
6396
6396
6394
6393
6393
6393
6391
6390
6389
6388
6387
6387
6385
6378
6377
6377
6376
6376
6375
6373
6371
6371
6370
6370
6369
6369
6368
6367
6367
6364
6364
6363
6363
6361
6361
6360
6360
6359
6357
6356
6354
6354
6353
6352
6351
6351
6350
6350
6348
6346
6345
6344
6343
6342
6341
6341
6340
6338
6338
6337
6335
6335
6334
6332
6331
6330
6330
6330
6329
6329
6328
6328
6328
6327
6326
6326
6326
6324
6324
6324
6323
6322
6321
6321
6320
6319
6319
6318
6316
6315
6314
6313
6313
6310
6310
6309
6307
6307
6307
6307
6306
6306
6306
6306
6305
6304
6304
6304
6302
6301
6301
6299
6298
6298
6298
6296
6296
6294
6294
6292
6292
6291
6291
6291
6291
6290
6289
6289
6288
6287
6285
6284
6283
6278
6277
6277
6277
6275
6271
6271
6271
6270
6269
6264
6264
6262
6262
6262
6259
6259
6258
6258
6257
6256
6255
6255
6255
6253
6251
6248
6248
6248
6247
6246
6245
6245
6245
6245
6243
6241
6238
6237
6237
6236
6234
6232
6230
6228
6227
6227
6225
6224
6223
6221
6220
6220
6220
6220
6220
6218
6218
6216
6216
6216
6215
6215
6214
6214
6212
6212
6212
6211
6209
6209
6209
6208
6208
6205
6204
6202
6202
6198
6197
6196
6194
6193
6192
6191
6191
6190
6190
6188
6187
6187
6186
6183
6183
6177
6177
6176
6175
6173
6173
6173
6171
6171
6169
6168
6166
6163
6162
6162
6162
6161
6160
6157
6156
6155
6154
6154
6154
6152
6150
6150
6149
6148
6147
6145
6145
6143
6141
6141
6139
6139
6139
6137
6134
6133
6133
6133
6133
6132
6131
6131
6130
6130
6124
6124
6123
6123
6122
6122
6122
6122
6121
6117
6115
6111
6108
6107
6106
6105
6105
6104
6104
6103
6102
6102
6102
6102
6101
6101
6100
6100
6100
6100
6098
6098
6096
6095
6094
6092
6087
6084
6082
6082
6082
6081
6081
6081
6080
6079
6076
6075
6074
6073
6072
6072
6070
6068
6068
6067
6067
6066
6062
6061
6060
6060
6060
6058
6058
6058
6057
6055
6054
6054
6053
6053
6053
6052
6052
6050
6050
6049
6048
6048
6047
6045
6044
6044
6043
6043
6043
6040
6040
6039
6037
6035
6035
6034
6031
6030
6030
6027
6027
6026
6025
6024
6024
6022
6018
6018
6017
6017
6017
6014
6013
6010
6010
6010
6009
6008
6008
6004
6003
6002
6001
6000
5999
5998
5998
5996
5992
5991
5991
5991
5990
5989
5989
5987
5987
5986
5983
5982
5981
5981
5980
5979
5979
5979
5978
5976
5976
5975
5974
5973
5972
5971
5971
5970
5968
5967
5967
5964
5962
5962
5960
5960
5958
5958
5955
5954
5954
5952
5951
5950
5950
5948
5947
5947
5946
5946
5945
5944
5944
5943
5940
5939
5938
5938
5937
5936
5935
5934
5932
5929
5928
5928
5928
5926
5924
5923
5920
5920
5919
5918
5918
5918
5917
5917
5916
5915
5915
5914
5914
5913
5913
5912
5910
5909
5909
5909
5908
5905
5904
5904
5899
5899
5898
5897
5897
5896
5894
5893
5893
5892
5891
5889
5889
5885
5884
5884
5882
5882
5881
5881
5880
5879
5876
5874
5874
5872
5871
5870
5870
5867
5867
5866
5865
5865
5865
5862
5862
5862
5859
5859
5857
5856
5856
5854
5854
5854
5852
5851
5850
5849
5849
5849
5849
5849
5848
5847
5845
5844
5841
5840
5839
5838
5836
5834
5834
5832
5832
5829
5827
5826
5826
5825
5825
5825
5825
5824
5822
5822
5822
5821
5821
5821
5820
5819
5819
5817
5817
5816
5813
5812
5809
5808
5807
5807
5807
5807
5806
5806
5806
5805
5805
5804
5804
5803
5803
5802
5802
5802
5802
5802
5800
5800
5799
5798
5798
5798
5798
5798
5797
5796
5795
5794
5794
5791
5791
5791
5789
5789
5789
5788
5786
5786
5784
5783
5782
5782
5779
5779
5777
5777
5777
5774
5774
5774
5772
5772
5770
5770
5769
5767
5765
5762
5762
5761
5759
5758
5758
5757
5756
5754
5753
5752
5752
5752
5751
5751
5748
5748
5747
5746
5745
5744
5744
5742
5739
5739
5738
5737
5737
5736
5734
5733
5733
5731
5731
5731
5728
5727
5727
5725
5725
5725
5725
5724
5723
5722
5721
5721
5721
5721
5721
5720
5718
5718
5717
5717
5716
5716
5715
5715
5714
5714
5713
5712
5712
5710
5708
5705
5703
5701
5701
5699
5698
5696
5695
5694
5694
5694
5693
5692
5692
5691
5690
5688
5687
5686
5686
5683
5682
5679
5678
5677
5675
5675
5675
5675
5674
5673
5671
5668
5666
5665
5664
5661
5660
5660
5657
5656
5656
5656
5654
5653
5653
5651
5650
5648
5647
5647
5646
5646
5645
5644
5644
5643
5642
5641
5640
5635
5635
5634
5632
5631
5631
5631
5630
5630
5628
5627
5626
5625
5625
5624
5621
5620
5619
5619
5619
5618
5615
5615
5612
5611
5611
5608
5608
5605
5602
5601
5600
5599
5599
5598
5598
5596
5595
5594
5594
5593
5593
5592
5590
5590
5587
5587
5587
5584
5583
5582
5581
5580
5579
5579
5577
5575
5574
5572
5570
5570
5569
5569
5568
5568
5567
5567
5565
5565
5564
5564
5564
5564
5564
5562
5562
5558
5558
5558
5558
5557
5557
5554
5553
5552
5552
5551
5548
5548
5546
5545
5545
5544
5542
5542
5542
5541
5541
5541
5539
5534
5534
5533
5532
5531
5531
5528
5527
5526
5526
5526
5525
5520
5520
5520
5520
5520
5519
5518
5517
5517
5516
5515
5515
5514
5514
5513
5513
5512
5507
5506
5506
5505
5505
5504
5504
5503
5502
5502
5501
5500
5499
5499
5496
5496
5495
5494
5494
5493
5493
5491
5491
5489
5484
5482
5482
5482
5479
5479
5478
5477
5477
5476
5476
5475
5475
5474
5474
5473
5473
5472
5469
5465
5465
5464
5464
5461
5461
5461
5460
5459
5459
5456
5456
5455
5454
5453
5453
5452
5452
5451
5450
5449
5449
5449
5448
5447
5445
5445
5444
5443
5442
5442
5439
5437
5436
5434
5434
5433
5433
5433
5433
5432
5432
5432
5431
5431
5429
5428
5428
5427
5427
5426
5426
5424
5420
5420
5420
5420
5419
5419
5418
5414
5414
5411
5410
5409
5406
5406
5406
5406
5402
5402
5400
5400
5398
5398
5398
5398
5397
5396
5396
5395
5394
5394
5394
5393
5390
5390
5390
5386
5385
5385
5383
5383
5382
5382
5382
5381
5379
5379
5376
5376
5375
5374
5372
5371
5370
5367
5367
5366
5365
5365
5364
5363
5363
5361
5359
5359
5358
5357
5352
5351
5349
5348
5347
5346
5345
5345
5341
5340
5340
5339
5339
5337
5336
5336
5336
5336
5335
5334
5327
5327
5325
5323
5323
5320
5318
5317
5316
5315
5315
5314
5314
5313
5313
5312
5310
5309
5308
5307
5306
5305
5304
5301
5300
5299
5299
5298
5298
5298
5297
5296
5294
5294
5290
5287
5283
5282
5282
5281
5281
5280
5280
5279
5278
5278
5278
5277
5275
5272
5269
5269
5267
5267
5266
5265
5263
5258
5258
5257
5256
5256
5254
5254
5253
5253
5253
5250
5249
5249
5248
5247
5246
5245
5242
5242
5241
5240
5240
5240
5239
5239
5238
5237
5237
5236
5236
5235
5235
5234
5234
5233
5231
5230
5230
5228
5227
5227
5227
5227
5225
5224
5223
5222
5222
5222
5221
5220
5220
5220
5218
5214
5211
5211
5211
5210
5209
5208
5206
5206
5205
5204
5203
5203
5201
5201
5200
5199
5197
5195
5195
5195
5194
5193
5193
5193
5190
5189
5189
5189
5188
5186
5183
5183
5182
5181
5180
5180
5180
5180
5180
5176
5176
5173
5173
5172
5172
5171
5171
5170
5168
5167
5165
5162
5162
5161
5161
5161
5160
5160
5159
5158
5157
5151
5151
5150
5150
5148
5147
5146
5146
5146
5144
5144
5143
5143
5142
5141
5141
5140
5140
5140
5137
5137
5136
5136
5134
5133
5132
5132
5131
5127
5126
5125
5125
5125
5124
5121
5121
5120
5119
5118
5118
5118
5118
5117
5115
5114
5113
5113
5111
5110
5106
5106
5105
5103
5103
5102
5101
5101
5101
5101
5100
5099
5099
5098
5095
5095
5095
5094
5094
5093
5091
5088
5085
5084
5083
5083
5081
5080
5079
5079
5078
5076
5075
5074
5074
5074
5071
5070
5070
5069
5067
5066
5064
5063
5063
5062
5062
5061
5061
5060
5060
5060
5054
5054
5053
5052
5049
5048
5048
5046
5046
5045
5045
5041
5041
5041
5039
5039
5039
5039
5037
5034
5034
5034
5033
5033
5032
5032
5031
5031
5031
5027
5027
5026
5025
5025
5023
5022
5022
5021
5020
5019
5018
5014
5014
5013
5011
5011
5010
5009
5006
5005
5002
5001
4999
4998
4997
4996
4995
4995
4994
4992
4991
4991
4990
4990
4990
4989
4989
4989
4989
4987
4986
4986
4986
4985
4983
4983
4982
4981
4981
4977
4977
4975
4975
4974
4973
4971
4971
4970
4969
4968
4967
4967
4967
4966
4965
4964
4963
4962
4962
4961
4960
4958
4958
4957
4957
4956
4954
4954
4953
4947
4946
4944
4944
4943
4942
4940
4940
4937
4936
4935
4934
4932
4932
4932
4931
4931
4931
4930
4930
4929
4926
4925
4923
4923
4920
4920
4920
4919
4918
4917
4916
4914
4914
4912
4910
4909
4909
4908
4908
4907
4907
4906
4906
4905
4902
4901
4901
4901
4900
4900
4899
4899
4898
4898
4898
4898
4896
4895
4895
4894
4893
4893
4893
4891
4890
4889
4887
4887
4886
4886
4886
4884
4882
4882
4881
4881
4880
4879
4879
4878
4878
4876
4876
4875
4875
4875
4873
4872
4872
4871
4870
4870
4868
4868
4867
4865
4864
4864
4862
4861
4861
4861
4859
4858
4857
4852
4852
4851
4851
4851
4849
4849
4848
4848
4848
4846
4845
4845
4845
4843
4840
4839
4838
4837
4836
4835
4834
4833
4832
4830
4830
4830
4829
4828
4827
4825
4825
4824
4823
4822
4822
4821
4820
4819
4818
4818
4814
4813
4811
4810
4809
4809
4809
4806
4805
4805
4804
4803
4803
4802
4801
4800
4797
4796
4794
4792
4791
4790
4788
4788
4787
4786
4786
4785
4785
4785
4785
4784
4784
4783
4783
4783
4782
4782
4779
4778
4777
4777
4776
4774
4774
4773
4773
4772
4771
4765
4764
4763
4763
4762
4761
4759
4758
4757
4756
4755
4754
4753
4752
4750
4749
4748
4747
4747
4745
4745
4744
4743
4743
4742
4741
4736
4736
4736
4733
4731
4729
4729
4729
4728
4726
4726
4726
4726
4725
4725
4724
4723
4723
4723
4721
4720
4719
4718
4718
4717
4717
4717
4716
4715
4715
4714
4714
4713
4713
4712
4712
4711
4710
4709
4706
4706
4703
4703
4702
4701
4701
4700
4699
4698
4697
4696
4695
4695
4692
4691
4688
4686
4686
4684
4684
4682
4682
4682
4681
4680
4678
4677
4674
4672
4671
4670
4670
4669
4669
4668
4667
4666
4665
4665
4664
4662
4659
4653
4653
4652
4650
4650
4649
4649
4648
4645
4645
4644
4644
4643
4643
4643
4642
4642
4640
4640
4638
4637
4636
4636
4636
4635
4635
4632
4632
4631
4631
4630
4623
4622
4621
4621
4618
4617
4615
4615
4615
4614
4612
4612
4610
4609
4607
4604
4603
4603
4602
4601
4600
4600
4600
4599
4599
4599
4598
4598
4597
4597
4596
4595
4594
4594
4593
4593
4593
4592
4592
4590
4587
4586
4584
4583
4580
4580
4580
4579
4579
4577
4575
4575
4575
4573
4569
4569
4568
4566
4565
4561
4560
4560
4558
4557
4556
4556
4555
4555
4551
4551
4550
4549
4549
4549
4549
4548
4546
4545
4544
4544
4544
4543
4543
4541
4537
4535
4534
4531
4531
4526
4526
4526
4524
4523
4522
4521
4521
4520
4518
4518
4515
4514
4514
4512
4510
4510
4510
4510
4509
4509
4508
4508
4508
4507
4507
4506
4506
4506
4506
4505
4502
4502
4502
4498
4496
4496
4494
4492
4489
4489
4488
4487
4487
4487
4486
4486
4486
4483
4482
4482
4481
4480
4480
4480
4480
4478
4477
4476
4474
4474
4474
4473
4472
4472
4470
4469
4466
4466
4465
4464
4462
4461
4461
4459
4459
4457
4455
4454
4454
4451
4451
4451
4448
4448
4446
4446
4444
4443
4442
4438
4438
4437
4437
4437
4436
4435
4435
4434
4434
4434
4434
4433
4433
4433
4432
4431
4430
4429
4426
4424
4423
4422
4420
4418
4416
4415
4414
4413
4413
4412
4411
4411
4411
4409
4409
4408
4407
4406
4404
4403
4401
4401
4400
4400
4400
4399
4399
4399
4399
4394
4394
4394
4394
4393
4393
4393
4392
4390
4390
4390
4385
4385
4384
4384
4383
4383
4382
4382
4381
4380
4380
4378
4377
4375
4374
4373
4372
4366
4365
4365
4365
4363
4361
4360
4356
4355
4355
4354
4354
4353
4351
4350
4350
4350
4349
4349
4347
4347
4345
4345
4344
4342
4342
4342
4339
4339
4339
4338
4337
4336
4335
4333
4332
4332
4328
4325
4325
4324
4323
4321
4320
4320
4319
4317
4317
4311
4310
4310
4308
4305
4304
4304
4304
4304
4302
4301
4301
4299
4298
4297
4297
4295
4295
4294
4293
4292
4292
4288
4288
4287
4287
4287
4286
4284
4283
4283
4282
4281
4278
4276
4276
4275
4274
4274
4271
4270
4270
4270
4270
4269
4266
4265
4264
4263
4261
4258
4257
4255
4255
4255
4254
4253
4253
4252
4252
4250
4249
4248
4247
4246
4246
4245
4244
4243
4242
4241
4240
4239
4235
4234
4233
4233
4230
4230
4229
4229
4228
4228
4227
4226
4224
4222
4219
4218
4214
4213
4213
4212
4211
4210
4210
4207
4206
4205
4202
4201
4199
4197
4196
4196
4194
4194
4193
4191
4189
4189
4188
4186
4184
4184
4183
4183
4183
4183
4182
4182
4181
4181
4179
4178
4178
4178
4173
4173
4173
4169
4169
4168
4168
4167
4165
4165
4164
4162
4162
4160
4159
4159
4158
4157
4156
4154
4153
4152
4152
4150
4150
4149
4149
4149
4147
4143
4143
4143
4142
4142
4142
4141
4141
4141
4140
4140
4139
4139
4139
4139
4137
4137
4136
4135
4132
4130
4128
4128
4127
4126
4126
4125
4124
4124
4124
4124
4123
4121
4121
4120
4120
4118
4117
4115
4115
4115
4114
4112
4112
4110
4107
4106
4106
4105
4104
4103
4102
4102
4098
4097
4096
4096
4096
4096
4094
4093
4092
4091
4090
4090
4089
4088
4088
4087
4087
4086
4086
4086
4085
4085
4084
4084
4083
4083
4082
4081
4080
4080
4080
4079
4077
4076
4075
4075
4074
4074
4073
4073
4069
4068
4068
4066
4066
4064
4064
4063
4058
4058
4057
4057
4057
4056
4056
4055
4054
4054
4052
4051
4050
4050
4050
4050
4050
4049
4049
4049
4047
4045
4043
4041
4040
4040
4037
4035
4035
4034
4033
4031
4030
4029
4029
4029
4029
4028
4028
4028
4027
4027
4026
4024
4024
4024
4024
4023
4022
4022
4021
4019
4018
4018
4016
4014
4013
4013
4011
4011
4010
4009
4009
4009
4008
4005
4003
4002
4001
4000
4000
3999
3999
3999
3999
3998
3998
3996
3994
3994
3993
3991
3989
3988
3986
3986
3986
3977
3975
3972
3970
3970
3970
3969
3968
3966
3965
3963
3962
3959
3958
3958
3956
3955
3952
3952
3951
3951
3950
3949
3948
3947
3946
3944
3944
3943
3942
3942
3939
3937
3936
3936
3935
3933
3932
3932
3932
3932
3930
3929
3928
3927
3926
3925
3925
3924
3922
3919
3919
3919
3914
3914
3913
3913
3911
3910
3908
3907
3907
3907
3906
3905
3905
3904
3903
3902
3901
3898
3898
3898
3898
3897
3897
3896
3896
3895
3895
3894
3892
3892
3891
3889
3887
3887
3887
3885
3885
3884
3884
3883
3883
3883
3882
3881
3881
3880
3879
3879
3878
3877
3874
3874
3872
3870
3870
3870
3870
3869
3868
3866
3864
3863
3862
3861
3860
3860
3860
3859
3859
3859
3858
3857
3856
3855
3854
3853
3852
3851
3849
3848
3846
3846
3846
3845
3845
3845
3844
3840
3839
3839
3838
3830
3829
3828
3826
3825
3825
3824
3824
3823
3821
3821
3821
3820
3819
3819
3818
3817
3816
3816
3814
3812
3810
3809
3809
3807
3802
3801
3801
3798
3797
3796
3794
3794
3794
3793
3793
3793
3792
3788
3787
3784
3783
3781
3781
3780
3780
3779
3778
3778
3777
3777
3777
3775
3774
3774
3772
3770
3767
3767
3766
3763
3763
3762
3762
3761
3760
3758
3757
3753
3751
3751
3748
3748
3746
3743
3742
3742
3738
3734
3729
3728
3726
3725
3724
3724
3723
3723
3723
3722
3722
3722
3722
3722
3722
3722
3721
3720
3720
3720
3720
3718
3717
3716
3715
3714
3714
3714
3713
3713
3713
3713
3712
3710
3708
3708
3708
3706
3705
3705
3705
3703
3703
3702
3702
3701
3700
3700
3700
3697
3697
3696
3696
3696
3695
3695
3693
3691
3688
3687
3687
3687
3686
3685
3685
3684
3684
3683
3682
3681
3681
3681
3679
3679
3678
3678
3677
3676
3676
3676
3673
3673
3672
3671
3669
3669
3665
3664
3664
3663
3661
3661
3660
3659
3659
3658
3658
3657
3657
3657
3656
3655
3654
3654
3653
3652
3648
3647
3646
3646
3643
3643
3643
3642
3641
3641
3641
3641
3640
3640
3640
3639
3638
3634
3633
3631
3629
3629
3628
3625
3625
3625
3624
3623
3622
3621
3621
3621
3618
3618
3617
3612
3609
3609
3608
3606
3605
3604
3603
3601
3599
3599
3599
3599
3598
3598
3598
3596
3596
3595
3594
3594
3592
3592
3588
3588
3588
3588
3586
3584
3581
3581
3579
3578
3577
3576
3576
3575
3575
3574
3574
3574
3573
3572
3572
3571
3569
3569
3568
3566
3565
3564
3564
3563
3563
3562
3562
3562
3561
3561
3561
3560
3560
3558
3557
3557
3554
3553
3553
3552
3552
3551
3550
3550
3550
3549
3548
3548
3545
3545
3545
3545
3543
3541
3541
3540
3538
3537
3537
3536
3535
3531
3530
3530
3530
3529
3529
3528
3528
3526
3526
3525
3523
3523
3520
3520
3518
3518
3517
3516
3516
3511
3511
3510
3509
3509
3508
3507
3505
3505
3505
3504
3503
3503
3502
3502
3498
3498
3495
3494
3494
3494
3493
3492
3491
3489
3489
3488
3487
3486
3486
3485
3483
3483
3482
3482
3478
3478
3476
3475
3475
3474
3473
3473
3471
3470
3470
3470
3469
3468
3466
3466
3466
3465
3464
3464
3464
3463
3462
3461
3460
3460
3460
3460
3459
3457
3455
3455
3455
3454
3453
3452
3452
3451
3451
3451
3450
3449
3445
3445
3444
3444
3443
3443
3441
3441
3440
3440
3438
3437
3437
3432
3432
3432
3431
3431
3430
3430
3429
3428
3424
3423
3423
3421
3420
3420
3420
3420
3420
3419
3418
3418
3417
3413
3412
3411
3410
3410
3409
3409
3408
3406
3405
3405
3403
3402
3401
3400
3396
3396
3395
3394
3393
3392
3390
3390
3390
3389
3387
3386
3385
3383
3383
3383
3380
3380
3378
3377
3376
3375
3371
3371
3369
3368
3368
3368
3367
3366
3366
3365
3365
3360
3360
3359
3359
3357
3356
3352
3351
3350
3350
3350
3350
3346
3343
3343
3343
3341
3338
3338
3337
3335
3335
3334
3333
3332
3331
3331
3330
3330
3329
3329
3325
3324
3322
3321
3320
3318
3318
3317
3316
3316
3315
3314
3314
3313
3313
3312
3307
3307
3303
3301
3300
3299
3299
3297
3294
3293
3293
3291
3291
3286
3285
3285
3284
3283
3283
3281
3280
3280
3280
3279
3279
3278
3277
3276
3276
3274
3272
3271
3270
3268
3266
3264
3263
3261
3258
3255
3254
3252
3252
3252
3250
3249
3248
3248
3246
3246
3246
3245
3245
3244
3242
3241
3239
3238
3238
3238
3238
3234
3234
3233
3233
3232
3232
3232
3229
3229
3228
3226
3226
3225
3224
3223
3222
3222
3222
3220
3219
3218
3218
3216
3216
3214
3214
3213
3213
3212
3211
3211
3211
3209
3209
3209
3209
3208
3207
3207
3205
3203
3203
3202
3201
3201
3198
3198
3195
3194
3192
3192
3191
3190
3188
3187
3186
3185
3184
3184
3184
3183
3181
3180
3178
3176
3175
3174
3173
3173
3172
3171
3168
3167
3167
3166
3165
3160
3160
3159
3158
3156
3156
3155
3154
3153
3153
3152
3151
3151
3151
3151
3150
3149
3149
3149
3148
3147
3144
3144
3143
3143
3142
3142
3142
3142
3140
3138
3136
3134
3133
3133
3132
3132
3131
3131
3128
3128
3128
3126
3126
3126
3125
3122
3122
3122
3122
3121
3121
3119
3118
3118
3116
3116
3116
3115
3115
3115
3113
3113
3112
3112
3111
3110
3110
3109
3107
3106
3106
3103
3103
3102
3101
3100
3099
3099
3097
3097
3096
3092
3092
3088
3088
3086
3085
3084
3084
3082
3081
3081
3080
3080
3078
3077
3077
3077
3077
3075
3075
3074
3073
3073
3072
3071
3069
3068
3068
3067
3065
3064
3062
3061
3060
3060
3060
3059
3058
3058
3057
3056
3056
3055
3054
3053
3051
3050
3049
3049
3048
3048
3040
3040
3036
3036
3035
3032
3030
3030
3030
3026
3026
3025
3025
3024
3023
3023
3022
3022
3020
3019
3018
3016
3012
3012
3012
3011
3010
3010
3009
3007
3007
3005
3004
3004
3004
3003
3002
3002
3001
3000
2999
2999
2998
2997
2995
2994
2993
2993
2992
2990
2988
2987
2986
2986
2986
2985
2985
2984
2982
2982
2981
2981
2980
2977
2977
2977
2976
2976
2972
2972
2968
2966
2962
2962
2960
2960
2960
2959
2958
2958
2956
2956
2955
2954
2954
2953
2950
2947
2947
2946
2945
2945
2944
2944
2941
2939
2937
2937
2936
2936
2933
2932
2929
2928
2925
2924
2924
2922
2922
2921
2920
2919
2919
2917
2916
2916
2916
2914
2913
2911
2911
2910
2908
2903
2902
2900
2900
2900
2895
2895
2894
2892
2891
2889
2889
2889
2888
2888
2885
2885
2884
2883
2882
2881
2881
2881
2880
2879
2878
2877
2876
2875
2873
2872
2872
2872
2871
2871
2869
2862
2860
2859
2857
2856
2855
2855
2854
2854
2853
2852
2852
2850
2848
2848
2848
2847
2845
2842
2842
2842
2842
2839
2839
2839
2837
2835
2835
2835
2830
2829
2828
2827
2827
2827
2825
2825
2824
2824
2822
2821
2820
2819
2818
2818
2817
2816
2815
2815
2814
2814
2812
2812
2810
2808
2808
2806
2806
2806
2806
2806
2806
2805
2805
2802
2802
2798
2798
2797
2796
2794
2794
2793
2793
2792
2792
2792
2791
2790
2790
2789
2788
2788
2787
2787
2785
2785
2783
2780
2780
2779
2779
2777
2775
2774
2773
2771
2771
2769
2769
2767
2767
2767
2766
2766
2766
2763
2762
2762
2762
2762
2761
2759
2758
2757
2756
2756
2756
2753
2753
2751
2751
2751
2748
2747
2747
2746
2745
2745
2743
2741
2741
2741
2737
2735
2735
2735
2734
2733
2732
2731
2730
2730
2729
2725
2725
2725
2724
2723
2723
2721
2721
2720
2717
2717
2715
2715
2715
2715
2714
2714
2714
2713
2713
2713
2713
2712
2709
2707
2706
2705
2705
2705
2703
2702
2701
2700
2700
2699
2698
2697
2696
2696
2695
2695
2694
2694
2694
2694
2692
2691
2689
2688
2684
2683
2682
2682
2681
2680
2680
2680
2680
2679
2678
2677
2675
2675
2671
2670
2670
2669
2669
2665
2663
2661
2659
2658
2657
2656
2656
2656
2655
2654
2654
2654
2652
2651
2650
2648
2648
2648
2645
2645
2644
2644
2643
2642
2642
2641
2638
2636
2633
2632
2631
2631
2630
2629
2628
2627
2622
2622
2622
2619
2619
2619
2619
2619
2618
2615
2614
2614
2614
2612
2611
2610
2609
2607
2607
2606
2602
2600
2599
2598
2597
2596
2596
2592
2592
2592
2589
2589
2588
2588
2588
2587
2586
2585
2585
2585
2584
2583
2580
2578
2578
2577
2577
2575
2573
2571
2570
2570
2569
2567
2566
2566
2565
2565
2563
2561
2557
2556
2556
2555
2555
2555
2550
2549
2549
2547
2546
2543
2543
2542
2542
2541
2540
2540
2539
2539
2537
2537
2536
2535
2534
2534
2533
2533
2531
2531
2530
2530
2530
2529
2529
2528
2527
2526
2525
2523
2521
2519
2515
2513
2513
2508
2507
2506
2503
2503
2503
2502
2502
2502
2501
2501
2500
2500
2500
2497
2497
2496
2495
2494
2494
2491
2491
2491
2490
2489
2488
2487
2487
2487
2487
2486
2481
2481
2480
2480
2479
2478
2478
2478
2477
2477
2473
2472
2471
2471
2470
2469
2465
2464
2460
2460
2460
2459
2457
2456
2454
2454
2452
2449
2446
2445
2442
2440
2439
2438
2437
2437
2434
2432
2428
2428
2427
2427
2426
2424
2424
2424
2423
2423
2422
2422
2421
2420
2419
2416
2413
2413
2412
2412
2409
2405
2405
2404
2404
2403
2403
2403
2402
2402
2401
2400
2399
2397
2395
2395
2395
2392
2392
2392
2391
2391
2391
2388
2387
2387
2384
2383
2383
2382
2378
2378
2378
2374
2374
2374
2373
2373
2372
2371
2370
2369
2368
2367
2365
2364
2364
2363
2362
2361
2358
2357
2355
2355
2355
2355
2354
2354
2352
2352
2350
2350
2350
2349
2348
2347
2344
2343
2340
2340
2339
2338
2338
2337
2337
2337
2335
2334
2334
2334
2332
2331
2329
2329
2329
2329
2328
2328
2327
2326
2324
2321
2321
2321
2317
2316
2315
2315
2314
2313
2311
2309
2309
2309
2307
2305
2304
2304
2304
2302
2300
2300
2296
2295
2295
2294
2294
2292
2291
2290
2288
2287
2286
2286
2285
2285
2285
2285
2284
2284
2283
2282
2280
2279
2279
2279
2278
2276
2273
2272
2271
2271
2269
2268
2267
2263
2262
2261
2261
2259
2259
2256
2256
2255
2254
2253
2252
2251
2251
2250
2249
2249
2248
2248
2248
2244
2241
2239
2239
2237
2234
2232
2232
2232
2232
2231
2231
2230
2229
2229
2228
2228
2226
2224
2223
2222
2220
2220
2220
2219
2219
2215
2214
2209
2209
2208
2207
2207
2205
2203
2203
2201
2200
2198
2198
2197
2197
2196
2195
2193
2193
2193
2191
2189
2188
2186
2185
2183
2183
2182
2181
2180
2179
2177
2176
2175
2175
2174
2174
2174
2174
2174
2172
2171
2171
2170
2170
2169
2168
2168
2167
2167
2165
2163
2163
2163
2163
2162
2162
2161
2160
2156
2153
2153
2151
2151
2151
2149
2148
2147
2147
2147
2147
2145
2145
2144
2141
2140
2140
2139
2138
2137
2136
2136
2134
2133
2133
2132
2132
2131
2130
2130
2129
2126
2124
2124
2124
2122
2120
2119
2118
2118
2117
2117
2117
2115
2114
2114
2113
2113
2109
2108
2107
2106
2105
2103
2102
2101
2096
2096
2092
2091
2090
2089
2088
2084
2084
2084
2084
2083
2082
2081
2081
2079
2079
2079
2078
2078
2077
2077
2076
2076
2074
2074
2072
2072
2071
2070
2070
2068
2067
2063
2063
2062
2062
2062
2060
2060
2059
2056
2056
2056
2054
2054
2053
2053
2052
2051
2051
2050
2049
2049
2049
2045
2043
2042
2042
2041
2041
2040
2039
2038
2038
2038
2036
2033
2032
2032
2032
2032
2032
2031
2030
2030
2029
2026
2026
2026
2025
2023
2022
2022
2022
2021
2018
2018
2017
2016
2015
2014
2009
2009
2008
2008
2007
2002
2001
1998
1998
1998
1998
1997
1997
1996
1996
1995
1994
1994
1994
1992
1992
1992
1991
1989
1989
1988
1987
1986
1986
1984
1983
1982
1982
1982
1982
1981
1980
1978
1978
1977
1976
1975
1974
1972
1972
1972
1972
1971
1969
1968
1967
1966
1965
1965
1964
1963
1962
1961
1961
1961
1960
1959
1959
1959
1959
1958
1958
1957
1956
1956
1956
1956
1955
1955
1954
1954
1951
1950
1949
1949
1949
1946
1944
1944
1943
1943
1942
1941
1940
1940
1940
1938
1938
1937
1935
1935
1934
1933
1933
1933
1932
1932
1931
1930
1927
1924
1924
1924
1923
1922
1922
1920
1920
1918
1918
1917
1916
1916
1912
1911
1910
1910
1909
1908
1908
1907
1906
1906
1906
1905
1905
1904
1904
1903
1902
1901
1901
1900
1900
1899
1898
1898
1894
1894
1893
1891
1890
1886
1886
1885
1885
1884
1884
1884
1881
1880
1880
1879
1878
1876
1875
1875
1873
1870
1868
1868
1867
1866
1863
1863
1863
1861
1860
1859
1858
1855
1855
1854
1854
1852
1850
1849
1849
1848
1846
1844
1844
1844
1843
1841
1841
1839
1838
1838
1836
1835
1835
1835
1833
1833
1833
1833
1831
1830
1830
1825
1824
1822
1821
1819
1817
1815
1814
1814
1813
1813
1810
1809
1808
1807
1807
1806
1805
1802
1802
1802
1801
1800
1798
1795
1794
1793
1789
1789
1789
1789
1789
1788
1787
1787
1785
1781
1778
1777
1776
1773
1773
1772
1772
1772
1771
1769
1769
1769
1767
1767
1767
1766
1766
1765
1764
1763
1762
1761
1759
1758
1757
1756
1755
1755
1754
1754
1753
1753
1751
1750
1750
1749
1748
1748
1747
1746
1746
1743
1742
1740
1740
1740
1739
1738
1735
1734
1734
1733
1733
1731
1731
1730
1727
1727
1724
1723
1722
1719
1718
1717
1716
1716
1712
1709
1708
1708
1707
1707
1707
1705
1705
1704
1702
1701
1701
1698
1698
1696
1694
1692
1690
1688
1687
1682
1681
1681
1681
1680
1678
1678
1676
1676
1673
1673
1670
1669
1669
1666
1666
1666
1666
1665
1665
1664
1663
1659
1659
1656
1655
1653
1652
1651
1651
1651
1650
1649
1648
1648
1648
1646
1645
1645
1645
1644
1641
1641
1638
1637
1635
1635
1633
1632
1632
1631
1630
1630
1629
1629
1628
1626
1625
1623
1623
1622
1622
1622
1620
1618
1617
1616
1615
1615
1615
1614
1613
1613
1611
1610
1609
1605
1604
1604
1604
1603
1603
1602
1601
1598
1598
1598
1597
1596
1596
1595
1591
1590
1590
1590
1587
1586
1585
1583
1582
1581
1580
1575
1575
1574
1574
1574
1572
1572
1571
1571
1570
1569
1568
1568
1568
1566
1562
1560
1559
1557
1557
1557
1557
1556
1556
1554
1554
1552
1552
1552
1551
1551
1551
1548
1548
1547
1545
1543
1536
1535
1533
1529
1528
1528
1527
1527
1523
1523
1522
1520
1519
1519
1516
1516
1512
1509
1509
1507
1507
1506
1504
1499
1499
1498
1498
1498
1498
1497
1495
1495
1495
1491
1491
1489
1489
1488
1488
1488
1487
1487
1486
1486
1486
1484
1484
1484
1483
1483
1482
1481
1481
1480
1479
1477
1477
1476
1475
1475
1470
1469
1469
1468
1465
1464
1463
1463
1462
1462
1462
1462
1460
1460
1460
1457
1457
1454
1454
1453
1453
1453
1452
1451
1449
1449
1449
1447
1446
1442
1440
1439
1438
1437
1435
1434
1434
1430
1426
1426
1423
1423
1423
1422
1421
1421
1420
1420
1417
1416
1415
1415
1414
1414
1409
1409
1409
1406
1405
1405
1401
1400
1398
1397
1396
1396
1393
1392
1391
1390
1390
1389
1388
1386
1386
1384
1383
1379
1379
1377
1375
1375
1375
1374
1374
1373
1373
1371
1369
1367
1366
1365
1365
1365
1364
1363
1362
1360
1359
1359
1356
1355
1354
1353
1351
1350
1348
1347
1346
1345
1343
1342
1341
1339
1337
1336
1336
1335
1329
1329
1329
1328
1325
1325
1323
1323
1323
1323
1322
1322
1321
1320
1319
1318
1316
1316
1316
1315
1313
1312
1311
1310
1309
1306
1305
1303
1302
1302
1302
1301
1300
1300
1300
1298
1298
1298
1295
1291
1290
1290
1290
1288
1288
1288
1286
1286
1286
1286
1286
1283
1283
1282
1280
1277
1277
1276
1275
1272
1272
1272
1269
1269
1264
1263
1262
1262
1261
1260
1260
1260
1259
1259
1258
1257
1257
1256
1256
1255
1255
1255
1251
1250
1250
1249
1249
1249
1248
1248
1247
1247
1246
1245
1243
1242
1242
1241
1240
1238
1236
1235
1234
1232
1231
1227
1226
1225
1225
1224
1222
1222
1222
1221
1221
1220
1219
1218
1218
1218
1218
1215
1215
1215
1214
1210
1208
1207
1205
1204
1202
1200
1200
1200
1200
1199
1198
1198
1197
1197
1197
1196
1193
1193
1192
1192
1191
1189
1188
1188
1186
1184
1184
1184
1180
1175
1174
1173
1171
1171
1170
1169
1169
1169
1168
1168
1168
1167
1166
1166
1164
1163
1162
1161
1160
1160
1158
1158
1157
1157
1156
1155
1155
1155
1155
1154
1154
1153
1152
1152
1151
1150
1150
1149
1149
1148
1147
1146
1146
1146
1146
1144
1143
1142
1142
1142
1141
1139
1137
1137
1136
1135
1134
1133
1132
1131
1131
1131
1129
1129
1128
1128
1127
1127
1126
1126
1124
1124
1122
1122
1121
1120
1119
1119
1118
1118
1117
1117
1115
1114
1114
1113
1113
1113
1112
1112
1111
1110
1110
1110
1110
1108
1108
1107
1107
1106
1105
1105
1104
1102
1100
1098
1097
1095
1095
1095
1095
1095
1093
1092
1090
1089
1089
1088
1088
1083
1083
1082
1080
1078
1078
1077
1073
1072
1072
1072
1071
1071
1070
1070
1069
1069
1068
1068
1068
1068
1067
1066
1065
1064
1064
1061
1060
1060
1058
1058
1058
1053
1052
1052
1052
1050
1049
1048
1048
1046
1045
1038
1036
1035
1033
1031
1031
1030
1030
1029
1028
1027
1026
1026
1026
1026
1026
1025
1024
1024
1022
1022
1020
1020
1019
1019
1019
1018
1018
1016
1013
1012
1011
1009
1004
1003
1003
1003
1001
1000
1000
999
995
995
994
993
991
990
988
987
987
986
985
985
983
981
981
979
978
977
977
976
976
976
976
975
975
973
973
969
969
968
967
965
964
964
962
962
961
961
961
958
955
952
948
948
948
948
947
947
943
943
943
942
940
938
935
934
934
934
933
932
930
929
927
927
924
923
923
923
921
921
921
920
918
917
917
913
913
907
907
906
904
904
903
899
899
899
898
895
893
893
893
890
888
885
884
883
883
882
880
878
878
877
876
875
874
873
872
871
868
867
867
866
866
866
865
865
864
863
863
861
860
858
857
856
854
854
852
849
849
847
846
846
845
843
842
842
841
841
841
841
839
837
837
835
835
834
834
834
833
832
831
830
830
830
830
829
827
825
824
822
821
819
818
817
817
816
814
812
812
811
810
810
809
808
808
808
808
807
806
806
804
804
802
800
798
797
796
796
796
794
793
792
792
790
789
788
787
785
783
782
780
780
779
779
779
779
778
776
775
774
772
771
771
771
770
770
769
767
762
760
757
757
755
751
751
750
749
749
748
747
746
746
745
745
744
744
743
743
742
742
742
739
739
738
737
735
733
729
729
729
728
727
726
726
726
725
724
724
724
724
723
723
723
722
720
720
720
718
717
716
713
712
712
711
710
708
701
701
701
700
700
699
697
697
697
696
696
696
694
693
687
685
683
681
678
678
678
677
677
677
677
676
675
674
674
674
672
672
671
671
670
670
668
668
667
667
666
664
664
663
663
662
662
660
660
660
659
658
658
656
653
653
653
651
651
650
650
649
649
648
646
646
644
643
641
637
637
635
635
635
634
633
632
631
630
630
629
629
627
626
625
623
622
621
621
620
620
620
619
619
617
617
616
615
615
614
614
614
613
613
613
612
612
610
609
608
608
606
606
606
602
602
600
598
597
596
595
594
593
593
593
592
591
591
591
591
591
589
588
586
585
584
584
584
583
582
582
579
579
578
576
576
574
572
570
570
569
569
568
567
567
566
564
564
563
561
561
558
558
556
556
551
551
550
550
550
550
548
546
545
545
542
539
539
539
538
535
535
533
533
532
531
528
528
527
525
524
524
520
519
517
517
516
516
515
515
514
513
513
513
511
510
510
508
506
505
505
503
503
502
501
501
501
500
498
497
497
496
495
495
495
495
494
492
489
487
487
485
482
480
480
479
478
478
477
476
476
475
475
473
472
471
470
467
467
467
466
465
465
463
461
461
460
460
459
457
457
455
455
455
454
454
453
450
449
448
447
446
445
444
444
443
441
439
439
438
437
437
437
434
433
433
432
431
431
429
426
426
425
425
424
424
423
422
420
419
419
416
416
414
412
412
411
410
409
408
408
406
406
403
403
402
400
400
400
399
397
396
393
392
392
390
387
387
384
383
381
380
379
378
376
374
373
372
371
370
370
369
366
365
365
365
364
362
361
361
361
360
358
358
358
355
355
352
352
351
350
349
349
349
346
345
345
344
342
340
340
338
338
337
337
333
333
333
333
332
332
330
329
328
325
324
324
324
322
322
321
319
319
319
318
317
317
315
315
315
315
314
312
312
309
309
309
309
309
308
306
306
305
305
305
304
303
303
301
300
298
295
295
293
292
288
287
286
284
281
281
278
277
276
276
275
275
274
273
273
273
271
270
270
266
266
266
263
260
259
259
258
256
252
251
249
249
249
245
244
241
238
237
237
237
237
235
233
233
232
231
231
228
226
225
223
222
222
220
218
218
216
216
216
211
207
203
203
203
203
201
200
199
198
198
197
196
196
196
195
194
194
194
193
193
193
193
192
191
191
189
189
188
185
185
184
184
183
183
181
180
180
179
177
176
172
172
172
172
172
167
166
165
165
165
164
163
161
160
159
158
158
157
157
157
155
152
151
151
150
150
147
143
143
139
138
137
137
137
133
133
133
132
131
129
125
125
124
123
123
122
122
120
120
120
119
118
118
118
117
115
113
110
109
107
106
106
105
105
105
104
103
102
102
101
100
100
99
98
96
96
95
93
90
90
89
87
87
87
86
84
83
83
82
80
80
78
76
75
74
73
73
72
72
69
68
68
67
65
65
65
63
62
61
61
61
59
58
57
57
55
53
53
53
53
52
51
50
49
49
49
48
47
46
46
45
45
45
44
42
41
41
41
38
37
37
34
32
32
29
28
27
26
25
23
22
20
20
20
18
18
18
17
14
12
11
10
10
9
6
5
4
2
2
