9999
9998
9998
9998
9998
9995
9994
9992
9991
9991
9989
9986
9986
9986
9985
9984
9984
9984
9982
9982
9978
9978
9977
9977
9974
9973
9970
9970
9970
9969
9969
9966
9966
9966
9965
9965
9963
9960
9960
9960
9958
9957
9957
9957
9955
9955
9953
9951
9950
9949
9949
9947
9947
9946
9945
9945
9945
9943
9943
9943
9942
9942
9942
9942
9941
9940
9939
9939
9936
9934
9933
9933
9932
9932
9929
9927
9926
9926
9925
9925
9923
9923
9922
9922
9920
9920
9919
9919
9918
9918
9916
9914
9913
9912
9910
9909
9907
9905
9905
9905
9903
9903
9902
9896
9895
9895
9893
9893
9892
9892
9892
9891
9890
9890
9888
9888
9887
9887
9887
9886
9885
9885
9883
9882
9881
9880
9880
9879
9879
9877
9876
9875
9874
9874
9872
9872
9872
9868
9868
9867
9867
9865
9865
9863
9862
9857
9856
9855
9854
9854
9853
9853
9852
9852
9851
9851
9850
9848
9847
9846
9846
9846
9844
9843
9843
9843
9840
9838
9836
9835
9834
9832
9832
9831
9830
9828
9827
9827
9824
9823
9822
9821
9821
9818
9817
9817
9816
9815
9811
9811
9811
9810
9808
9807
9803
9803
9803
9802
9798
9796
9795
9795
9795
9795
9793
9793
9792
9790
9790
9790
9788
9787
9786
9784
9783
9781
9781
9780
9779
9777
9777
9776
9776
9776
9775
9775
9775
9775
9773
9772
9770
9769
9769
9769
9767
9766
9766
9765
9765
9764
9764
9763
9760
9760
9759
9759
9759
9757
9757
9757
9756
9753
9752
9752
9747
9747
9743
9742
9742
9740
9738
9737
9735
9735
9734
9734
9734
9734
9734
9732
9730
9729
9727
9727
9727
9727
9725
9724
9724
9723
9721
9721
9721
9720
9720
9718
9717
9715
9712
9711
9710
9710
9708
9706
9704
9704
9701
9701
9700
9700
9699
9698
9698
9697
9696
9696
9696
9693
9692
9691
9690
9690
9690
9689
9688
9688
9687
9687
9686
9685
9682
9679
9679
9677
9677
9675
9672
9672
9670
9670
9670
9669
9669
9669
9665
9665
9665
9665
9664
9662
9662
9662
9660
9659
9659
9658
9658
9657
9656
9655
9655
9653
9652
9651
9650
9650
9648
9647
9646
9646
9646
9644
9642
9638
9638
9637
9636
9636
9635
9635
9635
9634
9633
9631
9629
9628
9627
9627
9626
9626
9625
9623
9623
9621
9620
9620
9618
9617
9616
9615
9615
9614
9614
9613
9612
9610
9610
9608
9607
9606
9606
9606
9606
9605
9605
9605
9604
9604
9600
9597
9596
9596
9596
9595
9593
9592
9590
9590
9589
9589
9589
9589
9588
9588
9588
9587
9586
9585
9585
9584
9583
9582
9580
9580
9580
9578
9578
9576
9573
9573
9572
9571
9567
9567
9567
9566
9565
9565
9564
9564
9564
9563
9561
9561
9561
9561
9560
9559
9558
9555
9554
9552
9551
9551
9551
9550
9548
9548
9547
9546
9545
9543
9543
9542
9542
9534
9532
9531
9530
9529
9528
9528
9526
9525
9522
9521
9520
9519
9518
9518
9517
9517
9517
9516
9513
9511
9511
9510
9507
9505
9505
9504
9504
9503
9501
9499
9496
9495
9494
9490
9488
9488
9487
9487
9487
9486
9485
9484
9483
9482
9482
9481
9479
9477
9476
9475
9472
9470
9470
9470
9469
9469
9466
9466
9466
9464
9463
9463
9462
9460
9458
9456
9456
9453
9453
9453
9448
9448
9447
9447
9446
9445
9445
9444
9444
9441
9440
9439
9438
9434
9431
9431
9429
9429
9428
9423
9423
9423
9422
9422
9420
9419
9419
9417
9417
9416
9414
9412
9410
9410
9408
9408
9407
9406
9403
9403
9403
9402
9398
9397
9396
9396
9394
9393
9392
9392
9390
9389
9389
9388
9387
9385
9385
9383
9382
9382
9381
9380
9379
9378
9377
9374
9374
9369
9366
9366
9366
9365
9365
9364
9364
9364
9363
9361
9360
9360
9360
9360
9359
9353
9352
9351
9350
9350
9348
9347
9347
9343
9341
9340
9340
9339
9339
9336
9335
9333
9330
9329
9325
9323
9323
9320
9320
9319
9319
9318
9317
9317
9315
9314
9310
9310
9310
9309
9308
9307
9307
9307
9306
9304
9303
9303
9302
9300
9300
9299
9299
9299
9298
9298
9297
9295
9294
9294
9294
9294
9293
9292
9292
9291
9291
9290
9285
9285
9283
9281
9281
9280
9280
9279
9279
9278
9278
9277
9277
9277
9275
9275
9274
9274
9273
9272
9272
9270
9269
9268
9267
9267
9267
9265
9264
9264
9264
9261
9260
9257
9255
9254
9250
9249
9248
9247
9245
9243
9243
9241
9238
9236
9236
9235
9233
9232
9231
9230
9230
9230
9230
9228
9228
9228
9227
9227
9226
9226
9225
9225
9225
9224
9224
9223
9223
9223
9222
9222
9221
9219
9219
9216
9216
9215
9213
9212
9210
9206
9206
9205
9205
9204
9204
9202
9202
9202
9199
9197
9195
9195
9193
9191
9190
9189
9189
9188
9188
9188
9187
9185
9184
9184
9183
9182
9182
9181
9181
9181
9180
9178
9178
9178
9172
9172
9172
9169
9169
9168
9168
9168
9168
9167
9166
9166
9165
9165
9165
9163
9160
9160
9160
9159
9158
9158
9157
9157
9153
9153
9152
9150
9146
9145
9145
9142
9139
9138
9138
9134
9133
9133
9132
9132
9131
9130
9128
9127
9124
9121
9121
9120
9120
9119
9119
9119
9117
9117
9116
9115
9115
9114
9109
9109
9107
9106
9105
9105
9104
9103
9102
9100
9099
9099
9099
9098
9096
9096
9092
9090
9088
9087
9087
9086
9085
9084
9084
9084
9082
9081
9081
9081
9081
9080
9080
9078
9078
9077
9077
9076
9076
9075
9074
9074
9071
9071
9069
9069
9068
9068
9068
9068
9068
9067
9067
9067
9067
9066
9066
9064
9059
9059
9057
9057
9056
9054
9051
9051
9051
9051
9050
9050
9049
9048
9047
9047
9045
9044
9044
9043
9041
9041
9041
9040
9039
9037
9037
9035
9035
9034
9034
9033
9033
9032
9031
9031
9030
9029
9029
9027
9024
9023
9020
9019
9018
9017
9016
9015
9014
9011
9011
9008
9007
9006
9005
9004
9003
9001
9000
8999
8999
8999
8998
8997
8996
8992
8992
8992
8991
8991
8991
8987
8986
8985
8985
8984
8980
8979
8979
8978
8975
8974
8973
8972
8972
8971
8971
8969
8969
8969
8968
8966
8965
8965
8963
8962
8960
8959
8959
8959
8957
8957
8957
8957
8953
8953
8953
8952
8952
8951
8948
8948
8948
8947
8947
8946
8946
8945
8944
8943
8943
8942
8940
8937
8937
8936
8935
8935
8933
8932
8932
8932
8928
8926
8925
8924
8924
8923
8923
8923
8922
8922
8920
8919
8918
8918
8917
8915
8915
8914
8914
8914
8914
8913
8913
8913
8913
8912
8911
8910
8903
8902
8901
8901
8900
8900
8899
8897
8896
8896
8896
8895
8895
8894
8892
8891
8889
8889
8889
8889
8889
8888
8887
8885
8884
8882
8880
8879
8878
8877
8876
8875
8874
8873
8872
8871
8868
8867
8867
8865
8864
8863
8863
8858
8856
8855
8852
8852
8851
8851
8849
8848
8847
8844
8843
8843
8842
8842
8842
8841
8840
8840
8839
8838
8838
8836
8836
8835
8835
8829
8828
8826
8825
8824
8823
8822
8822
8820
8819
8816
8814
8814
8810
8809
8808
8807
8805
8805
8804
8803
8802
8801
8800
8800
8800
8799
8799
8799
8799
8798
8798
8797
8796
8796
8796
8796
8796
8795
8795
8794
8794
8793
8792
8790
8788
8788
8785
8785
8783
8783
8782
8781
8778
8775
8774
8773
8769
8768
8767
8767
8764
8764
8764
8763
8763
8762
8762
8761
8761
8760
8760
8759
8759
8757
8755
8755
8755
8754
8753
8752
8750
8746
8746
8744
8742
8740
8740
8739
8737
8737
8737
8737
8734
8733
8732
8732
8731
8730
8729
8728
8728
8727
8727
8727
8726
8725
8724
8724
8719
8719
8718
8718
8717
8716
8716
8713
8713
8710
8709
8708
8706
8706
8704
8702
8702
8701
8701
8701
8697
8693
8693
8692
8692
8692
8692
8690
8689
8689
8686
8686
8685
8683
8682
8682
8680
8680
8679
8678
8678
8678
8678
8678
8676
8676
8672
8670
8669
8669
8668
8666
8666
8665
8664
8663
8663
8662
8662
8662
8662
8661
8658
8658
8657
8657
8656
8655
8654
8654
8653
8652
8651
8650
8649
8649
8649
8649
8648
8646
8646
8645
8644
8643
8643
8641
8640
8639
8638
8638
8636
8634
8634
8634
8634
8633
8632
8631
8631
8630
8630
8626
8626
8625
8624
8624
8623
8623
8622
8621
8621
8621
8619
8618
8616
8616
8616
8615
8615
8614
8611
8610
8608
8606
8606
8605
8605
8604
8603
8602
8602
8601
8600
8600
8600
8599
8597
8597
8597
8596
8594
8593
8592
8591
8589
8586
8585
8583
8582
8582
8581
8579
8579
8577
8575
8574
8574
8574
8574
8572
8572
8570
8570
8570
8570
8569
8568
8566
8566
8565
8563
8561
8561
8561
8560
8559
8558
8557
8557
8555
8555
8554
8553
8551
8550
8550
8549
8546
8545
8543
8543
8543
8543
8542
8541
8540
8539
8539
8539
8539
8537
8535
8535
8534
8534
8533
8531
8529
8529
8529
8526
8526
8524
8524
8522
8521
8520
8520
8518
8518
8518
8517
8517
8517
8515
8512
8507
8505
8504
8503
8503
8502
8501
8495
8494
8494
8494
8493
8492
8492
8490
8488
8488
8487
8486
8484
8484
8484
8482
8481
8480
8479
8477
8476
8476
8476
8475
8474
8474
8473
8473
8471
8469
8469
8468
8467
8466
8464
8463
8458
8458
8457
8456
8455
8455
8454
8454
8453
8453
8451
8450
8450
8450
8447
8446
8445
8445
8444
8443
8442
8440
8439
8439
8438
8434
8434
8434
8434
8429
8428
8427
8427
8425
8417
8416
8415
8415
8412
8410
8409
8408
8406
8401
8401
8398
8395
8395
8394
8394
8393
8392
8392
8390
8389
8389
8388
8388
8387
8387
8386
8385
8385
8385
8384
8382
8382
8381
8381
8379
8379
8379
8376
8375
8375
8374
8373
8373
8372
8372
8371
8369
8369
8368
8368
8367
8367
8365
8365
8365
8364
8361
8361
8360
8360
8359
8358
8356
8356
8356
8355
8354
8353
8353
8350
8344
8344
8343
8342
8342
8342
8342
8339
8338
8336
8335
8332
8332
8331
8331
8329
8328
8328
8328
8328
8327
8327
8326
8326
8324
8323
8322
8322
8322
8321
8320
8319
8319
8317
8316
8315
8314
8313
8313
8312
8312
8311
8310
8310
8309
8309
8307
8307
8306
8306
8306
8304
8303
8302
8300
8299
8296
8296
8295
8294
8293
8292
8291
8290
8288
8288
8287
8286
8284
8282
8282
8281
8279
8278
8278
8277
8276
8275
8274
8273
8271
8269
8268
8268
8264
8263
8260
8260
8259
8258
8256
8255
8255
8255
8253
8253
8253
8252
8252
8248
8248
8247
8246
8246
8245
8243
8242
8241
8240
8237
8235
8234
8233
8231
8231
8230
8230
8228
8223
8221
8219
8218
8217
8216
8216
8216
8212
8212
8211
8210
8209
8208
8207
8205
8204
8204
8203
8202
8202
8198
8197
8195
8195
8194
8194
8192
8190
8189
8187
8187
8187
8185
8184
8182
8181
8178
8177
8176
8176
8174
8174
8173
8171
8170
8166
8165
8165
8164
8163
8163
8162
8162
8161
8160
8160
8159
8159
8155
8153
8150
8149
8149
8148
8148
8147
8147
8146
8145
8144
8141
8139
8139
8137
8136
8135
8134
8133
8132
8130
8127
8127
8126
8126
8125
8123
8122
8120
8117
8116
8114
8109
8108
8108
8107
8106
8106
8104
8102
8101
8101
8101
8100
8099
8098
8097
8096
8094
8094
8092
8092
8092
8091
8089
8089
8087
8084
8084
8082
8077
8074
8074
8071
8070
8069
8069
8068
8068
8067
8067
8067
8067
8067
8066
8065
8065
8061
8059
8059
8056
8055
8054
8052
8052
8050
8049
8049
8049
8048
8048
8048
8047
8046
8045
8045
8044
8038
8036
8035
8035
8035
8034
8033
8033
8031
8031
8031
8031
8028
8028
8028
8027
8027
8025
8024
8024
8024
8023
8022
8018
8017
8017
8016
8014
8014
8014
8014
8014
8012
8012
8009
8008
8007
8007
8007
8006
8006
8005
8005
8005
8002
7999
7998
7998
7998
7997
7995
7991
7991
7991
7989
7988
7988
7986
7985
7985
7985
7984
7983
7982
7981
7981
7980
7979
7979
7978
7977
7973
7973
7971
7971
7968
7967
7967
7967
7965
7965
7965
7964
7962
7962
7962
7962
7962
7961
7961
7961
7960
7959
7959
7958
7957
7956
7956
7956
7954
7952
7952
7950
7949
7949
7947
7947
7945
7944
7944
7944
7943
7943
7943
7943
7942
7942
7942
7942
7941
7941
7940
7939
7939
7937
7937
7937
7935
7934
7934
7933
7933
7933
7932
7930
7928
7928
7927
7927
7926
7922
7922
7921
7921
7920
7920
7920
7919
7918
7918
7917
7917
7916
7914
7913
7911
7910
7909
7908
7907
7906
7902
7902
7902
7900
7900
7899
7895
7894
7892
7888
7888
7886
7885
7884
7884
7884
7884
7883
7882
7882
7881
7880
7880
7879
7879
7876
7876
7875
7875
7872
7871
7870
7870
7870
7869
7869
7868
7867
7867
7866
7863
7862
7862
7861
7859
7858
7858
7858
7856
7856
7855
7855
7853
7853
7852
7852
7852
7851
7851
7851
7850
7850
7845
7844
7842
7840
7837
7836
7836
7835
7835
7835
7835
7833
7833
7832
7829
7829
7829
7828
7827
7826
7825
7824
7822
7821
7820
7819
7817
7817
7817
7815
7814
7814
7813
7812
7811
7810
7809
7808
7808
7807
7807
7807
7805
7805
7803
7802
7801
7798
7795
7795
7794
7794
7793
7792
7792
7791
7791
7791
7786
7785
7782
7781
7781
7781
7780
7779
7779
7779
7778
7778
7777
7777
7775
7772
7772
7772
7772
7771
7771
7770
7770
7767
7767
7766
7766
7766
7764
7761
7760
7757
7756
7755
7755
7755
7755
7754
7753
7753
7753
7752
7752
7751
7749
7749
7748
7746
7746
7746
7745
7744
7744
7743
7742
7742
7742
7741
7740
7740
7739
7738
7737
7736
7735
7735
7734
7733
7732
7732
7731
7731
7725
7724
7724
7723
7721
7721
7720
7720
7719
7718
7717
7716
7716
7716
7716
7715
7712
7711
7711
7711
7710
7708
7708
7705
7705
7705
7703
7701
7701
7701
7699
7699
7698
7697
7696
7695
7695
7694
7694
7692
7691
7690
7690
7690
7689
7689
7689
7688
7687
7686
7686
7685
7682
7682
7681
7681
7680
7680
7679
7678
7677
7673
7671
7671
7670
7670
7669
7669
7666
7665
7664
7664
7663
7663
7660
7655
7655
7655
7655
7654
7653
7653
7651
7651
7651
7646
7646
7645
7645
7645
7644
7643
7643
7643
7642
7639
7639
7638
7637
7637
7637
7633
7632
7631
7630
7630
7630
7627
7627
7627
7627
7626
7624
7623
7623
7621
7620
7617
7616
7615
7615
7615
7614
7614
7611
7605
7603
7603
7600
7599
7599
7598
7598
7598
7597
7596
7594
7591
7590
7589
7589
7588
7587
7586
7585
7583
7583
7581
7581
7580
7578
7578
7578
7577
7575
7574
7574
7574
7574
7574
7574
7573
7573
7571
7570
7569
7568
7567
7567
7567
7566
7566
7565
7565
7565
7561
7560
7560
7559
7559
7558
7557
7555
7555
7555
7554
7553
7551
7550
7549
7549
7548
7548
7547
7547
7544
7544
7544
7543
7542
7541
7541
7539
7539
7539
7539
7537
7537
7536
7534
7534
7533
7533
7530
7530
7528
7528
7527
7525
7525
7524
7524
7524
7523
7523
7523
7523
7520
7519
7519
7518
7517
7516
7515
7513
7512
7511
7510
7509
7509
7507
7507
7506
7502
7501
7500
7500
7495
7493
7493
7493
7492
7492
7492
7488
7485
7485
7484
7483
7483
7483
7482
7482
7479
7479
7479
7479
7477
7476
7475
7475
7474
7472
7471
7470
7470
7470
7470
7469
7468
7467
7467
7466
7464
7462
7460
7460
7459
7458
7457
7456
7455
7455
7454
7450
7448
7445
7445
7441
7440
7439
7438
7437
7435
7434
7433
7433
7433
7432
7431
7428
7428
7425
7425
7425
7424
7423
7423
7422
7421
7420
7419
7416
7413
7412
7409
7408
7408
7408
7407
7405
7405
7404
7404
7402
7401
7401
7400
7399
7397
7397
7397
7397
7396
7396
7395
7394
7392
7388
7388
7387
7387
7386
7385
7385
7384
7382
7382
7377
7377
7376
7376
7375
7375
7375
7373
7372
7371
7369
7369
7369
7368
7368
7366
7366
7365
7361
7360
7359
7358
7358
7358
7358
7356
7355
7354
7353
7353
7352
7351
7348
7348
7347
7339
7339
7339
7335
7333
7332
7331
7329
7328
7326
7325
7325
7322
7322
7321
7321
7320
7319
7318
7316
7314
7314
7313
7311
7302
7300
7297
7297
7297
7292
7292
7291
7291
7290
7288
7287
7284
7284
7283
7283
7282
7280
7278
7278
7278
7278
7275
7273
7270
7270
7269
7268
7265
7265
7263
7262
7262
7261
7261
7260
7259
7259
7258
7256
7252
7252
7251
7251
7249
7248
7248
7247
7245
7245
7244
7243
7243
7242
7241
7239
7239
7236
7235
7234
7232
7232
7230
7228
7227
7226
7224
7224
7224
7221
7220
7220
7219
7218
7218
7218
7217
7214
7214
7210
7209
7208
7208
7207
7206
7206
7204
7204
7203
7203
7203
7203
7201
7199
7198
7194
7192
7189
7186
7185
7185
7181
7181
7177
7177
7175
7174
7173
7173
7171
7170
7170
7170
7170
7167
7167
7166
7165
7164
7161
7160
7156
7155
7154
7149
7148
7148
7147
7146
7146
7145
7143
7143
7141
7140
7138
7138
7136
7135
7133
7132
7130
7130
7130
7127
7124
7121
7121
7120
7120
7120
7119
7119
7118
7118
7118
7118
7115
7113
7113
7113
7113
7113
7112
7111
7111
7109
7108
7107
7105
7105
7103
7101
7101
7100
7098
7098
7097
7096
7094
7094
7092
7091
7090
7084
7084
7084
7083
7083
7082
7082
7080
7078
7078
7077
7076
7075
7075
7074
7074
7073
7073
7070
7070
7069
7067
7067
7067
7066
7066
7065
7064
7064
7064
7063
7062
7062
7062
7061
7061
7061
7059
7059
7056
7056
7055
7054
7052
7051
7049
7048
7048
7047
7046
7045
7043
7040
7039
7039
7038
7038
7037
7037
7033
7033
7031
7031
7030
7030
7029
7029
7025
7025
7024
7024
7024
7024
7023
7023
7023
7023
7023
7022
7021
7020
7020
7017
7016
7015
7012
7010
7010
7009
7009
7005
7005
7005
7005
7004
7002
7000
7000
6998
6996
6993
6993
6992
6991
6991
6986
6984
6984
6983
6982
6982
6979
6979
6977
6977
6977
6976
6976
6976
6975
6975
6974
6973
6973
6972
6970
6970
6970
6969
6969
6967
6967
6966
6966
6966
6965
6964
6963
6962
6962
6962
6962
6960
6959
6959
6959
6959
6958
6958
6958
6955
6955
6954
6954
6954
6954
6951
6951
6950
6950
6949
6948
6948
6945
6943
6943
6941
6936
6935
6934
6934
6933
6932
6931
6928
6927
6927
6924
6924
6924
6924
6923
6923
6922
6921
6920
6920
6919
6918
6917
6917
6915
6915
6915
6915
6914
6912
6910
6908
6906
6906
6906
6905
6905
6900
6900
6898
6897
6897
6897
6895
6895
6895
6893
6893
6892
6892
6890
6890
6889
6886
6886
6885
6885
6881
6881
6881
6880
6878
6878
6876
6875
6874
6872
6869
6866
6866
6865
6864
6861
6861
6860
6857
6853
6852
6852
6849
6849
6848
6846
6846
6845
6843
6843
6843
6842
6842
6840
6838
6837
6835
6834
6833
6832
6832
6829
6828
6827
6827
6825
6824
6823
6822
6822
6821
6820
6817
6816
6814
6813
6812
6811
6810
6809
6809
6808
6808
6807
6805
6805
6805
6804
6802
6802
6802
6800
6799
6799
6797
6796
6794
6794
6794
6793
6792
6791
6791
6789
6788
6788
6787
6787
6786
6784
6784
6784
6775
6775
6773
6768
6768
6768
6767
6766
6764
6763
6762
6762
6762
6762
6761
6760
6760
6759
6759
6758
6756
6755
6754
6754
6752
6752
6752
6750
6747
6747
6747
6746
6746
6745
6744
6744
6743
6742
6741
6741
6740
6740
6738
6737
6737
6737
6736
6732
6730
6730
6729
6727
6727
6727
6727
6726
6725
6724
6723
6723
6723
6722
6722
6721
6719
6719
6718
6718
6717
6716
6712
6711
6711
6710
6710
6710
6709
6709
6708
6708
6707
6707
6706
6706
6705
6705
6704
6704
6704
6704
6701
6698
6698
6697
6697
6696
6696
6693
6693
6693
6693
6692
6691
6688
6686
6685
6683
6682
6682
6681
6681
6680
6679
6679
6677
6676
6673
6669
6669
6668
6668
6667
6665
6665
6664
6663
6663
6659
6658
6658
6657
6656
6655
6655
6655
6654
6653
6652
6652
6650
6647
6647
6646
6645
6644
6640
6640
6639
6639
6639
6639
6637
6637
6636
6634
6633
6632
6632
6631
6629
6629
6627
6627
6627
6627
6627
6626
6622
6618
6618
6616
6616
6615
6613
6613
6610
6610
6608
6608
6607
6606
6603
6603
6602
6601
6601
6596
6595
6595
6594
6593
6593
6592
6592
6590
6590
6588
6586
6583
6583
6582
6579
6579
6579
6578
6576
6575
6574
6574
6574
6573
6573
6572
6571
6570
6570
6569
6568
6567
6566
6564
6563
6559
6558
6557
6557
6555
6554
6554
6554
6552
6549
6549
6548
6547
6547
6546
6544
6543
6543
6543
6543
6542
6542
6541
6540
6540
6540
6539
6538
6534
6530
6526
6526
6525
6525
6525
6524
6522
6519
6519
6519
6518
6516
6515
6515
6515
6514
6514
6514
6514
6513
6512
6512
6512
6511
6511
6510
6510
6509
6509
6509
6507
6506
6506
6505
6504
6504
6504
6503
6503
6502
6500
6499
6497
6497
6496
6494
6492
6492
6492
6491
6489
6486
6486
6485
6483
6483
6482
6481
6479
6479
6479
6477
6476
6474
6474
6473
6473
6470
6469
6469
6469
6469
6466
6465
6464
6464
6463
6462
6462
6460
6459
6458
6457
6456
6455
6455
6454
6452
6450
6449
6448
6447
6447
6446
6443
6443
6443
6442
6440
6440
6440
6439
6439
6438
6436
6436
6435
6434
6433
6432
6432
6429
6428
6428
6427
6427
6426
6426
6426
6425
6424
6424
6421
6419
6418
6418
6418
6417
6417
6415
6414
6413
6412
6411
6411
6411
6411
6410
6410
6409
6409
6409
6407
6406
6403
6403
6400
6400
6400
6399
6398
6396
6395
6395
6395
6393
6392
6392
6392
6391
6391
6391
6390
6390
6389
6389
6388
6387
6387
6386
6385
6383
6381
6379
6379
6378
6377
6377
6373
6372
6371
6371
6371
6369
6368
6366
6366
6365
6364
6363
6362
6362
6361
6360
6359
6358
6358
6357
6357
6356
6356
6352
6350
6350
6349
6349
6348
6348
6347
6346
6345
6344
6343
6342
6340
6340
6340
6337
6333
6333
6333
6331
6330
6326
6326
6324
6324
6324
6323
6321
6321
6320
6320
6319
6316
6314
6313
6311
6311
6311
6310
6310
6310
6309
6305
6304
6303
6302
6301
6299
6299
6298
6298
6296
6296
6296
6294
6293
6292
6290
6290
6289
6289
6288
6288
6287
6287
6280
6277
6272
6271
6271
6270
6266
6266
6264
6263
6262
6260
6259
6255
6255
6255
6254
6254
6254
6252
6251
6251
6249
6249
6248
6247
6247
6243
6239
6237
6234
6232
6232
6229
6229
6229
6228
6227
6227
6226
6225
6219
6216
6216
6216
6215
6215
6214
6213
6209
6208
6207
6205
6204
6203
6203
6203
6200
6200
6200
6199
6198
6197
6195
6193
6192
6189
6187
6186
6186
6185
6184
6183
6182
6181
6180
6179
6178
6175
6175
6175
6173
6173
6172
6172
6172
6171
6170
6169
6169
6168
6166
6162
6161
6161
6160
6159
6157
6157
6154
6154
6153
6151
6151
6150
6149
6149
6148
6145
6143
6143
6141
6141
6140
6139
6138
6138
6138
6138
6137
6135
6134
6134
6133
6133
6132
6129
6127
6127
6127
6125
6122
6120
6120
6118
6118
6118
6118
6117
6115
6115
6112
6112
6110
6110
6110
6107
6107
6105
6104
6102
6102
6102
6102
6101
6101
6099
6097
6097
6095
6095
6095
6094
6094
6092
6090
6090
6090
6089
6089
6087
6084
6083
6082
6080
6080
6080
6077
6075
6074
6074
6072
6072
6066
6066
6065
6065
6064
6063
6062
6062
6061
6060
6060
6057
6056
6056
6055
6054
6051
6049
6047
6047
6046
6046
6046
6046
6045
6042
6042
6040
6040
6038
6037
6036
6036
6035
6034
6033
6032
6030
6029
6029
6028
6027
6023
6022
6021
6021
6015
6015
6015
6013
6012
6011
6011
6010
6010
6009
6006
6000
5999
5996
5996
5995
5995
5995
5994
5992
5992
5990
5988
5988
5984
5983
5982
5982
5982
5981
5979
5979
5977
5977
5975
5975
5974
5973
5973
5971
5970
5970
5970
5968
5968
5968
5966
5966
5962
5959
5958
5958
5958
5958
5957
5957
5957
5956
5956
5955
5953
5948
5948
5948
5945
5945
5944
5942
5941
5940
5938
5937
5937
5937
5933
5933
5933
5932
5931
5928
5928
5928
5927
5925
5925
5925
5924
5924
5924
5923
5921
5921
5921
5920
5919
5916
5916
5915
5915
5913
5912
5910
5910
5909
5908
5908
5907
5906
5906
5905
5903
5903
5902
5900
5899
5899
5896
5894
5893
5892
5890
5890
5889
5887
5884
5884
5883
5882
5882
5881
5881
5880
5879
5879
5878
5877
5876
5876
5874
5874
5874
5870
5870
5869
5868
5867
5866
5865
5865
5863
5862
5861
5859
5858
5857
5857
5856
5856
5856
5856
5852
5852
5851
5849
5848
5848
5848
5845
5845
5842
5842
5842
5837
5835
5834
5834
5832
5829
5828
5828
5828
5827
5825
5825
5824
5818
5817
5817
5816
5815
5812
5811
5808
5808
5806
5806
5806
5800
5798
5798
5796
5796
5794
5793
5791
5791
5790
5789
5788
5788
5787
5787
5786
5785
5785
5783
5782
5782
5781
5780
5779
5777
5776
5774
5773
5772
5772
5771
5771
5770
5769
5766
5766
5765
5763
5762
5762
5761
5760
5760
5758
5758
5758
5757
5757
5754
5754
5753
5752
5750
5749
5749
5749
5749
5748
5748
5746
5746
5740
5740
5736
5734
5733
5730
5728
5728
5727
5725
5725
5723
5721
5721
5720
5720
5720
5719
5717
5716
5716
5715
5713
5712
5711
5711
5710
5710
5710
5710
5708
5707
5706
5705
5704
5702
5701
5698
5697
5697
5696
5695
5694
5691
5691
5688
5687
5685
5685
5685
5684
5684
5684
5683
5683
5683
5683
5683
5682
5681
5681
5679
5678
5678
5678
5678
5676
5674
5670
5669
5668
5667
5664
5658
5657
5657
5656
5656
5654
5654
5653
5653
5653
5652
5651
5647
5647
5645
5644
5643
5641
5641
5639
5638
5637
5636
5636
5635
5633
5631
5630
5629
5627
5626
5625
5625
5622
5620
5619
5618
5615
5614
5614
5611
5609
5605
5604
5604
5602
5601
5601
5599
5598
5598
5596
5596
5595
5594
5593
5593
5591
5590
5589
5588
5585
5584
5584
5581
5581
5576
5576
5576
5576
5574
5573
5573
5573
5572
5572
5572
5569
5569
5566
5564
5563
5562
5562
5561
5561
5558
5557
5556
5556
5555
5554
5554
5554
5553
5550
5549
5548
5548
5547
5546
5546
5545
5544
5542
5541
5539
5538
5538
5536
5531
5531
5530
5528
5526
5524
5523
5521
5518
5518
5518
5516
5516
5515
5511
5511
5510
5508
5508
5508
5505
5505
5503
5503
5502
5502
5501
5501
5500
5499
5498
5496
5493
5492
5492
5492
5491
5490
5490
5489
5488
5488
5486
5485
5485
5485
5484
5483
5482
5480
5480
5479
5478
5477
5477
5476
5476
5476
5474
5472
5472
5471
5468
5465
5465
5464
5462
5462
5461
5460
5459
5459
5458
5457
5457
5457
5456
5455
5455
5454
5454
5454
5453
5452
5449
5449
5449
5444
5443
5443
5443
5442
5442
5441
5441
5440
5439
5437
5436
5436
5434
5433
5433
5432
5432
5429
5427
5426
5426
5425
5425
5424
5424
5423
5422
5421
5418
5417
5415
5415
5412
5412
5409
5406
5405
5404
5402
5402
5401
5401
5399
5399
5398
5397
5397
5396
5395
5395
5395
5394
5393
5393
5393
5392
5391
5390
5390
5390
5389
5389
5389
5388
5388
5388
5386
5385
5383
5381
5380
5380
5380
5377
5376
5375
5374
5373
5372
5371
5371
5371
5371
5371
5370
5369
5369
5367
5367
5367
5366
5366
5366
5366
5365
5365
5365
5364
5363
5362
5362
5361
5361
5359
5357
5356
5356
5356
5355
5354
5353
5351
5349
5348
5347
5346
5344
5344
5343
5343
5343
5342
5342
5342
5341
5340
5340
5338
5338
5337
5336
5335
5335
5332
5332
5327
5326
5325
5324
5324
5324
5323
5322
5322
5320
5319
5319
5318
5316
5313
5312
5311
5311
5311
5309
5309
5309
5305
5304
5304
5300
5300
5299
5298
5298
5297
5297
5296
5295
5295
5293
5291
5291
5290
5290
5288
5288
5288
5287
5284
5283
5282
5282
5281
5280
5279
5278
5278
5277
5277
5277
5277
5276
5276
5276
5275
5273
5272
5272
5272
5271
5271
5269
5268
5267
5267
5262
5261
5260
5259
5259
5257
5257
5256
5256
5254
5253
5253
5252
5252
5251
5251
5250
5249
5245
5243
5242
5242
5242
5241
5241
5240
5238
5237
5236
5235
5232
5231
5230
5230
5228
5228
5228
5227
5227
5222
5221
5220
5219
5217
5217
5217
5215
5214
5214
5214
5213
5213
5213
5211
5210
5210
5209
5209
5209
5208
5208
5208
5207
5205
5205
5204
5201
5201
5200
5200
5197
5196
5196
5196
5195
5195
5193
5192
5190
5190
5189
5188
5188
5187
5187
5184
5184
5183
5182
5181
5181
5180
5180
5179
5178
5177
5177
5176
5175
5175
5175
5172
5171
5165
5163
5162
5162
5161
5160
5159
5159
5158
5157
5154
5154
5154
5153
5153
5152
5151
5151
5150
5150
5150
5150
5149
5149
5147
5143
5143
5142
5140
5139
5139
5139
5138
5137
5137
5136
5135
5132
5132
5130
5130
5130
5127
5127
5126
5125
5123
5123
5122
5121
5120
5120
5118
5114
5113
5112
5111
5111
5111
5110
5109
5107
5107
5107
5102
5100
5099
5099
5098
5097
5096
5096
5094
5094
5091
5091
5089
5087
5085
5084
5084
5083
5081
5080
5080
5080
5076
5075
5074
5072
5071
5070
5070
5069
5064
5064
5064
5064
5063
5062
5059
5058
5058
5056
5056
5054
5053
5051
5050
5046
5046
5045
5045
5043
5041
5040
5038
5037
5036
5034
5034
5033
5031
5031
5030
5030
5029
5028
5028
5027
5027
5022
5021
5020
5020
5019
5017
5016
5015
5015
5014
5013
5013
5013
5012
5010
5010
5010
5010
5009
5009
5009
5008
5006
5005
5005
5004
5003
5001
5000
4999
4998
4998
4991
4988
4985
4985
4984
4984
4984
4981
4981
4980
4979
4977
4975
4974
4974
4973
4972
4971
4971
4970
4969
4968
4968
4968
4966
4966
4965
4965
4964
4964
4964
4963
4963
4961
4960
4959
4958
4957
4955
4954
4954
4953
4953
4953
4952
4950
4950
4948
4948
4947
4947
4944
4944
4943
4942
4940
4940
4940
4938
4938
4938
4935
4934
4934
4933
4931
4930
4930
4930
4929
4929
4928
4927
4926
4925
4922
4922
4921
4921
4921
4918
4917
4917
4916
4916
4916
4915
4915
4914
4913
4913
4912
4909
4909
4907
4907
4906
4904
4903
4901
4901
4899
4899
4897
4896
4896
4895
4895
4893
4891
4891
4891
4888
4888
4888
4886
4882
4882
4881
4880
4879
4879
4878
4878
4877
4873
4872
4871
4871
4870
4869
4869
4869
4868
4868
4867
4867
4867
4866
4866
4865
4862
4862
4861
4861
4860
4857
4857
4856
4854
4854
4853
4853
4851
4851
4850
4850
4850
4849
4849
4846
4846
4843
4842
4840
4840
4839
4839
4839
4838
4838
4837
4836
4835
4834
4833
4832
4832
4831
4830
4830
4830
4829
4829
4829
4828
4825
4825
4824
4824
4823
4823
4822
4822
4821
4820
4820
4819
4818
4817
4817
4816
4816
4816
4814
4813
4813
4813
4813
4811
4810
4810
4806
4806
4806
4805
4804
4804
4802
4802
4799
4798
4794
4792
4791
4791
4791
4790
4790
4789
4788
4788
4788
4786
4785
4783
4782
4782
4781
4781
4780
4777
4777
4776
4775
4774
4773
4773
4769
4769
4766
4766
4765
4763
4763
4761
4760
4758
4758
4757
4757
4757
4756
4755
4754
4754
4754
4753
4753
4752
4750
4750
4750
4750
4748
4748
4748
4748
4747
4746
4745
4745
4742
4742
4736
4734
4734
4733
4732
4732
4732
4731
4729
4729
4729
4729
4727
4725
4725
4723
4722
4722
4721
4721
4720
4720
4718
4718
4717
4717
4715
4714
4713
4710
4709
4707
4707
4706
4704
4704
4704
4704
4703
4702
4701
4701
4700
4699
4699
4699
4699
4699
4699
4697
4696
4695
4694
4694
4693
4690
4690
4689
4689
4687
4687
4687
4684
4683
4683
4683
4682
4681
4679
4679
4679
4678
4678
4678
4677
4677
4676
4676
4676
4674
4674
4674
4673
4673
4673
4671
4670
4669
4669
4668
4667
4666
4666
4665
4664
4663
4663
4660
4658
4658
4657
4652
4651
4647
4646
4646
4643
4642
4642
4640
4640
4639
4636
4635
4635
4634
4632
4630
4630
4628
4627
4626
4624
4624
4621
4619
4619
4619
4618
4617
4616
4614
4614
4610
4610
4609
4609
4607
4607
4606
4606
4606
4605
4604
4603
4603
4603
4599
4599
4599
4598
4598
4595
4593
4593
4591
4590
4589
4588
4588
4588
4584
4584
4583
4583
4582
4582
4579
4578
4576
4575
4574
4574
4573
4573
4573
4571
4568
4567
4566
4566
4564
4564
4564
4564
4563
4562
4561
4559
4558
4556
4555
4549
4546
4546
4546
4544
4543
4543
4543
4542
4539
4539
4538
4538
4537
4537
4536
4534
4533
4533
4531
4530
4529
4528
4528
4528
4527
4526
4526
4525
4522
4521
4520
4520
4519
4519
4517
4516
4515
4515
4513
4511
4510
4510
4509
4509
4509
4509
4508
4508
4505
4505
4504
4504
4503
4502
4501
4501
4499
4499
4498
4498
4498
4496
4496
4494
4493
4492
4492
4491
4491
4491
4488
4488
4487
4487
4487
4486
4484
4483
4483
4482
4480
4480
4478
4476
4476
4475
4475
4474
4472
4471
4470
4469
4467
4466
4466
4465
4465
4464
4461
4460
4457
4456
4452
4450
4450
4449
4447
4446
4446
4444
4444
4444
4444
4444
4443
4442
4442
4441
4440
4438
4437
4435
4435
4431
4431
4429
4428
4428
4428
4428
4427
4427
4425
4424
4422
4422
4422
4422
4421
4421
4420
4420
4420
4420
4419
4419
4418
4417
4417
4417
4416
4415
4415
4414
4411
4408
4408
4407
4407
4407
4407
4407
4406
4406
4405
4405
4405
4402
4398
4395
4395
4394
4394
4393
4392
4391
4391
4391
4390
4389
4389
4388
4388
4388
4388
4386
4386
4385
4383
4383
4382
4382
4382
4378
4377
4377
4376
4376
4376
4375
4372
4372
4370
4370
4368
4367
4367
4367
4366
4366
4366
4366
4365
4365
4365
4364
4364
4362
4362
4361
4360
4357
4356
4355
4354
4354
4354
4353
4353
4353
4352
4350
4349
4348
4343
4342
4341
4340
4339
4339
4337
4337
4336
4335
4335
4335
4334
4333
4332
4331
4330
4328
4327
4326
4326
4325
4324
4323
4322
4322
4320
4319
4316
4316
4316
4315
4315
4311
4311
4309
4306
4305
4305
4303
4302
4302
4301
4301
4300
4300
4300
4298
4297
4296
4296
4296
4295
4294
4292
4287
4286
4286
4285
4285
4285
4284
4283
4281
4281
4279
4279
4278
4278
4277
4277
4276
4276
4275
4275
4272
4272
4272
4272
4272
4270
4267
4267
4266
4265
4265
4264
4262
4262
4262
4262
4261
4260
4259
4258
4257
4252
4251
4251
4250
4250
4249
4249
4248
4246
4245
4244
4243
4243
4243
4242
4242
4241
4240
4240
4240
4239
4239
4239
4239
4238
4237
4235
4228
4227
4226
4226
4223
4222
4221
4216
4216
4215
4214
4213
4212
4209
4209
4209
4209
4207
4207
4206
4206
4205
4203
4200
4200
4198
4197
4196
4196
4196
4195
4195
4192
4191
4190
4189
4188
4188
4187
4187
4186
4186
4186
4186
4185
4185
4184
4182
4181
4178
4178
4177
4176
4176
4172
4172
4172
4166
4165
4163
4163
4162
4161
4161
4160
4159
4158
4158
4157
4157
4156
4156
4154
4153
4152
4149
4148
4146
4146
4146
4146
4146
4143
4143
4142
4141
4140
4140
4140
4139
4139
4136
4135
4135
4135
4133
4131
4131
4130
4130
4130
4129
4128
4128
4127
4126
4126
4120
4118
4117
4117
4115
4115
4115
4110
4109
4108
4107
4106
4105
4102
4102
4101
4098
4096
4096
4094
4094
4093
4093
4091
4091
4090
4090
4090
4088
4088
4087
4087
4086
4086
4085
4085
4085
4083
4079
4079
4079
4078
4077
4076
4076
4076
4076
4075
4075
4075
4071
4070
4069
4068
4066
4066
4065
4064
4064
4062
4061
4061
4059
4059
4059
4059
4059
4059
4058
4057
4056
4055
4054
4053
4050
4049
4049
4048
4048
4048
4047
4045
4043
4042
4042
4041
4039
4038
4038
4035
4033
4032
4032
4031
4030
4030
4029
4029
4029
4028
4028
4027
4025
4025
4024
4024
4023
4022
4021
4020
4019
4018
4017
4013
4013
4012
4012
4012
4010
4009
4007
4005
4005
4004
4002
3999
3998
3996
3995
3995
3995
3994
3993
3992
3989
3986
3985
3985
3984
3984
3983
3980
3978
3978
3976
3976
3975
3975
3975
3974
3972
3972
3970
3970
3970
3969
3966
3966
3960
3960
3959
3957
3957
3956
3955
3954
3953
3953
3951
3951
3948
3947
3947
3946
3945
3945
3944
3944
3941
3941
3941
3939
3936
3936
3935
3934
3932
3930
3930
3927
3924
3924
3922
3920
3919
3917
3917
3913
3913
3911
3910
3909
3908
3908
3905
3904
3903
3903
3901
3901
3901
3900
3900
3900
3896
3895
3895
3895
3894
3891
3890
3882
3882
3881
3879
3877
3876
3875
3873
3871
3867
3866
3866
3865
3864
3862
3862
3862
3859
3858
3857
3856
3855
3854
3852
3849
3849
3849
3848
3846
3846
3844
3843
3842
3841
3841
3839
3838
3838
3838
3837
3837
3836
3836
3836
3834
3833
3833
3832
3830
3830
3827
3826
3825
3825
3824
3823
3823
3823
3820
3818
3817
3817
3816
3814
3813
3813
3811
3810
3809
3808
3807
3807
3805
3805
3804
3804
3803
3803
3803
3802
3799
3796
3794
3793
3793
3793
3791
3791
3790
3788
3787
3786
3784
3784
3783
3783
3783
3781
3779
3777
3777
3776
3775
3775
3774
3773
3772
3769
3767
3767
3766
3766
3762
3762
3761
3759
3759
3759
3759
3759
3758
3757
3756
3756
3755
3754
3751
3751
3751
3749
3749
3748
3744
3741
3741
3740
3740
3740
3739
3739
3738
3736
3736
3736
3734
3734
3732
3731
3730
3729
3727
3727
3727
3727
3726
3724
3723
3721
3720
3719
3718
3718
3718
3716
3716
3715
3715
3715
3714
3711
3710
3709
3708
3707
3707
3707
3705
3705
3705
3705
3704
3702
3701
3701
3701
3700
3699
3697
3695
3692
3692
3691
3690
3690
3690
3688
3686
3686
3684
3682
3681
3680
3680
3679
3678
3678
3678
3678
3678
3676
3674
3673
3672
3671
3670
3669
3669
3664
3662
3660
3659
3659
3659
3658
3658
3657
3656
3656
3652
3652
3651
3650
3650
3650
3649
3648
3647
3644
3642
3640
3639
3639
3636
3633
3632
3632
3632
3632
3631
3630
3630
3627
3626
3624
3624
3622
3622
3619
3618
3617
3617
3617
3616
3616
3615
3615
3615
3614
3613
3612
3612
3608
3608
3601
3600
3600
3599
3599
3598
3598
3597
3595
3594
3594
3594
3593
3593
3593
3592
3592
3592
3591
3591
3591
3584
3584
3582
3581
3581
3581
3580
3580
3579
3575
3574
3573
3572
3569
3568
3567
3567
3567
3567
3566
3566
3565
3562
3561
3561
3558
3558
3558
3556
3551
3550
3550
3544
3543
3543
3542
3540
3539
3539
3538
3538
3538
3537
3537
3537
3535
3533
3530
3529
3527
3526
3523
3522
3520
3520
3519
3518
3517
3516
3515
3515
3513
3512
3511
3509
3509
3507
3507
3507
3505
3505
3501
3500
3500
3500
3499
3499
3499
3496
3496
3495
3493
3492
3492
3491
3487
3487
3486
3486
3485
3485
3484
3483
3483
3483
3483
3483
3481
3481
3479
3479
3477
3476
3475
3475
3471
3471
3471
3470
3469
3467
3467
3466
3464
3463
3462
3462
3461
3459
3459
3458
3458
3457
3456
3455
3454
3453
3451
3449
3449
3448
3448
3447
3447
3446
3445
3443
3443
3442
3442
3440
3439
3438
3437
3437
3436
3434
3434
3434
3433
3433
3432
3430
3429
3427
3426
3425
3425
3421
3421
3421
3420
3419
3419
3419
3418
3416
3416
3416
3416
3414
3414
3411
3411
3411
3410
3406
3405
3401
3400
3398
3397
3397
3397
3395
3393
3393
3392
3392
3390
3384
3384
3383
3382
3382
3381
3381
3375
3375
3375
3374
3373
3373
3369
3368
3368
3365
3364
3363
3362
3362
3362
3361
3358
3357
3356
3355
3354
3353
3353
3352
3352
3351
3350
3349
3349
3348
3348
3346
3344
3341
3338
3338
3336
3336
3335
3335
3335
3334
3334
3333
3332
3332
3331
3329
3329
3328
3328
3328
3327
3327
3327
3326
3326
3326
3325
3324
3323
3322
3321
3321
3320
3319
3317
3317
3316
3315
3314
3313
3313
3313
3312
3311
3311
3310
3310
3309
3309
3308
3307
3306
3306
3304
3304
3303
3303
3302
3302
3299
3299
3298
3297
3297
3296
3296
3293
3293
3292
3291
3291
3288
3285
3284
3284
3283
3283
3282
3281
3280
3279
3278
3277
3277
3276
3275
3275
3273
3272
3269
3269
3269
3268
3267
3267
3264
3262
3262
3261
3261
3261
3261
3261
3260
3259
3259
3258
3257
3253
3253
3253
3251
3246
3244
3242
3241
3241
3240
3239
3238
3237
3236
3236
3234
3234
3233
3233
3231
3230
3230
3228
3228
3227
3225
3224
3222
3222
3219
3219
3219
3217
3217
3217
3214
3214
3213
3213
3209
3208
3207
3206
3205
3205
3204
3203
3203
3202
3200
3198
3197
3196
3194
3193
3193
3192
3191
3191
3191
3190
3190
3190
3188
3187
3184
3183
3183
3182
3182
3180
3177
3174
3174
3173
3173
3171
3171
3170
3170
3167
3163
3159
3158
3155
3155
3155
3154
3153
3153
3153
3152
3151
3151
3150
3149
3148
3147
3147
3146
3146
3145
3145
3144
3143
3141
3139
3139
3138
3137
3132
3130
3129
3128
3127
3127
3127
3126
3125
3124
3123
3123
3123
3122
3122
3120
3117
3117
3115
3114
3114
3114
3114
3113
3112
3112
3109
3109
3105
3104
3103
3102
3098
3098
3097
3096
3094
3092
3091
3090
3089
3088
3088
3086
3086
3085
3085
3084
3083
3083
3082
3080
3080
3079
3079
3079
3076
3075
3075
3074
3073
3071
3069
3065
3065
3064
3063
3062
3062
3060
3057
3057
3056
3056
3055
3055
3055
3054
3054
3054
3052
3052
3050
3050
3049
3049
3049
3049
3047
3045
3044
3042
3041
3041
3040
3039
3037
3034
3033
3032
3032
3028
3028
3027
3026
3026
3025
3024
3021
3019
3019
3018
3018
3017
3016
3015
3015
3014
3012
3010
3010
3006
3005
3003
3003
3003
3003
3002
3001
3001
2998
2995
2995
2992
2991
2990
2988
2986
2985
2984
2983
2983
2981
2980
2979
2978
2978
2978
2977
2976
2976
2975
2974
2973
2972
2972
2971
2970
2970
2969
2969
2969
2968
2967
2966
2965
2965
2964
2963
2963
2960
2957
2955
2955
2955
2953
2951
2951
2947
2947
2947
2946
2945
2945
2945
2943
2941
2941
2940
2940
2939
2938
2937
2933
2933
2933
2932
2932
2932
2930
2927
2927
2926
2926
2926
2924
2924
2923
2922
2920
2919
2915
2914
2914
2913
2913
2912
2911
2910
2910
2910
2910
2910
2909
2909
2909
2907
2904
2902
2900
2899
2898
2897
2896
2896
2894
2892
2892
2890
2889
2887
2886
2884
2884
2883
2879
2879
2877
2877
2877
2876
2874
2874
2873
2872
2872
2870
2868
2868
2867
2867
2867
2866
2866
2865
2865
2864
2863
2861
2860
2860
2860
2860
2860
2859
2858
2858
2857
2857
2856
2855
2853
2852
2852
2851
2850
2850
2848
2847
2847
2842
2840
2839
2838
2836
2835
2835
2835
2834
2831
2829
2827
2827
2826
2826
2824
2823
2821
2820
2819
2819
2818
2818
2818
2817
2817
2816
2815
2815
2814
2814
2811
2811
2810
2810
2808
2807
2806
2804
2802
2802
2801
2799
2799
2796
2796
2795
2794
2794
2793
2793
2793
2793
2792
2792
2790
2783
2782
2782
2782
2781
2779
2779
2779
2779
2779
2778
2777
2777
2774
2774
2773
2773
2772
2768
2767
2767
2765
2765
2763
2763
2763
2763
2761
2759
2758
2758
2757
2756
2756
2753
2752
2750
2750
2750
2749
2749
2748
2748
2747
2746
2745
2745
2744
2743
2740
2739
2738
2737
2736
2735
2734
2734
2732
2731
2729
2729
2728
2723
2723
2723
2722
2720
2718
2718
2717
2716
2714
2714
2713
2712
2711
2709
2708
2708
2707
2706
2705
2703
2703
2703
2701
2700
2700
2699
2699
2697
2696
2694
2694
2693
2690
2690
2689
2689
2688
2688
2686
2686
2685
2684
2682
2681
2680
2680
2679
2677
2677
2677
2677
2675
2675
2675
2674
2672
2671
2671
2667
2667
2666
2665
2665
2664
2664
2663
2662
2658
2657
2654
2654
2652
2652
2652
2652
2651
2651
2651
2650
2649
2648
2647
2645
2644
2643
2642
2642
2641
2641
2638
2636
2636
2635
2634
2634
2632
2632
2630
2630
2630
2629
2628
2628
2626
2626
2625
2624
2623
2623
2622
2622
2621
2620
2619
2616
2616
2616
2613
2613
2613
2612
2611
2608
2607
2607
2606
2605
2603
2601
2600
2599
2599
2598
2597
2596
2595
2595
2593
2592
2591
2590
2589
2588
2587
2586
2585
2585
2584
2583
2582
2581
2580
2576
2576
2574
2573
2573
2573
2573
2571
2571
2571
2570
2570
2568
2567
2566
2565
2565
2564
2563
2562
2553
2552
2552
2552
2551
2550
2548
2547
2547
2546
2546
2545
2543
2543
2542
2541
2540
2537
2537
2535
2535
2535
2535
2533
2532
2530
2529
2529
2524
2520
2520
2520
2518
2517
2512
2510
2509
2508
2506
2506
2503
2503
2503
2503
2500
2500
2498
2495
2494
2494
2493
2493
2493
2492
2491
2490
2490
2490
2488
2487
2487
2486
2484
2483
2483
2482
2482
2482
2478
2475
2475
2474
2474
2474
2473
2472
2472
2472
2471
2471
2471
2470
2469
2468
2466
2465
2465
2464
2464
2462
2460
2459
2457
2457
2456
2456
2455
2455
2454
2453
2452
2452
2450
2449
2449
2449
2448
2446
2444
2444
2442
2441
2441
2440
2439
2438
2438
2436
2436
2435
2435
2434
2433
2432
2431
2430
2429
2429
2429
2428
2427
2426
2426
2426
2425
2421
2421
2421
2421
2420
2419
2417
2414
2414
2412
2412
2410
2410
2410
2407
2406
2405
2405
2404
2403
2403
2403
2400
2400
2399
2399
2399
2397
2397
2395
2394
2394
2394
2393
2390
2390
2390
2388
2386
2384
2384
2383
2382
2381
2381
2381
2381
2378
2378
2378
2376
2375
2375
2373
2372
2371
2371
2371
2369
2366
2365
2363
2360
2360
2359
2358
2357
2357
2355
2355
2353
2352
2352
2351
2351
2349
2349
2349
2348
2346
2342
2342
2341
2340
2338
2337
2336
2335
2333
2331
2331
2330
2328
2327
2324
2323
2323
2321
2320
2319
2317
2316
2316
2316
2316
2315
2314
2314
2314
2314
2313
2312
2312
2311
2310
2308
2308
2308
2308
2306
2305
2304
2304
2303
2301
2301
2299
2298
2297
2296
2295
2293
2292
2291
2290
2289
2287
2287
2285
2285
2283
2278
2276
2276
2275
2275
2274
2274
2273
2272
2272
2270
2270
2269
2267
2267
2267
2267
2266
2265
2263
2263
2263
2259
2258
2258
2257
2255
2255
2255
2254
2253
2253
2252
2251
2250
2250
2250
2249
2248
2248
2246
2246
2244
2243
2242
2242
2241
2241
2240
2236
2236
2235
2234
2233
2233
2232
2231
2230
2228
2225
2224
2224
2223
2223
2223
2222
2221
2219
2217
2217
2216
2215
2212
2212
2211
2211
2209
2207
2206
2204
2203
2201
2201
2200
2200
2199
2198
2196
2195
2193
2193
2192
2191
2191
2189
2187
2184
2182
2181
2180
2178
2178
2176
2176
2175
2174
2173
2173
2172
2171
2171
2171
2170
2170
2169
2169
2168
2168
2168
2168
2168
2167
2165
2164
2164
2162
2161
2161
2161
2160
2159
2158
2158
2157
2156
2155
2155
2155
2155
2152
2152
2151
2150
2148
2147
2147
2146
2145
2144
2143
2142
2140
2137
2136
2136
2135
2135
2134
2134
2134
2133
2131
2131
2128
2127
2125
2124
2124
2124
2123
2123
2122
2122
2121
2121
2120
2120
2120
2120
2119
2118
2117
2117
2114
2112
2112
2112
2112
2111
2111
2111
2110
2109
2109
2108
2108
2106
2106
2106
2104
2104
2103
2103
2102
2102
2101
2101
2101
2100
2100
2100
2099
2099
2099
2099
2099
2097
2097
2093
2093
2093
2093
2092
2090
2088
2088
2087
2086
2086
2085
2085
2083
2083
2079
2079
2079
2079
2078
2078
2078
2077
2076
2076
2075
2074
2074
2074
2073
2072
2072
2069
2068
2068
2066
2066
2065
2065
2065
2061
2061
2061
2060
2059
2055
2053
2053
2052
2052
2050
2050
2049
2048
2048
2047
2045
2045
2045
2043
2041
2040
2039
2038
2038
2035
2034
2033
2031
2028
2027
2025
2024
2022
2021
2020
2019
2018
2017
2017
2015
2015
2013
2012
2012
2011
2009
2009
2008
2008
2008
2006
2005
2003
2002
2002
2002
2001
2000
2000
1997
1996
1995
1994
1994
1993
1993
1992
1992
1991
1991
1990
1986
1985
1985
1982
1981
1980
1979
1979
1977
1976
1975
1973
1972
1971
1970
1970
1969
1966
1966
1965
1963
1963
1963
1961
1961
1959
1957
1957
1956
1955
1955
1952
1951
1951
1949
1948
1947
1947
1947
1946
1944
1942
1941
1940
1939
1939
1937
1936
1935
1934
1934
1931
1929
1928
1923
1922
1921
1919
1917
1916
1916
1915
1914
1914
1913
1912
1912
1912
1911
1911
1909
1908
1908
1904
1903
1902
1902
1901
1900
1899
1895
1894
1893
1891
1888
1887
1885
1883
1881
1880
1880
1879
1876
1875
1875
1874
1874
1874
1872
1871
1870
1870
1869
1868
1867
1867
1867
1865
1863
1861
1861
1860
1860
1860
1859
1859
1858
1858
1858
1857
1857
1855
1854
1853
1849
1849
1848
1847
1845
1844
1842
1841
1834
1833
1833
1833
1831
1831
1830
1829
1829
1828
1828
1828
1826
1824
1822
1820
1819
1819
1818
1818
1817
1815
1812
1812
1811
1811
1810
1809
1807
1806
1805
1802
1801
1800
1798
1798
1798
1797
1796
1795
1792
1787
1787
1787
1787
1787
1782
1781
1778
1777
1777
1775
1774
1772
1772
1771
1771
1770
1769
1769
1768
1766
1760
1759
1758
1756
1755
1752
1752
1751
1749
1748
1748
1748
1748
1747
1746
1743
1738
1737
1737
1736
1735
1729
1727
1727
1725
1725
1725
1724
1723
1721
1721
1719
1719
1719
1719
1717
1716
1715
1712
1711
1711
1711
1711
1709
1708
1707
1706
1706
1705
1702
1701
1701
1700
1699
1699
1697
1695
1695
1694
1692
1690
1690
1689
1689
1687
1686
1683
1683
1682
1682
1681
1678
1677
1673
1672
1671
1671
1670
1670
1670
1668
1668
1667
1665
1664
1662
1661
1658
1657
1657
1657
1654
1652
1652
1651
1651
1649
1649
1648
1645
1641
1640
1638
1638
1637
1637
1635
1631
1630
1628
1627
1627
1627
1626
1626
1626
1624
1623
1620
1619
1616
1616
1614
1613
1613
1612
1611
1611
1610
1609
1608
1606
1601
1599
1598
1597
1596
1596
1594
1594
1593
1593
1592
1592
1591
1589
1589
1587
1587
1586
1585
1584
1581
1581
1580
1573
1571
1570
1570
1568
1568
1567
1564
1564
1563
1562
1562
1562
1561
1558
1558
1557
1556
1554
1554
1554
1553
1553
1551
1548
1548
1546
1546
1545
1545
1544
1543
1541
1541
1541
1541
1539
1539
1537
1537
1536
1535
1534
1534
1533
1533
1532
1532
1532
1531
1531
1529
1528
1528
1528
1528
1527
1525
1525
1524
1523
1521
1521
1521
1520
1519
1519
1519
1518
1517
1517
1516
1516
1514
1513
1512
1512
1510
1510
1510
1509
1509
1506
1505
1505
1503
1502
1502
1502
1502
1501
1501
1501
1501
1500
1499
1498
1497
1497
1497
1497
1495
1495
1494
1494
1494
1493
1492
1490
1488
1488
1487
1486
1485
1485
1484
1484
1483
1482
1482
1481
1480
1480
1476
1476
1475
1475
1474
1472
1472
1472
1472
1471
1471
1471
1470
1470
1469
1469
1467
1466
1463
1463
1463
1462
1461
1460
1459
1459
1458
1457
1456
1456
1454
1453
1452
1452
1452
1451
1450
1450
1448
1447
1446
1444
1444
1444
1443
1443
1443
1442
1442
1441
1441
1440
1440
1440
1439
1439
1438
1434
1434
1434
1433
1431
1430
1429
1428
1428
1426
1425
1424
1424
1422
1422
1420
1420
1419
1418
1418
1417
1415
1414
1414
1413
1413
1412
1409
1409
1409
1409
1408
1408
1407
1407
1406
1403
1402
1402
1400
1399
1399
1399
1397
1395
1395
1395
1394
1394
1393
1392
1391
1391
1390
1387
1384
1383
1379
1378
1377
1376
1376
1374
1370
1368
1368
1367
1365
1364
1363
1363
1363
1362
1360
1358
1357
1354
1354
1352
1351
1351
1349
1348
1347
1343
1342
1341
1341
1340
1340
1340
1338
1338
1337
1336
1332
1331
1331
1330
1329
1329
1328
1327
1325
1324
1324
1322
1321
1320
1319
1319
1318
1318
1316
1315
1314
1313
1311
1310
1310
1308
1307
1306
1306
1305
1304
1303
1302
1300
1299
1298
1296
1296
1296
1294
1294
1293
1292
1292
1292
1291
1290
1289
1289
1289
1288
1287
1285
1282
1282
1281
1281
1281
1280
1280
1280
1280
1279
1278
1277
1276
1273
1272
1271
1271
1270
1269
1268
1268
1266
1266
1265
1265
1264
1264
1263
1260
1260
1258
1258
1257
1257
1253
1253
1251
1251
1251
1250
1248
1247
1246
1245
1245
1245
1243
1243
1243
1240
1238
1238
1236
1235
1234
1234
1233
1232
1232
1231
1230
1229
1227
1226
1225
1224
1224
1221
1220
1218
1217
1216
1216
1216
1215
1215
1211
1210
1210
1208
1206
1205
1205
1205
1204
1203
1202
1202
1202
1202
1200
1200
1199
1196
1193
1191
1190
1190
1189
1185
1185
1185
1185
1184
1184
1184
1184
1181
1181
1180
1179
1178
1177
1177
1175
1173
1172
1170
1169
1168
1168
1167
1167
1167
1166
1165
1164
1163
1163
1162
1162
1160
1160
1158
1158
1157
1154
1152
1151
1151
1150
1150
1149
1147
1145
1144
1144
1143
1142
1141
1140
1139
1139
1138
1138
1137
1137
1137
1136
1136
1135
1135
1132
1131
1129
1129
1128
1128
1127
1126
1126
1126
1126
1122
1122
1121
1121
1120
1117
1116
1115
1114
1113
1113
1113
1113
1112
1111
1111
1111
1110
1109
1108
1106
1105
1104
1102
1101
1099
1099
1099
1098
1097
1097
1096
1096
1096
1094
1094
1093
1092
1092
1092
1092
1091
1088
1088
1088
1088
1088
1087
1086
1085
1085
1084
1084
1084
1080
1079
1076
1075
1074
1073
1073
1071
1070
1070
1067
1064
1064
1062
1062
1062
1060
1059
1058
1057
1056
1055
1054
1053
1053
1052
1051
1051
1050
1050
1048
1047
1046
1045
1045
1043
1043
1042
1042
1041
1040
1040
1038
1038
1037
1037
1037
1036
1036
1036
1034
1032
1032
1031
1031
1030
1029
1029
1028
1027
1027
1026
1025
1024
1023
1019
1019
1018
1017
1015
1014
1013
1010
1010
1008
1008
1003
1003
1002
1002
999
999
998
997
996
995
994
994
994
993
993
991
990
990
990
990
989
988
988
985
981
981
981
980
979
978
978
977
977
975
974
974
970
968
967
967
966
965
964
963
963
961
958
958
958
956
956
955
952
951
950
950
950
949
948
945
943
941
938
938
935
931
930
930
930
929
928
926
926
926
925
923
922
921
920
920
918
917
917
916
914
914
913
913
913
912
912
911
910
909
908
907
907
904
903
902
902
902
902
902
901
901
899
898
897
896
895
892
892
892
890
890
890
890
889
888
885
885
884
883
883
882
881
881
878
876
875
872
872
870
870
870
868
868
867
867
866
866
865
865
864
863
862
861
857
857
856
856
855
855
855
855
853
852
850
850
850
849
846
846
846
845
844
844
843
842
841
840
840
839
836
835
834
832
831
831
829
828
828
828
827
826
826
825
824
824
823
822
822
821
821
819
819
817
816
816
816
813
812
810
809
809
806
806
804
804
804
803
803
801
800
799
799
799
799
797
797
796
791
790
785
784
781
780
779
778
777
777
777
774
772
770
770
768
768
767
766
766
765
765
765
763
761
761
760
760
759
756
755
754
753
750
750
750
749
748
747
744
742
741
740
739
739
735
734
733
733
732
732
730
729
727
727
727
726
724
723
723
723
722
721
721
721
721
720
717
714
713
713
712
711
709
707
705
705
704
700
698
697
695
694
692
690
689
687
687
686
686
685
685
684
684
683
683
683
683
682
682
681
681
679
676
675
675
673
671
671
668
667
666
666
666
664
662
661
661
659
659
656
655
651
649
648
648
647
647
647
643
642
641
639
637
637
637
635
634
632
630
629
628
628
627
626
625
625
624
624
624
624
622
622
621
620
618
618
617
617
617
616
616
615
614
613
612
612
611
607
604
603
603
599
598
597
595
594
591
589
588
588
587
585
585
583
583
581
581
581
580
578
577
576
574
572
572
572
572
571
571
571
570
570
570
567
565
563
559
558
557
557
557
557
556
555
555
554
554
550
547
546
546
544
543
541
540
540
539
539
538
537
537
536
536
533
533
533
533
531
531
530
530
530
529
529
528
527
527
526
526
526
526
524
524
524
524
519
519
517
516
515
514
512
512
511
511
511
510
510
510
507
506
506
505
505
504
501
501
501
499
498
498
496
495
492
491
489
489
487
486
485
485
482
481
480
480
478
478
477
477
477
476
476
473
473
472
470
470
468
467
464
463
463
461
460
460
459
459
458
457
456
456
455
455
455
454
454
452
450
448
448
447
445
442
442
441
441
440
440
440
439
438
437
436
435
435
434
434
433
432
430
430
426
425
425
424
424
424
423
423
422
421
421
420
418
418
418
417
417
416
416
416
415
415
415
414
414
413
412
412
412
411
410
409
408
407
406
404
403
402
401
401
399
399
399
398
397
397
396
395
394
394
391
390
390
388
388
385
385
384
384
384
383
382
381
380
380
378
378
377
376
376
376
374
374
373
369
368
366
364
363
361
360
358
358
357
357
356
355
355
355
354
354
354
353
353
351
351
348
348
347
346
345
345
343
342
340
338
338
338
337
337
337
336
336
336
336
333
331
331
329
329
326
324
322
321
320
319
318
318
317
316
314
314
313
309
309
308
308
307
307
306
306
303
300
299
299
297
297
295
293
293
291
290
288
287
287
286
285
284
282
280
278
276
275
273
271
268
264
264
263
259
259
259
259
258
256
255
253
250
250
249
249
248
247
246
245
245
243
241
240
239
238
237
237
234
234
232
232
232
230
230
229
228
228
228
227
226
225
224
224
224
223
221
220
219
218
217
212
212
211
211
211
211
209
209
206
206
205
203
202
202
202
202
201
200
200
200
199
197
196
194
194
192
192
192
191
189
188
186
185
184
184
182
179
178
176
176
174
173
172
168
167
167
167
165
164
164
164
164
161
161
161
159
159
158
158
158
158
158
157
157
156
155
153
152
152
151
147
147
144
143
143
140
140
140
139
139
138
136
135
134
134
133
130
130
130
129
129
128
127
124
124
122
122
122
122
121
121
120
120
119
117
116
116
115
114
113
113
113
113
109
109
109
106
104
100
100
96
96
94
92
92
91
89
88
86
86
84
80
79
77
77
76
74
74
72
72
72
72
70
69
69
68
66
66
65
64
62
61
61
57
55
54
54
53
53
50
49
49
47
47
46
44
44
43
42
42
41
38
36
35
34
33
32
30
30
30
29
29
27
27
26
26
26
26
24
22
21
20
19
18
16
15
12
12
10
9
8
8
5
4
4
3
2
0
0
0
