9996
9996
9995
9994
9993
9992
9991
9990
9989
9988
9987
9987
9985
9984
9983
9983
9982
9982
9980
9980
9980
9979
9979
9979
9977
9977
9975
9974
9970
9965
9965
9963
9962
9962
9959
9958
9957
9957
9956
9954
9953
9952
9952
9952
9950
9948
9948
9944
9944
9942
9942
9942
9942
9942
9941
9939
9936
9936
9935
9935
9934
9931
9931
9928
9928
9927
9926
9924
9922
9921
9920
9919
9918
9916
9916
9915
9914
9913
9913
9913
9912
9912
9912
9911
9911
9907
9906
9904
9903
9902
9901
9901
9901
9901
9900
9900
9900
9899
9898
9896
9896
9896
9895
9893
9892
9891
9891
9890
9890
9890
9889
9889
9889
9886
9886
9886
9885
9885
9879
9878
9877
9874
9874
9874
9874
9873
9872
9872
9871
9871
9871
9869
9867
9867
9867
9866
9865
9864
9864
9863
9863
9862
9861
9860
9859
9856
9854
9853
9853
9851
9848
9848
9847
9846
9845
9845
9844
9844
9842
9841
9840
9840
9834
9834
9833
9832
9832
9831
9828
9827
9824
9823
9823
9823
9821
9820
9819
9818
9817
9817
9817
9817
9817
9816
9816
9815
9814
9814
9814
9814
9814
9813
9807
9807
9807
9805
9804
9804
9802
9802
9801
9800
9800
9799
9798
9798
9796
9796
9794
9794
9793
9793
9792
9791
9790
9789
9789
9788
9786
9786
9786
9782
9781
9778
9778
9778
9777
9777
9777
9776
9776
9775
9774
9773
9773
9771
9767
9766
9765
9765
9764
9763
9763
9763
9762
9762
9760
9760
9759
9759
9758
9758
9757
9755
9755
9754
9754
9753
9753
9752
9752
9752
9751
9751
9750
9750
9750
9748
9748
9747
9746
9746
9745
9742
9741
9739
9737
9737
9734
9731
9730
9730
9729
9729
9728
9727
9726
9726
9724
9724
9723
9723
9722
9720
9720
9718
9717
9713
9713
9709
9708
9707
9707
9705
9705
9704
9703
9703
9703
9702
9702
9701
9701
9701
9700
9700
9700
9699
9699
9696
9695
9694
9694
9693
9693
9693
9692
9692
9692
9691
9691
9691
9690
9689
9689
9688
9688
9688
9687
9687
9685
9684
9683
9681
9681
9680
9679
9677
9674
9674
9672
9672
9670
9668
9667
9664
9662
9661
9660
9658
9657
9656
9656
9655
9654
9652
9652
9651
9651
9650
9649
9649
9649
9648
9646
9646
9646
9640
9639
9637
9637
9635
9635
9635
9635
9632
9629
9627
9626
9623
9623
9623
9622
9622
9620
9619
9619
9618
9616
9615
9615
9615
9614
9612
9612
9611
9610
9609
9609
9609
9608
9608
9607
9606
9605
9601
9600
9600
9599
9597
9597
9597
9595
9593
9593
9592
9591
9588
9588
9587
9584
9584
9584
9584
9582
9582
9581
9580
9579
9577
9577
9575
9575
9574
9573
9572
9571
9571
9570
9569
9569
9566
9564
9563
9562
9562
9562
9558
9557
9557
9556
9555
9555
9555
9554
9553
9553
9551
9549
9548
9546
9545
9544
9543
9543
9543
9541
9541
9540
9536
9535
9534
9533
9532
9532
9531
9526
9525
9523
9522
9521
9521
9520
9518
9518
9518
9517
9516
9515
9513
9511
9510
9509
9509
9508
9508
9507
9506
9506
9505
9504
9504
9503
9502
9499
9497
9497
9495
9495
9493
9492
9492
9490
9489
9489
9488
9486
9485
9484
9483
9482
9482
9482
9480
9478
9477
9476
9476
9475
9474
9473
9471
9471
9471
9471
9470
9469
9469
9469
9468
9468
9468
9467
9467
9464
9463
9462
9461
9459
9458
9458
9457
9456
9453
9451
9451
9449
9447
9447
9445
9444
9439
9436
9435
9434
9433
9431
9430
9430
9429
9427
9425
9424
9423
9421
9421
9419
9419
9419
9419
9418
9418
9417
9416
9415
9414
9413
9412
9412
9412
9410
9409
9409
9408
9408
9408
9406
9405
9401
9401
9401
9400
9398
9396
9396
9395
9394
9391
9389
9389
9388
9386
9385
9384
9383
9383
9382
9381
9381
9379
9378
9378
9378
9376
9375
9374
9374
9374
9373
9371
9370
9369
9367
9366
9366
9366
9365
9365
9364
9364
9362
9362
9362
9360
9360
9359
9359
9357
9356
9355
9355
9355
9355
9355
9355
9354
9354
9354
9353
9353
9352
9352
9350
9349
9348
9347
9347
9345
9342
9342
9341
9337
9336
9335
9335
9332
9332
9329
9329
9328
9327
9323
9323
9323
9322
9322
9321
9321
9320
9320
9318
9317
9316
9316
9316
9314
9313
9312
9312
9307
9307
9307
9305
9305
9303
9303
9302
9302
9300
9298
9297
9297
9295
9294
9292
9291
9290
9290
9289
9287
9285
9285
9284
9283
9282
9282
9282
9281
9280
9279
9277
9277
9275
9275
9275
9274
9274
9273
9270
9266
9265
9265
9264
9263
9263
9262
9261
9261
9260
9259
9259
9257
9257
9256
9255
9253
9252
9248
9248
9246
9245
9245
9244
9240
9240
9240
9240
9239
9239
9239
9239
9238
9237
9236
9235
9235
9234
9234
9233
9233
9231
9231
9230
9230
9230
9229
9227
9227
9226
9225
9224
9223
9223
9221
9221
9221
9220
9218
9216
9214
9214
9214
9213
9212
9212
9210
9210
9209
9208
9208
9207
9206
9205
9205
9204
9204
9203
9202
9201
9200
9200
9197
9197
9196
9195
9194
9194
9193
9193
9192
9191
9190
9189
9188
9186
9186
9183
9183
9182
9180
9180
9180
9180
9178
9178
9177
9176
9175
9174
9174
9174
9174
9173
9172
9170
9169
9167
9166
9166
9164
9161
9161
9161
9160
9160
9160
9155
9154
9153
9153
9150
9149
9148
9148
9146
9145
9144
9144
9141
9140
9139
9139
9138
9138
9137
9137
9137
9136
9136
9132
9131
9130
9130
9130
9129
9127
9126
9126
9124
9123
9123
9123
9122
9122
9121
9120
9120
9120
9119
9118
9117
9117
9117
9117
9116
9116
9115
9114
9112
9112
9112
9111
9109
9108
9108
9107
9107
9107
9106
9102
9102
9102
9100
9100
9099
9098
9097
9095
9095
9094
9094
9094
9093
9091
9090
9089
9087
9087
9086
9086
9086
9080
9079
9079
9078
9075
9074
9073
9072
9070
9068
9066
9066
9066
9065
9061
9059
9058
9056
9056
9055
9054
9054
9053
9053
9050
9049
9047
9046
9045
9045
9045
9044
9043
9042
9042
9040
9040
9039
9038
9038
9037
9034
9034
9033
9033
9033
9029
9029
9028
9027
9025
9025
9025
9022
9022
9022
9021
9021
9020
9019
9019
9019
9017
9016
9016
9016
9015
9015
9015
9014
9014
9013
9012
9011
9010
9010
9009
9008
9007
9004
9001
9001
8999
8999
8998
8998
8995
8994
8994
8993
8992
8991
8990
8987
8985
8984
8983
8982
8982
8978
8977
8976
8973
8973
8969
8968
8968
8966
8966
8966
8963
8961
8960
8954
8953
8952
8951
8949
8947
8945
8945
8943
8942
8942
8941
8940
8938
8938
8936
8936
8935
8934
8934
8933
8932
8932
8932
8931
8930
8930
8929
8929
8928
8927
8927
8925
8924
8922
8922
8921
8920
8920
8919
8917
8917
8917
8916
8914
8914
8914
8912
8912
8912
8911
8910
8910
8910
8909
8906
8904
8903
8902
8902
8902
8902
8901
8900
8900
8899
8899
8897
8896
8896
8893
8892
8892
8892
8890
8889
8888
8884
8884
8884
8882
8882
8881
8880
8879
8879
8876
8874
8874
8873
8872
8870
8869
8869
8868
8867
8866
8866
8865
8864
8862
8862
8861
8860
8860
8859
8858
8857
8857
8855
8854
8854
8853
8853
8850
8850
8850
8848
8847
8846
8845
8842
8842
8842
8840
8839
8838
8838
8835
8835
8833
8829
8828
8828
8828
8826
8826
8824
8822
8820
8818
8817
8816
8811
8810
8809
8808
8808
8807
8799
8797
8797
8797
8795
8794
8793
8792
8790
8790
8789
8788
8788
8787
8787
8785
8785
8780
8779
8779
8777
8776
8775
8775
8773
8773
8771
8771
8771
8770
8769
8768
8766
8764
8764
8763
8763
8761
8760
8760
8759
8759
8759
8757
8756
8753
8752
8750
8748
8746
8746
8745
8745
8745
8744
8744
8743
8742
8742
8742
8738
8737
8737
8736
8734
8734
8734
8733
8732
8732
8731
8731
8729
8728
8727
8726
8725
8721
8721
8721
8720
8719
8719
8719
8717
8715
8715
8715
8712
8711
8710
8708
8707
8706
8705
8704
8704
8704
8703
8701
8700
8699
8697
8695
8695
8695
8694
8694
8694
8691
8690
8690
8688
8687
8686
8686
8686
8686
8683
8681
8681
8680
8680
8679
8679
8678
8677
8676
8676
8675
8675
8675
8670
8670
8669
8666
8665
8665
8665
8665
8664
8660
8660
8659
8658
8657
8657
8652
8650
8650
8649
8647
8647
8647
8645
8643
8643
8642
8640
8639
8639
8639
8638
8637
8637
8637
8636
8636
8635
8635
8635
8633
8633
8632
8632
8632
8631
8631
8631
8630
8629
8627
8626
8625
8624
8623
8622
8622
8621
8620
8619
8619
8619
8618
8618
8617
8617
8616
8616
8614
8613
8613
8609
8609
8609
8608
8607
8607
8605
8604
8604
8604
8604
8604
8602
8601
8599
8598
8597
8596
8595
8595
8594
8593
8592
8591
8589
8586
8585
8584
8583
8583
8581
8579
8579
8578
8576
8575
8574
8572
8570
8570
8570
8569
8569
8567
8565
8565
8565
8564
8564
8564
8561
8560
8560
8559
8559
8558
8558
8557
8557
8557
8556
8556
8556
8555
8555
8553
8553
8553
8553
8553
8553
8553
8550
8549
8547
8546
8546
8546
8545
8544
8543
8543
8543
8542
8542
8542
8540
8537
8537
8535
8533
8533
8532
8531
8531
8531
8531
8529
8528
8526
8525
8525
8524
8523
8523
8523
8520
8520
8519
8517
8515
8514
8514
8512
8512
8509
8508
8508
8507
8507
8505
8502
8502
8502
8502
8501
8498
8495
8494
8494
8493
8493
8492
8491
8488
8488
8487
8487
8486
8486
8486
8486
8485
8484
8481
8481
8481
8477
8476
8476
8474
8472
8472
8472
8471
8471
8468
8467
8465
8464
8464
8464
8464
8463
8462
8461
8461
8459
8458
8458
8458
8456
8455
8454
8454
8453
8453
8452
8450
8449
8448
8446
8446
8446
8445
8444
8443
8441
8441
8441
8440
8436
8434
8434
8433
8433
8432
8431
8429
8429
8428
8428
8428
8427
8425
8424
8424
8422
8422
8421
8421
8420
8420
8420
8420
8419
8419
8418
8418
8418
8418
8417
8417
8416
8415
8415
8415
8413
8411
8409
8407
8407
8406
8406
8404
8404
8403
8402
8401
8400
8400
8400
8398
8397
8396
8395
8394
8394
8393
8393
8392
8392
8391
8391
8390
8389
8388
8386
8385
8385
8384
8383
8380
8380
8379
8377
8376
8375
8374
8373
8372
8369
8369
8368
8368
8368
8366
8364
8363
8363
8360
8359
8359
8359
8358
8358
8357
8357
8357
8357
8356
8356
8352
8351
8350
8349
8348
8343
8342
8339
8339
8338
8338
8338
8337
8337
8335
8335
8333
8332
8329
8328
8328
8325
8324
8321
8321
8316
8316
8315
8315
8314
8314
8313
8312
8310
8309
8309
8308
8305
8303
8303
8302
8301
8301
8299
8299
8297
8294
8293
8293
8292
8291
8290
8286
8284
8284
8283
8282
8279
8278
8278
8277
8277
8277
8275
8275
8273
8271
8271
8270
8270
8266
8265
8265
8264
8260
8260
8259
8258
8256
8254
8253
8252
8252
8251
8249
8248
8247
8247
8244
8242
8241
8241
8241
8241
8240
8239
8238
8237
8237
8235
8235
8234
8233
8231
8227
8226
8225
8225
8224
8224
8224
8222
8222
8221
8220
8220
8220
8217
8217
8215
8215
8215
8214
8213
8213
8211
8210
8207
8207
8207
8206
8206
8204
8201
8199
8198
8196
8195
8195
8194
8193
8190
8190
8189
8189
8188
8187
8185
8185
8184
8183
8183
8182
8181
8180
8177
8173
8172
8170
8169
8167
8166
8166
8166
8161
8161
8159
8159
8159
8158
8158
8158
8157
8155
8154
8154
8153
8152
8152
8150
8150
8149
8148
8147
8146
8146
8146
8146
8145
8142
8141
8140
8140
8138
8137
8137
8137
8136
8135
8135
8134
8134
8132
8132
8132
8129
8129
8129
8127
8125
8122
8122
8122
8121
8120
8119
8118
8118
8116
8113
8111
8111
8107
8104
8104
8103
8103
8103
8102
8101
8101
8101
8100
8100
8099
8099
8098
8096
8096
8095
8094
8094
8094
8093
8090
8088
8088
8087
8086
8084
8084
8083
8082
8082
8081
8078
8078
8077
8072
8072
8072
8071
8071
8068
8067
8067
8066
8066
8066
8066
8065
8065
8065
8064
8063
8062
8061
8057
8057
8056
8056
8055
8054
8053
8053
8053
8052
8050
8049
8049
8049
8045
8045
8044
8039
8039
8039
8038
8036
8036
8036
8032
8031
8031
8030
8029
8028
8028
8027
8025
8025
8023
8023
8023
8021
8021
8018
8017
8017
8014
8011
8008
8008
8008
8008
8005
8005
8005
8004
8002
8000
8000
8000
7997
7996
7996
7996
7996
7995
7993
7992
7991
7990
7990
7989
7988
7987
7987
7986
7986
7985
7985
7985
7983
7981
7980
7980
7980
7979
7979
7979
7979
7978
7977
7977
7975
7975
7975
7974
7973
7973
7972
7970
7969
7968
7968
7966
7966
7963
7959
7958
7957
7956
7954
7954
7953
7953
7952
7951
7951
7950
7950
7949
7947
7947
7945
7945
7944
7943
7942
7941
7941
7941
7938
7938
7938
7937
7937
7937
7936
7936
7936
7935
7934
7933
7933
7933
7931
7931
7931
7928
7928
7928
7926
7923
7923
7922
7921
7921
7920
7919
7918
7911
7911
7910
7909
7908
7908
7906
7906
7903
7901
7901
7901
7899
7899
7897
7897
7894
7894
7893
7892
7891
7889
7888
7888
7886
7886
7884
7883
7883
7880
7880
7879
7877
7876
7874
7873
7872
7872
7871
7868
7868
7867
7867
7867
7866
7866
7865
7864
7861
7860
7858
7858
7857
7856
7856
7856
7853
7849
7849
7849
7849
7848
7848
7847
7847
7845
7843
7842
7839
7839
7837
7837
7837
7836
7835
7835
7834
7830
7828
7826
7826
7824
7824
7822
7821
7819
7819
7818
7818
7817
7816
7816
7815
7814
7814
7813
7813
7812
7811
7811
7811
7811
7809
7808
7808
7808
7808
7806
7805
7804
7803
7800
7799
7798
7798
7796
7794
7793
7793
7790
7787
7787
7787
7786
7786
7785
7784
7784
7784
7784
7783
7782
7782
7781
7780
7779
7777
7777
7776
7776
7775
7773
7772
7772
7772
7772
7772
7772
7771
7769
7769
7768
7768
7768
7767
7767
7767
7766
7762
7761
7760
7760
7758
7758
7758
7755
7754
7754
7753
7753
7753
7752
7752
7751
7751
7750
7748
7747
7746
7743
7743
7743
7743
7742
7741
7740
7740
7739
7739
7738
7738
7734
7734
7732
7729
7729
7729
7728
7728
7727
7726
7725
7725
7723
7722
7721
7719
7719
7717
7716
7715
7714
7713
7712
7712
7710
7710
7708
7707
7706
7706
7706
7706
7706
7706
7701
7699
7699
7699
7695
7694
7694
7692
7690
7689
7685
7683
7683
7681
7681
7681
7681
7681
7678
7677
7677
7677
7676
7676
7675
7672
7672
7669
7669
7666
7665
7665
7665
7662
7662
7659
7656
7654
7654
7652
7652
7652
7651
7651
7647
7645
7645
7644
7643
7643
7642
7641
7640
7640
7638
7636
7636
7633
7632
7631
7630
7630
7629
7629
7628
7626
7626
7625
7623
7620
7620
7619
7618
7617
7617
7613
7613
7613
7612
7612
7610
7609
7609
7607
7606
7605
7605
7604
7603
7600
7598
7597
7596
7596
7595
7594
7593
7592
7591
7587
7585
7584
7581
7581
7581
7580
7580
7579
7578
7577
7577
7577
7576
7575
7574
7573
7572
7571
7568
7567
7567
7566
7564
7564
7564
7564
7563
7562
7561
7559
7559
7558
7558
7557
7553
7552
7552
7549
7548
7548
7546
7545
7544
7542
7542
7542
7541
7541
7541
7540
7538
7537
7536
7535
7534
7534
7534
7531
7529
7528
7528
7527
7526
7526
7522
7522
7521
7520
7520
7519
7519
7519
7518
7518
7516
7516
7516
7516
7516
7515
7511
7510
7507
7506
7504
7502
7501
7501
7499
7499
7498
7496
7494
7493
7493
7493
7492
7492
7491
7488
7487
7485
7485
7485
7484
7481
7481
7480
7479
7478
7477
7477
7477
7475
7474
7474
7473
7470
7470
7469
7469
7469
7468
7468
7468
7466
7466
7465
7463
7462
7460
7459
7458
7458
7458
7457
7456
7456
7455
7451
7450
7450
7448
7447
7446
7446
7445
7444
7442
7442
7442
7442
7441
7440
7440
7439
7439
7437
7437
7435
7435
7435
7435
7432
7431
7429
7427
7426
7426
7425
7425
7425
7424
7423
7423
7421
7417
7417
7417
7415
7415
7415
7414
7412
7412
7411
7411
7409
7408
7408
7408
7407
7406
7406
7404
7403
7402
7402
7402
7401
7400
7399
7399
7398
7398
7397
7395
7395
7394
7392
7392
7392
7391
7390
7390
7389
7387
7386
7386
7384
7384
7378
7377
7376
7376
7375
7374
7374
7373
7372
7372
7371
7371
7371
7371
7370
7369
7369
7369
7369
7368
7368
7368
7367
7365
7364
7363
7362
7361
7358
7357
7357
7356
7356
7355
7353
7353
7352
7352
7351
7350
7350
7350
7348
7347
7346
7345
7338
7336
7333
7332
7331
7329
7321
7320
7320
7319
7318
7317
7317
7315
7315
7315
7314
7314
7314
7314
7314
7314
7314
7314
7313
7313
7313
7312
7312
7312
7311
7308
7308
7307
7306
7306
7305
7304
7304
7304
7303
7301
7299
7298
7298
7298
7297
7295
7295
7293
7292
7291
7290
7287
7287
7287
7287
7286
7285
7285
7284
7284
7284
7284
7283
7281
7280
7280
7278
7276
7275
7274
7274
7274
7274
7271
7269
7268
7268
7266
7263
7262
7261
7261
7261
7261
7258
7257
7257
7256
7253
7253
7252
7252
7250
7250
7250
7249
7248
7248
7247
7246
7246
7244
7243
7241
7241
7241
7240
7238
7238
7238
7238
7237
7237
7237
7237
7236
7236
7236
7235
7235
7234
7233
7233
7230
7230
7229
7228
7228
7228
7227
7226
7226
7226
7224
7223
7223
7219
7219
7218
7218
7217
7216
7215
7214
7212
7207
7207
7207
7206
7205
7205
7204
7203
7201
7201
7200
7197
7195
7191
7186
7186
7185
7182
7180
7179
7177
7177
7177
7176
7176
7173
7172
7170
7170
7169
7169
7169
7168
7162
7162
7162
7158
7158
7158
7157
7157
7156
7150
7149
7149
7149
7149
7148
7148
7147
7146
7145
7143
7142
7140
7138
7138
7137
7137
7136
7134
7134
7134
7134
7132
7132
7131
7131
7130
7129
7129
7126
7124
7124
7124
7123
7123
7123
7122
7122
7122
7122
7122
7120
7120
7119
7118
7118
7117
7117
7116
7116
7114
7114
7111
7110
7110
7109
7108
7107
7106
7106
7106
7105
7105
7104
7104
7104
7104
7102
7102
7100
7099
7099
7098
7097
7096
7094
7094
7094
7091
7090
7089
7089
7088
7087
7087
7084
7081
7080
7080
7080
7078
7078
7076
7076
7076
7075
7074
7074
7073
7073
7072
7070
7070
7070
7067
7066
7066
7066
7065
7064
7063
7062
7062
7061
7060
7058
7058
7058
7057
7057
7056
7055
7055
7055
7054
7053
7051
7049
7049
7048
7047
7047
7045
7044
7040
7040
7035
7034
7032
7029
7028
7024
7024
7024
7021
7016
7016
7016
7015
7014
7013
7011
7011
7009
7007
7007
7006
7005
7005
7004
7003
7003
7002
7000
7000
7000
7000
6998
6997
6996
6994
6994
6991
6989
6986
6983
6982
6981
6980
6980
6980
6979
6977
6976
6974
6973
6973
6973
6972
6970
6969
6969
6967
6966
6965
6963
6962
6961
6960
6959
6957
6956
6956
6954
6953
6953
6951
6951
6950
6950
6947
6947
6944
6943
6943
6942
6942
6940
6939
6937
6937
6937
6937
6935
6933
6933
6933
6931
6931
6931
6930
6930
6930
6929
6927
6927
6927
6926
6926
6923
6923
6923
6921
6921
6920
6918
6916
6914
6913
6909
6908
6907
6907
6906
6906
6905
6904
6903
6902
6902
6901
6901
6900
6899
6897
6897
6895
6894
6892
6891
6890
6888
6885
6882
6882
6882
6880
6880
6880
6879
6878
6878
6877
6877
6876
6876
6875
6874
6873
6870
6870
6868
6867
6865
6865
6858
6858
6857
6857
6856
6855
6853
6852
6852
6851
6850
6848
6848
6844
6844
6843
6841
6840
6837
6837
6837
6837
6836
6836
6835
6835
6835
6834
6834
6832
6832
6831
6830
6829
6829
6828
6827
6826
6825
6825
6825
6824
6823
6821
6821
6821
6820
6820
6820
6818
6817
6817
6817
6816
6815
6814
6812
6811
6811
6811
6810
6808
6808
6807
6806
6806
6805
6804
6803
6802
6801
6800
6800
6798
6797
6796
6796
6792
6791
6790
6790
6790
6789
6789
6789
6788
6788
6785
6784
6782
6781
6781
6780
6780
6779
6779
6779
6777
6777
6775
6774
6773
6773
6771
6770
6768
6768
6767
6767
6767
6766
6766
6764
6764
6763
6763
6759
6759
6757
6757
6754
6753
6753
6752
6748
6747
6747
6747
6746
6740
6740
6739
6738
6737
6737
6736
6735
6733
6731
6728
6728
6728
6727
6725
6721
6721
6720
6720
6719
6716
6716
6716
6715
6715
6713
6713
6713
6710
6708
6708
6707
6707
6707
6706
6705
6704
6703
6703
6702
6702
6701
6700
6700
6700
6699
6699
6699
6698
6696
6696
6696
6696
6695
6694
6694
6692
6691
6691
6691
6687
6684
6684
6684
6683
6681
6679
6678
6677
6676
6675
6674
6673
6673
6673
6673
6672
6671
6670
6670
6669
6669
6665
6664
6664
6663
6663
6663
6661
6660
6660
6659
6658
6655
6653
6652
6652
6651
6651
6651
6650
6648
6647
6647
6646
6645
6645
6643
6641
6640
6639
6639
6637
6637
6635
6632
6632
6632
6632
6631
6629
6628
6626
6624
6623
6623
6622
6622
6622
6621
6621
6620
6620
6619
6619
6619
6615
6614
6614
6612
6611
6611
6609
6609
6608
6608
6606
6606
6605
6604
6604
6602
6602
6601
6600
6597
6596
6595
6595
6594
6593
6592
6591
6590
6590
6590
6589
6588
6584
6584
6583
6582
6581
6580
6580
6580
6579
6579
6575
6574
6573
6573
6573
6571
6571
6571
6570
6568
6567
6567
6567
6566
6565
6564
6564
6563
6563
6563
6562
6560
6559
6558
6558
6555
6554
6554
6554
6554
6553
6553
6552
6551
6551
6550
6550
6550
6549
6549
6546
6545
6544
6541
6540
6540
6535
6535
6534
6533
6533
6530
6529
6529
6528
6526
6525
6522
6519
6519
6518
6518
6518
6518
6517
6516
6514
6514
6514
6513
6513
6512
6511
6511
6510
6510
6508
6508
6507
6506
6506
6505
6504
6503
6501
6499
6499
6499
6497
6496
6496
6496
6492
6490
6490
6490
6490
6489
6488
6482
6481
6480
6480
6478
6476
6475
6474
6473
6473
6471
6468
6467
6467
6456
6455
6455
6454
6453
6451
6451
6450
6450
6447
6447
6446
6446
6446
6445
6443
6443
6443
6442
6442
6440
6437
6436
6436
6435
6435
6435
6435
6434
6431
6431
6431
6429
6428
6427
6426
6426
6426
6424
6424
6423
6422
6422
6421
6419
6416
6415
6411
6408
6405
6404
6404
6404
6403
6403
6403
6400
6399
6398
6395
6394
6393
6390
6390
6390
6389
6389
6388
6386
6386
6385
6382
6382
6380
6380
6379
6379
6379
6378
6376
6375
6373
6371
6370
6370
6369
6368
6367
6367
6366
6363
6363
6363
6363
6363
6362
6362
6361
6360
6359
6359
6359
6356
6354
6352
6349
6349
6348
6347
6347
6346
6346
6345
6342
6340
6339
6339
6337
6337
6337
6335
6333
6332
6331
6330
6330
6330
6329
6327
6327
6327
6327
6326
6324
6324
6323
6322
6321
6317
6315
6314
6313
6312
6310
6310
6310
6310
6305
6304
6304
6304
6303
6303
6302
6299
6297
6297
6296
6295
6295
6293
6292
6291
6291
6290
6289
6288
6288
6287
6287
6286
6284
6283
6283
6279
6278
6277
6276
6276
6276
6275
6272
6272
6272
6271
6270
6270
6270
6269
6266
6266
6265
6265
6265
6264
6264
6263
6261
6260
6260
6258
6258
6257
6256
6256
6255
6255
6254
6254
6254
6252
6252
6251
6249
6249
6248
6247
6247
6246
6246
6245
6245
6244
6242
6242
6241
6241
6241
6240
6240
6239
6239
6239
6238
6237
6236
6236
6235
6232
6231
6231
6231
6229
6228
6226
6226
6224
6224
6223
6221
6221
6221
6221
6220
6220
6220
6219
6217
6217
6212
6209
6208
6206
6203
6201
6200
6199
6198
6198
6193
6193
6193
6192
6192
6191
6191
6190
6190
6189
6187
6185
6185
6184
6184
6184
6184
6183
6181
6181
6181
6180
6179
6179
6178
6178
6178
6177
6177
6174
6173
6172
6171
6171
6170
6169
6169
6167
6166
6166
6165
6165
6163
6163
6163
6162
6161
6158
6158
6156
6155
6153
6151
6151
6150
6149
6149
6148
6148
6148
6148
6147
6147
6145
6143
6143
6142
6142
6141
6140
6140
6140
6139
6137
6134
6132
6132
6131
6131
6131
6130
6130
6129
6129
6128
6128
6126
6124
6123
6123
6120
6120
6119
6118
6117
6117
6117
6117
6116
6114
6114
6114
6111
6111
6111
6111
6111
6110
6108
6107
6107
6105
6105
6103
6103
6099
6098
6098
6098
6097
6096
6096
6096
6096
6096
6095
6094
6093
6093
6091
6091
6090
6090
6090
6089
6089
6089
6088
6088
6087
6087
6086
6085
6085
6084
6084
6084
6081
6081
6078
6077
6076
6076
6074
6074
6073
6066
6065
6063
6062
6058
6058
6057
6055
6055
6054
6054
6052
6052
6051
6050
6049
6048
6046
6045
6044
6043
6042
6041
6041
6041
6041
6040
6039
6039
6038
6035
6034
6032
6031
6031
6030
6028
6026
6026
6026
6018
6016
6015
6014
6013
6011
6011
6010
6010
6008
6007
6006
6005
6005
6004
6004
6002
6002
6000
5999
5999
5998
5998
5998
5997
5995
5995
5994
5993
5992
5992
5992
5987
5986
5986
5986
5986
5986
5986
5985
5985
5984
5980
5980
5979
5978
5975
5975
5973
5971
5970
5970
5970
5968
5967
5967
5963
5962
5962
5961
5961
5961
5960
5960
5959
5958
5958
5956
5956
5953
5953
5951
5950
5950
5950
5947
5946
5945
5944
5942
5942
5941
5939
5938
5937
5937
5936
5935
5935
5932
5932
5932
5930
5930
5929
5929
5929
5928
5926
5924
5923
5922
5921
5921
5921
5920
5918
5918
5917
5916
5915
5915
5914
5914
5913
5913
5913
5912
5911
5911
5910
5909
5908
5907
5907
5904
5901
5898
5898
5898
5896
5895
5890
5889
5888
5888
5888
5888
5886
5881
5880
5879
5879
5878
5876
5876
5875
5874
5874
5873
5872
5872
5871
5871
5870
5870
5870
5869
5869
5868
5867
5867
5866
5865
5864
5863
5862
5861
5859
5859
5858
5857
5857
5856
5854
5852
5850
5849
5848
5847
5847
5846
5846
5846
5845
5842
5839
5838
5838
5837
5836
5834
5834
5832
5832
5830
5829
5829
5828
5827
5826
5825
5823
5821
5821
5820
5814
5814
5813
5813
5813
5812
5810
5810
5808
5806
5805
5805
5804
5803
5803
5803
5801
5800
5800
5798
5796
5795
5794
5794
5793
5792
5790
5789
5788
5787
5787
5784
5784
5783
5782
5781
5781
5781
5780
5780
5780
5779
5777
5777
5775
5774
5772
5771
5771
5770
5770
5769
5768
5768
5767
5767
5766
5765
5764
5764
5761
5761
5760
5760
5760
5760
5759
5758
5758
5758
5756
5755
5754
5754
5753
5752
5751
5750
5748
5745
5745
5745
5744
5741
5741
5740
5738
5737
5737
5735
5735
5734
5733
5733
5733
5733
5733
5732
5732
5731
5731
5731
5730
5729
5727
5725
5725
5724
5722
5721
5720
5719
5719
5716
5715
5714
5713
5713
5711
5710
5709
5709
5708
5708
5706
5706
5706
5706
5705
5704
5704
5703
5703
5703
5701
5701
5701
5697
5696
5696
5696
5693
5692
5692
5690
5690
5689
5687
5685
5685
5684
5683
5682
5681
5680
5679
5679
5677
5676
5673
5672
5672
5671
5671
5668
5668
5667
5666
5664
5664
5663
5661
5661
5660
5658
5658
5657
5655
5653
5650
5648
5648
5648
5646
5643
5642
5641
5641
5639
5639
5638
5637
5636
5635
5629
5629
5628
5627
5627
5626
5625
5624
5623
5621
5621
5620
5619
5619
5617
5616
5614
5613
5611
5611
5610
5610
5610
5610
5606
5605
5604
5602
5602
5601
5601
5599
5599
5599
5597
5597
5595
5595
5594
5593
5593
5592
5592
5589
5589
5589
5587
5586
5586
5585
5585
5581
5581
5581
5579
5578
5576
5574
5573
5572
5571
5571
5569
5567
5565
5563
5563
5562
5562
5560
5559
5557
5556
5555
5555
5554
5552
5552
5550
5550
5550
5549
5547
5547
5547
5546
5545
5543
5542
5541
5539
5539
5539
5538
5537
5536
5535
5535
5534
5533
5533
5532
5531
5530
5529
5529
5527
5526
5526
5524
5524
5522
5522
5521
5521
5519
5519
5518
5515
5515
5514
5514
5513
5513
5512
5511
5509
5508
5508
5508
5507
5507
5506
5506
5505
5505
5503
5502
5501
5497
5497
5496
5496
5494
5492
5490
5489
5488
5487
5487
5487
5487
5484
5483
5482
5481
5481
5480
5480
5480
5478
5477
5475
5474
5474
5473
5473
5471
5470
5469
5468
5467
5466
5466
5465
5465
5464
5461
5461
5460
5459
5458
5458
5457
5456
5456
5455
5453
5451
5450
5448
5446
5446
5445
5444
5443
5443
5443
5442
5440
5439
5439
5437
5433
5433
5432
5432
5431
5431
5428
5428
5426
5426
5424
5422
5422
5421
5421
5421
5421
5419
5419
5415
5414
5413
5412
5410
5408
5406
5405
5404
5404
5403
5403
5403
5403
5403
5401
5401
5400
5400
5399
5399
5398
5398
5396
5396
5395
5390
5389
5384
5382
5382
5380
5379
5379
5379
5378
5376
5376
5376
5375
5375
5374
5372
5372
5371
5371
5369
5368
5367
5367
5366
5366
5366
5359
5358
5357
5356
5356
5355
5354
5353
5351
5350
5349
5349
5344
5337
5334
5334
5331
5331
5326
5325
5325
5324
5323
5322
5322
5320
5320
5318
5317
5314
5313
5312
5312
5309
5309
5306
5303
5300
5299
5299
5298
5298
5297
5297
5295
5295
5295
5293
5293
5293
5291
5290
5288
5288
5288
5288
5287
5286
5286
5284
5284
5283
5283
5282
5282
5280
5277
5275
5271
5270
5269
5269
5269
5269
5268
5268
5267
5267
5267
5266
5264
5264
5263
5260
5259
5259
5257
5257
5257
5257
5255
5254
5254
5253
5252
5250
5249
5248
5247
5243
5243
5242
5241
5240
5240
5237
5237
5237
5237
5237
5237
5236
5235
5234
5233
5233
5232
5232
5232
5231
5231
5231
5230
5228
5227
5226
5226
5226
5226
5225
5225
5225
5223
5223
5221
5221
5215
5215
5211
5211
5211
5210
5210
5210
5207
5206
5204
5204
5203
5201
5200
5199
5198
5197
5197
5193
5192
5192
5189
5189
5188
5187
5187
5186
5185
5184
5183
5182
5182
5180
5180
5178
5177
5177
5177
5174
5173
5173
5172
5172
5169
5169
5169
5168
5167
5167
5165
5165
5162
5161
5160
5160
5159
5159
5159
5158
5156
5152
5150
5149
5148
5148
5147
5147
5147
5147
5146
5146
5146
5145
5143
5143
5142
5142
5141
5141
5141
5140
5139
5138
5137
5137
5136
5136
5134
5133
5132
5132
5131
5129
5128
5126
5125
5124
5121
5121
5120
5120
5119
5119
5117
5115
5114
5113
5112
5110
5110
5109
5108
5108
5108
5108
5107
5106
5105
5101
5099
5098
5097
5097
5096
5096
5095
5095
5094
5094
5093
5091
5091
5091
5091
5090
5090
5090
5087
5085
5085
5084
5081
5080
5079
5076
5076
5075
5075
5075
5074
5073
5073
5073
5073
5072
5071
5067
5067
5067
5067
5066
5063
5061
5059
5059
5058
5057
5057
5056
5056
5055
5054
5053
5053
5051
5050
5050
5050
5049
5049
5049
5049
5048
5044
5044
5043
5042
5042
5040
5038
5038
5038
5037
5036
5034
5034
5032
5032
5031
5030
5029
5029
5029
5028
5028
5027
5026
5024
5024
5023
5023
5022
5021
5020
5017
5017
5017
5014
5007
5007
5006
5006
5005
5003
5002
5001
4999
4998
4997
4996
4994
4993
4993
4992
4992
4991
4991
4990
4990
4989
4987
4986
4986
4985
4983
4981
4978
4976
4973
4972
4971
4971
4971
4970
4967
4967
4966
4965
4963
4962
4961
4960
4960
4960
4959
4959
4954
4954
4954
4954
4954
4954
4952
4952
4951
4950
4945
4941
4941
4930
4929
4928
4928
4928
4927
4924
4924
4923
4922
4921
4921
4921
4920
4920
4919
4917
4917
4916
4916
4915
4915
4914
4914
4914
4913
4910
4910
4910
4910
4909
4909
4909
4908
4908
4908
4907
4907
4906
4904
4904
4902
4901
4901
4900
4900
4898
4897
4897
4895
4892
4892
4891
4890
4889
4887
4886
4884
4882
4881
4881
4879
4879
4878
4877
4877
4875
4873
4872
4871
4870
4870
4870
4869
4867
4867
4867
4865
4863
4863
4863
4862
4861
4860
4860
4859
4859
4855
4854
4854
4854
4854
4853
4853
4852
4851
4849
4849
4847
4846
4844
4844
4843
4843
4842
4841
4840
4839
4839
4837
4836
4835
4834
4833
4831
4830
4828
4828
4828
4827
4826
4826
4825
4823
4822
4819
4819
4818
4817
4814
4814
4814
4813
4813
4812
4812
4811
4810
4810
4810
4810
4809
4809
4807
4806
4805
4805
4805
4804
4803
4800
4800
4798
4794
4794
4794
4793
4792
4792
4791
4790
4788
4788
4787
4786
4785
4785
4784
4783
4783
4780
4779
4777
4776
4776
4776
4776
4775
4775
4773
4773
4772
4772
4771
4770
4770
4768
4768
4767
4764
4763
4761
4760
4760
4759
4758
4756
4753
4752
4750
4750
4749
4748
4747
4742
4740
4739
4738
4738
4737
4737
4736
4733
4732
4732
4729
4728
4728
4728
4726
4724
4722
4720
4720
4720
4720
4719
4718
4717
4716
4711
4710
4709
4708
4708
4708
4701
4701
4701
4698
4696
4696
4695
4694
4692
4691
4690
4689
4686
4685
4685
4684
4684
4683
4682
4680
4679
4677
4676
4676
4675
4675
4675
4674
4673
4673
4671
4670
4670
4670
4667
4667
4666
4665
4664
4662
4662
4662
4662
4661
4660
4658
4658
4657
4655
4655
4653
4652
4651
4651
4645
4645
4644
4643
4641
4640
4639
4637
4637
4635
4635
4631
4631
4631
4630
4630
4629
4620
4619
4617
4617
4613
4612
4610
4608
4605
4605
4604
4603
4603
4603
4602
4600
4598
4596
4596
4592
4592
4592
4590
4590
4589
4585
4585
4585
4584
4583
4582
4580
4579
4579
4578
4577
4576
4574
4574
4573
4571
4571
4571
4571
4571
4569
4569
4568
4567
4564
4563
4561
4560
4560
4559
4558
4558
4558
4555
4555
4555
4553
4551
4551
4550
4550
4549
4548
4547
4547
4545
4545
4543
4543
4542
4541
4538
4537
4536
4536
4535
4531
4529
4529
4526
4526
4525
4524
4523
4523
4519
4518
4516
4516
4514
4513
4513
4512
4503
4502
4501
4499
4498
4498
4498
4496
4496
4495
4492
4490
4490
4488
4488
4488
4487
4485
4484
4483
4482
4482
4481
4480
4477
4476
4476
4476
4476
4473
4473
4471
4469
4468
4466
4464
4463
4463
4463
4462
4462
4461
4460
4460
4457
4456
4455
4455
4455
4454
4453
4453
4451
4449
4448
4444
4443
4442
4442
4440
4437
4436
4435
4432
4432
4431
4429
4429
4428
4426
4424
4424
4423
4423
4420
4420
4419
4417
4415
4411
4410
4410
4408
4407
4405
4403
4403
4399
4398
4398
4396
4395
4394
4394
4390
4390
4390
4388
4387
4387
4387
4387
4387
4386
4383
4383
4381
4380
4380
4380
4380
4380
4379
4378
4378
4378
4377
4377
4377
4377
4376
4373
4372
4369
4368
4368
4368
4368
4367
4366
4366
4365
4364
4364
4364
4363
4362
4361
4361
4360
4357
4357
4356
4353
4352
4351
4351
4351
4350
4350
4350
4349
4349
4348
4348
4347
4347
4346
4346
4345
4344
4343
4343
4342
4342
4342
4339
4339
4338
4337
4337
4336
4335
4334
4333
4333
4331
4330
4329
4329
4328
4327
4327
4326
4326
4323
4323
4321
4319
4319
4319
4313
4310
4309
4308
4308
4308
4307
4305
4305
4301
4301
4301
4301
4300
4300
4300
4300
4300
4299
4295
4295
4295
4291
4290
4289
4288
4287
4287
4287
4286
4286
4284
4284
4280
4280
4279
4278
4275
4272
4272
4272
4270
4268
4268
4267
4266
4265
4263
4263
4263
4262
4262
4260
4259
4258
4258
4257
4257
4257
4256
4255
4255
4255
4251
4250
4246
4246
4245
4244
4244
4242
4241
4240
4240
4239
4239
4237
4236
4235
4235
4234
4234
4234
4234
4233
4233
4232
4232
4231
4229
4229
4229
4228
4227
4227
4227
4226
4226
4224
4224
4220
4219
4219
4215
4215
4215
4213
4212
4211
4211
4211
4210
4209
4209
4209
4207
4206
4205
4205
4203
4199
4199
4198
4198
4197
4197
4197
4195
4195
4194
4193
4193
4193
4191
4191
4189
4188
4188
4186
4184
4183
4183
4182
4181
4181
4180
4180
4179
4179
4179
4176
4176
4173
4173
4172
4170
4168
4167
4165
4165
4164
4163
4161
4160
4160
4160
4158
4158
4157
4156
4155
4154
4154
4154
4153
4153
4152
4152
4151
4150
4148
4148
4141
4140
4140
4138
4134
4133
4133
4132
4132
4132
4130
4130
4130
4130
4129
4129
4129
4129
4128
4127
4125
4121
4117
4117
4116
4114
4114
4113
4112
4111
4111
4109
4109
4109
4108
4107
4105
4105
4104
4104
4103
4103
4103
4102
4101
4100
4098
4097
4096
4095
4094
4094
4093
4092
4091
4091
4091
4091
4091
4090
4089
4089
4088
4088
4086
4086
4086
4085
4085
4085
4082
4081
4081
4081
4078
4078
4076
4074
4073
4071
4070
4069
4068
4067
4064
4064
4063
4061
4061
4060
4059
4059
4059
4058
4057
4056
4055
4054
4054
4054
4054
4052
4051
4051
4050
4050
4050
4049
4049
4048
4047
4046
4045
4043
4043
4043
4039
4039
4038
4036
4035
4034
4033
4031
4031
4031
4029
4027
4027
4027
4026
4026
4025
4024
4023
4022
4021
4021
4019
4017
4017
4016
4015
4014
4013
4010
4009
4008
4008
4008
4007
4007
4005
4005
4002
4002
4002
3999
3999
3996
3996
3995
3994
3994
3993
3991
3991
3991
3991
3990
3988
3986
3984
3984
3983
3983
3982
3980
3979
3979
3978
3977
3977
3977
3976
3975
3975
3974
3974
3974
3973
3973
3973
3972
3970
3968
3966
3965
3964
3960
3959
3958
3957
3955
3955
3951
3950
3946
3946
3945
3945
3944
3942
3942
3942
3941
3938
3936
3935
3934
3934
3934
3932
3932
3932
3931
3931
3931
3930
3930
3929
3929
3928
3925
3924
3922
3920
3916
3916
3916
3915
3914
3913
3912
3912
3912
3910
3909
3909
3906
3906
3904
3904
3902
3901
3901
3901
3898
3895
3895
3895
3894
3893
3890
3888
3886
3885
3885
3885
3885
3884
3884
3883
3882
3881
3879
3878
3878
3877
3876
3872
3872
3871
3870
3870
3870
3870
3869
3869
3868
3865
3865
3865
3863
3861
3861
3860
3859
3859
3857
3856
3856
3855
3854
3852
3852
3851
3851
3851
3849
3848
3848
3847
3847
3846
3845
3845
3845
3844
3843
3842
3842
3841
3841
3840
3840
3839
3839
3838
3835
3835
3834
3834
3834
3832
3831
3831
3830
3829
3827
3826
3825
3823
3823
3823
3822
3822
3822
3820
3820
3816
3816
3815
3815
3815
3815
3814
3814
3813
3813
3813
3809
3809
3807
3807
3807
3806
3806
3804
3804
3802
3801
3800
3798
3793
3793
3792
3791
3791
3786
3785
3781
3781
3780
3780
3780
3779
3779
3779
3778
3778
3776
3775
3773
3773
3772
3772
3771
3770
3770
3767
3766
3765
3765
3764
3763
3761
3758
3757
3757
3755
3755
3754
3752
3752
3750
3750
3749
3749
3748
3748
3748
3748
3745
3744
3741
3740
3738
3735
3735
3734
3733
3732
3732
3732
3731
3730
3729
3729
3727
3727
3726
3725
3725
3724
3724
3723
3721
3721
3720
3718
3717
3717
3715
3715
3714
3714
3714
3712
3712
3712
3711
3709
3708
3706
3705
3705
3704
3703
3703
3702
3701
3699
3698
3698
3698
3695
3695
3694
3694
3693
3692
3690
3689
3689
3688
3686
3686
3686
3685
3685
3685
3684
3683
3682
3681
3681
3680
3679
3678
3678
3677
3677
3674
3674
3673
3672
3671
3671
3671
3671
3670
3669
3669
3668
3666
3666
3666
3663
3663
3663
3662
3662
3661
3660
3660
3659
3656
3655
3652
3651
3650
3649
3648
3647
3642
3639
3638
3638
3635
3634
3634
3633
3633
3632
3632
3631
3630
3629
3629
3628
3627
3627
3626
3625
3622
3622
3621
3620
3619
3618
3616
3614
3614
3614
3609
3608
3608
3607
3607
3606
3605
3605
3600
3598
3597
3597
3595
3595
3594
3591
3589
3588
3588
3587
3587
3587
3586
3585
3585
3585
3584
3584
3583
3583
3582
3582
3582
3581
3579
3578
3577
3572
3572
3571
3570
3569
3568
3566
3566
3565
3563
3563
3560
3559
3559
3558
3558
3558
3558
3557
3557
3557
3557
3556
3556
3555
3555
3553
3553
3552
3548
3546
3545
3544
3544
3542
3537
3534
3532
3531
3529
3527
3525
3525
3524
3524
3521
3521
3520
3519
3518
3518
3517
3516
3515
3515
3514
3514
3514
3511
3510
3506
3504
3504
3504
3504
3501
3501
3500
3500
3499
3499
3498
3498
3497
3496
3495
3491
3491
3489
3485
3484
3482
3481
3481
3476
3475
3474
3474
3472
3472
3471
3471
3470
3470
3470
3468
3468
3467
3467
3467
3466
3462
3461
3461
3460
3460
3458
3458
3455
3454
3453
3452
3450
3447
3446
3446
3446
3445
3445
3445
3444
3443
3442
3442
3441
3441
3440
3440
3439
3437
3437
3436
3434
3434
3432
3431
3430
3430
3429
3429
3426
3424
3423
3422
3421
3420
3419
3419
3419
3419
3417
3417
3416
3416
3412
3410
3410
3410
3410
3409
3409
3408
3407
3404
3404
3404
3403
3400
3400
3400
3393
3393
3392
3391
3390
3389
3388
3387
3386
3386
3384
3383
3382
3382
3379
3379
3378
3376
3375
3373
3369
3369
3368
3362
3361
3360
3358
3357
3354
3353
3353
3352
3351
3351
3348
3345
3344
3341
3336
3335
3335
3335
3333
3331
3331
3329
3329
3329
3327
3327
3326
3326
3325
3324
3324
3323
3321
3320
3319
3318
3318
3317
3317
3316
3315
3314
3313
3312
3312
3311
3311
3311
3310
3309
3309
3305
3304
3301
3301
3301
3300
3298
3297
3296
3294
3294
3293
3290
3289
3288
3287
3287
3282
3280
3279
3279
3278
3277
3277
3276
3275
3273
3272
3272
3269
3268
3268
3267
3267
3265
3261
3261
3259
3259
3259
3258
3257
3256
3255
3254
3253
3250
3250
3249
3248
3248
3248
3247
3247
3246
3246
3246
3244
3244
3244
3243
3243
3241
3241
3241
3239
3238
3237
3237
3236
3234
3233
3233
3230
3228
3227
3224
3222
3222
3219
3219
3218
3216
3211
3209
3207
3206
3206
3203
3202
3202
3202
3202
3197
3197
3195
3194
3191
3191
3188
3188
3185
3184
3181
3180
3180
3180
3179
3179
3179
3177
3176
3175
3175
3172
3172
3172
3170
3166
3162
3160
3159
3158
3158
3157
3157
3156
3155
3154
3153
3152
3150
3149
3149
3149
3148
3146
3145
3140
3136
3135
3135
3132
3129
3127
3123
3123
3122
3122
3119
3119
3117
3117
3117
3116
3115
3114
3114
3112
3112
3110
3110
3110
3109
3108
3106
3104
3103
3102
3102
3101
3101
3100
3100
3095
3094
3094
3092
3091
3091
3090
3090
3088
3088
3086
3085
3084
3082
3082
3079
3079
3078
3077
3077
3072
3071
3069
3069
3068
3068
3068
3068
3067
3067
3066
3066
3064
3064
3062
3058
3058
3058
3057
3056
3056
3054
3052
3052
3052
3051
3050
3050
3048
3047
3047
3047
3047
3046
3046
3045
3044
3043
3043
3042
3042
3042
3041
3041
3040
3040
3039
3039
3038
3038
3035
3035
3035
3033
3033
3032
3028
3027
3027
3027
3026
3026
3026
3024
3024
3023
3022
3022
3022
3022
3021
3021
3021
3021
3020
3019
3019
3016
3016
3015
3015
3015
3014
3013
3013
3012
3010
3008
3008
3008
3006
3006
3005
3005
3005
3004
3003
3001
3001
3001
2999
2998
2997
2994
2993
2992
2992
2992
2991
2990
2990
2987
2987
2986
2986
2985
2985
2984
2982
2980
2980
2979
2977
2976
2975
2975
2975
2974
2973
2973
2971
2970
2967
2966
2965
2965
2963
2961
2961
2961
2960
2960
2959
2958
2958
2956
2956
2956
2955
2954
2954
2954
2954
2953
2952
2952
2952
2951
2951
2950
2950
2949
2949
2949
2948
2946
2945
2943
2943
2943
2942
2941
2940
2939
2939
2938
2937
2937
2936
2936
2936
2935
2931
2931
2931
2931
2931
2929
2929
2929
2927
2926
2926
2924
2921
2920
2918
2918
2918
2915
2914
2913
2912
2912
2911
2911
2910
2910
2909
2909
2908
2907
2906
2904
2902
2901
2900
2900
2899
2899
2898
2897
2896
2894
2893
2891
2888
2885
2885
2883
2882
2880
2880
2880
2878
2877
2877
2876
2875
2875
2875
2874
2874
2872
2869
2869
2869
2868
2867
2865
2864
2864
2862
2861
2861
2861
2861
2859
2859
2859
2859
2859
2856
2856
2856
2855
2854
2854
2854
2853
2853
2849
2847
2845
2845
2844
2843
2839
2838
2837
2836
2835
2834
2830
2829
2827
2827
2825
2823
2821
2821
2818
2817
2815
2815
2811
2810
2808
2808
2807
2807
2806
2801
2800
2799
2797
2794
2794
2794
2793
2793
2792
2792
2792
2790
2789
2789
2788
2787
2785
2785
2785
2783
2783
2782
2782
2782
2782
2782
2781
2781
2778
2777
2776
2776
2774
2773
2773
2772
2771
2771
2770
2770
2769
2769
2767
2767
2765
2764
2762
2762
2759
2758
2757
2757
2756
2756
2755
2751
2751
2749
2748
2747
2745
2745
2744
2744
2742
2740
2739
2738
2738
2737
2737
2736
2735
2734
2733
2733
2732
2732
2731
2730
2728
2728
2727
2727
2727
2726
2725
2724
2723
2723
2722
2722
2720
2720
2720
2719
2719
2718
2716
2714
2713
2713
2713
2713
2712
2712
2712
2711
2709
2709
2708
2708
2707
2706
2702
2701
2701
2701
2701
2699
2698
2698
2697
2697
2696
2696
2689
2688
2687
2684
2684
2683
2680
2680
2679
2679
2678
2677
2677
2676
2674
2673
2673
2670
2669
2669
2667
2665
2664
2664
2663
2662
2661
2660
2660
2658
2657
2654
2654
2653
2653
2652
2651
2650
2649
2644
2643
2642
2641
2640
2640
2639
2637
2634
2634
2629
2626
2625
2625
2624
2624
2622
2621
2621
2620
2619
2619
2619
2619
2619
2618
2617
2617
2617
2615
2615
2614
2612
2612
2611
2610
2610
2610
2608
2608
2608
2607
2601
2598
2598
2597
2595
2589
2587
2587
2584
2584
2582
2582
2580
2579
2578
2578
2578
2578
2577
2577
2576
2575
2575
2575
2574
2565
2564
2560
2556
2553
2552
2549
2548
2548
2548
2548
2548
2543
2542
2542
2542
2541
2539
2538
2538
2538
2537
2535
2534
2532
2530
2528
2527
2526
2523
2522
2518
2518
2517
2516
2515
2513
2513
2512
2512
2510
2509
2508
2507
2506
2506
2506
2506
2505
2505
2504
2502
2502
2501
2501
2501
2499
2499
2498
2497
2497
2497
2497
2496
2496
2494
2494
2493
2493
2489
2487
2486
2485
2484
2482
2480
2480
2479
2478
2477
2476
2476
2475
2475
2473
2472
2470
2468
2468
2468
2467
2464
2464
2462
2462
2461
2460
2460
2458
2458
2457
2456
2453
2452
2451
2450
2449
2448
2447
2447
2447
2445
2445
2444
2444
2443
2442
2440
2440
2439
2438
2437
2437
2436
2434
2432
2431
2428
2427
2424
2424
2424
2423
2421
2421
2420
2420
2417
2416
2416
2416
2415
2414
2413
2411
2411
2409
2409
2405
2399
2399
2398
2395
2389
2384
2383
2383
2383
2382
2382
2381
2379
2379
2378
2378
2378
2373
2372
2372
2371
2370
2370
2369
2367
2367
2365
2365
2365
2365
2364
2360
2358
2357
2356
2356
2354
2353
2351
2350
2350
2350
2349
2348
2345
2343
2343
2342
2340
2336
2333
2331
2330
2330
2328
2324
2324
2322
2321
2319
2319
2319
2318
2317
2315
2314
2314
2314
2313
2312
2311
2309
2307
2305
2305
2303
2302
2299
2298
2296
2295
2291
2291
2288
2287
2287
2287
2286
2285
2284
2283
2282
2281
2280
2279
2279
2278
2277
2277
2276
2274
2274
2274
2273
2272
2270
2269
2268
2266
2265
2264
2264
2262
2262
2261
2259
2258
2257
2253
2251
2249
2248
2248
2248
2247
2244
2242
2242
2241
2239
2239
2239
2238
2238
2237
2237
2235
2234
2233
2233
2232
2231
2231
2231
2230
2228
2227
2226
2225
2225
2225
2222
2222
2222
2221
2219
2218
2217
2216
2215
2214
2213
2209
2209
2208
2208
2207
2206
2205
2204
2204
2204
2203
2203
2201
2200
2200
2199
2198
2198
2196
2194
2194
2191
2191
2190
2189
2188
2187
2187
2186
2186
2185
2184
2184
2184
2180
2179
2179
2178
2178
2177
2177
2177
2174
2172
2170
2169
2167
2167
2166
2164
2164
2164
2163
2162
2162
2160
2159
2155
2153
2153
2152
2151
2149
2148
2147
2146
2145
2145
2145
2143
2143
2142
2140
2139
2137
2137
2136
2135
2135
2134
2131
2130
2126
2125
2125
2123
2123
2120
2118
2117
2116
2115
2114
2112
2112
2112
2111
2111
2111
2111
2110
2109
2106
2105
2105
2101
2101
2098
2097
2094
2094
2093
2093
2091
2090
2090
2088
2087
2084
2084
2081
2081
2081
2080
2080
2080
2076
2076
2076
2075
2075
2074
2073
2073
2069
2068
2068
2066
2066
2065
2063
2062
2061
2059
2059
2058
2058
2056
2056
2055
2054
2053
2052
2051
2051
2046
2045
2045
2044
2043
2043
2039
2035
2034
2031
2031
2030
2030
2028
2027
2026
2025
2025
2024
2023
2023
2022
2021
2019
2018
2017
2016
2016
2015
2015
2013
2012
2011
2009
2009
2008
2007
2005
2004
2004
2002
2001
2001
2001
2001
1999
1997
1996
1996
1994
1994
1993
1991
1991
1990
1990
1990
1986
1985
1985
1983
1979
1977
1976
1976
1974
1974
1972
1967
1965
1963
1963
1962
1961
1960
1959
1958
1956
1956
1955
1954
1953
1953
1953
1952
1950
1950
1949
1949
1948
1947
1945
1945
1945
1944
1944
1942
1941
1941
1941
1941
1940
1939
1938
1938
1937
1934
1931
1928
1926
1925
1923
1923
1922
1922
1921
1921
1920
1919
1917
1917
1916
1915
1914
1912
1911
1909
1908
1907
1906
1904
1904
1903
1903
1902
1901
1900
1900
1899
1897
1896
1895
1895
1895
1895
1894
1893
1891
1891
1890
1890
1889
1889
1888
1887
1887
1886
1885
1883
1883
1881
1881
1879
1877
1873
1873
1872
1870
1868
1866
1865
1864
1864
1864
1863
1862
1862
1860
1860
1856
1855
1855
1852
1849
1847
1846
1846
1845
1845
1845
1842
1842
1841
1841
1841
1839
1838
1837
1836
1835
1833
1832
1831
1827
1827
1826
1825
1825
1824
1824
1824
1823
1820
1820
1819
1818
1816
1814
1814
1809
1806
1805
1805
1804
1804
1804
1801
1801
1800
1799
1796
1796
1795
1794
1791
1788
1787
1787
1787
1787
1785
1785
1785
1784
1784
1784
1784
1782
1781
1780
1779
1779
1778
1776
1776
1775
1775
1771
1770
1770
1770
1769
1762
1760
1759
1759
1759
1758
1752
1752
1750
1748
1747
1746
1744
1741
1740
1738
1737
1737
1736
1735
1735
1734
1734
1732
1731
1729
1726
1725
1723
1721
1721
1719
1719
1718
1716
1715
1715
1715
1714
1714
1713
1712
1711
1711
1711
1710
1710
1709
1708
1708
1708
1707
1703
1702
1702
1700
1700
1700
1700
1698
1697
1696
1693
1693
1692
1691
1690
1689
1688
1688
1686
1686
1683
1682
1678
1676
1676
1675
1674
1670
1670
1670
1669
1669
1666
1666
1666
1665
1665
1665
1664
1664
1663
1661
1660
1660
1659
1657
1656
1656
1654
1650
1650
1648
1647
1646
1646
1644
1642
1642
1641
1638
1633
1632
1632
1632
1632
1632
1630
1626
1626
1626
1625
1623
1623
1620
1620
1620
1619
1618
1618
1617
1617
1616
1616
1615
1613
1611
1610
1609
1608
1607
1602
1602
1601
1599
1599
1598
1598
1596
1594
1592
1590
1590
1589
1588
1584
1584
1583
1582
1581
1579
1579
1575
1573
1573
1570
1568
1567
1566
1564
1563
1562
1561
1560
1559
1558
1556
1556
1553
1553
1552
1552
1551
1550
1549
1548
1547
1547
1546
1546
1545
1545
1543
1543
1540
1539
1538
1537
1533
1533
1532
1532
1532
1531
1530
1530
1528
1528
1526
1526
1524
1524
1523
1523
1523
1522
1521
1520
1519
1518
1518
1518
1518
1517
1516
1516
1516
1516
1515
1514
1514
1513
1511
1508
1508
1507
1506
1506
1505
1504
1503
1503
1500
1500
1498
1498
1497
1492
1491
1489
1487
1486
1485
1484
1482
1482
1478
1474
1474
1472
1472
1470
1470
1470
1470
1469
1468
1467
1466
1460
1460
1460
1459
1458
1453
1452
1450
1450
1448
1448
1447
1446
1445
1444
1443
1442
1441
1438
1437
1437
1436
1436
1436
1433
1432
1432
1429
1429
1428
1427
1426
1424
1423
1423
1420
1420
1419
1419
1418
1418
1417
1414
1414
1413
1412
1412
1411
1409
1408
1408
1406
1406
1406
1405
1404
1404
1398
1398
1398
1397
1396
1395
1395
1395
1394
1394
1394
1392
1390
1388
1386
1386
1382
1381
1378
1377
1376
1376
1373
1373
1372
1372
1371
1371
1370
1368
1367
1367
1366
1364
1363
1363
1362
1361
1359
1359
1359
1357
1355
1355
1353
1346
1346
1345
1344
1342
1342
1342
1341
1341
1341
1340
1340
1339
1339
1339
1338
1336
1333
1333
1332
1332
1331
1330
1330
1329
1328
1328
1326
1326
1324
1324
1323
1323
1322
1321
1321
1318
1317
1316
1316
1316
1314
1312
1312
1311
1310
1309
1306
1306
1305
1305
1304
1302
1302
1300
1299
1298
1297
1296
1296
1295
1295
1295
1294
1294
1293
1292
1292
1292
1291
1289
1289
1288
1287
1287
1284
1284
1282
1282
1282
1281
1280
1280
1277
1273
1273
1273
1271
1269
1269
1269
1268
1268
1267
1265
1265
1264
1262
1261
1260
1259
1257
1257
1257
1256
1256
1254
1253
1251
1251
1250
1249
1249
1249
1246
1246
1243
1240
1240
1239
1239
1238
1238
1238
1238
1236
1236
1236
1234
1232
1229
1229
1227
1226
1226
1225
1223
1223
1222
1220
1219
1218
1218
1217
1215
1212
1211
1210
1210
1210
1208
1208
1206
1206
1204
1203
1203
1201
1201
1197
1196
1194
1192
1192
1192
1190
1187
1184
1184
1183
1181
1180
1180
1180
1179
1179
1177
1174
1172
1171
1170
1170
1170
1168
1168
1168
1166
1166
1165
1164
1162
1162
1161
1159
1158
1158
1157
1157
1154
1154
1153
1153
1152
1152
1150
1150
1150
1149
1149
1148
1147
1147
1146
1145
1145
1144
1143
1143
1140
1140
1139
1138
1138
1137
1136
1136
1134
1133
1133
1132
1130
1129
1128
1128
1127
1126
1126
1123
1123
1123
1122
1119
1112
1112
1112
1110
1109
1109
1109
1108
1104
1104
1102
1101
1101
1101
1099
1099
1097
1096
1095
1094
1094
1092
1088
1087
1087
1086
1085
1081
1081
1080
1079
1078
1078
1076
1072
1072
1072
1070
1066
1065
1064
1064
1060
1058
1058
1056
1056
1056
1055
1054
1053
1053
1050
1050
1048
1047
1043
1043
1042
1040
1039
1038
1038
1038
1037
1036
1034
1033
1032
1031
1031
1031
1030
1030
1028
1024
1024
1023
1023
1022
1021
1019
1019
1018
1017
1015
1014
1014
1013
1013
1012
1012
1011
1006
1006
1006
1004
1002
1001
1000
999
998
998
995
993
993
993
993
992
991
991
991
990
986
985
984
984
983
981
981
980
980
976
975
974
973
972
972
971
968
967
967
967
966
966
963
963
963
961
960
959
957
956
956
955
955
954
954
953
951
946
946
945
944
943
943
942
939
938
938
936
935
935
934
933
931
931
930
929
929
928
927
926
926
924
924
924
923
923
923
923
922
921
920
920
919
919
919
915
911
911
911
906
905
905
905
905
904
900
900
900
898
897
896
896
895
894
893
892
892
891
890
889
889
888
887
887
883
883
882
880
878
877
877
875
875
873
873
872
872
871
869
867
863
863
862
860
860
860
859
858
857
856
856
855
854
851
846
844
844
841
841
841
840
840
840
839
838
838
838
837
836
835
835
834
834
833
831
830
828
827
826
824
823
821
820
819
816
813
813
813
810
808
808
806
806
805
805
803
802
802
800
798
797
796
794
792
791
789
789
789
788
787
786
786
784
783
776
776
776
776
775
774
774
774
773
773
773
772
772
770
769
769
766
762
761
761
760
759
758
757
756
755
752
752
751
750
750
750
749
749
748
747
745
745
744
741
740
740
740
739
739
739
739
739
738
736
734
734
732
732
732
729
727
726
725
724
723
723
722
720
719
715
713
712
711
710
708
706
705
705
702
699
699
698
698
696
693
693
693
691
690
690
690
689
688
687
686
686
686
684
683
683
682
681
680
679
679
677
673
673
672
672
672
671
670
670
668
667
666
666
666
665
664
663
662
660
658
658
654
653
652
651
650
650
649
649
649
646
645
644
643
641
637
637
636
635
633
633
631
630
629
629
625
622
618
618
618
617
617
616
616
616
616
615
614
613
613
612
611
610
610
608
606
606
606
605
605
605
603
603
603
602
599
598
597
597
595
595
594
590
590
589
586
586
581
581
580
578
576
575
574
573
573
573
572
571
570
570
569
567
567
566
564
562
560
558
557
556
554
553
552
552
550
550
550
549
549
548
548
548
547
547
546
546
546
546
545
545
545
544
543
542
541
540
537
536
536
535
532
532
531
527
526
523
522
522
521
521
520
520
518
517
516
515
515
515
514
513
513
512
512
512
511
510
510
509
509
509
508
507
507
507
504
504
503
501
500
498
498
498
498
497
496
496
495
495
494
494
494
494
492
492
492
490
488
486
485
484
484
483
482
481
481
476
475
475
475
475
474
474
473
472
471
471
470
469
468
467
466
464
464
464
464
463
462
460
460
459
459
458
457
457
455
455
453
453
452
451
450
449
448
446
446
446
445
444
444
443
440
440
438
437
436
435
433
433
432
432
429
429
428
428
427
427
426
426
423
422
422
421
421
420
418
417
417
417
415
414
412
412
412
410
409
405
404
401
401
400
399
399
397
396
396
395
391
390
389
389
388
387
387
386
385
384
382
382
381
379
379
379
379
378
375
375
374
373
372
371
371
370
370
369
368
366
365
365
365
364
364
363
362
360
360
359
359
359
358
357
357
355
353
351
350
350
350
350
348
347
347
345
345
345
344
342
339
339
338
337
337
336
335
334
333
333
333
331
331
330
328
328
327
324
324
323
321
321
320
320
315
314
314
314
313
312
310
309
309
308
307
306
305
305
303
301
301
301
300
298
298
298
297
295
294
294
293
290
290
287
285
285
284
283
283
280
279
279
277
276
276
275
274
273
273
273
272
269
269
268
267
266
266
266
266
265
265
264
262
261
260
260
259
259
259
258
256
255
254
251
249
246
244
243
243
242
241
240
240
237
236
233
231
229
228
227
227
226
225
225
224
224
224
224
222
219
219
218
218
217
215
214
214
214
213
212
212
212
211
210
210
207
206
206
206
204
203
202
200
200
199
198
198
196
195
191
191
190
188
188
185
185
185
185
184
183
182
182
182
180
179
179
179
177
177
175
172
171
171
170
170
170
169
167
167
166
166
165
165
165
161
160
158
156
151
151
150
148
147
147
146
145
144
143
143
142
139
139
138
136
135
135
135
135
135
132
130
129
127
124
124
124
122
120
119
118
117
116
116
116
113
112
112
111
111
110
108
108
106
106
106
106
105
104
104
101
99
99
99
99
98
96
94
93
93
93
92
91
90
89
89
87
86
86
84
82
80
79
78
76
76
75
75
74
72
70
70
70
67
67
66
66
64
63
63
63
62
61
60
60
59
59
58
58
58
57
56
55
54
54
50
50
48
48
46
45
43
43
43
42
40
38
37
37
37
36
34
34
34
31
30
29
28
25
23
23
21
20
20
20
18
15
15
15
13
12
11
11
10
9
9
8
7
1
