9999
9998
9997
9996
9995
9994
9992
9992
9992
9991
9991
9991
9990
9989
9987
9987
9986
9986
9985
9983
9982
9980
9980
9980
9979
9979
9978
9978
9977
9977
9974
9974
9973
9972
9971
9970
9968
9966
9966
9965
9965
9962
9961
9961
9958
9958
9958
9957
9953
9951
9951
9951
9951
9950
9948
9948
9947
9943
9943
9942
9942
9941
9941
9939
9939
9937
9936
9936
9935
9935
9933
9933
9931
9931
9931
9929
9926
9926
9926
9926
9925
9925
9922
9922
9921
9921
9919
9918
9917
9916
9916
9914
9913
9912
9911
9910
9910
9909
9905
9905
9904
9904
9902
9900
9900
9899
9897
9896
9896
9895
9894
9890
9890
9890
9889
9889
9887
9886
9885
9885
9883
9880
9880
9880
9879
9879
9879
9878
9878
9876
9874
9872
9872
9870
9868
9865
9865
9865
9863
9861
9860
9859
9859
9858
9858
9858
9857
9856
9855
9855
9854
9853
9853
9852
9852
9851
9851
9850
9850
9848
9847
9846
9844
9843
9841
9840
9838
9837
9837
9836
9828
9827
9826
9826
9825
9825
9824
9823
9818
9815
9811
9811
9809
9808
9807
9806
9806
9805
9804
9804
9804
9803
9801
9800
9799
9799
9799
9799
9798
9798
9798
9797
9797
9797
9795
9794
9793
9793
9793
9793
9793
9792
9789
9789
9789
9787
9785
9785
9785
9784
9783
9781
9778
9778
9776
9776
9775
9774
9773
9769
9768
9767
9763
9763
9761
9760
9760
9759
9758
9757
9757
9757
9756
9755
9755
9755
9755
9755
9754
9753
9753
9753
9752
9752
9748
9747
9747
9746
9746
9746
9745
9743
9742
9740
9738
9738
9738
9738
9738
9738
9737
9736
9736
9734
9733
9733
9731
9730
9730
9729
9728
9728
9727
9726
9721
9720
9718
9718
9716
9716
9716
9715
9714
9714
9714
9714
9713
9713
9712
9712
9712
9711
9709
9708
9705
9703
9702
9701
9700
9700
9700
9698
9694
9694
9694
9693
9690
9689
9689
9689
9687
9687
9687
9687
9686
9685
9685
9683
9682
9682
9681
9681
9681
9678
9674
9673
9670
9669
9669
9669
9664
9663
9662
9661
9660
9659
9657
9654
9653
9653
9653
9650
9647
9646
9646
9645
9642
9642
9641
9640
9640
9640
9639
9638
9638
9635
9634
9634
9633
9632
9632
9630
9630
9630
9630
9629
9629
9627
9627
9626
9626
9624
9623
9623
9623
9622
9622
9619
9619
9618
9617
9616
9614
9613
9612
9610
9608
9607
9607
9604
9602
9601
9601
9601
9599
9597
9597
9597
9596
9595
9594
9593
9593
9592
9591
9587
9585
9583
9582
9581
9581
9581
9579
9577
9576
9575
9574
9574
9573
9573
9573
9572
9572
9571
9569
9567
9567
9566
9565
9564
9563
9561
9559
9559
9559
9559
9559
9559
9558
9556
9554
9554
9552
9550
9550
9549
9549
9548
9548
9546
9546
9545
9543
9542
9541
9540
9540
9539
9538
9537
9537
9537
9535
9534
9534
9534
9533
9533
9533
9531
9530
9530
9530
9527
9527
9524
9522
9522
9521
9521
9518
9518
9518
9515
9515
9515
9514
9514
9513
9513
9512
9510
9509
9509
9508
9507
9505
9504
9504
9502
9501
9501
9501
9500
9500
9500
9500
9499
9497
9496
9496
9495
9495
9494
9494
9489
9487
9486
9485
9484
9484
9483
9483
9482
9482
9480
9480
9479
9477
9476
9476
9474
9472
9472
9472
9470
9467
9466
9465
9463
9462
9460
9459
9458
9457
9457
9456
9456
9453
9453
9452
9452
9452
9451
9449
9448
9448
9446
9446
9446
9446
9444
9444
9443
9442
9438
9437
9437
9435
9435
9432
9429
9429
9427
9427
9426
9424
9424
9423
9423
9423
9422
9422
9422
9422
9422
9420
9418
9417
9414
9412
9410
9407
9407
9406
9405
9405
9404
9404
9400
9398
9396
9396
9394
9394
9391
9390
9388
9388
9387
9387
9387
9385
9385
9384
9384
9383
9379
9379
9377
9374
9374
9372
9371
9371
9369
9369
9369
9368
9364
9363
9362
9361
9360
9359
9358
9358
9358
9355
9354
9353
9353
9352
9352
9352
9352
9350
9349
9349
9349
9348
9348
9347
9346
9346
9345
9344
9343
9340
9339
9337
9337
9336
9335
9334
9333
9333
9333
9332
9330
9329
9329
9328
9327
9326
9323
9320
9320
9318
9317
9317
9317
9315
9315
9315
9313
9311
9311
9310
9310
9309
9308
9308
9306
9306
9306
9304
9303
9302
9301
9300
9300
9299
9296
9295
9294
9292
9291
9290
9290
9290
9290
9288
9286
9286
9286
9284
9282
9281
9280
9280
9280
9278
9276
9276
9275
9275
9274
9273
9272
9271
9270
9269
9269
9267
9267
9266
9265
9264
9263
9263
9262
9262
9262
9261
9260
9259
9259
9258
9256
9256
9256
9256
9255
9254
9254
9252
9251
9250
9250
9250
9247
9247
9244
9243
9242
9242
9241
9238
9237
9235
9234
9234
9234
9232
9232
9230
9225
9225
9222
9220
9220
9218
9216
9216
9216
9215
9214
9213
9213
9212
9212
9209
9208
9208
9207
9206
9205
9204
9204
9203
9202
9201
9200
9199
9199
9199
9199
9199
9195
9194
9193
9191
9190
9189
9189
9189
9189
9188
9187
9187
9186
9182
9181
9176
9175
9174
9172
9172
9171
9170
9169
9168
9168
9165
9164
9162
9161
9160
9160
9155
9155
9154
9154
9152
9151
9151
9150
9147
9146
9146
9145
9145
9144
9143
9142
9141
9140
9138
9137
9136
9135
9134
9133
9133
9132
9131
9130
9129
9128
9128
9128
9127
9127
9126
9125
9124
9123
9122
9122
9122
9122
9118
9118
9117
9114
9114
9112
9111
9110
9109
9105
9104
9102
9102
9102
9102
9101
9101
9099
9098
9098
9097
9095
9095
9094
9094
9093
9093
9092
9090
9089
9089
9088
9086
9084
9082
9081
9080
9080
9078
9075
9074
9072
9069
9068
9067
9067
9066
9065
9062
9060
9060
9060
9058
9058
9056
9056
9055
9055
9055
9054
9053
9053
9052
9048
9044
9044
9044
9039
9037
9037
9037
9036
9032
9031
9031
9031
9027
9027
9027
9027
9027
9026
9018
9018
9016
9014
9013
9009
9008
9008
9007
9007
9007
9004
9003
9003
9001
9001
9001
9000
9000
8999
8999
8996
8996
8995
8995
8995
8994
8994
8993
8993
8992
8990
8990
8989
8988
8986
8986
8986
8986
8985
8985
8983
8981
8981
8980
8980
8978
8977
8975
8971
8970
8967
8966
8966
8966
8965
8963
8963
8962
8962
8960
8960
8959
8958
8958
8956
8955
8955
8955
8954
8954
8953
8953
8953
8952
8950
8950
8949
8949
8949
8949
8948
8948
8947
8943
8943
8940
8940
8939
8939
8935
8928
8927
8927
8926
8926
8924
8924
8924
8923
8923
8923
8923
8922
8921
8919
8916
8915
8913
8912
8911
8909
8907
8906
8905
8903
8902
8902
8902
8901
8901
8901
8901
8900
8899
8898
8893
8893
8891
8891
8891
8891
8891
8891
8890
8888
8888
8886
8885
8884
8884
8877
8877
8875
8875
8874
8874
8873
8870
8869
8868
8868
8866
8866
8866
8866
8865
8865
8863
8863
8861
8860
8860
8859
8858
8858
8856
8855
8853
8852
8849
8848
8846
8843
8842
8841
8841
8840
8840
8839
8839
8838
8838
8837
8835
8834
8833
8833
8831
8829
8829
8828
8828
8828
8828
8827
8827
8826
8826
8826
8826
8825
8821
8820
8818
8818
8814
8814
8814
8811
8810
8810
8810
8809
8809
8808
8806
8805
8804
8803
8801
8801
8801
8800
8800
8799
8798
8798
8795
8795
8794
8792
8789
8787
8785
8784
8782
8781
8780
8779
8779
8778
8777
8777
8776
8774
8769
8769
8768
8768
8768
8767
8766
8766
8765
8765
8764
8764
8763
8763
8762
8757
8756
8755
8755
8754
8750
8750
8746
8746
8745
8743
8742
8742
8741
8740
8739
8739
8738
8738
8738
8735
8735
8735
8735
8732
8732
8731
8730
8730
8729
8728
8728
8727
8727
8726
8726
8725
8725
8722
8721
8721
8721
8720
8719
8719
8718
8718
8717
8716
8716
8715
8715
8714
8710
8708
8700
8700
8699
8699
8695
8688
8688
8688
8688
8687
8687
8685
8684
8683
8683
8681
8680
8680
8680
8680
8679
8677
8676
8676
8675
8674
8673
8673
8673
8673
8672
8672
8671
8670
8669
8668
8667
8667
8667
8666
8665
8665
8665
8664
8660
8660
8660
8658
8658
8657
8657
8656
8654
8653
8653
8652
8651
8649
8648
8646
8645
8645
8645
8644
8643
8643
8641
8638
8637
8636
8634
8634
8634
8634
8633
8631
8629
8628
8627
8621
8621
8620
8620
8620
8618
8618
8617
8616
8616
8615
8615
8614
8614
8613
8612
8611
8610
8609
8609
8609
8609
8608
8605
8603
8602
8600
8599
8598
8596
8595
8594
8592
8592
8591
8591
8589
8589
8588
8584
8583
8583
8582
8582
8577
8576
8573
8569
8567
8567
8566
8566
8566
8565
8565
8565
8563
8563
8563
8560
8559
8558
8558
8557
8556
8556
8556
8554
8553
8550
8550
8550
8549
8547
8547
8545
8545
8544
8544
8543
8540
8540
8540
8539
8537
8535
8535
8533
8532
8530
8530
8530
8529
8529
8527
8524
8521
8520
8520
8517
8517
8516
8516
8516
8515
8513
8512
8507
8507
8507
8506
8505
8505
8504
8504
8503
8503
8503
8499
8498
8497
8496
8496
8494
8493
8492
8492
8491
8489
8487
8487
8486
8484
8484
8484
8484
8483
8482
8482
8481
8481
8481
8480
8480
8479
8477
8477
8477
8477
8476
8476
8475
8475
8474
8473
8472
8469
8469
8466
8464
8463
8461
8457
8456
8454
8454
8454
8452
8450
8449
8448
8448
8446
8446
8445
8443
8443
8441
8440
8439
8437
8437
8437
8437
8436
8435
8434
8434
8434
8433
8433
8432
8427
8427
8427
8427
8425
8425
8423
8423
8422
8420
8419
8417
8417
8416
8415
8414
8414
8412
8411
8411
8411
8410
8410
8409
8408
8407
8406
8404
8404
8404
8401
8399
8399
8399
8398
8397
8396
8395
8393
8392
8390
8390
8390
8389
8388
8388
8388
8386
8386
8386
8386
8385
8384
8384
8384
8383
8378
8377
8375
8374
8373
8373
8371
8371
8367
8367
8366
8364
8364
8364
8363
8361
8360
8359
8357
8357
8354
8353
8352
8351
8350
8349
8348
8348
8346
8346
8346
8345
8345
8341
8339
8339
8338
8338
8338
8337
8336
8332
8331
8331
8331
8328
8328
8326
8326
8325
8324
8323
8323
8322
8320
8319
8318
8315
8315
8313
8313
8313
8313
8311
8307
8307
8306
8306
8305
8304
8304
8304
8301
8301
8299
8298
8297
8294
8293
8293
8291
8290
8288
8286
8283
8283
8283
8279
8279
8278
8277
8275
8274
8272
8272
8271
8269
8268
8267
8267
8266
8265
8265
8265
8265
8264
8262
8262
8261
8261
8260
8258
8258
8258
8256
8255
8255
8254
8254
8251
8251
8250
8250
8249
8249
8248
8248
8246
8242
8242
8241
8239
8237
8233
8229
8229
8229
8228
8228
8226
8226
8225
8224
8224
8222
8219
8219
8218
8218
8217
8213
8213
8213
8212
8212
8212
8210
8209
8207
8206
8206
8205
8205
8204
8203
8203
8202
8201
8200
8198
8195
8195
8192
8192
8190
8190
8189
8187
8186
8185
8183
8180
8177
8176
8176
8173
8172
8168
8167
8167
8166
8166
8165
8165
8164
8164
8164
8163
8162
8156
8155
8155
8155
8152
8152
8145
8145
8145
8145
8143
8142
8141
8141
8138
8137
8137
8136
8136
8134
8134
8133
8132
8129
8128
8128
8128
8126
8124
8124
8123
8118
8118
8117
8117
8116
8115
8114
8113
8113
8112
8111
8111
8108
8108
8106
8103
8102
8102
8101
8100
8099
8099
8098
8098
8097
8097
8095
8094
8093
8088
8088
8088
8086
8085
8084
8084
8083
8082
8081
8081
8079
8078
8078
8075
8074
8073
8073
8072
8071
8071
8070
8070
8070
8067
8066
8066
8065
8062
8061
8060
8059
8059
8058
8057
8057
8057
8055
8054
8053
8052
8052
8052
8051
8051
8050
8050
8048
8047
8046
8045
8042
8042
8041
8039
8039
8038
8037
8037
8037
8036
8035
8034
8034
8033
8033
8032
8032
8032
8031
8029
8026
8025
8021
8021
8020
8016
8015
8013
8010
8009
8007
8007
8007
8006
8006
8006
8005
8005
8005
8004
8003
8002
8000
7998
7997
7996
7996
7995
7993
7993
7993
7993
7993
7992
7991
7990
7990
7989
7988
7986
7986
7983
7982
7981
7981
7981
7980
7979
7978
7978
7977
7973
7973
7970
7970
7967
7966
7965
7963
7961
7960
7958
7958
7957
7955
7955
7955
7954
7954
7954
7952
7952
7949
7949
7948
7947
7947
7945
7944
7944
7942
7941
7938
7938
7935
7935
7935
7933
7932
7931
7930
7930
7928
7926
7926
7926
7926
7925
7925
7922
7922
7922
7922
7919
7919
7919
7917
7917
7917
7916
7915
7914
7914
7913
7912
7911
7910
7910
7910
7909
7909
7908
7906
7905
7905
7904
7903
7903
7902
7901
7901
7901
7901
7900
7896
7896
7894
7894
7893
7893
7890
7889
7887
7886
7885
7885
7882
7880
7879
7878
7878
7877
7876
7874
7874
7873
7871
7871
7871
7871
7869
7869
7868
7867
7867
7867
7864
7864
7863
7863
7863
7861
7860
7859
7858
7858
7858
7858
7856
7856
7855
7853
7852
7851
7851
7850
7850
7848
7847
7845
7844
7844
7842
7841
7841
7838
7836
7835
7835
7833
7831
7830
7829
7827
7826
7826
7826
7821
7821
7820
7819
7819
7819
7819
7819
7818
7818
7817
7817
7817
7817
7816
7816
7813
7813
7813
7808
7806
7806
7805
7802
7802
7801
7800
7800
7797
7795
7794
7793
7793
7791
7791
7790
7790
7790
7788
7782
7778
7776
7774
7774
7772
7769
7766
7765
7765
7764
7761
7758
7755
7753
7753
7751
7750
7750
7750
7750
7749
7749
7748
7747
7745
7745
7744
7743
7743
7743
7738
7737
7737
7737
7737
7734
7734
7733
7733
7733
7731
7731
7730
7728
7727
7726
7726
7725
7724
7723
7721
7718
7718
7718
7717
7717
7716
7716
7716
7715
7715
7715
7714
7713
7713
7712
7712
7712
7708
7708
7708
7707
7706
7705
7704
7704
7703
7703
7703
7702
7701
7698
7697
7696
7695
7694
7692
7691
7690
7689
7689
7686
7685
7684
7682
7682
7680
7680
7679
7677
7677
7676
7675
7675
7674
7673
7672
7671
7669
7668
7667
7667
7666
7666
7665
7665
7665
7665
7664
7663
7661
7659
7657
7656
7655
7655
7654
7654
7654
7652
7652
7651
7650
7649
7649
7648
7647
7646
7646
7643
7643
7642
7642
7641
7640
7639
7639
7639
7639
7638
7636
7630
7630
7628
7627
7627
7626
7626
7625
7625
7624
7624
7624
7623
7623
7623
7619
7618
7618
7618
7617
7617
7617
7617
7617
7616
7614
7613
7612
7612
7611
7610
7609
7609
7609
7609
7607
7606
7605
7605
7604
7604
7603
7602
7601
7600
7599
7598
7597
7597
7597
7595
7594
7591
7588
7587
7587
7586
7586
7585
7583
7582
7582
7581
7581
7580
7580
7580
7579
7579
7578
7578
7577
7576
7575
7573
7572
7572
7572
7571
7571
7564
7563
7561
7557
7556
7556
7556
7555
7554
7554
7551
7551
7549
7548
7546
7545
7545
7544
7543
7541
7541
7538
7538
7534
7534
7532
7531
7531
7531
7531
7530
7530
7528
7528
7528
7526
7524
7524
7523
7523
7521
7521
7519
7518
7517
7516
7514
7513
7513
7512
7512
7511
7509
7508
7508
7508
7507
7505
7504
7503
7503
7503
7501
7498
7496
7496
7495
7491
7491
7490
7488
7487
7486
7483
7483
7483
7483
7482
7482
7481
7481
7478
7476
7475
7475
7474
7474
7474
7473
7473
7470
7467
7466
7465
7465
7464
7460
7459
7458
7457
7456
7456
7455
7453
7452
7450
7448
7448
7447
7447
7443
7443
7442
7442
7442
7442
7441
7440
7439
7436
7434
7434
7433
7431
7427
7427
7426
7426
7425
7423
7423
7422
7420
7420
7418
7417
7417
7415
7415
7414
7414
7413
7412
7410
7407
7407
7406
7405
7404
7404
7401
7400
7400
7399
7397
7396
7395
7394
7391
7390
7389
7389
7388
7387
7386
7386
7385
7384
7383
7382
7381
7381
7380
7378
7378
7378
7377
7376
7376
7375
7374
7370
7370
7369
7368
7364
7363
7363
7363
7361
7359
7359
7358
7358
7358
7357
7357
7357
7353
7353
7352
7351
7350
7350
7347
7346
7345
7341
7341
7341
7340
7339
7337
7333
7333
7333
7330
7329
7328
7327
7326
7325
7323
7322
7322
7322
7320
7317
7316
7316
7314
7310
7310
7309
7308
7306
7305
7305
7305
7304
7304
7302
7301
7299
7299
7299
7298
7297
7296
7295
7295
7295
7294
7293
7293
7292
7291
7291
7289
7285
7284
7284
7283
7282
7281
7280
7279
7279
7279
7277
7274
7274
7274
7273
7270
7269
7269
7266
7265
7263
7263
7259
7257
7256
7256
7255
7255
7254
7251
7251
7248
7246
7245
7245
7243
7242
7241
7240
7239
7238
7237
7236
7236
7235
7233
7233
7231
7231
7231
7228
7226
7226
7224
7221
7221
7220
7219
7218
7216
7214
7213
7211
7210
7209
7209
7209
7209
7207
7206
7205
7204
7203
7203
7203
7202
7201
7200
7200
7198
7198
7197
7196
7196
7194
7194
7192
7191
7191
7184
7184
7183
7183
7182
7182
7182
7182
7181
7180
7180
7179
7179
7177
7176
7176
7175
7173
7172
7171
7170
7168
7168
7165
7164
7164
7163
7162
7161
7161
7160
7158
7158
7158
7158
7156
7155
7155
7154
7153
7152
7151
7150
7148
7147
7147
7147
7146
7146
7146
7146
7145
7145
7144
7144
7143
7139
7137
7135
7131
7131
7131
7130
7130
7129
7127
7124
7123
7121
7121
7120
7120
7119
7119
7119
7118
7118
7116
7115
7115
7114
7114
7114
7114
7111
7111
7109
7108
7108
7106
7105
7104
7104
7103
7103
7102
7102
7101
7101
7100
7099
7098
7097
7097
7096
7095
7094
7094
7091
7090
7087
7086
7086
7085
7085
7084
7076
7076
7075
7075
7074
7072
7072
7072
7072
7070
7070
7068
7066
7066
7066
7065
7064
7063
7063
7063
7062
7061
7061
7059
7059
7058
7057
7056
7054
7054
7053
7053
7052
7051
7051
7051
7050
7050
7047
7046
7042
7042
7039
7037
7037
7037
7035
7033
7032
7032
7032
7031
7030
7030
7029
7026
7026
7024
7023
7023
7023
7022
7022
7020
7018
7018
7017
7017
7015
7015
7014
7014
7014
7014
7013
7012
7010
7010
7009
7009
7007
7005
7002
7002
7001
7000
6999
6998
6998
6998
6998
6997
6997
6996
6996
6996
6993
6992
6991
6989
6988
6985
6984
6983
6982
6980
6980
6979
6977
6976
6974
6974
6972
6971
6971
6971
6968
6968
6967
6967
6966
6966
6965
6964
6961
6961
6961
6960
6960
6958
6956
6956
6954
6954
6953
6952
6951
6950
6949
6949
6948
6946
6945
6945
6944
6943
6941
6941
6940
6940
6939
6938
6937
6937
6936
6936
6936
6935
6933
6932
6932
6932
6931
6931
6930
6927
6927
6927
6926
6925
6922
6922
6922
6920
6919
6916
6916
6914
6914
6914
6913
6912
6911
6910
6909
6907
6907
6904
6904
6904
6903
6903
6902
6901
6899
6897
6897
6896
6896
6895
6895
6895
6895
6893
6892
6890
6890
6889
6889
6888
6887
6887
6887
6887
6886
6885
6885
6883
6883
6883
6883
6882
6882
6878
6877
6876
6875
6871
6871
6869
6866
6865
6865
6865
6865
6864
6864
6864
6863
6861
6861
6860
6860
6859
6859
6858
6857
6857
6857
6856
6856
6854
6854
6854
6854
6852
6852
6850
6849
6847
6846
6845
6845
6842
6839
6839
6839
6838
6838
6837
6836
6836
6836
6835
6834
6831
6830
6830
6829
6829
6823
6823
6823
6822
6820
6818
6815
6815
6815
6815
6814
6812
6811
6811
6810
6809
6809
6807
6807
6807
6806
6805
6805
6804
6804
6803
6803
6803
6801
6800
6798
6797
6797
6797
6795
6794
6793
6791
6791
6789
6789
6785
6784
6784
6783
6778
6778
6777
6777
6776
6772
6771
6770
6766
6766
6765
6765
6765
6764
6764
6761
6761
6756
6756
6751
6750
6750
6750
6750
6749
6749
6748
6747
6747
6747
6746
6745
6745
6743
6743
6742
6741
6739
6738
6736
6735
6734
6734
6734
6728
6727
6725
6724
6724
6724
6723
6723
6723
6723
6722
6722
6722
6720
6720
6719
6719
6718
6717
6717
6714
6714
6714
6713
6713
6711
6710
6710
6710
6709
6708
6707
6706
6700
6700
6699
6699
6697
6696
6693
6692
6692
6691
6691
6690
6690
6688
6688
6687
6686
6685
6680
6679
6679
6677
6677
6675
6675
6674
6674
6671
6671
6670
6670
6666
6665
6665
6663
6663
6662
6661
6661
6661
6661
6661
6659
6657
6657
6656
6654
6654
6653
6653
6652
6651
6648
6648
6648
6645
6645
6644
6640
6639
6638
6638
6636
6636
6633
6632
6631
6631
6630
6630
6630
6625
6622
6622
6621
6621
6621
6620
6619
6618
6617
6617
6616
6614
6613
6612
6609
6609
6607
6607
6606
6605
6604
6603
6602
6601
6600
6599
6599
6598
6598
6597
6596
6596
6595
6593
6593
6591
6591
6590
6590
6589
6589
6586
6585
6584
6583
6583
6582
6581
6581
6580
6580
6578
6578
6576
6576
6575
6573
6573
6572
6570
6570
6568
6568
6567
6565
6564
6561
6561
6560
6559
6558
6558
6557
6557
6554
6554
6552
6552
6552
6551
6551
6550
6549
6549
6547
6545
6545
6544
6544
6543
6538
6537
6537
6536
6534
6534
6534
6534
6533
6533
6532
6530
6530
6530
6529
6527
6527
6525
6525
6524
6524
6523
6521
6521
6520
6520
6519
6518
6517
6516
6511
6510
6510
6507
6507
6505
6505
6504
6504
6504
6503
6503
6502
6501
6500
6498
6497
6496
6495
6495
6493
6493
6493
6492
6490
6490
6489
6489
6488
6488
6487
6486
6482
6480
6479
6479
6476
6475
6473
6473
6473
6470
6469
6468
6467
6467
6466
6465
6463
6463
6461
6460
6460
6460
6459
6459
6458
6456
6454
6453
6453
6450
6449
6449
6443
6443
6443
6442
6441
6441
6441
6440
6439
6438
6437
6436
6429
6429
6425
6423
6423
6421
6421
6421
6420
6419
6419
6418
6417
6417
6416
6416
6415
6415
6414
6412
6411
6409
6406
6405
6405
6401
6398
6398
6398
6397
6397
6396
6396
6395
6394
6394
6394
6394
6393
6391
6391
6390
6390
6389
6389
6385
6384
6382
6381
6381
6377
6376
6376
6372
6370
6368
6367
6367
6367
6362
6359
6356
6356
6356
6353
6352
6352
6351
6350
6349
6349
6349
6348
6348
6346
6346
6345
6344
6343
6343
6341
6341
6339
6339
6338
6338
6336
6336
6335
6334
6334
6334
6330
6328
6327
6324
6323
6322
6320
6320
6319
6317
6316
6316
6315
6314
6313
6311
6311
6310
6309
6308
6308
6307
6307
6305
6305
6304
6303
6303
6302
6302
6300
6300
6300
6298
6297
6295
6295
6291
6288
6287
6287
6287
6286
6286
6285
6283
6283
6282
6282
6282
6282
6281
6280
6280
6279
6279
6277
6277
6277
6276
6275
6271
6270
6269
6268
6265
6264
6264
6259
6258
6256
6256
6254
6252
6251
6251
6251
6249
6248
6248
6248
6246
6245
6245
6244
6244
6244
6244
6239
6238
6237
6237
6236
6232
6230
6230
6229
6228
6225
6225
6224
6223
6221
6221
6220
6220
6218
6217
6216
6216
6215
6214
6214
6212
6210
6208
6208
6208
6207
6206
6206
6205
6204
6204
6201
6201
6200
6200
6200
6199
6199
6198
6197
6197
6197
6196
6195
6193
6192
6191
6190
6190
6189
6187
6186
6184
6184
6182
6181
6181
6181
6180
6179
6179
6178
6178
6178
6175
6174
6173
6172
6172
6172
6170
6169
6167
6166
6165
6163
6163
6161
6160
6160
6159
6159
6159
6158
6157
6157
6157
6156
6155
6155
6155
6155
6155
6154
6154
6152
6150
6149
6149
6148
6147
6147
6147
6146
6145
6145
6143
6143
6141
6138
6135
6135
6134
6132
6130
6130
6130
6130
6129
6129
6128
6127
6126
6118
6118
6116
6115
6114
6111
6111
6109
6109
6099
6098
6097
6097
6096
6096
6095
6094
6090
6088
6088
6086
6085
6085
6084
6083
6083
6083
6083
6081
6080
6079
6079
6079
6078
6077
6076
6074
6073
6072
6072
6071
6071
6069
6068
6068
6067
6064
6064
6063
6062
6061
6060
6057
6055
6054
6052
6047
6047
6046
6045
6045
6044
6041
6039
6038
6038
6037
6035
6032
6030
6030
6029
6028
6026
6026
6025
6025
6023
6021
6020
6020
6018
6017
6014
6014
6012
6010
6008
6008
6008
6006
6005
6002
6002
6001
6001
5999
5998
5997
5997
5996
5996
5994
5993
5992
5992
5992
5992
5992
5991
5990
5990
5990
5989
5988
5987
5983
5983
5983
5982
5982
5981
5981
5981
5976
5975
5975
5972
5971
5971
5971
5971
5969
5969
5968
5966
5966
5963
5960
5960
5958
5956
5956
5956
5956
5955
5955
5952
5951
5951
5951
5950
5948
5948
5948
5947
5946
5945
5945
5944
5944
5943
5942
5940
5939
5937
5937
5937
5935
5935
5934
5932
5932
5931
5931
5931
5929
5927
5925
5924
5924
5924
5924
5923
5923
5923
5921
5921
5921
5921
5920
5919
5919
5918
5918
5915
5914
5912
5911
5911
5911
5910
5909
5908
5907
5907
5906
5906
5905
5904
5900
5900
5899
5898
5896
5896
5894
5893
5893
5892
5892
5889
5889
5887
5887
5885
5884
5884
5881
5881
5881
5881
5880
5878
5876
5873
5870
5869
5868
5866
5865
5864
5863
5863
5862
5862
5862
5861
5860
5859
5857
5855
5854
5853
5849
5849
5849
5849
5847
5846
5846
5844
5843
5842
5840
5838
5838
5838
5837
5836
5836
5835
5833
5832
5829
5828
5828
5828
5827
5825
5824
5823
5821
5821
5819
5818
5816
5815
5814
5812
5812
5808
5807
5807
5807
5806
5806
5805
5804
5803
5801
5801
5800
5800
5800
5800
5799
5798
5798
5797
5796
5795
5794
5794
5791
5790
5789
5789
5784
5782
5781
5781
5779
5779
5779
5778
5777
5776
5775
5775
5774
5773
5771
5771
5771
5770
5770
5769
5769
5769
5767
5767
5765
5764
5763
5763
5762
5761
5760
5760
5757
5757
5756
5750
5750
5749
5749
5747
5746
5745
5741
5741
5741
5737
5737
5736
5734
5734
5732
5732
5731
5730
5729
5729
5729
5728
5727
5726
5726
5724
5723
5722
5720
5720
5718
5716
5716
5716
5712
5710
5710
5710
5710
5708
5708
5707
5707
5706
5704
5703
5703
5702
5701
5700
5699
5697
5695
5691
5691
5690
5687
5687
5687
5686
5684
5684
5684
5684
5682
5681
5681
5679
5679
5679
5677
5677
5677
5676
5676
5675
5675
5671
5671
5670
5670
5669
5669
5668
5667
5665
5664
5663
5663
5663
5659
5656
5654
5654
5653
5650
5650
5649
5647
5646
5646
5646
5645
5640
5639
5638
5637
5636
5636
5635
5635
5634
5633
5631
5630
5630
5629
5628
5628
5627
5627
5627
5626
5626
5625
5625
5625
5625
5620
5619
5614
5614
5613
5611
5610
5608
5607
5607
5606
5606
5605
5604
5604
5601
5600
5600
5597
5594
5594
5594
5591
5591
5591
5589
5587
5587
5586
5584
5581
5580
5579
5579
5578
5577
5577
5577
5577
5576
5574
5573
5573
5572
5572
5571
5568
5567
5566
5564
5564
5563
5562
5562
5561
5557
5556
5554
5553
5552
5551
5551
5549
5544
5543
5542
5541
5541
5539
5538
5538
5537
5536
5536
5535
5534
5534
5529
5526
5526
5525
5525
5525
5522
5521
5520
5520
5518
5518
5518
5517
5517
5517
5517
5516
5516
5515
5511
5510
5510
5509
5507
5505
5503
5500
5499
5499
5499
5499
5498
5498
5498
5497
5495
5492
5492
5491
5491
5491
5490
5489
5489
5488
5484
5483
5482
5482
5482
5480
5480
5480
5479
5479
5477
5476
5476
5474
5473
5473
5472
5471
5470
5469
5469
5466
5465
5462
5462
5461
5460
5459
5458
5457
5455
5452
5450
5448
5447
5444
5444
5442
5442
5442
5442
5441
5441
5441
5440
5439
5437
5437
5437
5437
5435
5434
5434
5433
5433
5428
5425
5424
5423
5423
5422
5422
5420
5420
5418
5418
5418
5418
5417
5417
5417
5417
5416
5414
5413
5413
5412
5411
5411
5407
5406
5406
5405
5405
5404
5403
5401
5401
5400
5400
5399
5398
5398
5397
5397
5395
5395
5395
5395
5394
5394
5394
5392
5390
5388
5388
5384
5383
5383
5382
5382
5381
5379
5378
5377
5376
5376
5375
5373
5372
5372
5370
5370
5369
5368
5364
5363
5363
5362
5361
5359
5359
5354
5353
5353
5353
5352
5352
5350
5350
5348
5348
5344
5344
5342
5342
5341
5341
5341
5341
5336
5335
5332
5332
5332
5328
5328
5326
5326
5326
5326
5325
5325
5323
5321
5319
5319
5319
5317
5315
5315
5314
5313
5313
5312
5310
5309
5308
5308
5308
5308
5306
5306
5305
5305
5304
5303
5302
5299
5299
5298
5298
5297
5297
5297
5295
5293
5292
5291
5291
5287
5287
5286
5282
5281
5280
5279
5279
5279
5279
5277
5277
5276
5275
5274
5274
5272
5271
5271
5270
5268
5267
5266
5266
5263
5262
5262
5258
5258
5255
5255
5255
5254
5254
5251
5251
5250
5249
5248
5248
5247
5247
5246
5245
5245
5241
5239
5239
5238
5237
5236
5236
5235
5233
5233
5231
5227
5226
5226
5225
5224
5223
5222
5221
5221
5221
5220
5220
5219
5218
5217
5217
5216
5215
5214
5212
5212
5210
5209
5207
5206
5206
5206
5205
5202
5198
5198
5198
5196
5195
5195
5194
5192
5189
5187
5187
5186
5184
5183
5183
5179
5178
5177
5177
5176
5176
5175
5174
5174
5174
5174
5173
5171
5171
5169
5169
5167
5166
5166
5164
5163
5161
5161
5160
5159
5159
5157
5156
5156
5155
5155
5152
5151
5149
5149
5148
5146
5146
5145
5145
5144
5144
5143
5143
5141
5141
5139
5139
5136
5136
5135
5135
5135
5134
5134
5134
5133
5133
5133
5132
5130
5130
5127
5127
5125
5125
5125
5123
5123
5121
5121
5120
5120
5118
5118
5118
5118
5118
5116
5115
5112
5112
5108
5107
5107
5106
5106
5104
5103
5102
5102
5101
5101
5100
5099
5097
5097
5097
5097
5095
5094
5090
5088
5088
5083
5083
5081
5081
5080
5080
5080
5075
5075
5074
5073
5072
5071
5069
5067
5067
5066
5065
5064
5064
5063
5063
5063
5062
5061
5060
5059
5058
5058
5056
5052
5052
5051
5051
5050
5050
5049
5048
5048
5046
5045
5042
5041
5041
5041
5041
5037
5034
5034
5034
5033
5032
5032
5031
5031
5030
5030
5030
5030
5029
5028
5028
5028
5027
5025
5024
5023
5021
5021
5020
5018
5015
5015
5015
5015
5014
5013
5013
5012
5011
5011
5010
5010
5008
5007
5006
5004
5003
5003
5001
5000
4998
4997
4997
4994
4993
4993
4993
4993
4991
4990
4990
4987
4987
4985
4984
4983
4983
4982
4981
4981
4981
4977
4976
4976
4973
4971
4970
4969
4968
4967
4967
4967
4966
4966
4961
4960
4960
4959
4959
4959
4958
4958
4957
4956
4955
4955
4953
4953
4950
4949
4948
4948
4947
4947
4946
4943
4942
4939
4937
4937
4936
4931
4931
4930
4930
4929
4927
4926
4926
4925
4925
4922
4921
4919
4918
4918
4917
4917
4917
4915
4913
4910
4909
4908
4907
4906
4906
4905
4905
4903
4903
4900
4899
4898
4898
4897
4896
4896
4895
4895
4893
4892
4892
4892
4891
4891
4891
4890
4888
4888
4887
4887
4885
4883
4881
4880
4880
4879
4878
4877
4874
4873
4872
4871
4869
4869
4867
4867
4866
4866
4865
4865
4863
4858
4857
4855
4854
4853
4851
4850
4850
4850
4848
4848
4846
4844
4844
4844
4842
4841
4841
4841
4841
4838
4837
4837
4836
4834
4833
4833
4831
4831
4830
4829
4829
4829
4829
4828
4828
4827
4826
4826
4824
4824
4824
4823
4822
4821
4820
4820
4816
4815
4814
4814
4813
4813
4811
4811
4811
4809
4808
4808
4808
4808
4807
4805
4805
4801
4800
4798
4798
4796
4796
4796
4796
4794
4793
4793
4793
4792
4791
4791
4791
4791
4785
4784
4783
4782
4782
4782
4781
4779
4779
4778
4777
4776
4775
4775
4772
4772
4771
4770
4770
4769
4769
4766
4766
4764
4764
4760
4760
4760
4759
4759
4757
4754
4753
4751
4748
4747
4747
4746
4745
4745
4744
4743
4741
4740
4740
4738
4737
4736
4736
4735
4735
4734
4734
4733
4733
4733
4732
4731
4729
4729
4726
4726
4725
4724
4722
4722
4721
4721
4720
4719
4718
4718
4717
4717
4716
4714
4714
4714
4714
4713
4712
4711
4709
4709
4703
4700
4699
4697
4697
4696
4695
4694
4691
4691
4690
4689
4686
4685
4684
4684
4683
4683
4682
4682
4682
4681
4681
4679
4679
4678
4678
4677
4677
4676
4676
4675
4674
4673
4673
4672
4670
4670
4670
4669
4667
4667
4667
4665
4664
4664
4664
4663
4661
4661
4661
4660
4659
4659
4659
4658
4658
4657
4656
4656
4656
4655
4653
4652
4651
4651
4648
4648
4645
4643
4642
4642
4641
4637
4637
4637
4637
4636
4635
4635
4634
4634
4632
4632
4630
4628
4628
4627
4624
4623
4620
4620
4620
4617
4612
4611
4610
4608
4608
4606
4606
4605
4605
4604
4604
4602
4602
4602
4601
4600
4599
4599
4597
4596
4592
4592
4591
4590
4589
4589
4586
4586
4586
4584
4583
4583
4582
4581
4581
4580
4579
4579
4578
4578
4578
4578
4577
4576
4575
4573
4572
4571
4571
4569
4568
4566
4564
4564
4562
4560
4558
4557
4556
4556
4555
4554
4554
4554
4553
4550
4550
4548
4547
4547
4547
4542
4542
4542
4538
4538
4537
4537
4536
4535
4534
4533
4532
4530
4529
4528
4527
4527
4526
4526
4526
4526
4524
4524
4519
4519
4519
4519
4517
4517
4516
4514
4513
4509
4508
4508
4508
4508
4508
4506
4505
4505
4504
4503
4503
4501
4498
4498
4497
4495
4495
4494
4493
4493
4492
4491
4487
4484
4483
4483
4480
4479
4477
4477
4476
4476
4475
4475
4472
4470
4469
4469
4468
4465
4465
4464
4464
4463
4460
4459
4457
4456
4454
4452
4451
4450
4449
4448
4448
4447
4446
4445
4445
4445
4444
4444
4441
4441
4439
4439
4439
4439
4435
4433
4433
4432
4432
4430
4429
4429
4427
4426
4426
4425
4424
4423
4423
4423
4422
4420
4418
4415
4414
4414
4414
4414
4414
4413
4412
4412
4410
4410
4410
4409
4408
4408
4407
4405
4403
4402
4400
4399
4399
4398
4397
4394
4392
4391
4391
4391
4390
4389
4386
4385
4385
4384
4383
4381
4379
4378
4378
4377
4377
4376
4375
4374
4374
4373
4373
4372
4370
4369
4367
4367
4365
4364
4362
4362
4361
4359
4357
4357
4357
4355
4355
4355
4354
4352
4352
4350
4348
4348
4347
4346
4346
4343
4340
4338
4336
4336
4333
4333
4331
4330
4330
4329
4329
4329
4328
4326
4326
4325
4324
4320
4319
4317
4317
4315
4313
4312
4312
4311
4310
4310
4308
4307
4307
4306
4305
4304
4303
4302
4301
4300
4299
4298
4294
4294
4293
4293
4292
4292
4292
4290
4290
4289
4288
4286
4286
4285
4283
4282
4281
4280
4279
4278
4276
4276
4276
4275
4275
4271
4270
4269
4269
4269
4268
4268
4267
4267
4265
4265
4264
4263
4262
4262
4262
4262
4262
4261
4261
4260
4259
4259
4259
4257
4254
4254
4254
4251
4250
4250
4248
4247
4247
4245
4243
4243
4241
4240
4240
4239
4239
4239
4238
4237
4237
4237
4235
4234
4232
4231
4231
4230
4228
4227
4225
4224
4223
4223
4223
4222
4221
4220
4220
4218
4217
4217
4217
4216
4216
4216
4215
4214
4211
4210
4209
4209
4209
4206
4206
4204
4203
4203
4202
4201
4201
4201
4200
4198
4196
4195
4195
4193
4192
4190
4190
4186
4184
4184
4183
4183
4181
4179
4177
4177
4176
4175
4174
4173
4172
4172
4171
4171
4170
4168
4168
4166
4164
4164
4162
4161
4161
4161
4161
4160
4160
4159
4158
4157
4156
4155
4155
4155
4154
4150
4150
4150
4150
4149
4148
4147
4145
4145
4145
4144
4144
4143
4143
4141
4139
4138
4137
4134
4133
4133
4132
4131
4128
4128
4127
4127
4126
4126
4126
4125
4123
4123
4121
4120
4119
4118
4117
4117
4115
4113
4112
4111
4111
4109
4107
4106
4106
4105
4105
4104
4101
4100
4100
4096
4095
4093
4092
4092
4091
4088
4088
4087
4087
4086
4085
4084
4082
4081
4080
4080
4078
4077
4077
4074
4074
4073
4070
4069
4068
4067
4066
4061
4060
4059
4059
4057
4057
4057
4055
4055
4055
4055
4054
4053
4051
4050
4050
4049
4048
4045
4044
4044
4040
4040
4038
4037
4037
4033
4033
4032
4028
4027
4026
4021
4020
4020
4020
4018
4017
4017
4016
4015
4013
4011
4010
4007
4007
4007
4006
4005
4005
4004
4004
4001
4001
4000
3999
3996
3993
3992
3992
3990
3990
3990
3990
3990
3989
3988
3988
3988
3986
3986
3986
3986
3985
3985
3984
3983
3981
3980
3980
3979
3977
3977
3976
3975
3974
3970
3969
3968
3968
3967
3966
3966
3964
3964
3963
3963
3959
3959
3959
3958
3957
3957
3955
3955
3953
3953
3952
3951
3950
3950
3949
3949
3949
3948
3946
3945
3944
3943
3942
3942
3941
3940
3940
3937
3937
3937
3933
3932
3930
3929
3927
3924
3919
3916
3915
3915
3914
3914
3914
3913
3912
3912
3912
3911
3910
3909
3907
3906
3906
3904
3903
3903
3902
3902
3900
3897
3896
3895
3895
3893
3893
3893
3890
3888
3888
3887
3886
3886
3885
3884
3883
3880
3880
3880
3879
3876
3876
3876
3875
3875
3874
3873
3872
3871
3870
3869
3868
3868
3867
3866
3866
3866
3862
3857
3857
3856
3856
3856
3854
3853
3853
3850
3850
3849
3848
3847
3846
3846
3845
3845
3845
3845
3844
3844
3843
3843
3842
3840
3839
3839
3839
3839
3839
3839
3837
3837
3833
3833
3833
3833
3833
3832
3832
3831
3829
3829
3827
3826
3825
3825
3825
3824
3824
3823
3822
3822
3822
3822
3821
3820
3819
3819
3819
3818
3818
3817
3816
3815
3813
3811
3811
3810
3810
3809
3804
3804
3803
3803
3802
3802
3800
3800
3797
3796
3794
3792
3792
3791
3790
3790
3787
3785
3785
3782
3782
3779
3779
3777
3770
3770
3770
3769
3768
3767
3766
3766
3765
3763
3762
3761
3760
3760
3759
3759
3758
3757
3756
3755
3755
3754
3754
3753
3752
3750
3748
3745
3744
3744
3744
3744
3744
3743
3743
3743
3742
3742
3741
3741
3741
3740
3737
3735
3735
3730
3730
3729
3729
3726
3725
3721
3721
3721
3720
3719
3717
3717
3714
3713
3712
3712
3711
3711
3710
3709
3707
3706
3706
3704
3704
3701
3700
3699
3698
3697
3697
3697
3696
3696
3694
3693
3693
3692
3689
3688
3688
3684
3684
3684
3683
3680
3679
3679
3677
3677
3677
3675
3673
3672
3671
3670
3670
3667
3667
3666
3665
3661
3661
3660
3655
3654
3654
3653
3652
3652
3652
3648
3646
3646
3646
3646
3643
3641
3639
3638
3635
3634
3633
3631
3631
3630
3629
3629
3628
3628
3627
3626
3626
3625
3625
3624
3622
3622
3621
3621
3619
3619
3618
3618
3616
3615
3613
3613
3611
3607
3607
3606
3606
3604
3603
3602
3602
3601
3601
3600
3599
3598
3598
3598
3597
3595
3595
3594
3593
3591
3590
3589
3587
3586
3584
3584
3581
3578
3571
3570
3570
3568
3568
3567
3566
3565
3564
3561
3560
3559
3558
3557
3557
3556
3554
3552
3552
3549
3549
3549
3548
3548
3546
3545
3545
3543
3541
3540
3532
3531
3531
3531
3530
3530
3529
3529
3528
3527
3527
3526
3526
3525
3525
3525
3525
3524
3523
3522
3522
3520
3519
3519
3519
3516
3516
3513
3512
3512
3510
3510
3509
3509
3508
3507
3507
3506
3505
3504
3504
3502
3502
3502
3502
3501
3498
3497
3497
3496
3496
3495
3495
3493
3493
3493
3492
3492
3489
3489
3489
3489
3487
3486
3484
3483
3482
3481
3481
3479
3478
3477
3476
3470
3470
3470
3467
3466
3466
3465
3464
3463
3463
3462
3462
3460
3460
3459
3458
3456
3455
3455
3455
3453
3453
3453
3452
3452
3452
3451
3451
3450
3449
3448
3448
3448
3448
3447
3446
3446
3444
3444
3442
3442
3441
3440
3440
3439
3439
3439
3438
3434
3433
3433
3431
3430
3429
3429
3429
3428
3427
3427
3424
3424
3423
3423
3422
3421
3419
3418
3418
3418
3417
3416
3414
3412
3411
3410
3408
3408
3408
3407
3407
3406
3406
3405
3404
3403
3400
3400
3400
3400
3399
3398
3394
3393
3392
3392
3391
3390
3389
3388
3386
3385
3383
3383
3382
3382
3381
3377
3376
3373
3370
3369
3369
3365
3364
3363
3363
3361
3361
3361
3361
3360
3359
3357
3357
3356
3355
3354
3354
3354
3353
3352
3351
3350
3348
3347
3346
3344
3344
3342
3342
3341
3340
3340
3339
3339
3335
3333
3333
3329
3329
3328
3327
3327
3326
3326
3325
3325
3324
3324
3323
3323
3323
3322
3321
3321
3321
3320
3319
3318
3318
3317
3316
3315
3314
3314
3313
3313
3312
3311
3310
3309
3309
3308
3308
3305
3305
3304
3303
3302
3302
3301
3301
3300
3299
3299
3299
3299
3297
3297
3296
3296
3295
3295
3294
3293
3292
3291
3288
3287
3287
3286
3286
3285
3285
3284
3283
3283
3280
3278
3278
3276
3275
3274
3272
3270
3270
3268
3268
3267
3267
3266
3265
3264
3263
3263
3262
3262
3261
3258
3258
3258
3258
3257
3257
3255
3254
3253
3250
3249
3249
3249
3248
3248
3247
3247
3244
3243
3242
3242
3241
3241
3239
3238
3237
3234
3233
3232
3232
3230
3230
3229
3229
3229
3228
3228
3227
3225
3222
3221
3220
3216
3215
3215
3214
3214
3213
3213
3211
3211
3210
3207
3205
3205
3203
3202
3202
3202
3202
3201
3200
3199
3198
3198
3197
3197
3194
3194
3194
3191
3191
3191
3190
3188
3186
3184
3182
3182
3181
3180
3179
3178
3178
3177
3177
3176
3175
3174
3173
3173
3171
3168
3167
3166
3166
3166
3163
3163
3162
3162
3160
3160
3160
3160
3159
3158
3158
3157
3157
3157
3156
3155
3153
3152
3149
3145
3144
3143
3142
3139
3139
3137
3136
3136
3136
3135
3134
3134
3134
3134
3134
3134
3131
3130
3128
3128
3126
3125
3123
3123
3123
3121
3121
3117
3117
3117
3114
3114
3111
3111
3111
3111
3110
3109
3106
3105
3105
3103
3103
3101
3100
3099
3098
3098
3097
3096
3095
3095
3095
3094
3093
3093
3092
3092
3091
3091
3091
3090
3090
3090
3089
3089
3088
3088
3087
3084
3083
3083
3080
3080
3079
3078
3076
3075
3073
3073
3073
3072
3072
3071
3071
3071
3070
3069
3069
3068
3067
3066
3065
3065
3063
3062
3062
3061
3060
3060
3060
3059
3059
3058
3057
3057
3056
3054
3054
3054
3053
3052
3051
3048
3048
3048
3047
3046
3045
3044
3042
3042
3042
3041
3039
3039
3035
3035
3030
3029
3028
3028
3027
3027
3025
3023
3022
3021
3021
3019
3018
3017
3017
3016
3015
3013
3013
3012
3011
3009
3005
3004
3004
3004
3003
3002
3002
3001
3001
3000
2998
2995
2994
2993
2992
2992
2991
2989
2989
2986
2984
2982
2982
2982
2980
2979
2978
2978
2978
2977
2975
2974
2973
2973
2969
2969
2966
2965
2964
2963
2963
2960
2960
2958
2957
2957
2957
2956
2955
2951
2951
2951
2951
2951
2950
2949
2946
2946
2946
2946
2944
2943
2943
2942
2942
2941
2941
2940
2940
2935
2935
2934
2933
2932
2929
2929
2927
2927
2925
2925
2924
2923
2922
2922
2922
2921
2921
2920
2917
2917
2917
2917
2917
2917
2916
2915
2915
2914
2914
2913
2912
2911
2911
2910
2910
2910
2910
2909
2908
2907
2907
2907
2906
2906
2905
2905
2904
2903
2903
2900
2900
2900
2900
2900
2898
2896
2896
2894
2894
2893
2892
2892
2890
2890
2889
2887
2886
2886
2885
2884
2883
2883
2882
2880
2879
2879
2879
2878
2876
2875
2874
2873
2873
2873
2872
2871
2870
2870
2870
2870
2869
2867
2866
2866
2865
2863
2862
2861
2861
2860
2858
2856
2855
2854
2853
2853
2852
2851
2851
2848
2845
2838
2836
2835
2834
2833
2832
2832
2828
2828
2825
2823
2823
2823
2823
2821
2821
2819
2817
2814
2812
2808
2807
2807
2806
2805
2804
2804
2803
2802
2799
2799
2799
2799
2798
2798
2795
2795
2795
2794
2793
2792
2792
2790
2788
2788
2785
2783
2782
2782
2782
2780
2779
2779
2778
2777
2776
2776
2773
2773
2773
2772
2772
2772
2772
2771
2770
2770
2770
2769
2768
2768
2767
2766
2766
2765
2765
2765
2764
2764
2764
2764
2763
2763
2762
2760
2760
2759
2757
2757
2756
2756
2755
2754
2754
2753
2752
2752
2752
2748
2748
2748
2747
2744
2742
2738
2738
2736
2735
2734
2734
2733
2732
2730
2728
2726
2723
2722
2722
2719
2718
2718
2717
2716
2714
2713
2713
2712
2712
2708
2707
2707
2706
2706
2705
2704
2704
2704
2703
2703
2703
2701
2701
2700
2700
2698
2696
2693
2693
2691
2690
2689
2689
2689
2688
2686
2683
2682
2682
2680
2680
2680
2677
2677
2677
2676
2676
2676
2676
2675
2674
2674
2673
2672
2671
2670
2669
2668
2667
2667
2665
2658
2658
2657
2657
2656
2655
2655
2653
2652
2652
2652
2651
2650
2649
2647
2647
2646
2645
2645
2644
2644
2641
2641
2641
2640
2635
2634
2634
2633
2632
2631
2631
2629
2629
2628
2628
2627
2627
2625
2625
2623
2621
2620
2620
2619
2618
2618
2617
2616
2615
2615
2615
2613
2609
2609
2609
2608
2608
2608
2607
2607
2606
2606
2605
2604
2604
2604
2604
2603
2602
2600
2600
2600
2596
2596
2595
2594
2594
2594
2593
2593
2591
2588
2587
2586
2586
2585
2584
2583
2582
2582
2581
2580
2579
2579
2578
2576
2576
2575
2574
2572
2571
2569
2569
2566
2564
2563
2562
2561
2560
2560
2559
2558
2555
2554
2552
2552
2551
2550
2546
2546
2545
2545
2545
2545
2544
2542
2542
2541
2541
2540
2540
2539
2538
2537
2536
2536
2535
2533
2532
2532
2532
2530
2529
2528
2528
2526
2526
2523
2522
2521
2519
2518
2515
2514
2513
2513
2512
2512
2511
2511
2508
2508
2506
2506
2506
2506
2505
2505
2504
2503
2502
2500
2500
2497
2494
2494
2493
2492
2490
2490
2490
2490
2487
2486
2486
2485
2485
2485
2483
2483
2481
2481
2480
2480
2479
2476
2474
2474
2473
2471
2470
2470
2469
2468
2468
2467
2466
2463
2463
2463
2462
2462
2461
2459
2457
2457
2457
2457
2456
2455
2454
2454
2451
2451
2451
2451
2451
2450
2450
2450
2449
2449
2448
2446
2445
2444
2444
2443
2442
2442
2442
2441
2441
2440
2438
2435
2435
2432
2430
2430
2429
2428
2425
2421
2418
2417
2416
2415
2415
2415
2415
2414
2413
2411
2409
2409
2408
2407
2407
2403
2402
2402
2402
2401
2401
2400
2400
2400
2397
2395
2395
2394
2393
2392
2391
2390
2390
2390
2389
2387
2386
2384
2383
2383
2382
2381
2380
2380
2379
2375
2375
2374
2372
2372
2367
2363
2362
2361
2360
2359
2359
2358
2358
2358
2356
2355
2352
2351
2350
2346
2345
2345
2344
2344
2343
2343
2342
2342
2341
2337
2336
2336
2336
2336
2335
2335
2334
2332
2332
2331
2330
2329
2327
2327
2327
2326
2323
2319
2319
2319
2316
2315
2314
2313
2309
2309
2307
2304
2304
2301
2301
2301
2300
2300
2299
2298
2298
2297
2296
2296
2295
2294
2292
2292
2291
2290
2289
2288
2288
2285
2285
2285
2285
2284
2283
2283
2281
2280
2277
2274
2274
2273
2272
2270
2269
2268
2268
2267
2263
2263
2261
2258
2257
2256
2253
2253
2252
2252
2251
2251
2251
2250
2250
2249
2249
2249
2247
2247
2247
2245
2245
2242
2241
2240
2240
2239
2238
2238
2236
2235
2235
2234
2233
2231
2228
2227
2226
2226
2225
2224
2221
2221
2220
2220
2220
2220
2218
2215
2214
2213
2212
2211
2210
2210
2210
2210
2209
2208
2207
2206
2206
2205
2202
2200
2199
2197
2197
2197
2195
2194
2193
2192
2191
2191
2190
2190
2190
2187
2186
2186
2185
2185
2182
2182
2178
2177
2177
2177
2176
2175
2175
2174
2174
2172
2172
2172
2171
2171
2170
2170
2169
2169
2169
2168
2166
2166
2165
2163
2160
2158
2157
2156
2156
2156
2155
2154
2153
2152
2150
2148
2148
2146
2144
2143
2142
2140
2140
2139
2138
2137
2136
2135
2132
2129
2127
2127
2125
2124
2124
2121
2119
2119
2118
2117
2116
2115
2115
2114
2113
2113
2111
2111
2110
2109
2107
2107
2106
2105
2104
2104
2103
2103
2101
2101
2100
2100
2100
2098
2098
2096
2094
2094
2092
2091
2090
2089
2089
2088
2087
2087
2087
2086
2086
2084
2081
2081
2080
2080
2080
2080
2076
2076
2074
2072
2072
2070
2068
2066
2065
2065
2064
2063
2063
2063
2062
2058
2056
2055
2055
2053
2053
2052
2050
2050
2050
2050
2049
2048
2046
2044
2044
2044
2043
2042
2041
2041
2040
2038
2038
2038
2037
2037
2034
2031
2029
2029
2028
2027
2025
2020
2018
2017
2017
2017
2015
2015
2013
2013
2012
2011
2011
2009
2008
2008
2007
2007
2006
2006
2005
2005
2004
2003
2002
2001
2000
2000
1999
1998
1996
1996
1996
1995
1994
1991
1988
1988
1988
1988
1988
1988
1987
1986
1984
1983
1982
1982
1981
1980
1980
1979
1979
1979
1977
1977
1977
1975
1975
1974
1973
1968
1967
1967
1966
1964
1964
1964
1961
1959
1958
1957
1957
1956
1956
1955
1953
1952
1950
1946
1944
1942
1941
1937
1937
1936
1934
1934
1933
1933
1933
1931
1928
1927
1926
1925
1925
1923
1923
1921
1920
1920
1918
1917
1915
1913
1912
1911
1910
1910
1910
1909
1908
1908
1907
1907
1906
1906
1905
1904
1904
1904
1901
1900
1899
1899
1897
1895
1894
1892
1891
1891
1890
1890
1888
1885
1882
1880
1878
1878
1878
1877
1876
1875
1875
1875
1872
1872
1872
1872
1870
1869
1867
1865
1865
1864
1863
1862
1862
1862
1860
1860
1859
1859
1859
1859
1859
1857
1855
1853
1852
1851
1850
1848
1848
1848
1846
1846
1845
1842
1841
1841
1841
1840
1839
1836
1834
1833
1832
1831
1831
1830
1830
1830
1829
1829
1825
1825
1823
1821
1821
1821
1819
1818
1818
1817
1817
1816
1815
1814
1813
1812
1811
1810
1810
1809
1808
1808
1807
1805
1803
1802
1802
1802
1801
1800
1800
1799
1798
1796
1796
1795
1794
1794
1793
1792
1791
1791
1791
1790
1790
1789
1789
1789
1788
1787
1786
1785
1784
1782
1781
1781
1781
1781
1779
1778
1778
1778
1778
1778
1776
1772
1772
1771
1771
1769
1766
1766
1765
1764
1764
1764
1763
1763
1759
1759
1759
1758
1758
1758
1756
1756
1755
1754
1754
1753
1752
1752
1751
1750
1748
1747
1747
1747
1746
1744
1743
1742
1742
1742
1741
1740
1740
1739
1738
1738
1736
1736
1735
1734
1728
1727
1726
1726
1725
1725
1724
1723
1723
1722
1721
1720
1720
1718
1718
1717
1715
1714
1714
1713
1712
1710
1707
1705
1705
1705
1703
1702
1702
1701
1700
1700
1699
1698
1698
1697
1697
1695
1693
1693
1691
1690
1688
1687
1687
1687
1686
1685
1684
1683
1683
1682
1682
1681
1680
1680
1679
1679
1679
1675
1675
1675
1672
1671
1669
1666
1664
1662
1662
1660
1659
1658
1657
1657
1656
1655
1653
1652
1652
1651
1649
1648
1648
1647
1646
1644
1642
1642
1640
1640
1639
1639
1637
1636
1635
1634
1634
1632
1630
1630
1629
1628
1625
1624
1623
1622
1622
1622
1620
1619
1619
1619
1618
1616
1616
1613
1613
1612
1609
1608
1608
1607
1607
1602
1601
1601
1600
1598
1598
1597
1597
1596
1596
1595
1594
1593
1593
1593
1593
1592
1590
1589
1587
1586
1585
1585
1583
1583
1583
1582
1582
1581
1580
1580
1580
1579
1576
1575
1574
1573
1567
1567
1567
1567
1566
1566
1564
1563
1563
1562
1562
1562
1560
1560
1559
1558
1557
1556
1556
1554
1553
1552
1550
1550
1549
1545
1545
1544
1544
1543
1543
1543
1542
1542
1542
1541
1540
1539
1538
1538
1537
1537
1534
1534
1533
1533
1533
1531
1529
1528
1525
1524
1524
1524
1523
1521
1521
1521
1519
1519
1519
1518
1517
1517
1515
1515
1511
1510
1510
1508
1507
1507
1506
1506
1505
1505
1504
1503
1503
1502
1501
1498
1496
1496
1493
1492
1490
1490
1488
1485
1484
1484
1482
1482
1481
1479
1479
1475
1473
1471
1469
1469
1468
1466
1466
1465
1463
1462
1461
1460
1459
1458
1457
1454
1453
1451
1451
1450
1448
1448
1448
1447
1445
1445
1443
1443
1439
1438
1438
1437
1436
1433
1433
1433
1432
1432
1431
1431
1431
1431
1431
1430
1430
1428
1427
1426
1425
1424
1421
1421
1419
1419
1416
1416
1415
1414
1414
1413
1412
1411
1411
1410
1408
1408
1406
1404
1404
1403
1402
1402
1399
1398
1398
1397
1396
1395
1395
1394
1393
1393
1392
1392
1391
1389
1389
1389
1386
1385
1381
1379
1379
1377
1377
1376
1374
1372
1371
1371
1370
1370
1369
1368
1368
1368
1368
1366
1366
1365
1365
1363
1362
1362
1359
1359
1358
1357
1356
1356
1356
1355
1353
1352
1352
1352
1351
1350
1350
1349
1349
1348
1347
1347
1346
1346
1345
1345
1345
1343
1343
1342
1342
1341
1341
1339
1338
1334
1333
1332
1332
1330
1328
1327
1326
1325
1325
1323
1322
1321
1320
1318
1317
1317
1317
1315
1314
1313
1313
1312
1312
1311
1310
1310
1308
1307
1307
1299
1298
1295
1295
1294
1294
1292
1291
1291
1290
1289
1287
1282
1281
1280
1278
1277
1276
1276
1273
1273
1273
1272
1271
1271
1271
1267
1266
1265
1265
1264
1263
1262
1261
1260
1259
1259
1259
1258
1258
1257
1255
1254
1254
1252
1251
1250
1249
1249
1248
1248
1248
1247
1247
1245
1244
1244
1244
1244
1243
1243
1242
1240
1239
1238
1237
1236
1233
1232
1231
1230
1228
1228
1228
1226
1225
1225
1223
1221
1220
1220
1219
1219
1218
1218
1218
1215
1214
1214
1213
1213
1213
1211
1208
1208
1206
1206
1206
1204
1203
1202
1202
1197
1197
1197
1195
1195
1192
1190
1189
1189
1189
1188
1186
1185
1184
1183
1181
1180
1180
1180
1177
1177
1176
1175
1174
1174
1174
1173
1172
1172
1172
1171
1170
1169
1168
1168
1167
1167
1164
1163
1163
1163
1162
1161
1160
1155
1154
1151
1147
1146
1142
1141
1141
1141
1140
1139
1139
1138
1138
1137
1136
1134
1132
1131
1131
1130
1130
1127
1127
1126
1125
1124
1124
1123
1123
1123
1122
1122
1121
1121
1118
1117
1114
1112
1111
1108
1107
1106
1104
1104
1103
1102
1102
1101
1100
1100
1099
1098
1096
1095
1094
1093
1093
1093
1092
1092
1090
1089
1089
1087
1086
1086
1084
1082
1081
1080
1080
1076
1076
1075
1074
1073
1072
1071
1071
1070
1066
1066
1066
1065
1065
1060
1059
1059
1059
1057
1057
1053
1053
1052
1051
1047
1047
1046
1045
1045
1045
1045
1044
1044
1042
1040
1040
1039
1037
1034
1031
1030
1028
1028
1027
1026
1026
1025
1025
1024
1023
1022
1021
1021
1020
1019
1019
1019
1018
1018
1018
1017
1016
1016
1015
1014
1013
1012
1011
1010
1007
1007
1005
1005
1004
1003
1000
1000
999
998
995
995
994
993
992
992
992
990
988
986
986
985
983
983
982
982
981
977
977
976
975
975
974
974
974
973
973
971
970
967
966
965
964
964
963
963
962
961
961
959
959
959
959
958
958
957
953
952
952
952
951
950
950
950
947
947
946
946
945
942
941
941
939
939
936
935
934
933
931
930
930
928
928
925
924
923
923
923
922
920
919
917
916
914
914
914
913
913
913
911
907
905
904
903
903
902
901
901
900
900
895
894
894
894
893
893
891
889
887
886
884
884
884
880
879
877
877
877
876
876
874
872
872
871
871
870
868
868
868
868
866
866
863
862
862
861
861
860
858
858
858
857
855
855
854
853
852
849
845
843
843
843
843
842
841
840
838
837
837
836
836
835
835
835
834
834
832
832
832
828
826
824
822
822
820
819
818
818
818
816
816
815
814
814
814
813
811
811
810
809
809
808
807
806
806
806
804
801
800
800
799
798
797
797
796
795
794
793
793
792
791
791
791
791
791
789
785
784
783
782
775
774
774
771
770
769
767
767
766
766
765
764
763
762
762
761
757
756
756
755
755
754
749
748
743
743
742
741
741
741
740
739
739
738
734
732
732
732
732
729
728
727
725
723
723
722
722
718
717
714
714
714
713
713
712
711
708
705
702
701
701
701
700
700
700
699
698
697
696
695
692
688
685
685
683
683
678
677
676
674
672
672
668
667
666
666
665
664
663
663
662
662
660
659
659
658
655
653
652
652
650
649
648
647
647
645
644
643
643
643
642
642
641
640
639
638
636
635
634
634
633
632
632
631
631
626
626
625
623
621
621
619
618
618
616
615
615
614
614
614
612
612
611
611
611
611
610
609
609
608
606
605
605
605
604
603
603
603
603
603
602
601
599
599
597
597
596
595
594
593
593
592
592
591
590
589
589
587
586
586
584
581
581
581
580
580
579
579
579
578
575
575
574
571
571
570
568
568
567
565
565
565
563
562
560
560
560
559
559
559
557
557
557
555
554
553
553
553
553
552
552
551
550
549
549
548
546
546
546
545
543
542
542
542
542
541
540
539
538
535
534
534
533
532
532
531
530
528
528
527
526
525
524
523
521
520
519
518
517
517
516
516
515
513
509
508
507
506
504
502
501
500
500
499
498
498
496
495
493
492
491
491
490
488
486
486
486
485
485
485
481
481
480
480
477
476
476
476
474
473
472
470
466
465
465
464
461
459
459
459
458
457
457
455
454
452
450
450
449
445
444
444
443
442
441
440
438
438
435
435
434
433
432
426
424
424
424
423
421
421
420
419
418
417
417
416
414
413
412
411
407
406
405
404
402
402
399
399
398
395
394
394
393
392
391
389
388
384
383
383
383
383
383
383
382
382
379
378
378
377
377
372
371
370
370
366
364
356
356
355
355
354
352
352
352
351
350
349
347
346
346
345
343
343
341
339
339
339
338
338
337
334
333
333
333
333
332
328
324
324
323
321
320
320
318
318
316
315
314
314
313
311
311
310
309
309
308
307
306
306
305
305
304
304
300
299
299
299
298
298
296
295
294
292
291
288
287
283
283
282
281
280
280
279
278
275
274
274
273
272
272
270
268
267
266
265
265
264
264
264
264
263
262
261
261
259
258
257
257
256
255
255
254
254
254
254
252
252
251
250
250
248
248
244
243
242
242
242
241
241
239
239
239
238
238
234
234
231
230
230
229
228
228
228
227
227
226
225
225
224
224
224
224
222
221
219
217
216
214
214
213
213
212
211
210
210
210
208
207
205
201
199
199
198
197
196
196
196
192
191
188
188
186
184
181
180
180
179
178
177
176
175
174
174
174
172
172
170
170
169
168
168
166
166
166
165
165
165
161
161
160
160
160
159
157
156
155
154
153
152
150
150
149
149
147
147
146
143
141
140
138
137
137
136
135
134
134
133
133
133
130
129
129
128
127
126
126
126
125
125
124
124
122
121
119
119
118
118
118
116
115
115
115
114
114
108
108
107
107
105
104
104
104
103
103
101
101
101
100
100
99
99
98
97
97
96
94
94
93
93
89
87
86
84
83
83
83
79
79
78
77
76
75
75
74
74
71
69
69
68
67
66
65
64
64
61
59
58
57
53
52
51
50
50
50
48
47
47
43
42
39
37
35
34
34
33
32
31
31
30
30
29
27
26
23
22
19
19
18
18
17
16
15
15
14
14
13
10
9
7
7
6
5
5
3
3
2
2
1
1
0
