9998
9997
9997
9997
9994
9994
9993
9992
9992
9992
9989
9989
9989
9988
9987
9986
9986
9985
9985
9983
9981
9979
9979
9979
9972
9972
9970
9969
9968
9967
9967
9966
9965
9964
9963
9959
9959
9958
9957
9957
9953
9949
9949
9947
9946
9946
9946
9944
9944
9943
9941
9941
9938
9936
9935
9934
9934
9933
9933
9933
9931
9931
9929
9928
9927
9926
9925
9924
9924
9924
9923
9921
9920
9920
9920
9920
9917
9917
9915
9911
9910
9910
9909
9906
9904
9903
9902
9902
9900
9897
9896
9895
9894
9894
9894
9892
9890
9890
9887
9886
9886
9886
9884
9883
9882
9881
9881
9881
9876
9876
9875
9874
9874
9873
9871
9871
9871
9870
9870
9869
9868
9868
9868
9864
9864
9864
9863
9863
9862
9862
9861
9861
9859
9858
9857
9855
9855
9854
9852
9849
9849
9848
9847
9846
9846
9845
9843
9841
9839
9838
9836
9835
9835
9834
9833
9833
9832
9832
9829
9828
9828
9827
9826
9826
9824
9824
9823
9823
9822
9821
9820
9820
9820
9819
9818
9818
9817
9815
9815
9814
9812
9810
9810
9810
9809
9809
9809
9808
9807
9806
9805
9805
9803
9801
9799
9799
9797
9797
9797
9795
9794
9794
9794
9794
9792
9789
9787
9787
9786
9785
9785
9785
9785
9782
9782
9780
9780
9779
9779
9779
9778
9777
9776
9776
9775
9774
9773
9772
9771
9770
9768
9767
9766
9764
9762
9759
9759
9757
9756
9755
9755
9754
9754
9753
9749
9747
9745
9744
9744
9744
9744
9744
9743
9743
9741
9741
9739
9739
9739
9738
9736
9734
9731
9731
9730
9729
9729
9729
9725
9725
9723
9722
9722
9722
9722
9721
9720
9719
9718
9718
9717
9716
9715
9712
9711
9710
9709
9709
9709
9709
9707
9707
9706
9705
9704
9702
9700
9699
9699
9698
9698
9697
9694
9692
9692
9690
9689
9689
9688
9687
9686
9681
9681
9681
9678
9677
9674
9672
9672
9671
9671
9671
9669
9669
9669
9668
9668
9666
9666
9666
9665
9665
9664
9664
9663
9663
9662
9662
9661
9661
9660
9659
9658
9657
9657
9656
9655
9653
9652
9652
9650
9649
9648
9648
9647
9646
9644
9643
9643
9643
9643
9642
9641
9639
9637
9637
9636
9634
9631
9631
9630
9628
9628
9627
9626
9626
9625
9625
9624
9624
9623
9623
9622
9621
9619
9619
9619
9618
9618
9618
9617
9617
9615
9614
9614
9614
9613
9612
9605
9603
9602
9601
9599
9598
9598
9597
9595
9594
9593
9592
9592
9591
9590
9590
9589
9586
9583
9581
9580
9580
9580
9577
9575
9573
9571
9571
9569
9568
9567
9567
9565
9565
9565
9565
9564
9563
9562
9562
9561
9560
9559
9559
9559
9558
9558
9556
9554
9552
9551
9551
9548
9548
9546
9544
9544
9543
9540
9540
9540
9539
9539
9538
9538
9536
9536
9534
9532
9531
9529
9527
9526
9523
9522
9521
9521
9519
9519
9518
9518
9516
9515
9515
9515
9513
9513
9511
9507
9506
9506
9506
9505
9504
9504
9502
9501
9500
9499
9497
9497
9497
9496
9496
9495
9495
9494
9493
9493
9492
9490
9489
9489
9489
9489
9489
9489
9488
9488
9487
9486
9485
9485
9484
9484
9483
9482
9482
9480
9480
9479
9477
9476
9476
9475
9475
9475
9474
9474
9473
9471
9469
9469
9469
9469
9468
9467
9467
9463
9463
9462
9461
9460
9458
9458
9457
9457
9456
9456
9455
9454
9454
9453
9452
9451
9450
9450
9449
9448
9447
9447
9446
9445
9444
9444
9443
9441
9441
9441
9441
9441
9440
9438
9438
9436
9435
9435
9434
9432
9432
9431
9431
9431
9430
9430
9429
9429
9427
9427
9424
9423
9422
9421
9420
9419
9417
9416
9415
9414
9414
9413
9413
9413
9411
9411
9411
9410
9410
9407
9406
9405
9405
9399
9399
9398
9396
9396
9396
9395
9392
9391
9390
9390
9390
9388
9388
9387
9386
9385
9383
9383
9383
9382
9382
9381
9380
9379
9379
9379
9373
9372
9371
9371
9370
9367
9367
9365
9365
9363
9363
9362
9362
9362
9361
9361
9361
9360
9359
9359
9358
9358
9358
9357
9357
9356
9355
9355
9355
9354
9354
9353
9353
9353
9352
9352
9351
9351
9350
9350
9349
9348
9346
9346
9345
9343
9342
9342
9342
9340
9339
9339
9338
9338
9338
9337
9337
9337
9336
9333
9333
9333
9333
9330
9330
9327
9324
9323
9322
9319
9319
9318
9317
9316
9315
9315
9315
9314
9312
9310
9309
9309
9308
9307
9307
9306
9305
9305
9305
9304
9304
9303
9303
9303
9299
9299
9297
9295
9293
9293
9292
9292
9292
9292
9290
9290
9288
9287
9287
9285
9285
9284
9283
9283
9281
9278
9278
9276
9274
9274
9274
9274
9273
9273
9273
9272
9272
9269
9268
9267
9266
9262
9260
9260
9260
9258
9258
9258
9256
9255
9249
9248
9245
9245
9245
9243
9243
9243
9242
9241
9238
9236
9236
9236
9235
9235
9234
9232
9231
9231
9229
9228
9227
9225
9223
9223
9223
9222
9220
9218
9218
9217
9214
9213
9212
9212
9211
9211
9210
9210
9209
9209
9209
9205
9204
9204
9203
9202
9201
9201
9196
9195
9195
9195
9194
9193
9190
9190
9189
9188
9187
9186
9186
9184
9182
9180
9180
9179
9178
9177
9177
9176
9175
9175
9175
9174
9172
9171
9169
9169
9166
9166
9165
9163
9163
9161
9160
9160
9160
9159
9157
9156
9154
9152
9150
9149
9149
9148
9148
9148
9147
9146
9142
9141
9141
9138
9137
9135
9135
9133
9133
9132
9131
9130
9129
9129
9126
9126
9126
9125
9125
9125
9124
9123
9122
9119
9118
9118
9118
9118
9116
9116
9116
9115
9115
9114
9113
9112
9110
9110
9109
9103
9101
9101
9100
9100
9098
9097
9097
9096
9096
9092
9091
9090
9089
9087
9085
9083
9080
9078
9078
9078
9077
9077
9075
9074
9073
9072
9072
9072
9071
9069
9069
9068
9067
9066
9066
9065
9065
9064
9061
9061
9060
9058
9054
9054
9053
9052
9051
9050
9050
9048
9044
9044
9043
9042
9041
9040
9040
9039
9039
9039
9038
9038
9037
9037
9037
9036
9035
9035
9035
9035
9032
9031
9030
9028
9028
9028
9026
9026
9025
9025
9025
9024
9023
9021
9019
9018
9016
9015
9014
9012
9012
9012
9009
9007
9007
9006
9006
9005
9004
9004
9003
9002
9001
9001
9001
9000
9000
8998
8997
8996
8995
8995
8990
8990
8988
8986
8986
8985
8985
8985
8985
8983
8983
8982
8981
8979
8978
8977
8977
8974
8974
8973
8973
8972
8970
8970
8969
8969
8969
8969
8968
8968
8968
8966
8966
8964
8961
8960
8959
8959
8959
8959
8957
8955
8955
8955
8954
8953
8952
8951
8951
8950
8949
8948
8947
8947
8946
8944
8944
8944
8942
8942
8941
8940
8940
8936
8936
8935
8934
8934
8933
8931
8929
8928
8928
8928
8926
8923
8923
8922
8922
8920
8920
8916
8915
8913
8913
8912
8910
8910
8908
8908
8907
8906
8902
8900
8900
8899
8898
8898
8897
8896
8895
8893
8892
8892
8891
8890
8890
8888
8888
8888
8886
8885
8885
8885
8884
8881
8875
8874
8874
8874
8874
8873
8873
8872
8872
8872
8871
8870
8867
8866
8866
8864
8861
8860
8859
8858
8858
8857
8857
8857
8856
8853
8853
8853
8851
8850
8848
8848
8847
8846
8846
8845
8845
8843
8843
8843
8841
8841
8839
8839
8838
8835
8830
8830
8830
8830
8830
8825
8825
8823
8822
8821
8821
8820
8819
8818
8817
8817
8816
8815
8815
8811
8810
8809
8808
8806
8803
8803
8803
8802
8801
8800
8800
8799
8797
8796
8795
8795
8795
8794
8793
8793
8791
8789
8788
8787
8787
8785
8783
8781
8781
8780
8780
8779
8777
8777
8777
8776
8775
8773
8772
8770
8770
8769
8769
8768
8767
8767
8767
8767
8764
8763
8763
8761
8761
8761
8761
8760
8759
8758
8758
8757
8752
8751
8750
8749
8746
8745
8743
8741
8740
8740
8740
8738
8736
8736
8735
8734
8733
8732
8731
8730
8728
8727
8727
8727
8724
8724
8722
8719
8718
8717
8716
8715
8711
8709
8709
8708
8707
8704
8703
8701
8699
8698
8698
8698
8698
8698
8697
8696
8696
8695
8694
8691
8691
8690
8688
8688
8688
8688
8687
8686
8686
8686
8685
8684
8683
8683
8682
8682
8682
8681
8679
8679
8679
8678
8678
8678
8677
8676
8676
8674
8674
8673
8668
8667
8667
8666
8663
8661
8660
8659
8659
8658
8657
8656
8656
8655
8654
8653
8651
8651
8650
8649
8648
8646
8645
8643
8643
8642
8641
8639
8637
8636
8635
8634
8634
8632
8631
8629
8628
8628
8624
8623
8622
8619
8618
8617
8617
8616
8616
8615
8614
8612
8612
8611
8611
8610
8609
8607
8605
8605
8604
8603
8603
8601
8601
8599
8599
8598
8598
8598
8597
8596
8595
8594
8592
8591
8589
8588
8588
8584
8580
8580
8580
8577
8576
8575
8573
8573
8572
8571
8569
8568
8568
8565
8564
8563
8561
8561
8559
8559
8559
8559
8558
8558
8556
8553
8553
8553
8552
8550
8548
8548
8548
8548
8547
8544
8544
8542
8540
8538
8537
8537
8531
8531
8530
8530
8529
8527
8526
8525
8524
8523
8522
8522
8521
8521
8521
8519
8519
8519
8519
8517
8516
8512
8510
8510
8509
8508
8508
8506
8505
8504
8504
8502
8500
8496
8496
8496
8495
8494
8493
8492
8490
8490
8489
8488
8487
8487
8486
8486
8485
8484
8483
8482
8482
8480
8479
8478
8477
8475
8473
8471
8465
8465
8465
8464
8464
8455
8454
8454
8453
8453
8452
8452
8451
8450
8449
8448
8447
8447
8446
8446
8445
8441
8441
8440
8439
8439
8435
8434
8433
8432
8432
8432
8431
8430
8430
8428
8428
8427
8427
8427
8426
8426
8425
8425
8420
8418
8417
8416
8416
8415
8415
8414
8413
8412
8412
8412
8411
8411
8410
8409
8406
8406
8405
8404
8403
8402
8402
8401
8401
8400
8400
8400
8397
8396
8396
8395
8395
8394
8393
8393
8392
8392
8391
8390
8388
8387
8386
8386
8386
8386
8382
8382
8382
8381
8381
8380
8380
8378
8376
8376
8374
8374
8374
8372
8372
8371
8371
8369
8369
8369
8368
8367
8367
8367
8367
8367
8365
8365
8363
8361
8359
8357
8356
8356
8356
8355
8353
8353
8353
8352
8351
8350
8347
8345
8343
8343
8341
8338
8335
8334
8334
8333
8332
8332
8332
8332
8329
8329
8329
8325
8323
8323
8319
8318
8318
8317
8316
8316
8315
8314
8312
8309
8309
8308
8308
8308
8308
8307
8307
8306
8306
8303
8303
8302
8302
8302
8301
8299
8298
8297
8295
8294
8293
8292
8291
8290
8290
8290
8290
8289
8287
8286
8286
8285
8284
8284
8284
8281
8280
8279
8278
8278
8276
8276
8272
8271
8270
8266
8266
8264
8264
8263
8261
8260
8259
8258
8258
8257
8257
8256
8256
8251
8251
8250
8250
8247
8247
8247
8245
8243
8243
8240
8239
8237
8237
8235
8234
8234
8233
8233
8232
8232
8232
8228
8226
8226
8224
8224
8220
8220
8220
8218
8217
8216
8216
8215
8215
8215
8215
8213
8212
8212
8208
8208
8206
8202
8200
8199
8199
8196
8196
8195
8192
8190
8187
8187
8186
8185
8184
8183
8182
8182
8180
8177
8176
8175
8174
8174
8172
8171
8171
8169
8169
8167
8166
8165
8163
8162
8161
8159
8156
8155
8154
8153
8153
8153
8151
8151
8149
8149
8149
8148
8147
8146
8146
8146
8145
8144
8144
8143
8141
8140
8137
8136
8135
8132
8132
8131
8130
8129
8126
8122
8121
8120
8120
8118
8116
8116
8116
8115
8113
8112
8111
8111
8110
8110
8109
8109
8109
8107
8106
8105
8104
8103
8102
8101
8100
8098
8097
8095
8093
8092
8092
8092
8091
8091
8091
8089
8088
8087
8087
8086
8086
8086
8086
8085
8085
8084
8083
8083
8081
8080
8080
8079
8077
8077
8077
8077
8076
8075
8074
8073
8069
8068
8067
8067
8066
8066
8064
8058
8058
8054
8054
8053
8052
8051
8050
8049
8048
8048
8047
8045
8045
8043
8042
8042
8041
8040
8040
8039
8039
8038
8038
8033
8031
8031
8029
8027
8026
8024
8022
8021
8021
8017
8017
8016
8014
8014
8014
8014
8012
8012
8010
8010
8009
8009
8009
8008
8008
8007
8006
8005
8005
8005
8004
8004
8003
8000
8000
7999
7999
7999
7999
7999
7998
7996
7996
7996
7995
7993
7992
7991
7991
7991
7988
7987
7985
7984
7984
7984
7983
7981
7978
7977
7976
7973
7971
7971
7970
7969
7969
7968
7968
7968
7967
7966
7966
7966
7965
7963
7962
7960
7959
7957
7957
7957
7956
7955
7954
7954
7953
7952
7951
7951
7951
7949
7948
7947
7947
7947
7942
7942
7940
7939
7939
7937
7937
7936
7935
7934
7934
7932
7931
7924
7924
7923
7922
7921
7920
7919
7919
7917
7917
7915
7915
7915
7914
7914
7914
7913
7912
7910
7909
7906
7904
7903
7902
7901
7900
7900
7900
7895
7895
7895
7895
7894
7894
7890
7890
7890
7888
7887
7886
7884
7884
7880
7876
7875
7872
7872
7872
7870
7869
7867
7867
7867
7865
7865
7863
7863
7863
7861
7861
7861
7860
7857
7857
7857
7855
7854
7854
7854
7853
7852
7851
7851
7850
7848
7847
7847
7846
7845
7842
7842
7842
7841
7840
7840
7839
7838
7838
7837
7837
7836
7832
7831
7830
7830
7828
7827
7827
7827
7826
7824
7824
7823
7822
7822
7820
7817
7813
7808
7808
7807
7805
7804
7801
7799
7799
7798
7798
7798
7797
7796
7794
7792
7790
7789
7789
7786
7784
7783
7781
7779
7778
7778
7777
7776
7776
7775
7775
7771
7771
7770
7769
7768
7768
7765
7765
7765
7765
7762
7762
7760
7759
7757
7757
7755
7753
7752
7751
7750
7750
7749
7749
7748
7747
7745
7745
7743
7743
7742
7741
7740
7740
7740
7738
7738
7737
7737
7737
7736
7735
7732
7732
7731
7727
7726
7725
7725
7722
7722
7722
7720
7720
7720
7718
7718
7717
7717
7716
7715
7712
7712
7705
7701
7701
7700
7700
7697
7693
7693
7692
7692
7691
7691
7691
7688
7688
7685
7684
7682
7678
7676
7675
7675
7674
7671
7671
7670
7670
7669
7669
7668
7667
7666
7664
7663
7662
7661
7660
7660
7660
7660
7659
7659
7657
7655
7654
7654
7654
7652
7652
7651
7650
7650
7650
7650
7649
7649
7647
7646
7645
7645
7645
7643
7643
7640
7638
7637
7636
7636
7633
7632
7631
7630
7629
7627
7627
7625
7624
7623
7622
7620
7620
7618
7616
7615
7614
7612
7612
7611
7611
7610
7607
7607
7605
7605
7604
7604
7603
7602
7602
7602
7602
7598
7597
7596
7594
7593
7593
7593
7593
7591
7590
7590
7589
7588
7588
7587
7587
7587
7584
7584
7583
7583
7583
7583
7582
7581
7580
7580
7579
7578
7578
7576
7575
7573
7572
7571
7570
7570
7567
7567
7565
7565
7564
7562
7561
7560
7559
7559
7559
7557
7557
7557
7555
7554
7554
7553
7552
7551
7549
7549
7548
7548
7548
7545
7544
7543
7540
7539
7537
7537
7531
7530
7528
7527
7527
7525
7525
7524
7524
7523
7518
7518
7517
7516
7515
7514
7513
7513
7513
7512
7510
7510
7509
7509
7505
7505
7505
7505
7505
7504
7503
7503
7502
7501
7497
7495
7494
7494
7493
7492
7490
7488
7488
7488
7487
7486
7486
7485
7484
7484
7484
7483
7482
7481
7477
7476
7476
7474
7474
7470
7470
7469
7469
7467
7465
7461
7460
7460
7459
7458
7458
7457
7457
7456
7456
7456
7452
7452
7451
7450
7449
7447
7446
7445
7444
7444
7444
7443
7442
7439
7437
7437
7436
7436
7436
7435
7433
7432
7431
7429
7429
7428
7428
7426
7426
7425
7423
7423
7423
7423
7423
7421
7421
7419
7419
7417
7415
7415
7413
7413
7411
7411
7409
7409
7406
7406
7406
7405
7405
7403
7402
7402
7402
7401
7401
7401
7399
7398
7397
7395
7391
7386
7386
7385
7385
7385
7383
7382
7382
7379
7379
7377
7375
7371
7369
7368
7364
7363
7363
7363
7361
7360
7359
7356
7355
7354
7352
7349
7349
7347
7345
7344
7344
7344
7343
7342
7342
7341
7338
7338
7334
7334
7333
7333
7333
7332
7332
7330
7329
7329
7329
7328
7326
7322
7320
7319
7317
7316
7316
7316
7316
7314
7314
7314
7314
7313
7312
7311
7311
7309
7302
7301
7301
7301
7301
7300
7299
7299
7298
7298
7295
7294
7294
7294
7294
7292
7291
7290
7290
7287
7286
7286
7285
7285
7284
7284
7284
7284
7281
7280
7279
7279
7278
7278
7277
7277
7276
7273
7271
7269
7269
7268
7266
7265
7264
7263
7262
7259
7258
7258
7257
7256
7255
7254
7253
7252
7251
7250
7247
7247
7245
7245
7244
7243
7243
7242
7240
7240
7236
7236
7235
7235
7234
7234
7234
7233
7233
7233
7232
7229
7228
7227
7226
7225
7225
7224
7222
7222
7220
7217
7213
7207
7206
7204
7203
7201
7200
7200
7197
7197
7195
7194
7192
7192
7187
7187
7186
7185
7184
7184
7183
7183
7183
7183
7183
7182
7175
7175
7175
7174
7172
7172
7171
7171
7171
7170
7170
7169
7168
7167
7165
7162
7161
7160
7160
7159
7159
7159
7159
7158
7156
7155
7154
7153
7152
7152
7148
7145
7145
7145
7143
7143
7143
7141
7141
7141
7141
7140
7138
7136
7135
7135
7134
7133
7133
7133
7132
7132
7132
7132
7132
7128
7123
7123
7122
7122
7122
7121
7120
7120
7118
7117
7116
7115
7114
7114
7113
7112
7111
7111
7109
7108
7107
7103
7101
7098
7098
7097
7096
7096
7094
7094
7091
7090
7090
7086
7085
7085
7085
7085
7085
7084
7083
7083
7082
7082
7082
7081
7081
7081
7081
7079
7079
7078
7075
7072
7071
7070
7069
7068
7064
7062
7062
7062
7060
7059
7058
7057
7057
7056
7055
7055
7054
7054
7053
7052
7051
7050
7050
7050
7048
7046
7044
7044
7044
7044
7042
7041
7039
7039
7038
7034
7033
7032
7032
7032
7030
7030
7029
7028
7027
7027
7026
7026
7025
7023
7022
7021
7021
7019
7019
7019
7018
7018
7017
7017
7016
7014
7013
7013
7012
7011
7011
7010
7010
7010
7009
7007
7004
7004
7002
7002
7000
6998
6996
6993
6992
6991
6986
6986
6985
6983
6982
6981
6980
6980
6978
6978
6977
6976
6976
6975
6975
6974
6974
6973
6973
6972
6972
6971
6969
6968
6967
6967
6967
6967
6965
6964
6962
6960
6957
6957
6956
6954
6954
6953
6952
6950
6949
6948
6948
6947
6946
6946
6945
6944
6944
6943
6942
6941
6939
6938
6938
6937
6937
6937
6937
6936
6935
6934
6934
6934
6933
6931
6931
6929
6928
6927
6926
6925
6924
6923
6923
6922
6922
6921
6921
6921
6918
6918
6916
6916
6913
6912
6911
6910
6910
6909
6908
6908
6907
6906
6905
6905
6902
6901
6900
6900
6898
6893
6892
6892
6892
6889
6889
6889
6888
6888
6887
6886
6885
6885
6884
6884
6881
6879
6877
6876
6876
6875
6874
6874
6873
6872
6871
6871
6868
6865
6865
6863
6863
6862
6861
6861
6860
6859
6858
6857
6856
6855
6851
6851
6849
6849
6848
6848
6847
6847
6846
6845
6845
6844
6844
6841
6841
6840
6839
6839
6835
6834
6833
6831
6830
6829
6829
6825
6825
6825
6824
6823
6822
6821
6818
6817
6815
6815
6815
6814
6812
6812
6812
6811
6810
6808
6808
6807
6807
6805
6805
6803
6802
6802
6801
6801
6799
6798
6798
6798
6796
6794
6794
6790
6790
6789
6789
6789
6787
6786
6783
6783
6783
6779
6776
6776
6776
6776
6775
6773
6773
6773
6772
6772
6771
6770
6770
6770
6769
6769
6767
6766
6765
6765
6764
6762
6761
6761
6759
6759
6758
6758
6757
6757
6755
6753
6752
6751
6751
6751
6751
6749
6749
6749
6747
6746
6746
6744
6744
6742
6742
6742
6741
6740
6740
6740
6739
6738
6736
6735
6733
6732
6732
6728
6728
6726
6723
6723
6723
6721
6721
6721
6720
6719
6717
6715
6714
6714
6713
6713
6712
6712
6712
6709
6705
6703
6703
6702
6702
6701
6701
6700
6700
6700
6699
6696
6696
6695
6694
6692
6690
6690
6689
6687
6686
6686
6685
6684
6683
6683
6680
6678
6677
6677
6677
6677
6675
6675
6674
6674
6673
6673
6673
6668
6665
6664
6664
6664
6664
6663
6663
6661
6661
6660
6660
6659
6658
6657
6657
6656
6655
6650
6648
6644
6642
6641
6641
6639
6638
6635
6634
6634
6633
6631
6630
6629
6626
6625
6624
6621
6620
6620
6618
6616
6615
6614
6612
6608
6607
6607
6607
6605
6605
6604
6602
6599
6597
6596
6595
6591
6590
6590
6588
6587
6586
6586
6586
6586
6585
6585
6585
6585
6585
6584
6584
6583
6583
6583
6583
6582
6582
6581
6581
6579
6578
6578
6578
6577
6577
6575
6574
6574
6573
6573
6572
6572
6571
6568
6567
6566
6565
6564
6564
6564
6563
6563
6560
6559
6558
6556
6556
6556
6554
6553
6552
6549
6549
6548
6548
6547
6547
6546
6544
6544
6543
6542
6541
6540
6540
6539
6537
6536
6536
6534
6534
6534
6534
6534
6533
6533
6532
6531
6526
6524
6522
6520
6519
6518
6518
6517
6516
6516
6514
6512
6510
6510
6510
6509
6508
6507
6504
6504
6504
6503
6501
6501
6499
6499
6498
6496
6494
6494
6491
6490
6490
6488
6487
6484
6484
6483
6480
6480
6480
6479
6477
6477
6474
6472
6471
6470
6470
6470
6469
6467
6467
6466
6466
6466
6464
6464
6464
6463
6462
6461
6460
6459
6459
6458
6457
6456
6456
6455
6451
6450
6450
6448
6447
6447
6446
6441
6439
6439
6436
6435
6434
6433
6430
6430
6429
6428
6428
6426
6426
6425
6424
6424
6420
6418
6416
6416
6415
6415
6414
6413
6412
6412
6411
6411
6411
6409
6408
6407
6406
6406
6405
6405
6405
6405
6405
6404
6404
6399
6398
6397
6394
6393
6391
6390
6389
6389
6388
6387
6384
6382
6381
6379
6379
6379
6379
6378
6377
6375
6375
6373
6371
6370
6368
6368
6368
6363
6362
6360
6359
6359
6359
6357
6357
6356
6355
6355
6355
6354
6354
6353
6353
6353
6353
6352
6351
6351
6350
6349
6349
6348
6348
6347
6346
6346
6344
6343
6342
6341
6341
6339
6338
6338
6338
6337
6336
6335
6334
6334
6334
6332
6331
6330
6330
6329
6329
6328
6326
6324
6324
6321
6320
6320
6320
6319
6317
6317
6315
6315
6312
6311
6310
6307
6306
6305
6304
6303
6303
6300
6295
6295
6293
6290
6289
6288
6286
6285
6285
6284
6283
6283
6282
6281
6281
6279
6276
6276
6276
6275
6275
6274
6274
6273
6272
6272
6271
6269
6266
6266
6266
6266
6264
6261
6259
6259
6258
6257
6255
6254
6253
6252
6252
6251
6250
6248
6247
6247
6247
6246
6246
6243
6239
6239
6238
6235
6235
6232
6231
6231
6230
6225
6225
6225
6224
6224
6223
6222
6222
6221
6221
6220
6220
6219
6218
6216
6215
6214
6214
6210
6209
6207
6205
6203
6202
6201
6200
6199
6199
6198
6198
6198
6198
6198
6198
6197
6196
6196
6196
6195
6195
6194
6191
6190
6190
6189
6189
6189
6188
6187
6187
6184
6184
6183
6183
6181
6181
6181
6180
6178
6178
6177
6176
6176
6174
6173
6171
6168
6168
6167
6167
6165
6162
6162
6162
6161
6161
6159
6159
6156
6156
6153
6152
6149
6148
6146
6144
6143
6140
6139
6136
6136
6135
6135
6133
6133
6131
6130
6128
6125
6124
6124
6124
6123
6123
6121
6120
6119
6119
6118
6117
6117
6117
6115
6115
6115
6114
6112
6112
6109
6109
6109
6109
6108
6107
6106
6106
6106
6105
6104
6101
6101
6101
6100
6100
6100
6098
6097
6096
6096
6096
6095
6092
6091
6090
6089
6088
6088
6088
6087
6087
6086
6085
6085
6085
6084
6084
6084
6084
6083
6079
6078
6078
6078
6077
6076
6075
6073
6073
6072
6071
6071
6069
6067
6066
6066
6066
6065
6064
6062
6062
6061
6060
6060
6060
6060
6058
6058
6056
6055
6054
6053
6053
6052
6052
6051
6051
6049
6048
6047
6044
6044
6043
6042
6041
6041
6039
6039
6038
6038
6037
6037
6037
6037
6036
6036
6035
6033
6031
6030
6024
6023
6023
6022
6022
6021
6021
6021
6019
6018
6017
6017
6017
6015
6015
6014
6014
6013
6012
6011
6010
6008
6008
6003
6003
6003
6002
6000
6000
5999
5999
5997
5995
5995
5993
5993
5991
5990
5989
5989
5989
5987
5986
5985
5984
5984
5983
5983
5982
5982
5982
5981
5980
5980
5980
5979
5978
5977
5977
5977
5976
5974
5973
5972
5971
5968
5968
5967
5967
5965
5964
5962
5961
5961
5960
5959
5959
5959
5959
5954
5952
5951
5951
5951
5950
5949
5948
5948
5948
5947
5945
5942
5942
5942
5941
5940
5940
5940
5939
5936
5935
5934
5934
5934
5934
5933
5932
5931
5931
5930
5928
5926
5925
5923
5923
5922
5921
5919
5918
5918
5915
5914
5913
5911
5911
5911
5910
5910
5909
5908
5905
5905
5904
5904
5900
5900
5900
5898
5897
5896
5896
5895
5894
5893
5893
5891
5889
5889
5889
5885
5885
5885
5884
5881
5881
5880
5879
5879
5879
5878
5877
5877
5876
5876
5875
5869
5868
5867
5867
5866
5866
5863
5863
5861
5861
5861
5860
5860
5858
5858
5856
5856
5855
5855
5854
5854
5853
5852
5852
5851
5851
5851
5851
5850
5849
5848
5848
5847
5847
5843
5841
5837
5836
5833
5831
5831
5830
5830
5830
5829
5827
5826
5822
5822
5822
5817
5817
5815
5815
5815
5815
5814
5814
5813
5810
5810
5809
5808
5808
5806
5805
5804
5804
5801
5801
5800
5798
5798
5798
5797
5796
5796
5793
5791
5790
5789
5789
5788
5788
5788
5787
5787
5787
5787
5786
5784
5784
5784
5783
5783
5782
5781
5775
5775
5774
5773
5773
5773
5772
5772
5771
5769
5769
5768
5767
5766
5765
5762
5761
5757
5757
5756
5755
5753
5750
5750
5749
5748
5747
5747
5746
5745
5744
5744
5742
5741
5740
5739
5739
5735
5735
5732
5732
5731
5731
5727
5727
5726
5725
5725
5724
5723
5722
5721
5721
5718
5717
5717
5717
5716
5715
5715
5715
5712
5712
5711
5709
5708
5708
5707
5706
5704
5704
5703
5701
5699
5699
5698
5697
5697
5697
5697
5696
5694
5692
5690
5689
5689
5688
5686
5686
5686
5686
5685
5685
5685
5684
5684
5683
5683
5681
5681
5681
5680
5680
5678
5677
5675
5675
5673
5672
5670
5670
5669
5669
5667
5666
5666
5665
5665
5665
5664
5663
5662
5661
5660
5660
5658
5656
5656
5656
5654
5654
5653
5653
5653
5652
5651
5650
5650
5647
5647
5647
5645
5645
5644
5641
5641
5640
5639
5638
5637
5636
5635
5635
5634
5634
5634
5632
5630
5630
5629
5629
5626
5625
5624
5623
5623
5622
5620
5620
5618
5618
5618
5616
5615
5615
5614
5611
5610
5610
5609
5608
5607
5607
5607
5606
5604
5604
5603
5603
5603
5602
5602
5601
5600
5597
5596
5596
5596
5594
5593
5592
5592
5591
5591
5590
5590
5588
5587
5586
5585
5584
5584
5584
5584
5580
5579
5578
5576
5574
5574
5572
5572
5572
5572
5571
5570
5569
5568
5567
5566
5566
5563
5563
5563
5559
5558
5556
5556
5555
5554
5552
5551
5551
5550
5550
5550
5548
5547
5546
5546
5546
5542
5541
5540
5540
5539
5539
5538
5537
5536
5535
5535
5535
5533
5531
5530
5530
5529
5529
5529
5528
5526
5525
5523
5523
5522
5521
5519
5518
5517
5516
5515
5514
5514
5514
5513
5512
5510
5509
5509
5509
5508
5508
5507
5507
5506
5504
5504
5502
5500
5498
5495
5495
5493
5493
5493
5492
5492
5491
5491
5490
5490
5489
5489
5488
5488
5488
5488
5487
5486
5484
5484
5483
5481
5480
5478
5476
5475
5475
5475
5474
5473
5472
5471
5471
5470
5469
5469
5467
5465
5462
5461
5460
5458
5458
5453
5452
5452
5450
5448
5447
5446
5446
5445
5443
5443
5441
5440
5440
5440
5438
5438
5436
5436
5436
5436
5433
5433
5433
5432
5432
5431
5431
5430
5430
5430
5429
5429
5429
5429
5428
5428
5427
5424
5423
5421
5421
5420
5418
5418
5417
5416
5415
5415
5415
5415
5415
5413
5410
5406
5406
5405
5404
5403
5402
5402
5401
5400
5399
5399
5399
5398
5398
5398
5397
5397
5396
5396
5396
5395
5395
5394
5394
5394
5392
5392
5392
5390
5390
5388
5388
5386
5385
5383
5383
5383
5383
5383
5382
5381
5381
5381
5380
5378
5375
5372
5370
5369
5363
5359
5359
5359
5357
5356
5356
5356
5355
5354
5353
5352
5351
5350
5350
5349
5347
5347
5345
5345
5345
5343
5343
5342
5342
5342
5341
5341
5340
5340
5340
5339
5338
5338
5337
5336
5336
5336
5336
5335
5335
5335
5335
5334
5333
5333
5332
5332
5332
5332
5331
5330
5330
5329
5329
5328
5327
5326
5326
5326
5325
5325
5325
5324
5323
5323
5323
5322
5320
5319
5319
5318
5315
5314
5314
5313
5313
5312
5312
5312
5311
5311
5311
5310
5310
5306
5304
5304
5302
5301
5300
5300
5300
5299
5299
5298
5298
5297
5297
5297
5295
5294
5294
5292
5292
5290
5289
5288
5287
5285
5285
5283
5281
5281
5281
5277
5277
5277
5276
5276
5273
5271
5269
5269
5266
5266
5263
5263
5263
5260
5260
5260
5255
5254
5254
5254
5253
5252
5249
5248
5248
5248
5244
5243
5243
5242
5241
5241
5241
5239
5237
5237
5236
5236
5236
5236
5233
5232
5231
5231
5231
5231
5231
5229
5228
5227
5227
5226
5226
5224
5224
5223
5222
5221
5220
5219
5218
5215
5215
5215
5206
5206
5205
5203
5203
5202
5200
5198
5197
5196
5196
5194
5193
5192
5192
5191
5190
5190
5189
5188
5188
5188
5187
5187
5187
5187
5185
5185
5184
5184
5183
5183
5181
5181
5180
5178
5176
5176
5174
5173
5171
5170
5169
5169
5167
5166
5164
5162
5162
5161
5161
5160
5159
5157
5156
5155
5155
5155
5154
5154
5153
5153
5153
5153
5153
5152
5152
5152
5152
5151
5150
5145
5145
5144
5144
5141
5139
5137
5137
5137
5134
5134
5133
5132
5132
5131
5131
5130
5129
5128
5127
5123
5122
5121
5120
5119
5119
5118
5118
5117
5116
5116
5115
5114
5114
5111
5111
5109
5109
5109
5108
5108
5107
5107
5104
5102
5102
5102
5101
5099
5099
5098
5096
5094
5094
5093
5093
5093
5092
5092
5091
5090
5089
5088
5086
5086
5085
5083
5081
5081
5081
5077
5077
5074
5073
5073
5072
5071
5070
5070
5070
5069
5069
5069
5069
5068
5067
5066
5066
5065
5065
5063
5063
5062
5060
5059
5059
5058
5057
5057
5055
5053
5053
5050
5047
5045
5044
5044
5043
5043
5039
5038
5037
5037
5034
5033
5033
5032
5031
5031
5030
5027
5027
5027
5024
5022
5021
5020
5019
5018
5018
5018
5016
5014
5014
5013
5012
5011
5010
5010
5010
5009
5008
5007
5005
5005
5004
5003
5002
5001
5000
4999
4999
4996
4996
4994
4991
4990
4987
4986
4986
4985
4984
4984
4984
4984
4981
4980
4978
4976
4976
4975
4973
4972
4972
4972
4972
4970
4970
4969
4968
4968
4967
4966
4966
4966
4966
4965
4965
4965
4964
4963
4962
4961
4959
4959
4958
4957
4957
4956
4956
4956
4956
4955
4954
4953
4953
4952
4951
4951
4947
4946
4943
4940
4936
4935
4934
4933
4933
4932
4931
4931
4930
4929
4929
4928
4928
4928
4927
4926
4926
4925
4925
4925
4924
4921
4920
4920
4919
4918
4917
4915
4915
4913
4911
4909
4909
4909
4907
4906
4904
4903
4902
4901
4901
4900
4897
4896
4896
4894
4894
4893
4893
4892
4891
4891
4891
4890
4890
4888
4887
4883
4882
4882
4882
4882
4881
4879
4879
4878
4878
4876
4875
4874
4872
4871
4870
4869
4867
4866
4861
4861
4859
4857
4857
4856
4856
4856
4854
4854
4853
4852
4851
4849
4849
4848
4848
4846
4845
4845
4844
4843
4843
4841
4840
4840
4838
4837
4836
4836
4836
4835
4834
4833
4830
4828
4827
4825
4825
4824
4823
4823
4823
4823
4821
4821
4821
4819
4817
4817
4815
4814
4813
4813
4812
4810
4810
4809
4807
4806
4806
4805
4804
4804
4803
4800
4800
4799
4798
4798
4792
4791
4789
4789
4789
4789
4786
4783
4783
4782
4782
4782
4777
4777
4774
4774
4773
4770
4768
4767
4767
4766
4766
4765
4764
4763
4762
4762
4760
4757
4756
4755
4755
4755
4753
4753
4752
4751
4751
4750
4749
4749
4748
4747
4745
4744
4744
4744
4741
4741
4740
4740
4740
4740
4739
4739
4739
4739
4739
4738
4737
4736
4736
4734
4732
4732
4730
4729
4728
4728
4727
4725
4725
4724
4723
4722
4722
4720
4718
4717
4717
4716
4716
4713
4713
4712
4710
4709
4706
4706
4706
4704
4704
4704
4703
4702
4702
4701
4698
4697
4697
4697
4695
4695
4694
4694
4693
4693
4692
4691
4689
4688
4688
4688
4687
4687
4686
4686
4685
4684
4684
4682
4681
4680
4680
4679
4678
4674
4673
4673
4671
4671
4669
4667
4666
4665
4665
4665
4664
4664
4662
4660
4658
4658
4657
4656
4656
4655
4652
4652
4652
4651
4650
4649
4648
4647
4647
4647
4647
4645
4645
4640
4639
4638
4636
4634
4634
4633
4632
4629
4628
4627
4624
4619
4618
4617
4617
4616
4614
4614
4614
4614
4611
4610
4608
4608
4608
4608
4605
4605
4605
4604
4603
4603
4603
4603
4601
4601
4599
4599
4598
4596
4596
4596
4596
4595
4595
4595
4593
4592
4591
4591
4588
4587
4585
4585
4584
4584
4583
4582
4582
4581
4580
4580
4580
4579
4578
4578
4577
4574
4574
4574
4573
4573
4572
4572
4570
4570
4570
4569
4568
4568
4567
4567
4567
4566
4566
4565
4563
4563
4562
4561
4559
4559
4557
4557
4554
4552
4551
4551
4550
4549
4549
4549
4549
4548
4545
4545
4539
4538
4538
4537
4534
4533
4532
4531
4528
4526
4525
4521
4521
4518
4516
4515
4515
4515
4515
4514
4514
4512
4511
4509
4508
4507
4506
4505
4504
4502
4499
4499
4499
4499
4499
4498
4497
4496
4496
4495
4493
4491
4491
4487
4487
4487
4487
4486
4485
4484
4484
4484
4483
4483
4479
4478
4477
4477
4477
4475
4475
4473
4473
4472
4470
4467
4467
4466
4466
4465
4464
4464
4463
4463
4460
4460
4460
4459
4457
4456
4455
4454
4452
4446
4445
4445
4444
4440
4437
4437
4437
4437
4436
4434
4434
4433
4432
4432
4431
4430
4430
4428
4426
4426
4426
4425
4425
4423
4422
4420
4419
4418
4414
4413
4410
4410
4409
4408
4407
4407
4407
4404
4403
4402
4402
4399
4399
4397
4396
4394
4393
4393
4393
4392
4390
4390
4390
4389
4388
4388
4388
4385
4381
4377
4376
4375
4375
4374
4373
4373
4371
4371
4371
4370
4369
4368
4368
4368
4367
4367
4366
4365
4365
4364
4363
4363
4363
4362
4362
4362
4361
4361
4359
4358
4358
4357
4357
4356
4356
4354
4352
4351
4351
4349
4348
4348
4348
4348
4345
4345
4344
4341
4340
4339
4339
4339
4337
4336
4336
4334
4334
4332
4331
4331
4330
4328
4326
4325
4325
4323
4323
4323
4322
4320
4320
4316
4315
4315
4314
4314
4314
4313
4312
4311
4309
4308
4307
4306
4305
4303
4302
4301
4300
4297
4296
4296
4296
4294
4294
4292
4290
4285
4285
4285
4285
4285
4282
4278
4276
4273
4272
4271
4271
4271
4270
4268
4267
4267
4264
4264
4262
4261
4260
4259
4258
4254
4251
4249
4248
4247
4246
4246
4246
4245
4243
4243
4241
4241
4240
4239
4239
4236
4235
4233
4232
4232
4231
4230
4229
4229
4228
4227
4227
4226
4226
4225
4224
4222
4221
4221
4219
4219
4219
4218
4218
4218
4215
4214
4214
4214
4210
4209
4207
4207
4205
4204
4203
4202
4202
4201
4201
4200
4200
4199
4197
4196
4195
4195
4194
4194
4191
4191
4190
4188
4188
4188
4187
4185
4185
4184
4181
4180
4180
4177
4176
4175
4175
4174
4172
4170
4170
4168
4168
4167
4166
4163
4163
4163
4162
4162
4160
4160
4159
4158
4156
4155
4151
4148
4148
4146
4142
4142
4142
4141
4141
4141
4140
4138
4138
4138
4137
4137
4137
4136
4133
4133
4131
4130
4130
4130
4128
4126
4125
4125
4124
4123
4122
4121
4121
4121
4119
4119
4118
4113
4113
4111
4111
4107
4104
4104
4104
4103
4102
4101
4099
4098
4097
4095
4095
4094
4093
4091
4090
4090
4089
4089
4087
4081
4081
4079
4078
4078
4078
4077
4072
4072
4072
4072
4070
4069
4067
4064
4063
4062
4061
4058
4057
4055
4052
4052
4051
4049
4049
4046
4045
4044
4043
4042
4042
4041
4040
4040
4040
4039
4039
4036
4034
4030
4030
4030
4029
4029
4029
4027
4027
4026
4026
4024
4024
4022
4021
4021
4021
4020
4020
4018
4017
4016
4015
4014
4012
4010
4010
4009
4009
4008
4008
4007
4005
4005
4003
4001
4000
3999
3998
3998
3998
3996
3996
3995
3994
3992
3992
3991
3989
3989
3988
3988
3987
3986
3986
3986
3986
3986
3984
3984
3984
3984
3979
3978
3978
3978
3978
3977
3977
3976
3976
3976
3975
3975
3974
3974
3973
3973
3972
3972
3972
3971
3971
3971
3970
3970
3970
3970
3969
3967
3963
3963
3962
3961
3961
3960
3960
3959
3958
3956
3954
3952
3951
3951
3949
3948
3947
3945
3945
3944
3941
3939
3938
3938
3937
3936
3935
3933
3933
3932
3931
3931
3929
3929
3929
3928
3927
3925
3924
3923
3923
3922
3922
3921
3917
3916
3916
3915
3915
3913
3912
3909
3909
3907
3907
3905
3904
3903
3903
3902
3901
3899
3898
3897
3896
3896
3896
3894
3893
3891
3889
3889
3889
3889
3884
3883
3883
3881
3881
3880
3880
3879
3875
3874
3873
3872
3872
3872
3870
3869
3868
3867
3866
3865
3863
3862
3861
3861
3861
3860
3860
3860
3858
3857
3855
3855
3854
3854
3853
3852
3852
3852
3851
3850
3850
3849
3848
3847
3845
3844
3843
3842
3842
3841
3841
3841
3840
3838
3838
3838
3838
3836
3836
3836
3835
3835
3831
3830
3827
3823
3823
3822
3822
3819
3816
3812
3811
3811
3811
3811
3809
3809
3808
3807
3805
3805
3805
3805
3804
3803
3801
3800
3799
3798
3797
3797
3796
3795
3794
3794
3794
3793
3792
3792
3792
3791
3791
3791
3790
3790
3788
3786
3786
3785
3784
3783
3783
3782
3779
3779
3777
3776
3775
3775
3772
3772
3771
3770
3769
3768
3767
3767
3760
3760
3757
3756
3756
3752
3747
3746
3746
3746
3744
3744
3743
3742
3742
3741
3739
3738
3734
3733
3733
3731
3731
3730
3729
3728
3728
3728
3727
3724
3723
3721
3721
3721
3720
3720
3715
3715
3714
3713
3713
3713
3712
3712
3711
3711
3710
3710
3710
3706
3704
3702
3702
3700
3699
3697
3696
3696
3695
3694
3693
3693
3691
3691
3691
3689
3688
3688
3688
3687
3685
3685
3684
3683
3682
3682
3681
3680
3678
3677
3677
3676
3674
3673
3673
3672
3672
3670
3669
3669
3669
3669
3667
3666
3662
3661
3660
3658
3658
3658
3658
3657
3657
3656
3653
3651
3651
3650
3648
3646
3645
3645
3644
3644
3644
3642
3642
3639
3639
3634
3632
3632
3631
3629
3627
3625
3625
3625
3623
3621
3621
3620
3619
3619
3618
3616
3614
3613
3610
3610
3610
3607
3607
3606
3605
3604
3604
3604
3603
3603
3602
3602
3600
3600
3598
3597
3595
3591
3589
3588
3588
3588
3587
3587
3586
3586
3586
3585
3584
3584
3583
3583
3583
3582
3582
3579
3579
3577
3576
3575
3575
3574
3574
3571
3571
3571
3569
3569
3568
3567
3566
3566
3566
3565
3565
3563
3563
3561
3561
3560
3557
3557
3556
3555
3554
3552
3552
3550
3550
3548
3546
3544
3540
3540
3539
3539
3535
3534
3534
3532
3529
3527
3525
3524
3523
3522
3520
3519
3519
3514
3513
3512
3512
3511
3510
3510
3509
3507
3506
3504
3501
3499
3497
3497
3495
3492
3492
3492
3491
3490
3490
3488
3488
3487
3487
3487
3486
3485
3485
3483
3482
3482
3481
3480
3480
3480
3479
3478
3477
3476
3476
3475
3473
3473
3471
3471
3470
3470
3469
3468
3468
3468
3467
3467
3466
3466
3465
3461
3461
3460
3459
3459
3456
3454
3454
3454
3454
3453
3452
3451
3450
3449
3448
3447
3447
3447
3447
3447
3440
3440
3439
3439
3436
3436
3433
3433
3432
3432
3431
3430
3429
3428
3428
3428
3424
3424
3424
3424
3424
3424
3423
3422
3422
3420
3420
3419
3419
3418
3418
3417
3416
3415
3411
3411
3409
3409
3408
3408
3407
3407
3407
3406
3405
3404
3401
3401
3398
3397
3397
3397
3397
3394
3393
3393
3393
3391
3391
3391
3391
3391
3389
3386
3385
3385
3385
3384
3383
3382
3381
3381
3380
3378
3377
3376
3375
3373
3373
3372
3372
3371
3369
3369
3368
3367
3366
3366
3366
3365
3363
3362
3360
3359
3357
3353
3353
3352
3351
3350
3348
3347
3346
3345
3345
3345
3344
3343
3342
3341
3341
3340
3340
3339
3339
3337
3337
3335
3335
3334
3330
3330
3330
3329
3328
3328
3328
3327
3327
3326
3325
3324
3322
3321
3319
3319
3319
3315
3314
3314
3314
3312
3311
3309
3309
3309
3308
3307
3305
3304
3304
3303
3303
3302
3301
3301
3299
3299
3297
3296
3296
3296
3293
3292
3292
3286
3285
3284
3283
3278
3278
3277
3276
3275
3273
3273
3272
3272
3270
3266
3265
3265
3264
3264
3263
3263
3262
3260
3259
3259
3258
3257
3257
3256
3254
3254
3252
3251
3250
3250
3247
3247
3246
3245
3243
3243
3243
3242
3241
3240
3240
3238
3237
3236
3236
3235
3235
3233
3232
3231
3230
3229
3228
3228
3226
3225
3225
3223
3223
3221
3221
3221
3220
3219
3216
3215
3215
3214
3212
3212
3212
3212
3211
3209
3208
3207
3205
3205
3204
3204
3204
3202
3202
3201
3199
3199
3198
3198
3196
3195
3193
3193
3190
3188
3188
3186
3184
3184
3184
3184
3184
3182
3182
3181
3180
3178
3178
3177
3176
3176
3174
3174
3174
3174
3172
3172
3172
3170
3170
3168
3165
3164
3162
3158
3158
3157
3157
3155
3155
3154
3154
3154
3153
3152
3150
3150
3148
3148
3147
3147
3146
3146
3146
3146
3146
3145
3143
3143
3143
3142
3140
3140
3140
3138
3136
3134
3134
3131
3130
3130
3125
3124
3124
3123
3122
3122
3117
3117
3113
3112
3112
3111
3111
3110
3109
3106
3106
3106
3104
3102
3098
3098
3095
3095
3091
3091
3090
3089
3088
3087
3087
3086
3086
3085
3084
3083
3083
3081
3080
3080
3080
3079
3078
3077
3076
3075
3075
3074
3074
3071
3070
3070
3070
3068
3067
3066
3064
3064
3062
3059
3057
3057
3056
3056
3056
3053
3052
3049
3049
3049
3048
3047
3047
3047
3046
3045
3043
3043
3042
3042
3042
3042
3041
3040
3040
3040
3040
3038
3038
3038
3037
3036
3036
3036
3034
3033
3032
3032
3031
3030
3030
3028
3028
3026
3024
3024
3023
3021
3018
3017
3017
3016
3015
3015
3014
3011
3010
3010
3010
3008
3008
3007
3006
3005
3005
3003
3003
3003
3001
3001
3000
2999
2999
2998
2996
2991
2990
2990
2990
2988
2988
2986
2982
2981
2978
2977
2977
2975
2975
2972
2972
2970
2970
2969
2969
2969
2967
2963
2962
2961
2960
2960
2958
2957
2955
2955
2955
2953
2952
2952
2948
2948
2947
2944
2944
2944
2943
2943
2942
2940
2939
2937
2935
2935
2933
2932
2930
2927
2923
2923
2923
2922
2922
2921
2920
2920
2920
2919
2917
2916
2915
2915
2915
2909
2908
2908
2907
2905
2905
2904
2902
2902
2902
2901
2901
2900
2899
2898
2898
2898
2897
2896
2895
2894
2893
2893
2892
2892
2890
2890
2889
2888
2887
2887
2886
2883
2883
2883
2882
2882
2881
2877
2877
2876
2874
2874
2873
2873
2871
2871
2870
2869
2868
2867
2866
2864
2862
2862
2861
2860
2859
2858
2856
2856
2855
2855
2852
2852
2852
2851
2851
2851
2851
2849
2848
2848
2847
2846
2846
2845
2845
2845
2843
2842
2840
2839
2838
2836
2835
2834
2834
2834
2831
2830
2829
2828
2828
2827
2826
2826
2826
2823
2822
2819
2818
2818
2816
2816
2815
2815
2814
2814
2813
2812
2810
2806
2806
2805
2804
2802
2802
2801
2799
2794
2792
2791
2789
2787
2779
2777
2777
2777
2774
2774
2772
2771
2769
2768
2766
2765
2763
2763
2763
2763
2760
2759
2759
2759
2759
2759
2759
2756
2755
2754
2753
2753
2752
2751
2751
2751
2751
2749
2748
2748
2747
2746
2746
2745
2745
2744
2744
2743
2742
2742
2741
2740
2739
2737
2737
2737
2736
2736
2736
2735
2734
2733
2732
2731
2729
2729
2729
2729
2728
2724
2723
2722
2719
2719
2718
2718
2718
2717
2716
2715
2714
2713
2711
2711
2708
2708
2706
2706
2705
2705
2704
2702
2701
2699
2697
2697
2697
2697
2697
2696
2695
2695
2695
2695
2693
2692
2692
2692
2692
2692
2691
2690
2689
2688
2687
2687
2686
2683
2682
2680
2674
2674
2674
2673
2669
2669
2667
2667
2666
2666
2666
2666
2665
2663
2663
2663
2663
2662
2660
2660
2659
2658
2657
2656
2654
2654
2654
2653
2652
2651
2651
2650
2649
2646
2646
2646
2645
2644
2641
2640
2639
2638
2638
2638
2638
2637
2636
2636
2634
2632
2632
2631
2631
2631
2630
2629
2627
2627
2627
2625
2624
2624
2624
2623
2618
2617
2616
2616
2615
2614
2614
2614
2612
2610
2610
2609
2608
2604
2603
2602
2602
2601
2599
2599
2597
2596
2596
2596
2595
2593
2593
2592
2591
2591
2588
2587
2586
2586
2585
2585
2581
2581
2580
2579
2578
2577
2577
2575
2575
2574
2574
2573
2572
2570
2570
2569
2569
2569
2567
2565
2565
2564
2563
2561
2559
2559
2556
2555
2555
2552
2552
2552
2550
2549
2548
2548
2548
2547
2547
2546
2545
2545
2543
2542
2540
2540
2540
2539
2539
2538
2536
2535
2535
2535
2532
2531
2530
2530
2526
2525
2524
2524
2523
2522
2521
2521
2520
2519
2518
2517
2516
2515
2514
2512
2512
2511
2509
2509
2509
2506
2505
2504
2504
2502
2501
2501
2500
2500
2499
2498
2498
2498
2496
2496
2496
2495
2495
2495
2494
2494
2493
2491
2490
2490
2489
2487
2485
2484
2483
2482
2480
2479
2479
2479
2479
2474
2473
2470
2470
2468
2468
2467
2467
2467
2464
2463
2462
2461
2460
2460
2457
2457
2457
2454
2453
2451
2450
2449
2447
2446
2442
2441
2441
2440
2440
2437
2436
2436
2434
2431
2429
2428
2428
2427
2427
2426
2425
2423
2422
2417
2417
2417
2416
2415
2412
2412
2412
2411
2410
2410
2409
2409
2409
2408
2408
2404
2404
2402
2402
2401
2400
2399
2398
2398
2397
2391
2390
2389
2389
2388
2388
2387
2387
2387
2385
2384
2384
2383
2383
2381
2380
2380
2379
2379
2378
2377
2375
2370
2370
2367
2367
2367
2366
2364
2364
2363
2363
2363
2362
2362
2362
2360
2359
2356
2356
2355
2355
2353
2353
2352
2352
2351
2351
2350
2350
2349
2348
2346
2346
2346
2344
2342
2342
2341
2338
2336
2332
2331
2330
2330
2330
2330
2330
2329
2329
2329
2328
2326
2326
2323
2322
2322
2322
2321
2320
2318
2316
2316
2315
2315
2314
2314
2312
2312
2312
2312
2311
2310
2309
2307
2307
2307
2306
2305
2305
2304
2304
2301
2294
2293
2293
2290
2286
2286
2285
2285
2283
2283
2282
2279
2276
2276
2275
2275
2274
2274
2274
2271
2270
2269
2269
2268
2268
2267
2266
2266
2266
2264
2262
2262
2261
2260
2260
2260
2259
2258
2258
2257
2257
2256
2255
2252
2251
2251
2251
2250
2249
2249
2248
2247
2243
2242
2242
2241
2240
2240
2240
2239
2239
2238
2236
2231
2231
2229
2226
2225
2224
2223
2223
2220
2219
2218
2218
2218
2217
2217
2217
2217
2210
2208
2207
2207
2206
2205
2203
2203
2202
2202
2201
2201
2199
2198
2198
2196
2196
2196
2195
2195
2195
2192
2191
2190
2189
2189
2185
2183
2182
2181
2180
2180
2180
2179
2179
2178
2178
2178
2178
2176
2175
2173
2173
2170
2170
2168
2168
2168
2165
2163
2162
2161
2159
2159
2157
2156
2156
2156
2156
2153
2151
2150
2150
2148
2148
2146
2146
2145
2144
2144
2143
2142
2140
2139
2137
2136
2135
2135
2135
2133
2133
2132
2131
2130
2129
2127
2127
2127
2126
2125
2123
2123
2123
2123
2120
2120
2117
2117
2117
2112
2112
2111
2110
2109
2107
2106
2106
2104
2104
2104
2103
2102
2101
2100
2095
2091
2091
2089
2085
2085
2084
2084
2083
2082
2082
2082
2081
2081
2080
2079
2077
2077
2075
2074
2074
2072
2071
2070
2070
2068
2065
2063
2062
2061
2060
2058
2057
2057
2057
2055
2055
2055
2054
2054
2051
2044
2043
2043
2042
2042
2041
2041
2040
2039
2039
2037
2036
2033
2032
2031
2029
2029
2029
2029
2024
2024
2023
2023
2023
2023
2022
2021
2019
2018
2017
2016
2015
2015
2010
2010
2009
2006
2006
2005
2004
2003
2002
2002
1998
1998
1997
1997
1996
1996
1995
1995
1995
1994
1994
1993
1993
1992
1990
1989
1987
1987
1986
1985
1984
1984
1980
1980
1980
1978
1978
1977
1976
1976
1975
1974
1974
1974
1974
1969
1967
1967
1966
1966
1965
1963
1963
1962
1962
1961
1961
1960
1959
1959
1957
1955
1955
1951
1951
1951
1949
1947
1947
1946
1944
1942
1941
1941
1940
1939
1937
1936
1936
1935
1934
1932
1931
1930
1928
1928
1926
1926
1925
1924
1923
1921
1921
1921
1920
1920
1920
1920
1919
1918
1917
1916
1915
1914
1914
1913
1912
1911
1910
1909
1909
1906
1905
1903
1901
1899
1898
1897
1894
1894
1894
1894
1893
1893
1891
1889
1889
1886
1886
1886
1885
1884
1878
1877
1875
1875
1875
1872
1871
1871
1870
1870
1870
1869
1867
1863
1863
1862
1862
1861
1861
1861
1860
1860
1859
1859
1858
1856
1850
1850
1842
1841
1840
1840
1836
1836
1835
1833
1831
1830
1830
1829
1828
1828
1828
1826
1826
1824
1824
1823
1822
1822
1820
1819
1819
1817
1816
1815
1814
1814
1813
1811
1808
1807
1807
1805
1805
1805
1805
1804
1803
1801
1800
1799
1799
1798
1798
1797
1795
1792
1790
1789
1789
1788
1788
1786
1785
1785
1784
1783
1782
1782
1778
1777
1774
1773
1772
1772
1772
1772
1770
1769
1769
1766
1762
1762
1762
1761
1761
1759
1758
1758
1755
1754
1754
1754
1754
1753
1753
1750
1750
1744
1744
1741
1741
1740
1740
1739
1739
1739
1738
1738
1737
1737
1736
1735
1735
1735
1734
1733
1733
1733
1733
1731
1731
1731
1731
1730
1729
1728
1728
1727
1727
1726
1726
1725
1723
1723
1723
1722
1720
1719
1719
1718
1717
1717
1717
1717
1716
1714
1714
1713
1712
1711
1707
1705
1702
1701
1700
1700
1700
1700
1699
1697
1697
1695
1694
1693
1692
1692
1692
1689
1688
1688
1687
1687
1685
1685
1684
1684
1683
1682
1680
1674
1673
1673
1672
1672
1672
1669
1669
1669
1668
1666
1665
1665
1664
1664
1662
1662
1661
1661
1659
1659
1659
1658
1658
1657
1656
1654
1653
1653
1651
1650
1650
1649
1649
1647
1642
1641
1640
1638
1638
1635
1634
1633
1632
1629
1628
1628
1625
1624
1624
1622
1622
1621
1620
1620
1620
1619
1618
1618
1617
1617
1616
1616
1615
1614
1611
1607
1607
1607
1606
1606
1606
1606
1606
1605
1604
1604
1603
1602
1600
1600
1598
1597
1597
1595
1594
1592
1591
1588
1588
1588
1586
1586
1586
1586
1585
1584
1582
1579
1578
1574
1574
1573
1573
1573
1572
1571
1570
1570
1569
1569
1569
1568
1567
1567
1566
1566
1566
1566
1565
1564
1563
1563
1562
1562
1561
1561
1559
1555
1555
1555
1554
1553
1551
1550
1549
1549
1548
1548
1547
1546
1546
1544
1543
1543
1541
1541
1539
1539
1538
1538
1537
1537
1536
1535
1534
1533
1533
1533
1532
1530
1529
1528
1527
1525
1524
1523
1522
1522
1521
1521
1521
1515
1515
1515
1512
1512
1510
1509
1509
1507
1507
1506
1505
1505
1505
1504
1503
1502
1501
1500
1498
1498
1497
1495
1494
1494
1494
1492
1492
1492
1492
1491
1491
1490
1490
1489
1489
1486
1485
1483
1481
1480
1479
1479
1479
1478
1477
1475
1474
1474
1473
1472
1471
1467
1466
1465
1464
1463
1463
1463
1462
1462
1461
1460
1460
1459
1459
1457
1456
1455
1454
1452
1452
1450
1449
1448
1448
1447
1440
1440
1439
1436
1435
1433
1433
1432
1432
1429
1429
1425
1423
1423
1421
1420
1420
1420
1419
1418
1415
1412
1410
1409
1408
1406
1402
1401
1399
1399
1398
1398
1397
1397
1395
1395
1394
1394
1393
1392
1391
1391
1390
1389
1389
1388
1387
1384
1384
1384
1382
1380
1378
1376
1375
1375
1375
1374
1373
1370
1370
1370
1369
1369
1368
1368
1366
1366
1366
1364
1364
1364
1363
1363
1361
1361
1360
1360
1359
1359
1359
1358
1357
1355
1354
1354
1351
1349
1348
1348
1347
1346
1345
1341
1340
1339
1339
1338
1337
1335
1330
1330
1330
1328
1327
1326
1326
1325
1324
1323
1322
1322
1322
1322
1322
1321
1321
1320
1319
1318
1317
1317
1316
1315
1313
1313
1312
1312
1312
1311
1309
1308
1307
1307
1305
1299
1299
1298
1297
1296
1295
1294
1293
1291
1291
1287
1284
1284
1283
1281
1281
1279
1278
1278
1277
1277
1277
1276
1273
1272
1271
1271
1268
1268
1267
1266
1266
1266
1265
1265
1265
1264
1263
1259
1259
1258
1258
1257
1257
1257
1256
1256
1254
1254
1254
1254
1251
1245
1243
1241
1241
1241
1240
1240
1239
1238
1238
1237
1236
1236
1234
1234
1231
1230
1230
1230
1227
1227
1226
1225
1224
1224
1221
1221
1220
1218
1217
1216
1216
1214
1213
1213
1212
1212
1212
1211
1208
1208
1205
1205
1205
1204
1203
1203
1201
1199
1198
1198
1197
1196
1194
1193
1191
1191
1189
1188
1188
1186
1185
1184
1183
1182
1182
1181
1179
1178
1178
1176
1176
1176
1175
1174
1174
1174
1174
1174
1173
1172
1172
1171
1170
1168
1168
1166
1165
1163
1163
1160
1159
1158
1157
1156
1155
1155
1152
1152
1151
1151
1150
1147
1146
1144
1144
1144
1143
1143
1143
1143
1143
1143
1142
1142
1142
1141
1140
1139
1139
1139
1138
1137
1136
1136
1136
1135
1135
1132
1132
1132
1131
1130
1130
1128
1128
1127
1125
1123
1121
1121
1120
1120
1118
1116
1115
1115
1114
1113
1113
1110
1110
1110
1110
1108
1107
1106
1106
1106
1102
1102
1101
1100
1097
1095
1094
1094
1091
1089
1086
1085
1085
1084
1084
1083
1082
1081
1079
1079
1078
1077
1077
1073
1071
1071
1070
1069
1068
1067
1067
1066
1065
1062
1061
1059
1059
1059
1057
1056
1055
1054
1053
1052
1052
1052
1051
1050
1049
1049
1049
1048
1047
1046
1044
1043
1041
1039
1039
1039
1038
1035
1034
1033
1032
1032
1031
1031
1031
1030
1028
1027
1027
1026
1024
1022
1022
1019
1018
1015
1011
1010
1010
1010
1010
1009
1009
1009
1009
1008
1008
1007
1007
1006
1006
1006
1005
1005
1004
999
998
998
998
998
997
995
993
991
990
989
987
985
985
985
981
979
979
978
978
977
977
976
976
975
975
975
972
972
971
970
969
969
968
968
966
966
966
965
963
963
960
960
959
958
957
956
955
955
955
953
952
952
951
951
950
950
950
949
948
948
948
947
945
943
943
942
942
940
938
937
935
933
932
928
928
927
926
926
925
924
921
919
917
916
916
916
916
915
914
913
911
910
909
909
909
908
905
905
899
898
898
897
896
894
894
892
892
892
891
890
889
888
887
887
887
885
884
881
879
879
879
878
877
877
876
876
873
871
870
869
869
867
865
864
862
861
859
859
859
859
857
856
856
855
852
850
847
847
844
842
842
841
840
839
838
835
835
834
834
833
832
831
831
830
830
829
828
827
826
825
825
824
824
821
821
821
818
818
817
817
815
815
814
812
810
807
807
806
806
804
804
804
804
804
801
799
799
795
793
791
791
790
789
789
787
787
785
785
784
782
781
776
775
774
773
773
772
771
770
769
769
766
765
764
764
764
762
760
759
759
758
758
757
755
753
753
752
752
751
751
751
750
746
746
745
744
744
742
742
742
741
740
736
735
734
732
732
732
730
727
726
723
723
721
718
716
715
715
713
713
712
711
707
706
706
705
702
702
702
700
699
697
697
695
695
690
688
687
684
684
683
682
682
682
682
682
679
678
677
677
676
676
674
674
674
672
672
670
670
669
663
662
662
659
658
658
656
656
655
655
655
654
653
653
651
649
647
646
646
643
642
641
640
639
638
638
638
637
637
636
635
635
634
631
627
627
626
626
625
624
623
622
622
620
620
620
618
618
618
617
617
616
616
615
615
613
612
610
609
609
607
607
606
603
603
602
598
596
596
596
595
594
594
592
588
587
586
586
586
585
584
581
580
578
577
577
577
576
574
574
574
573
573
573
573
573
571
569
568
568
568
567
567
565
565
562
561
560
560
560
558
558
556
556
554
551
550
549
547
546
546
546
544
544
543
542
541
540
537
536
536
536
534
534
533
533
532
532
532
531
530
529
527
525
525
523
523
523
522
522
520
520
520
516
516
514
514
513
512
511
509
509
508
506
506
506
506
504
503
502
500
499
499
497
494
493
493
491
490
490
489
489
486
486
486
486
484
484
482
479
477
477
477
477
475
475
475
474
473
472
469
468
467
465
463
462
462
462
462
461
457
456
456
455
454
454
452
452
449
448
448
447
446
445
445
442
438
437
437
436
436
435
435
433
431
431
430
430
426
424
424
422
421
421
421
419
419
419
419
418
417
413
413
408
408
407
406
405
404
404
404
402
401
400
399
397
397
393
391
390
388
387
387
386
386
385
385
385
384
384
383
382
380
380
379
378
377
375
375
373
371
370
369
368
366
366
364
361
360
359
359
356
355
354
353
352
351
351
351
351
350
350
350
347
347
345
344
343
341
340
340
338
336
335
335
335
333
333
331
330
330
330
330
330
329
329
329
328
327
325
323
323
322
322
321
321
317
317
316
316
315
313
313
312
312
312
310
309
309
309
308
308
305
305
304
304
303
302
301
300
299
299
296
295
295
294
293
293
293
290
285
285
284
282
282
279
276
275
275
275
272
271
269
269
267
266
266
265
264
263
263
262
262
261
260
259
258
258
255
253
253
253
249
246
245
244
240
240
239
238
238
236
234
233
231
228
227
226
225
224
224
224
224
223
219
218
217
217
216
214
212
211
209
208
205
205
204
204
204
202
201
201
201
201
200
198
198
198
194
194
193
191
190
189
188
186
186
186
185
183
182
182
181
176
176
175
175
174
174
170
167
167
167
167
165
164
164
164
163
162
159
159
159
159
158
157
157
157
156
156
151
150
150
150
148
147
145
144
144
144
143
142
142
139
139
136
134
133
133
132
131
128
125
124
123
120
119
119
119
117
116
115
114
113
110
110
110
108
106
106
106
106
106
103
102
101
101
97
97
97
94
94
93
91
90
87
87
85
84
84
84
83
78
78
77
75
74
71
70
70
68
68
67
66
65
65
64
57
56
56
54
53
52
51
50
48
48
47
46
46
46
45
45
44
44
43
42
40
39
38
37
37
35
34
34
32
31
31
30
29
29
29
28
26
26
25
24
23
23
22
21
20
20
20
19
17
16
15
14
10
9
7
5
4
3
3
3
2
0
