9999
9998
9998
9997
9997
9995
9994
9993
9992
9992
9992
9991
9990
9990
9988
9988
9987
9985
9985
9984
9983
9983
9983
9982
9981
9981
9978
9977
9977
9976
9975
9975
9974
9974
9973
9972
9972
9971
9970
9969
9969
9969
9967
9967
9967
9967
9964
9962
9962
9962
9961
9960
9959
9958
9957
9956
9950
9950
9950
9949
9948
9948
9947
9946
9945
9945
9945
9944
9944
9944
9944
9940
9939
9939
9937
9937
9935
9934
9934
9933
9932
9931
9930
9930
9929
9929
9929
9929
9927
9926
9925
9924
9924
9922
9921
9921
9917
9916
9915
9914
9911
9908
9906
9905
9903
9902
9900
9900
9899
9899
9897
9895
9895
9894
9889
9888
9888
9886
9886
9885
9879
9878
9878
9878
9878
9877
9877
9870
9869
9867
9867
9865
9864
9864
9862
9862
9859
9859
9859
9859
9859
9858
9858
9855
9853
9849
9849
9849
9848
9847
9842
9841
9840
9840
9838
9838
9835
9833
9832
9831
9831
9830
9829
9829
9828
9828
9827
9825
9820
9817
9816
9814
9813
9812
9812
9812
9811
9810
9808
9807
9804
9804
9803
9801
9801
9800
9800
9799
9799
9799
9799
9796
9796
9793
9792
9784
9784
9783
9782
9782
9780
9779
9779
9778
9777
9776
9776
9776
9776
9772
9769
9768
9768
9765
9763
9763
9761
9758
9756
9756
9753
9752
9751
9750
9750
9750
9749
9749
9747
9747
9746
9745
9744
9742
9742
9741
9740
9737
9736
9734
9733
9731
9728
9727
9727
9726
9724
9720
9720
9718
9717
9716
9715
9712
9711
9711
9710
9709
9705
9705
9703
9702
9702
9702
9700
9699
9698
9697
9696
9694
9694
9693
9691
9691
9690
9690
9690
9689
9688
9686
9684
9684
9683
9681
9681
9680
9678
9675
9675
9674
9673
9673
9670
9670
9669
9668
9667
9666
9666
9664
9664
9664
9662
9661
9661
9660
9660
9660
9659
9658
9658
9657
9657
9657
9656
9656
9655
9654
9653
9653
9650
9647
9647
9646
9645
9644
9644
9643
9642
9642
9641
9640
9639
9639
9638
9637
9636
9635
9634
9630
9630
9630
9630
9628
9628
9628
9623
9623
9622
9622
9622
9620
9620
9620
9619
9619
9618
9618
9613
9612
9611
9611
9611
9610
9607
9607
9606
9605
9605
9602
9602
9601
9599
9597
9596
9596
9595
9595
9595
9594
9590
9589
9584
9584
9583
9580
9579
9578
9578
9576
9575
9573
9572
9572
9570
9570
9568
9567
9567
9565
9564
9564
9563
9563
9562
9560
9557
9556
9555
9554
9554
9551
9551
9550
9549
9549
9548
9547
9547
9547
9545
9543
9541
9541
9539
9538
9537
9536
9535
9535
9533
9533
9532
9532
9530
9530
9528
9528
9526
9525
9524
9523
9523
9522
9522
9521
9521
9520
9519
9519
9517
9513
9513
9512
9512
9511
9511
9510
9509
9509
9508
9507
9505
9504
9504
9502
9502
9502
9500
9499
9498
9498
9497
9497
9495
9495
9494
9494
9492
9491
9487
9487
9487
9486
9486
9484
9484
9483
9479
9478
9478
9476
9475
9474
9474
9473
9472
9470
9470
9469
9469
9468
9468
9466
9466
9466
9465
9463
9463
9461
9461
9460
9458
9456
9455
9454
9454
9453
9452
9451
9450
9447
9445
9444
9442
9441
9439
9438
9438
9436
9436
9436
9436
9430
9429
9429
9428
9428
9427
9426
9426
9426
9424
9422
9421
9419
9419
9418
9417
9417
9416
9415
9414
9413
9412
9411
9410
9409
9409
9405
9403
9402
9401
9400
9400
9400
9397
9397
9396
9395
9394
9394
9394
9393
9392
9392
9391
9390
9389
9388
9385
9385
9383
9383
9382
9381
9381
9380
9379
9377
9377
9376
9374
9372
9372
9372
9372
9370
9369
9368
9365
9365
9363
9362
9362
9358
9358
9358
9356
9350
9349
9349
9347
9345
9345
9345
9343
9342
9342
9341
9340
9340
9339
9338
9338
9336
9336
9336
9335
9335
9334
9333
9332
9328
9328
9327
9327
9327
9326
9324
9322
9321
9321
9316
9315
9314
9313
9313
9312
9312
9311
9311
9310
9309
9309
9306
9306
9305
9305
9304
9304
9302
9301
9300
9298
9297
9293
9292
9292
9291
9291
9290
9290
9290
9290
9289
9288
9287
9286
9286
9286
9286
9285
9284
9284
9283
9283
9282
9281
9273
9272
9272
9270
9270
9269
9269
9268
9268
9266
9264
9263
9262
9260
9258
9256
9255
9255
9252
9251
9250
9250
9248
9248
9247
9246
9246
9246
9244
9241
9241
9240
9236
9235
9234
9234
9232
9231
9231
9231
9230
9230
9228
9228
9227
9226
9225
9225
9220
9216
9216
9215
9215
9215
9210
9209
9207
9207
9207
9206
9205
9203
9203
9201
9201
9200
9199
9199
9199
9199
9198
9198
9198
9198
9197
9196
9195
9195
9195
9194
9194
9194
9193
9193
9192
9192
9192
9191
9191
9190
9186
9185
9184
9183
9182
9182
9180
9179
9178
9178
9178
9176
9174
9172
9167
9166
9166
9165
9162
9162
9162
9161
9160
9158
9158
9157
9157
9156
9154
9153
9152
9151
9151
9151
9150
9150
9149
9149
9146
9146
9145
9145
9145
9144
9143
9143
9143
9140
9139
9139
9139
9139
9139
9136
9136
9134
9128
9128
9128
9124
9124
9123
9122
9122
9119
9117
9114
9114
9113
9113
9113
9112
9108
9102
9101
9099
9095
9095
9094
9093
9092
9091
9091
9089
9088
9086
9084
9082
9081
9080
9080
9079
9078
9076
9075
9074
9071
9071
9070
9069
9068
9068
9067
9067
9066
9061
9061
9060
9059
9057
9056
9056
9055
9054
9054
9053
9053
9052
9052
9051
9050
9050
9048
9047
9044
9043
9042
9042
9041
9040
9040
9039
9038
9038
9038
9037
9037
9035
9035
9031
9030
9030
9027
9025
9024
9023
9022
9018
9017
9017
9017
9015
9013
9012
9012
9010
9009
9009
9009
9009
9008
9006
9004
9003
9003
9001
9000
9000
8999
8998
8998
8998
8996
8996
8995
8992
8990
8989
8988
8988
8988
8985
8985
8984
8982
8981
8981
8980
8979
8979
8978
8975
8974
8974
8973
8973
8972
8971
8971
8969
8969
8969
8968
8967
8966
8965
8965
8965
8963
8960
8959
8958
8958
8956
8955
8955
8954
8951
8951
8950
8950
8949
8949
8948
8947
8947
8946
8945
8945
8945
8944
8944
8943
8941
8941
8940
8938
8936
8936
8933
8932
8930
8930
8928
8927
8927
8926
8924
8924
8920
8919
8918
8918
8917
8916
8915
8915
8913
8913
8912
8910
8910
8910
8909
8908
8908
8907
8907
8907
8906
8905
8903
8900
8899
8898
8897
8897
8897
8897
8895
8892
8890
8890
8890
8889
8889
8889
8887
8886
8884
8883
8882
8881
8880
8880
8879
8877
8876
8876
8875
8875
8875
8874
8873
8873
8872
8872
8870
8865
8865
8863
8863
8863
8862
8862
8861
8860
8859
8858
8856
8854
8854
8854
8854
8851
8850
8850
8846
8845
8843
8843
8842
8840
8840
8840
8839
8837
8837
8837
8836
8834
8834
8833
8832
8832
8831
8831
8831
8831
8831
8831
8830
8829
8825
8825
8825
8825
8824
8824
8824
8823
8822
8822
8821
8820
8819
8819
8818
8818
8817
8817
8815
8814
8814
8813
8808
8806
8806
8805
8805
8805
8804
8803
8803
8803
8802
8801
8801
8800
8798
8797
8796
8796
8795
8795
8795
8794
8793
8793
8792
8786
8785
8785
8779
8778
8777
8776
8776
8774
8772
8772
8772
8771
8771
8769
8768
8767
8766
8765
8765
8764
8758
8757
8757
8756
8756
8755
8755
8754
8753
8752
8749
8748
8748
8745
8745
8743
8743
8743
8743
8741
8739
8738
8738
8734
8733
8732
8731
8731
8728
8728
8728
8728
8725
8724
8724
8723
8721
8720
8719
8719
8718
8716
8716
8715
8715
8712
8711
8711
8709
8707
8707
8706
8704
8704
8703
8703
8702
8701
8701
8700
8698
8696
8696
8695
8694
8693
8692
8692
8691
8691
8691
8691
8691
8690
8690
8689
8689
8689
8689
8688
8688
8686
8685
8682
8682
8682
8681
8680
8679
8679
8678
8675
8674
8673
8672
8671
8670
8670
8669
8668
8667
8666
8666
8666
8665
8665
8664
8663
8663
8660
8660
8658
8658
8657
8656
8656
8656
8656
8653
8653
8652
8651
8651
8651
8651
8650
8650
8650
8647
8644
8641
8639
8635
8634
8634
8631
8628
8625
8623
8623
8620
8618
8618
8616
8613
8613
8610
8609
8609
8607
8607
8607
8605
8605
8604
8604
8603
8603
8603
8601
8601
8597
8597
8596
8595
8593
8592
8592
8591
8590
8590
8588
8588
8586
8584
8582
8581
8581
8581
8580
8579
8578
8576
8575
8574
8573
8571
8566
8566
8563
8562
8562
8561
8560
8559
8559
8559
8557
8557
8553
8551
8551
8550
8550
8548
8548
8546
8546
8545
8543
8542
8540
8540
8539
8538
8537
8537
8536
8536
8534
8534
8533
8533
8527
8524
8523
8521
8520
8517
8515
8514
8513
8513
8512
8512
8512
8512
8512
8511
8510
8509
8508
8507
8507
8507
8506
8504
8503
8503
8503
8502
8501
8498
8493
8493
8493
8492
8489
8488
8486
8486
8484
8484
8483
8483
8482
8481
8481
8480
8480
8480
8477
8475
8472
8472
8472
8471
8471
8469
8469
8469
8468
8468
8467
8466
8466
8463
8463
8462
8460
8460
8459
8459
8457
8457
8453
8452
8451
8449
8447
8445
8445
8445
8442
8442
8442
8442
8441
8439
8438
8438
8438
8437
8435
8434
8433
8433
8433
8433
8430
8428
8427
8427
8424
8424
8421
8420
8418
8418
8418
8417
8416
8415
8415
8411
8411
8410
8409
8408
8408
8405
8403
8402
8401
8401
8399
8398
8397
8396
8395
8394
8393
8392
8390
8387
8386
8386
8384
8384
8381
8381
8380
8377
8377
8376
8375
8372
8371
8370
8370
8368
8367
8365
8365
8362
8361
8360
8359
8358
8355
8355
8354
8351
8349
8347
8347
8345
8344
8343
8342
8341
8340
8339
8339
8338
8338
8337
8337
8335
8335
8335
8335
8334
8334
8332
8332
8329
8328
8324
8324
8323
8322
8322
8319
8319
8318
8318
8318
8317
8316
8316
8315
8314
8313
8313
8313
8311
8311
8307
8307
8304
8303
8302
8301
8301
8299
8299
8298
8297
8293
8291
8289
8289
8288
8287
8285
8284
8284
8283
8281
8281
8279
8277
8277
8276
8276
8275
8274
8274
8274
8273
8273
8266
8265
8265
8262
8262
8261
8258
8256
8255
8255
8255
8255
8253
8253
8251
8251
8250
8249
8249
8248
8248
8247
8246
8244
8242
8242
8242
8241
8240
8239
8238
8237
8237
8237
8236
8235
8234
8234
8234
8233
8232
8231
8229
8228
8227
8227
8224
8224
8221
8220
8219
8215
8214
8214
8211
8209
8204
8204
8203
8202
8201
8201
8200
8197
8196
8195
8195
8195
8192
8192
8189
8188
8188
8185
8185
8184
8184
8182
8182
8181
8181
8181
8180
8179
8178
8176
8175
8175
8172
8172
8172
8171
8170
8169
8168
8166
8166
8163
8161
8161
8160
8158
8156
8156
8155
8152
8151
8151
8150
8149
8149
8149
8148
8147
8146
8146
8144
8141
8140
8139
8139
8139
8138
8136
8136
8135
8134
8134
8134
8132
8131
8129
8127
8126
8125
8124
8122
8122
8121
8119
8118
8117
8117
8117
8117
8117
8112
8111
8111
8111
8110
8110
8109
8108
8107
8107
8103
8103
8102
8101
8101
8100
8099
8098
8097
8095
8095
8094
8091
8090
8090
8090
8088
8088
8088
8087
8086
8084
8084
8082
8082
8081
8078
8077
8072
8071
8071
8070
8070
8069
8069
8069
8066
8061
8060
8058
8056
8056
8054
8053
8051
8050
8049
8049
8048
8048
8047
8047
8047
8046
8045
8045
8043
8042
8042
8042
8041
8041
8039
8038
8037
8037
8035
8034
8033
8033
8031
8031
8030
8030
8029
8027
8024
8024
8024
8022
8022
8022
8022
8020
8018
8017
8017
8017
8014
8013
8013
8013
8013
8010
8009
8008
8007
8005
8004
8004
8003
8002
8001
8001
8000
7998
7997
7995
7995
7994
7992
7992
7992
7991
7990
7990
7990
7989
7989
7989
7989
7988
7987
7987
7987
7986
7985
7984
7984
7983
7983
7983
7982
7982
7981
7981
7978
7978
7977
7977
7974
7974
7974
7972
7970
7970
7968
7968
7968
7966
7965
7965
7965
7965
7964
7964
7964
7961
7961
7961
7960
7960
7959
7959
7958
7958
7958
7957
7957
7956
7955
7955
7954
7953
7953
7952
7952
7949
7948
7947
7947
7945
7945
7945
7944
7943
7943
7942
7941
7940
7939
7938
7937
7935
7932
7930
7927
7925
7923
7922
7922
7921
7920
7917
7917
7916
7916
7916
7915
7915
7914
7914
7914
7911
7908
7908
7908
7907
7906
7906
7905
7903
7898
7894
7893
7892
7892
7892
7891
7891
7890
7890
7890
7889
7888
7887
7887
7886
7885
7884
7883
7882
7881
7881
7880
7879
7878
7877
7877
7874
7874
7874
7873
7873
7873
7873
7872
7872
7872
7870
7868
7867
7866
7866
7864
7863
7863
7862
7862
7861
7860
7860
7859
7858
7857
7855
7855
7855
7855
7854
7853
7849
7849
7849
7848
7847
7846
7846
7845
7844
7843
7843
7842
7842
7842
7841
7840
7840
7838
7836
7834
7832
7832
7831
7831
7829
7828
7827
7827
7827
7825
7823
7820
7820
7820
7818
7817
7815
7815
7814
7814
7814
7814
7812
7812
7812
7811
7808
7805
7805
7804
7804
7801
7799
7799
7799
7799
7799
7797
7795
7795
7795
7794
7794
7792
7791
7791
7791
7791
7789
7789
7785
7784
7784
7782
7781
7780
7780
7778
7778
7778
7777
7776
7776
7773
7773
7771
7769
7769
7768
7767
7767
7764
7764
7763
7763
7763
7763
7762
7761
7760
7760
7759
7758
7757
7756
7756
7756
7756
7754
7754
7753
7752
7752
7751
7751
7750
7750
7749
7748
7748
7747
7747
7746
7746
7745
7744
7743
7741
7741
7740
7739
7739
7734
7734
7733
7731
7731
7730
7729
7729
7728
7728
7728
7727
7727
7725
7724
7720
7720
7716
7715
7714
7710
7710
7710
7709
7708
7708
7707
7705
7705
7704
7703
7703
7702
7702
7702
7699
7699
7699
7698
7698
7692
7691
7691
7688
7687
7687
7687
7686
7685
7684
7684
7683
7683
7682
7679
7678
7675
7675
7674
7674
7672
7671
7671
7670
7669
7668
7667
7666
7663
7661
7661
7660
7660
7657
7655
7653
7651
7648
7645
7644
7643
7642
7641
7639
7637
7636
7634
7634
7632
7632
7630
7629
7629
7628
7627
7626
7624
7621
7621
7621
7620
7616
7616
7614
7614
7614
7612
7612
7612
7612
7611
7610
7610
7608
7607
7606
7606
7604
7602
7600
7600
7598
7595
7595
7593
7592
7587
7586
7585
7584
7584
7583
7582
7580
7580
7580
7580
7579
7578
7577
7573
7571
7571
7570
7570
7569
7569
7568
7568
7568
7567
7567
7566
7565
7563
7562
7561
7561
7560
7560
7558
7557
7557
7556
7556
7555
7553
7551
7550
7546
7545
7544
7542
7542
7542
7542
7540
7540
7540
7538
7533
7530
7525
7521
7520
7519
7519
7518
7518
7517
7516
7513
7512
7511
7509
7508
7507
7506
7506
7505
7505
7503
7502
7500
7499
7496
7495
7493
7490
7489
7488
7488
7488
7488
7488
7486
7484
7484
7482
7482
7479
7477
7476
7476
7476
7473
7473
7472
7471
7471
7469
7469
7469
7469
7468
7467
7466
7465
7462
7462
7461
7459
7458
7457
7455
7454
7454
7453
7453
7452
7448
7448
7448
7447
7447
7447
7446
7444
7438
7437
7434
7433
7433
7433
7432
7432
7431
7431
7431
7429
7429
7429
7427
7426
7425
7425
7424
7424
7423
7423
7421
7420
7420
7419
7419
7419
7419
7419
7417
7416
7415
7414
7412
7412
7412
7412
7411
7409
7407
7406
7406
7406
7405
7405
7405
7402
7401
7401
7400
7400
7400
7400
7399
7398
7398
7396
7395
7394
7394
7393
7391
7391
7389
7389
7388
7388
7387
7386
7385
7383
7379
7379
7378
7376
7375
7373
7372
7371
7368
7367
7366
7366
7365
7365
7365
7363
7363
7362
7362
7362
7358
7356
7355
7354
7353
7352
7352
7347
7346
7345
7345
7344
7338
7338
7336
7334
7333
7333
7332
7329
7327
7327
7326
7326
7326
7325
7325
7324
7323
7322
7322
7321
7320
7320
7319
7317
7316
7315
7315
7314
7314
7313
7313
7312
7311
7309
7309
7309
7308
7303
7300
7299
7298
7298
7295
7295
7292
7292
7289
7288
7285
7284
7280
7278
7273
7271
7269
7268
7267
7267
7266
7261
7261
7258
7257
7257
7257
7257
7256
7255
7254
7252
7249
7249
7249
7248
7248
7247
7246
7246
7246
7245
7244
7243
7243
7241
7241
7241
7240
7239
7238
7238
7238
7236
7236
7235
7234
7233
7232
7229
7229
7228
7228
7227
7226
7225
7222
7220
7220
7219
7218
7218
7217
7216
7216
7216
7215
7212
7211
7210
7210
7210
7208
7208
7207
7206
7204
7203
7202
7201
7199
7198
7197
7196
7196
7196
7194
7194
7194
7193
7193
7193
7192
7191
7191
7189
7188
7188
7187
7187
7186
7186
7186
7185
7184
7183
7182
7181
7179
7178
7178
7177
7177
7176
7176
7174
7174
7172
7172
7171
7170
7169
7169
7169
7166
7166
7165
7164
7164
7162
7162
7160
7160
7160
7159
7157
7154
7153
7153
7152
7151
7149
7149
7147
7144
7144
7143
7142
7142
7142
7141
7139
7138
7137
7136
7134
7132
7132
7132
7131
7129
7128
7128
7126
7126
7125
7125
7123
7122
7121
7120
7118
7118
7115
7112
7112
7111
7109
7109
7107
7106
7105
7105
7104
7104
7104
7101
7101
7098
7097
7096
7093
7093
7092
7090
7089
7088
7088
7087
7085
7085
7084
7084
7078
7078
7077
7077
7077
7076
7074
7073
7071
7071
7070
7070
7069
7068
7067
7067
7067
7066
7066
7066
7065
7064
7064
7063
7063
7061
7061
7059
7057
7057
7057
7057
7055
7053
7053
7053
7051
7051
7050
7049
7047
7047
7045
7042
7042
7041
7040
7039
7039
7039
7038
7036
7036
7033
7030
7029
7027
7027
7025
7022
7019
7018
7017
7017
7016
7015
7012
7011
7010
7010
7010
7010
7009
7008
7006
7006
7006
7006
7005
7004
7001
7000
6998
6997
6997
6997
6997
6996
6996
6996
6996
6996
6995
6993
6992
6992
6992
6991
6988
6988
6988
6988
6986
6986
6986
6985
6983
6982
6980
6979
6979
6978
6976
6976
6976
6974
6973
6972
6972
6972
6971
6971
6969
6968
6967
6966
6966
6966
6959
6959
6958
6958
6957
6953
6952
6950
6950
6949
6949
6949
6947
6944
6943
6941
6940
6939
6939
6938
6937
6936
6935
6935
6935
6934
6934
6933
6933
6932
6930
6930
6923
6922
6921
6920
6920
6919
6918
6918
6917
6916
6916
6915
6915
6914
6911
6910
6909
6908
6908
6907
6905
6905
6904
6903
6903
6902
6900
6899
6897
6893
6893
6892
6892
6891
6891
6890
6889
6888
6887
6887
6887
6887
6887
6886
6885
6885
6885
6884
6883
6883
6882
6880
6880
6879
6878
6877
6876
6876
6876
6875
6875
6875
6874
6874
6872
6869
6867
6866
6865
6865
6863
6861
6860
6860
6858
6857
6856
6853
6853
6853
6852
6852
6849
6849
6848
6847
6847
6846
6846
6845
6845
6844
6844
6842
6842
6840
6837
6835
6831
6831
6831
6830
6829
6826
6824
6823
6821
6821
6820
6820
6816
6815
6815
6812
6810
6809
6809
6808
6807
6807
6806
6806
6805
6805
6804
6803
6801
6800
6800
6799
6798
6797
6795
6794
6793
6792
6790
6788
6787
6786
6785
6783
6782
6780
6778
6778
6775
6775
6773
6773
6772
6772
6771
6769
6769
6768
6768
6767
6766
6764
6762
6760
6758
6758
6758
6757
6756
6756
6756
6755
6754
6752
6751
6751
6751
6750
6749
6748
6747
6746
6745
6745
6744
6743
6740
6740
6738
6737
6737
6735
6735
6733
6731
6730
6727
6727
6727
6726
6724
6722
6721
6721
6721
6721
6721
6719
6719
6716
6716
6716
6713
6710
6710
6708
6707
6707
6707
6704
6703
6703
6703
6703
6703
6702
6702
6701
6700
6700
6698
6698
6697
6697
6696
6696
6695
6693
6692
6692
6691
6690
6689
6688
6688
6688
6687
6687
6686
6685
6684
6682
6681
6676
6676
6676
6675
6674
6672
6670
6667
6665
6664
6660
6656
6654
6653
6653
6652
6652
6650
6648
6648
6647
6647
6647
6646
6645
6644
6639
6639
6638
6637
6637
6636
6636
6635
6634
6634
6633
6633
6630
6630
6630
6629
6624
6624
6623
6623
6623
6623
6621
6621
6620
6619
6617
6616
6615
6614
6610
6609
6607
6607
6607
6606
6605
6605
6603
6603
6601
6601
6601
6600
6599
6597
6595
6595
6594
6593
6592
6590
6590
6590
6590
6589
6588
6587
6586
6583
6582
6581
6580
6579
6578
6577
6577
6576
6576
6575
6575
6575
6573
6570
6568
6568
6567
6566
6565
6563
6561
6559
6558
6556
6554
6551
6550
6549
6549
6548
6548
6548
6546
6546
6545
6544
6542
6541
6537
6536
6535
6533
6533
6533
6531
6530
6530
6528
6526
6526
6526
6525
6525
6524
6523
6523
6522
6522
6520
6519
6519
6518
6518
6516
6516
6516
6516
6515
6515
6514
6512
6510
6510
6509
6509
6508
6508
6505
6504
6503
6502
6500
6499
6496
6496
6494
6493
6493
6493
6492
6491
6490
6489
6489
6489
6487
6484
6482
6481
6480
6479
6478
6477
6477
6475
6472
6470
6469
6467
6464
6462
6461
6461
6460
6459
6459
6458
6456
6456
6454
6453
6453
6453
6453
6450
6449
6449
6447
6446
6446
6445
6445
6445
6442
6441
6441
6440
6440
6438
6437
6436
6436
6434
6434
6434
6430
6429
6428
6427
6427
6426
6420
6418
6417
6417
6416
6414
6413
6413
6412
6412
6411
6410
6410
6410
6409
6407
6407
6406
6406
6406
6404
6403
6403
6401
6401
6401
6400
6400
6400
6399
6399
6399
6398
6394
6392
6392
6390
6389
6388
6387
6387
6387
6385
6384
6384
6384
6383
6382
6382
6382
6382
6381
6380
6378
6377
6374
6374
6373
6373
6372
6369
6369
6368
6368
6368
6368
6367
6365
6365
6365
6365
6363
6363
6360
6359
6357
6356
6356
6355
6355
6352
6352
6351
6350
6350
6350
6350
6349
6347
6345
6343
6342
6340
6340
6338
6337
6337
6336
6335
6334
6334
6334
6333
6332
6331
6330
6329
6329
6328
6326
6325
6325
6323
6322
6321
6319
6312
6312
6310
6310
6309
6309
6308
6307
6307
6306
6305
6303
6302
6299
6297
6297
6297
6297
6297
6296
6296
6295
6295
6294
6294
6294
6293
6291
6291
6291
6291
6289
6289
6288
6288
6286
6285
6282
6278
6276
6274
6271
6269
6269
6267
6266
6265
6263
6260
6259
6258
6258
6257
6255
6255
6254
6254
6254
6253
6252
6252
6251
6251
6249
6248
6248
6247
6246
6246
6246
6246
6240
6239
6239
6239
6235
6234
6233
6233
6232
6231
6229
6228
6227
6225
6224
6223
6222
6221
6221
6220
6218
6218
6218
6216
6215
6215
6215
6214
6214
6214
6212
6212
6210
6209
6208
6206
6204
6204
6203
6201
6201
6200
6199
6199
6198
6198
6195
6195
6194
6194
6193
6190
6190
6189
6189
6189
6188
6186
6185
6184
6184
6182
6182
6181
6180
6179
6178
6177
6176
6175
6174
6174
6172
6172
6169
6169
6168
6168
6167
6166
6165
6161
6158
6157
6155
6153
6153
6152
6150
6150
6150
6149
6148
6148
6147
6147
6145
6144
6143
6142
6141
6141
6141
6140
6138
6137
6136
6135
6134
6133
6132
6131
6131
6129
6128
6127
6126
6125
6123
6121
6119
6119
6117
6117
6116
6116
6115
6114
6114
6113
6113
6112
6112
6112
6110
6110
6110
6109
6109
6108
6108
6108
6108
6108
6106
6104
6101
6101
6100
6099
6098
6097
6097
6095
6094
6094
6093
6093
6090
6090
6089
6089
6089
6087
6087
6086
6086
6086
6085
6085
6083
6083
6082
6080
6078
6077
6077
6077
6077
6074
6073
6073
6073
6072
6071
6070
6069
6068
6068
6067
6067
6064
6063
6061
6061
6061
6060
6060
6059
6057
6056
6056
6054
6052
6052
6049
6049
6048
6047
6046
6046
6045
6044
6043
6041
6041
6039
6039
6038
6033
6032
6032
6032
6030
6030
6029
6027
6026
6023
6023
6023
6022
6022
6022
6021
6021
6021
6020
6020
6020
6019
6017
6016
6015
6015
6014
6014
6013
6013
6011
6010
6008
6008
6007
6007
6007
6006
6005
6005
6004
6001
6000
5997
5994
5993
5992
5991
5990
5989
5989
5989
5987
5982
5981
5981
5981
5981
5978
5977
5977
5977
5975
5975
5975
5975
5974
5974
5973
5971
5970
5970
5970
5968
5967
5967
5964
5963
5961
5959
5959
5957
5957
5946
5945
5944
5944
5944
5943
5943
5942
5941
5940
5939
5939
5937
5937
5937
5935
5930
5930
5929
5927
5921
5920
5917
5917
5916
5914
5914
5913
5910
5909
5907
5906
5903
5902
5901
5900
5899
5898
5895
5892
5892
5891
5889
5889
5888
5887
5887
5887
5885
5884
5882
5880
5880
5878
5878
5877
5872
5872
5871
5871
5870
5870
5870
5865
5863
5863
5862
5858
5853
5852
5852
5852
5852
5852
5852
5849
5847
5847
5845
5844
5844
5844
5843
5841
5841
5839
5836
5835
5835
5834
5834
5833
5833
5832
5831
5831
5829
5829
5828
5828
5827
5826
5826
5821
5819
5818
5818
5818
5817
5817
5817
5814
5814
5813
5813
5811
5811
5809
5806
5804
5803
5802
5802
5800
5800
5800
5799
5799
5798
5798
5798
5797
5796
5796
5795
5794
5793
5790
5790
5789
5789
5788
5788
5788
5786
5785
5785
5784
5782
5781
5780
5780
5780
5777
5776
5775
5775
5775
5774
5774
5774
5773
5773
5771
5770
5769
5768
5768
5767
5766
5766
5764
5762
5762
5760
5759
5758
5758
5757
5756
5755
5755
5755
5754
5752
5751
5749
5748
5747
5744
5744
5743
5742
5740
5739
5739
5738
5737
5737
5734
5732
5730
5730
5727
5727
5726
5725
5725
5724
5723
5722
5722
5720
5719
5719
5717
5716
5716
5714
5713
5712
5710
5710
5709
5708
5707
5706
5706
5706
5706
5705
5705
5705
5704
5701
5701
5700
5698
5698
5697
5694
5694
5694
5693
5693
5692
5692
5690
5689
5689
5689
5686
5686
5685
5684
5683
5682
5682
5678
5676
5673
5673
5672
5671
5669
5669
5668
5668
5667
5667
5666
5665
5665
5664
5663
5661
5661
5659
5659
5659
5659
5658
5657
5657
5656
5656
5656
5653
5651
5650
5649
5646
5644
5644
5644
5643
5643
5639
5638
5638
5638
5637
5637
5636
5636
5635
5634
5629
5628
5628
5627
5625
5625
5624
5623
5622
5621
5621
5621
5620
5619
5619
5617
5617
5616
5616
5615
5612
5612
5611
5610
5609
5609
5608
5607
5607
5607
5606
5606
5605
5604
5603
5603
5602
5601
5600
5600
5599
5599
5598
5598
5598
5597
5597
5596
5595
5594
5593
5592
5591
5591
5590
5589
5588
5587
5586
5585
5583
5582
5581
5580
5579
5578
5578
5576
5576
5575
5575
5574
5574
5574
5573
5570
5569
5568
5564
5564
5564
5563
5563
5563
5562
5562
5561
5560
5560
5559
5557
5556
5556
5553
5553
5551
5551
5551
5548
5547
5547
5547
5546
5545
5545
5543
5542
5541
5541
5540
5538
5538
5537
5537
5536
5533
5533
5531
5526
5525
5525
5524
5524
5524
5524
5523
5523
5523
5522
5522
5521
5521
5521
5520
5520
5520
5516
5515
5515
5515
5514
5513
5512
5512
5511
5510
5509
5508
5508
5506
5506
5505
5504
5504
5503
5503
5501
5499
5498
5497
5496
5496
5496
5495
5495
5495
5494
5493
5493
5493
5492
5492
5491
5490
5490
5490
5488
5488
5487
5487
5486
5485
5483
5481
5481
5479
5478
5478
5478
5477
5477
5476
5473
5471
5471
5471
5470
5470
5470
5470
5469
5468
5468
5468
5468
5467
5466
5465
5465
5464
5464
5462
5461
5459
5459
5458
5457
5455
5455
5453
5453
5452
5452
5451
5451
5451
5450
5450
5448
5447
5447
5444
5444
5443
5442
5442
5441
5440
5440
5440
5439
5436
5435
5434
5434
5432
5431
5431
5430
5429
5428
5428
5428
5428
5427
5426
5425
5423
5419
5416
5415
5415
5415
5415
5414
5413
5413
5411
5410
5409
5408
5407
5407
5406
5403
5403
5402
5402
5399
5399
5396
5396
5393
5392
5392
5388
5387
5387
5384
5383
5381
5381
5380
5380
5380
5378
5377
5375
5375
5374
5373
5372
5372
5372
5368
5368
5366
5366
5366
5364
5364
5361
5361
5357
5357
5357
5357
5355
5354
5352
5350
5349
5348
5348
5346
5345
5345
5344
5341
5341
5340
5340
5339
5337
5333
5333
5331
5329
5329
5329
5327
5326
5326
5326
5326
5324
5324
5322
5322
5319
5318
5316
5315
5315
5313
5312
5311
5311
5310
5309
5308
5308
5308
5307
5306
5306
5305
5303
5302
5298
5298
5298
5297
5297
5295
5295
5294
5293
5292
5292
5292
5291
5291
5289
5286
5286
5285
5283
5282
5282
5282
5281
5281
5281
5279
5278
5278
5275
5275
5273
5272
5268
5266
5265
5264
5263
5262
5262
5261
5261
5260
5259
5259
5258
5256
5254
5252
5251
5250
5249
5248
5248
5247
5246
5246
5244
5243
5243
5242
5242
5242
5242
5241
5241
5240
5239
5239
5237
5237
5236
5236
5235
5234
5234
5232
5232
5232
5232
5231
5230
5228
5227
5227
5226
5226
5225
5223
5223
5223
5222
5222
5221
5218
5216
5215
5213
5211
5209
5209
5204
5204
5203
5203
5201
5199
5197
5197
5195
5193
5192
5192
5192
5192
5190
5188
5188
5187
5185
5183
5181
5180
5180
5176
5176
5176
5174
5172
5172
5172
5172
5172
5171
5170
5168
5168
5168
5166
5166
5166
5166
5163
5162
5160
5159
5158
5157
5157
5157
5156
5154
5153
5152
5152
5151
5151
5151
5146
5145
5145
5145
5144
5144
5144
5143
5142
5141
5140
5139
5137
5136
5135
5135
5135
5134
5134
5131
5131
5129
5128
5128
5128
5128
5128
5127
5123
5121
5121
5119
5118
5116
5114
5113
5111
5107
5107
5106
5104
5102
5102
5101
5100
5099
5099
5098
5098
5095
5095
5094
5093
5092
5090
5089
5088
5087
5087
5086
5085
5085
5084
5083
5081
5080
5079
5078
5078
5078
5077
5076
5076
5076
5075
5074
5073
5072
5071
5071
5070
5070
5069
5068
5067
5067
5065
5065
5064
5063
5063
5063
5062
5061
5061
5061
5061
5060
5059
5058
5058
5058
5057
5054
5053
5052
5051
5050
5050
5050
5049
5049
5048
5047
5046
5043
5043
5043
5042
5041
5041
5040
5040
5039
5036
5035
5034
5031
5030
5029
5027
5026
5025
5025
5025
5024
5023
5023
5023
5022
5022
5020
5020
5020
5018
5015
5015
5013
5012
5011
5009
5007
5007
5007
5006
5006
5004
5000
5000
5000
4999
4999
4998
4998
4997
4997
4997
4997
4996
4995
4995
4994
4994
4993
4993
4992
4989
4989
4986
4985
4985
4984
4981
4980
4976
4976
4976
4975
4975
4967
4965
4965
4963
4961
4960
4959
4958
4958
4958
4957
4957
4956
4956
4956
4956
4956
4955
4953
4952
4952
4951
4950
4949
4946
4946
4942
4942
4941
4939
4939
4938
4938
4937
4936
4935
4932
4931
4931
4930
4929
4928
4928
4927
4925
4925
4924
4924
4924
4923
4921
4920
4919
4917
4917
4916
4916
4915
4915
4914
4914
4913
4912
4912
4910
4909
4909
4909
4906
4905
4905
4902
4901
4901
4899
4899
4897
4896
4893
4893
4891
4889
4888
4884
4883
4883
4881
4880
4880
4879
4877
4877
4877
4876
4875
4875
4875
4874
4873
4871
4869
4868
4868
4868
4867
4867
4866
4866
4865
4864
4864
4861
4861
4861
4855
4854
4852
4851
4850
4847
4847
4846
4846
4845
4844
4843
4842
4842
4840
4838
4838
4838
4837
4837
4836
4835
4833
4828
4826
4826
4826
4826
4825
4825
4823
4822
4822
4821
4821
4819
4818
4817
4817
4816
4816
4815
4815
4814
4813
4812
4811
4810
4808
4808
4808
4806
4805
4805
4804
4803
4802
4801
4801
4799
4797
4796
4793
4793
4792
4788
4782
4782
4781
4779
4778
4778
4777
4776
4775
4773
4773
4772
4769
4769
4769
4768
4768
4767
4767
4767
4766
4766
4766
4766
4764
4764
4764
4762
4760
4760
4757
4756
4755
4754
4753
4752
4750
4750
4748
4748
4747
4746
4745
4745
4745
4745
4744
4744
4739
4738
4738
4738
4736
4735
4735
4730
4729
4729
4728
4728
4728
4728
4727
4725
4724
4724
4723
4722
4721
4721
4720
4720
4718
4718
4718
4716
4716
4715
4714
4713
4713
4713
4711
4711
4711
4711
4710
4710
4707
4705
4704
4704
4703
4700
4700
4698
4698
4697
4695
4694
4693
4692
4691
4691
4691
4690
4689
4688
4687
4686
4685
4683
4682
4681
4681
4681
4678
4677
4676
4675
4675
4673
4672
4671
4671
4670
4668
4667
4667
4664
4664
4664
4663
4663
4662
4659
4658
4658
4657
4654
4652
4651
4651
4649
4649
4648
4648
4647
4645
4641
4640
4639
4639
4637
4634
4632
4631
4630
4630
4630
4629
4629
4628
4628
4626
4625
4625
4624
4623
4623
4621
4617
4614
4614
4614
4612
4610
4610
4607
4606
4604
4604
4604
4604
4602
4602
4600
4600
4599
4598
4597
4597
4596
4596
4596
4595
4595
4594
4592
4590
4589
4587
4587
4586
4584
4583
4581
4580
4577
4575
4575
4574
4573
4573
4572
4570
4569
4569
4568
4566
4565
4564
4562
4562
4561
4561
4561
4559
4558
4557
4557
4555
4553
4553
4551
4549
4547
4546
4543
4542
4542
4541
4540
4539
4539
4538
4538
4536
4534
4532
4532
4531
4531
4530
4529
4529
4529
4529
4529
4528
4528
4525
4525
4524
4523
4523
4523
4522
4520
4520
4520
4519
4519
4518
4517
4512
4506
4505
4505
4504
4503
4502
4502
4499
4498
4497
4497
4497
4497
4497
4495
4495
4495
4494
4494
4493
4493
4492
4491
4489
4489
4487
4486
4484
4484
4484
4483
4483
4483
4482
4481
4480
4480
4479
4479
4479
4479
4479
4479
4476
4474
4472
4472
4472
4470
4470
4468
4467
4467
4461
4460
4459
4459
4458
4458
4458
4457
4457
4456
4456
4456
4455
4455
4453
4452
4451
4450
4450
4450
4449
4449
4449
4449
4448
4448
4447
4447
4446
4446
4444
4442
4442
4442
4441
4441
4438
4437
4437
4436
4436
4434
4434
4433
4432
4431
4431
4430
4429
4428
4428
4427
4422
4421
4415
4413
4413
4411
4411
4409
4407
4403
4403
4401
4401
4401
4397
4397
4397
4397
4397
4394
4393
4391
4390
4389
4389
4386
4386
4385
4385
4384
4383
4382
4382
4379
4379
4379
4378
4376
4370
4368
4368
4367
4365
4363
4363
4363
4363
4362
4361
4360
4359
4359
4357
4357
4357
4357
4357
4357
4355
4354
4354
4353
4353
4352
4350
4349
4349
4348
4348
4348
4348
4347
4347
4345
4344
4343
4343
4341
4341
4340
4340
4338
4337
4336
4336
4335
4333
4333
4332
4331
4331
4330
4330
4329
4329
4327
4325
4324
4321
4320
4319
4319
4319
4318
4318
4317
4317
4317
4316
4316
4315
4314
4314
4314
4313
4313
4312
4311
4309
4309
4309
4308
4307
4306
4306
4305
4304
4303
4302
4301
4300
4299
4298
4297
4295
4294
4291
4291
4290
4289
4287
4286
4286
4285
4283
4281
4281
4279
4279
4279
4277
4277
4277
4276
4276
4275
4275
4274
4273
4270
4270
4268
4268
4263
4260
4259
4258
4258
4258
4258
4257
4256
4252
4249
4248
4248
4247
4247
4246
4245
4244
4244
4243
4242
4239
4239
4238
4238
4238
4238
4236
4236
4234
4234
4234
4231
4230
4230
4229
4228
4228
4228
4226
4226
4224
4224
4224
4221
4220
4220
4219
4219
4217
4216
4216
4215
4215
4215
4214
4212
4212
4211
4210
4209
4209
4206
4206
4206
4206
4206
4204
4203
4203
4200
4198
4198
4198
4198
4198
4197
4197
4196
4196
4194
4194
4192
4190
4188
4187
4187
4186
4185
4184
4182
4182
4181
4181
4180
4178
4176
4176
4176
4174
4174
4174
4171
4169
4169
4166
4166
4165
4165
4164
4163
4162
4161
4161
4160
4160
4159
4159
4158
4155
4155
4154
4151
4150
4150
4149
4149
4148
4148
4148
4145
4144
4142
4142
4140
4140
4139
4137
4135
4135
4134
4132
4127
4126
4125
4124
4124
4123
4123
4121
4121
4120
4120
4119
4119
4118
4115
4115
4115
4113
4111
4110
4110
4106
4106
4104
4104
4102
4102
4102
4102
4102
4100
4097
4094
4094
4093
4092
4092
4091
4089
4089
4088
4087
4087
4086
4082
4080
4078
4078
4077
4076
4075
4075
4075
4074
4071
4071
4069
4067
4067
4066
4066
4065
4064
4062
4060
4059
4058
4058
4057
4056
4056
4055
4054
4054
4054
4053
4053
4053
4052
4052
4051
4050
4048
4048
4047
4044
4043
4043
4042
4042
4041
4040
4038
4036
4035
4034
4034
4032
4031
4031
4031
4029
4029
4028
4027
4027
4026
4026
4026
4026
4024
4023
4021
4021
4018
4017
4016
4016
4013
4012
4011
4010
4008
4005
4002
4001
4000
3999
3999
3999
3999
3997
3993
3992
3991
3990
3990
3989
3988
3987
3986
3984
3984
3983
3983
3981
3980
3980
3979
3979
3976
3976
3976
3975
3975
3974
3972
3972
3972
3972
3971
3971
3970
3968
3967
3966
3966
3966
3965
3964
3963
3962
3959
3959
3958
3957
3955
3953
3950
3946
3945
3945
3945
3945
3944
3943
3942
3940
3939
3938
3938
3938
3937
3935
3935
3934
3932
3931
3929
3929
3929
3928
3927
3925
3925
3924
3924
3923
3921
3921
3921
3921
3921
3920
3919
3917
3916
3915
3914
3913
3911
3909
3908
3907
3906
3904
3904
3903
3903
3903
3902
3900
3899
3898
3897
3895
3893
3893
3892
3891
3890
3889
3889
3888
3888
3888
3886
3886
3885
3885
3884
3884
3884
3882
3881
3881
3881
3880
3877
3876
3875
3875
3873
3873
3871
3870
3870
3867
3862
3861
3860
3859
3859
3859
3859
3858
3858
3856
3855
3854
3853
3852
3851
3850
3850
3844
3844
3843
3843
3843
3843
3843
3842
3841
3841
3840
3839
3839
3836
3834
3833
3832
3830
3830
3829
3829
3827
3827
3825
3824
3823
3823
3822
3820
3819
3819
3818
3816
3814
3814
3814
3813
3813
3813
3812
3812
3810
3810
3810
3809
3808
3808
3807
3807
3806
3806
3804
3802
3800
3800
3800
3799
3799
3799
3797
3796
3796
3795
3794
3794
3793
3793
3792
3790
3790
3785
3784
3783
3783
3781
3781
3780
3780
3780
3780
3778
3778
3777
3776
3776
3774
3773
3773
3772
3769
3769
3764
3764
3761
3761
3759
3758
3758
3758
3757
3756
3756
3756
3755
3754
3753
3752
3750
3749
3747
3746
3743
3743
3741
3740
3740
3738
3735
3735
3734
3732
3731
3730
3729
3728
3727
3727
3725
3725
3724
3724
3721
3721
3721
3719
3717
3717
3716
3715
3711
3711
3709
3709
3709
3707
3706
3705
3705
3705
3704
3701
3700
3699
3699
3698
3698
3697
3696
3694
3694
3692
3692
3690
3689
3687
3686
3684
3683
3683
3682
3680
3679
3677
3675
3675
3674
3673
3672
3672
3672
3671
3670
3665
3664
3664
3662
3660
3658
3655
3654
3654
3653
3652
3651
3651
3649
3646
3645
3645
3644
3643
3643
3643
3639
3637
3636
3635
3634
3632
3632
3632
3631
3630
3630
3630
3628
3628
3628
3627
3624
3624
3624
3624
3624
3623
3621
3621
3621
3619
3617
3616
3616
3614
3613
3612
3612
3612
3608
3606
3603
3603
3601
3600
3597
3596
3596
3596
3595
3594
3593
3591
3589
3588
3588
3586
3585
3585
3585
3583
3582
3582
3582
3581
3581
3579
3578
3577
3576
3575
3574
3574
3573
3571
3571
3570
3568
3568
3567
3567
3567
3566
3565
3565
3564
3564
3562
3562
3560
3559
3558
3555
3555
3554
3554
3554
3551
3550
3548
3546
3546
3545
3543
3542
3542
3541
3540
3539
3537
3537
3536
3535
3534
3533
3532
3532
3532
3531
3530
3530
3529
3528
3528
3525
3522
3522
3521
3521
3521
3519
3519
3518
3516
3515
3515
3514
3514
3513
3512
3511
3509
3508
3506
3504
3504
3504
3502
3500
3499
3499
3496
3496
3494
3494
3488
3487
3487
3486
3484
3484
3483
3480
3480
3477
3477
3476
3476
3476
3475
3474
3473
3473
3472
3472
3472
3472
3471
3471
3470
3468
3467
3466
3465
3463
3460
3459
3458
3457
3456
3453
3453
3452
3451
3450
3450
3449
3449
3449
3449
3449
3448
3447
3447
3439
3437
3437
3436
3434
3433
3432
3432
3431
3431
3430
3429
3429
3428
3428
3428
3427
3426
3426
3425
3425
3423
3422
3422
3420
3420
3420
3419
3418
3416
3416
3414
3414
3414
3413
3413
3410
3410
3409
3409
3409
3409
3408
3407
3407
3407
3407
3407
3406
3406
3406
3406
3405
3405
3404
3404
3404
3403
3399
3399
3399
3398
3398
3397
3396
3396
3395
3394
3394
3393
3392
3392
3391
3391
3391
3390
3389
3389
3389
3388
3384
3384
3384
3383
3381
3381
3379
3379
3378
3377
3374
3373
3372
3372
3371
3371
3371
3371
3369
3368
3367
3367
3366
3365
3365
3364
3363
3363
3363
3361
3360
3358
3358
3357
3357
3357
3356
3355
3355
3354
3353
3351
3350
3350
3349
3348
3347
3347
3347
3347
3347
3345
3345
3345
3342
3340
3340
3340
3340
3340
3339
3339
3338
3336
3335
3334
3333
3333
3330
3330
3330
3330
3329
3328
3327
3326
3326
3324
3322
3321
3320
3320
3319
3319
3319
3313
3311
3311
3311
3309
3309
3306
3304
3303
3303
3301
3300
3296
3296
3295
3294
3293
3293
3293
3292
3292
3290
3289
3288
3288
3288
3288
3287
3287
3286
3284
3282
3281
3280
3279
3278
3277
3272
3271
3270
3269
3268
3268
3268
3267
3267
3267
3266
3265
3263
3260
3259
3258
3258
3256
3255
3255
3254
3254
3253
3252
3251
3251
3250
3250
3249
3248
3247
3246
3246
3244
3244
3243
3242
3242
3242
3241
3240
3240
3239
3239
3238
3237
3237
3236
3230
3227
3227
3226
3226
3225
3223
3223
3221
3221
3219
3219
3219
3218
3215
3214
3214
3214
3210
3209
3208
3208
3208
3207
3207
3206
3206
3204
3201
3201
3200
3199
3198
3198
3195
3194
3191
3191
3191
3191
3189
3187
3187
3186
3184
3183
3182
3182
3180
3180
3179
3178
3178
3176
3175
3174
3173
3172
3172
3171
3171
3171
3169
3169
3168
3168
3166
3165
3163
3162
3161
3161
3161
3161
3161
3159
3158
3157
3156
3154
3153
3153
3151
3150
3150
3150
3149
3147
3147
3147
3146
3146
3146
3145
3144
3142
3142
3142
3140
3137
3136
3134
3130
3129
3128
3126
3126
3124
3124
3121
3120
3120
3120
3120
3120
3118
3117
3114
3114
3114
3113
3112
3111
3110
3107
3103
3103
3103
3101
3100
3097
3096
3095
3094
3089
3089
3089
3088
3088
3088
3086
3086
3085
3085
3084
3082
3081
3081
3080
3079
3077
3075
3075
3073
3072
3071
3071
3069
3069
3067
3066
3065
3064
3064
3064
3064
3062
3062
3062
3062
3060
3059
3058
3057
3057
3053
3052
3050
3050
3049
3048
3048
3047
3045
3042
3040
3039
3038
3038
3037
3036
3035
3035
3034
3032
3029
3028
3026
3025
3025
3024
3024
3023
3021
3019
3019
3019
3017
3017
3016
3016
3015
3015
3014
3013
3013
3012
3011
3009
3007
3006
3006
3004
3003
3003
3002
3001
2999
2999
2997
2995
2995
2995
2989
2989
2988
2988
2988
2988
2987
2985
2985
2983
2982
2981
2980
2980
2978
2976
2975
2972
2972
2969
2968
2966
2966
2965
2965
2964
2963
2963
2962
2958
2958
2957
2956
2954
2954
2952
2952
2952
2951
2950
2949
2948
2947
2946
2945
2945
2944
2943
2943
2942
2942
2941
2940
2939
2938
2938
2936
2936
2936
2935
2934
2932
2932
2930
2930
2928
2927
2924
2924
2924
2922
2919
2914
2914
2913
2913
2911
2911
2910
2910
2907
2907
2905
2904
2902
2902
2901
2901
2901
2901
2900
2900
2900
2899
2896
2893
2892
2891
2891
2890
2887
2886
2884
2881
2880
2879
2879
2878
2876
2876
2873
2873
2872
2869
2869
2869
2868
2868
2868
2866
2865
2864
2861
2857
2857
2856
2855
2855
2853
2852
2850
2850
2850
2849
2849
2849
2848
2848
2847
2847
2847
2846
2846
2845
2844
2844
2844
2841
2841
2840
2838
2833
2831
2830
2830
2829
2828
2827
2826
2825
2825
2825
2824
2824
2823
2821
2820
2819
2819
2818
2815
2815
2813
2812
2812
2811
2811
2808
2807
2806
2806
2805
2805
2802
2802
2801
2800
2800
2799
2799
2797
2795
2794
2786
2782
2779
2778
2778
2776
2776
2775
2774
2770
2769
2768
2768
2765
2763
2763
2762
2761
2761
2760
2760
2759
2758
2757
2757
2757
2755
2754
2753
2753
2752
2750
2748
2748
2747
2744
2744
2743
2742
2741
2741
2739
2737
2736
2735
2733
2733
2733
2730
2729
2728
2726
2726
2725
2725
2725
2721
2717
2717
2716
2716
2713
2712
2711
2711
2711
2710
2710
2709
2705
2705
2705
2704
2704
2703
2703
2702
2702
2702
2702
2701
2700
2699
2698
2696
2695
2694
2691
2690
2689
2689
2687
2687
2687
2686
2686
2685
2685
2678
2676
2675
2674
2673
2670
2670
2669
2669
2667
2664
2663
2662
2662
2662
2661
2661
2659
2658
2658
2658
2658
2656
2654
2654
2652
2650
2649
2648
2647
2644
2644
2644
2643
2643
2643
2643
2643
2642
2642
2640
2639
2639
2637
2637
2636
2636
2635
2635
2635
2634
2633
2632
2629
2628
2628
2627
2627
2624
2621
2619
2618
2618
2617
2616
2615
2614
2613
2612
2611
2610
2610
2607
2605
2604
2604
2604
2603
2603
2602
2601
2601
2600
2600
2600
2600
2598
2598
2596
2596
2595
2595
2595
2594
2594
2593
2593
2590
2587
2586
2586
2585
2585
2584
2583
2582
2581
2581
2580
2580
2578
2577
2577
2577
2575
2572
2572
2572
2570
2568
2567
2567
2567
2564
2563
2562
2562
2562
2562
2561
2561
2561
2559
2558
2557
2554
2553
2553
2553
2551
2551
2547
2545
2545
2545
2543
2540
2538
2537
2535
2533
2532
2528
2528
2526
2525
2524
2524
2523
2522
2521
2521
2521
2519
2518
2518
2515
2513
2512
2512
2512
2511
2511
2510
2509
2508
2508
2503
2503
2503
2502
2502
2500
2498
2496
2494
2494
2491
2490
2489
2488
2486
2485
2485
2483
2481
2478
2478
2477
2477
2476
2475
2473
2472
2471
2470
2470
2470
2468
2468
2466
2464
2463
2463
2462
2460
2458
2457
2457
2456
2451
2450
2450
2449
2448
2447
2447
2444
2443
2443
2443
2441
2441
2440
2436
2434
2433
2433
2432
2432
2431
2430
2429
2428
2427
2426
2426
2426
2425
2425
2425
2424
2421
2420
2416
2416
2413
2412
2412
2410
2410
2410
2409
2409
2407
2406
2406
2403
2401
2398
2397
2396
2396
2395
2392
2392
2391
2391
2389
2388
2387
2387
2384
2382
2382
2382
2382
2381
2380
2379
2378
2378
2370
2368
2367
2365
2365
2361
2360
2360
2359
2357
2357
2354
2352
2352
2348
2347
2346
2346
2345
2344
2343
2339
2338
2337
2336
2335
2335
2333
2332
2331
2328
2327
2326
2325
2325
2323
2323
2322
2320
2319
2317
2317
2317
2316
2315
2314
2312
2312
2312
2311
2311
2310
2310
2308
2308
2308
2308
2306
2306
2305
2305
2304
2301
2301
2301
2301
2299
2299
2299
2299
2298
2298
2298
2296
2295
2294
2294
2294
2294
2291
2291
2288
2288
2287
2286
2283
2282
2281
2281
2280
2279
2279
2278
2278
2278
2276
2275
2275
2274
2274
2274
2273
2273
2273
2272
2272
2272
2271
2269
2269
2268
2267
2267
2264
2263
2261
2260
2259
2259
2255
2252
2252
2252
2249
2247
2246
2245
2245
2244
2243
2242
2242
2241
2241
2240
2237
2237
2235
2234
2232
2232
2231
2228
2227
2223
2221
2221
2220
2218
2218
2217
2216
2216
2215
2214
2214
2212
2210
2210
2209
2209
2207
2206
2205
2204
2204
2201
2201
2200
2199
2198
2197
2197
2196
2195
2194
2194
2193
2189
2187
2185
2185
2182
2181
2181
2178
2177
2174
2173
2171
2170
2170
2169
2167
2167
2165
2164
2163
2159
2156
2156
2155
2152
2151
2151
2150
2150
2150
2147
2146
2146
2145
2144
2140
2140
2138
2137
2135
2134
2132
2130
2130
2130
2128
2125
2125
2124
2124
2122
2122
2121
2121
2120
2118
2118
2117
2116
2116
2114
2113
2112
2112
2110
2109
2107
2106
2106
2104
2101
2101
2101
2100
2100
2100
2100
2099
2097
2096
2095
2095
2095
2094
2094
2092
2091
2091
2091
2089
2089
2087
2087
2087
2087
2087
2086
2084
2083
2083
2081
2080
2078
2076
2076
2074
2074
2074
2073
2073
2072
2071
2069
2069
2069
2068
2067
2067
2067
2065
2065
2064
2064
2062
2061
2061
2059
2053
2052
2049
2049
2047
2046
2046
2045
2043
2041
2040
2039
2038
2037
2036
2035
2032
2031
2029
2029
2024
2024
2024
2020
2018
2018
2017
2013
2012
2012
2011
2010
2010
2009
2008
2008
2007
2007
2006
2005
2004
2004
2004
2002
1999
1998
1997
1996
1995
1995
1994
1993
1993
1991
1990
1989
1988
1987
1983
1981
1981
1980
1979
1975
1975
1975
1974
1973
1973
1971
1971
1971
1969
1967
1965
1963
1963
1963
1962
1961
1961
1961
1960
1959
1957
1957
1956
1955
1955
1954
1954
1952
1952
1951
1950
1949
1948
1948
1946
1945
1944
1942
1942
1942
1940
1939
1938
1937
1936
1935
1933
1933
1933
1932
1932
1931
1930
1930
1929
1926
1925
1924
1924
1924
1922
1920
1918
1915
1912
1911
1909
1906
1905
1904
1903
1902
1902
1901
1899
1899
1898
1896
1896
1894
1894
1893
1891
1891
1891
1890
1890
1889
1887
1884
1884
1881
1880
1880
1879
1879
1879
1878
1878
1878
1876
1875
1875
1873
1873
1873
1872
1870
1869
1869
1869
1868
1868
1868
1867
1865
1864
1863
1863
1862
1859
1858
1858
1857
1853
1853
1850
1849
1847
1846
1846
1845
1844
1842
1839
1839
1838
1838
1836
1835
1835
1834
1834
1834
1832
1832
1832
1831
1831
1830
1828
1825
1825
1823
1823
1823
1822
1821
1820
1818
1816
1814
1812
1812
1809
1808
1806
1804
1801
1801
1799
1797
1796
1796
1796
1796
1793
1791
1789
1789
1788
1788
1784
1779
1778
1778
1775
1774
1774
1774
1773
1772
1772
1770
1770
1769
1768
1768
1767
1767
1767
1767
1766
1766
1765
1764
1763
1763
1763
1762
1761
1760
1757
1756
1755
1754
1754
1754
1753
1753
1753
1753
1750
1749
1746
1744
1743
1743
1743
1743
1740
1740
1740
1736
1735
1733
1733
1731
1731
1729
1729
1727
1726
1724
1723
1723
1723
1723
1722
1722
1721
1718
1718
1717
1716
1716
1716
1713
1712
1711
1709
1709
1707
1707
1706
1705
1705
1704
1704
1703
1702
1702
1702
1701
1700
1699
1699
1697
1697
1696
1696
1695
1694
1693
1693
1689
1689
1685
1684
1684
1684
1683
1683
1682
1680
1680
1679
1677
1676
1676
1676
1675
1675
1674
1674
1671
1671
1670
1670
1669
1668
1667
1667
1666
1666
1666
1666
1664
1664
1664
1663
1662
1659
1659
1659
1658
1658
1658
1657
1656
1655
1655
1654
1653
1653
1653
1653
1652
1651
1651
1650
1649
1648
1646
1646
1646
1645
1645
1644
1643
1643
1639
1639
1639
1639
1638
1637
1635
1635
1635
1635
1634
1633
1632
1632
1632
1630
1628
1627
1625
1625
1624
1624
1623
1621
1621
1621
1621
1617
1616
1616
1615
1615
1615
1613
1612
1612
1611
1610
1608
1608
1607
1607
1606
1606
1605
1603
1599
1597
1594
1593
1593
1592
1591
1591
1590
1589
1589
1589
1588
1586
1585
1584
1584
1583
1583
1579
1576
1575
1575
1575
1574
1572
1571
1570
1569
1568
1568
1567
1564
1564
1562
1562
1561
1560
1560
1558
1553
1553
1553
1552
1547
1547
1547
1546
1546
1542
1541
1541
1541
1540
1539
1538
1537
1535
1534
1533
1533
1532
1532
1531
1530
1529
1528
1528
1528
1527
1526
1525
1525
1524
1522
1522
1521
1519
1519
1517
1513
1513
1511
1509
1507
1506
1503
1503
1502
1501
1500
1499
1498
1496
1496
1495
1495
1492
1489
1489
1487
1485
1485
1484
1482
1481
1480
1478
1478
1478
1476
1476
1474
1473
1471
1469
1469
1469
1467
1466
1465
1464
1461
1458
1458
1457
1455
1454
1454
1453
1452
1451
1448
1447
1447
1446
1444
1444
1443
1442
1441
1440
1440
1439
1439
1438
1435
1434
1433
1432
1428
1428
1428
1428
1427
1424
1423
1422
1421
1421
1420
1419
1418
1417
1416
1416
1416
1414
1413
1412
1410
1409
1408
1408
1408
1406
1404
1403
1402
1402
1402
1402
1401
1401
1401
1400
1399
1399
1398
1398
1397
1396
1395
1394
1393
1392
1392
1392
1391
1390
1389
1384
1383
1381
1381
1381
1381
1378
1376
1376
1376
1376
1375
1375
1374
1374
1373
1372
1371
1371
1371
1370
1367
1365
1363
1361
1361
1361
1360
1359
1359
1359
1359
1358
1358
1356
1356
1355
1355
1354
1353
1353
1353
1352
1352
1348
1348
1345
1345
1344
1343
1341
1341
1340
1340
1337
1336
1336
1334
1334
1334
1333
1326
1324
1323
1323
1321
1319
1319
1317
1313
1313
1312
1310
1308
1307
1303
1303
1303
1302
1302
1302
1302
1300
1299
1297
1295
1294
1293
1293
1292
1292
1290
1290
1289
1289
1285
1284
1284
1283
1283
1283
1283
1283
1280
1276
1275
1273
1273
1271
1271
1271
1268
1267
1267
1263
1258
1254
1254
1252
1251
1250
1250
1250
1249
1249
1249
1247
1246
1244
1244
1243
1243
1243
1240
1238
1238
1237
1237
1236
1236
1236
1235
1231
1229
1229
1229
1225
1224
1223
1221
1220
1220
1220
1218
1217
1216
1214
1214
1210
1210
1210
1210
1207
1204
1202
1202
1200
1199
1198
1196
1196
1195
1194
1194
1191
1190
1190
1190
1190
1189
1186
1185
1184
1184
1183
1183
1180
1179
1179
1178
1177
1177
1177
1177
1177
1176
1175
1173
1173
1172
1171
1170
1170
1170
1168
1166
1164
1164
1163
1161
1161
1161
1161
1160
1160
1158
1158
1156
1156
1155
1154
1153
1153
1153
1150
1147
1147
1147
1146
1144
1143
1141
1141
1140
1140
1140
1139
1139
1139
1139
1138
1137
1136
1136
1136
1135
1134
1132
1132
1131
1130
1130
1129
1126
1126
1123
1123
1121
1120
1120
1120
1119
1118
1118
1117
1117
1113
1113
1112
1110
1110
1109
1109
1108
1108
1107
1107
1106
1106
1105
1104
1103
1103
1102
1102
1102
1101
1100
1098
1096
1094
1091
1090
1089
1088
1088
1087
1085
1083
1079
1077
1074
1072
1071
1070
1065
1064
1064
1064
1063
1062
1061
1061
1061
1060
1059
1058
1057
1057
1056
1055
1054
1054
1052
1049
1049
1049
1046
1042
1042
1041
1041
1041
1039
1039
1039
1038
1036
1036
1036
1035
1035
1033
1033
1027
1026
1026
1026
1025
1024
1023
1022
1019
1017
1017
1016
1015
1014
1013
1010
1009
1009
1009
1007
1005
1004
1003
1002
1000
1000
999
997
996
996
995
995
994
994
993
993
993
993
992
992
991
989
988
987
986
984
981
981
981
980
979
979
978
977
976
974
973
973
972
972
971
970
968
965
962
961
960
959
958
958
958
956
956
956
953
953
953
952
947
946
946
945
944
943
942
942
941
940
939
937
937
935
934
932
931
930
929
929
929
928
928
927
927
926
923
922
922
917
917
915
915
913
913
913
913
912
910
909
909
909
908
908
907
907
907
907
906
906
906
905
904
904
903
901
901
901
900
900
898
897
897
896
895
894
894
893
892
891
887
885
885
884
884
883
883
882
882
881
881
876
874
873
873
871
870
869
868
867
866
865
865
862
861
857
856
852
851
851
849
848
845
845
845
844
844
844
843
843
843
842
842
842
839
836
834
834
834
833
833
832
827
826
825
823
821
820
819
818
816
815
814
814
814
812
811
808
806
804
801
800
799
799
798
798
798
797
797
796
795
795
794
792
790
790
789
788
787
785
784
784
782
782
780
780
780
778
778
778
776
776
775
773
773
772
772
772
772
768
767
765
762
761
761
759
756
754
753
752
751
750
750
748
748
747
747
745
745
744
744
744
741
739
737
736
736
735
734
733
732
728
727
725
725
725
723
722
721
721
720
717
717
716
716
716
715
713
712
712
712
711
711
711
710
710
709
709
709
709
707
707
706
706
705
705
703
700
700
699
697
697
696
695
694
693
691
689
689
688
687
686
685
683
682
681
681
679
679
676
676
672
672
668
666
664
664
664
662
662
662
662
662
661
661
661
661
660
660
655
654
653
651
648
646
646
646
646
645
645
644
643
643
643
643
643
643
642
641
641
640
640
639
637
635
635
634
632
631
631
631
629
628
626
625
625
622
622
621
620
620
618
615
614
613
613
612
610
610
606
606
606
604
603
603
602
602
601
601
601
600
599
598
598
598
596
595
595
594
592
592
592
592
591
591
591
590
590
590
588
588
586
586
583
579
579
577
576
576
575
575
573
573
572
571
571
570
570
569
569
568
568
567
567
566
565
564
563
563
561
559
559
558
554
553
552
550
550
548
547
546
543
542
542
541
541
540
540
536
536
535
535
535
534
532
531
530
530
529
525
523
522
521
521
520
519
519
519
518
518
516
515
512
511
510
509
507
505
504
504
503
503
502
501
501
500
500
499
499
499
498
495
495
495
495
494
491
491
489
488
487
486
484
484
482
480
479
479
478
475
474
473
473
472
472
472
470
468
467
466
464
464
463
462
462
461
461
460
460
459
458
457
456
455
455
454
454
454
454
452
452
451
451
450
450
449
448
448
445
441
441
440
439
439
438
438
438
437
437
436
434
432
430
430
430
428
426
425
424
423
423
423
423
418
418
417
417
417
417
417
416
415
415
414
414
413
413
412
411
411
410
410
408
404
402
400
397
397
396
396
395
394
393
393
393
393
392
390
390
389
387
387
385
385
384
384
384
384
383
382
382
382
380
379
378
378
378
378
377
377
375
375
375
367
366
366
363
362
359
359
357
357
354
353
351
350
349
348
347
347
347
347
346
346
346
346
344
344
343
342
342
341
341
341
340
340
340
339
338
336
336
335
334
334
333
333
331
330
329
328
327
324
324
323
323
322
319
318
318
316
314
313
312
312
311
311
310
309
306
305
305
304
304
301
301
300
299
299
299
298
297
296
296
295
295
294
292
292
291
289
289
288
287
287
284
284
283
282
279
278
277
275
274
274
273
272
272
271
270
269
268
265
264
264
263
263
263
263
263
262
262
262
260
258
257
256
256
254
252
251
251
249
248
246
245
244
241
239
239
237
236
236
236
236
235
233
233
233
232
231
231
230
230
228
227
226
225
224
224
223
222
221
220
218
214
214
211
210
209
209
208
207
207
207
205
203
202
201
201
201
199
199
199
196
194
194
192
192
192
191
191
189
189
189
189
187
186
184
183
183
182
182
182
182
181
181
181
180
178
177
176
176
175
175
171
171
169
167
167
167
166
165
164
164
163
162
162
161
161
161
159
155
155
151
150
146
145
145
144
143
143
141
139
137
137
136
136
132
132
132
132
131
130
130
130
129
128
128
128
128
126
125
124
124
123
121
121
121
119
118
117
117
114
114
111
109
109
108
107
105
104
103
102
102
100
99
98
96
95
95
95
94
94
94
92
90
89
89
88
88
84
84
84
82
82
80
80
78
77
77
75
74
72
70
70
69
68
68
66
65
65
65
64
64
64
63
62
62
60
60
59
57
56
56
54
54
53
53
51
50
50
50
49
49
48
48
48
47
47
45
45
44
41
39
37
34
33
29
29
28
28
27
27
27
27
26
26
22
22
20
20
19
19
18
15
14
14
12
9
8
8
6
5
5
3
3
2
2
2
