9999
9999
9998
9998
9997
9995
9994
9993
9993
9992
9992
9991
9991
9990
9989
9988
9988
9987
9986
9984
9984
9984
9982
9981
9981
9981
9980
9980
9978
9977
9977
9977
9976
9974
9974
9973
9972
9971
9971
9970
9970
9968
9967
9967
9965
9964
9960
9959
9959
9959
9958
9957
9957
9957
9955
9955
9954
9954
9953
9953
9953
9952
9952
9950
9950
9947
9945
9945
9944
9943
9940
9938
9937
9935
9935
9933
9932
9932
9932
9931
9931
9929
9929
9927
9927
9927
9925
9925
9925
9924
9921
9921
9921
9916
9916
9916
9915
9915
9915
9914
9913
9910
9910
9909
9907
9903
9903
9902
9900
9900
9899
9898
9898
9897
9896
9895
9895
9895
9894
9894
9892
9892
9891
9891
9889
9889
9888
9887
9886
9885
9883
9882
9882
9882
9880
9880
9879
9879
9879
9877
9876
9875
9874
9874
9874
9872
9872
9870
9870
9870
9869
9866
9866
9863
9861
9861
9860
9860
9858
9858
9854
9854
9852
9852
9851
9850
9848
9848
9847
9844
9842
9842
9838
9837
9837
9837
9837
9835
9835
9835
9835
9833
9832
9831
9831
9829
9829
9828
9826
9824
9823
9823
9823
9822
9821
9820
9819
9819
9817
9817
9816
9816
9815
9813
9810
9808
9806
9806
9805
9805
9805
9804
9804
9803
9802
9801
9801
9800
9800
9798
9796
9796
9794
9794
9792
9792
9790
9789
9789
9788
9785
9785
9785
9783
9783
9782
9780
9780
9780
9779
9779
9779
9777
9777
9777
9776
9776
9775
9775
9774
9773
9773
9773
9772
9771
9771
9770
9768
9767
9764
9763
9763
9762
9762
9757
9757
9756
9756
9755
9755
9753
9752
9750
9748
9748
9745
9744
9743
9741
9741
9741
9741
9740
9736
9735
9734
9733
9733
9731
9728
9727
9727
9726
9726
9725
9724
9723
9722
9722
9722
9721
9720
9718
9716
9712
9709
9706
9706
9706
9706
9705
9705
9704
9702
9702
9702
9702
9699
9699
9695
9695
9695
9694
9693
9693
9692
9691
9691
9689
9688
9688
9686
9685
9683
9682
9681
9680
9679
9679
9677
9676
9675
9674
9672
9671
9671
9670
9670
9669
9668
9668
9667
9667
9665
9662
9661
9660
9660
9658
9658
9657
9657
9656
9656
9655
9653
9650
9648
9647
9646
9642
9641
9641
9641
9640
9639
9639
9638
9637
9636
9636
9636
9635
9634
9634
9632
9632
9632
9632
9631
9628
9623
9623
9622
9621
9620
9618
9617
9616
9613
9613
9611
9609
9607
9607
9603
9602
9602
9602
9601
9600
9598
9597
9596
9595
9594
9591
9590
9589
9588
9588
9586
9586
9584
9584
9583
9582
9582
9580
9578
9576
9573
9572
9570
9570
9570
9568
9568
9567
9566
9564
9563
9563
9562
9562
9562
9561
9560
9559
9559
9559
9558
9557
9557
9557
9553
9551
9550
9550
9550
9549
9547
9546
9545
9542
9541
9540
9539
9539
9538
9537
9537
9535
9535
9534
9534
9533
9533
9532
9532
9530
9530
9528
9527
9527
9527
9525
9525
9523
9522
9521
9521
9519
9519
9516
9514
9514
9511
9510
9510
9508
9507
9507
9506
9506
9504
9501
9500
9500
9499
9497
9497
9493
9492
9492
9491
9488
9487
9485
9484
9482
9482
9481
9480
9476
9476
9474
9474
9472
9472
9471
9470
9470
9469
9468
9468
9468
9467
9467
9467
9467
9467
9466
9466
9464
9464
9463
9461
9461
9460
9458
9457
9457
9456
9455
9455
9454
9453
9452
9452
9452
9452
9451
9451
9450
9449
9448
9446
9446
9445
9445
9443
9440
9437
9437
9436
9435
9434
9434
9433
9430
9429
9429
9428
9426
9425
9424
9422
9422
9421
9419
9418
9418
9418
9418
9417
9417
9416
9415
9412
9409
9408
9408
9408
9407
9406
9406
9406
9405
9405
9404
9402
9401
9401
9399
9399
9398
9397
9397
9397
9396
9395
9394
9394
9394
9393
9393
9392
9391
9391
9391
9390
9387
9385
9383
9382
9381
9380
9379
9379
9378
9378
9378
9377
9377
9376
9376
9375
9373
9370
9366
9366
9366
9365
9364
9364
9361
9360
9358
9358
9356
9355
9355
9354
9354
9353
9353
9351
9351
9349
9349
9347
9347
9346
9345
9344
9344
9343
9341
9341
9340
9339
9339
9339
9338
9338
9337
9334
9334
9333
9331
9330
9330
9329
9328
9326
9324
9321
9320
9317
9317
9315
9313
9313
9311
9311
9310
9309
9308
9308
9308
9306
9305
9301
9300
9299
9299
9298
9295
9295
9294
9292
9291
9288
9286
9285
9283
9282
9282
9281
9280
9279
9278
9277
9277
9276
9275
9271
9271
9269
9268
9268
9268
9267
9266
9266
9266
9266
9265
9264
9264
9263
9263
9262
9259
9258
9256
9254
9252
9251
9249
9249
9244
9243
9243
9242
9242
9240
9240
9239
9237
9235
9235
9234
9234
9233
9233
9233
9231
9231
9228
9227
9226
9226
9225
9225
9225
9224
9223
9222
9222
9219
9219
9219
9219
9217
9215
9215
9213
9210
9209
9206
9203
9202
9202
9200
9200
9200
9198
9196
9194
9192
9191
9188
9188
9185
9178
9177
9176
9175
9174
9174
9174
9173
9171
9170
9168
9167
9167
9167
9165
9165
9165
9165
9164
9163
9162
9162
9161
9160
9159
9158
9158
9157
9154
9151
9151
9150
9148
9145
9143
9139
9139
9138
9136
9132
9132
9131
9129
9127
9127
9124
9123
9121
9121
9119
9118
9118
9117
9117
9116
9114
9113
9112
9106
9105
9105
9104
9101
9100
9099
9098
9098
9097
9097
9095
9094
9093
9093
9093
9092
9092
9091
9091
9091
9091
9090
9087
9085
9085
9084
9083
9083
9082
9081
9080
9079
9078
9077
9076
9076
9075
9074
9073
9072
9067
9064
9064
9060
9060
9059
9059
9056
9055
9055
9055
9055
9054
9053
9052
9052
9052
9051
9048
9048
9048
9040
9038
9038
9037
9036
9036
9035
9033
9030
9030
9030
9029
9028
9028
9027
9025
9024
9022
9021
9021
9020
9019
9017
9016
9016
9015
9015
9015
9012
9012
9012
9011
9011
9011
9009
9009
9009
9008
9008
9007
9005
9005
9003
9002
9001
8999
8999
8994
8993
8992
8992
8991
8990
8988
8987
8987
8986
8985
8984
8983
8982
8979
8979
8978
8978
8975
8975
8974
8974
8974
8972
8971
8970
8970
8968
8968
8967
8967
8966
8964
8964
8963
8962
8961
8961
8961
8961
8960
8960
8959
8959
8958
8957
8957
8956
8956
8953
8951
8947
8946
8946
8945
8944
8944
8944
8943
8941
8940
8939
8939
8938
8937
8937
8935
8935
8933
8933
8933
8932
8931
8931
8931
8930
8930
8929
8927
8925
8925
8925
8924
8924
8924
8920
8919
8917
8916
8914
8913
8913
8912
8911
8910
8908
8906
8905
8903
8902
8902
8902
8901
8900
8900
8900
8899
8899
8898
8894
8894
8892
8892
8891
8890
8886
8885
8882
8880
8880
8879
8877
8877
8876
8876
8875
8874
8874
8873
8872
8872
8869
8866
8865
8864
8863
8863
8860
8859
8859
8856
8856
8855
8854
8854
8853
8852
8852
8852
8851
8851
8851
8850
8849
8849
8847
8846
8845
8845
8840
8839
8837
8837
8836
8835
8835
8834
8834
8832
8831
8831
8831
8831
8830
8828
8827
8826
8826
8825
8825
8825
8824
8822
8821
8820
8819
8818
8817
8815
8814
8813
8813
8812
8812
8811
8811
8811
8809
8808
8808
8804
8803
8801
8799
8799
8797
8796
8794
8794
8791
8791
8790
8790
8789
8788
8787
8787
8786
8785
8785
8782
8781
8780
8779
8779
8778
8772
8770
8770
8769
8769
8768
8767
8766
8765
8765
8764
8763
8761
8761
8761
8760
8758
8757
8756
8756
8755
8755
8755
8754
8754
8754
8753
8752
8751
8751
8750
8749
8748
8747
8747
8747
8744
8743
8741
8738
8737
8737
8734
8732
8732
8732
8731
8730
8729
8729
8729
8728
8728
8726
8725
8725
8724
8724
8724
8723
8721
8719
8718
8717
8715
8715
8715
8714
8709
8709
8709
8707
8706
8704
8704
8703
8703
8703
8702
8699
8696
8696
8696
8696
8694
8693
8692
8692
8692
8692
8689
8689
8683
8683
8682
8682
8681
8677
8676
8676
8676
8676
8676
8675
8675
8674
8673
8673
8672
8671
8671
8671
8670
8669
8668
8668
8666
8666
8666
8666
8664
8663
8663
8662
8662
8662
8662
8662
8660
8660
8659
8659
8659
8658
8657
8656
8656
8655
8654
8653
8653
8651
8651
8648
8647
8646
8645
8644
8644
8642
8641
8641
8641
8640
8639
8637
8637
8636
8635
8633
8632
8631
8631
8628
8626
8625
8624
8618
8618
8617
8614
8613
8612
8611
8611
8610
8608
8608
8608
8606
8606
8606
8598
8597
8595
8595
8590
8590
8587
8587
8586
8586
8585
8584
8584
8584
8583
8583
8583
8582
8578
8575
8575
8575
8570
8569
8569
8568
8567
8565
8565
8564
8563
8563
8562
8562
8559
8557
8557
8557
8556
8555
8555
8554
8554
8554
8552
8551
8548
8546
8546
8546
8541
8541
8539
8538
8534
8533
8527
8525
8525
8524
8522
8522
8521
8520
8520
8520
8520
8520
8519
8516
8515
8515
8513
8513
8512
8512
8511
8510
8509
8507
8506
8504
8502
8501
8501
8500
8498
8495
8495
8493
8492
8491
8491
8491
8490
8490
8489
8489
8487
8486
8481
8480
8479
8479
8479
8478
8477
8477
8475
8475
8474
8474
8473
8472
8470
8469
8469
8467
8467
8467
8467
8466
8465
8465
8463
8462
8461
8460
8458
8456
8455
8455
8453
8452
8452
8451
8450
8444
8443
8442
8441
8441
8440
8440
8439
8436
8435
8435
8434
8433
8432
8431
8429
8429
8427
8426
8425
8422
8421
8419
8419
8419
8418
8416
8416
8415
8413
8412
8412
8412
8408
8406
8403
8398
8397
8396
8396
8395
8394
8392
8392
8392
8392
8388
8388
8385
8382
8379
8379
8379
8378
8376
8375
8373
8369
8368
8368
8368
8368
8367
8366
8366
8362
8361
8359
8356
8355
8354
8354
8350
8349
8349
8348
8347
8346
8346
8345
8345
8345
8345
8344
8342
8342
8341
8341
8341
8340
8339
8337
8337
8337
8335
8334
8333
8329
8328
8327
8326
8326
8326
8325
8325
8321
8321
8321
8319
8317
8316
8316
8316
8315
8313
8312
8312
8310
8310
8308
8308
8308
8308
8307
8306
8306
8305
8303
8301
8301
8300
8300
8299
8298
8298
8298
8298
8294
8294
8293
8291
8291
8291
8291
8290
8289
8289
8289
8285
8284
8283
8282
8281
8281
8278
8278
8278
8277
8277
8277
8274
8272
8271
8269
8267
8267
8267
8266
8265
8264
8264
8263
8261
8261
8259
8259
8257
8257
8255
8255
8255
8254
8253
8253
8251
8250
8247
8247
8247
8247
8247
8247
8246
8246
8246
8245
8244
8241
8241
8240
8239
8238
8238
8238
8237
8237
8236
8236
8235
8234
8234
8231
8229
8229
8229
8228
8228
8226
8226
8226
8226
8224
8223
8223
8223
8221
8220
8219
8218
8218
8217
8217
8216
8215
8214
8213
8211
8209
8209
8208
8207
8206
8206
8203
8200
8198
8197
8195
8194
8193
8193
8190
8190
8189
8189
8189
8189
8188
8187
8185
8185
8183
8181
8181
8180
8180
8180
8180
8178
8177
8176
8175
8175
8174
8174
8173
8173
8172
8171
8171
8170
8168
8168
8167
8165
8161
8160
8160
8159
8159
8158
8158
8156
8156
8153
8153
8151
8151
8149
8147
8146
8144
8144
8141
8139
8138
8138
8137
8137
8136
8136
8134
8133
8131
8130
8127
8126
8125
8125
8124
8124
8124
8123
8121
8118
8117
8117
8117
8117
8113
8112
8109
8108
8108
8106
8105
8104
8102
8102
8100
8100
8100
8099
8098
8098
8098
8093
8093
8093
8092
8091
8090
8089
8088
8087
8087
8087
8083
8082
8082
8082
8082
8080
8080
8077
8077
8075
8074
8074
8071
8070
8070
8070
8067
8059
8059
8058
8057
8057
8055
8053
8052
8052
8052
8050
8049
8049
8049
8048
8048
8047
8047
8047
8047
8044
8042
8041
8039
8036
8034
8034
8033
8032
8031
8030
8030
8029
8028
8028
8027
8026
8025
8024
8023
8022
8021
8017
8017
8016
8014
8014
8014
8013
8012
8011
8010
8010
8007
8005
8003
7999
7999
7997
7997
7995
7994
7991
7989
7989
7988
7986
7986
7983
7983
7983
7981
7981
7980
7979
7976
7973
7973
7973
7972
7972
7971
7970
7970
7969
7967
7967
7967
7966
7965
7964
7964
7963
7963
7962
7961
7959
7958
7955
7953
7952
7952
7950
7949
7948
7947
7946
7946
7945
7945
7945
7942
7937
7937
7932
7931
7931
7931
7930
7930
7930
7929
7924
7923
7923
7923
7922
7922
7920
7919
7919
7919
7919
7917
7914
7913
7912
7910
7909
7908
7906
7906
7904
7902
7900
7900
7900
7899
7898
7896
7895
7891
7890
7889
7889
7883
7882
7880
7879
7878
7876
7876
7876
7874
7874
7874
7872
7870
7870
7867
7867
7867
7866
7864
7863
7863
7863
7861
7860
7859
7859
7857
7857
7856
7856
7854
7854
7853
7853
7852
7852
7852
7849
7849
7849
7848
7848
7846
7845
7843
7843
7841
7838
7838
7838
7837
7837
7836
7836
7834
7834
7833
7831
7831
7830
7830
7829
7826
7825
7824
7824
7823
7822
7821
7821
7820
7818
7818
7818
7817
7816
7815
7813
7812
7810
7809
7808
7807
7806
7806
7804
7804
7803
7801
7801
7799
7799
7798
7795
7794
7793
7792
7791
7790
7788
7787
7785
7785
7784
7783
7783
7783
7783
7782
7782
7781
7779
7777
7777
7775
7774
7773
7772
7771
7769
7769
7769
7768
7767
7767
7767
7765
7759
7757
7757
7756
7755
7755
7749
7745
7745
7744
7744
7744
7743
7743
7742
7742
7741
7741
7740
7739
7738
7738
7737
7735
7735
7733
7732
7731
7730
7729
7728
7727
7726
7725
7725
7722
7722
7721
7717
7717
7717
7716
7716
7716
7716
7715
7715
7714
7709
7708
7708
7706
7705
7704
7704
7703
7702
7701
7701
7700
7700
7699
7699
7699
7698
7697
7696
7696
7696
7694
7694
7693
7693
7691
7691
7690
7690
7690
7689
7688
7685
7684
7683
7681
7681
7680
7679
7679
7675
7674
7673
7673
7672
7672
7670
7669
7669
7668
7668
7667
7665
7664
7663
7662
7660
7658
7657
7657
7655
7651
7650
7650
7650
7650
7650
7649
7649
7647
7647
7646
7645
7642
7640
7640
7640
7639
7639
7639
7634
7633
7628
7628
7628
7624
7623
7622
7619
7618
7618
7616
7616
7615
7613
7612
7610
7610
7609
7609
7609
7609
7606
7604
7604
7604
7603
7601
7600
7599
7599
7599
7599
7596
7594
7593
7592
7592
7591
7591
7590
7587
7585
7583
7583
7583
7582
7582
7579
7578
7576
7576
7575
7573
7573
7572
7572
7571
7571
7569
7568
7568
7567
7566
7565
7565
7565
7564
7560
7558
7557
7556
7555
7554
7554
7553
7553
7552
7551
7549
7548
7547
7547
7546
7545
7544
7543
7543
7542
7542
7542
7541
7540
7540
7539
7539
7538
7537
7536
7536
7535
7533
7533
7532
7532
7532
7531
7531
7530
7526
7524
7521
7521
7520
7520
7519
7518
7518
7517
7515
7515
7513
7513
7512
7511
7511
7511
7511
7510
7509
7508
7508
7508
7505
7505
7504
7504
7503
7503
7502
7502
7501
7501
7501
7500
7499
7498
7496
7495
7495
7495
7494
7494
7493
7492
7490
7490
7490
7488
7488
7488
7487
7486
7486
7485
7484
7483
7483
7481
7481
7480
7480
7477
7476
7475
7474
7474
7473
7472
7472
7471
7471
7470
7468
7466
7464
7464
7462
7461
7460
7457
7456
7455
7452
7452
7452
7451
7451
7449
7449
7448
7448
7445
7445
7445
7444
7443
7442
7442
7441
7441
7441
7440
7439
7438
7437
7434
7434
7431
7431
7430
7428
7427
7426
7422
7422
7421
7420
7418
7416
7416
7412
7412
7410
7409
7404
7404
7402
7400
7400
7400
7398
7396
7396
7396
7395
7394
7394
7392
7391
7389
7389
7388
7386
7386
7385
7385
7383
7382
7382
7381
7379
7379
7378
7377
7376
7376
7375
7374
7374
7373
7373
7373
7372
7372
7368
7368
7368
7367
7366
7365
7363
7361
7361
7359
7358
7357
7355
7354
7352
7351
7351
7350
7350
7349
7349
7348
7347
7347
7346
7346
7344
7343
7340
7339
7339
7337
7336
7336
7334
7334
7334
7334
7333
7332
7331
7330
7329
7327
7326
7324
7324
7324
7324
7323
7322
7322
7321
7320
7320
7320
7320
7319
7315
7315
7313
7312
7312
7310
7310
7308
7307
7306
7305
7303
7302
7301
7301
7301
7301
7300
7299
7297
7293
7288
7287
7286
7281
7280
7279
7277
7276
7276
7276
7275
7275
7274
7273
7273
7272
7271
7270
7270
7267
7267
7266
7265
7265
7264
7263
7263
7262
7260
7260
7258
7258
7256
7256
7255
7254
7254
7251
7251
7251
7249
7249
7249
7248
7247
7247
7245
7244
7243
7243
7243
7242
7237
7236
7234
7232
7231
7230
7228
7228
7228
7227
7227
7225
7224
7224
7223
7222
7220
7219
7219
7218
7217
7217
7216
7216
7215
7212
7212
7211
7210
7206
7206
7205
7204
7204
7204
7202
7201
7199
7199
7199
7199
7198
7198
7195
7195
7194
7194
7192
7192
7192
7189
7187
7187
7186
7182
7181
7180
7180
7180
7178
7178
7177
7177
7175
7174
7173
7172
7171
7170
7169
7168
7167
7166
7166
7165
7164
7162
7162
7161
7158
7158
7157
7157
7156
7154
7154
7153
7153
7153
7153
7150
7149
7149
7146
7146
7144
7143
7142
7141
7138
7138
7138
7137
7132
7132
7131
7131
7130
7130
7129
7129
7126
7125
7123
7122
7120
7119
7118
7115
7114
7113
7113
7112
7110
7108
7108
7106
7106
7105
7105
7104
7104
7102
7102
7101
7099
7095
7094
7091
7089
7089
7088
7087
7087
7086
7086
7086
7085
7085
7084
7080
7078
7078
7078
7077
7076
7075
7074
7074
7071
7070
7070
7069
7069
7069
7068
7068
7067
7066
7066
7066
7062
7061
7061
7061
7060
7059
7059
7059
7057
7056
7055
7052
7050
7049
7049
7047
7046
7046
7044
7044
7044
7043
7043
7042
7041
7040
7040
7040
7039
7037
7033
7032
7032
7032
7031
7029
7026
7025
7025
7024
7023
7022
7021
7021
7021
7020
7020
7019
7019
7019
7018
7017
7016
7015
7014
7011
7011
7009
7008
7008
7007
7006
7006
7005
7005
7004
7004
7003
7003
7003
7002
7002
7001
7000
6999
6997
6995
6994
6993
6991
6989
6989
6989
6988
6987
6987
6982
6981
6981
6981
6980
6979
6979
6978
6977
6976
6976
6975
6974
6974
6973
6972
6969
6968
6967
6967
6967
6966
6965
6964
6963
6963
6962
6960
6960
6959
6956
6956
6955
6955
6955
6954
6952
6950
6949
6949
6947
6947
6947
6946
6945
6944
6943
6943
6941
6940
6939
6938
6937
6937
6936
6934
6931
6931
6930
6929
6928
6928
6924
6924
6922
6921
6920
6919
6918
6917
6916
6916
6915
6914
6914
6912
6910
6909
6909
6907
6907
6905
6904
6903
6903
6902
6900
6898
6898
6898
6898
6895
6892
6891
6890
6890
6888
6887
6884
6882
6880
6880
6879
6879
6876
6875
6874
6873
6873
6871
6870
6869
6868
6868
6867
6867
6866
6866
6865
6864
6862
6862
6860
6860
6860
6858
6857
6856
6854
6854
6853
6853
6852
6851
6851
6851
6850
6850
6849
6849
6849
6848
6848
6846
6846
6845
6845
6845
6844
6844
6844
6843
6842
6839
6837
6835
6833
6828
6828
6828
6827
6826
6823
6819
6818
6816
6815
6815
6814
6813
6813
6813
6811
6811
6810
6809
6809
6806
6803
6802
6800
6798
6798
6797
6794
6793
6792
6790
6790
6788
6788
6787
6785
6784
6784
6783
6782
6781
6779
6779
6779
6779
6778
6778
6777
6775
6775
6775
6773
6771
6771
6770
6770
6768
6766
6762
6762
6759
6759
6758
6757
6756
6755
6753
6752
6751
6750
6750
6750
6748
6748
6747
6746
6746
6746
6746
6745
6744
6743
6743
6742
6741
6740
6738
6737
6737
6736
6736
6735
6735
6734
6731
6730
6730
6730
6729
6728
6726
6725
6725
6724
6724
6723
6723
6718
6717
6717
6716
6716
6715
6715
6712
6711
6710
6710
6710
6709
6709
6707
6706
6706
6705
6704
6704
6703
6703
6703
6702
6702
6698
6696
6694
6693
6692
6690
6690
6689
6688
6688
6687
6686
6686
6685
6685
6685
6685
6684
6682
6680
6678
6674
6672
6667
6666
6666
6665
6663
6662
6660
6660
6659
6658
6656
6655
6652
6652
6651
6651
6650
6650
6649
6648
6647
6647
6646
6646
6645
6645
6644
6643
6643
6643
6642
6642
6642
6640
6639
6638
6637
6637
6636
6636
6635
6633
6631
6630
6630
6630
6628
6628
6628
6628
6628
6627
6626
6626
6625
6625
6624
6624
6623
6622
6621
6621
6621
6620
6619
6617
6617
6617
6616
6616
6616
6615
6615
6613
6612
6610
6608
6606
6605
6605
6604
6604
6604
6602
6600
6600
6599
6598
6596
6595
6594
6592
6591
6590
6590
6590
6590
6589
6589
6587
6587
6586
6585
6584
6583
6582
6581
6580
6578
6577
6577
6576
6576
6576
6575
6575
6574
6574
6572
6572
6572
6571
6571
6569
6569
6567
6567
6567
6567
6562
6560
6558
6557
6557
6556
6553
6553
6552
6552
6551
6549
6549
6549
6546
6545
6544
6544
6539
6539
6538
6536
6535
6531
6531
6531
6530
6529
6528
6528
6527
6526
6526
6526
6525
6525
6524
6521
6521
6521
6520
6520
6520
6519
6518
6517
6517
6516
6514
6509
6509
6508
6507
6506
6503
6502
6501
6501
6501
6501
6499
6499
6498
6497
6492
6492
6492
6490
6489
6488
6487
6485
6484
6482
6481
6481
6480
6478
6477
6476
6475
6473
6471
6471
6471
6470
6468
6464
6463
6461
6460
6460
6460
6458
6458
6458
6456
6455
6453
6452
6451
6451
6450
6450
6448
6448
6445
6443
6442
6440
6439
6439
6439
6437
6436
6435
6435
6434
6434
6432
6428
6426
6426
6426
6424
6423
6422
6421
6421
6421
6419
6417
6415
6415
6414
6413
6409
6409
6409
6408
6408
6408
6408
6406
6406
6405
6405
6404
6404
6403
6403
6403
6401
6400
6399
6397
6394
6393
6392
6392
6390
6390
6390
6389
6389
6388
6388
6387
6386
6386
6386
6385
6385
6385
6385
6384
6383
6383
6382
6382
6381
6381
6379
6378
6378
6377
6376
6376
6374
6373
6372
6369
6368
6367
6365
6365
6365
6364
6363
6363
6363
6362
6361
6358
6357
6355
6352
6351
6351
6350
6350
6349
6349
6348
6346
6346
6345
6345
6345
6344
6344
6343
6343
6342
6340
6340
6339
6339
6338
6337
6336
6336
6336
6336
6335
6334
6333
6333
6332
6332
6330
6330
6329
6329
6328
6328
6327
6327
6326
6326
6322
6322
6322
6321
6321
6320
6319
6316
6316
6315
6314
6313
6313
6312
6312
6310
6309
6308
6308
6308
6307
6307
6306
6305
6304
6303
6303
6303
6301
6301
6301
6300
6300
6297
6295
6295
6294
6293
6292
6292
6291
6290
6289
6289
6288
6287
6286
6286
6286
6285
6285
6284
6283
6283
6282
6281
6277
6276
6276
6274
6273
6273
6273
6272
6271
6270
6269
6267
6267
6265
6263
6263
6261
6261
6261
6259
6259
6259
6257
6256
6255
6254
6253
6253
6252
6251
6251
6250
6250
6248
6247
6247
6245
6245
6244
6244
6244
6240
6240
6239
6238
6236
6236
6235
6235
6234
6227
6225
6225
6224
6223
6222
6221
6221
6221
6220
6219
6219
6215
6210
6210
6209
6207
6207
6206
6205
6199
6198
6191
6191
6191
6191
6189
6189
6189
6189
6185
6185
6180
6179
6179
6179
6178
6178
6177
6177
6176
6176
6173
6172
6171
6170
6169
6169
6169
6169
6167
6167
6167
6165
6165
6162
6162
6160
6158
6156
6156
6155
6153
6153
6151
6151
6150
6149
6148
6148
6148
6147
6144
6144
6143
6143
6142
6142
6142
6142
6140
6140
6139
6138
6137
6137
6136
6135
6135
6134
6134
6132
6132
6131
6131
6130
6130
6129
6127
6126
6126
6126
6125
6124
6124
6122
6121
6121
6120
6120
6119
6119
6119
6115
6115
6112
6112
6112
6110
6109
6108
6108
6106
6105
6105
6104
6104
6104
6104
6104
6103
6102
6102
6100
6100
6098
6096
6095
6091
6090
6089
6088
6088
6088
6087
6087
6086
6084
6082
6082
6081
6081
6079
6078
6077
6076
6076
6073
6072
6070
6070
6068
6066
6066
6065
6065
6063
6063
6063
6062
6060
6059
6059
6058
6057
6051
6049
6048
6048
6046
6045
6045
6043
6043
6042
6042
6041
6041
6041
6040
6038
6037
6037
6037
6036
6036
6035
6034
6032
6032
6031
6031
6031
6030
6029
6029
6028
6027
6026
6026
6023
6022
6020
6020
6019
6018
6017
6017
6015
6014
6013
6012
6012
6011
6011
6009
6004
6000
6000
5999
5997
5997
5996
5995
5995
5995
5995
5993
5993
5992
5988
5986
5986
5984
5981
5977
5977
5976
5976
5976
5975
5974
5972
5972
5971
5970
5969
5966
5965
5965
5965
5965
5962
5959
5959
5959
5958
5958
5958
5956
5955
5955
5955
5954
5953
5953
5950
5950
5944
5942
5940
5936
5935
5935
5934
5933
5932
5932
5931
5930
5930
5929
5929
5927
5927
5922
5920
5919
5918
5916
5915
5915
5913
5913
5912
5912
5911
5910
5910
5908
5906
5905
5905
5903
5902
5902
5902
5901
5900
5897
5897
5895
5895
5894
5893
5891
5891
5890
5889
5888
5887
5886
5884
5884
5884
5883
5882
5881
5881
5881
5878
5877
5876
5875
5872
5872
5872
5871
5870
5870
5869
5867
5867
5867
5865
5865
5864
5864
5863
5862
5861
5861
5859
5858
5857
5857
5854
5854
5853
5853
5849
5848
5846
5844
5843
5842
5841
5840
5837
5836
5832
5831
5831
5830
5829
5829
5829
5829
5828
5826
5825
5824
5823
5821
5821
5820
5819
5817
5817
5816
5816
5816
5815
5815
5814
5813
5813
5812
5812
5812
5812
5809
5809
5808
5807
5807
5806
5804
5804
5802
5802
5800
5800
5799
5799
5798
5797
5795
5795
5795
5794
5794
5792
5790
5789
5789
5788
5788
5787
5787
5785
5784
5784
5783
5781
5780
5780
5779
5777
5774
5774
5773
5772
5770
5768
5767
5766
5765
5765
5764
5764
5763
5762
5762
5760
5759
5758
5757
5756
5755
5755
5753
5752
5750
5748
5746
5746
5745
5744
5744
5744
5743
5739
5737
5736
5736
5736
5735
5735
5735
5734
5734
5734
5734
5734
5733
5733
5728
5727
5726
5726
5722
5719
5719
5718
5717
5715
5714
5713
5712
5712
5711
5711
5710
5707
5707
5706
5703
5702
5701
5701
5701
5700
5700
5700
5700
5699
5699
5699
5699
5698
5698
5698
5697
5697
5695
5695
5693
5692
5691
5691
5690
5688
5687
5687
5687
5684
5684
5684
5682
5681
5680
5679
5676
5676
5675
5674
5674
5674
5673
5671
5671
5669
5668
5666
5666
5665
5664
5664
5663
5661
5661
5660
5659
5658
5655
5653
5653
5651
5650
5650
5650
5649
5649
5649
5649
5649
5646
5646
5644
5643
5643
5643
5643
5642
5641
5640
5640
5639
5638
5637
5636
5635
5634
5631
5631
5631
5628
5627
5627
5626
5626
5625
5625
5624
5622
5620
5619
5619
5618
5616
5615
5614
5613
5612
5612
5611
5610
5610
5607
5606
5606
5605
5604
5603
5600
5599
5599
5598
5598
5598
5597
5595
5594
5594
5593
5593
5593
5593
5592
5591
5590
5588
5587
5587
5584
5584
5584
5583
5583
5583
5582
5581
5580
5579
5579
5579
5576
5573
5572
5571
5567
5566
5565
5564
5563
5563
5562
5561
5558
5557
5557
5552
5551
5549
5547
5546
5545
5545
5543
5543
5541
5540
5540
5538
5536
5535
5535
5535
5534
5534
5532
5531
5530
5528
5528
5527
5526
5526
5524
5524
5524
5524
5523
5523
5523
5522
5522
5521
5520
5518
5517
5516
5516
5515
5512
5511
5510
5509
5508
5508
5508
5506
5505
5505
5504
5504
5502
5501
5500
5500
5497
5495
5495
5495
5495
5494
5494
5492
5491
5491
5490
5488
5488
5488
5484
5483
5483
5483
5483
5482
5481
5480
5477
5477
5475
5474
5474
5473
5471
5471
5470
5470
5468
5467
5467
5463
5463
5463
5463
5461
5460
5459
5459
5458
5455
5453
5453
5451
5450
5449
5449
5448
5445
5445
5444
5444
5443
5443
5442
5440
5440
5439
5439
5439
5435
5434
5433
5432
5432
5431
5430
5427
5426
5426
5422
5422
5419
5418
5418
5415
5407
5407
5407
5406
5405
5405
5402
5401
5401
5400
5400
5398
5396
5396
5396
5392
5392
5391
5391
5390
5389
5389
5388
5388
5387
5384
5384
5383
5382
5381
5380
5379
5379
5377
5376
5376
5375
5373
5372
5371
5371
5371
5370
5370
5370
5369
5368
5367
5365
5365
5361
5360
5360
5359
5359
5358
5358
5354
5354
5352
5352
5351
5350
5348
5347
5346
5346
5345
5344
5341
5341
5339
5337
5336
5335
5333
5332
5331
5331
5330
5329
5327
5326
5325
5320
5319
5319
5317
5315
5314
5313
5311
5311
5309
5309
5308
5306
5305
5303
5302
5302
5301
5301
5298
5297
5296
5295
5294
5293
5293
5292
5292
5291
5289
5286
5286
5285
5285
5285
5284
5283
5283
5283
5281
5280
5280
5280
5278
5277
5276
5274
5274
5273
5270
5269
5268
5267
5267
5267
5267
5266
5266
5264
5263
5261
5261
5260
5260
5259
5258
5257
5253
5252
5252
5252
5250
5250
5250
5249
5249
5247
5246
5245
5244
5244
5244
5243
5239
5239
5238
5238
5237
5236
5235
5234
5234
5234
5234
5233
5233
5230
5230
5230
5230
5229
5228
5226
5224
5224
5224
5223
5223
5223
5223
5222
5220
5218
5217
5216
5214
5213
5210
5209
5208
5206
5202
5201
5199
5196
5194
5194
5194
5192
5192
5192
5191
5189
5188
5188
5186
5186
5185
5185
5184
5184
5183
5182
5182
5181
5181
5178
5178
5175
5175
5175
5175
5174
5174
5172
5172
5172
5171
5170
5169
5168
5168
5166
5165
5165
5164
5164
5164
5163
5162
5161
5160
5160
5160
5157
5156
5156
5155
5155
5154
5151
5150
5149
5148
5147
5145
5144
5144
5143
5142
5141
5139
5138
5137
5133
5133
5133
5132
5132
5132
5132
5131
5130
5130
5129
5126
5123
5121
5121
5120
5119
5119
5118
5118
5118
5118
5116
5115
5112
5110
5110
5109
5109
5108
5108
5108
5106
5103
5102
5102
5100
5100
5099
5096
5095
5094
5094
5092
5091
5090
5087
5085
5085
5083
5083
5082
5080
5078
5075
5074
5074
5072
5071
5071
5069
5068
5068
5068
5068
5067
5066
5065
5062
5059
5058
5058
5057
5057
5057
5056
5053
5050
5050
5050
5050
5049
5047
5047
5043
5042
5042
5042
5038
5035
5032
5032
5031
5031
5030
5030
5029
5029
5029
5028
5026
5025
5024
5024
5023
5022
5020
5019
5017
5016
5015
5012
5011
5009
5008
5008
5007
5006
5004
5003
5002
5002
5001
4996
4996
4995
4995
4993
4992
4991
4991
4991
4990
4989
4989
4988
4987
4987
4986
4982
4977
4975
4974
4970
4969
4969
4968
4966
4964
4962
4961
4961
4961
4961
4960
4959
4958
4958
4957
4957
4956
4954
4952
4952
4950
4946
4945
4945
4943
4943
4943
4942
4941
4940
4939
4939
4938
4936
4935
4934
4934
4933
4932
4932
4931
4930
4930
4929
4928
4928
4921
4920
4917
4915
4914
4914
4914
4912
4912
4910
4908
4908
4907
4906
4903
4901
4901
4899
4899
4897
4897
4896
4894
4891
4891
4890
4889
4889
4889
4888
4888
4888
4886
4884
4883
4883
4881
4880
4879
4876
4875
4875
4874
4873
4872
4871
4871
4871
4869
4869
4868
4867
4866
4866
4864
4864
4864
4863
4861
4861
4860
4859
4859
4859
4857
4857
4854
4852
4851
4849
4849
4849
4848
4847
4843
4838
4838
4837
4836
4835
4835
4833
4833
4831
4829
4828
4828
4826
4824
4824
4823
4822
4822
4820
4818
4818
4817
4815
4814
4813
4813
4812
4811
4810
4809
4809
4808
4807
4806
4805
4805
4805
4803
4801
4798
4796
4792
4791
4791
4789
4789
4789
4788
4787
4786
4784
4784
4784
4783
4781
4779
4779
4776
4776
4775
4774
4772
4771
4771
4769
4768
4768
4768
4768
4768
4767
4767
4766
4765
4765
4765
4765
4765
4764
4764
4762
4762
4760
4759
4759
4758
4758
4757
4755
4755
4752
4751
4751
4750
4748
4748
4747
4747
4746
4746
4743
4743
4742
4742
4742
4739
4739
4738
4737
4736
4736
4735
4735
4733
4731
4729
4729
4728
4725
4723
4722
4722
4722
4719
4719
4718
4718
4718
4717
4717
4717
4716
4714
4714
4713
4713
4712
4712
4711
4711
4710
4710
4709
4709
4709
4708
4708
4706
4705
4705
4703
4702
4702
4702
4701
4701
4701
4700
4700
4699
4698
4696
4696
4695
4690
4689
4689
4688
4687
4687
4685
4684
4682
4682
4680
4679
4679
4676
4675
4675
4675
4674
4674
4672
4671
4671
4670
4668
4668
4666
4665
4665
4665
4664
4663
4662
4661
4661
4660
4659
4658
4657
4656
4656
4656
4655
4655
4655
4651
4649
4649
4648
4648
4647
4646
4645
4644
4644
4644
4641
4640
4640
4638
4638
4637
4637
4635
4635
4635
4635
4634
4634
4633
4632
4632
4630
4628
4624
4623
4623
4622
4622
4622
4621
4620
4619
4618
4617
4617
4616
4615
4615
4614
4614
4613
4613
4611
4610
4608
4606
4605
4605
4602
4600
4600
4599
4598
4598
4598
4596
4593
4593
4592
4592
4592
4591
4589
4589
4587
4585
4584
4584
4584
4582
4581
4580
4580
4578
4576
4576
4574
4573
4573
4572
4572
4570
4570
4569
4569
4567
4567
4567
4566
4565
4565
4564
4564
4564
4563
4563
4561
4560
4560
4560
4559
4559
4558
4557
4554
4553
4551
4550
4550
4548
4547
4547
4546
4545
4545
4543
4543
4542
4542
4540
4539
4538
4538
4535
4535
4535
4532
4531
4531
4531
4530
4530
4529
4527
4527
4523
4523
4522
4522
4520
4518
4517
4517
4516
4514
4514
4514
4513
4512
4511
4510
4510
4509
4508
4507
4506
4505
4505
4504
4503
4502
4501
4499
4499
4497
4495
4495
4493
4492
4491
4490
4490
4490
4489
4489
4489
4488
4488
4487
4485
4485
4484
4484
4484
4484
4483
4481
4481
4479
4479
4479
4479
4478
4477
4477
4475
4474
4472
4470
4470
4470
4469
4468
4467
4465
4465
4464
4462
4462
4461
4461
4460
4460
4459
4458
4457
4457
4457
4457
4456
4455
4453
4451
4451
4451
4450
4449
4448
4447
4447
4445
4442
4440
4440
4440
4440
4438
4438
4436
4436
4436
4435
4434
4432
4432
4432
4431
4430
4430
4430
4427
4427
4426
4426
4425
4425
4423
4421
4421
4420
4420
4419
4418
4417
4416
4416
4416
4413
4413
4413
4412
4411
4411
4408
4404
4403
4401
4399
4398
4395
4395
4393
4393
4391
4390
4388
4387
4386
4386
4385
4383
4383
4381
4380
4378
4376
4376
4371
4370
4369
4367
4367
4362
4361
4360
4357
4356
4356
4355
4354
4354
4352
4348
4347
4346
4345
4344
4344
4341
4341
4340
4339
4338
4336
4335
4335
4335
4334
4333
4333
4332
4332
4332
4331
4331
4329
4329
4327
4326
4326
4322
4322
4320
4318
4318
4317
4317
4317
4315
4315
4315
4314
4312
4311
4311
4310
4309
4309
4308
4307
4307
4307
4306
4305
4304
4302
4300
4300
4300
4299
4299
4299
4299
4298
4298
4295
4295
4295
4294
4293
4293
4293
4291
4291
4289
4289
4288
4287
4287
4286
4286
4286
4285
4285
4284
4283
4282
4282
4282
4281
4280
4279
4278
4278
4278
4278
4277
4277
4277
4274
4272
4270
4270
4269
4268
4268
4266
4265
4265
4263
4262
4261
4260
4260
4259
4254
4254
4254
4252
4252
4252
4248
4248
4248
4246
4246
4245
4244
4244
4242
4239
4238
4237
4236
4235
4234
4232
4231
4231
4231
4230
4229
4228
4227
4227
4227
4226
4226
4225
4224
4224
4223
4221
4220
4219
4219
4218
4218
4216
4214
4214
4214
4214
4214
4213
4211
4210
4208
4207
4205
4203
4203
4202
4199
4199
4199
4199
4197
4197
4196
4195
4192
4191
4190
4189
4189
4188
4186
4186
4185
4185
4184
4184
4184
4182
4180
4179
4177
4174
4174
4172
4172
4171
4170
4169
4168
4168
4168
4167
4166
4165
4162
4162
4159
4158
4157
4156
4156
4156
4155
4155
4153
4153
4153
4153
4152
4149
4149
4147
4147
4145
4143
4142
4141
4140
4140
4140
4140
4137
4137
4137
4137
4136
4136
4135
4135
4133
4130
4130
4129
4129
4129
4128
4127
4126
4125
4124
4122
4122
4122
4119
4118
4118
4116
4116
4114
4114
4108
4107
4107
4107
4106
4105
4103
4102
4101
4101
4101
4100
4098
4098
4095
4094
4093
4092
4092
4092
4092
4091
4089
4089
4089
4089
4088
4087
4086
4084
4083
4083
4082
4082
4082
4082
4080
4080
4079
4078
4077
4076
4072
4072
4071
4071
4070
4069
4068
4068
4066
4066
4065
4064
4064
4064
4062
4061
4061
4060
4060
4060
4058
4056
4056
4054
4054
4053
4051
4050
4049
4048
4048
4046
4046
4046
4045
4044
4042
4042
4042
4040
4039
4039
4039
4038
4037
4036
4036
4035
4035
4031
4031
4030
4029
4028
4026
4024
4024
4022
4022
4021
4021
4020
4016
4015
4014
4014
4013
4013
4012
4012
4012
4011
4010
4008
4003
4001
4001
4000
3999
3999
3999
3999
3995
3995
3994
3993
3993
3992
3992
3990
3989
3986
3984
3983
3983
3983
3982
3982
3981
3981
3980
3979
3977
3976
3976
3976
3976
3975
3974
3974
3974
3973
3973
3972
3971
3971
3969
3969
3968
3968
3968
3966
3964
3962
3960
3959
3959
3958
3958
3957
3955
3953
3952
3952
3952
3951
3950
3949
3948
3948
3947
3947
3947
3947
3945
3942
3940
3939
3939
3939
3937
3937
3935
3935
3934
3933
3932
3931
3929
3928
3928
3926
3925
3925
3925
3925
3923
3922
3922
3921
3921
3919
3918
3918
3918
3915
3915
3913
3913
3911
3910
3909
3909
3909
3908
3907
3906
3902
3899
3899
3898
3897
3896
3895
3894
3893
3893
3892
3892
3892
3888
3887
3885
3882
3882
3880
3879
3878
3878
3878
3877
3877
3876
3876
3874
3874
3874
3871
3871
3870
3870
3869
3869
3868
3868
3868
3868
3867
3867
3866
3866
3865
3865
3863
3861
3861
3860
3859
3859
3859
3858
3855
3854
3853
3852
3851
3851
3850
3850
3849
3849
3848
3846
3845
3844
3843
3843
3843
3843
3841
3839
3836
3835
3835
3834
3834
3834
3831
3830
3827
3826
3826
3826
3825
3825
3824
3823
3822
3822
3822
3821
3821
3819
3817
3817
3817
3817
3815
3814
3812
3811
3810
3810
3809
3807
3807
3805
3805
3804
3803
3800
3800
3799
3797
3796
3794
3793
3793
3793
3793
3792
3791
3788
3786
3783
3782
3782
3781
3781
3780
3778
3776
3775
3773
3772
3771
3771
3770
3768
3766
3766
3764
3763
3762
3761
3760
3759
3759
3759
3758
3755
3752
3750
3750
3748
3747
3746
3745
3745
3744
3743
3742
3742
3741
3741
3740
3737
3737
3736
3736
3735
3731
3730
3729
3727
3727
3726
3725
3723
3722
3720
3720
3718
3718
3716
3714
3714
3713
3712
3712
3710
3708
3707
3707
3707
3707
3705
3704
3702
3699
3699
3698
3696
3693
3692
3690
3689
3688
3687
3685
3684
3684
3683
3683
3682
3682
3680
3676
3676
3672
3672
3672
3671
3671
3670
3669
3668
3667
3667
3667
3664
3664
3663
3661
3660
3659
3659
3658
3658
3658
3657
3655
3655
3653
3652
3651
3651
3650
3650
3650
3644
3643
3642
3641
3641
3641
3641
3639
3639
3634
3631
3629
3628
3627
3625
3625
3622
3621
3617
3617
3615
3614
3614
3613
3612
3611
3611
3610
3610
3608
3608
3605
3605
3602
3601
3600
3600
3600
3599
3598
3598
3598
3597
3596
3596
3594
3593
3593
3592
3591
3590
3590
3589
3589
3588
3586
3586
3584
3584
3583
3582
3581
3580
3578
3576
3576
3575
3575
3574
3574
3572
3570
3570
3570
3569
3569
3567
3566
3563
3562
3561
3560
3560
3559
3558
3555
3554
3553
3553
3551
3549
3549
3548
3547
3546
3546
3543
3540
3540
3539
3539
3539
3538
3536
3536
3536
3534
3534
3534
3532
3531
3530
3529
3528
3527
3526
3525
3525
3524
3523
3522
3522
3520
3519
3518
3518
3517
3515
3514
3513
3513
3512
3512
3512
3511
3510
3510
3509
3508
3507
3507
3506
3503
3502
3502
3501
3499
3499
3499
3498
3498
3496
3496
3494
3492
3491
3490
3489
3488
3488
3488
3487
3487
3486
3484
3484
3483
3482
3482
3482
3482
3481
3481
3479
3478
3477
3477
3475
3475
3474
3473
3471
3471
3470
3469
3469
3469
3467
3467
3465
3463
3463
3462
3462
3461
3460
3459
3459
3459
3459
3458
3458
3458
3457
3457
3455
3455
3451
3451
3450
3450
3448
3446
3445
3445
3443
3442
3440
3440
3438
3438
3437
3436
3434
3434
3432
3432
3431
3431
3430
3429
3428
3427
3426
3425
3425
3424
3424
3423
3422
3421
3421
3420
3417
3414
3414
3414
3414
3413
3411
3410
3410
3409
3409
3408
3407
3407
3405
3403
3403
3402
3401
3401
3400
3397
3397
3397
3397
3396
3389
3387
3386
3381
3380
3379
3378
3378
3377
3377
3376
3376
3375
3375
3373
3371
3370
3370
3370
3369
3369
3368
3368
3366
3365
3365
3362
3361
3361
3360
3357
3356
3356
3355
3355
3353
3352
3352
3350
3350
3349
3349
3349
3348
3346
3346
3345
3345
3345
3345
3342
3342
3341
3340
3339
3339
3336
3334
3332
3332
3331
3331
3331
3331
3329
3327
3325
3325
3322
3322
3321
3320
3318
3318
3317
3316
3316
3316
3315
3315
3313
3313
3313
3313
3312
3309
3308
3306
3305
3305
3305
3303
3300
3298
3297
3297
3296
3294
3293
3292
3291
3289
3287
3285
3284
3282
3282
3282
3280
3280
3277
3275
3274
3273
3273
3271
3271
3270
3270
3268
3268
3267
3267
3266
3263
3261
3260
3260
3257
3256
3256
3256
3254
3253
3253
3253
3253
3252
3251
3251
3250
3250
3249
3249
3248
3247
3243
3242
3242
3238
3238
3237
3235
3235
3234
3234
3233
3233
3231
3230
3230
3229
3227
3227
3227
3226
3225
3225
3224
3222
3221
3220
3219
3219
3218
3218
3217
3217
3216
3216
3214
3213
3213
3212
3211
3210
3207
3207
3207
3205
3202
3199
3197
3197
3195
3189
3189
3187
3186
3186
3185
3185
3185
3184
3183
3181
3181
3178
3177
3175
3175
3174
3168
3167
3167
3166
3165
3164
3163
3160
3158
3158
3157
3156
3155
3155
3154
3150
3149
3149
3148
3148
3148
3146
3146
3146
3145
3144
3144
3144
3142
3141
3139
3139
3137
3137
3136
3135
3134
3133
3132
3131
3130
3129
3128
3127
3125
3125
3124
3124
3122
3121
3120
3118
3118
3118
3118
3116
3116
3115
3114
3112
3112
3112
3111
3110
3110
3109
3108
3107
3107
3107
3104
3103
3103
3102
3102
3100
3098
3097
3095
3092
3090
3088
3088
3088
3086
3084
3084
3083
3083
3081
3080
3079
3078
3077
3076
3076
3075
3074
3073
3070
3069
3069
3068
3067
3066
3066
3065
3065
3063
3062
3061
3058
3057
3057
3057
3056
3056
3054
3053
3051
3049
3047
3046
3045
3041
3041
3041
3040
3038
3036
3035
3034
3033
3033
3031
3031
3031
3030
3029
3027
3027
3026
3026
3023
3019
3017
3014
3010
3009
3008
3003
3002
3001
3001
3001
3000
3000
3000
3000
2999
2998
2998
2997
2995
2993
2991
2991
2990
2989
2984
2984
2983
2983
2981
2980
2978
2978
2975
2972
2971
2970
2968
2968
2966
2965
2964
2964
2964
2963
2963
2962
2961
2960
2960
2959
2958
2958
2958
2957
2956
2956
2953
2952
2952
2950
2949
2949
2945
2943
2943
2943
2942
2941
2940
2940
2940
2939
2938
2937
2936
2934
2931
2931
2930
2930
2929
2928
2928
2927
2925
2925
2924
2923
2921
2920
2918
2917
2917
2915
2915
2915
2911
2911
2910
2910
2910
2907
2905
2905
2904
2904
2903
2903
2902
2901
2900
2900
2899
2898
2897
2897
2888
2887
2886
2884
2883
2882
2880
2877
2876
2876
2871
2869
2869
2869
2868
2867
2867
2867
2867
2867
2864
2864
2864
2862
2861
2860
2859
2857
2856
2855
2855
2854
2853
2852
2852
2852
2850
2848
2848
2848
2847
2846
2845
2845
2844
2844
2843
2842
2841
2839
2839
2838
2838
2838
2837
2836
2835
2833
2833
2833
2832
2829
2827
2827
2827
2826
2825
2825
2823
2822
2821
2820
2820
2819
2819
2819
2818
2817
2817
2815
2814
2814
2812
2812
2810
2810
2809
2809
2806
2806
2805
2804
2803
2802
2802
2802
2801
2799
2799
2798
2798
2797
2795
2794
2794
2793
2793
2792
2791
2788
2788
2786
2786
2785
2784
2784
2783
2782
2782
2782
2781
2781
2780
2777
2777
2777
2775
2775
2772
2771
2771
2771
2769
2769
2767
2767
2766
2765
2763
2759
2758
2758
2756
2756
2756
2755
2754
2754
2752
2751
2751
2750
2749
2745
2744
2743
2743
2743
2742
2740
2739
2739
2739
2739
2738
2738
2737
2736
2736
2735
2735
2735
2734
2733
2732
2732
2731
2731
2727
2726
2724
2723
2720
2718
2716
2715
2711
2710
2710
2709
2709
2704
2704
2703
2703
2701
2701
2700
2699
2698
2698
2698
2696
2694
2693
2693
2690
2689
2686
2686
2684
2682
2682
2681
2681
2680
2680
2679
2675
2675
2675
2674
2674
2673
2671
2671
2666
2663
2663
2662
2661
2661
2660
2660
2659
2659
2658
2657
2657
2657
2656
2654
2654
2653
2651
2651
2650
2650
2649
2649
2648
2646
2640
2640
2639
2639
2637
2637
2636
2636
2636
2636
2635
2635
2635
2633
2632
2632
2630
2630
2629
2628
2627
2624
2622
2622
2620
2616
2615
2614
2610
2610
2610
2608
2607
2607
2605
2605
2602
2602
2600
2599
2598
2598
2597
2596
2595
2595
2594
2593
2590
2590
2590
2590
2585
2585
2584
2583
2583
2581
2580
2580
2580
2580
2579
2579
2578
2577
2577
2576
2574
2574
2572
2570
2570
2570
2569
2569
2569
2566
2566
2565
2565
2565
2565
2565
2565
2564
2563
2561
2560
2559
2559
2557
2556
2555
2553
2553
2551
2548
2547
2547
2546
2545
2545
2542
2541
2540
2538
2538
2536
2536
2535
2534
2534
2533
2531
2530
2528
2527
2525
2525
2525
2524
2523
2522
2521
2519
2519
2517
2516
2516
2515
2515
2514
2514
2513
2513
2510
2508
2506
2505
2501
2500
2500
2496
2495
2495
2495
2493
2493
2492
2491
2490
2489
2484
2484
2484
2483
2482
2482
2481
2480
2476
2473
2472
2472
2472
2471
2471
2470
2470
2469
2469
2468
2468
2467
2464
2462
2461
2460
2456
2455
2455
2453
2449
2449
2441
2440
2437
2436
2436
2435
2435
2431
2431
2431
2430
2427
2427
2427
2426
2424
2424
2423
2419
2419
2418
2415
2414
2414
2413
2410
2409
2407
2404
2404
2400
2397
2396
2395
2391
2391
2390
2390
2389
2388
2387
2386
2386
2385
2385
2384
2384
2384
2382
2382
2380
2380
2379
2379
2379
2378
2377
2376
2375
2373
2371
2368
2367
2367
2365
2365
2364
2364
2363
2361
2360
2359
2359
2357
2357
2357
2357
2355
2354
2353
2353
2352
2351
2351
2350
2350
2349
2348
2348
2346
2344
2342
2342
2342
2336
2335
2333
2332
2331
2331
2324
2322
2321
2321
2320
2320
2318
2318
2317
2316
2315
2313
2312
2311
2311
2310
2310
2310
2309
2306
2305
2305
2304
2304
2303
2302
2302
2301
2301
2300
2299
2299
2294
2293
2293
2292
2291
2291
2291
2290
2289
2288
2287
2287
2285
2283
2283
2283
2282
2281
2281
2279
2279
2277
2276
2276
2276
2276
2274
2273
2273
2273
2271
2270
2269
2268
2268
2268
2267
2267
2267
2266
2262
2262
2260
2259
2259
2259
2258
2258
2257
2255
2255
2255
2254
2252
2251
2251
2251
2250
2249
2248
2247
2247
2247
2246
2245
2244
2243
2243
2243
2242
2242
2242
2242
2241
2240
2239
2238
2237
2236
2236
2235
2234
2233
2233
2230
2228
2227
2227
2226
2226
2226
2224
2222
2222
2222
2222
2221
2220
2219
2219
2218
2214
2212
2211
2211
2210
2210
2210
2209
2206
2205
2203
2203
2202
2202
2202
2200
2198
2198
2197
2197
2194
2193
2193
2188
2187
2182
2182
2182
2181
2180
2179
2179
2179
2179
2178
2177
2177
2176
2176
2175
2175
2174
2173
2172
2172
2168
2166
2163
2163
2161
2160
2160
2159
2158
2152
2152
2150
2147
2145
2144
2144
2139
2138
2138
2138
2137
2137
2137
2136
2136
2132
2132
2131
2130
2129
2128
2126
2125
2125
2123
2121
2120
2119
2119
2119
2118
2116
2116
2115
2113
2112
2112
2111
2110
2109
2107
2106
2105
2104
2103
2102
2101
2100
2099
2098
2097
2096
2094
2093
2091
2088
2088
2087
2087
2086
2085
2083
2081
2079
2078
2078
2077
2073
2071
2069
2068
2067
2066
2065
2063
2062
2060
2059
2058
2057
2056
2055
2054
2053
2051
2050
2050
2050
2050
2049
2049
2048
2046
2046
2045
2041
2040
2038
2037
2030
2030
2029
2029
2028
2027
2027
2026
2024
2024
2023
2023
2021
2020
2020
2020
2018
2015
2014
2014
2013
2012
2012
2012
2011
2011
2011
2009
2009
2008
2008
2007
2006
2005
2005
2004
2001
2001
2000
2000
2000
2000
1998
1998
1997
1996
1993
1991
1991
1990
1989
1989
1988
1987
1986
1986
1986
1985
1984
1984
1982
1980
1979
1977
1977
1977
1976
1976
1974
1974
1974
1972
1971
1970
1969
1968
1967
1966
1963
1962
1962
1961
1958
1956
1955
1954
1953
1952
1951
1951
1951
1950
1950
1950
1950
1949
1949
1949
1948
1946
1945
1945
1942
1941
1937
1937
1935
1935
1934
1934
1934
1934
1932
1931
1931
1931
1930
1928
1928
1927
1927
1926
1925
1924
1924
1924
1924
1923
1922
1922
1917
1917
1915
1914
1907
1906
1906
1904
1902
1902
1902
1901
1899
1898
1898
1898
1896
1896
1895
1894
1891
1890
1887
1885
1885
1884
1884
1882
1882
1881
1880
1879
1878
1878
1878
1876
1876
1876
1875
1872
1871
1870
1868
1867
1865
1865
1864
1864
1863
1863
1863
1860
1859
1855
1854
1852
1851
1850
1849
1848
1846
1846
1846
1845
1845
1845
1845
1844
1844
1843
1842
1841
1841
1840
1837
1831
1831
1831
1831
1830
1827
1827
1827
1827
1827
1826
1825
1822
1822
1820
1819
1819
1817
1816
1816
1814
1813
1811
1811
1808
1807
1806
1805
1804
1802
1800
1800
1799
1799
1798
1796
1795
1793
1792
1791
1790
1787
1786
1785
1785
1782
1781
1781
1780
1779
1777
1777
1776
1776
1776
1774
1773
1772
1770
1769
1769
1765
1764
1763
1762
1762
1762
1761
1758
1758
1757
1752
1752
1752
1751
1751
1751
1750
1749
1748
1747
1746
1746
1746
1746
1745
1742
1741
1741
1740
1739
1739
1737
1735
1735
1735
1735
1734
1733
1732
1732
1731
1731
1730
1729
1729
1728
1727
1726
1726
1725
1723
1722
1721
1720
1719
1718
1716
1716
1715
1714
1713
1712
1712
1711
1707
1705
1705
1704
1704
1703
1702
1700
1700
1699
1697
1697
1696
1696
1696
1691
1691
1690
1690
1688
1686
1685
1683
1678
1677
1677
1677
1677
1677
1676
1674
1673
1673
1673
1672
1670
1670
1669
1668
1667
1667
1666
1666
1664
1662
1661
1661
1660
1659
1659
1659
1658
1657
1656
1656
1653
1652
1650
1649
1649
1647
1646
1644
1644
1643
1642
1642
1642
1640
1640
1638
1638
1636
1634
1634
1633
1633
1633
1631
1628
1627
1626
1626
1626
1624
1621
1619
1617
1617
1615
1614
1613
1612
1612
1611
1611
1611
1610
1609
1609
1609
1607
1607
1605
1605
1605
1605
1604
1603
1603
1602
1600
1600
1599
1596
1595
1595
1595
1594
1593
1592
1592
1591
1591
1591
1590
1590
1590
1589
1589
1588
1587
1587
1585
1584
1584
1584
1581
1579
1579
1577
1576
1576
1576
1574
1571
1570
1569
1568
1567
1566
1564
1564
1561
1559
1559
1557
1557
1556
1556
1555
1554
1553
1549
1546
1546
1545
1545
1545
1543
1543
1541
1541
1540
1537
1536
1531
1531
1530
1529
1528
1527
1527
1526
1524
1524
1523
1523
1522
1521
1520
1518
1516
1516
1514
1514
1514
1512
1511
1510
1510
1509
1509
1508
1506
1504
1504
1503
1502
1501
1498
1497
1497
1496
1494
1492
1491
1490
1489
1488
1488
1487
1484
1483
1482
1482
1482
1482
1481
1480
1479
1479
1478
1477
1476
1475
1472
1471
1469
1469
1468
1468
1468
1465
1464
1462
1461
1459
1456
1454
1453
1452
1452
1451
1451
1449
1446
1445
1445
1444
1443
1443
1442
1441
1440
1438
1437
1435
1431
1429
1428
1428
1425
1424
1422
1421
1421
1418
1418
1418
1417
1416
1415
1413
1410
1408
1406
1406
1403
1402
1402
1401
1401
1400
1400
1400
1399
1399
1397
1397
1397
1397
1395
1395
1394
1393
1392
1392
1392
1391
1391
1389
1389
1384
1384
1382
1382
1380
1380
1380
1378
1378
1378
1376
1376
1374
1374
1372
1372
1371
1369
1369
1367
1366
1365
1364
1363
1363
1361
1360
1360
1358
1357
1356
1356
1355
1355
1355
1355
1354
1353
1353
1352
1352
1351
1349
1348
1348
1348
1346
1345
1345
1345
1342
1342
1340
1340
1340
1339
1338
1337
1337
1335
1334
1333
1333
1332
1332
1329
1328
1328
1328
1327
1326
1325
1323
1321
1320
1320
1319
1318
1317
1316
1316
1315
1314
1311
1309
1308
1307
1306
1306
1304
1304
1303
1301
1299
1298
1298
1298
1296
1293
1293
1292
1292
1290
1288
1287
1287
1287
1287
1286
1286
1282
1282
1279
1279
1279
1277
1276
1275
1274
1274
1274
1274
1272
1272
1271
1271
1270
1269
1267
1266
1266
1265
1265
1264
1263
1263
1261
1256
1254
1254
1253
1252
1250
1248
1245
1242
1241
1241
1239
1239
1238
1238
1237
1237
1237
1236
1235
1234
1232
1231
1229
1229
1228
1227
1225
1218
1215
1215
1214
1213
1213
1213
1212
1212
1212
1210
1210
1209
1209
1209
1208
1208
1208
1207
1205
1204
1204
1202
1201
1200
1199
1199
1198
1198
1197
1196
1193
1192
1192
1191
1190
1187
1185
1185
1184
1183
1183
1182
1181
1181
1176
1176
1176
1175
1172
1170
1169
1169
1169
1168
1166
1164
1164
1162
1161
1161
1161
1160
1158
1157
1156
1155
1154
1152
1149
1148
1146
1146
1145
1144
1144
1142
1142
1141
1140
1140
1140
1139
1139
1139
1138
1137
1135
1133
1131
1131
1130
1130
1130
1130
1129
1129
1128
1124
1124
1123
1123
1123
1121
1121
1121
1120
1119
1119
1112
1110
1110
1109
1106
1106
1105
1104
1102
1101
1100
1100
1098
1098
1097
1095
1094
1092
1092
1091
1089
1088
1086
1086
1085
1085
1085
1084
1084
1084
1083
1083
1082
1081
1080
1078
1075
1074
1074
1074
1074
1072
1072
1072
1071
1068
1068
1067
1066
1066
1064
1063
1061
1059
1059
1058
1058
1058
1058
1057
1056
1055
1055
1054
1053
1053
1051
1049
1049
1047
1047
1046
1046
1046
1045
1045
1045
1044
1044
1042
1042
1042
1039
1038
1036
1035
1033
1033
1032
1030
1028
1028
1027
1027
1026
1026
1025
1024
1022
1022
1020
1016
1014
1014
1014
1013
1013
1012
1012
1010
1009
1009
1008
1007
1006
1005
1003
1001
999
999
998
997
996
995
992
992
990
989
988
988
985
983
982
981
981
980
980
980
979
979
978
976
975
974
974
973
971
971
970
970
969
969
968
966
966
965
964
963
963
963
963
962
961
960
960
958
957
957
956
955
954
954
954
951
951
951
951
951
949
949
948
943
942
941
940
940
938
937
936
933
933
930
928
928
927
927
927
922
921
920
918
918
915
913
913
912
908
908
908
906
905
902
901
901
901
900
899
899
898
897
896
895
894
893
891
890
890
888
884
882
882
880
880
879
877
876
873
873
873
872
870
870
870
869
867
865
865
864
864
863
863
863
861
860
860
860
858
858
855
854
854
854
853
853
850
849
848
848
846
845
843
843
843
842
840
839
839
838
838
836
836
836
835
835
835
835
834
833
832
830
830
829
829
828
827
827
826
825
825
825
825
824
821
821
821
817
816
815
815
814
810
810
809
807
807
806
802
802
800
800
800
798
798
797
797
794
793
791
789
788
787
787
787
785
783
782
782
781
781
781
780
780
779
779
778
778
777
776
775
774
774
773
773
772
772
771
771
771
770
770
770
770
770
768
767
767
767
765
764
762
762
759
757
757
757
755
754
754
754
751
751
750
749
748
748
747
744
743
741
740
738
738
738
734
733
731
731
730
730
730
730
729
726
726
725
724
723
722
716
714
711
710
710
709
709
707
704
704
702
701
700
700
699
699
699
698
698
698
697
696
695
695
694
693
693
692
692
690
690
689
688
687
687
685
685
684
684
684
683
682
682
681
680
680
680
679
678
677
676
673
673
673
673
672
672
671
670
669
666
665
665
664
664
663
661
660
659
658
658
657
656
656
654
652
652
652
651
650
650
649
648
648
646
646
646
645
644
643
643
640
638
637
637
636
636
636
635
635
634
633
633
633
631
631
625
625
624
622
622
620
619
619
619
618
616
615
611
611
611
608
607
604
603
603
599
598
597
596
596
594
594
594
594
594
592
589
589
587
584
583
583
582
582
582
581
579
579
577
577
575
570
568
568
567
566
564
564
564
564
563
562
562
561
561
561
561
560
559
554
553
553
553
551
551
551
550
550
550
550
550
546
546
545
544
543
542
540
540
538
538
536
536
536
536
536
535
535
535
533
533
527
527
526
526
523
521
520
520
520
519
514
511
510
510
510
509
508
504
503
503
503
502
501
494
493
493
491
488
488
487
487
486
486
485
484
482
482
480
480
479
478
478
478
478
477
474
472
469
469
467
467
460
460
459
458
457
457
457
457
455
455
454
453
452
452
451
451
450
449
448
444
444
443
442
442
440
440
438
437
437
436
434
431
430
427
426
426
424
423
422
421
421
421
420
418
417
416
416
416
416
415
415
413
410
410
410
409
408
408
406
404
400
399
397
395
394
392
392
390
389
389
388
386
386
385
384
383
383
382
382
381
379
378
377
377
376
374
373
372
371
371
370
368
367
363
361
360
360
359
359
359
358
357
357
356
355
355
355
352
352
351
347
346
345
343
343
343
342
342
340
339
339
338
338
338
336
335
335
332
331
330
328
328
326
325
325
325
324
324
324
321
321
320
319
319
318
312
311
310
309
309
309
308
308
306
304
303
302
301
301
300
297
295
295
295
295
294
294
293
293
291
290
289
288
288
288
287
285
285
284
284
283
283
280
277
277
276
275
273
271
271
268
268
267
263
261
261
260
258
257
257
255
255
255
254
252
251
251
250
249
249
247
246
245
244
243
242
240
240
239
238
238
238
237
232
231
231
230
229
227
225
225
224
224
221
220
219
211
210
208
207
206
206
206
205
205
205
202
202
201
199
199
194
193
190
190
189
187
187
187
186
185
185
185
183
182
180
180
180
173
173
173
173
172
169
168
167
167
166
166
165
163
163
162
162
161
160
160
158
157
157
157
156
155
154
151
149
147
147
146
146
145
145
141
141
140
139
138
137
137
137
136
135
135
134
133
131
130
129
125
124
124
123
122
122
122
119
119
118
118
113
112
112
112
110
108
108
107
106
105
103
103
102
102
102
101
101
99
98
97
96
96
95
90
89
88
86
85
85
84
84
84
84
83
82
80
80
80
79
79
78
77
76
76
75
74
74
73
72
71
70
70
69
69
69
68
67
67
66
65
65
64
64
63
57
56
53
53
53
52
50
46
46
45
44
43
41
39
39
36
34
32
32
31
31
31
30
29
26
26
25
25
25
24
23
23
22
20
20
20
19
16
15
15
13
13
12
11
10
9
8
8
5
5
2
1
1
0
