9999
9999
9998
9998
9997
9994
9993
9993
9992
9989
9989
9988
9988
9987
9987
9984
9983
9983
9979
9979
9979
9977
9974
9973
9973
9972
9971
9970
9969
9969
9969
9966
9965
9964
9964
9964
9963
9961
9960
9958
9957
9952
9951
9950
9949
9949
9949
9949
9948
9947
9947
9946
9944
9944
9944
9942
9940
9938
9937
9936
9936
9935
9935
9933
9929
9929
9928
9928
9927
9926
9925
9925
9925
9924
9921
9919
9918
9915
9915
9914
9913
9912
9912
9912
9912
9911
9911
9910
9910
9908
9908
9908
9905
9904
9902
9902
9902
9901
9900
9900
9898
9897
9895
9894
9894
9893
9893
9893
9892
9890
9888
9887
9887
9887
9886
9885
9885
9884
9883
9882
9882
9882
9880
9875
9874
9873
9873
9871
9870
9868
9867
9866
9862
9862
9861
9860
9860
9857
9857
9857
9856
9855
9852
9851
9851
9850
9850
9849
9849
9849
9849
9848
9843
9841
9840
9839
9838
9837
9835
9834
9831
9829
9826
9826
9826
9824
9824
9821
9821
9821
9820
9819
9819
9819
9818
9818
9816
9812
9811
9811
9810
9809
9808
9807
9807
9807
9805
9804
9803
9798
9797
9796
9796
9794
9793
9792
9792
9791
9791
9791
9790
9790
9786
9784
9784
9784
9783
9782
9780
9779
9779
9778
9775
9775
9774
9773
9772
9772
9771
9770
9770
9768
9768
9767
9763
9763
9762
9762
9761
9760
9759
9757
9757
9755
9755
9754
9753
9753
9753
9751
9750
9749
9749
9749
9748
9747
9741
9739
9738
9735
9733
9733
9733
9732
9732
9731
9730
9728
9728
9727
9725
9722
9722
9721
9721
9719
9716
9716
9716
9716
9715
9715
9715
9715
9714
9713
9712
9710
9709
9708
9708
9707
9707
9706
9705
9704
9704
9703
9701
9701
9700
9699
9695
9694
9694
9693
9693
9691
9689
9688
9687
9687
9686
9685
9683
9683
9683
9682
9682
9680
9679
9679
9678
9677
9674
9672
9671
9668
9668
9665
9664
9664
9662
9662
9660
9659
9657
9657
9657
9656
9654
9653
9653
9652
9650
9649
9649
9648
9647
9647
9645
9644
9643
9642
9642
9641
9640
9639
9639
9639
9638
9638
9638
9634
9633
9633
9633
9631
9630
9629
9628
9628
9628
9625
9624
9624
9624
9623
9623
9622
9622
9621
9620
9618
9618
9611
9608
9608
9607
9606
9606
9605
9605
9604
9604
9603
9603
9603
9603
9603
9602
9602
9602
9601
9601
9601
9600
9597
9596
9595
9593
9593
9591
9591
9590
9590
9588
9588
9587
9587
9580
9578
9576
9575
9575
9573
9573
9572
9570
9568
9568
9566
9564
9564
9564
9564
9563
9560
9559
9558
9558
9558
9558
9557
9554
9554
9553
9553
9546
9546
9541
9541
9540
9539
9539
9538
9538
9537
9536
9533
9532
9532
9530
9529
9528
9527
9527
9526
9525
9524
9523
9522
9521
9521
9520
9520
9520
9519
9518
9518
9516
9515
9512
9512
9511
9511
9510
9510
9510
9509
9508
9507
9506
9505
9503
9501
9501
9500
9499
9499
9498
9497
9497
9497
9497
9496
9494
9494
9493
9492
9489
9486
9483
9482
9480
9480
9479
9477
9476
9473
9471
9470
9470
9468
9467
9467
9467
9465
9464
9464
9464
9463
9463
9463
9462
9462
9461
9460
9460
9460
9459
9459
9458
9457
9456
9456
9453
9451
9449
9447
9447
9447
9443
9442
9442
9441
9440
9440
9440
9439
9439
9437
9436
9435
9434
9434
9431
9431
9429
9428
9425
9424
9423
9419
9417
9417
9417
9415
9414
9413
9413
9413
9412
9412
9411
9411
9410
9408
9406
9406
9406
9405
9405
9403
9401
9399
9393
9393
9392
9392
9392
9391
9390
9389
9389
9388
9388
9387
9386
9386
9386
9385
9385
9384
9383
9382
9381
9380
9379
9379
9379
9378
9377
9376
9376
9375
9375
9373
9373
9370
9370
9369
9369
9368
9368
9366
9365
9364
9363
9363
9362
9362
9360
9360
9360
9360
9359
9357
9356
9355
9354
9353
9353
9352
9351
9349
9348
9348
9347
9347
9345
9345
9345
9343
9343
9341
9340
9339
9339
9338
9337
9336
9335
9335
9333
9333
9332
9331
9330
9329
9327
9326
9323
9322
9321
9321
9319
9318
9318
9318
9316
9312
9311
9311
9310
9310
9303
9303
9303
9303
9303
9302
9300
9299
9298
9297
9296
9296
9295
9295
9294
9294
9294
9292
9292
9290
9290
9289
9288
9288
9286
9286
9284
9281
9280
9280
9279
9277
9276
9275
9273
9273
9273
9273
9269
9268
9267
9266
9264
9263
9262
9262
9262
9261
9259
9258
9254
9253
9252
9251
9245
9245
9245
9243
9243
9241
9240
9238
9237
9236
9236
9234
9234
9233
9233
9232
9231
9230
9230
9228
9228
9227
9226
9226
9224
9222
9222
9219
9218
9218
9217
9216
9216
9214
9214
9213
9212
9211
9211
9210
9209
9209
9209
9208
9208
9207
9207
9205
9205
9204
9203
9201
9201
9201
9200
9198
9197
9196
9192
9192
9191
9190
9188
9188
9188
9187
9186
9184
9184
9183
9183
9183
9183
9183
9182
9181
9180
9179
9179
9179
9179
9178
9178
9178
9178
9177
9177
9177
9175
9175
9173
9170
9169
9169
9167
9167
9167
9165
9165
9165
9165
9165
9164
9164
9159
9157
9157
9156
9156
9156
9156
9155
9152
9151
9150
9150
9147
9145
9145
9145
9142
9142
9142
9141
9141
9139
9138
9138
9138
9138
9137
9135
9135
9134
9134
9133
9133
9133
9132
9131
9130
9129
9128
9127
9125
9124
9123
9121
9121
9120
9119
9118
9117
9116
9116
9115
9115
9113
9113
9113
9112
9111
9111
9110
9110
9108
9108
9107
9107
9106
9104
9104
9103
9103
9102
9102
9102
9102
9101
9100
9100
9100
9099
9098
9097
9097
9095
9095
9095
9094
9094
9091
9090
9090
9089
9088
9088
9087
9087
9087
9086
9086
9085
9083
9082
9081
9079
9078
9078
9076
9076
9076
9074
9074
9072
9071
9069
9069
9067
9064
9064
9063
9062
9056
9054
9051
9049
9048
9047
9046
9045
9045
9041
9041
9039
9038
9037
9037
9036
9034
9032
9030
9029
9028
9027
9027
9022
9021
9021
9020
9020
9019
9018
9017
9017
9014
9014
9013
9013
9012
9012
9010
9009
9009
9008
9005
9005
9004
9002
9002
9002
9001
9001
9001
9000
9000
8999
8999
8999
8998
8998
8998
8997
8997
8994
8992
8992
8991
8990
8989
8989
8988
8988
8987
8986
8986
8986
8986
8986
8984
8984
8982
8982
8980
8979
8977
8976
8976
8973
8973
8973
8972
8970
8970
8969
8969
8969
8967
8967
8966
8964
8963
8961
8961
8960
8960
8958
8958
8956
8955
8954
8953
8951
8950
8949
8946
8943
8942
8941
8941
8939
8938
8937
8937
8936
8936
8934
8933
8933
8933
8932
8932
8931
8926
8925
8925
8924
8924
8924
8924
8922
8921
8919
8917
8916
8913
8912
8911
8910
8909
8907
8907
8906
8901
8900
8899
8898
8896
8896
8895
8893
8892
8891
8891
8889
8889
8888
8886
8886
8885
8885
8884
8883
8882
8882
8881
8880
8879
8878
8878
8877
8876
8873
8872
8870
8870
8865
8865
8863
8863
8863
8862
8860
8859
8858
8857
8857
8856
8854
8854
8854
8854
8853
8853
8853
8853
8852
8852
8850
8847
8847
8846
8846
8842
8841
8841
8840
8840
8840
8839
8837
8836
8833
8832
8832
8831
8830
8829
8829
8829
8827
8827
8824
8824
8824
8820
8819
8819
8818
8817
8815
8813
8812
8811
8809
8807
8807
8806
8803
8803
8802
8801
8799
8799
8797
8795
8793
8793
8792
8790
8788
8787
8787
8787
8786
8786
8785
8785
8784
8781
8781
8780
8780
8779
8777
8777
8774
8773
8773
8772
8771
8770
8770
8769
8768
8767
8767
8766
8766
8765
8765
8765
8764
8763
8763
8762
8762
8762
8761
8759
8758
8758
8757
8756
8756
8755
8754
8753
8752
8752
8751
8751
8751
8749
8749
8749
8748
8747
8747
8747
8746
8744
8744
8742
8741
8741
8741
8741
8739
8737
8736
8736
8735
8734
8734
8732
8731
8730
8729
8729
8727
8727
8727
8727
8726
8726
8726
8725
8724
8723
8723
8720
8718
8717
8717
8715
8714
8712
8711
8710
8709
8707
8706
8705
8704
8704
8703
8703
8703
8702
8700
8700
8700
8699
8699
8697
8695
8695
8695
8693
8692
8691
8691
8691
8690
8688
8688
8687
8686
8685
8684
8684
8680
8680
8679
8679
8678
8678
8677
8676
8676
8674
8674
8674
8672
8669
8669
8669
8668
8667
8667
8663
8663
8662
8662
8659
8658
8658
8658
8657
8655
8654
8654
8652
8652
8651
8650
8649
8646
8646
8646
8644
8642
8641
8641
8640
8640
8639
8635
8632
8632
8630
8629
8629
8627
8627
8625
8625
8625
8624
8624
8624
8623
8622
8620
8620
8619
8618
8618
8618
8616
8616
8616
8616
8613
8612
8612
8612
8610
8609
8607
8607
8606
8605
8605
8605
8603
8602
8598
8596
8596
8593
8592
8592
8591
8591
8591
8591
8590
8590
8589
8588
8588
8586
8586
8585
8585
8585
8585
8585
8584
8583
8580
8580
8578
8578
8577
8577
8575
8575
8574
8573
8569
8569
8569
8568
8567
8564
8562
8561
8560
8559
8559
8558
8558
8554
8551
8550
8549
8549
8549
8549
8548
8548
8548
8548
8547
8546
8546
8545
8544
8543
8542
8541
8540
8539
8538
8536
8536
8535
8533
8532
8532
8532
8531
8531
8530
8528
8528
8528
8528
8526
8525
8524
8523
8522
8518
8517
8517
8514
8511
8511
8508
8508
8507
8506
8505
8505
8505
8504
8504
8504
8503
8503
8502
8502
8501
8501
8500
8500
8499
8499
8499
8497
8496
8495
8494
8492
8491
8490
8490
8489
8489
8488
8488
8487
8487
8486
8485
8484
8482
8482
8482
8479
8477
8477
8476
8475
8475
8475
8475
8475
8475
8473
8472
8472
8471
8470
8468
8468
8465
8465
8463
8461
8460
8457
8457
8457
8455
8455
8453
8452
8450
8450
8450
8449
8448
8448
8448
8446
8445
8444
8443
8442
8442
8441
8441
8441
8439
8436
8434
8431
8430
8430
8428
8427
8426
8426
8424
8422
8417
8417
8415
8415
8413
8413
8412
8412
8410
8410
8410
8410
8409
8408
8408
8407
8404
8402
8400
8399
8398
8397
8397
8396
8396
8395
8389
8388
8388
8387
8386
8386
8385
8383
8382
8381
8380
8380
8379
8379
8379
8378
8378
8377
8376
8374
8371
8371
8369
8368
8367
8366
8365
8363
8361
8360
8359
8359
8359
8358
8358
8356
8356
8355
8355
8354
8354
8354
8352
8351
8351
8351
8350
8350
8349
8348
8347
8347
8347
8345
8343
8343
8342
8341
8341
8339
8337
8336
8336
8334
8331
8331
8330
8330
8330
8329
8328
8327
8325
8324
8323
8323
8323
8322
8322
8321
8319
8317
8317
8317
8315
8312
8311
8311
8311
8311
8310
8310
8310
8307
8307
8306
8306
8305
8303
8303
8301
8300
8299
8298
8298
8298
8297
8297
8295
8295
8294
8293
8292
8292
8291
8290
8288
8288
8288
8287
8286
8286
8285
8284
8282
8282
8280
8280
8279
8276
8274
8273
8270
8267
8266
8266
8266
8264
8264
8264
8263
8262
8262
8262
8261
8261
8259
8259
8258
8256
8256
8256
8255
8254
8254
8253
8251
8251
8251
8250
8249
8248
8247
8247
8247
8245
8245
8245
8244
8243
8243
8242
8242
8242
8241
8240
8238
8238
8235
8235
8234
8233
8233
8232
8232
8231
8231
8229
8228
8226
8223
8221
8220
8220
8219
8217
8216
8213
8213
8213
8212
8212
8211
8208
8208
8207
8204
8204
8200
8199
8198
8198
8197
8197
8195
8195
8194
8193
8193
8193
8193
8193
8191
8189
8186
8184
8184
8184
8183
8182
8181
8180
8180
8180
8179
8178
8177
8177
8176
8176
8174
8171
8171
8170
8166
8165
8164
8163
8162
8161
8159
8157
8155
8154
8154
8154
8152
8151
8150
8146
8145
8142
8142
8141
8139
8138
8138
8138
8138
8136
8135
8135
8134
8134
8133
8133
8133
8132
8131
8129
8129
8124
8122
8121
8120
8120
8120
8120
8119
8117
8115
8115
8115
8114
8112
8112
8112
8110
8107
8107
8106
8105
8105
8104
8104
8098
8098
8096
8094
8093
8092
8090
8089
8088
8085
8085
8085
8083
8083
8082
8081
8081
8080
8080
8079
8079
8079
8078
8077
8073
8072
8070
8070
8070
8070
8069
8068
8066
8065
8064
8063
8063
8061
8060
8060
8059
8059
8059
8057
8056
8056
8056
8055
8055
8053
8052
8052
8051
8050
8050
8050
8048
8047
8046
8045
8044
8043
8042
8042
8042
8041
8041
8040
8038
8038
8037
8037
8037
8036
8036
8033
8033
8032
8031
8030
8030
8029
8029
8027
8027
8026
8026
8025
8022
8020
8020
8020
8018
8018
8015
8015
8015
8015
8014
8014
8007
8007
8007
8006
8004
8003
8002
7999
7996
7995
7993
7991
7990
7990
7989
7989
7989
7988
7988
7984
7984
7982
7982
7981
7981
7981
7980
7980
7979
7979
7978
7978
7975
7974
7973
7973
7971
7970
7970
7969
7967
7967
7967
7966
7964
7964
7964
7961
7961
7961
7960
7960
7959
7958
7957
7957
7957
7955
7953
7953
7952
7952
7951
7951
7950
7950
7947
7946
7946
7946
7944
7943
7942
7941
7941
7939
7939
7938
7937
7937
7937
7937
7936
7935
7935
7934
7932
7931
7930
7929
7928
7928
7927
7925
7925
7922
7922
7921
7920
7920
7919
7918
7918
7914
7914
7914
7913
7912
7912
7910
7910
7910
7908
7908
7907
7906
7906
7906
7905
7905
7904
7904
7901
7899
7898
7897
7897
7896
7896
7893
7892
7891
7891
7889
7889
7887
7885
7882
7879
7877
7877
7877
7876
7875
7875
7874
7869
7867
7867
7867
7864
7864
7861
7859
7859
7858
7857
7856
7855
7855
7855
7855
7854
7853
7851
7850
7850
7850
7848
7848
7845
7843
7843
7841
7841
7840
7839
7839
7838
7838
7838
7836
7835
7834
7834
7834
7833
7833
7832
7832
7830
7830
7828
7826
7826
7825
7824
7824
7824
7823
7823
7821
7819
7819
7818
7817
7817
7816
7814
7814
7813
7812
7812
7812
7811
7809
7809
7806
7806
7804
7804
7800
7800
7799
7799
7799
7798
7797
7796
7793
7793
7788
7788
7787
7786
7785
7785
7785
7785
7784
7784
7783
7783
7783
7778
7778
7778
7777
7777
7775
7773
7773
7772
7772
7771
7770
7769
7769
7765
7765
7765
7763
7762
7760
7760
7759
7759
7759
7756
7756
7755
7753
7751
7751
7750
7750
7750
7749
7749
7747
7746
7745
7744
7742
7741
7741
7740
7740
7739
7739
7739
7738
7737
7735
7734
7733
7732
7731
7729
7728
7728
7727
7726
7726
7726
7724
7723
7722
7722
7721
7718
7718
7717
7717
7716
7713
7712
7710
7709
7707
7703
7702
7699
7699
7699
7699
7697
7696
7696
7694
7694
7693
7693
7692
7692
7691
7690
7689
7689
7686
7684
7681
7681
7678
7677
7676
7676
7676
7675
7674
7673
7672
7671
7671
7668
7665
7663
7661
7660
7659
7657
7655
7654
7653
7653
7652
7652
7651
7649
7647
7647
7645
7645
7645
7643
7642
7641
7641
7640
7639
7637
7637
7636
7635
7633
7632
7631
7630
7630
7630
7630
7627
7627
7626
7626
7625
7623
7621
7621
7620
7619
7619
7619
7619
7618
7618
7618
7616
7616
7615
7615
7614
7613
7611
7611
7610
7609
7607
7604
7604
7604
7602
7601
7600
7600
7597
7596
7596
7595
7594
7594
7594
7594
7592
7591
7591
7589
7588
7587
7586
7584
7579
7578
7576
7575
7575
7575
7573
7570
7569
7566
7565
7565
7565
7563
7562
7561
7561
7561
7559
7559
7558
7555
7554
7552
7552
7550
7550
7549
7549
7547
7547
7545
7545
7543
7540
7540
7538
7537
7537
7537
7536
7533
7532
7531
7531
7530
7529
7527
7527
7526
7526
7525
7525
7525
7521
7521
7521
7519
7515
7514
7514
7511
7511
7509
7509
7509
7509
7507
7507
7506
7504
7502
7498
7498
7496
7495
7495
7494
7494
7493
7492
7491
7490
7490
7488
7488
7485
7484
7483
7483
7483
7482
7481
7481
7479
7477
7476
7475
7475
7474
7472
7471
7471
7470
7470
7469
7468
7467
7465
7463
7462
7461
7459
7456
7454
7451
7449
7448
7445
7444
7442
7439
7438
7436
7436
7436
7435
7434
7434
7432
7432
7432
7431
7431
7431
7431
7430
7429
7426
7424
7424
7424
7423
7422
7422
7420
7419
7416
7416
7415
7415
7413
7413
7413
7411
7409
7408
7407
7406
7403
7403
7402
7401
7400
7400
7400
7399
7398
7398
7397
7397
7397
7396
7395
7394
7394
7392
7391
7391
7390
7389
7386
7383
7382
7380
7380
7378
7378
7378
7375
7374
7374
7373
7371
7370
7368
7368
7368
7367
7365
7365
7362
7361
7360
7359
7358
7357
7357
7357
7357
7354
7354
7353
7353
7353
7352
7352
7351
7350
7349
7346
7346
7344
7343
7340
7339
7339
7338
7338
7336
7336
7335
7334
7334
7332
7332
7332
7331
7331
7329
7328
7327
7327
7322
7322
7321
7320
7319
7319
7319
7317
7317
7316
7315
7311
7307
7306
7306
7306
7305
7303
7303
7302
7302
7302
7297
7295
7295
7293
7293
7291
7291
7290
7288
7285
7283
7283
7282
7282
7280
7280
7279
7278
7275
7272
7271
7270
7269
7269
7266
7264
7262
7260
7260
7259
7258
7258
7258
7257
7257
7257
7256
7254
7250
7250
7249
7249
7248
7245
7244
7244
7241
7241
7240
7239
7239
7238
7238
7237
7236
7236
7235
7233
7230
7229
7229
7227
7227
7227
7227
7226
7226
7224
7223
7222
7222
7221
7221
7220
7219
7217
7212
7211
7208
7207
7207
7207
7206
7206
7206
7205
7204
7202
7199
7199
7199
7198
7196
7195
7195
7194
7192
7189
7188
7188
7187
7187
7186
7186
7185
7181
7180
7180
7178
7178
7177
7176
7176
7175
7174
7174
7173
7171
7171
7170
7169
7169
7167
7165
7163
7163
7163
7162
7161
7161
7158
7158
7157
7155
7153
7152
7150
7148
7147
7147
7146
7145
7145
7144
7143
7142
7139
7136
7135
7135
7134
7132
7132
7130
7129
7129
7128
7128
7128
7128
7128
7127
7127
7127
7126
7125
7123
7123
7123
7122
7120
7119
7118
7118
7115
7115
7113
7112
7111
7110
7109
7107
7107
7106
7105
7105
7101
7100
7098
7097
7096
7094
7094
7092
7091
7091
7090
7090
7090
7090
7089
7088
7087
7087
7087
7087
7084
7083
7082
7082
7081
7080
7079
7078
7078
7076
7075
7075
7074
7074
7073
7072
7071
7070
7070
7066
7065
7065
7064
7064
7063
7063
7062
7062
7061
7060
7060
7060
7058
7058
7055
7055
7054
7053
7053
7052
7052
7051
7051
7051
7051
7050
7048
7047
7047
7047
7046
7045
7043
7043
7041
7041
7040
7040
7040
7038
7038
7032
7031
7030
7030
7029
7029
7029
7028
7026
7026
7024
7023
7023
7018
7018
7017
7017
7016
7016
7015
7014
7014
7013
7012
7010
7009
7009
7009
7006
7003
7003
7002
7000
6998
6997
6995
6995
6994
6993
6992
6990
6988
6986
6986
6984
6983
6981
6981
6979
6979
6977
6977
6976
6975
6975
6975
6974
6974
6974
6972
6971
6971
6968
6968
6966
6965
6965
6962
6962
6959
6959
6957
6957
6956
6955
6954
6952
6952
6951
6951
6949
6949
6947
6947
6945
6944
6943
6942
6942
6942
6940
6939
6939
6937
6937
6936
6935
6934
6933
6933
6932
6932
6931
6931
6931
6928
6927
6925
6923
6923
6921
6919
6917
6917
6917
6912
6912
6911
6910
6909
6906
6905
6901
6901
6899
6898
6898
6898
6897
6897
6897
6896
6895
6894
6894
6893
6893
6887
6886
6885
6885
6883
6883
6882
6882
6882
6882
6881
6881
6880
6876
6873
6873
6871
6871
6871
6870
6869
6868
6865
6865
6865
6865
6864
6863
6861
6860
6860
6860
6860
6859
6859
6859
6858
6858
6855
6855
6854
6854
6853
6852
6852
6850
6848
6847
6845
6845
6844
6844
6843
6843
6841
6841
6840
6839
6839
6838
6838
6837
6837
6837
6836
6833
6833
6831
6830
6830
6829
6829
6827
6824
6821
6821
6821
6820
6819
6819
6816
6815
6815
6814
6814
6813
6812
6812
6812
6812
6807
6807
6805
6804
6803
6802
6802
6801
6800
6798
6797
6797
6795
6793
6793
6792
6792
6790
6788
6787
6785
6781
6780
6778
6775
6775
6774
6774
6773
6772
6771
6770
6770
6770
6769
6767
6766
6761
6759
6758
6757
6757
6757
6756
6756
6755
6753
6751
6751
6750
6750
6749
6749
6748
6748
6747
6747
6747
6746
6746
6744
6744
6743
6743
6743
6742
6742
6742
6741
6740
6740
6737
6733
6733
6733
6732
6732
6731
6729
6728
6728
6727
6727
6727
6726
6726
6726
6724
6723
6722
6722
6720
6719
6718
6718
6718
6717
6716
6716
6713
6713
6712
6710
6709
6709
6707
6705
6705
6702
6702
6702
6700
6698
6696
6694
6693
6692
6691
6690
6690
6689
6687
6686
6686
6685
6685
6682
6680
6680
6680
6679
6677
6677
6676
6676
6675
6674
6673
6672
6672
6671
6670
6669
6669
6669
6668
6668
6667
6666
6666
6666
6663
6661
6661
6659
6658
6657
6655
6652
6649
6648
6647
6647
6646
6643
6643
6642
6641
6639
6639
6639
6637
6636
6634
6633
6633
6632
6631
6629
6629
6627
6624
6623
6622
6620
6620
6617
6616
6616
6615
6615
6615
6614
6614
6614
6613
6611
6611
6610
6609
6605
6604
6604
6602
6601
6599
6599
6597
6597
6596
6595
6595
6592
6591
6591
6590
6590
6588
6586
6586
6586
6585
6583
6582
6581
6581
6580
6579
6578
6578
6578
6577
6577
6575
6574
6573
6572
6570
6569
6568
6567
6567
6565
6564
6563
6561
6560
6557
6556
6554
6553
6553
6550
6550
6549
6546
6546
6545
6542
6542
6540
6537
6532
6531
6530
6530
6530
6526
6523
6522
6521
6520
6517
6517
6516
6515
6515
6512
6512
6511
6511
6509
6509
6509
6508
6506
6505
6502
6501
6499
6499
6498
6497
6497
6495
6495
6494
6494
6493
6492
6491
6491
6490
6489
6489
6488
6487
6485
6484
6484
6483
6479
6479
6479
6478
6476
6475
6475
6473
6472
6472
6472
6472
6470
6470
6470
6469
6469
6468
6467
6466
6465
6464
6464
6463
6462
6462
6460
6460
6459
6458
6458
6457
6457
6455
6453
6452
6452
6451
6450
6450
6448
6448
6444
6442
6442
6436
6435
6435
6432
6432
6430
6429
6429
6428
6427
6426
6425
6425
6424
6423
6421
6420
6420
6420
6419
6419
6419
6415
6415
6415
6414
6413
6413
6413
6412
6411
6411
6410
6410
6409
6408
6408
6407
6407
6404
6403
6402
6402
6402
6401
6400
6400
6399
6393
6393
6393
6393
6391
6390
6389
6386
6384
6384
6382
6382
6382
6382
6382
6380
6379
6379
6376
6376
6375
6375
6374
6374
6373
6373
6369
6369
6368
6368
6367
6367
6364
6361
6360
6358
6358
6357
6356
6354
6354
6353
6351
6351
6351
6346
6344
6342
6341
6340
6339
6338
6338
6337
6336
6336
6333
6333
6333
6332
6332
6331
6330
6329
6329
6328
6324
6323
6323
6322
6321
6320
6319
6319
6317
6316
6315
6313
6312
6311
6311
6310
6308
6308
6306
6305
6305
6303
6302
6301
6301
6301
6300
6300
6297
6297
6296
6295
6295
6294
6294
6293
6291
6290
6290
6290
6290
6290
6289
6289
6289
6286
6283
6283
6282
6280
6278
6278
6276
6275
6274
6273
6273
6272
6271
6271
6270
6269
6269
6265
6265
6263
6261
6260
6260
6260
6260
6259
6258
6257
6254
6254
6254
6253
6253
6250
6248
6247
6247
6247
6245
6245
6244
6243
6243
6243
6243
6241
6241
6240
6239
6238
6237
6236
6236
6236
6236
6235
6233
6233
6231
6231
6230
6229
6227
6227
6227
6225
6224
6222
6221
6215
6214
6212
6211
6211
6210
6210
6209
6208
6208
6208
6208
6206
6206
6205
6204
6204
6204
6202
6200
6199
6197
6197
6195
6195
6194
6194
6194
6194
6192
6191
6189
6187
6186
6184
6183
6182
6181
6181
6177
6177
6177
6176
6175
6175
6174
6173
6172
6172
6171
6171
6170
6170
6169
6169
6169
6167
6166
6166
6164
6164
6164
6164
6163
6163
6163
6163
6162
6160
6158
6158
6158
6156
6156
6155
6154
6153
6153
6150
6149
6149
6147
6144
6144
6142
6142
6141
6141
6140
6140
6138
6137
6136
6136
6135
6134
6134
6132
6131
6129
6129
6127
6127
6127
6126
6126
6124
6121
6121
6119
6119
6118
6118
6115
6115
6115
6114
6113
6110
6110
6109
6109
6109
6109
6109
6108
6108
6108
6106
6105
6105
6105
6104
6104
6102
6102
6101
6101
6100
6096
6096
6095
6094
6094
6094
6090
6090
6090
6089
6087
6087
6086
6084
6084
6084
6081
6080
6079
6079
6079
6078
6078
6076
6075
6073
6073
6072
6071
6070
6068
6067
6064
6064
6063
6063
6057
6057
6057
6054
6053
6048
6047
6046
6044
6042
6042
6040
6039
6035
6034
6034
6034
6033
6032
6031
6030
6030
6030
6027
6027
6026
6023
6022
6022
6019
6019
6018
6017
6017
6017
6014
6013
6012
6011
6010
6009
6005
6005
6004
6004
6003
6001
6001
6001
6001
5999
5998
5998
5998
5997
5996
5996
5994
5994
5994
5993
5992
5989
5989
5988
5987
5987
5986
5986
5986
5986
5983
5982
5982
5981
5980
5980
5979
5978
5978
5977
5975
5973
5972
5969
5969
5969
5962
5961
5960
5955
5953
5952
5951
5950
5950
5946
5946
5946
5946
5944
5942
5941
5939
5939
5935
5931
5930
5928
5927
5927
5925
5924
5921
5920
5916
5913
5913
5911
5910
5909
5908
5907
5905
5903
5902
5901
5900
5900
5900
5898
5898
5897
5897
5896
5895
5895
5894
5894
5893
5891
5891
5890
5890
5889
5885
5885
5884
5883
5883
5882
5881
5880
5880
5879
5875
5875
5874
5874
5874
5873
5871
5869
5868
5868
5867
5864
5863
5863
5863
5860
5860
5858
5857
5856
5856
5856
5855
5854
5853
5852
5852
5852
5852
5851
5843
5841
5841
5838
5838
5837
5837
5837
5836
5836
5835
5835
5834
5832
5830
5830
5829
5829
5829
5827
5826
5825
5823
5821
5820
5818
5815
5813
5813
5812
5811
5811
5808
5806
5806
5803
5803
5802
5800
5798
5797
5797
5795
5794
5793
5793
5792
5792
5790
5788
5787
5787
5786
5783
5782
5782
5782
5778
5775
5773
5773
5773
5773
5772
5772
5772
5771
5770
5770
5769
5768
5767
5766
5766
5765
5763
5761
5759
5759
5759
5759
5758
5758
5757
5757
5757
5756
5752
5752
5752
5748
5748
5746
5746
5746
5746
5745
5741
5740
5738
5735
5733
5732
5732
5731
5730
5730
5727
5727
5724
5722
5721
5721
5720
5718
5717
5717
5716
5716
5715
5712
5712
5710
5710
5709
5708
5707
5706
5706
5706
5705
5704
5704
5702
5701
5700
5700
5699
5697
5695
5694
5693
5691
5691
5690
5690
5689
5689
5688
5688
5687
5687
5686
5682
5682
5677
5677
5677
5676
5676
5675
5675
5675
5674
5673
5670
5669
5669
5668
5667
5666
5666
5664
5663
5662
5661
5659
5658
5658
5658
5656
5656
5655
5654
5654
5648
5648
5647
5647
5643
5643
5643
5642
5642
5641
5641
5641
5640
5638
5638
5636
5636
5635
5634
5634
5634
5633
5632
5630
5629
5629
5628
5628
5628
5625
5624
5623
5616
5616
5615
5614
5614
5613
5613
5612
5612
5610
5609
5608
5606
5606
5606
5605
5605
5604
5604
5602
5602
5601
5601
5600
5599
5597
5597
5595
5594
5594
5592
5591
5591
5590
5590
5589
5587
5587
5586
5585
5585
5585
5583
5583
5582
5581
5579
5579
5577
5577
5576
5576
5576
5571
5570
5570
5569
5569
5568
5567
5567
5567
5565
5560
5560
5560
5559
5558
5556
5555
5555
5554
5552
5552
5551
5550
5550
5549
5549
5549
5548
5548
5548
5547
5547
5546
5544
5543
5543
5541
5541
5540
5538
5534
5533
5532
5532
5530
5529
5529
5526
5525
5524
5521
5521
5520
5518
5518
5516
5515
5514
5513
5513
5513
5511
5511
5509
5509
5509
5509
5506
5505
5504
5501
5501
5501
5500
5500
5499
5498
5497
5495
5495
5494
5493
5493
5492
5490
5490
5489
5485
5485
5484
5484
5484
5483
5482
5482
5480
5480
5478
5478
5477
5477
5477
5476
5476
5473
5472
5470
5469
5469
5467
5467
5465
5460
5459
5458
5458
5457
5456
5456
5455
5455
5452
5451
5450
5450
5450
5449
5448
5448
5448
5448
5448
5447
5446
5444
5443
5442
5440
5440
5440
5438
5438
5438
5438
5437
5435
5433
5432
5431
5430
5429
5428
5428
5425
5425
5424
5422
5422
5419
5419
5418
5417
5416
5412
5412
5409
5409
5404
5403
5401
5400
5398
5397
5397
5396
5396
5395
5395
5394
5392
5391
5390
5389
5389
5386
5385
5384
5383
5382
5381
5380
5380
5379
5379
5378
5378
5378
5378
5376
5374
5374
5374
5373
5373
5371
5371
5370
5369
5369
5368
5367
5365
5365
5364
5364
5363
5362
5360
5359
5358
5358
5357
5356
5354
5354
5354
5354
5354
5352
5350
5350
5350
5349
5348
5347
5347
5346
5345
5345
5344
5342
5342
5340
5339
5339
5339
5338
5336
5335
5334
5333
5332
5331
5330
5330
5330
5330
5329
5329
5329
5328
5327
5326
5326
5326
5326
5324
5324
5321
5320
5320
5319
5315
5311
5310
5308
5307
5307
5305
5303
5299
5299
5297
5296
5296
5295
5292
5291
5291
5290
5290
5288
5287
5287
5287
5286
5285
5285
5284
5283
5282
5282
5282
5278
5278
5277
5274
5273
5270
5268
5268
5268
5268
5267
5266
5264
5263
5263
5262
5261
5261
5260
5259
5259
5259
5258
5254
5253
5253
5252
5250
5250
5247
5246
5244
5243
5243
5243
5241
5240
5239
5239
5237
5235
5234
5233
5232
5231
5230
5228
5227
5226
5225
5225
5224
5224
5222
5222
5222
5220
5220
5220
5219
5219
5218
5216
5215
5212
5211
5210
5208
5208
5208
5207
5207
5206
5205
5205
5203
5203
5203
5202
5199
5197
5196
5196
5192
5192
5191
5191
5188
5188
5185
5185
5185
5184
5184
5184
5183
5180
5180
5177
5176
5175
5172
5171
5166
5166
5165
5165
5164
5164
5163
5162
5162
5159
5159
5157
5152
5151
5151
5151
5150
5150
5150
5148
5147
5146
5145
5144
5143
5142
5141
5141
5140
5139
5138
5138
5137
5134
5132
5131
5129
5128
5125
5125
5124
5123
5122
5121
5121
5119
5119
5117
5114
5112
5112
5112
5110
5110
5110
5108
5108
5107
5107
5106
5106
5105
5103
5102
5099
5097
5097
5096
5095
5095
5093
5092
5090
5090
5089
5089
5088
5087
5087
5086
5086
5085
5085
5082
5082
5082
5081
5081
5078
5078
5077
5076
5076
5076
5075
5074
5073
5073
5072
5067
5065
5064
5061
5059
5058
5057
5056
5054
5054
5054
5052
5052
5052
5050
5049
5048
5048
5047
5046
5045
5044
5043
5040
5039
5039
5039
5038
5038
5037
5036
5036
5035
5033
5032
5030
5029
5028
5027
5026
5024
5024
5022
5020
5020
5018
5016
5015
5013
5010
5010
5009
5007
5006
5005
5003
5001
5000
5000
5000
4998
4998
4997
4996
4996
4994
4993
4993
4993
4991
4991
4989
4988
4987
4986
4985
4985
4983
4978
4977
4977
4974
4974
4974
4971
4971
4971
4970
4970
4969
4968
4968
4966
4966
4966
4966
4965
4965
4964
4964
4963
4963
4960
4959
4958
4956
4955
4954
4953
4952
4952
4951
4949
4949
4948
4948
4947
4947
4947
4945
4945
4945
4945
4944
4942
4941
4938
4938
4938
4935
4934
4934
4932
4930
4930
4930
4929
4928
4928
4927
4926
4924
4923
4922
4922
4921
4920
4920
4920
4919
4919
4916
4916
4915
4914
4914
4913
4912
4910
4908
4908
4907
4907
4903
4902
4902
4901
4899
4896
4895
4894
4894
4894
4891
4891
4891
4888
4888
4886
4885
4885
4883
4883
4881
4881
4879
4875
4874
4873
4873
4872
4872
4871
4870
4870
4870
4869
4869
4868
4868
4867
4867
4867
4867
4866
4865
4865
4864
4863
4862
4861
4859
4855
4854
4852
4852
4852
4852
4851
4850
4849
4849
4847
4847
4847
4845
4844
4844
4843
4842
4842
4842
4842
4841
4841
4841
4841
4839
4837
4836
4835
4835
4833
4832
4832
4830
4829
4826
4826
4826
4825
4825
4825
4823
4823
4823
4823
4818
4817
4817
4817
4816
4816
4815
4815
4815
4814
4813
4811
4810
4810
4810
4807
4806
4806
4806
4805
4804
4804
4804
4803
4803
4803
4798
4798
4797
4797
4797
4797
4797
4795
4793
4790
4789
4783
4783
4780
4779
4779
4778
4778
4776
4771
4770
4770
4769
4769
4768
4767
4764
4763
4761
4755
4754
4753
4753
4752
4752
4751
4745
4745
4744
4743
4741
4740
4737
4737
4736
4734
4734
4733
4732
4731
4729
4728
4728
4727
4725
4721
4721
4721
4721
4721
4719
4719
4718
4717
4716
4714
4713
4711
4710
4710
4710
4710
4710
4710
4707
4707
4706
4706
4705
4705
4704
4704
4703
4703
4702
4702
4701
4700
4700
4698
4697
4696
4696
4696
4696
4695
4694
4694
4694
4693
4693
4689
4685
4684
4683
4683
4682
4682
4682
4682
4682
4680
4679
4679
4677
4677
4676
4675
4674
4672
4671
4670
4669
4669
4669
4668
4668
4666
4665
4664
4661
4660
4659
4659
4659
4658
4658
4657
4655
4655
4653
4651
4651
4650
4649
4649
4646
4646
4644
4640
4637
4635
4635
4635
4634
4632
4631
4630
4629
4628
4628
4627
4627
4626
4625
4624
4624
4622
4622
4621
4621
4620
4617
4616
4616
4615
4615
4612
4612
4610
4610
4609
4608
4608
4607
4600
4600
4599
4599
4597
4597
4597
4596
4595
4595
4594
4591
4590
4590
4589
4589
4589
4589
4587
4587
4586
4585
4585
4585
4584
4582
4581
4581
4578
4578
4578
4578
4577
4576
4576
4575
4575
4573
4573
4572
4572
4572
4572
4572
4571
4570
4570
4569
4566
4566
4565
4564
4560
4558
4555
4554
4554
4551
4549
4547
4547
4546
4545
4545
4545
4545
4543
4542
4542
4542
4541
4539
4538
4538
4538
4537
4536
4534
4534
4534
4533
4532
4532
4531
4531
4531
4530
4529
4528
4527
4527
4525
4524
4524
4523
4523
4523
4523
4522
4522
4522
4519
4518
4516
4513
4513
4512
4508
4505
4504
4504
4502
4502
4502
4501
4498
4498
4497
4496
4495
4494
4492
4491
4490
4490
4489
4488
4488
4487
4485
4485
4485
4485
4484
4481
4480
4479
4479
4479
4477
4476
4475
4474
4472
4469
4468
4465
4464
4464
4464
4463
4463
4460
4458
4458
4458
4457
4456
4456
4456
4455
4453
4452
4452
4449
4448
4447
4447
4445
4443
4443
4441
4440
4439
4439
4436
4436
4434
4433
4433
4431
4429
4428
4428
4427
4427
4425
4424
4424
4415
4415
4414
4414
4411
4411
4410
4409
4407
4404
4402
4401
4400
4399
4399
4399
4399
4398
4397
4395
4395
4394
4392
4391
4390
4388
4388
4387
4386
4386
4385
4385
4383
4383
4380
4380
4378
4377
4376
4376
4376
4376
4372
4371
4368
4367
4365
4363
4363
4362
4362
4362
4358
4357
4356
4353
4352
4350
4348
4347
4347
4346
4345
4345
4343
4342
4341
4340
4340
4339
4338
4336
4334
4333
4332
4332
4326
4326
4326
4323
4322
4321
4321
4320
4320
4319
4316
4315
4315
4315
4315
4314
4313
4313
4313
4313
4313
4312
4311
4311
4310
4310
4309
4309
4309
4308
4308
4307
4306
4304
4303
4302
4300
4297
4297
4295
4295
4294
4293
4292
4292
4291
4289
4288
4287
4286
4284
4284
4284
4283
4282
4282
4281
4281
4279
4279
4278
4278
4277
4277
4275
4275
4275
4272
4270
4270
4269
4266
4266
4265
4264
4261
4260
4260
4260
4257
4255
4255
4254
4253
4253
4252
4252
4251
4249
4248
4248
4248
4247
4246
4245
4245
4244
4242
4240
4240
4239
4238
4238
4234
4234
4229
4228
4226
4222
4222
4221
4218
4217
4215
4215
4214
4212
4212
4211
4211
4211
4211
4207
4206
4206
4205
4205
4205
4203
4202
4202
4202
4202
4197
4196
4195
4193
4192
4191
4191
4191
4189
4188
4186
4186
4183
4182
4182
4181
4181
4179
4178
4177
4172
4170
4169
4168
4167
4163
4163
4161
4161
4159
4157
4157
4155
4153
4152
4152
4151
4151
4149
4148
4148
4147
4145
4144
4144
4143
4139
4138
4138
4137
4137
4135
4135
4132
4129
4128
4128
4127
4126
4125
4125
4124
4124
4122
4122
4121
4121
4121
4120
4120
4119
4119
4118
4118
4118
4117
4117
4117
4116
4114
4114
4114
4113
4111
4111
4111
4111
4110
4110
4109
4107
4107
4107
4106
4105
4104
4103
4102
4099
4098
4097
4094
4093
4093
4090
4090
4090
4089
4080
4080
4079
4077
4077
4075
4074
4073
4073
4071
4070
4068
4068
4068
4068
4063
4063
4063
4062
4060
4060
4059
4059
4059
4059
4058
4056
4056
4055
4054
4053
4052
4051
4050
4049
4049
4048
4048
4046
4043
4042
4041
4040
4040
4039
4039
4038
4038
4037
4036
4035
4035
4031
4030
4029
4028
4028
4025
4023
4023
4021
4021
4018
4018
4017
4016
4015
4014
4014
4013
4013
4012
4012
4011
4010
4010
4009
4009
4008
4008
4007
4007
4006
4005
4005
4005
4002
4002
4002
4001
4000
4000
3999
3999
3998
3998
3997
3996
3995
3994
3993
3991
3990
3989
3989
3989
3987
3986
3985
3984
3983
3982
3982
3981
3980
3979
3978
3978
3977
3976
3975
3973
3973
3972
3972
3971
3971
3970
3970
3970
3968
3967
3967
3967
3967
3966
3966
3966
3966
3964
3963
3959
3958
3955
3954
3953
3952
3951
3951
3950
3948
3948
3947
3947
3944
3944
3942
3942
3941
3941
3941
3940
3940
3939
3937
3933
3932
3932
3931
3927
3927
3926
3925
3923
3923
3923
3922
3922
3921
3921
3921
3920
3920
3920
3917
3917
3915
3915
3915
3914
3914
3910
3909
3908
3908
3908
3907
3905
3903
3903
3900
3899
3899
3898
3895
3895
3895
3895
3892
3892
3891
3889
3889
3888
3886
3886
3886
3885
3885
3885
3883
3883
3881
3880
3879
3879
3878
3877
3875
3875
3874
3871
3871
3871
3871
3871
3870
3867
3867
3865
3865
3863
3860
3858
3856
3856
3855
3854
3854
3852
3850
3850
3849
3842
3842
3842
3842
3841
3841
3841
3838
3837
3836
3835
3834
3834
3834
3830
3829
3827
3827
3826
3826
3826
3826
3824
3824
3824
3823
3822
3822
3822
3822
3821
3819
3818
3818
3818
3817
3816
3815
3813
3809
3807
3807
3805
3805
3804
3803
3800
3799
3799
3799
3799
3796
3796
3796
3795
3794
3794
3794
3794
3792
3792
3792
3791
3791
3790
3790
3789
3788
3785
3785
3781
3778
3778
3777
3777
3776
3776
3775
3774
3772
3771
3770
3767
3766
3765
3765
3762
3759
3758
3758
3757
3756
3755
3753
3751
3750
3749
3748
3748
3747
3744
3743
3741
3740
3739
3736
3735
3733
3729
3728
3723
3722
3721
3721
3716
3716
3714
3712
3712
3711
3710
3709
3708
3707
3706
3706
3706
3705
3704
3700
3700
3698
3698
3698
3697
3696
3694
3694
3693
3689
3689
3688
3685
3684
3684
3682
3682
3681
3680
3680
3679
3679
3678
3678
3677
3676
3676
3675
3672
3672
3671
3671
3670
3669
3669
3666
3665
3662
3659
3659
3659
3659
3655
3654
3654
3654
3653
3653
3652
3652
3651
3650
3648
3648
3648
3648
3647
3646
3644
3644
3643
3640
3640
3639
3638
3638
3638
3637
3636
3634
3632
3631
3631
3631
3631
3630
3630
3629
3629
3628
3628
3627
3625
3623
3623
3619
3619
3618
3618
3616
3615
3615
3615
3614
3614
3611
3611
3611
3611
3610
3610
3609
3607
3607
3607
3605
3605
3604
3602
3600
3598
3598
3598
3596
3594
3593
3593
3593
3592
3590
3589
3588
3587
3585
3585
3585
3584
3580
3580
3580
3578
3577
3576
3576
3573
3571
3570
3570
3569
3569
3568
3568
3567
3566
3565
3565
3562
3561
3561
3561
3560
3559
3559
3558
3558
3557
3557
3557
3556
3552
3550
3550
3549
3548
3548
3548
3548
3547
3546
3545
3545
3543
3543
3542
3541
3541
3538
3538
3537
3537
3536
3535
3533
3533
3531
3530
3526
3525
3525
3522
3522
3521
3519
3517
3517
3516
3515
3514
3514
3513
3513
3513
3512
3511
3511
3510
3510
3509
3509
3507
3507
3507
3505
3505
3504
3503
3503
3501
3500
3499
3499
3499
3498
3497
3494
3494
3494
3493
3493
3490
3487
3485
3485
3482
3481
3479
3479
3477
3476
3475
3475
3474
3473
3473
3472
3471
3470
3470
3469
3468
3467
3467
3467
3467
3464
3461
3457
3457
3457
3456
3456
3455
3455
3454
3452
3451
3450
3450
3449
3448
3448
3446
3446
3446
3445
3444
3444
3444
3444
3442
3442
3440
3439
3438
3436
3436
3435
3434
3434
3433
3432
3432
3430
3428
3424
3422
3421
3420
3419
3417
3417
3416
3416
3416
3416
3415
3413
3410
3407
3405
3404
3403
3402
3401
3401
3400
3399
3399
3397
3397
3396
3396
3389
3388
3387
3386
3384
3384
3383
3381
3380
3380
3379
3376
3375
3375
3375
3373
3370
3368
3367
3365
3364
3364
3362
3360
3359
3359
3355
3355
3354
3354
3353
3352
3350
3349
3349
3349
3348
3348
3347
3347
3346
3344
3341
3341
3341
3341
3341
3339
3337
3336
3335
3335
3333
3333
3333
3333
3332
3332
3332
3332
3331
3328
3327
3325
3324
3324
3322
3322
3322
3321
3321
3319
3319
3317
3316
3314
3312
3310
3309
3306
3306
3306
3305
3305
3305
3305
3304
3302
3302
3302
3301
3301
3299
3294
3293
3293
3291
3289
3289
3287
3286
3283
3283
3282
3282
3282
3281
3281
3281
3279
3278
3278
3276
3275
3272
3270
3268
3267
3267
3267
3266
3266
3256
3256
3255
3254
3254
3252
3250
3250
3249
3248
3247
3246
3246
3245
3243
3242
3242
3237
3236
3235
3234
3232
3232
3231
3230
3230
3229
3229
3228
3228
3227
3227
3225
3225
3224
3219
3219
3217
3217
3216
3216
3216
3214
3214
3213
3212
3211
3211
3208
3206
3205
3204
3203
3202
3202
3201
3200
3200
3200
3199
3198
3197
3197
3197
3190
3188
3187
3186
3183
3183
3182
3182
3182
3182
3180
3179
3178
3175
3174
3173
3172
3171
3170
3170
3169
3168
3167
3166
3165
3165
3163
3161
3161
3160
3160
3159
3157
3157
3157
3155
3150
3149
3149
3147
3147
3146
3146
3146
3143
3143
3143
3142
3142
3141
3141
3141
3140
3139
3138
3137
3135
3133
3133
3132
3131
3130
3127
3127
3127
3127
3126
3125
3123
3123
3123
3121
3120
3119
3118
3117
3117
3117
3116
3114
3113
3112
3112
3110
3109
3108
3107
3103
3103
3103
3102
3101
3101
3098
3098
3097
3096
3096
3095
3094
3090
3088
3088
3088
3086
3085
3085
3083
3082
3082
3077
3077
3077
3076
3073
3068
3066
3065
3064
3064
3064
3063
3062
3058
3057
3054
3054
3053
3051
3051
3049
3047
3046
3046
3046
3044
3043
3043
3041
3041
3040
3038
3037
3037
3035
3033
3032
3032
3027
3027
3027
3025
3025
3025
3019
3018
3017
3017
3017
3016
3016
3013
3013
3012
3011
3008
3007
3006
3006
3005
3003
3001
3000
3000
3000
2999
2999
2998
2997
2997
2996
2994
2991
2990
2989
2988
2987
2987
2986
2985
2985
2984
2983
2981
2980
2978
2977
2977
2976
2976
2975
2975
2974
2973
2971
2971
2970
2968
2967
2967
2965
2964
2963
2963
2961
2961
2960
2959
2959
2958
2957
2957
2956
2956
2956
2953
2953
2952
2951
2951
2951
2947
2946
2944
2940
2939
2936
2936
2934
2934
2932
2931
2929
2927
2924
2923
2923
2923
2922
2922
2921
2918
2917
2916
2916
2916
2915
2915
2914
2912
2910
2909
2909
2908
2906
2906
2906
2905
2904
2903
2902
2902
2902
2901
2901
2900
2899
2897
2896
2894
2892
2892
2890
2887
2886
2885
2884
2883
2882
2882
2880
2878
2878
2877
2877
2876
2874
2872
2871
2870
2870
2869
2869
2867
2866
2865
2864
2862
2862
2861
2860
2856
2854
2852
2851
2845
2843
2843
2843
2840
2839
2839
2837
2836
2836
2836
2835
2834
2833
2831
2830
2830
2829
2829
2829
2828
2826
2825
2823
2822
2821
2821
2820
2820
2818
2814
2813
2812
2811
2810
2809
2807
2806
2802
2802
2802
2800
2799
2799
2799
2799
2799
2798
2797
2796
2794
2792
2792
2792
2789
2787
2786
2786
2785
2785
2784
2784
2783
2782
2782
2782
2780
2780
2779
2779
2776
2775
2775
2775
2774
2774
2772
2771
2769
2769
2769
2768
2767
2764
2764
2762
2762
2760
2759
2758
2758
2757
2755
2753
2753
2753
2752
2751
2751
2751
2750
2750
2749
2747
2747
2747
2746
2745
2744
2742
2741
2741
2741
2738
2738
2737
2734
2734
2734
2733
2733
2731
2730
2729
2728
2727
2726
2723
2723
2722
2721
2720
2720
2719
2718
2718
2718
2717
2717
2715
2715
2713
2712
2711
2710
2709
2709
2709
2709
2708
2708
2707
2707
2707
2707
2705
2704
2704
2702
2702
2700
2700
2691
2691
2690
2690
2690
2689
2689
2688
2688
2686
2686
2685
2684
2684
2682
2681
2679
2676
2676
2676
2674
2674
2671
2669
2667
2666
2665
2665
2664
2664
2663
2662
2660
2660
2659
2657
2655
2655
2653
2652
2648
2647
2647
2645
2644
2642
2641
2639
2638
2637
2636
2635
2634
2634
2634
2633
2633
2633
2631
2629
2628
2628
2626
2625
2624
2624
2622
2621
2620
2619
2618
2614
2613
2613
2613
2610
2610
2608
2607
2606
2605
2604
2602
2600
2599
2598
2597
2595
2593
2592
2592
2592
2591
2591
2589
2587
2587
2584
2583
2582
2582
2581
2581
2580
2577
2573
2572
2572
2572
2571
2571
2569
2568
2568
2567
2566
2561
2560
2560
2560
2558
2556
2555
2554
2554
2554
2553
2553
2553
2551
2550
2549
2548
2547
2547
2543
2542
2541
2541
2540
2540
2538
2537
2537
2535
2534
2533
2533
2532
2530
2530
2528
2528
2528
2527
2527
2524
2523
2523
2522
2522
2521
2521
2521
2520
2520
2518
2518
2517
2516
2516
2515
2514
2512
2512
2512
2510
2510
2509
2508
2508
2508
2507
2507
2507
2503
2503
2503
2503
2500
2498
2497
2497
2494
2492
2492
2491
2490
2490
2489
2487
2481
2481
2480
2479
2479
2477
2477
2474
2472
2471
2471
2471
2471
2470
2468
2468
2468
2468
2468
2467
2465
2465
2464
2464
2462
2461
2461
2460
2460
2457
2457
2457
2456
2454
2454
2454
2453
2452
2452
2452
2451
2450
2450
2450
2449
2446
2445
2443
2443
2442
2440
2439
2439
2438
2437
2437
2432
2428
2428
2427
2425
2424
2424
2422
2422
2422
2421
2418
2415
2414
2411
2408
2407
2405
2404
2404
2401
2400
2398
2398
2397
2395
2394
2394
2393
2393
2392
2392
2391
2390
2389
2389
2389
2387
2387
2386
2386
2385
2383
2382
2381
2379
2378
2378
2375
2375
2374
2374
2373
2372
2369
2368
2368
2368
2367
2363
2362
2362
2361
2361
2359
2359
2359
2358
2357
2354
2354
2353
2353
2352
2351
2351
2351
2347
2347
2347
2346
2344
2344
2343
2342
2341
2341
2341
2341
2339
2339
2338
2336
2334
2332
2331
2330
2330
2328
2327
2327
2324
2323
2320
2319
2318
2318
2317
2314
2314
2311
2310
2309
2308
2307
2306
2305
2305
2305
2304
2304
2303
2303
2303
2302
2300
2299
2298
2297
2294
2294
2292
2290
2290
2289
2287
2285
2284
2283
2282
2281
2281
2280
2279
2279
2278
2277
2277
2277
2277
2276
2276
2275
2274
2273
2272
2271
2271
2271
2270
2268
2265
2265
2264
2264
2264
2263
2262
2262
2259
2258
2257
2255
2253
2251
2249
2249
2248
2247
2245
2245
2245
2244
2244
2243
2243
2242
2242
2240
2238
2238
2237
2235
2234
2234
2233
2233
2233
2233
2232
2232
2231
2230
2228
2227
2227
2226
2226
2224
2223
2223
2222
2222
2221
2218
2218
2217
2216
2215
2215
2214
2213
2213
2212
2212
2211
2210
2210
2207
2207
2205
2205
2205
2201
2201
2199
2198
2197
2194
2194
2194
2193
2193
2192
2192
2192
2192
2191
2191
2191
2188
2188
2188
2188
2187
2187
2186
2185
2183
2181
2181
2180
2179
2178
2178
2177
2174
2172
2170
2170
2170
2168
2167
2164
2163
2161
2161
2159
2159
2159
2158
2157
2156
2155
2155
2154
2154
2153
2151
2150
2150
2149
2149
2149
2147
2145
2144
2143
2143
2142
2141
2137
2137
2137
2137
2135
2135
2134
2134
2133
2131
2129
2129
2128
2128
2127
2127
2126
2126
2125
2124
2124
2124
2124
2123
2123
2122
2121
2118
2117
2117
2115
2114
2113
2110
2110
2109
2109
2107
2106
2106
2106
2104
2104
2104
2104
2103
2103
2102
2102
2102
2101
2100
2099
2098
2098
2097
2097
2094
2092
2092
2092
2090
2089
2088
2086
2085
2085
2084
2084
2079
2078
2078
2074
2074
2074
2073
2073
2073
2071
2068
2068
2068
2067
2064
2064
2063
2063
2061
2059
2057
2057
2055
2054
2054
2051
2050
2050
2049
2049
2047
2047
2046
2044
2044
2044
2043
2042
2042
2042
2041
2041
2040
2040
2040
2040
2039
2037
2036
2036
2034
2034
2034
2031
2030
2030
2030
2030
2030
2027
2023
2023
2021
2019
2018
2016
2016
2016
2014
2013
2011
2011
2011
2010
2009
2007
2005
2005
2004
2003
2002
2001
2000
2000
1999
1997
1997
1996
1995
1994
1993
1993
1992
1992
1989
1988
1988
1987
1987
1986
1985
1985
1985
1984
1982
1982
1977
1977
1977
1976
1976
1976
1975
1974
1974
1973
1972
1972
1971
1970
1969
1969
1966
1963
1963
1962
1960
1959
1957
1956
1956
1954
1953
1953
1952
1949
1948
1948
1946
1943
1943
1941
1940
1940
1939
1938
1937
1937
1937
1936
1934
1934
1933
1931
1931
1927
1927
1927
1926
1926
1926
1925
1923
1923
1922
1921
1920
1918
1916
1916
1915
1914
1914
1914
1913
1913
1912
1911
1910
1910
1909
1908
1908
1907
1906
1906
1906
1902
1902
1902
1901
1901
1900
1899
1899
1898
1897
1896
1894
1894
1892
1891
1891
1888
1888
1887
1887
1885
1883
1882
1881
1878
1878
1878
1877
1877
1873
1872
1871
1870
1869
1868
1867
1866
1866
1865
1864
1864
1864
1863
1862
1860
1858
1858
1857
1857
1857
1857
1857
1856
1856
1856
1856
1855
1854
1853
1852
1851
1850
1850
1850
1847
1847
1846
1845
1845
1844
1843
1842
1840
1840
1839
1837
1837
1837
1837
1836
1834
1834
1834
1833
1832
1832
1832
1831
1831
1829
1828
1824
1821
1820
1820
1819
1819
1816
1814
1814
1814
1813
1812
1811
1811
1811
1810
1809
1809
1809
1809
1809
1803
1803
1803
1802
1801
1801
1800
1798
1798
1797
1795
1794
1794
1793
1793
1792
1792
1792
1791
1791
1791
1791
1789
1789
1788
1788
1786
1785
1784
1783
1783
1781
1779
1775
1773
1773
1772
1771
1771
1770
1769
1768
1766
1765
1765
1764
1764
1763
1763
1761
1761
1761
1761
1758
1756
1753
1753
1751
1749
1749
1748
1746
1746
1744
1742
1742
1741
1741
1741
1740
1740
1739
1738
1738
1738
1737
1737
1737
1736
1735
1735
1734
1733
1731
1731
1731
1731
1730
1730
1729
1729
1728
1728
1728
1727
1726
1725
1725
1725
1722
1721
1721
1721
1718
1717
1716
1716
1714
1713
1712
1711
1709
1709
1708
1707
1706
1705
1705
1705
1703
1703
1702
1702
1701
1701
1701
1700
1700
1700
1698
1697
1697
1697
1697
1697
1696
1696
1696
1694
1694
1692
1688
1686
1685
1684
1683
1681
1680
1680
1680
1678
1673
1671
1671
1667
1666
1666
1665
1664
1664
1662
1662
1661
1660
1659
1659
1658
1657
1657
1656
1655
1654
1653
1653
1652
1652
1651
1651
1650
1650
1650
1648
1647
1646
1645
1644
1642
1642
1641
1641
1641
1640
1640
1637
1636
1633
1633
1631
1631
1631
1631
1628
1626
1624
1624
1622
1621
1619
1619
1612
1612
1609
1608
1607
1606
1605
1604
1602
1601
1600
1600
1599
1596
1596
1595
1595
1594
1593
1590
1589
1589
1588
1587
1586
1586
1581
1581
1578
1577
1576
1575
1575
1575
1574
1573
1572
1571
1571
1571
1571
1570
1570
1569
1569
1568
1567
1565
1565
1565
1564
1563
1562
1561
1561
1560
1560
1559
1559
1558
1557
1557
1557
1556
1556
1555
1555
1551
1551
1550
1550
1548
1548
1546
1544
1542
1539
1537
1537
1536
1533
1530
1529
1528
1526
1525
1525
1525
1524
1524
1524
1520
1517
1516
1515
1514
1512
1512
1511
1511
1511
1509
1509
1508
1508
1508
1508
1507
1506
1506
1505
1503
1502
1501
1501
1498
1497
1497
1490
1490
1488
1487
1486
1485
1485
1485
1483
1483
1482
1481
1481
1480
1475
1475
1474
1474
1473
1473
1473
1473
1469
1469
1468
1468
1467
1464
1464
1463
1462
1459
1459
1458
1457
1456
1455
1454
1454
1454
1454
1454
1453
1450
1449
1449
1448
1446
1446
1445
1445
1444
1443
1442
1441
1440
1438
1438
1435
1432
1432
1431
1431
1428
1428
1427
1427
1427
1426
1423
1423
1423
1422
1422
1417
1416
1413
1413
1413
1413
1413
1412
1412
1411
1410
1409
1409
1409
1408
1405
1401
1399
1398
1398
1397
1396
1395
1394
1392
1392
1391
1389
1387
1386
1383
1383
1383
1382
1382
1382
1381
1380
1380
1379
1379
1378
1378
1376
1376
1375
1373
1371
1369
1367
1367
1365
1364
1364
1363
1362
1362
1361
1360
1359
1359
1359
1358
1356
1356
1356
1355
1354
1354
1352
1352
1350
1349
1349
1349
1349
1348
1347
1346
1346
1345
1344
1344
1343
1343
1342
1340
1339
1339
1338
1336
1335
1335
1334
1334
1332
1331
1331
1330
1329
1328
1328
1326
1326
1325
1325
1324
1323
1323
1323
1322
1320
1319
1318
1315
1314
1314
1314
1313
1313
1312
1309
1309
1306
1305
1305
1304
1304
1303
1302
1300
1300
1299
1297
1297
1297
1296
1295
1295
1291
1290
1289
1287
1287
1287
1283
1282
1282
1281
1280
1277
1276
1276
1272
1271
1271
1268
1267
1267
1266
1266
1264
1264
1263
1263
1262
1261
1259
1257
1254
1250
1248
1247
1247
1247
1246
1244
1243
1242
1237
1234
1232
1230
1230
1228
1227
1224
1223
1221
1220
1219
1217
1217
1216
1216
1214
1214
1213
1212
1212
1211
1211
1211
1208
1207
1206
1205
1205
1204
1202
1201
1198
1197
1197
1197
1194
1194
1193
1186
1186
1183
1182
1181
1181
1180
1179
1179
1178
1176
1176
1176
1175
1174
1173
1173
1173
1171
1169
1169
1169
1167
1167
1164
1163
1163
1162
1162
1161
1161
1161
1160
1160
1160
1156
1153
1153
1153
1153
1152
1149
1147
1146
1145
1145
1144
1144
1144
1143
1143
1142
1142
1142
1141
1140
1139
1139
1136
1134
1133
1132
1131
1128
1127
1125
1122
1122
1122
1120
1120
1119
1118
1118
1118
1117
1117
1114
1114
1112
1110
1109
1105
1103
1103
1102
1102
1101
1100
1100
1100
1099
1099
1098
1097
1096
1096
1095
1095
1093
1092
1090
1088
1088
1087
1087
1087
1086
1086
1083
1081
1078
1078
1075
1074
1073
1071
1070
1070
1068
1068
1067
1067
1063
1063
1063
1058
1058
1057
1057
1057
1057
1056
1055
1053
1052
1051
1050
1049
1049
1048
1046
1045
1045
1045
1042
1042
1041
1041
1040
1038
1038
1038
1036
1036
1035
1035
1033
1032
1032
1026
1025
1025
1025
1024
1023
1022
1022
1020
1020
1019
1019
1017
1017
1017
1016
1013
1013
1012
1011
1008
1007
1006
1006
1005
1005
1005
1004
1003
1003
1003
1001
1000
1000
999
996
996
996
994
992
991
990
989
987
987
987
987
987
986
983
982
982
982
981
980
979
978
976
975
972
972
972
971
970
969
967
966
964
963
962
961
959
959
957
955
953
952
948
948
948
947
947
946
945
945
944
944
943
943
942
941
938
938
938
937
935
933
933
933
931
931
930
930
930
930
927
927
925
923
923
923
922
921
920
920
920
919
919
918
918
916
916
915
914
912
911
911
910
908
907
905
904
904
904
904
903
903
902
901
901
900
899
899
899
899
899
899
897
896
893
892
892
890
889
889
889
889
889
888
888
887
887
886
886
884
882
882
881
881
879
879
879
878
878
877
876
875
874
873
873
871
871
869
868
866
866
866
865
864
862
861
859
858
857
857
857
856
856
855
852
852
852
850
850
849
847
847
847
846
845
844
842
841
841
840
837
836
836
835
834
834
833
831
831
830
829
828
828
828
827
826
825
825
823
822
822
820
820
820
818
818
817
816
815
812
812
811
810
808
808
807
807
807
806
801
799
799
799
795
795
794
793
791
791
791
787
786
785
784
783
783
781
781
780
777
775
775
774
773
773
772
771
771
770
770
770
769
767
765
765
765
764
764
764
763
763
760
760
760
759
759
756
755
754
754
753
752
752
752
750
747
746
745
742
741
741
739
738
736
736
736
734
734
734
731
731
731
730
728
728
725
725
723
723
722
721
715
714
713
711
710
710
709
709
707
704
703
701
701
700
700
699
697
696
696
695
694
693
692
691
687
687
687
686
686
686
685
681
681
680
678
678
677
677
676
675
675
675
675
672
671
669
669
669
668
665
665
665
662
661
660
659
657
656
655
654
653
653
650
650
649
649
648
648
647
645
644
644
643
641
640
639
636
636
633
631
629
629
628
627
627
625
625
622
622
621
621
619
618
617
617
617
616
615
615
614
614
614
611
610
605
605
604
604
603
602
601
601
600
598
598
597
596
595
595
594
594
594
592
589
586
586
585
584
582
581
580
578
577
577
577
575
573
573
571
571
570
569
569
569
566
566
565
564
563
562
562
561
561
560
560
559
557
555
554
553
553
550
549
548
547
546
545
543
543
542
541
541
540
540
539
537
536
535
534
533
532
531
530
528
526
526
526
524
523
523
520
519
519
519
514
514
513
510
509
507
506
502
502
501
501
501
501
501
500
499
498
497
496
496
495
494
494
494
493
491
491
489
488
487
486
486
486
486
486
484
482
481
480
479
478
478
476
473
473
472
471
467
467
467
466
466
465
465
464
460
459
455
454
454
454
453
451
450
449
446
446
445
443
442
440
439
439
436
436
434
434
434
432
431
430
427
426
426
425
425
423
421
421
419
417
413
413
411
411
409
408
406
406
404
403
402
402
400
400
399
398
398
397
397
395
391
391
391
390
385
385
384
381
380
379
373
372
371
369
369
368
368
367
367
367
366
366
365
365
364
364
362
361
358
357
357
356
354
353
353
351
350
350
346
345
344
341
341
340
340
340
339
337
337
336
334
333
331
331
330
329
329
328
325
322
320
319
317
315
313
312
312
310
310
310
310
309
308
308
307
307
306
304
304
303
303
302
299
299
298
296
295
294
292
291
288
288
286
286
286
284
284
283
281
279
277
277
275
274
273
271
271
270
268
266
266
263
260
260
259
257
256
256
255
253
253
252
252
251
250
247
247
245
245
243
242
241
239
239
236
236
234
233
231
228
226
222
221
220
220
219
218
217
215
213
210
210
210
208
208
206
205
204
203
202
200
198
198
197
192
192
188
188
186
185
185
184
181
180
178
178
178
171
171
170
170
167
167
166
165
165
164
164
162
162
161
159
159
158
156
154
153
151
151
150
150
149
149
147
147
147
143
143
142
141
140
139
139
138
135
134
133
131
131
129
128
128
128
126
125
125
125
124
116
116
116
114
112
112
108
107
106
105
104
104
103
103
102
99
97
95
94
93
90
89
89
89
88
87
86
85
85
84
78
77
71
71
70
69
69
68
68
68
67
67
67
66
66
64
62
61
59
59
59
56
55
54
54
52
49
48
47
47
46
46
45
45
43
39
39
38
36
35
35
34
33
33
32
31
30
30
29
29
27
24
19
18
18
18
15
13
11
10
9
9
8
8
8
7
6
5
5
4
3
2
0
