9999
9999
9999
9997
9997
9992
9988
9988
9988
9987
9984
9984
9983
9983
9981
9981
9980
9980
9976
9976
9975
9974
9973
9973
9972
9972
9970
9969
9969
9967
9966
9965
9964
9963
9962
9961
9961
9961
9960
9959
9959
9958
9956
9955
9953
9952
9952
9952
9951
9951
9951
9950
9950
9950
9950
9949
9947
9946
9944
9942
9935
9933
9933
9929
9924
9923
9922
9920
9919
9919
9919
9918
9918
9915
9914
9912
9912
9912
9911
9910
9910
9909
9909
9907
9905
9905
9905
9904
9903
9903
9902
9902
9901
9901
9900
9900
9898
9898
9896
9896
9895
9894
9894
9892
9891
9886
9886
9885
9883
9881
9880
9879
9879
9878
9877
9874
9871
9871
9869
9869
9867
9867
9867
9866
9865
9865
9864
9861
9860
9859
9857
9855
9852
9847
9847
9846
9846
9844
9843
9842
9842
9838
9835
9835
9834
9831
9831
9831
9825
9825
9823
9823
9823
9821
9820
9819
9818
9817
9816
9815
9814
9812
9812
9812
9812
9811
9811
9810
9809
9809
9809
9808
9808
9807
9806
9806
9804
9804
9804
9802
9802
9801
9800
9797
9796
9794
9793
9792
9791
9789
9789
9788
9787
9785
9784
9782
9782
9781
9781
9781
9780
9778
9778
9778
9774
9774
9771
9769
9769
9766
9765
9765
9765
9763
9762
9762
9759
9759
9757
9757
9755
9753
9752
9751
9749
9749
9749
9749
9748
9747
9746
9745
9745
9741
9740
9739
9736
9736
9735
9733
9733
9731
9729
9728
9727
9726
9725
9724
9724
9722
9722
9722
9721
9720
9719
9717
9717
9716
9716
9715
9714
9713
9713
9712
9712
9711
9710
9709
9709
9708
9708
9708
9707
9706
9704
9700
9700
9698
9698
9697
9697
9695
9695
9695
9694
9693
9693
9691
9690
9690
9689
9689
9688
9687
9687
9687
9686
9686
9685
9684
9684
9684
9683
9682
9680
9680
9679
9679
9679
9677
9675
9672
9670
9670
9669
9667
9665
9663
9662
9661
9661
9660
9660
9659
9659
9657
9656
9656
9654
9652
9651
9650
9649
9648
9648
9645
9645
9644
9644
9642
9642
9641
9640
9640
9638
9637
9636
9635
9632
9631
9630
9630
9630
9628
9628
9625
9625
9625
9622
9622
9620
9619
9617
9616
9616
9615
9615
9615
9614
9614
9610
9609
9608
9608
9605
9605
9605
9605
9605
9602
9602
9598
9596
9596
9594
9594
9594
9593
9592
9592
9591
9591
9590
9590
9589
9586
9583
9580
9578
9578
9576
9576
9574
9573
9572
9570
9570
9569
9569
9569
9569
9568
9568
9567
9567
9567
9566
9566
9566
9564
9563
9563
9562
9561
9561
9561
9560
9559
9557
9556
9552
9552
9551
9551
9551
9550
9548
9547
9544
9542
9542
9542
9541
9541
9541
9541
9541
9540
9540
9539
9539
9539
9538
9537
9533
9531
9530
9528
9528
9528
9527
9527
9525
9525
9523
9522
9521
9520
9516
9515
9514
9513
9512
9512
9510
9509
9509
9507
9507
9506
9506
9505
9504
9504
9501
9499
9498
9497
9497
9495
9495
9494
9493
9489
9487
9485
9484
9483
9483
9483
9482
9482
9481
9479
9478
9475
9474
9474
9472
9471
9470
9470
9470
9470
9469
9468
9467
9465
9465
9462
9462
9460
9459
9459
9458
9457
9456
9454
9454
9453
9452
9451
9451
9450
9449
9449
9449
9447
9445
9445
9443
9443
9441
9440
9439
9438
9437
9435
9435
9434
9433
9433
9432
9431
9430
9428
9428
9426
9426
9423
9422
9421
9420
9418
9417
9417
9416
9415
9415
9413
9412
9411
9411
9411
9409
9409
9408
9408
9407
9406
9406
9405
9405
9403
9403
9402
9402
9400
9396
9396
9395
9393
9393
9392
9391
9390
9390
9389
9389
9389
9388
9387
9386
9385
9384
9381
9381
9379
9379
9378
9377
9375
9374
9374
9372
9371
9370
9369
9369
9368
9367
9367
9366
9364
9364
9363
9363
9362
9362
9362
9361
9361
9361
9360
9360
9358
9357
9356
9356
9353
9349
9348
9348
9346
9346
9346
9345
9343
9343
9342
9338
9338
9337
9337
9335
9335
9333
9330
9330
9330
9328
9328
9328
9326
9326
9325
9322
9322
9322
9322
9321
9321
9321
9320
9319
9319
9319
9317
9313
9311
9310
9310
9307
9307
9306
9305
9304
9304
9303
9302
9301
9300
9300
9300
9298
9298
9296
9295
9295
9294
9294
9294
9294
9291
9291
9291
9290
9290
9290
9289
9287
9287
9286
9285
9283
9281
9280
9279
9278
9277
9276
9276
9274
9273
9273
9272
9269
9267
9267
9266
9266
9265
9265
9265
9264
9263
9262
9261
9259
9258
9257
9256
9255
9253
9253
9250
9250
9249
9248
9248
9248
9242
9241
9241
9240
9239
9238
9236
9236
9234
9233
9233
9233
9233
9232
9232
9231
9231
9230
9229
9229
9229
9227
9227
9224
9224
9223
9216
9216
9216
9213
9213
9209
9209
9207
9207
9206
9206
9204
9203
9202
9198
9197
9196
9195
9194
9194
9193
9192
9191
9190
9189
9189
9189
9188
9186
9183
9183
9183
9182
9181
9181
9181
9181
9181
9181
9178
9174
9173
9173
9173
9172
9171
9171
9170
9170
9170
9168
9168
9168
9167
9167
9166
9165
9163
9162
9161
9161
9160
9160
9158
9156
9156
9154
9154
9154
9153
9153
9153
9153
9152
9152
9151
9151
9150
9150
9149
9147
9146
9143
9142
9142
9141
9140
9138
9138
9137
9136
9135
9135
9133
9133
9131
9131
9131
9129
9125
9124
9123
9123
9122
9122
9122
9122
9121
9121
9121
9120
9120
9120
9118
9118
9117
9117
9115
9115
9114
9112
9112
9112
9111
9111
9110
9109
9107
9105
9105
9103
9102
9102
9101
9099
9099
9098
9097
9097
9094
9093
9090
9089
9089
9089
9088
9088
9086
9082
9081
9080
9079
9077
9075
9074
9074
9070
9069
9068
9068
9067
9064
9064
9064
9064
9060
9059
9059
9058
9058
9057
9057
9057
9056
9055
9055
9054
9052
9052
9050
9048
9048
9048
9048
9047
9047
9047
9046
9045
9045
9045
9044
9043
9042
9041
9039
9039
9039
9038
9035
9035
9034
9033
9032
9031
9031
9030
9029
9029
9029
9029
9029
9028
9027
9027
9026
9025
9025
9024
9022
9018
9017
9016
9015
9015
9015
9015
9014
9014
9013
9012
9011
9009
9009
9007
9007
9006
9006
9004
9003
9003
9002
9002
9000
9000
9000
8999
8995
8994
8994
8992
8992
8991
8990
8990
8989
8988
8987
8987
8986
8984
8984
8984
8982
8982
8981
8979
8978
8977
8976
8976
8976
8975
8974
8974
8973
8973
8970
8970
8969
8962
8962
8956
8955
8954
8952
8952
8952
8952
8951
8950
8948
8948
8946
8945
8944
8944
8944
8942
8940
8940
8939
8938
8938
8938
8937
8936
8936
8936
8935
8934
8933
8933
8932
8929
8928
8927
8926
8925
8924
8924
8924
8924
8924
8923
8923
8920
8919
8919
8918
8917
8916
8915
8915
8915
8914
8914
8914
8913
8913
8913
8911
8910
8908
8905
8904
8897
8895
8893
8892
8892
8891
8889
8887
8887
8887
8886
8884
8881
8880
8880
8880
8879
8878
8877
8877
8875
8874
8873
8872
8870
8869
8869
8868
8866
8863
8863
8863
8861
8860
8859
8859
8858
8856
8853
8853
8852
8851
8850
8850
8847
8846
8845
8845
8843
8843
8840
8839
8839
8838
8836
8836
8836
8834
8834
8833
8832
8832
8830
8828
8828
8827
8827
8826
8825
8824
8823
8822
8822
8820
8819
8818
8816
8814
8814
8814
8814
8813
8812
8808
8808
8808
8806
8805
8805
8805
8804
8803
8802
8802
8801
8801
8801
8800
8797
8795
8794
8792
8791
8791
8790
8789
8789
8789
8786
8785
8785
8784
8783
8783
8783
8781
8781
8781
8777
8776
8774
8772
8772
8770
8769
8767
8767
8767
8761
8760
8759
8759
8758
8757
8757
8756
8755
8755
8754
8754
8754
8753
8750
8746
8746
8743
8742
8742
8741
8741
8739
8739
8738
8737
8737
8737
8737
8737
8736
8732
8731
8731
8731
8728
8727
8725
8721
8721
8720
8718
8718
8717
8717
8716
8716
8716
8716
8714
8714
8713
8712
8711
8710
8710
8709
8709
8709
8709
8708
8707
8707
8707
8705
8705
8702
8702
8702
8701
8700
8697
8697
8696
8695
8695
8694
8693
8691
8690
8689
8688
8688
8687
8687
8686
8685
8683
8683
8681
8681
8680
8680
8679
8677
8676
8675
8675
8674
8669
8669
8669
8668
8668
8668
8667
8665
8664
8663
8662
8661
8660
8657
8656
8655
8650
8650
8649
8649
8647
8646
8644
8644
8643
8642
8641
8640
8640
8638
8637
8637
8636
8636
8635
8634
8630
8627
8624
8621
8620
8618
8617
8615
8613
8612
8610
8610
8610
8609
8608
8607
8606
8606
8605
8604
8604
8602
8602
8601
8599
8598
8598
8595
8595
8594
8594
8593
8593
8593
8591
8590
8589
8588
8587
8585
8585
8585
8583
8583
8581
8581
8581
8579
8577
8575
8574
8574
8573
8573
8573
8572
8572
8571
8570
8566
8565
8564
8564
8561
8558
8557
8557
8556
8556
8555
8555
8553
8552
8549
8548
8547
8543
8542
8541
8540
8540
8540
8539
8538
8536
8536
8534
8534
8533
8531
8531
8531
8530
8526
8526
8524
8524
8522
8522
8522
8522
8519
8519
8519
8518
8518
8517
8514
8513
8513
8512
8510
8510
8508
8508
8508
8505
8503
8500
8499
8498
8496
8496
8496
8496
8493
8492
8491
8490
8490
8489
8488
8487
8486
8485
8484
8484
8484
8483
8483
8481
8480
8480
8480
8479
8478
8477
8473
8471
8470
8469
8468
8468
8467
8466
8465
8462
8461
8460
8459
8459
8458
8458
8452
8447
8446
8446
8445
8445
8444
8443
8443
8442
8442
8441
8441
8440
8438
8437
8436
8435
8434
8433
8432
8431
8430
8427
8426
8426
8426
8425
8423
8422
8421
8420
8419
8418
8417
8416
8415
8414
8413
8412
8410
8409
8408
8408
8407
8405
8402
8401
8400
8400
8399
8398
8398
8397
8397
8394
8392
8392
8391
8391
8390
8390
8390
8388
8388
8387
8386
8385
8385
8384
8382
8381
8381
8379
8378
8377
8376
8375
8375
8370
8370
8367
8362
8361
8360
8359
8355
8354
8354
8353
8352
8352
8351
8349
8349
8346
8344
8337
8337
8336
8335
8335
8333
8331
8331
8331
8330
8330
8323
8323
8321
8320
8320
8319
8319
8316
8316
8316
8314
8314
8312
8312
8312
8309
8309
8307
8305
8305
8304
8303
8303
8301
8301
8300
8299
8299
8297
8297
8296
8293
8292
8292
8291
8291
8290
8290
8289
8289
8288
8288
8286
8286
8285
8281
8281
8281
8281
8280
8279
8279
8278
8278
8277
8277
8276
8273
8272
8269
8268
8268
8267
8262
8259
8258
8258
8258
8255
8254
8254
8254
8254
8253
8253
8252
8249
8249
8248
8247
8247
8247
8246
8243
8243
8242
8241
8239
8239
8238
8238
8238
8237
8235
8234
8230
8225
8221
8220
8219
8219
8218
8218
8214
8214
8213
8213
8212
8212
8212
8210
8210
8210
8207
8203
8202
8201
8200
8199
8199
8198
8197
8196
8196
8196
8195
8190
8190
8189
8188
8185
8182
8182
8181
8178
8175
8174
8172
8172
8171
8171
8166
8165
8165
8162
8161
8161
8160
8158
8158
8156
8155
8151
8150
8149
8149
8148
8146
8145
8143
8143
8141
8138
8135
8133
8133
8132
8132
8131
8131
8131
8129
8128
8128
8126
8125
8123
8122
8121
8118
8117
8116
8115
8114
8111
8111
8109
8109
8107
8107
8107
8107
8106
8105
8105
8104
8104
8103
8101
8101
8100
8100
8100
8099
8099
8097
8096
8093
8092
8090
8090
8089
8088
8087
8087
8087
8086
8085
8084
8083
8082
8080
8080
8079
8078
8077
8077
8077
8075
8075
8075
8074
8074
8072
8071
8071
8071
8070
8068
8067
8067
8066
8065
8060
8060
8060
8059
8059
8058
8056
8055
8054
8053
8051
8051
8049
8049
8048
8043
8042
8042
8041
8039
8036
8034
8033
8032
8032
8032
8032
8030
8029
8029
8029
8029
8028
8027
8025
8025
8024
8023
8021
8017
8015
8014
8008
8007
8007
8006
8006
8001
7999
7998
7998
7998
7996
7996
7995
7994
7994
7989
7989
7987
7987
7986
7986
7982
7981
7981
7981
7981
7980
7980
7979
7979
7978
7978
7976
7974
7974
7971
7971
7971
7970
7970
7969
7967
7964
7964
7963
7962
7961
7960
7959
7959
7959
7959
7953
7953
7951
7951
7948
7948
7945
7944
7942
7942
7940
7939
7939
7939
7938
7938
7937
7935
7935
7933
7933
7932
7932
7929
7928
7926
7926
7925
7924
7923
7922
7921
7921
7921
7920
7920
7919
7918
7917
7914
7913
7910
7909
7908
7908
7907
7906
7906
7906
7902
7901
7901
7900
7899
7899
7897
7896
7896
7895
7894
7893
7893
7893
7892
7891
7891
7890
7889
7888
7887
7886
7885
7883
7882
7880
7877
7876
7876
7875
7873
7873
7871
7871
7871
7871
7870
7869
7869
7868
7866
7866
7866
7865
7864
7863
7862
7858
7856
7855
7855
7854
7852
7851
7850
7848
7847
7847
7846
7845
7845
7845
7845
7844
7844
7844
7842
7842
7840
7839
7837
7836
7835
7835
7835
7834
7834
7832
7831
7831
7830
7828
7828
7828
7827
7827
7826
7825
7824
7823
7823
7821
7820
7820
7819
7817
7817
7817
7813
7812
7812
7810
7808
7807
7807
7805
7805
7804
7804
7804
7802
7802
7801
7799
7798
7798
7797
7796
7794
7794
7794
7793
7793
7791
7790
7784
7781
7781
7781
7779
7778
7777
7776
7775
7775
7774
7773
7772
7771
7770
7770
7769
7769
7768
7766
7766
7766
7766
7766
7763
7762
7761
7760
7759
7758
7757
7757
7754
7753
7752
7752
7752
7751
7747
7746
7746
7745
7745
7744
7743
7740
7738
7737
7737
7737
7735
7732
7730
7727
7727
7726
7726
7726
7720
7720
7715
7714
7713
7710
7708
7708
7707
7707
7706
7703
7703
7702
7702
7701
7701
7700
7700
7699
7699
7697
7697
7695
7694
7692
7690
7690
7689
7688
7687
7687
7686
7685
7685
7685
7678
7677
7677
7676
7676
7676
7675
7674
7674
7672
7672
7671
7668
7668
7668
7667
7662
7660
7660
7660
7659
7659
7659
7658
7655
7653
7653
7652
7652
7649
7648
7645
7644
7644
7643
7643
7643
7641
7639
7639
7639
7638
7637
7637
7637
7636
7636
7635
7630
7627
7625
7624
7623
7622
7622
7619
7619
7616
7614
7613
7611
7611
7610
7608
7607
7606
7603
7602
7602
7600
7600
7600
7599
7599
7598
7597
7596
7595
7595
7595
7594
7593
7593
7593
7593
7591
7591
7590
7587
7585
7585
7584
7584
7583
7582
7582
7582
7582
7581
7580
7580
7580
7579
7579
7578
7578
7576
7576
7576
7571
7568
7568
7567
7566
7565
7564
7563
7561
7560
7559
7559
7558
7558
7554
7554
7554
7552
7551
7551
7550
7549
7549
7547
7547
7546
7545
7544
7544
7544
7544
7542
7541
7540
7540
7540
7537
7536
7534
7534
7534
7533
7533
7532
7531
7530
7529
7526
7526
7526
7525
7523
7522
7522
7522
7520
7519
7519
7519
7518
7518
7517
7516
7516
7516
7515
7515
7513
7512
7512
7509
7507
7506
7506
7504
7503
7503
7501
7497
7494
7493
7492
7491
7487
7486
7485
7485
7484
7483
7480
7480
7480
7479
7479
7479
7479
7478
7478
7478
7477
7476
7475
7473
7472
7471
7471
7469
7468
7468
7467
7467
7467
7467
7465
7463
7463
7462
7461
7461
7460
7459
7458
7458
7458
7457
7455
7454
7454
7453
7452
7451
7450
7449
7448
7448
7448
7447
7447
7447
7446
7444
7443
7441
7440
7439
7438
7437
7437
7436
7434
7434
7433
7432
7431
7429
7428
7423
7420
7418
7418
7418
7417
7416
7415
7415
7411
7411
7407
7406
7405
7405
7404
7403
7403
7403
7403
7401
7401
7400
7397
7397
7397
7396
7395
7393
7391
7390
7389
7388
7385
7385
7384
7379
7378
7377
7374
7374
7374
7372
7372
7372
7372
7371
7371
7371
7370
7369
7368
7368
7366
7363
7363
7363
7362
7362
7362
7361
7361
7361
7359
7359
7359
7359
7358
7358
7358
7358
7358
7357
7356
7355
7352
7352
7351
7350
7349
7349
7347
7345
7344
7342
7342
7341
7339
7338
7338
7336
7335
7335
7335
7334
7334
7333
7332
7331
7331
7331
7330
7325
7324
7323
7321
7319
7316
7315
7314
7313
7313
7311
7310
7310
7309
7309
7308
7307
7305
7305
7298
7294
7294
7293
7289
7289
7289
7289
7289
7288
7288
7288
7287
7285
7285
7285
7283
7283
7282
7282
7281
7280
7278
7278
7278
7277
7274
7272
7266
7266
7266
7266
7266
7265
7264
7262
7262
7262
7261
7261
7259
7257
7255
7255
7254
7252
7250
7249
7249
7247
7245
7243
7243
7242
7242
7241
7240
7239
7239
7237
7237
7236
7236
7236
7234
7234
7233
7231
7231
7230
7229
7228
7228
7226
7225
7222
7221
7220
7219
7217
7216
7215
7215
7215
7214
7213
7210
7210
7209
7209
7208
7208
7208
7207
7205
7204
7204
7203
7203
7202
7200
7195
7194
7192
7189
7189
7185
7185
7182
7180
7179
7177
7177
7174
7174
7173
7173
7172
7168
7167
7165
7164
7164
7163
7163
7163
7162
7162
7160
7155
7155
7154
7153
7152
7152
7152
7152
7150
7149
7146
7146
7144
7144
7144
7144
7142
7141
7140
7139
7139
7139
7137
7136
7136
7132
7128
7128
7127
7127
7126
7125
7125
7125
7125
7125
7123
7122
7121
7120
7120
7118
7117
7115
7111
7108
7106
7104
7103
7102
7100
7100
7099
7099
7099
7098
7097
7097
7095
7094
7091
7090
7088
7088
7087
7087
7086
7085
7084
7083
7082
7082
7081
7079
7079
7076
7076
7075
7075
7073
7073
7073
7072
7072
7071
7070
7070
7068
7067
7065
7064
7063
7063
7061
7061
7057
7056
7054
7054
7053
7052
7050
7048
7048
7047
7045
7045
7043
7043
7043
7042
7042
7038
7038
7037
7037
7034
7032
7032
7030
7028
7028
7027
7027
7026
7025
7025
7024
7024
7023
7022
7021
7020
7019
7019
7018
7017
7017
7016
7015
7015
7014
7013
7010
7006
7005
7005
7001
7000
7000
6996
6994
6994
6993
6991
6991
6990
6989
6987
6986
6986
6985
6984
6983
6982
6982
6981
6980
6977
6977
6976
6976
6975
6973
6973
6971
6969
6966
6965
6964
6964
6962
6960
6958
6957
6956
6956
6956
6956
6956
6953
6952
6951
6951
6949
6948
6946
6946
6945
6942
6942
6941
6941
6939
6938
6935
6935
6934
6932
6929
6929
6928
6928
6928
6926
6926
6925
6924
6923
6922
6922
6921
6921
6921
6919
6919
6918
6915
6914
6914
6912
6911
6910
6909
6908
6906
6906
6905
6904
6904
6903
6901
6901
6898
6895
6895
6894
6892
6892
6891
6890
6889
6889
6888
6888
6888
6887
6886
6886
6885
6881
6881
6880
6879
6879
6878
6878
6877
6877
6875
6875
6874
6873
6872
6871
6870
6870
6869
6868
6868
6867
6866
6865
6865
6862
6861
6860
6860
6860
6860
6859
6859
6858
6858
6857
6856
6856
6855
6855
6853
6852
6852
6851
6850
6850
6849
6848
6846
6846
6845
6845
6845
6844
6843
6841
6841
6839
6839
6838
6837
6836
6834
6834
6833
6833
6832
6829
6829
6829
6829
6827
6826
6826
6825
6824
6823
6821
6817
6817
6816
6815
6814
6814
6814
6813
6812
6809
6805
6804
6804
6803
6802
6802
6802
6801
6799
6798
6798
6796
6795
6795
6794
6793
6793
6792
6792
6791
6787
6785
6785
6785
6784
6784
6784
6783
6781
6781
6779
6778
6778
6776
6775
6772
6772
6772
6772
6768
6767
6766
6766
6764
6764
6764
6762
6762
6761
6760
6759
6759
6758
6756
6755
6754
6753
6751
6749
6747
6747
6744
6744
6742
6740
6740
6740
6740
6740
6737
6736
6733
6730
6730
6729
6729
6729
6729
6727
6726
6725
6725
6724
6724
6724
6722
6720
6720
6718
6718
6718
6717
6716
6714
6713
6709
6708
6707
6705
6705
6701
6699
6698
6696
6696
6696
6694
6693
6692
6691
6691
6688
6687
6687
6687
6686
6683
6683
6683
6683
6682
6681
6681
6681
6679
6679
6677
6677
6676
6676
6674
6674
6673
6671
6669
6669
6668
6667
6666
6666
6665
6664
6664
6663
6662
6661
6661
6660
6659
6652
6651
6650
6649
6649
6649
6647
6647
6646
6646
6646
6645
6645
6644
6643
6641
6639
6639
6637
6634
6633
6633
6632
6632
6630
6628
6627
6625
6625
6623
6623
6622
6621
6621
6618
6618
6618
6616
6616
6615
6615
6614
6614
6609
6608
6606
6602
6600
6599
6596
6596
6592
6592
6590
6588
6587
6586
6583
6583
6579
6578
6577
6576
6576
6575
6575
6574
6574
6573
6572
6571
6570
6569
6569
6568
6565
6564
6564
6562
6558
6556
6556
6555
6554
6552
6551
6551
6550
6550
6549
6549
6548
6547
6546
6545
6543
6542
6542
6542
6541
6540
6539
6535
6535
6534
6533
6532
6532
6529
6529
6527
6527
6527
6527
6527
6527
6526
6524
6523
6522
6518
6516
6514
6514
6514
6513
6513
6512
6512
6511
6510
6509
6509
6508
6508
6508
6506
6501
6501
6500
6500
6499
6499
6498
6498
6497
6495
6494
6493
6492
6491
6488
6488
6487
6486
6485
6482
6480
6478
6477
6477
6477
6477
6474
6474
6473
6472
6470
6470
6470
6469
6468
6466
6464
6462
6461
6460
6459
6457
6457
6456
6456
6455
6455
6453
6452
6452
6451
6451
6451
6450
6448
6448
6447
6447
6445
6444
6442
6441
6440
6440
6439
6438
6438
6438
6436
6434
6431
6429
6428
6428
6427
6427
6426
6424
6423
6423
6421
6420
6420
6419
6418
6414
6414
6413
6412
6412
6409
6408
6408
6407
6407
6406
6406
6405
6405
6402
6402
6398
6398
6396
6395
6394
6394
6393
6391
6391
6389
6388
6388
6388
6388
6387
6387
6386
6385
6384
6384
6380
6380
6379
6378
6375
6374
6373
6372
6372
6371
6369
6369
6367
6366
6364
6363
6362
6362
6360
6357
6355
6354
6352
6351
6350
6348
6347
6346
6346
6346
6345
6345
6345
6343
6342
6342
6339
6338
6337
6337
6337
6337
6334
6334
6334
6334
6334
6333
6331
6330
6329
6327
6327
6326
6325
6325
6325
6324
6323
6322
6322
6322
6321
6320
6318
6317
6316
6315
6313
6313
6312
6310
6310
6309
6309
6307
6307
6305
6304
6303
6303
6300
6298
6297
6297
6297
6296
6296
6296
6293
6293
6293
6293
6292
6290
6290
6290
6289
6289
6288
6287
6285
6284
6281
6280
6279
6278
6278
6275
6273
6272
6271
6269
6269
6269
6268
6267
6265
6262
6262
6261
6261
6258
6258
6257
6257
6256
6256
6255
6255
6254
6254
6253
6253
6251
6249
6248
6247
6246
6245
6245
6240
6240
6240
6238
6237
6236
6235
6232
6232
6229
6227
6227
6226
6225
6225
6223
6222
6221
6221
6221
6220
6218
6217
6217
6215
6213
6213
6212
6209
6208
6207
6205
6205
6203
6202
6201
6201
6201
6201
6200
6199
6199
6198
6196
6194
6193
6193
6190
6189
6188
6187
6187
6185
6182
6178
6176
6175
6174
6173
6172
6171
6171
6169
6168
6164
6163
6163
6162
6161
6160
6158
6156
6156
6155
6154
6153
6153
6152
6152
6150
6147
6146
6146
6146
6146
6145
6144
6144
6141
6140
6139
6139
6138
6138
6137
6137
6137
6136
6136
6135
6135
6134
6133
6132
6130
6127
6127
6126
6126
6125
6125
6124
6123
6123
6118
6117
6116
6116
6114
6114
6113
6112
6110
6109
6108
6107
6107
6106
6106
6105
6105
6103
6103
6102
6101
6101
6099
6099
6099
6099
6099
6098
6098
6098
6097
6097
6097
6096
6094
6094
6094
6090
6090
6088
6087
6086
6084
6082
6082
6081
6080
6079
6079
6078
6078
6077
6076
6074
6074
6073
6071
6071
6070
6070
6070
6069
6069
6069
6067
6066
6066
6065
6064
6064
6063
6063
6062
6060
6060
6060
6059
6057
6056
6055
6054
6054
6053
6052
6050
6048
6047
6044
6043
6040
6039
6038
6038
6034
6033
6031
6031
6031
6030
6026
6023
6022
6021
6021
6020
6020
6019
6018
6017
6016
6014
6013
6012
6012
6011
6010
6010
6009
6008
6005
6004
6002
6002
6000
6000
5998
5996
5995
5993
5993
5993
5991
5990
5987
5986
5985
5983
5980
5979
5978
5978
5978
5978
5977
5976
5975
5974
5973
5973
5969
5968
5967
5966
5966
5965
5964
5963
5963
5962
5961
5960
5960
5960
5958
5956
5956
5954
5953
5949
5949
5947
5947
5946
5946
5945
5944
5944
5943
5940
5940
5939
5938
5938
5937
5936
5934
5934
5934
5933
5932
5931
5931
5930
5929
5929
5929
5927
5925
5923
5923
5923
5920
5919
5919
5918
5918
5918
5917
5914
5913
5913
5913
5913
5912
5907
5907
5906
5906
5906
5905
5905
5904
5904
5903
5902
5902
5898
5897
5896
5895
5894
5893
5892
5891
5890
5890
5888
5888
5886
5883
5882
5882
5882
5881
5880
5880
5880
5879
5878
5878
5877
5876
5876
5875
5875
5875
5875
5873
5872
5872
5871
5869
5869
5868
5867
5865
5865
5863
5860
5859
5858
5854
5853
5853
5851
5851
5847
5847
5846
5841
5839
5837
5836
5836
5836
5835
5833
5833
5831
5828
5828
5827
5827
5827
5826
5825
5823
5821
5821
5821
5819
5817
5815
5815
5814
5814
5814
5813
5812
5812
5811
5810
5810
5810
5810
5809
5807
5805
5805
5805
5804
5802
5802
5802
5802
5799
5798
5797
5796
5796
5794
5794
5794
5793
5793
5792
5791
5790
5790
5790
5790
5788
5786
5785
5785
5784
5783
5783
5783
5782
5781
5778
5777
5775
5773
5773
5773
5772
5772
5771
5771
5770
5768
5767
5765
5763
5762
5761
5758
5758
5757
5755
5754
5754
5754
5753
5753
5752
5751
5750
5749
5749
5749
5746
5745
5744
5741
5740
5740
5739
5738
5737
5737
5735
5732
5731
5731
5731
5730
5728
5728
5727
5726
5725
5724
5723
5723
5722
5722
5721
5720
5720
5719
5719
5718
5718
5717
5717
5716
5715
5715
5714
5714
5713
5713
5713
5712
5710
5709
5709
5708
5707
5707
5705
5703
5703
5702
5700
5699
5698
5698
5694
5694
5693
5692
5692
5692
5691
5691
5691
5690
5688
5688
5687
5687
5686
5685
5685
5683
5683
5680
5678
5678
5678
5676
5676
5675
5674
5673
5671
5668
5668
5668
5666
5665
5664
5663
5663
5662
5662
5662
5662
5662
5661
5660
5659
5659
5658
5655
5655
5655
5655
5653
5652
5652
5651
5651
5649
5648
5648
5648
5648
5646
5645
5644
5644
5644
5643
5642
5639
5639
5636
5635
5634
5633
5633
5632
5632
5632
5632
5631
5629
5629
5625
5623
5622
5621
5621
5620
5619
5617
5616
5615
5613
5611
5611
5610
5610
5609
5607
5605
5603
5602
5602
5602
5601
5599
5598
5598
5595
5594
5594
5593
5591
5590
5590
5589
5588
5588
5587
5587
5587
5586
5580
5579
5578
5577
5576
5576
5575
5575
5575
5574
5574
5574
5573
5571
5569
5565
5565
5565
5562
5562
5559
5558
5557
5555
5555
5554
5554
5554
5553
5553
5551
5550
5549
5549
5548
5547
5545
5544
5543
5540
5539
5537
5536
5535
5533
5532
5532
5531
5530
5527
5526
5525
5525
5525
5523
5521
5521
5520
5518
5517
5517
5513
5512
5512
5511
5510
5510
5508
5508
5507
5505
5503
5501
5498
5496
5494
5493
5493
5492
5491
5491
5490
5489
5489
5488
5487
5486
5486
5485
5485
5485
5484
5484
5483
5479
5478
5476
5476
5475
5475
5474
5474
5473
5472
5472
5471
5471
5469
5468
5467
5465
5464
5464
5464
5463
5463
5460
5459
5458
5457
5457
5456
5456
5456
5454
5453
5453
5453
5452
5451
5450
5450
5450
5448
5448
5447
5447
5446
5445
5444
5443
5442
5439
5439
5438
5437
5437
5436
5435
5434
5433
5433
5433
5431
5430
5429
5427
5427
5426
5426
5425
5425
5424
5422
5421
5421
5420
5420
5419
5419
5416
5415
5413
5413
5413
5413
5412
5411
5409
5409
5409
5407
5406
5406
5406
5406
5405
5405
5404
5402
5400
5397
5397
5396
5396
5395
5394
5394
5393
5391
5389
5389
5389
5386
5385
5384
5383
5383
5382
5382
5381
5380
5380
5379
5378
5378
5378
5376
5376
5376
5376
5375
5375
5372
5369
5368
5368
5368
5365
5364
5363
5361
5361
5360
5360
5358
5358
5357
5357
5357
5357
5356
5356
5354
5353
5353
5352
5352
5349
5349
5348
5346
5346
5345
5338
5338
5338
5337
5336
5334
5333
5332
5332
5331
5330
5327
5326
5326
5325
5325
5323
5323
5321
5320
5318
5317
5315
5314
5312
5310
5310
5308
5305
5304
5302
5301
5300
5298
5296
5294
5294
5292
5291
5290
5287
5285
5283
5283
5283
5283
5279
5279
5279
5278
5278
5277
5276
5275
5271
5271
5270
5270
5269
5267
5264
5263
5262
5262
5260
5260
5260
5259
5258
5258
5257
5257
5254
5252
5250
5247
5246
5246
5246
5246
5245
5244
5244
5242
5242
5241
5240
5240
5238
5237
5236
5236
5236
5235
5234
5234
5234
5230
5230
5230
5228
5227
5226
5224
5223
5222
5222
5221
5220
5218
5216
5215
5213
5213
5210
5206
5206
5206
5205
5203
5202
5198
5197
5197
5195
5193
5192
5191
5187
5186
5184
5184
5183
5183
5182
5182
5181
5179
5179
5179
5178
5178
5177
5177
5176
5175
5175
5172
5172
5168
5166
5166
5165
5165
5163
5160
5160
5158
5157
5156
5155
5153
5151
5149
5147
5144
5144
5143
5142
5141
5141
5141
5140
5138
5138
5137
5134
5133
5131
5131
5130
5129
5128
5127
5127
5126
5124
5123
5122
5122
5119
5119
5118
5117
5117
5116
5115
5112
5111
5109
5109
5106
5106
5103
5103
5102
5102
5102
5100
5097
5097
5096
5096
5095
5094
5090
5090
5086
5085
5082
5081
5080
5079
5077
5077
5073
5073
5072
5071
5070
5070
5070
5068
5067
5066
5064
5063
5062
5061
5061
5061
5060
5060
5059
5059
5055
5054
5053
5053
5052
5052
5051
5051
5048
5048
5047
5047
5046
5044
5044
5041
5040
5040
5039
5039
5038
5037
5033
5032
5031
5030
5029
5029
5028
5024
5024
5024
5023
5021
5020
5019
5018
5018
5017
5015
5013
5011
5010
5008
5007
5006
5006
5005
5005
5005
5002
5001
5001
5000
4999
4999
4997
4997
4997
4996
4995
4995
4994
4990
4988
4988
4987
4986
4985
4985
4984
4982
4982
4982
4981
4979
4978
4975
4975
4975
4974
4973
4969
4969
4968
4967
4965
4965
4965
4963
4962
4959
4957
4957
4956
4955
4955
4954
4948
4947
4946
4946
4946
4945
4945
4945
4945
4943
4942
4941
4939
4936
4936
4935
4935
4934
4933
4932
4929
4927
4927
4926
4924
4924
4924
4923
4922
4922
4921
4919
4919
4918
4918
4915
4915
4914
4913
4910
4908
4906
4906
4902
4902
4902
4900
4898
4898
4898
4897
4896
4896
4894
4891
4890
4889
4889
4888
4888
4887
4884
4883
4883
4880
4875
4873
4872
4871
4871
4870
4869
4869
4868
4868
4868
4868
4867
4865
4865
4863
4861
4861
4859
4858
4858
4858
4857
4857
4856
4854
4853
4851
4850
4849
4849
4848
4848
4846
4845
4844
4844
4840
4839
4839
4839
4839
4838
4835
4834
4834
4834
4832
4831
4831
4830
4830
4828
4827
4827
4827
4826
4826
4825
4825
4824
4824
4823
4822
4821
4820
4819
4818
4818
4817
4816
4815
4815
4815
4815
4814
4812
4811
4811
4810
4809
4808
4806
4806
4804
4802
4801
4801
4801
4800
4800
4799
4796
4795
4795
4795
4795
4794
4792
4792
4792
4791
4791
4791
4785
4784
4784
4783
4782
4782
4781
4781
4780
4779
4778
4777
4776
4775
4775
4775
4774
4773
4772
4772
4771
4771
4769
4768
4768
4767
4767
4767
4766
4765
4765
4763
4763
4762
4760
4759
4759
4758
4758
4756
4755
4755
4754
4754
4752
4752
4747
4747
4745
4743
4743
4743
4742
4740
4740
4739
4739
4739
4738
4737
4736
4736
4736
4735
4733
4733
4731
4730
4728
4728
4728
4727
4723
4719
4716
4715
4714
4712
4711
4710
4710
4709
4705
4702
4702
4700
4698
4698
4698
4696
4694
4693
4693
4693
4692
4692
4690
4690
4690
4690
4690
4688
4686
4685
4684
4684
4683
4683
4681
4680
4679
4679
4677
4677
4674
4670
4667
4667
4666
4666
4666
4664
4662
4660
4658
4656
4653
4652
4651
4649
4649
4649
4648
4648
4648
4648
4648
4647
4647
4644
4644
4642
4641
4639
4635
4634
4630
4629
4628
4628
4626
4626
4626
4625
4624
4624
4622
4621
4621
4618
4615
4612
4611
4611
4610
4610
4610
4606
4606
4606
4605
4604
4602
4602
4602
4602
4601
4600
4600
4597
4597
4597
4596
4594
4594
4592
4592
4591
4591
4590
4590
4590
4589
4585
4585
4583
4581
4580
4578
4578
4575
4575
4573
4573
4573
4572
4572
4571
4569
4567
4565
4562
4562
4560
4560
4559
4559
4559
4551
4550
4549
4548
4548
4547
4545
4543
4542
4539
4537
4536
4536
4535
4535
4535
4534
4533
4533
4532
4532
4531
4530
4529
4526
4526
4526
4523
4520
4519
4519
4518
4518
4516
4516
4515
4514
4512
4512
4508
4508
4505
4503
4503
4503
4502
4500
4500
4499
4497
4497
4496
4495
4493
4493
4491
4491
4490
4488
4485
4484
4484
4484
4483
4483
4481
4479
4477
4475
4472
4471
4471
4471
4471
4470
4468
4468
4467
4467
4466
4466
4465
4464
4463
4461
4460
4459
4459
4458
4456
4455
4454
4454
4452
4451
4451
4450
4450
4449
4449
4448
4447
4447
4447
4446
4445
4444
4443
4442
4441
4437
4437
4437
4436
4433
4432
4431
4430
4428
4427
4427
4426
4426
4425
4424
4424
4424
4421
4420
4418
4418
4418
4417
4416
4412
4408
4406
4406
4406
4406
4403
4402
4402
4401
4400
4398
4398
4398
4396
4395
4395
4395
4394
4394
4393
4392
4391
4391
4391
4388
4388
4388
4386
4384
4384
4384
4383
4382
4381
4381
4378
4378
4378
4377
4376
4376
4376
4375
4374
4373
4373
4372
4370
4368
4368
4367
4366
4363
4362
4362
4361
4360
4359
4359
4359
4355
4353
4351
4350
4350
4350
4350
4349
4348
4347
4346
4345
4344
4343
4342
4342
4339
4339
4339
4338
4337
4336
4336
4335
4335
4335
4334
4333
4332
4332
4331
4330
4330
4329
4329
4328
4328
4328
4327
4325
4323
4322
4322
4322
4321
4321
4320
4319
4318
4318
4317
4317
4315
4315
4314
4314
4314
4314
4313
4312
4312
4311
4311
4311
4310
4310
4308
4307
4305
4304
4303
4302
4301
4301
4300
4299
4298
4298
4297
4296
4296
4292
4292
4290
4290
4288
4287
4287
4285
4282
4281
4281
4281
4280
4280
4280
4279
4276
4276
4275
4275
4275
4273
4272
4272
4271
4269
4269
4269
4267
4267
4265
4262
4262
4260
4257
4257
4254
4253
4252
4251
4249
4249
4248
4247
4245
4245
4244
4242
4241
4238
4237
4235
4235
4234
4234
4230
4230
4229
4228
4226
4225
4224
4224
4221
4220
4220
4219
4217
4215
4215
4212
4210
4209
4207
4206
4205
4204
4203
4199
4196
4194
4194
4193
4193
4193
4193
4192
4192
4190
4190
4189
4187
4186
4186
4186
4186
4185
4183
4183
4182
4181
4180
4178
4177
4174
4173
4172
4171
4171
4171
4167
4166
4166
4166
4165
4165
4165
4163
4163
4162
4161
4160
4155
4155
4153
4153
4151
4151
4149
4148
4148
4147
4146
4146
4145
4144
4144
4141
4140
4137
4134
4134
4133
4133
4131
4128
4128
4124
4124
4124
4123
4122
4122
4121
4119
4118
4117
4115
4115
4115
4114
4114
4114
4114
4113
4113
4111
4111
4109
4107
4105
4105
4105
4104
4104
4103
4102
4101
4100
4095
4094
4094
4094
4091
4090
4090
4088
4086
4086
4084
4083
4082
4081
4080
4079
4075
4075
4074
4074
4072
4072
4072
4071
4069
4068
4063
4062
4061
4058
4054
4053
4053
4052
4052
4052
4051
4050
4050
4050
4050
4049
4049
4048
4044
4042
4037
4035
4034
4032
4032
4032
4030
4030
4029
4029
4028
4028
4027
4025
4024
4023
4019
4019
4016
4016
4014
4013
4013
4013
4012
4010
4010
4007
4007
4006
4006
4005
4005
4004
4000
4000
3998
3998
3998
3997
3997
3996
3994
3991
3990
3989
3987
3986
3985
3984
3984
3982
3981
3981
3981
3978
3976
3976
3975
3975
3974
3974
3973
3972
3972
3971
3970
3970
3969
3967
3967
3965
3963
3962
3961
3961
3961
3961
3959
3958
3956
3955
3953
3952
3950
3949
3949
3948
3946
3946
3945
3944
3943
3942
3941
3940
3938
3935
3933
3932
3929
3927
3927
3926
3925
3925
3924
3924
3923
3923
3920
3919
3919
3919
3917
3916
3915
3915
3913
3911
3907
3907
3906
3906
3904
3904
3904
3903
3901
3899
3899
3898
3897
3897
3896
3894
3893
3893
3893
3892
3890
3886
3886
3885
3884
3884
3884
3883
3883
3883
3882
3882
3881
3881
3881
3880
3880
3880
3879
3878
3877
3876
3876
3875
3874
3873
3873
3873
3871
3871
3868
3867
3867
3866
3866
3863
3860
3859
3859
3859
3858
3856
3853
3849
3848
3847
3845
3845
3843
3843
3842
3841
3841
3840
3840
3838
3835
3833
3833
3832
3832
3832
3831
3831
3831
3829
3829
3829
3828
3827
3827
3827
3825
3823
3820
3818
3818
3817
3816
3816
3815
3808
3805
3803
3802
3801
3800
3800
3798
3798
3797
3797
3796
3794
3794
3792
3792
3791
3791
3790
3789
3787
3786
3786
3785
3785
3783
3782
3780
3779
3779
3777
3776
3773
3773
3773
3771
3771
3771
3770
3770
3768
3767
3765
3764
3763
3762
3762
3761
3760
3760
3759
3759
3759
3758
3757
3756
3756
3755
3755
3753
3752
3751
3751
3751
3751
3750
3749
3748
3748
3748
3747
3746
3746
3746
3745
3743
3741
3739
3739
3738
3735
3734
3732
3732
3732
3731
3730
3730
3730
3729
3728
3726
3726
3726
3725
3725
3721
3721
3721
3721
3720
3718
3717
3716
3714
3714
3712
3711
3709
3706
3706
3705
3704
3702
3701
3700
3700
3699
3699
3698
3697
3697
3697
3697
3696
3695
3693
3692
3692
3691
3689
3688
3687
3686
3685
3684
3683
3681
3681
3680
3680
3679
3679
3678
3677
3676
3676
3674
3673
3672
3670
3669
3667
3665
3664
3664
3662
3661
3660
3657
3656
3656
3656
3655
3655
3653
3653
3651
3651
3648
3647
3646
3646
3646
3644
3643
3642
3642
3642
3641
3640
3637
3637
3636
3631
3630
3630
3627
3626
3625
3624
3623
3621
3620
3617
3616
3616
3616
3613
3613
3612
3610
3609
3606
3605
3603
3598
3598
3598
3597
3597
3597
3595
3595
3594
3594
3592
3589
3588
3588
3587
3586
3585
3582
3581
3581
3580
3580
3580
3580
3579
3578
3578
3577
3576
3576
3574
3573
3572
3572
3571
3569
3567
3567
3565
3561
3561
3560
3560
3560
3559
3559
3558
3557
3555
3555
3554
3554
3553
3553
3553
3553
3551
3551
3549
3549
3548
3548
3547
3546
3542
3541
3540
3539
3537
3537
3535
3535
3533
3531
3531
3531
3529
3528
3525
3525
3523
3522
3522
3522
3521
3521
3520
3518
3518
3518
3518
3516
3516
3515
3514
3514
3514
3513
3511
3510
3509
3508
3506
3504
3503
3501
3500
3500
3500
3499
3497
3497
3496
3496
3495
3494
3493
3493
3492
3490
3490
3488
3487
3486
3485
3483
3483
3482
3477
3475
3475
3474
3473
3472
3472
3470
3469
3469
3468
3466
3462
3462
3462
3461
3461
3460
3460
3460
3459
3458
3457
3455
3451
3451
3451
3450
3449
3449
3449
3448
3448
3447
3446
3446
3445
3444
3444
3441
3441
3439
3439
3437
3436
3436
3435
3435
3434
3432
3431
3431
3427
3427
3427
3427
3427
3427
3425
3424
3419
3419
3419
3416
3415
3414
3414
3414
3413
3412
3411
3410
3410
3410
3407
3407
3407
3406
3406
3405
3405
3404
3404
3403
3402
3401
3401
3401
3399
3395
3395
3394
3393
3392
3392
3391
3390
3390
3389
3387
3386
3386
3386
3386
3384
3383
3383
3382
3382
3382
3381
3380
3378
3376
3376
3375
3374
3373
3372
3372
3371
3370
3370
3369
3368
3367
3367
3366
3365
3362
3361
3360
3359
3359
3357
3356
3355
3355
3353
3351
3348
3347
3346
3346
3346
3342
3342
3341
3341
3339
3339
3338
3337
3337
3336
3335
3334
3333
3333
3332
3332
3331
3329
3328
3327
3327
3326
3324
3323
3322
3321
3320
3320
3319
3319
3316
3316
3312
3310
3308
3308
3308
3306
3306
3306
3306
3305
3304
3303
3302
3302
3301
3300
3299
3299
3299
3298
3298
3296
3293
3293
3293
3293
3291
3291
3291
3291
3290
3289
3287
3287
3285
3285
3285
3282
3280
3276
3273
3273
3272
3272
3272
3269
3268
3268
3267
3266
3265
3265
3264
3264
3262
3262
3261
3258
3258
3257
3255
3255
3254
3254
3253
3252
3252
3250
3250
3249
3248
3248
3247
3247
3246
3244
3243
3241
3240
3240
3239
3239
3236
3234
3233
3232
3231
3231
3231
3230
3229
3228
3226
3226
3225
3224
3222
3222
3221
3220
3220
3220
3220
3218
3217
3216
3213
3209
3208
3207
3207
3206
3206
3205
3203
3198
3198
3198
3197
3197
3197
3197
3196
3194
3193
3193
3191
3190
3190
3186
3185
3185
3184
3184
3183
3182
3181
3180
3178
3178
3178
3177
3176
3174
3173
3173
3173
3172
3168
3166
3165
3165
3164
3161
3161
3157
3157
3157
3156
3156
3155
3153
3151
3150
3150
3149
3148
3148
3147
3146
3146
3144
3143
3142
3142
3141
3141
3140
3140
3139
3138
3137
3137
3136
3136
3136
3136
3135
3131
3129
3128
3128
3128
3127
3126
3125
3122
3122
3122
3120
3120
3119
3119
3118
3117
3115
3114
3114
3113
3110
3110
3109
3107
3106
3106
3105
3105
3105
3103
3101
3100
3099
3098
3098
3096
3095
3095
3093
3093
3092
3092
3091
3090
3090
3089
3089
3087
3085
3082
3081
3081
3080
3079
3079
3077
3077
3076
3075
3075
3075
3075
3074
3074
3073
3073
3070
3069
3068
3067
3065
3065
3064
3064
3063
3062
3062
3060
3060
3058
3058
3057
3057
3056
3055
3055
3055
3054
3053
3053
3052
3052
3052
3051
3050
3050
3050
3049
3049
3049
3048
3048
3046
3045
3044
3043
3043
3042
3042
3042
3039
3039
3038
3037
3037
3037
3037
3036
3033
3031
3030
3030
3026
3026
3025
3024
3023
3019
3019
3018
3017
3017
3017
3015
3015
3014
3013
3013
3012
3011
3011
3011
3011
3010
3010
3009
3009
3008
3008
3008
3005
3004
3004
3004
3003
3001
2997
2994
2993
2992
2992
2992
2990
2989
2989
2989
2988
2988
2986
2985
2985
2982
2982
2980
2980
2980
2980
2980
2977
2977
2977
2975
2973
2973
2972
2971
2969
2968
2967
2967
2967
2966
2966
2966
2962
2960
2960
2959
2958
2958
2956
2956
2956
2955
2954
2952
2952
2951
2951
2951
2949
2948
2948
2945
2944
2944
2942
2941
2938
2938
2938
2937
2937
2936
2935
2934
2933
2933
2932
2932
2930
2929
2929
2928
2927
2925
2923
2923
2922
2922
2921
2920
2919
2919
2919
2918
2918
2917
2917
2917
2916
2916
2915
2913
2913
2912
2912
2911
2911
2910
2910
2910
2909
2909
2909
2907
2907
2906
2906
2906
2905
2903
2903
2901
2899
2894
2893
2892
2892
2892
2888
2886
2885
2884
2883
2881
2881
2881
2881
2881
2880
2879
2879
2878
2877
2877
2877
2875
2875
2874
2873
2872
2871
2871
2869
2869
2867
2867
2866
2866
2865
2865
2865
2863
2863
2862
2862
2859
2858
2858
2858
2857
2857
2855
2855
2854
2854
2852
2852
2850
2850
2850
2850
2848
2845
2845
2843
2842
2842
2841
2840
2839
2839
2836
2833
2832
2830
2828
2827
2827
2825
2822
2822
2821
2820
2820
2820
2819
2818
2817
2815
2815
2814
2814
2813
2813
2810
2808
2807
2807
2806
2805
2804
2804
2804
2803
2802
2801
2801
2799
2799
2798
2798
2797
2797
2796
2796
2794
2794
2787
2786
2786
2786
2783
2782
2782
2782
2782
2781
2781
2779
2778
2777
2777
2777
2777
2776
2775
2774
2773
2772
2772
2771
2771
2770
2769
2769
2769
2768
2767
2767
2766
2765
2764
2762
2762
2762
2761
2760
2759
2758
2757
2755
2754
2754
2753
2753
2752
2752
2748
2747
2747
2745
2744
2743
2743
2743
2743
2743
2742
2740
2740
2738
2736
2736
2733
2733
2732
2729
2729
2728
2727
2727
2725
2724
2723
2720
2719
2718
2718
2717
2716
2715
2714
2714
2714
2713
2713
2712
2712
2712
2712
2711
2711
2710
2708
2707
2707
2706
2702
2702
2701
2700
2700
2698
2696
2692
2691
2691
2691
2690
2690
2688
2686
2686
2683
2682
2682
2680
2679
2678
2677
2677
2676
2676
2675
2672
2671
2671
2667
2666
2665
2663
2660
2658
2658
2657
2656
2654
2653
2653
2653
2652
2651
2651
2650
2650
2650
2647
2647
2646
2645
2643
2642
2642
2640
2638
2636
2635
2635
2634
2633
2633
2631
2630
2630
2630
2629
2629
2629
2628
2628
2625
2624
2624
2618
2617
2614
2614
2611
2608
2608
2606
2606
2605
2605
2602
2601
2600
2600
2598
2596
2593
2593
2592
2592
2591
2590
2590
2589
2588
2588
2587
2587
2585
2585
2584
2583
2583
2582
2581
2580
2579
2578
2578
2577
2577
2577
2577
2577
2576
2576
2576
2575
2572
2570
2569
2567
2567
2566
2566
2566
2566
2565
2565
2564
2562
2561
2561
2559
2556
2555
2555
2552
2551
2550
2550
2550
2549
2548
2547
2546
2545
2545
2543
2543
2542
2542
2540
2537
2536
2536
2535
2535
2534
2529
2529
2529
2529
2528
2526
2526
2525
2525
2524
2521
2519
2518
2518
2518
2516
2516
2515
2515
2512
2512
2510
2510
2510
2509
2506
2506
2506
2503
2502
2501
2500
2500
2500
2499
2498
2496
2495
2494
2494
2494
2494
2494
2493
2491
2489
2489
2488
2486
2485
2484
2482
2481
2479
2478
2478
2478
2477
2476
2476
2476
2475
2473
2470
2469
2468
2467
2466
2465
2464
2463
2462
2460
2460
2459
2458
2458
2457
2457
2456
2455
2455
2454
2452
2452
2451
2449
2449
2448
2447
2446
2444
2444
2444
2444
2444
2443
2443
2442
2441
2439
2438
2438
2437
2432
2431
2430
2429
2428
2422
2422
2422
2420
2419
2415
2415
2413
2411
2410
2408
2407
2406
2405
2404
2403
2402
2402
2402
2402
2401
2400
2400
2396
2396
2394
2394
2394
2391
2390
2390
2387
2385
2384
2382
2382
2380
2377
2376
2374
2373
2372
2369
2368
2368
2368
2367
2366
2364
2364
2363
2362
2360
2358
2358
2357
2356
2356
2355
2355
2354
2353
2353
2351
2350
2349
2349
2348
2348
2348
2348
2347
2346
2346
2341
2339
2337
2337
2336
2336
2332
2328
2328
2327
2327
2326
2326
2325
2325
2325
2324
2324
2324
2324
2323
2321
2320
2320
2319
2316
2316
2315
2313
2313
2312
2311
2311
2310
2310
2310
2310
2309
2307
2307
2306
2304
2303
2301
2301
2301
2301
2300
2300
2296
2296
2294
2292
2292
2291
2290
2289
2289
2288
2287
2287
2287
2285
2284
2284
2282
2280
2278
2278
2278
2277
2277
2277
2277
2277
2276
2276
2275
2275
2275
2275
2272
2272
2271
2271
2270
2269
2265
2264
2264
2263
2263
2262
2260
2260
2257
2255
2255
2255
2253
2253
2253
2252
2252
2251
2250
2249
2249
2246
2245
2242
2241
2240
2240
2239
2239
2238
2237
2237
2237
2236
2234
2232
2231
2231
2229
2228
2227
2226
2221
2221
2219
2219
2218
2217
2217
2217
2216
2214
2214
2214
2212
2209
2208
2208
2207
2207
2206
2206
2206
2205
2204
2203
2201
2196
2194
2192
2192
2190
2190
2190
2189
2189
2188
2188
2188
2187
2185
2185
2185
2185
2185
2185
2184
2181
2181
2180
2180
2179
2178
2174
2173
2173
2172
2171
2170
2170
2169
2167
2167
2166
2166
2165
2165
2163
2162
2162
2159
2158
2157
2155
2154
2153
2152
2152
2152
2151
2145
2144
2141
2139
2138
2138
2137
2137
2137
2137
2135
2134
2133
2133
2132
2132
2132
2131
2130
2128
2127
2126
2126
2126
2125
2125
2125
2118
2118
2117
2116
2116
2116
2115
2114
2114
2113
2113
2111
2111
2110
2110
2108
2106
2106
2106
2105
2104
2103
2100
2099
2093
2093
2091
2090
2089
2088
2086
2086
2086
2085
2085
2083
2083
2081
2080
2080
2077
2076
2075
2074
2073
2073
2072
2072
2072
2069
2069
2069
2069
2066
2065
2065
2063
2062
2062
2062
2062
2061
2060
2060
2057
2057
2056
2055
2055
2055
2054
2052
2051
2047
2046
2045
2045
2043
2042
2042
2041
2040
2040
2039
2038
2037
2037
2037
2037
2036
2035
2033
2031
2031
2031
2030
2028
2028
2026
2024
2024
2023
2023
2023
2022
2021
2018
2018
2016
2016
2014
2012
2011
2011
2010
2007
2007
2003
2003
2002
2002
2001
1997
1997
1997
1997
1996
1995
1994
1994
1994
1994
1993
1992
1992
1991
1991
1990
1989
1988
1988
1988
1988
1988
1988
1987
1987
1986
1985
1984
1983
1982
1982
1980
1980
1980
1977
1977
1976
1972
1972
1971
1968
1968
1967
1966
1963
1961
1959
1959
1959
1958
1956
1955
1954
1953
1952
1950
1949
1946
1945
1945
1944
1943
1942
1942
1942
1940
1940
1938
1937
1937
1936
1936
1935
1934
1934
1932
1932
1931
1927
1927
1927
1927
1926
1926
1926
1925
1925
1923
1921
1921
1921
1921
1920
1920
1920
1919
1918
1918
1917
1916
1915
1915
1914
1913
1913
1911
1911
1910
1909
1908
1907
1906
1905
1905
1905
1905
1905
1903
1902
1900
1898
1897
1897
1895
1895
1893
1893
1892
1891
1890
1890
1890
1890
1889
1888
1887
1886
1884
1884
1883
1883
1882
1882
1880
1879
1879
1878
1878
1877
1875
1874
1874
1873
1872
1872
1872
1870
1868
1867
1866
1865
1864
1864
1864
1863
1860
1859
1859
1859
1858
1858
1857
1857
1857
1856
1856
1854
1854
1853
1851
1850
1849
1847
1847
1847
1846
1846
1846
1844
1842
1840
1840
1840
1839
1839
1838
1837
1836
1836
1835
1834
1834
1833
1833
1832
1831
1829
1828
1827
1826
1825
1823
1823
1822
1821
1820
1819
1819
1819
1817
1817
1816
1815
1815
1815
1814
1814
1814
1812
1811
1811
1809
1809
1808
1808
1808
1807
1804
1804
1802
1801
1800
1800
1794
1793
1791
1791
1791
1791
1790
1790
1790
1787
1786
1784
1783
1782
1782
1782
1780
1779
1778
1778
1777
1776
1774
1774
1771
1771
1770
1769
1769
1768
1767
1763
1762
1761
1758
1757
1756
1756
1755
1754
1754
1754
1753
1753
1753
1752
1751
1750
1748
1746
1746
1745
1744
1744
1741
1741
1741
1735
1735
1735
1734
1733
1731
1730
1730
1729
1728
1724
1724
1723
1722
1722
1722
1722
1719
1716
1716
1715
1714
1714
1713
1712
1712
1710
1709
1709
1705
1705
1703
1703
1701
1701
1701
1699
1698
1698
1698
1697
1696
1696
1694
1693
1691
1690
1690
1690
1689
1689
1688
1687
1686
1686
1686
1686
1684
1684
1683
1683
1681
1681
1679
1678
1677
1675
1675
1674
1674
1673
1673
1671
1669
1668
1666
1664
1664
1664
1663
1662
1659
1655
1654
1654
1654
1653
1651
1651
1650
1648
1648
1647
1647
1646
1645
1643
1639
1639
1638
1638
1636
1635
1634
1633
1632
1632
1631
1631
1630
1629
1627
1626
1626
1625
1625
1625
1623
1622
1621
1619
1618
1616
1615
1612
1611
1611
1610
1610
1609
1608
1608
1608
1606
1605
1604
1604
1603
1601
1601
1601
1601
1598
1598
1598
1596
1594
1594
1593
1593
1591
1591
1590
1590
1589
1587
1585
1583
1579
1578
1578
1578
1577
1574
1574
1572
1572
1572
1569
1569
1569
1568
1568
1567
1565
1565
1564
1561
1560
1558
1558
1557
1556
1554
1553
1553
1552
1551
1549
1548
1548
1547
1545
1543
1540
1539
1539
1537
1537
1536
1535
1533
1532
1531
1530
1529
1528
1528
1526
1526
1524
1523
1522
1522
1522
1520
1519
1519
1519
1519
1518
1517
1517
1517
1516
1516
1515
1514
1512
1511
1510
1508
1508
1508
1507
1504
1503
1500
1499
1494
1494
1494
1492
1489
1489
1489
1482
1481
1478
1474
1473
1472
1471
1470
1470
1470
1470
1469
1468
1467
1466
1465
1464
1463
1462
1462
1461
1461
1460
1460
1458
1458
1457
1456
1454
1451
1449
1449
1449
1447
1447
1447
1447
1447
1445
1445
1443
1442
1441
1441
1438
1437
1437
1436
1436
1436
1435
1427
1427
1426
1425
1425
1424
1422
1422
1421
1420
1419
1417
1416
1415
1415
1412
1411
1411
1409
1406
1405
1404
1403
1403
1403
1402
1402
1402
1401
1401
1399
1399
1399
1398
1397
1396
1396
1395
1394
1394
1393
1393
1392
1391
1384
1383
1382
1381
1381
1381
1379
1377
1374
1372
1372
1369
1369
1368
1367
1364
1364
1363
1361
1361
1360
1356
1355
1354
1351
1350
1350
1348
1348
1347
1345
1342
1338
1338
1336
1335
1334
1334
1334
1333
1330
1329
1328
1327
1327
1326
1324
1322
1319
1318
1317
1315
1314
1314
1313
1312
1310
1310
1308
1308
1308
1306
1305
1305
1304
1304
1304
1304
1303
1302
1302
1301
1297
1297
1296
1295
1292
1292
1292
1292
1290
1290
1288
1286
1285
1284
1282
1282
1281
1281
1281
1280
1280
1278
1277
1276
1275
1274
1273
1273
1273
1271
1271
1270
1268
1267
1265
1264
1263
1262
1262
1262
1260
1260
1260
1259
1259
1259
1257
1255
1255
1251
1248
1247
1247
1246
1244
1244
1243
1243
1243
1240
1240
1239
1238
1237
1235
1234
1234
1234
1233
1232
1232
1230
1230
1230
1227
1226
1226
1226
1225
1225
1224
1223
1223
1222
1222
1221
1220
1220
1216
1215
1214
1214
1213
1212
1212
1212
1209
1207
1206
1205
1201
1197
1196
1195
1194
1194
1193
1192
1191
1191
1190
1189
1189
1189
1187
1187
1185
1185
1185
1184
1182
1182
1182
1181
1181
1179
1178
1178
1177
1177
1176
1174
1174
1174
1174
1173
1173
1173
1172
1171
1171
1171
1170
1169
1168
1166
1165
1165
1164
1164
1162
1162
1158
1156
1155
1155
1154
1154
1154
1152
1150
1148
1147
1146
1146
1146
1144
1142
1141
1139
1139
1139
1139
1138
1138
1137
1137
1136
1136
1136
1136
1135
1135
1134
1133
1132
1132
1132
1131
1131
1130
1127
1125
1125
1124
1123
1123
1121
1120
1118
1118
1117
1115
1115
1114
1112
1111
1111
1111
1108
1108
1105
1104
1104
1104
1103
1103
1101
1100
1100
1099
1099
1099
1098
1098
1098
1097
1097
1095
1095
1095
1094
1093
1092
1092
1092
1091
1090
1089
1089
1088
1088
1088
1085
1085
1082
1081
1081
1080
1079
1077
1077
1077
1075
1074
1073
1072
1072
1070
1070
1068
1067
1065
1064
1064
1064
1064
1063
1062
1062
1061
1060
1059
1059
1058
1058
1055
1054
1054
1054
1054
1052
1052
1051
1051
1050
1050
1049
1049
1049
1047
1046
1045
1045
1045
1043
1042
1042
1041
1041
1040
1039
1037
1036
1035
1034
1033
1031
1030
1028
1027
1026
1026
1025
1024
1024
1024
1023
1022
1022
1020
1020
1019
1017
1017
1015
1015
1014
1013
1010
1008
1008
1008
1008
1006
1005
1002
1002
1001
1000
1000
999
999
999
999
998
998
997
997
996
995
995
994
992
991
991
988
987
983
982
982
982
982
981
981
980
977
976
975
969
968
966
966
966
966
964
960
958
957
957
955
955
954
954
954
954
953
950
950
950
949
948
946
941
941
938
938
938
937
936
934
933
933
933
931
931
929
929
928
925
924
922
919
918
917
917
916
916
912
911
911
911
911
910
910
909
909
908
907
907
906
905
903
903
902
902
901
900
899
897
894
893
893
893
893
892
891
890
888
887
887
887
887
887
885
884
883
883
881
881
878
877
875
875
875
873
870
870
870
868
867
866
865
864
862
861
860
860
860
858
858
856
856
854
853
852
851
851
848
846
846
845
843
842
841
841
840
838
838
838
837
836
836
834
833
832
830
829
829
828
828
827
826
825
825
824
823
823
822
820
819
819
818
817
815
815
814
813
809
809
808
807
804
804
804
803
802
801
801
800
800
800
799
799
799
798
798
795
795
794
794
793
789
787
785
784
782
781
778
777
774
772
772
771
771
770
770
768
766
765
765
764
764
761
761
758
757
756
754
751
750
749
748
748
748
747
746
745
743
742
742
741
740
739
738
738
736
736
733
731
731
730
728
728
728
728
727
724
723
721
721
721
721
721
720
720
719
717
717
716
716
715
714
712
710
710
706
706
706
705
705
705
704
700
699
698
697
697
696
696
695
695
693
691
691
689
689
688
688
687
687
686
683
683
682
681
680
678
678
676
675
673
670
669
669
668
667
666
664
663
662
661
659
657
657
656
655
654
654
654
653
651
651
649
649
647
644
642
640
640
639
639
636
635
635
634
633
632
631
630
630
628
627
626
625
624
623
622
622
620
619
618
616
616
615
613
612
612
611
610
609
608
601
600
600
600
599
599
595
595
591
591
588
587
587
587
586
586
585
585
585
584
584
584
580
580
578
578
577
577
576
576
575
574
569
567
567
566
566
565
565
565
565
565
561
561
561
558
556
556
556
555
555
554
553
553
553
550
549
547
545
545
545
544
543
542
541
541
539
536
535
535
534
534
534
533
530
530
529
529
529
529
528
527
526
524
524
523
522
521
520
519
519
519
519
519
518
518
517
517
516
516
514
512
512
512
511
511
509
508
508
505
505
504
504
502
502
499
499
499
493
493
493
493
492
492
492
491
491
491
491
490
489
488
488
488
487
486
485
484
482
482
482
481
480
479
479
477
474
473
472
470
470
468
468
466
466
465
464
464
463
462
462
462
461
461
461
459
457
455
455
454
453
453
453
450
450
448
448
447
447
444
440
440
440
439
438
438
437
435
434
434
434
432
432
431
428
428
427
426
426
424
424
424
424
423
423
422
422
421
420
419
419
418
417
416
416
415
415
415
410
408
407
406
406
405
403
403
403
403
402
401
400
399
399
399
398
398
395
393
393
393
392
391
390
390
389
388
387
385
382
382
380
379
379
379
379
378
377
377
375
374
373
372
372
370
370
369
369
369
368
368
368
367
366
366
365
363
363
363
362
362
362
361
360
355
354
354
354
352
349
349
348
346
345
344
343
343
342
342
342
341
341
340
336
336
334
333
333
332
330
330
330
329
329
326
325
325
324
323
321
320
320
319
319
318
318
318
317
316
315
314
313
312
312
312
311
309
308
308
308
307
307
307
305
304
303
299
299
298
298
298
297
297
296
295
294
294
292
286
284
280
279
279
278
277
277
276
275
274
273
272
269
269
266
266
262
260
260
260
260
258
256
255
255
254
252
249
249
248
247
246
245
244
243
243
242
242
241
239
238
238
235
233
233
233
233
232
231
230
227
225
225
224
224
224
222
221
220
215
214
212
212
207
207
206
205
205
204
202
200
198
196
195
194
193
193
193
193
190
189
187
187
186
183
183
181
180
179
178
175
175
174
174
168
167
163
162
162
161
161
160
160
159
158
157
157
157
155
153
151
148
148
147
147
147
146
145
143
142
140
140
140
139
139
137
136
133
131
131
130
129
128
127
127
125
125
125
123
123
121
120
118
116
115
115
114
113
112
111
110
110
110
108
107
106
106
106
104
102
101
101
97
97
96
96
95
93
91
90
90
89
89
87
86
82
80
79
77
76
76
75
74
73
73
73
72
71
71
68
67
67
65
64
64
64
63
61
61
60
60
60
59
58
58
57
56
55
51
49
49
49
48
48
41
41
40
39
39
38
37
36
36
35
35
35
34
34
34
32
32
29
28
27
26
25
25
24
24
21
21
15
14
13
13
13
13
12
11
9
8
7
4
4
3
1
1
1
