9999
9997
9996
9994
9992
9991
9990
9989
9987
9984
9984
9983
9981
9979
9978
9978
9975
9975
9973
9972
9972
9971
9971
9970
9969
9968
9964
9964
9964
9963
9963
9961
9961
9959
9959
9959
9958
9958
9958
9956
9955
9955
9952
9951
9950
9947
9946
9945
9945
9944
9942
9941
9940
9939
9937
9937
9937
9937
9935
9934
9931
9931
9929
9926
9924
9924
9922
9922
9922
9921
9921
9920
9920
9919
9919
9918
9918
9918
9917
9917
9916
9915
9913
9912
9909
9909
9907
9905
9902
9900
9900
9899
9899
9898
9896
9894
9894
9893
9893
9892
9891
9891
9888
9888
9885
9885
9883
9883
9880
9880
9879
9879
9879
9877
9873
9873
9873
9872
9870
9869
9869
9865
9864
9863
9861
9860
9856
9855
9853
9853
9851
9850
9849
9848
9847
9846
9846
9846
9845
9845
9845
9845
9843
9843
9843
9843
9842
9841
9840
9840
9839
9839
9838
9838
9837
9836
9834
9834
9834
9832
9828
9828
9828
9826
9824
9818
9817
9817
9816
9815
9813
9813
9813
9811
9811
9809
9809
9808
9806
9805
9802
9802
9802
9802
9801
9800
9799
9798
9797
9796
9793
9791
9790
9790
9790
9789
9789
9788
9785
9783
9783
9781
9780
9779
9779
9777
9777
9775
9775
9773
9772
9772
9772
9772
9771
9771
9770
9770
9766
9766
9766
9763
9761
9761
9761
9760
9760
9760
9760
9759
9759
9758
9757
9756
9756
9755
9754
9751
9750
9750
9750
9749
9749
9748
9747
9747
9747
9746
9744
9744
9743
9743
9743
9743
9742
9741
9740
9739
9739
9739
9738
9736
9735
9733
9733
9732
9732
9731
9730
9727
9727
9727
9727
9726
9726
9725
9725
9725
9724
9724
9723
9723
9723
9721
9721
9720
9720
9719
9718
9718
9715
9713
9712
9710
9710
9708
9707
9705
9705
9700
9698
9694
9693
9693
9693
9691
9690
9690
9690
9689
9688
9686
9686
9685
9683
9682
9681
9680
9680
9679
9677
9677
9677
9677
9676
9676
9676
9676
9675
9675
9669
9668
9668
9667
9666
9665
9660
9660
9657
9656
9655
9654
9653
9652
9652
9652
9651
9651
9649
9647
9647
9647
9646
9646
9645
9645
9644
9644
9643
9642
9640
9639
9639
9638
9638
9638
9636
9635
9635
9632
9632
9630
9626
9625
9625
9623
9623
9622
9621
9621
9620
9620
9620
9617
9616
9616
9615
9615
9614
9614
9612
9612
9611
9611
9610
9610
9609
9607
9607
9603
9603
9602
9601
9601
9597
9592
9592
9592
9591
9591
9588
9586
9585
9584
9583
9583
9582
9579
9578
9578
9578
9578
9577
9575
9575
9574
9573
9572
9570
9569
9569
9569
9568
9566
9566
9566
9566
9564
9563
9563
9562
9561
9560
9558
9558
9558
9557
9557
9557
9555
9555
9554
9553
9552
9552
9552
9549
9548
9548
9548
9548
9546
9546
9546
9546
9545
9545
9544
9544
9543
9543
9541
9541
9540
9539
9537
9533
9533
9532
9531
9530
9530
9529
9529
9528
9528
9528
9527
9524
9523
9518
9517
9516
9516
9516
9516
9515
9515
9515
9515
9514
9514
9514
9512
9509
9508
9507
9507
9506
9506
9506
9506
9505
9503
9503
9502
9499
9499
9498
9498
9497
9497
9496
9494
9493
9491
9491
9491
9488
9488
9487
9484
9482
9481
9477
9476
9473
9473
9473
9473
9473
9470
9469
9469
9468
9465
9465
9463
9461
9460
9459
9459
9459
9458
9457
9456
9456
9456
9453
9452
9452
9451
9449
9447
9445
9445
9444
9444
9442
9442
9441
9441
9441
9440
9439
9438
9436
9435
9435
9432
9432
9432
9430
9428
9428
9427
9427
9426
9425
9425
9424
9423
9423
9423
9423
9423
9422
9421
9416
9416
9416
9413
9413
9412
9411
9411
9411
9408
9407
9406
9405
9404
9404
9404
9404
9400
9400
9400
9398
9398
9397
9396
9395
9395
9393
9392
9392
9390
9388
9387
9387
9387
9386
9386
9383
9381
9381
9380
9380
9379
9378
9378
9378
9374
9373
9373
9371
9370
9370
9368
9367
9367
9367
9366
9364
9364
9363
9363
9361
9357
9357
9356
9353
9353
9352
9352
9352
9351
9351
9350
9350
9347
9347
9346
9345
9343
9343
9342
9341
9341
9339
9337
9336
9335
9332
9329
9328
9326
9325
9322
9322
9320
9319
9318
9318
9317
9316
9316
9315
9315
9314
9314
9313
9312
9310
9309
9308
9307
9304
9304
9304
9303
9301
9300
9300
9299
9297
9296
9293
9293
9293
9292
9291
9291
9289
9286
9285
9284
9284
9283
9283
9283
9282
9280
9279
9279
9278
9278
9276
9276
9275
9275
9274
9274
9274
9273
9273
9273
9272
9270
9270
9268
9267
9264
9264
9263
9263
9263
9261
9260
9258
9258
9258
9256
9256
9252
9252
9252
9251
9250
9250
9244
9243
9243
9241
9241
9241
9240
9237
9237
9237
9235
9235
9234
9234
9234
9233
9233
9233
9232
9229
9228
9228
9227
9227
9224
9224
9223
9222
9218
9217
9215
9213
9211
9210
9209
9208
9208
9206
9206
9204
9204
9202
9200
9200
9199
9197
9196
9196
9195
9195
9193
9192
9190
9190
9189
9189
9189
9189
9188
9188
9180
9179
9179
9178
9178
9174
9173
9171
9171
9168
9168
9167
9167
9166
9166
9166
9165
9164
9163
9163
9162
9162
9157
9156
9154
9154
9152
9152
9149
9148
9148
9147
9147
9144
9142
9141
9139
9139
9138
9138
9137
9137
9137
9136
9134
9134
9133
9132
9132
9131
9129
9127
9125
9125
9122
9121
9119
9118
9116
9116
9114
9113
9108
9106
9105
9104
9103
9103
9099
9096
9096
9095
9094
9093
9093
9091
9091
9090
9089
9089
9088
9086
9083
9083
9083
9082
9082
9082
9082
9080
9080
9079
9079
9078
9077
9077
9077
9077
9076
9076
9074
9074
9072
9072
9072
9068
9067
9065
9064
9064
9063
9061
9060
9059
9059
9059
9058
9058
9057
9052
9051
9050
9049
9049
9048
9048
9045
9045
9045
9045
9044
9042
9041
9039
9039
9037
9037
9036
9035
9035
9034
9033
9033
9028
9028
9026
9024
9023
9021
9020
9018
9018
9017
9017
9016
9014
9014
9013
9012
9010
9009
9009
9008
9008
9006
9006
9005
9004
9003
9001
9001
8998
8997
8996
8995
8995
8995
8994
8990
8989
8989
8988
8988
8986
8985
8985
8984
8983
8981
8981
8980
8978
8976
8975
8973
8970
8970
8969
8968
8968
8966
8965
8964
8964
8963
8963
8962
8961
8961
8960
8960
8960
8959
8958
8957
8956
8955
8955
8954
8954
8952
8952
8951
8951
8950
8949
8948
8948
8948
8948
8947
8946
8945
8943
8943
8940
8940
8939
8936
8935
8934
8934
8933
8932
8932
8932
8931
8931
8930
8929
8929
8928
8928
8927
8927
8926
8925
8925
8924
8923
8923
8922
8921
8921
8920
8920
8920
8918
8918
8918
8917
8916
8914
8913
8913
8912
8911
8910
8909
8908
8907
8906
8905
8905
8904
8904
8904
8902
8902
8899
8897
8896
8895
8895
8895
8894
8890
8888
8887
8887
8886
8885
8885
8883
8882
8881
8881
8879
8879
8879
8877
8876
8876
8876
8875
8874
8874
8873
8872
8872
8870
8870
8868
8868
8867
8866
8865
8865
8865
8864
8863
8863
8862
8860
8859
8858
8857
8857
8856
8856
8855
8855
8854
8854
8854
8850
8850
8849
8848
8844
8842
8840
8840
8840
8840
8838
8838
8837
8837
8836
8836
8835
8835
8835
8834
8834
8833
8830
8827
8825
8824
8823
8822
8822
8818
8818
8817
8817
8817
8816
8816
8815
8814
8814
8811
8811
8810
8809
8808
8807
8807
8806
8806
8806
8804
8804
8803
8803
8803
8802
8802
8802
8801
8801
8801
8801
8800
8797
8796
8795
8794
8793
8793
8792
8791
8790
8789
8789
8789
8789
8788
8786
8783
8780
8779
8777
8776
8776
8773
8770
8770
8769
8769
8766
8766
8765
8765
8765
8763
8762
8761
8760
8758
8756
8756
8756
8755
8754
8754
8753
8753
8750
8748
8748
8746
8745
8744
8743
8742
8741
8740
8740
8738
8738
8737
8734
8734
8733
8733
8733
8730
8727
8727
8727
8726
8726
8726
8723
8722
8722
8719
8719
8718
8716
8715
8715
8714
8712
8712
8711
8710
8710
8709
8707
8707
8707
8706
8705
8705
8705
8702
8702
8701
8701
8700
8699
8697
8697
8697
8696
8696
8694
8694
8692
8691
8690
8689
8688
8687
8687
8687
8685
8683
8683
8683
8682
8680
8680
8680
8679
8679
8677
8677
8677
8676
8676
8675
8674
8673
8668
8668
8667
8666
8665
8662
8662
8662
8661
8657
8654
8654
8649
8649
8648
8647
8647
8646
8645
8645
8645
8644
8643
8643
8643
8643
8641
8640
8637
8636
8636
8634
8633
8632
8630
8629
8628
8628
8625
8624
8623
8621
8618
8617
8617
8617
8615
8615
8613
8611
8610
8609
8609
8606
8606
8602
8602
8602
8601
8597
8596
8595
8594
8593
8591
8590
8590
8589
8589
8587
8586
8585
8584
8583
8583
8580
8575
8574
8572
8572
8570
8569
8569
8565
8563
8562
8561
8561
8560
8560
8559
8559
8558
8557
8556
8556
8555
8555
8554
8553
8552
8552
8552
8551
8550
8550
8549
8549
8549
8547
8547
8547
8546
8545
8545
8542
8541
8540
8538
8538
8537
8535
8534
8534
8531
8531
8529
8529
8526
8525
8525
8520
8518
8518
8517
8517
8517
8516
8515
8514
8513
8511
8508
8507
8506
8505
8505
8503
8502
8501
8499
8498
8498
8497
8497
8497
8495
8494
8491
8490
8490
8489
8488
8487
8487
8485
8481
8480
8480
8478
8478
8477
8476
8475
8474
8474
8473
8472
8471
8470
8469
8467
8466
8466
8464
8464
8463
8463
8463
8463
8462
8460
8459
8456
8455
8453
8452
8449
8448
8448
8446
8446
8445
8444
8443
8443
8443
8442
8441
8440
8440
8440
8440
8439
8436
8435
8434
8434
8431
8429
8429
8427
8427
8427
8427
8424
8424
8424
8423
8422
8420
8420
8419
8418
8416
8416
8415
8411
8408
8407
8406
8404
8404
8403
8401
8399
8397
8395
8394
8394
8394
8393
8391
8388
8387
8385
8383
8378
8377
8377
8376
8374
8372
8370
8370
8370
8370
8369
8368
8368
8367
8367
8367
8366
8366
8365
8365
8365
8365
8363
8361
8361
8360
8359
8358
8357
8356
8355
8354
8354
8352
8352
8352
8351
8351
8351
8349
8349
8349
8347
8347
8346
8346
8346
8345
8345
8344
8344
8342
8340
8340
8338
8338
8338
8335
8334
8334
8333
8333
8332
8329
8329
8329
8328
8327
8327
8326
8326
8324
8323
8320
8319
8319
8318
8316
8315
8315
8315
8314
8314
8313
8313
8312
8308
8305
8302
8300
8300
8300
8299
8299
8295
8293
8293
8292
8289
8288
8287
8287
8285
8284
8284
8284
8283
8281
8280
8280
8279
8277
8277
8277
8276
8276
8274
8274
8272
8272
8272
8270
8260
8258
8256
8256
8255
8255
8254
8253
8252
8252
8251
8251
8251
8250
8250
8248
8247
8246
8246
8242
8240
8240
8240
8238
8238
8231
8231
8231
8230
8224
8224
8224
8221
8218
8217
8216
8215
8214
8214
8214
8214
8212
8211
8211
8210
8210
8207
8207
8205
8205
8201
8201
8200
8199
8197
8196
8195
8194
8193
8193
8190
8188
8188
8186
8184
8184
8184
8181
8180
8177
8176
8175
8171
8169
8168
8168
8166
8165
8165
8164
8164
8164
8163
8163
8161
8159
8159
8157
8155
8154
8153
8151
8150
8150
8150
8150
8148
8146
8145
8145
8145
8144
8142
8142
8141
8141
8138
8137
8137
8136
8135
8134
8133
8132
8132
8129
8129
8127
8123
8123
8119
8119
8117
8113
8113
8112
8111
8109
8108
8107
8107
8106
8104
8103
8103
8099
8098
8097
8097
8097
8096
8096
8096
8094
8090
8088
8086
8085
8085
8085
8084
8083
8082
8080
8079
8079
8077
8077
8077
8074
8074
8074
8072
8071
8070
8069
8068
8065
8062
8062
8062
8062
8062
8060
8060
8059
8053
8052
8052
8050
8050
8047
8045
8044
8043
8042
8040
8039
8038
8036
8035
8034
8032
8031
8030
8029
8028
8027
8027
8027
8025
8025
8025
8023
8021
8021
8018
8018
8016
8016
8015
8014
8014
8014
8011
8011
8009
8005
8004
8003
8002
8002
8002
8000
7999
7999
7999
7997
7994
7994
7993
7993
7992
7992
7992
7992
7991
7991
7990
7990
7989
7987
7987
7986
7985
7985
7984
7982
7980
7979
7979
7977
7976
7975
7974
7973
7973
7972
7972
7972
7969
7968
7966
7963
7963
7959
7957
7957
7956
7956
7955
7955
7954
7954
7951
7950
7950
7948
7948
7946
7946
7945
7945
7942
7941
7940
7937
7937
7937
7936
7936
7935
7934
7931
7931
7929
7929
7928
7927
7926
7926
7925
7923
7922
7922
7920
7918
7917
7916
7916
7914
7914
7912
7911
7909
7908
7908
7905
7904
7903
7902
7901
7899
7898
7898
7895
7895
7894
7893
7893
7893
7892
7891
7887
7887
7886
7886
7886
7881
7881
7881
7880
7880
7877
7876
7875
7874
7874
7874
7871
7871
7870
7868
7867
7867
7866
7864
7863
7861
7861
7860
7857
7855
7852
7852
7852
7852
7851
7849
7849
7848
7847
7844
7844
7843
7841
7840
7839
7838
7838
7838
7837
7836
7836
7836
7832
7831
7829
7826
7826
7825
7824
7823
7823
7822
7821
7819
7819
7818
7817
7816
7813
7812
7812
7812
7810
7809
7809
7808
7808
7807
7802
7802
7801
7800
7799
7799
7799
7798
7798
7795
7794
7792
7791
7791
7787
7786
7783
7783
7781
7781
7781
7781
7780
7780
7779
7772
7770
7769
7768
7764
7762
7762
7758
7757
7756
7755
7754
7753
7751
7750
7749
7748
7748
7747
7746
7744
7743
7742
7742
7741
7741
7736
7735
7734
7733
7731
7729
7728
7728
7728
7725
7725
7725
7724
7723
7721
7720
7720
7717
7717
7712
7711
7710
7709
7708
7708
7707
7706
7706
7705
7704
7704
7704
7702
7701
7701
7699
7699
7695
7694
7694
7693
7693
7690
7690
7690
7689
7689
7688
7687
7687
7686
7686
7685
7685
7684
7682
7681
7681
7680
7680
7679
7677
7676
7675
7675
7674
7674
7672
7671
7671
7670
7669
7668
7667
7666
7666
7665
7665
7665
7665
7665
7665
7664
7664
7663
7662
7662
7661
7660
7659
7659
7657
7657
7656
7654
7654
7653
7652
7652
7652
7651
7650
7650
7648
7646
7645
7645
7645
7644
7644
7643
7643
7641
7641
7639
7638
7637
7635
7633
7632
7632
7630
7630
7630
7628
7628
7626
7623
7622
7620
7619
7619
7619
7618
7618
7614
7613
7612
7612
7612
7610
7609
7608
7608
7608
7607
7607
7604
7602
7602
7602
7601
7601
7600
7600
7599
7599
7597
7594
7593
7593
7592
7591
7590
7589
7588
7588
7588
7587
7587
7586
7585
7585
7583
7582
7582
7579
7579
7578
7577
7576
7576
7574
7574
7574
7573
7572
7572
7569
7568
7567
7567
7565
7564
7562
7559
7558
7557
7557
7557
7556
7555
7554
7554
7553
7548
7545
7542
7542
7541
7540
7540
7538
7537
7537
7532
7532
7532
7531
7531
7530
7530
7529
7528
7528
7526
7526
7526
7525
7524
7524
7523
7520
7520
7519
7518
7514
7513
7512
7511
7510
7510
7508
7506
7503
7501
7499
7498
7497
7497
7495
7493
7492
7491
7489
7486
7486
7486
7485
7485
7485
7484
7483
7483
7483
7483
7481
7481
7481
7481
7480
7479
7478
7477
7476
7476
7475
7475
7474
7471
7471
7470
7467
7465
7464
7464
7462
7461
7460
7459
7459
7459
7459
7458
7458
7454
7454
7454
7454
7453
7453
7451
7450
7449
7448
7448
7448
7447
7446
7445
7445
7445
7444
7444
7444
7443
7442
7440
7438
7438
7438
7436
7431
7430
7429
7429
7428
7428
7427
7427
7427
7426
7424
7424
7423
7422
7422
7421
7418
7418
7415
7414
7413
7412
7412
7410
7409
7408
7407
7406
7406
7404
7403
7403
7400
7400
7399
7398
7398
7396
7396
7395
7395
7394
7394
7393
7393
7391
7390
7388
7387
7386
7386
7385
7384
7382
7382
7381
7377
7377
7374
7374
7374
7372
7371
7370
7370
7370
7368
7367
7366
7362
7360
7360
7358
7357
7357
7357
7356
7356
7355
7354
7354
7353
7352
7352
7352
7351
7351
7348
7347
7346
7346
7346
7344
7343
7343
7342
7342
7342
7342
7341
7341
7341
7341
7340
7340
7339
7338
7338
7338
7334
7333
7333
7333
7332
7332
7331
7331
7331
7331
7327
7327
7327
7326
7325
7324
7323
7322
7322
7321
7321
7319
7317
7316
7316
7316
7315
7313
7313
7312
7311
7310
7310
7310
7308
7306
7304
7304
7304
7303
7301
7301
7294
7293
7292
7292
7292
7291
7291
7290
7290
7289
7289
7289
7288
7288
7286
7283
7282
7282
7278
7276
7274
7274
7273
7273
7271
7271
7270
7269
7268
7268
7268
7268
7267
7266
7260
7260
7258
7257
7257
7257
7256
7253
7253
7252
7250
7250
7249
7247
7246
7244
7243
7243
7242
7240
7240
7240
7239
7238
7237
7235
7228
7228
7227
7227
7227
7227
7227
7227
7226
7225
7223
7222
7220
7220
7219
7219
7219
7218
7218
7217
7216
7215
7215
7214
7211
7208
7208
7207
7206
7206
7205
7204
7204
7201
7199
7199
7197
7197
7196
7196
7194
7192
7189
7188
7187
7187
7184
7184
7183
7183
7183
7181
7181
7176
7176
7176
7175
7175
7175
7174
7172
7172
7171
7171
7171
7171
7167
7164
7164
7164
7162
7162
7161
7161
7161
7160
7159
7159
7158
7158
7157
7157
7157
7157
7155
7155
7153
7152
7151
7150
7148
7148
7148
7147
7147
7146
7145
7143
7142
7142
7140
7138
7138
7137
7134
7134
7133
7133
7131
7130
7129
7128
7126
7126
7124
7124
7123
7119
7119
7117
7117
7116
7114
7113
7112
7111
7111
7111
7111
7110
7108
7108
7108
7108
7107
7107
7107
7106
7106
7103
7102
7102
7101
7101
7100
7100
7100
7100
7098
7098
7097
7095
7093
7092
7091
7089
7087
7086
7085
7082
7081
7076
7075
7074
7073
7072
7072
7072
7071
7070
7070
7069
7067
7066
7065
7065
7064
7063
7062
7062
7062
7061
7060
7059
7059
7059
7059
7058
7058
7056
7056
7056
7054
7053
7052
7052
7047
7045
7044
7044
7042
7042
7041
7040
7038
7038
7036
7036
7035
7035
7035
7034
7034
7033
7030
7030
7030
7029
7027
7027
7025
7025
7023
7023
7023
7022
7021
7021
7020
7020
7018
7018
7015
7013
7012
7008
7008
7007
7006
7006
7006
7005
7004
7004
7004
7003
7002
7001
7001
7000
7000
7000
6998
6997
6996
6994
6993
6988
6987
6986
6985
6984
6984
6983
6983
6981
6980
6979
6979
6979
6979
6975
6975
6973
6973
6972
6971
6971
6971
6968
6967
6966
6966
6965
6965
6964
6961
6960
6959
6959
6959
6959
6958
6957
6955
6954
6953
6952
6951
6949
6947
6946
6945
6944
6943
6943
6938
6937
6937
6936
6935
6935
6933
6933
6930
6927
6926
6922
6922
6922
6921
6921
6920
6920
6919
6919
6919
6919
6918
6917
6917
6916
6916
6913
6912
6912
6911
6911
6910
6908
6907
6906
6905
6905
6904
6904
6903
6903
6902
6902
6902
6901
6901
6901
6897
6896
6896
6893
6892
6891
6891
6890
6885
6885
6883
6883
6882
6882
6881
6881
6880
6880
6880
6879
6878
6876
6876
6875
6875
6874
6873
6873
6873
6873
6872
6872
6871
6871
6870
6870
6869
6869
6868
6867
6866
6864
6861
6860
6859
6858
6857
6856
6856
6856
6855
6853
6850
6849
6849
6848
6843
6840
6839
6838
6837
6836
6836
6836
6833
6832
6831
6831
6831
6829
6829
6828
6828
6828
6827
6826
6825
6823
6823
6822
6822
6822
6821
6820
6820
6817
6817
6817
6816
6816
6814
6813
6810
6809
6809
6808
6804
6800
6799
6798
6797
6796
6796
6795
6792
6791
6791
6791
6790
6790
6789
6787
6786
6785
6783
6783
6783
6782
6782
6782
6782
6781
6778
6776
6776
6776
6776
6773
6773
6773
6772
6766
6764
6763
6762
6762
6761
6761
6760
6757
6756
6754
6754
6754
6753
6751
6751
6749
6748
6748
6746
6745
6745
6744
6744
6743
6742
6741
6741
6739
6739
6739
6737
6736
6736
6735
6734
6734
6732
6732
6732
6729
6728
6727
6726
6725
6725
6725
6725
6724
6724
6723
6720
6720
6720
6719
6718
6717
6717
6716
6716
6716
6714
6713
6711
6706
6705
6705
6704
6704
6701
6700
6700
6700
6699
6699
6698
6695
6694
6694
6693
6692
6692
6691
6691
6691
6689
6689
6688
6688
6688
6685
6685
6685
6683
6680
6679
6678
6678
6677
6676
6675
6674
6673
6672
6671
6666
6661
6661
6660
6659
6658
6658
6658
6658
6657
6657
6657
6657
6656
6655
6655
6655
6654
6654
6654
6651
6650
6650
6650
6650
6649
6648
6642
6641
6640
6637
6636
6635
6635
6635
6635
6634
6633
6632
6632
6630
6629
6628
6628
6628
6628
6627
6627
6626
6626
6625
6625
6625
6625
6625
6624
6623
6619
6619
6619
6619
6617
6614
6612
6611
6610
6610
6610
6608
6607
6604
6603
6602
6602
6601
6599
6598
6597
6596
6596
6595
6594
6590
6588
6588
6587
6587
6586
6584
6584
6583
6580
6579
6579
6578
6578
6576
6576
6576
6574
6573
6573
6572
6572
6569
6569
6569
6568
6567
6566
6564
6563
6563
6562
6558
6558
6557
6555
6554
6553
6552
6552
6552
6552
6551
6550
6549
6546
6545
6544
6543
6542
6542
6541
6540
6540
6540
6540
6538
6537
6533
6533
6533
6532
6529
6527
6526
6525
6525
6524
6522
6521
6519
6518
6518
6517
6516
6515
6514
6514
6514
6512
6511
6511
6510
6509
6509
6505
6505
6503
6503
6502
6501
6499
6498
6497
6496
6494
6494
6492
6492
6491
6489
6486
6486
6486
6486
6485
6484
6483
6482
6482
6479
6478
6478
6478
6477
6475
6475
6474
6473
6473
6472
6472
6470
6470
6469
6468
6464
6462
6460
6460
6459
6456
6455
6454
6453
6450
6449
6448
6446
6443
6443
6441
6441
6441
6440
6440
6439
6438
6437
6437
6436
6435
6433
6432
6431
6430
6429
6429
6429
6428
6428
6427
6426
6425
6425
6425
6424
6424
6423
6423
6422
6422
6421
6421
6420
6418
6418
6414
6414
6411
6411
6409
6409
6407
6407
6407
6405
6404
6404
6404
6403
6402
6402
6401
6400
6398
6397
6395
6395
6394
6393
6393
6391
6390
6390
6388
6388
6387
6386
6384
6384
6383
6383
6379
6378
6377
6377
6375
6373
6372
6370
6370
6368
6368
6368
6366
6364
6361
6361
6361
6360
6357
6352
6352
6351
6350
6349
6349
6349
6347
6341
6341
6337
6337
6336
6332
6331
6330
6326
6326
6325
6325
6322
6319
6316
6316
6316
6315
6315
6314
6313
6313
6310
6309
6308
6300
6299
6298
6298
6297
6296
6296
6295
6294
6293
6293
6292
6290
6290
6289
6287
6286
6284
6284
6284
6284
6282
6277
6275
6275
6272
6272
6271
6269
6267
6266
6265
6263
6262
6262
6262
6262
6261
6260
6258
6258
6258
6256
6255
6253
6253
6252
6252
6252
6249
6248
6247
6246
6246
6246
6243
6241
6240
6240
6240
6239
6238
6238
6237
6237
6237
6236
6234
6233
6232
6230
6230
6228
6228
6227
6225
6224
6224
6223
6222
6222
6222
6221
6219
6215
6215
6214
6212
6211
6209
6209
6209
6209
6208
6208
6207
6205
6204
6204
6202
6201
6200
6200
6200
6199
6199
6199
6199
6196
6194
6194
6193
6191
6191
6189
6188
6187
6187
6186
6186
6185
6184
6183
6182
6181
6180
6180
6175
6174
6173
6173
6172
6172
6171
6170
6170
6169
6168
6166
6163
6161
6161
6160
6160
6160
6159
6158
6158
6158
6156
6153
6152
6152
6152
6149
6147
6146
6145
6144
6141
6141
6141
6141
6141
6140
6140
6140
6140
6140
6139
6138
6137
6136
6136
6136
6136
6133
6129
6127
6127
6126
6125
6125
6124
6122
6122
6121
6121
6120
6119
6119
6117
6117
6115
6114
6113
6112
6112
6112
6111
6111
6110
6108
6106
6105
6104
6103
6103
6103
6098
6095
6094
6094
6093
6092
6092
6091
6091
6090
6090
6089
6089
6088
6086
6086
6086
6085
6084
6083
6082
6082
6081
6079
6079
6078
6078
6076
6074
6073
6072
6070
6069
6067
6067
6066
6066
6065
6063
6062
6062
6061
6061
6059
6057
6053
6052
6051
6051
6051
6051
6050
6050
6050
6050
6050
6050
6049
6049
6047
6047
6046
6046
6044
6044
6043
6042
6040
6040
6039
6037
6036
6035
6034
6034
6032
6032
6032
6030
6030
6029
6029
6028
6027
6027
6026
6024
6023
6022
6021
6020
6019
6016
6015
6015
6014
6013
6013
6013
6011
6010
6010
6008
6008
6004
6004
6001
6000
5999
5999
5999
5999
5999
5998
5997
5997
5996
5996
5995
5995
5993
5992
5991
5991
5989
5987
5986
5984
5984
5983
5982
5982
5980
5976
5976
5975
5972
5971
5968
5967
5967
5966
5963
5962
5960
5957
5955
5952
5952
5951
5950
5950
5949
5947
5946
5946
5946
5945
5945
5944
5944
5939
5937
5936
5935
5932
5931
5931
5930
5930
5930
5929
5929
5928
5928
5927
5927
5927
5927
5926
5924
5923
5922
5922
5915
5915
5915
5914
5911
5911
5910
5909
5909
5909
5908
5908
5908
5905
5905
5904
5903
5900
5899
5895
5890
5890
5890
5888
5888
5887
5887
5886
5886
5885
5885
5884
5884
5883
5883
5883
5883
5882
5882
5879
5875
5875
5874
5873
5872
5872
5870
5868
5867
5865
5865
5863
5863
5862
5860
5859
5859
5858
5857
5857
5856
5856
5855
5855
5853
5852
5851
5850
5849
5847
5845
5843
5839
5839
5838
5837
5837
5837
5836
5833
5832
5832
5831
5830
5830
5829
5829
5828
5827
5827
5824
5822
5818
5817
5813
5812
5812
5812
5809
5807
5806
5806
5802
5801
5801
5800
5800
5798
5798
5797
5795
5794
5793
5791
5791
5790
5790
5789
5788
5787
5786
5785
5783
5783
5783
5783
5782
5782
5782
5781
5781
5780
5777
5777
5776
5776
5776
5775
5775
5775
5775
5770
5768
5768
5767
5766
5764
5764
5763
5763
5757
5757
5755
5753
5753
5752
5752
5752
5752
5751
5750
5749
5748
5747
5746
5745
5745
5745
5743
5742
5742
5741
5741
5740
5738
5738
5738
5737
5736
5735
5735
5735
5735
5733
5733
5732
5731
5730
5730
5729
5728
5721
5720
5720
5719
5719
5718
5715
5714
5713
5711
5711
5711
5710
5710
5710
5710
5709
5708
5707
5707
5706
5706
5704
5703
5703
5703
5702
5700
5700
5699
5699
5698
5698
5696
5695
5694
5693
5692
5690
5690
5689
5688
5688
5688
5686
5684
5682
5682
5680
5677
5677
5675
5675
5674
5672
5672
5669
5666
5665
5665
5664
5664
5664
5663
5662
5662
5661
5661
5658
5658
5657
5657
5656
5655
5654
5654
5652
5649
5648
5647
5646
5646
5645
5644
5644
5642
5641
5639
5637
5637
5637
5636
5636
5635
5633
5631
5629
5629
5628
5626
5626
5623
5622
5620
5620
5620
5620
5620
5617
5616
5615
5614
5612
5611
5611
5610
5609
5609
5608
5608
5608
5606
5605
5604
5604
5603
5602
5602
5601
5600
5599
5599
5599
5599
5599
5597
5597
5596
5596
5595
5595
5593
5592
5591
5591
5591
5591
5591
5590
5587
5587
5587
5586
5583
5582
5581
5579
5579
5579
5578
5578
5577
5577
5576
5574
5573
5571
5571
5570
5570
5569
5569
5566
5566
5565
5565
5565
5563
5562
5562
5562
5562
5560
5560
5560
5558
5554
5554
5553
5553
5553
5552
5550
5550
5549
5549
5545
5544
5543
5543
5540
5537
5536
5535
5534
5533
5532
5532
5532
5531
5530
5530
5529
5526
5526
5525
5525
5524
5523
5522
5521
5520
5519
5518
5518
5518
5516
5515
5514
5514
5513
5512
5512
5511
5510
5510
5509
5508
5505
5505
5505
5504
5503
5503
5502
5501
5499
5498
5497
5495
5495
5494
5494
5493
5493
5493
5492
5492
5491
5490
5489
5489
5489
5488
5487
5486
5485
5485
5485
5484
5484
5482
5482
5482
5481
5481
5479
5478
5478
5478
5476
5476
5475
5475
5472
5471
5471
5471
5471
5470
5469
5469
5469
5468
5467
5465
5463
5462
5460
5460
5460
5460
5459
5458
5458
5457
5457
5456
5455
5454
5454
5454
5454
5450
5449
5449
5449
5446
5445
5442
5440
5440
5439
5439
5438
5436
5435
5434
5432
5430
5430
5430
5425
5425
5424
5424
5421
5418
5417
5416
5415
5414
5414
5413
5412
5409
5409
5407
5405
5405
5403
5403
5401
5401
5401
5398
5397
5395
5394
5394
5394
5391
5390
5390
5390
5389
5388
5388
5387
5387
5384
5384
5382
5381
5379
5379
5379
5374
5373
5373
5372
5372
5367
5365
5363
5361
5361
5359
5357
5357
5353
5353
5352
5352
5349
5349
5349
5348
5347
5346
5346
5346
5345
5344
5342
5340
5340
5340
5338
5337
5336
5335
5333
5331
5330
5330
5329
5329
5329
5327
5325
5325
5325
5325
5324
5319
5318
5316
5315
5315
5314
5313
5313
5313
5313
5312
5310
5308
5308
5307
5307
5306
5305
5305
5304
5303
5302
5302
5300
5300
5299
5299
5299
5297
5295
5295
5294
5293
5293
5292
5291
5291
5290
5289
5289
5288
5287
5287
5286
5286
5286
5285
5284
5284
5278
5278
5278
5277
5275
5274
5272
5272
5271
5270
5270
5269
5268
5267
5266
5265
5264
5263
5262
5262
5261
5259
5258
5257
5256
5253
5250
5250
5249
5249
5246
5243
5240
5240
5240
5239
5239
5238
5237
5234
5234
5231
5230
5229
5227
5226
5226
5224
5223
5222
5221
5220
5218
5217
5217
5215
5215
5212
5210
5210
5209
5209
5208
5205
5205
5205
5203
5203
5201
5198
5198
5196
5196
5196
5196
5194
5194
5193
5192
5191
5190
5187
5187
5187
5185
5185
5184
5184
5182
5180
5180
5177
5177
5176
5176
5175
5175
5174
5172
5169
5169
5165
5165
5163
5163
5162
5161
5157
5155
5155
5152
5151
5151
5150
5148
5148
5148
5148
5146
5146
5145
5144
5142
5140
5139
5139
5139
5136
5134
5134
5134
5131
5131
5131
5128
5126
5126
5125
5123
5119
5116
5114
5111
5109
5109
5108
5107
5106
5105
5105
5105
5102
5100
5099
5098
5098
5098
5096
5095
5092
5089
5085
5084
5080
5080
5078
5078
5077
5076
5075
5074
5073
5071
5071
5070
5070
5070
5068
5068
5068
5066
5065
5063
5059
5059
5057
5056
5055
5053
5052
5050
5050
5049
5049
5045
5042
5042
5040
5039
5038
5036
5032
5032
5032
5031
5031
5030
5029
5028
5028
5027
5027
5024
5024
5023
5020
5020
5019
5019
5017
5017
5017
5014
5014
5012
5012
5011
5010
5009
5007
5005
5004
5004
5003
5003
5002
5000
4998
4998
4996
4996
4996
4994
4993
4992
4992
4988
4988
4988
4987
4987
4984
4984
4981
4981
4981
4981
4979
4977
4977
4973
4973
4972
4971
4971
4966
4966
4966
4964
4964
4962
4960
4960
4960
4959
4959
4958
4957
4956
4956
4955
4954
4950
4949
4949
4948
4948
4945
4945
4942
4942
4940
4939
4938
4938
4935
4934
4933
4933
4933
4932
4932
4931
4928
4928
4928
4928
4925
4925
4924
4923
4922
4922
4921
4919
4919
4918
4918
4916
4916
4916
4914
4912
4908
4908
4907
4907
4906
4906
4906
4905
4905
4904
4903
4902
4902
4901
4900
4898
4898
4897
4896
4894
4894
4893
4893
4890
4890
4889
4889
4887
4883
4883
4883
4883
4882
4882
4882
4882
4880
4879
4879
4879
4878
4877
4877
4876
4875
4875
4874
4874
4873
4873
4872
4872
4872
4871
4871
4870
4869
4867
4865
4864
4864
4864
4863
4863
4863
4862
4861
4861
4861
4857
4856
4855
4852
4852
4850
4850
4849
4848
4847
4845
4844
4842
4842
4841
4834
4832
4830
4828
4828
4826
4825
4825
4822
4818
4816
4815
4815
4814
4811
4810
4808
4808
4805
4804
4804
4803
4803
4800
4799
4796
4796
4795
4795
4794
4793
4792
4792
4791
4791
4790
4789
4788
4788
4788
4788
4787
4786
4784
4784
4784
4783
4783
4783
4782
4782
4780
4780
4780
4779
4778
4778
4775
4774
4774
4774
4774
4773
4773
4773
4773
4771
4770
4767
4767
4766
4764
4764
4760
4759
4758
4758
4754
4754
4754
4753
4753
4752
4751
4751
4750
4750
4749
4748
4747
4747
4743
4742
4742
4742
4740
4739
4738
4738
4738
4731
4729
4726
4725
4724
4724
4723
4722
4722
4721
4721
4720
4720
4719
4718
4717
4714
4713
4707
4707
4705
4704
4704
4700
4698
4696
4694
4693
4691
4690
4689
4689
4689
4687
4686
4684
4682
4682
4681
4680
4679
4679
4678
4677
4676
4676
4675
4673
4673
4672
4670
4670
4668
4667
4666
4665
4665
4664
4663
4661
4660
4659
4659
4657
4657
4656
4656
4655
4655
4651
4651
4650
4648
4646
4646
4646
4644
4643
4642
4641
4640
4638
4638
4636
4626
4626
4625
4623
4622
4621
4620
4619
4617
4615
4615
4615
4612
4612
4609
4607
4607
4607
4606
4606
4606
4602
4601
4601
4600
4600
4600
4600
4597
4597
4597
4596
4595
4594
4591
4591
4591
4591
4589
4586
4585
4583
4582
4581
4580
4579
4571
4571
4567
4564
4561
4559
4559
4558
4558
4557
4557
4557
4555
4554
4554
4554
4553
4550
4549
4549
4548
4546
4545
4544
4544
4544
4542
4540
4538
4537
4536
4535
4534
4533
4533
4532
4530
4528
4528
4527
4527
4526
4526
4523
4522
4516
4516
4515
4514
4514
4513
4513
4512
4511
4509
4509
4508
4508
4508
4508
4507
4506
4506
4504
4504
4503
4503
4503
4501
4501
4501
4500
4499
4498
4497
4495
4494
4493
4492
4491
4491
4489
4489
4488
4486
4486
4485
4485
4485
4485
4483
4482
4481
4480
4478
4478
4478
4477
4477
4473
4471
4470
4470
4469
4469
4468
4467
4466
4466
4461
4461
4460
4459
4458
4457
4456
4454
4453
4453
4452
4452
4451
4450
4447
4447
4446
4444
4444
4443
4442
4441
4441
4441
4440
4440
4439
4439
4438
4438
4437
4437
4436
4435
4433
4433
4432
4431
4430
4429
4429
4427
4427
4427
4425
4424
4423
4420
4419
4417
4417
4416
4414
4413
4412
4410
4410
4409
4408
4408
4408
4404
4404
4404
4404
4401
4400
4399
4399
4399
4395
4395
4395
4394
4393
4389
4388
4388
4387
4386
4384
4383
4383
4383
4383
4382
4380
4380
4379
4379
4378
4373
4371
4371
4370
4370
4370
4369
4369
4368
4368
4368
4368
4368
4368
4366
4365
4364
4363
4359
4358
4358
4358
4357
4357
4356
4356
4356
4355
4353
4352
4351
4350
4350
4350
4350
4349
4347
4346
4346
4345
4342
4341
4341
4339
4339
4339
4339
4337
4337
4334
4331
4331
4325
4325
4324
4322
4319
4319
4318
4318
4317
4316
4314
4313
4313
4313
4313
4312
4309
4309
4304
4302
4302
4301
4301
4300
4297
4296
4295
4295
4294
4294
4294
4294
4293
4292
4292
4292
4291
4289
4289
4287
4286
4285
4282
4281
4281
4279
4279
4278
4278
4277
4276
4276
4275
4273
4273
4271
4271
4271
4270
4270
4269
4268
4268
4268
4267
4266
4265
4264
4264
4263
4261
4260
4257
4257
4256
4255
4254
4254
4253
4252
4249
4249
4247
4245
4245
4245
4244
4244
4244
4242
4241
4241
4237
4237
4234
4232
4232
4230
4229
4228
4228
4228
4228
4227
4226
4223
4222
4222
4221
4221
4221
4221
4218
4218
4218
4218
4218
4217
4217
4215
4214
4214
4213
4213
4213
4208
4208
4207
4207
4203
4202
4202
4201
4201
4201
4201
4200
4199
4196
4194
4191
4189
4189
4189
4188
4186
4184
4184
4183
4182
4181
4178
4178
4176
4176
4175
4175
4175
4174
4173
4172
4170
4169
4169
4168
4167
4165
4165
4164
4164
4163
4163
4161
4160
4160
4160
4159
4159
4159
4158
4157
4156
4156
4154
4153
4153
4153
4153
4152
4152
4151
4150
4149
4149
4149
4148
4147
4146
4145
4143
4142
4142
4141
4141
4141
4139
4136
4135
4134
4133
4132
4131
4131
4130
4129
4128
4127
4127
4127
4126
4126
4125
4125
4124
4124
4123
4122
4120
4119
4118
4117
4116
4116
4115
4115
4112
4111
4111
4110
4110
4106
4106
4105
4105
4104
4100
4100
4096
4096
4095
4093
4093
4091
4091
4091
4091
4089
4088
4088
4086
4086
4085
4085
4084
4084
4084
4083
4082
4080
4079
4074
4073
4073
4070
4070
4069
4068
4068
4062
4062
4061
4061
4061
4060
4060
4059
4057
4056
4055
4055
4055
4051
4050
4049
4049
4048
4047
4045
4044
4043
4042
4042
4040
4037
4036
4036
4036
4035
4035
4034
4032
4031
4030
4029
4029
4028
4027
4025
4024
4023
4021
4019
4019
4017
4016
4016
4016
4015
4013
4012
4012
4012
4012
4010
4009
4007
4007
4006
4005
4005
4005
4004
4003
4002
3999
3998
3996
3995
3995
3995
3994
3994
3993
3993
3993
3991
3991
3990
3990
3985
3982
3981
3977
3976
3975
3974
3973
3973
3972
3972
3971
3971
3970
3970
3969
3969
3968
3967
3966
3966
3964
3962
3959
3959
3957
3957
3957
3956
3954
3951
3949
3944
3941
3939
3938
3938
3936
3935
3934
3929
3929
3928
3927
3926
3926
3924
3923
3922
3921
3921
3920
3920
3919
3919
3918
3917
3914
3913
3912
3912
3912
3909
3907
3905
3905
3904
3901
3901
3901
3899
3898
3895
3895
3893
3888
3886
3885
3884
3884
3883
3881
3879
3879
3878
3877
3876
3874
3874
3873
3872
3872
3867
3867
3867
3865
3865
3863
3861
3857
3854
3854
3854
3854
3853
3853
3852
3852
3852
3851
3849
3849
3849
3846
3845
3844
3843
3842
3841
3841
3841
3840
3838
3837
3837
3835
3833
3833
3832
3832
3832
3829
3829
3828
3827
3827
3826
3826
3824
3824
3824
3823
3823
3820
3818
3818
3815
3815
3815
3814
3814
3813
3810
3810
3809
3809
3808
3808
3805
3803
3802
3801
3800
3800
3800
3799
3799
3798
3798
3798
3798
3797
3795
3793
3789
3788
3787
3785
3785
3780
3780
3779
3778
3778
3777
3777
3776
3776
3776
3775
3772
3770
3770
3769
3769
3768
3768
3768
3766
3765
3762
3761
3760
3758
3757
3756
3755
3753
3752
3751
3751
3749
3749
3748
3745
3742
3741
3740
3740
3739
3737
3737
3736
3734
3733
3732
3732
3731
3727
3727
3727
3726
3722
3721
3720
3719
3717
3717
3716
3714
3714
3714
3713
3712
3712
3712
3711
3709
3709
3707
3707
3707
3707
3706
3706
3705
3704
3702
3702
3701
3701
3701
3700
3698
3698
3698
3697
3694
3691
3689
3688
3687
3685
3685
3685
3684
3683
3683
3683
3682
3680
3679
3679
3678
3678
3677
3677
3676
3676
3675
3673
3671
3670
3669
3669
3669
3668
3668
3667
3666
3665
3662
3661
3660
3660
3659
3659
3659
3658
3656
3655
3654
3652
3652
3652
3652
3651
3650
3648
3647
3646
3646
3646
3646
3643
3643
3641
3640
3639
3639
3639
3637
3634
3633
3633
3631
3631
3630
3629
3628
3628
3627
3626
3624
3621
3621
3620
3618
3617
3616
3616
3615
3614
3613
3613
3613
3613
3612
3611
3611
3609
3608
3608
3606
3606
3603
3600
3597
3597
3594
3593
3593
3592
3592
3592
3591
3591
3590
3588
3588
3587
3587
3587
3585
3585
3585
3585
3582
3581
3580
3580
3580
3579
3579
3574
3573
3571
3568
3568
3567
3567
3565
3565
3562
3561
3560
3560
3559
3558
3558
3557
3556
3556
3555
3554
3553
3553
3549
3548
3546
3546
3546
3546
3544
3541
3541
3541
3540
3540
3539
3539
3538
3535
3535
3533
3532
3532
3531
3530
3528
3526
3526
3525
3524
3524
3523
3523
3522
3522
3522
3521
3519
3519
3519
3518
3518
3517
3516
3514
3514
3513
3511
3511
3511
3510
3509
3509
3508
3507
3507
3505
3504
3501
3500
3499
3499
3499
3497
3496
3496
3496
3494
3494
3493
3493
3493
3492
3492
3491
3491
3488
3487
3487
3487
3486
3486
3485
3485
3484
3484
3484
3483
3481
3481
3481
3481
3480
3479
3478
3478
3478
3477
3475
3474
3473
3469
3469
3466
3465
3463
3463
3463
3462
3458
3457
3456
3456
3456
3455
3454
3453
3453
3452
3451
3451
3450
3450
3449
3448
3448
3447
3447
3446
3446
3444
3443
3442
3441
3439
3438
3438
3438
3437
3437
3436
3436
3436
3435
3434
3433
3433
3430
3430
3428
3427
3427
3425
3425
3423
3423
3422
3420
3420
3420
3418
3415
3413
3411
3411
3411
3409
3409
3408
3406
3404
3402
3402
3401
3401
3399
3398
3397
3394
3394
3394
3393
3393
3391
3391
3390
3390
3389
3389
3389
3389
3387
3386
3385
3383
3383
3383
3381
3381
3380
3380
3379
3377
3374
3373
3372
3371
3371
3370
3370
3369
3369
3369
3366
3365
3365
3365
3364
3363
3362
3361
3360
3359
3358
3358
3357
3356
3356
3355
3354
3354
3353
3353
3353
3352
3351
3351
3351
3350
3349
3348
3347
3346
3343
3342
3341
3339
3339
3337
3335
3335
3332
3332
3332
3332
3331
3330
3330
3330
3330
3328
3327
3325
3325
3325
3325
3324
3324
3323
3323
3323
3318
3318
3317
3317
3316
3315
3313
3312
3311
3311
3309
3309
3308
3307
3307
3307
3305
3304
3304
3304
3303
3302
3301
3300
3300
3299
3299
3298
3298
3295
3292
3291
3291
3291
3291
3289
3289
3288
3286
3285
3284
3284
3280
3279
3278
3278
3277
3276
3274
3272
3269
3265
3265
3265
3264
3264
3263
3261
3261
3260
3260
3257
3257
3256
3256
3255
3255
3255
3254
3253
3253
3251
3250
3249
3248
3248
3247
3246
3242
3239
3237
3237
3237
3237
3236
3235
3235
3235
3233
3231
3228
3227
3226
3226
3224
3224
3223
3221
3221
3221
3220
3219
3218
3217
3214
3214
3213
3211
3210
3210
3208
3203
3203
3203
3203
3203
3203
3202
3198
3197
3197
3189
3189
3188
3187
3187
3187
3186
3185
3181
3181
3181
3180
3179
3176
3175
3174
3173
3171
3171
3166
3165
3165
3164
3161
3158
3158
3157
3154
3153
3151
3151
3150
3148
3148
3148
3147
3146
3145
3143
3142
3142
3141
3141
3140
3137
3135
3134
3134
3133
3133
3130
3130
3129
3125
3124
3122
3121
3119
3119
3119
3118
3118
3118
3116
3115
3115
3115
3115
3114
3114
3113
3113
3112
3112
3109
3109
3107
3107
3106
3106
3104
3103
3103
3102
3101
3100
3099
3097
3097
3096
3095
3095
3095
3093
3093
3092
3092
3091
3089
3086
3083
3081
3081
3081
3080
3080
3080
3080
3079
3078
3078
3078
3077
3076
3076
3074
3073
3073
3071
3070
3068
3067
3066
3066
3064
3064
3064
3064
3062
3061
3061
3060
3059
3057
3055
3054
3054
3053
3052
3052
3049
3049
3049
3049
3048
3047
3046
3045
3044
3041
3040
3040
3039
3039
3036
3034
3034
3033
3033
3033
3030
3029
3027
3025
3024
3023
3021
3019
3019
3018
3017
3016
3015
3014
3014
3013
3013
3010
3010
3010
3010
3008
3006
3006
3004
3004
3002
3001
3001
3001
2999
2998
2998
2997
2996
2995
2995
2991
2990
2989
2988
2985
2985
2983
2981
2981
2980
2979
2978
2977
2976
2975
2975
2974
2972
2971
2971
2970
2969
2967
2966
2966
2965
2965
2965
2964
2962
2961
2958
2955
2955
2955
2954
2953
2952
2952
2952
2950
2948
2947
2946
2945
2943
2943
2941
2941
2940
2940
2940
2939
2938
2937
2937
2936
2935
2934
2932
2932
2931
2930
2930
2929
2929
2927
2926
2926
2925
2925
2925
2924
2923
2923
2922
2922
2922
2920
2919
2917
2915
2915
2915
2914
2913
2912
2911
2911
2910
2908
2908
2907
2903
2902
2900
2899
2899
2899
2898
2897
2897
2897
2896
2892
2892
2886
2886
2885
2884
2883
2883
2882
2881
2881
2880
2878
2875
2874
2870
2868
2867
2866
2866
2865
2864
2863
2863
2860
2859
2858
2857
2857
2856
2855
2855
2855
2854
2853
2853
2852
2851
2851
2850
2850
2849
2848
2845
2844
2842
2840
2839
2838
2838
2837
2835
2832
2830
2827
2825
2824
2823
2819
2818
2818
2815
2815
2813
2811
2810
2810
2809
2808
2807
2807
2806
2804
2803
2802
2802
2802
2801
2801
2801
2798
2798
2797
2797
2795
2795
2794
2793
2793
2789
2785
2784
2784
2784
2781
2781
2781
2781
2780
2778
2778
2774
2774
2772
2772
2771
2771
2771
2770
2770
2770
2769
2769
2768
2767
2765
2764
2763
2763
2762
2762
2761
2761
2761
2760
2758
2758
2757
2756
2756
2756
2754
2754
2754
2753
2752
2751
2750
2750
2746
2746
2745
2745
2744
2744
2742
2742
2740
2739
2738
2737
2733
2732
2732
2732
2730
2729
2724
2724
2723
2722
2720
2720
2717
2717
2714
2713
2711
2710
2709
2708
2708
2706
2706
2706
2704
2703
2703
2702
2701
2701
2700
2699
2696
2693
2692
2692
2691
2691
2690
2689
2688
2688
2683
2682
2682
2682
2681
2680
2678
2678
2678
2675
2674
2674
2673
2673
2672
2672
2670
2670
2669
2666
2664
2664
2664
2662
2662
2659
2659
2658
2657
2656
2655
2655
2653
2653
2652
2650
2649
2648
2647
2646
2642
2642
2642
2640
2640
2639
2636
2636
2634
2633
2632
2631
2631
2631
2628
2625
2624
2623
2623
2623
2621
2621
2620
2619
2618
2618
2618
2617
2617
2616
2610
2609
2607
2606
2603
2603
2603
2602
2601
2601
2598
2597
2596
2596
2595
2594
2594
2592
2591
2591
2590
2589
2589
2587
2585
2585
2584
2583
2582
2577
2576
2575
2574
2573
2573
2572
2572
2571
2571
2571
2567
2567
2567
2566
2566
2565
2565
2563
2563
2563
2562
2561
2560
2559
2559
2559
2558
2558
2556
2549
2544
2544
2544
2544
2543
2543
2542
2542
2541
2540
2540
2539
2538
2538
2537
2536
2535
2535
2535
2535
2533
2533
2531
2531
2529
2529
2527
2527
2526
2520
2520
2519
2518
2517
2517
2517
2516
2515
2515
2515
2515
2515
2513
2513
2512
2512
2511
2511
2510
2509
2509
2509
2508
2506
2505
2504
2503
2503
2503
2499
2497
2497
2497
2496
2495
2494
2494
2494
2493
2491
2491
2487
2487
2487
2487
2485
2484
2484
2483
2482
2481
2480
2479
2479
2475
2471
2471
2470
2469
2468
2466
2465
2465
2465
2464
2463
2462
2462
2462
2462
2461
2460
2460
2460
2459
2457
2456
2455
2455
2452
2452
2450
2450
2450
2446
2444
2443
2442
2442
2440
2440
2440
2439
2439
2438
2438
2437
2436
2435
2435
2432
2431
2428
2428
2428
2427
2424
2423
2423
2422
2421
2420
2418
2418
2417
2415
2414
2414
2413
2412
2412
2411
2410
2410
2410
2407
2406
2405
2405
2404
2403
2403
2402
2402
2401
2400
2400
2397
2396
2392
2390
2389
2387
2387
2387
2387
2385
2385
2384
2384
2382
2382
2382
2379
2378
2378
2377
2377
2375
2375
2375
2373
2372
2371
2370
2370
2370
2370
2369
2369
2368
2368
2367
2366
2365
2365
2364
2364
2364
2363
2362
2362
2361
2360
2359
2359
2358
2356
2354
2353
2353
2352
2352
2351
2349
2349
2348
2347
2347
2346
2346
2345
2345
2342
2341
2341
2340
2340
2339
2338
2337
2336
2336
2336
2336
2333
2333
2331
2330
2329
2328
2328
2327
2325
2325
2325
2325
2324
2324
2324
2323
2323
2322
2322
2321
2320
2319
2318
2318
2316
2315
2314
2314
2312
2312
2311
2310
2310
2309
2309
2308
2308
2307
2307
2304
2302
2301
2299
2299
2298
2298
2298
2296
2296
2295
2295
2295
2294
2293
2292
2291
2291
2291
2289
2289
2288
2287
2287
2287
2286
2282
2282
2279
2278
2277
2274
2273
2273
2270
2270
2269
2267
2267
2267
2267
2266
2263
2263
2262
2262
2261
2260
2258
2257
2256
2256
2255
2255
2254
2254
2253
2251
2250
2250
2250
2249
2243
2243
2242
2242
2240
2240
2239
2239
2238
2238
2236
2236
2233
2232
2232
2231
2230
2230
2230
2229
2228
2227
2225
2224
2221
2220
2218
2218
2216
2215
2215
2215
2215
2214
2213
2213
2213
2212
2211
2211
2208
2207
2205
2204
2204
2204
2201
2201
2200
2200
2197
2195
2195
2194
2193
2193
2192
2191
2191
2190
2189
2189
2189
2188
2188
2188
2185
2183
2179
2178
2176
2176
2175
2172
2170
2170
2170
2169
2169
2169
2169
2165
2164
2163
2163
2163
2162
2161
2160
2157
2156
2154
2152
2150
2150
2150
2149
2149
2148
2146
2146
2145
2145
2142
2141
2140
2139
2138
2138
2138
2137
2136
2135
2134
2134
2132
2131
2128
2125
2124
2120
2118
2118
2117
2117
2117
2116
2116
2116
2114
2113
2111
2111
2110
2109
2109
2109
2109
2107
2106
2106
2106
2106
2103
2101
2100
2100
2099
2098
2096
2096
2095
2095
2094
2094
2094
2093
2092
2089
2089
2088
2088
2086
2086
2086
2082
2081
2080
2080
2080
2079
2079
2076
2075
2075
2075
2074
2073
2072
2072
2068
2067
2066
2066
2062
2061
2061
2060
2057
2057
2057
2055
2054
2053
2052
2052
2050
2048
2045
2044
2043
2041
2038
2037
2034
2034
2032
2032
2030
2027
2026
2025
2025
2024
2019
2019
2018
2015
2013
2012
2011
2009
2008
2008
2007
2007
2004
2003
2002
2002
2002
2001
2001
1997
1996
1995
1994
1994
1994
1992
1990
1990
1990
1989
1988
1987
1987
1985
1985
1983
1983
1983
1982
1982
1982
1982
1982
1981
1981
1979
1977
1977
1976
1976
1975
1975
1975
1974
1974
1973
1972
1972
1971
1969
1969
1968
1968
1966
1966
1963
1963
1962
1961
1961
1960
1959
1956
1954
1952
1951
1949
1949
1949
1945
1945
1945
1944
1943
1942
1941
1940
1940
1938
1938
1936
1935
1933
1933
1933
1927
1927
1926
1926
1926
1925
1924
1921
1920
1918
1918
1917
1916
1914
1913
1912
1912
1910
1909
1908
1907
1905
1904
1904
1904
1903
1900
1898
1898
1894
1893
1892
1891
1891
1890
1890
1890
1889
1889
1888
1886
1885
1884
1884
1883
1881
1881
1881
1880
1879
1879
1879
1876
1875
1875
1874
1873
1871
1869
1868
1868
1868
1868
1868
1868
1865
1865
1863
1862
1862
1861
1860
1856
1856
1856
1854
1853
1853
1852
1851
1850
1849
1849
1847
1846
1844
1843
1843
1843
1842
1841
1841
1840
1840
1840
1840
1838
1836
1836
1836
1835
1833
1832
1832
1830
1828
1828
1827
1826
1825
1824
1824
1822
1822
1822
1820
1817
1815
1813
1813
1812
1810
1809
1808
1808
1807
1807
1807
1807
1806
1803
1801
1801
1801
1798
1798
1797
1796
1796
1795
1794
1793
1793
1793
1792
1792
1789
1788
1788
1785
1785
1783
1782
1782
1779
1779
1778
1776
1776
1774
1772
1771
1770
1769
1767
1766
1766
1765
1764
1764
1763
1762
1761
1760
1760
1759
1759
1759
1758
1756
1756
1755
1753
1753
1753
1752
1752
1751
1750
1749
1744
1742
1742
1741
1741
1740
1739
1738
1737
1736
1735
1735
1734
1732
1732
1731
1730
1730
1730
1729
1725
1725
1724
1723
1723
1722
1722
1722
1721
1720
1720
1716
1716
1716
1715
1715
1714
1714
1714
1713
1710
1710
1708
1707
1704
1703
1703
1701
1701
1699
1699
1697
1697
1696
1694
1692
1692
1691
1690
1688
1687
1684
1684
1683
1683
1681
1681
1680
1680
1680
1678
1676
1675
1675
1672
1672
1671
1670
1670
1669
1669
1668
1667
1667
1665
1664
1663
1663
1662
1660
1660
1660
1660
1659
1657
1656
1656
1654
1653
1653
1651
1650
1648
1647
1645
1641
1640
1639
1639
1638
1637
1637
1636
1636
1636
1635
1633
1633
1633
1633
1631
1631
1630
1629
1628
1627
1626
1625
1624
1624
1623
1622
1620
1619
1619
1618
1617
1617
1617
1615
1612
1611
1609
1609
1603
1602
1599
1596
1594
1594
1593
1593
1592
1590
1590
1588
1588
1586
1586
1584
1583
1582
1582
1581
1580
1579
1577
1576
1569
1567
1567
1566
1565
1563
1562
1562
1561
1560
1557
1556
1555
1555
1555
1554
1553
1552
1552
1551
1551
1551
1551
1550
1548
1546
1545
1544
1542
1540
1539
1538
1536
1534
1534
1533
1530
1530
1529
1529
1528
1527
1526
1524
1524
1522
1522
1520
1520
1519
1519
1516
1516
1515
1514
1512
1512
1512
1511
1510
1510
1510
1509
1504
1503
1503
1503
1503
1502
1502
1501
1501
1500
1500
1499
1499
1499
1498
1498
1497
1495
1495
1495
1494
1493
1493
1493
1492
1492
1490
1490
1489
1489
1488
1488
1487
1487
1487
1486
1484
1484
1484
1483
1482
1482
1482
1481
1481
1481
1480
1480
1479
1479
1479
1479
1478
1477
1477
1475
1474
1474
1473
1472
1471
1471
1470
1470
1467
1466
1466
1466
1466
1465
1465
1464
1463
1463
1461
1461
1458
1458
1458
1455
1449
1448
1447
1445
1445
1445
1444
1444
1444
1444
1443
1442
1442
1440
1439
1439
1435
1434
1434
1433
1433
1432
1431
1430
1429
1429
1426
1424
1424
1424
1424
1423
1423
1422
1421
1420
1420
1419
1416
1416
1414
1411
1410
1405
1405
1405
1404
1403
1401
1401
1401
1397
1395
1395
1393
1393
1390
1387
1386
1384
1384
1383
1382
1381
1380
1379
1379
1378
1377
1377
1375
1375
1374
1374
1373
1371
1369
1368
1367
1365
1365
1364
1363
1361
1360
1357
1357
1356
1356
1354
1353
1351
1350
1348
1348
1347
1347
1346
1345
1343
1343
1343
1336
1335
1334
1333
1333
1331
1331
1330
1330
1329
1325
1324
1322
1322
1322
1321
1317
1313
1312
1312
1312
1311
1310
1309
1308
1308
1308
1305
1301
1301
1301
1300
1300
1299
1297
1296
1295
1294
1294
1294
1294
1293
1293
1292
1292
1290
1290
1288
1288
1288
1286
1285
1282
1282
1281
1281
1280
1277
1276
1275
1275
1273
1271
1270
1270
1269
1269
1268
1267
1266
1266
1265
1265
1264
1260
1260
1260
1259
1259
1258
1258
1257
1257
1256
1255
1255
1253
1252
1252
1250
1250
1248
1248
1248
1247
1245
1244
1244
1243
1241
1240
1239
1239
1238
1238
1238
1238
1237
1234
1233
1233
1233
1232
1231
1229
1228
1227
1227
1226
1226
1226
1225
1224
1223
1222
1221
1219
1219
1218
1218
1216
1216
1215
1215
1214
1214
1212
1212
1212
1211
1209
1208
1208
1207
1207
1207
1202
1202
1200
1200
1200
1200
1199
1195
1194
1193
1192
1192
1191
1191
1190
1190
1190
1190
1189
1189
1188
1185
1184
1183
1183
1181
1181
1180
1180
1179
1179
1177
1177
1175
1173
1171
1170
1169
1166
1164
1164
1161
1160
1160
1158
1158
1157
1154
1154
1152
1151
1149
1149
1148
1147
1145
1145
1142
1141
1139
1139
1138
1136
1134
1132
1132
1132
1131
1131
1130
1129
1129
1128
1128
1127
1126
1125
1124
1123
1121
1121
1120
1120
1119
1117
1117
1115
1115
1115
1115
1114
1113
1112
1112
1111
1108
1106
1105
1105
1104
1104
1102
1101
1100
1099
1099
1099
1099
1098
1096
1094
1093
1093
1092
1091
1091
1090
1090
1089
1089
1089
1088
1088
1082
1082
1081
1080
1079
1078
1076
1075
1075
1074
1073
1072
1071
1070
1069
1068
1067
1066
1063
1062
1061
1060
1059
1058
1057
1055
1053
1053
1052
1051
1050
1048
1044
1044
1043
1042
1042
1042
1040
1039
1037
1036
1033
1033
1031
1031
1031
1031
1029
1028
1026
1023
1023
1022
1022
1021
1020
1020
1019
1017
1016
1016
1015
1014
1012
1012
1011
1010
1007
1007
1007
1006
1006
1006
1005
1005
1004
1004
1003
1002
1002
1001
1001
999
999
998
997
996
996
995
995
994
993
992
992
990
990
988
987
986
986
986
985
985
985
984
983
983
983
982
980
978
976
975
975
974
973
971
970
970
969
968
968
967
967
967
966
966
964
962
960
959
958
958
957
957
954
954
953
951
951
950
949
947
946
945
944
943
943
942
941
938
937
934
931
931
931
930
927
925
924
924
923
923
921
920
919
918
918
916
915
914
913
908
908
906
905
904
903
901
901
900
900
899
898
896
896
896
895
895
894
892
891
888
887
887
887
887
886
885
885
883
883
883
882
880
880
880
879
878
878
878
878
877
874
874
874
874
871
871
871
870
870
869
865
865
862
862
860
860
859
859
859
858
856
855
854
854
853
852
851
850
849
847
847
846
845
844
843
843
842
841
841
841
840
839
839
837
836
835
831
831
829
828
826
825
824
824
823
819
819
819
817
815
815
814
813
813
810
808
808
807
806
805
805
805
804
803
802
801
798
798
795
795
795
793
792
791
790
789
788
787
785
782
782
781
780
780
778
777
777
777
776
775
773
773
771
768
767
765
764
764
762
760
758
758
757
756
756
756
753
750
750
750
749
748
747
746
746
742
740
739
738
736
735
735
734
733
732
728
728
727
727
727
727
727
725
725
725
724
720
715
713
713
713
712
711
710
707
705
705
704
701
700
700
699
694
694
693
693
693
692
692
689
688
686
686
686
685
685
682
682
677
675
674
673
673
668
668
666
663
661
661
658
657
655
654
653
652
650
649
648
646
645
644
644
644
644
642
641
640
639
638
638
637
637
636
635
635
632
632
632
632
631
631
630
629
629
628
627
625
624
624
623
623
622
621
621
620
619
618
618
617
615
614
613
611
610
608
608
608
607
607
607
606
606
603
603
600
600
599
598
597
596
595
595
593
592
590
589
588
587
586
583
582
582
579
579
577
577
576
575
570
570
570
570
570
569
568
567
567
567
566
565
565
562
562
562
562
562
560
557
555
554
554
552
551
550
550
549
548
548
546
545
545
544
544
544
544
543
542
541
540
539
539
538
538
536
536
535
535
533
532
532
531
531
530
530
528
528
528
528
526
526
526
525
523
521
517
516
515
514
511
511
511
511
509
508
508
508
506
504
503
502
498
497
494
493
491
490
489
489
489
488
484
483
482
481
481
480
479
479
478
478
478
474
471
468
468
467
465
465
465
464
464
463
461
458
456
456
454
452
451
450
450
449
448
448
448
443
442
439
439
437
436
435
434
432
430
429
428
427
422
421
421
419
419
418
418
417
417
416
416
412
411
410
409
409
408
408
407
407
407
406
404
404
404
403
402
400
400
400
400
398
397
396
396
395
393
392
391
391
388
387
385
385
384
380
379
378
378
377
377
375
375
375
375
374
373
371
370
370
369
366
365
364
364
363
359
359
358
357
357
357
356
355
354
353
352
351
351
351
350
347
345
345
345
343
339
338
338
338
336
336
334
334
330
327
327
327
326
326
324
323
321
321
321
319
319
318
317
316
314
312
312
311
310
309
309
308
308
307
306
306
303
303
301
300
299
297
297
296
295
294
293
292
289
287
284
282
282
280
279
278
277
277
275
274
273
272
271
269
269
267
266
266
266
265
264
264
260
257
255
252
250
249
249
246
246
245
244
243
241
241
241
239
239
237
237
233
233
232
229
229
229
228
228
228
228
227
224
224
223
223
222
222
221
219
216
214
214
213
212
212
209
209
208
207
207
206
206
206
206
205
204
204
203
203
203
201
199
198
192
192
191
191
190
190
189
188
188
185
184
183
182
181
181
179
178
175
175
173
170
167
166
164
164
163
163
162
162
160
160
159
159
158
157
157
156
155
151
149
148
147
147
146
144
143
142
140
138
137
137
136
136
136
136
135
134
132
132
131
131
129
129
129
128
127
127
127
127
126
122
122
120
120
118
118
117
117
116
116
115
114
111
111
111
111
110
109
104
104
104
104
102
102
101
99
98
98
98
96
95
94
93
92
91
91
90
90
90
89
84
82
82
82
81
81
81
81
80
79
76
76
74
74
68
67
66
66
64
64
63
62
61
61
61
60
59
57
56
56
56
55
54
53
53
53
52
51
50
50
47
45
45
44
44
43
42
42
40
40
39
39
36
36
34
34
33
32
31
30
30
29
29
29
27
26
26
24
24
24
22
22
20
19
19
18
18
17
15
14
13
13
13
12
10
9
7
4
4
3
3
2
2
1
