9998
9996
9995
9994
9993
9992
9991
9991
9990
9990
9990
9989
9989
9988
9987
9986
9984
9983
9981
9981
9979
9978
9978
9978
9977
9973
9973
9972
9971
9968
9966
9966
9966
9965
9964
9964
9963
9962
9962
9961
9961
9960
9960
9959
9959
9958
9953
9953
9949
9949
9949
9948
9948
9947
9947
9947
9946
9945
9945
9945
9944
9943
9943
9943
9941
9940
9939
9936
9936
9936
9932
9931
9930
9930
9929
9929
9928
9927
9926
9923
9923
9920
9918
9918
9918
9917
9917
9916
9914
9912
9912
9910
9909
9909
9908
9908
9907
9907
9906
9905
9904
9904
9902
9901
9900
9898
9892
9892
9890
9890
9890
9889
9887
9886
9885
9885
9882
9880
9880
9879
9878
9875
9874
9874
9874
9873
9872
9870
9869
9869
9867
9867
9866
9865
9864
9864
9864
9862
9862
9861
9860
9858
9857
9857
9856
9855
9853
9853
9852
9852
9851
9850
9850
9849
9848
9848
9847
9846
9843
9841
9841
9840
9840
9839
9838
9838
9837
9836
9833
9833
9830
9827
9826
9826
9825
9823
9822
9821
9821
9821
9820
9819
9819
9819
9818
9818
9817
9816
9813
9813
9812
9811
9809
9805
9804
9804
9804
9804
9803
9803
9802
9802
9801
9801
9800
9800
9800
9797
9796
9794
9794
9793
9792
9791
9790
9790
9790
9788
9785
9784
9783
9780
9779
9779
9779
9779
9778
9778
9775
9775
9773
9773
9772
9772
9772
9771
9771
9770
9770
9769
9768
9768
9768
9766
9766
9764
9764
9762
9762
9762
9760
9760
9759
9758
9757
9756
9756
9755
9755
9753
9753
9752
9752
9751
9747
9745
9744
9744
9743
9742
9741
9741
9741
9741
9738
9738
9737
9737
9736
9734
9733
9731
9731
9729
9727
9726
9726
9723
9723
9723
9723
9720
9719
9717
9717
9716
9716
9714
9714
9712
9711
9711
9711
9710
9709
9708
9708
9704
9704
9702
9701
9699
9699
9699
9698
9698
9697
9697
9696
9696
9695
9693
9693
9689
9689
9687
9687
9687
9684
9683
9682
9682
9682
9678
9678
9676
9676
9676
9676
9674
9673
9673
9672
9671
9670
9670
9669
9669
9668
9666
9666
9663
9663
9662
9661
9658
9656
9651
9650
9650
9649
9648
9648
9646
9645
9644
9644
9644
9643
9642
9642
9641
9639
9637
9636
9636
9635
9634
9632
9632
9631
9630
9629
9627
9627
9626
9625
9623
9623
9622
9621
9621
9620
9620
9618
9616
9616
9613
9612
9611
9608
9606
9604
9602
9600
9599
9598
9598
9596
9593
9592
9592
9591
9591
9591
9590
9589
9587
9587
9585
9580
9580
9580
9579
9577
9576
9574
9574
9573
9573
9572
9572
9570
9569
9569
9569
9568
9565
9565
9564
9562
9561
9561
9560
9560
9558
9558
9557
9557
9554
9554
9552
9550
9547
9545
9544
9543
9542
9540
9539
9535
9535
9534
9533
9528
9528
9527
9526
9524
9523
9521
9521
9520
9519
9519
9517
9516
9514
9513
9509
9508
9504
9502
9502
9501
9501
9501
9500
9499
9498
9498
9498
9498
9497
9496
9494
9493
9492
9492
9491
9491
9489
9488
9487
9487
9485
9484
9484
9484
9484
9483
9480
9479
9479
9478
9478
9477
9473
9473
9472
9470
9470
9469
9469
9468
9468
9468
9466
9466
9465
9465
9464
9464
9464
9463
9462
9461
9460
9460
9459
9459
9459
9459
9458
9457
9457
9455
9455
9453
9450
9450
9448
9446
9446
9445
9445
9441
9440
9437
9436
9436
9435
9434
9433
9432
9430
9430
9429
9429
9428
9427
9427
9425
9424
9424
9424
9423
9422
9421
9421
9420
9419
9419
9418
9418
9417
9415
9414
9413
9413
9412
9410
9409
9409
9408
9407
9407
9406
9405
9403
9403
9403
9403
9402
9400
9400
9399
9399
9399
9397
9395
9395
9394
9394
9392
9391
9391
9389
9389
9387
9386
9386
9386
9385
9384
9384
9384
9380
9380
9380
9378
9377
9374
9374
9372
9372
9371
9371
9371
9369
9369
9368
9366
9364
9363
9362
9361
9360
9360
9359
9359
9359
9358
9358
9357
9357
9357
9355
9353
9352
9352
9352
9352
9350
9348
9347
9345
9345
9344
9344
9344
9339
9339
9339
9338
9337
9337
9337
9336
9336
9335
9333
9333
9332
9332
9332
9330
9330
9329
9329
9329
9327
9327
9327
9323
9323
9322
9320
9319
9316
9314
9314
9313
9311
9310
9309
9309
9308
9307
9306
9306
9304
9302
9301
9300
9299
9299
9298
9298
9297
9296
9296
9295
9295
9294
9294
9290
9290
9290
9287
9284
9283
9282
9282
9282
9280
9278
9275
9273
9273
9271
9270
9267
9267
9266
9266
9266
9265
9264
9263
9263
9263
9261
9261
9258
9258
9258
9255
9255
9255
9254
9254
9252
9251
9251
9250
9250
9250
9250
9250
9250
9249
9248
9247
9243
9242
9242
9241
9241
9240
9238
9236
9236
9233
9232
9231
9230
9229
9228
9228
9228
9228
9227
9227
9227
9226
9221
9220
9219
9218
9217
9215
9215
9210
9208
9207
9203
9203
9201
9200
9199
9198
9194
9193
9191
9190
9189
9188
9186
9185
9183
9181
9181
9181
9181
9180
9179
9178
9178
9178
9178
9177
9177
9175
9174
9171
9170
9166
9165
9165
9162
9162
9162
9161
9158
9156
9156
9155
9153
9153
9151
9150
9149
9148
9147
9146
9145
9144
9144
9143
9142
9142
9142
9140
9139
9139
9138
9134
9132
9132
9131
9129
9129
9129
9128
9128
9121
9119
9119
9119
9117
9114
9114
9112
9112
9109
9109
9108
9108
9108
9107
9107
9106
9105
9105
9105
9104
9103
9102
9102
9102
9102
9102
9102
9101
9101
9101
9098
9097
9096
9095
9094
9092
9091
9091
9090
9087
9087
9084
9084
9083
9083
9083
9082
9081
9081
9079
9078
9077
9077
9075
9075
9074
9074
9073
9073
9073
9073
9070
9070
9070
9069
9067
9067
9067
9066
9065
9064
9062
9062
9062
9061
9060
9060
9058
9058
9056
9056
9055
9055
9052
9050
9049
9049
9048
9048
9047
9046
9045
9045
9044
9044
9043
9043
9043
9042
9040
9038
9034
9032
9026
9025
9025
9024
9024
9023
9023
9021
9020
9020
9020
9018
9015
9011
9010
9008
9006
9006
9005
9003
9002
9001
8999
8999
8995
8995
8993
8993
8992
8992
8991
8989
8989
8988
8987
8986
8985
8982
8979
8979
8978
8975
8975
8974
8974
8974
8968
8965
8962
8962
8962
8959
8958
8958
8952
8952
8952
8951
8951
8951
8950
8950
8949
8949
8949
8947
8947
8946
8944
8943
8943
8943
8942
8941
8940
8940
8938
8938
8937
8937
8936
8935
8935
8935
8934
8933
8933
8932
8931
8930
8929
8929
8927
8926
8925
8923
8923
8922
8922
8920
8920
8914
8913
8911
8911
8910
8910
8909
8908
8907
8906
8900
8900
8900
8897
8897
8896
8896
8895
8895
8894
8891
8889
8889
8887
8886
8885
8883
8882
8882
8882
8881
8881
8880
8880
8877
8876
8875
8873
8872
8872
8870
8870
8869
8869
8867
8867
8866
8863
8862
8857
8855
8854
8852
8849
8849
8848
8848
8844
8844
8843
8843
8843
8842
8841
8839
8838
8838
8835
8834
8834
8831
8830
8829
8828
8827
8825
8825
8823
8821
8816
8816
8815
8812
8811
8810
8810
8809
8809
8809
8807
8806
8804
8803
8803
8803
8802
8801
8801
8800
8799
8799
8799
8798
8797
8797
8797
8797
8796
8796
8795
8795
8794
8794
8792
8791
8790
8789
8789
8789
8788
8787
8785
8784
8784
8783
8782
8780
8780
8779
8778
8778
8778
8778
8777
8777
8777
8774
8773
8772
8771
8771
8767
8766
8766
8766
8765
8764
8764
8763
8763
8762
8761
8760
8760
8759
8759
8759
8759
8758
8758
8755
8755
8754
8754
8752
8752
8752
8748
8748
8747
8746
8746
8745
8743
8743
8743
8742
8742
8742
8741
8741
8739
8732
8732
8731
8728
8728
8725
8725
8724
8722
8722
8720
8718
8717
8715
8715
8715
8714
8712
8712
8712
8711
8711
8711
8710
8707
8705
8705
8703
8702
8701
8700
8699
8698
8698
8697
8697
8694
8693
8692
8690
8688
8688
8688
8687
8687
8686
8686
8685
8684
8680
8679
8677
8675
8675
8674
8673
8671
8670
8667
8667
8666
8666
8666
8665
8665
8664
8662
8662
8661
8661
8659
8658
8658
8657
8657
8655
8654
8653
8653
8650
8649
8648
8648
8648
8648
8647
8646
8645
8641
8641
8640
8638
8636
8636
8634
8633
8631
8631
8630
8629
8627
8626
8626
8626
8626
8625
8623
8621
8620
8618
8617
8617
8617
8617
8617
8616
8613
8613
8611
8611
8611
8610
8609
8609
8607
8606
8605
8603
8603
8602
8601
8601
8600
8600
8596
8595
8594
8594
8593
8593
8592
8592
8592
8590
8587
8585
8585
8585
8585
8583
8582
8582
8582
8581
8579
8574
8570
8570
8569
8567
8567
8565
8564
8562
8562
8561
8561
8561
8560
8559
8559
8557
8556
8555
8554
8552
8552
8551
8550
8549
8549
8549
8546
8546
8544
8544
8543
8542
8542
8542
8542
8541
8541
8540
8539
8538
8538
8537
8537
8537
8537
8536
8536
8536
8535
8535
8534
8534
8534
8533
8533
8532
8532
8532
8532
8531
8531
8530
8529
8526
8525
8525
8524
8523
8522
8519
8518
8518
8517
8517
8515
8515
8514
8514
8511
8510
8509
8508
8506
8504
8504
8504
8504
8503
8502
8502
8499
8499
8498
8498
8497
8497
8496
8494
8493
8493
8492
8491
8489
8489
8485
8485
8483
8482
8482
8482
8480
8480
8480
8476
8476
8475
8475
8474
8472
8471
8471
8469
8468
8467
8464
8464
8464
8463
8462
8461
8460
8459
8458
8458
8457
8457
8457
8457
8456
8456
8455
8449
8449
8448
8447
8447
8446
8446
8445
8445
8444
8444
8442
8442
8441
8441
8439
8438
8438
8437
8437
8436
8435
8434
8434
8433
8433
8433
8432
8430
8429
8426
8424
8423
8423
8423
8422
8421
8421
8421
8421
8419
8419
8418
8417
8417
8417
8416
8415
8415
8412
8412
8412
8412
8411
8411
8410
8410
8410
8407
8407
8406
8405
8399
8399
8398
8397
8395
8395
8395
8394
8391
8388
8386
8381
8380
8379
8378
8378
8377
8377
8376
8376
8375
8373
8372
8372
8371
8371
8370
8369
8369
8367
8366
8364
8363
8363
8360
8357
8356
8356
8356
8355
8354
8353
8353
8352
8350
8349
8347
8347
8347
8346
8346
8342
8340
8340
8339
8337
8335
8333
8331
8330
8330
8329
8328
8324
8322
8321
8320
8320
8320
8318
8316
8314
8313
8310
8310
8308
8307
8307
8307
8306
8306
8306
8304
8303
8303
8302
8299
8298
8297
8296
8296
8295
8295
8293
8292
8292
8292
8291
8290
8289
8288
8288
8288
8287
8287
8286
8286
8286
8286
8285
8285
8284
8284
8280
8278
8278
8275
8275
8274
8274
8272
8272
8272
8271
8269
8268
8267
8266
8266
8264
8262
8262
8262
8261
8261
8260
8259
8258
8257
8251
8251
8250
8250
8250
8247
8246
8245
8244
8244
8243
8242
8242
8242
8240
8240
8237
8237
8235
8235
8232
8231
8229
8225
8225
8223
8223
8222
8221
8221
8221
8220
8219
8219
8218
8216
8215
8214
8212
8211
8211
8210
8210
8209
8208
8208
8207
8205
8205
8202
8201
8199
8199
8196
8196
8195
8193
8191
8190
8190
8180
8180
8179
8177
8175
8175
8175
8174
8173
8172
8171
8170
8169
8169
8169
8169
8168
8168
8167
8167
8164
8163
8161
8158
8157
8157
8153
8151
8150
8145
8144
8144
8144
8143
8142
8142
8141
8140
8138
8138
8137
8137
8136
8136
8135
8133
8133
8131
8131
8130
8129
8128
8128
8128
8126
8125
8124
8123
8123
8122
8121
8120
8118
8117
8116
8115
8115
8114
8114
8113
8113
8112
8111
8110
8109
8108
8107
8106
8106
8106
8104
8103
8103
8103
8102
8097
8096
8095
8095
8094
8094
8094
8093
8093
8090
8090
8089
8087
8086
8085
8085
8084
8083
8082
8081
8081
8081
8080
8080
8079
8077
8076
8075
8075
8074
8073
8073
8070
8065
8064
8063
8061
8061
8060
8059
8057
8056
8054
8054
8053
8051
8051
8050
8050
8048
8047
8045
8043
8043
8041
8039
8039
8038
8038
8038
8036
8034
8033
8033
8033
8031
8030
8029
8029
8028
8026
8023
8023
8022
8022
8022
8021
8021
8018
8017
8015
8015
8015
8013
8013
8013
8013
8012
8012
8011
8011
8011
8010
8009
8008
8007
8006
8005
8005
8004
8004
8003
8003
8002
8002
8000
7999
7998
7996
7996
7994
7992
7990
7990
7989
7988
7987
7987
7985
7982
7981
7979
7979
7979
7978
7976
7976
7975
7974
7974
7974
7973
7973
7971
7970
7970
7970
7968
7967
7966
7963
7963
7963
7961
7960
7956
7955
7954
7952
7951
7950
7949
7949
7947
7944
7944
7942
7939
7939
7938
7935
7933
7932
7930
7929
7927
7926
7926
7926
7926
7926
7925
7924
7924
7922
7922
7918
7918
7915
7915
7914
7913
7913
7909
7909
7909
7909
7908
7905
7904
7903
7901
7901
7901
7900
7898
7897
7895
7894
7894
7891
7890
7889
7889
7889
7888
7886
7886
7883
7881
7880
7880
7879
7878
7876
7876
7875
7874
7872
7871
7870
7869
7867
7867
7865
7864
7863
7862
7861
7861
7860
7859
7858
7858
7857
7853
7853
7853
7852
7852
7851
7851
7851
7850
7850
7850
7849
7848
7848
7847
7844
7844
7844
7843
7843
7842
7842
7842
7839
7837
7835
7835
7832
7832
7830
7830
7829
7829
7826
7826
7825
7824
7824
7823
7822
7821
7820
7819
7818
7817
7816
7816
7814
7814
7813
7813
7812
7812
7812
7811
7810
7808
7808
7808
7806
7806
7804
7804
7803
7802
7802
7802
7801
7800
7800
7797
7796
7796
7796
7795
7795
7795
7794
7793
7792
7790
7789
7789
7787
7786
7785
7785
7784
7782
7782
7782
7781
7780
7779
7777
7776
7775
7774
7774
7773
7771
7771
7771
7769
7769
7769
7768
7768
7765
7765
7764
7764
7764
7762
7762
7761
7760
7759
7758
7755
7755
7755
7754
7754
7754
7754
7753
7752
7751
7749
7749
7748
7748
7747
7747
7746
7744
7742
7742
7742
7742
7741
7739
7739
7738
7737
7736
7736
7735
7733
7733
7732
7732
7731
7730
7727
7727
7726
7725
7724
7723
7723
7721
7721
7719
7717
7717
7715
7714
7714
7713
7713
7712
7712
7711
7710
7710
7709
7708
7707
7707
7704
7704
7704
7704
7703
7702
7700
7700
7700
7699
7698
7697
7697
7696
7696
7695
7695
7694
7693
7692
7692
7692
7690
7687
7686
7685
7683
7680
7679
7679
7679
7679
7678
7677
7675
7674
7674
7672
7671
7670
7669
7668
7666
7666
7666
7664
7664
7663
7663
7660
7660
7660
7657
7654
7654
7652
7651
7651
7649
7648
7647
7646
7645
7644
7643
7643
7642
7641
7639
7638
7638
7637
7636
7636
7636
7636
7634
7634
7633
7631
7630
7630
7630
7630
7629
7629
7629
7627
7627
7627
7626
7626
7624
7622
7620
7619
7618
7618
7618
7615
7614
7614
7612
7612
7612
7611
7611
7609
7608
7608
7608
7604
7604
7604
7603
7603
7601
7600
7600
7599
7599
7597
7596
7595
7593
7592
7591
7591
7590
7586
7585
7584
7583
7579
7578
7575
7574
7574
7573
7572
7565
7565
7564
7563
7563
7562
7562
7561
7561
7559
7557
7555
7554
7553
7552
7552
7550
7549
7548
7547
7546
7543
7542
7539
7538
7537
7536
7535
7534
7533
7529
7529
7528
7526
7525
7525
7524
7524
7524
7523
7522
7522
7520
7520
7519
7517
7512
7511
7510
7510
7509
7504
7504
7502
7499
7497
7495
7494
7494
7493
7492
7491
7491
7491
7490
7489
7488
7488
7488
7487
7485
7484
7483
7483
7483
7482
7480
7480
7476
7474
7473
7473
7472
7472
7471
7468
7468
7468
7467
7465
7462
7462
7461
7460
7460
7460
7459
7459
7458
7457
7456
7455
7455
7453
7452
7450
7447
7447
7446
7446
7445
7444
7443
7443
7440
7440
7440
7438
7437
7435
7435
7434
7434
7433
7433
7430
7430
7429
7428
7426
7426
7424
7424
7424
7422
7421
7421
7420
7420
7420
7416
7416
7415
7415
7415
7413
7413
7413
7413
7412
7411
7411
7411
7410
7410
7408
7406
7406
7405
7405
7403
7402
7402
7400
7400
7399
7398
7398
7397
7397
7396
7395
7392
7391
7390
7388
7387
7387
7387
7386
7385
7384
7383
7381
7381
7381
7380
7378
7376
7376
7373
7373
7372
7372
7370
7368
7367
7365
7363
7363
7362
7362
7361
7361
7359
7358
7358
7357
7356
7353
7353
7350
7349
7349
7348
7348
7347
7347
7344
7341
7341
7339
7339
7337
7337
7335
7334
7333
7330
7328
7327
7327
7327
7327
7326
7325
7322
7321
7320
7320
7320
7320
7319
7319
7318
7317
7317
7316
7312
7311
7310
7309
7308
7308
7307
7306
7305
7305
7304
7304
7303
7303
7302
7301
7301
7299
7297
7295
7294
7293
7289
7289
7288
7288
7288
7286
7285
7284
7284
7283
7283
7283
7282
7280
7279
7278
7277
7276
7274
7274
7273
7269
7269
7268
7267
7267
7265
7265
7265
7265
7263
7262
7261
7260
7259
7257
7256
7256
7254
7253
7253
7252
7252
7251
7251
7251
7249
7249
7246
7244
7244
7243
7242
7240
7240
7239
7238
7236
7234
7233
7231
7230
7229
7229
7228
7228
7228
7227
7226
7225
7225
7224
7222
7221
7221
7220
7218
7217
7215
7213
7212
7211
7210
7210
7209
7208
7207
7207
7207
7205
7205
7204
7203
7203
7202
7201
7200
7198
7197
7196
7196
7196
7196
7195
7193
7192
7191
7191
7190
7190
7187
7185
7180
7180
7180
7179
7179
7178
7178
7177
7176
7175
7175
7174
7173
7173
7171
7171
7171
7170
7170
7170
7168
7165
7164
7163
7162
7161
7161
7161
7160
7160
7157
7157
7156
7155
7155
7155
7154
7154
7154
7153
7152
7152
7152
7150
7149
7149
7147
7147
7145
7142
7142
7140
7139
7138
7138
7137
7137
7135
7135
7135
7134
7134
7134
7133
7131
7130
7129
7129
7127
7127
7124
7123
7120
7117
7117
7117
7115
7113
7112
7111
7111
7110
7110
7109
7108
7105
7105
7097
7095
7094
7093
7092
7091
7089
7089
7088
7086
7085
7084
7084
7083
7083
7083
7083
7083
7082
7080
7080
7080
7080
7078
7077
7077
7074
7074
7073
7072
7071
7070
7069
7069
7069
7068
7067
7066
7065
7064
7063
7062
7062
7062
7060
7057
7057
7053
7051
7051
7050
7049
7048
7047
7046
7046
7046
7044
7042
7042
7041
7041
7039
7038
7037
7037
7035
7033
7032
7032
7030
7029
7027
7026
7025
7023
7021
7021
7021
7019
7018
7017
7017
7013
7012
7010
7009
7008
7008
7008
7007
7007
7007
7004
7002
7001
6999
6998
6998
6997
6997
6996
6996
6995
6993
6992
6989
6988
6987
6986
6985
6984
6982
6981
6981
6980
6980
6979
6976
6974
6973
6968
6967
6967
6966
6965
6965
6963
6963
6962
6960
6958
6955
6955
6952
6951
6951
6951
6950
6950
6950
6948
6948
6945
6945
6945
6944
6943
6943
6942
6942
6940
6940
6940
6939
6939
6938
6937
6936
6936
6935
6935
6933
6932
6932
6927
6926
6926
6924
6924
6924
6923
6922
6921
6921
6921
6920
6920
6918
6917
6917
6917
6916
6915
6915
6915
6914
6913
6913
6911
6910
6910
6909
6908
6908
6907
6906
6905
6903
6902
6901
6897
6895
6892
6892
6891
6891
6889
6888
6887
6887
6886
6882
6880
6880
6879
6878
6877
6876
6876
6875
6875
6873
6873
6872
6871
6871
6869
6866
6866
6865
6865
6863
6863
6863
6860
6859
6858
6857
6856
6856
6855
6855
6853
6853
6849
6847
6843
6843
6842
6842
6842
6841
6840
6839
6838
6838
6837
6837
6835
6835
6833
6832
6832
6831
6830
6829
6828
6827
6826
6826
6823
6823
6822
6822
6822
6822
6822
6822
6821
6818
6817
6816
6815
6815
6815
6815
6814
6813
6812
6811
6810
6809
6808
6808
6807
6806
6802
6802
6801
6801
6800
6800
6799
6798
6796
6793
6789
6789
6787
6787
6786
6785
6785
6781
6781
6780
6780
6779
6779
6778
6778
6777
6776
6776
6771
6770
6769
6766
6765
6762
6760
6759
6758
6757
6757
6755
6754
6754
6753
6752
6750
6750
6748
6748
6747
6747
6746
6742
6741
6740
6738
6737
6735
6735
6735
6734
6733
6732
6732
6730
6730
6729
6729
6729
6725
6724
6722
6720
6719
6714
6713
6712
6712
6712
6711
6710
6710
6709
6708
6707
6707
6706
6704
6703
6703
6703
6701
6701
6697
6694
6693
6692
6691
6691
6688
6686
6686
6685
6685
6684
6682
6680
6678
6677
6674
6673
6673
6672
6671
6671
6670
6670
6670
6669
6669
6668
6667
6666
6666
6665
6665
6662
6662
6662
6660
6660
6658
6657
6657
6657
6657
6655
6655
6654
6651
6651
6649
6648
6647
6647
6646
6646
6645
6640
6640
6639
6637
6636
6635
6634
6633
6632
6632
6631
6631
6630
6630
6626
6625
6624
6624
6621
6620
6620
6620
6618
6618
6617
6616
6616
6616
6615
6615
6615
6611
6610
6609
6608
6608
6606
6605
6604
6604
6602
6602
6602
6601
6600
6600
6599
6598
6597
6597
6597
6597
6596
6595
6592
6592
6591
6589
6588
6588
6588
6587
6586
6585
6584
6584
6583
6583
6581
6581
6580
6580
6579
6575
6574
6574
6573
6573
6571
6568
6568
6567
6567
6566
6564
6564
6563
6562
6560
6559
6559
6557
6556
6555
6555
6550
6548
6546
6543
6543
6543
6542
6538
6538
6537
6536
6536
6535
6534
6534
6533
6532
6531
6529
6529
6528
6526
6526
6524
6523
6523
6520
6518
6516
6515
6511
6508
6508
6508
6507
6507
6506
6504
6501
6497
6497
6496
6495
6493
6493
6491
6490
6488
6484
6483
6483
6482
6482
6482
6481
6480
6480
6479
6478
6478
6478
6478
6477
6476
6475
6475
6475
6474
6473
6470
6468
6467
6467
6467
6465
6465
6465
6463
6462
6462
6462
6461
6460
6460
6458
6457
6457
6455
6455
6454
6454
6452
6451
6450
6449
6448
6448
6447
6446
6444
6444
6444
6442
6442
6441
6439
6439
6439
6438
6438
6437
6436
6435
6434
6433
6432
6430
6430
6429
6428
6427
6426
6424
6424
6424
6420
6420
6419
6419
6418
6417
6414
6414
6413
6412
6410
6408
6406
6406
6403
6403
6402
6402
6401
6401
6400
6400
6400
6399
6398
6398
6396
6395
6394
6393
6393
6392
6390
6388
6387
6386
6386
6386
6385
6384
6383
6380
6377
6377
6375
6375
6375
6375
6374
6371
6369
6368
6366
6365
6365
6364
6358
6357
6357
6357
6357
6356
6354
6354
6352
6352
6352
6350
6350
6350
6348
6345
6344
6344
6343
6342
6341
6341
6340
6339
6339
6338
6338
6335
6335
6333
6331
6331
6331
6330
6330
6329
6329
6327
6326
6324
6322
6322
6321
6320
6320
6317
6315
6314
6313
6310
6309
6308
6308
6305
6304
6304
6304
6304
6300
6299
6296
6296
6296
6294
6294
6294
6290
6290
6290
6288
6288
6287
6286
6284
6282
6282
6282
6274
6274
6274
6274
6272
6271
6271
6270
6270
6269
6269
6268
6267
6267
6265
6264
6264
6264
6262
6262
6261
6260
6258
6257
6257
6255
6253
6253
6253
6252
6252
6250
6250
6250
6250
6249
6249
6248
6247
6246
6246
6246
6246
6246
6245
6244
6244
6243
6242
6242
6242
6241
6240
6240
6239
6239
6238
6237
6235
6233
6233
6228
6228
6228
6228
6226
6226
6226
6224
6221
6221
6220
6219
6218
6217
6217
6215
6215
6214
6214
6213
6212
6211
6211
6209
6206
6206
6206
6205
6204
6204
6203
6203
6202
6202
6201
6200
6198
6196
6193
6191
6191
6189
6189
6188
6188
6188
6188
6187
6187
6186
6185
6183
6181
6180
6180
6179
6177
6176
6176
6173
6173
6172
6171
6170
6170
6169
6169
6167
6167
6162
6162
6161
6161
6161
6161
6160
6160
6160
6156
6152
6150
6150
6148
6148
6147
6147
6146
6145
6145
6144
6144
6142
6141
6140
6140
6140
6140
6137
6135
6135
6133
6132
6131
6131
6129
6128
6128
6128
6127
6126
6125
6124
6123
6123
6122
6121
6121
6120
6120
6116
6116
6115
6114
6110
6110
6108
6108
6106
6105
6105
6105
6103
6103
6103
6102
6101
6100
6099
6098
6097
6095
6093
6093
6093
6093
6091
6090
6090
6090
6089
6088
6088
6086
6086
6086
6084
6084
6082
6082
6082
6080
6078
6077
6077
6077
6077
6075
6074
6071
6069
6069
6069
6069
6068
6067
6066
6065
6064
6064
6062
6061
6061
6060
6060
6059
6059
6059
6058
6058
6053
6053
6052
6049
6046
6044
6044
6042
6041
6041
6039
6039
6038
6038
6036
6036
6035
6034
6034
6034
6032
6031
6030
6030
6027
6023
6023
6022
6022
6021
6021
6020
6019
6018
6018
6016
6015
6015
6015
6015
6014
6013
6012
6012
6011
6010
6008
6007
6007
6006
6004
6003
6003
5999
5998
5993
5993
5991
5991
5990
5990
5990
5989
5988
5988
5988
5987
5987
5987
5986
5986
5986
5982
5982
5982
5981
5978
5978
5978
5974
5973
5971
5968
5967
5966
5966
5960
5959
5958
5958
5957
5957
5957
5957
5956
5953
5952
5950
5950
5947
5947
5947
5944
5944
5944
5943
5943
5943
5941
5941
5940
5938
5938
5937
5937
5937
5936
5936
5935
5934
5932
5931
5930
5929
5928
5927
5926
5926
5925
5925
5924
5922
5920
5920
5919
5919
5919
5918
5917
5916
5916
5915
5915
5914
5913
5911
5910
5909
5905
5904
5904
5904
5903
5903
5903
5902
5902
5902
5901
5900
5898
5898
5897
5897
5897
5896
5895
5894
5893
5892
5890
5888
5888
5888
5887
5887
5887
5884
5879
5879
5879
5876
5876
5873
5871
5871
5868
5867
5867
5865
5864
5864
5863
5863
5861
5861
5860
5858
5858
5856
5856
5853
5853
5853
5851
5851
5850
5849
5848
5847
5847
5847
5845
5844
5844
5842
5842
5840
5839
5838
5837
5836
5836
5836
5835
5835
5835
5832
5832
5832
5832
5831
5831
5829
5827
5826
5826
5824
5824
5823
5822
5819
5818
5817
5815
5813
5812
5809
5808
5807
5806
5801
5801
5800
5799
5798
5795
5794
5793
5791
5790
5790
5790
5789
5789
5787
5786
5785
5783
5783
5783
5780
5779
5779
5778
5778
5777
5777
5777
5776
5775
5775
5774
5774
5773
5772
5771
5771
5771
5771
5769
5768
5767
5766
5766
5765
5765
5764
5763
5762
5761
5761
5760
5760
5760
5758
5757
5757
5756
5756
5755
5754
5751
5751
5749
5748
5747
5745
5745
5745
5744
5742
5742
5741
5738
5733
5733
5733
5733
5732
5731
5729
5729
5728
5726
5726
5724
5723
5723
5722
5722
5722
5719
5718
5716
5715
5713
5713
5713
5712
5711
5710
5709
5704
5704
5704
5703
5702
5699
5699
5698
5698
5696
5694
5693
5692
5690
5687
5684
5683
5682
5681
5681
5680
5679
5676
5676
5675
5674
5674
5674
5671
5671
5671
5670
5668
5666
5666
5664
5663
5663
5659
5658
5657
5656
5656
5655
5654
5651
5651
5651
5650
5648
5648
5647
5646
5641
5638
5637
5636
5635
5634
5633
5633
5632
5632
5631
5631
5630
5629
5629
5627
5626
5625
5624
5622
5622
5621
5621
5621
5620
5619
5617
5617
5615
5614
5613
5611
5610
5610
5609
5609
5608
5607
5607
5607
5606
5604
5603
5601
5599
5599
5597
5597
5596
5596
5594
5594
5594
5593
5590
5588
5587
5587
5587
5585
5584
5584
5583
5581
5579
5579
5578
5577
5576
5575
5575
5574
5571
5571
5571
5569
5569
5566
5566
5565
5563
5561
5561
5560
5560
5558
5557
5554
5554
5553
5553
5552
5551
5551
5549
5549
5547
5546
5546
5546
5546
5544
5544
5543
5542
5540
5540
5539
5539
5539
5538
5537
5535
5532
5532
5532
5532
5531
5529
5528
5527
5526
5526
5525
5523
5518
5517
5514
5512
5512
5511
5510
5509
5508
5507
5506
5504
5502
5501
5501
5498
5498
5495
5494
5492
5491
5488
5488
5486
5484
5483
5482
5482
5482
5479
5478
5478
5478
5477
5477
5476
5475
5473
5473
5472
5471
5469
5469
5468
5468
5468
5466
5465
5464
5462
5461
5456
5454
5452
5450
5448
5447
5447
5447
5445
5444
5443
5443
5442
5442
5442
5441
5440
5440
5438
5438
5436
5436
5436
5435
5434
5434
5434
5432
5432
5431
5430
5430
5429
5429
5428
5427
5427
5426
5426
5425
5425
5424
5423
5423
5423
5422
5421
5421
5418
5417
5417
5417
5415
5414
5412
5411
5411
5410
5406
5406
5404
5402
5401
5401
5401
5400
5398
5396
5396
5395
5394
5394
5393
5389
5389
5388
5388
5388
5387
5387
5387
5386
5384
5384
5384
5382
5382
5382
5380
5378
5376
5376
5373
5373
5370
5370
5366
5364
5364
5363
5363
5362
5361
5361
5360
5360
5360
5358
5358
5355
5353
5352
5349
5348
5348
5348
5348
5347
5345
5342
5338
5338
5337
5334
5333
5333
5333
5333
5332
5330
5329
5327
5326
5326
5325
5324
5324
5323
5321
5321
5320
5320
5319
5317
5317
5316
5316
5314
5313
5310
5310
5308
5308
5307
5306
5304
5302
5302
5301
5300
5297
5297
5297
5297
5296
5295
5293
5293
5291
5290
5289
5288
5287
5286
5285
5285
5284
5284
5284
5282
5280
5278
5277
5276
5274
5271
5271
5269
5268
5267
5267
5265
5264
5264
5264
5263
5262
5260
5260
5259
5258
5258
5258
5257
5256
5255
5255
5255
5253
5252
5250
5250
5249
5248
5247
5246
5244
5243
5241
5240
5238
5236
5236
5235
5232
5232
5230
5230
5227
5227
5227
5227
5226
5226
5224
5223
5222
5222
5222
5220
5219
5219
5216
5214
5213
5212
5212
5212
5211
5210
5210
5209
5209
5209
5208
5207
5205
5202
5202
5200
5200
5200
5200
5199
5195
5194
5193
5193
5193
5193
5193
5192
5191
5190
5190
5190
5190
5190
5185
5185
5184
5182
5182
5179
5178
5175
5171
5170
5167
5165
5165
5164
5162
5162
5160
5159
5158
5158
5157
5157
5157
5156
5156
5155
5153
5153
5152
5151
5151
5151
5147
5144
5144
5144
5143
5142
5141
5140
5139
5138
5137
5136
5135
5135
5134
5133
5127
5125
5125
5124
5123
5123
5122
5122
5120
5119
5119
5117
5116
5113
5110
5110
5109
5109
5108
5108
5108
5108
5107
5106
5105
5105
5105
5105
5104
5101
5100
5100
5099
5097
5092
5091
5086
5086
5085
5084
5084
5083
5081
5078
5077
5076
5074
5073
5070
5069
5067
5065
5065
5065
5063
5063
5062
5061
5061
5061
5060
5057
5057
5056
5055
5055
5055
5054
5052
5050
5049
5049
5045
5044
5044
5043
5043
5041
5040
5039
5038
5038
5033
5032
5031
5030
5030
5030
5029
5028
5028
5026
5024
5024
5023
5019
5018
5018
5017
5016
5016
5016
5016
5015
5015
5012
5010
5010
5009
5007
5005
5004
5004
5004
5002
5002
5001
5001
4999
4997
4996
4996
4994
4993
4992
4992
4992
4991
4991
4989
4989
4987
4986
4983
4980
4977
4975
4974
4974
4973
4971
4969
4969
4969
4968
4965
4963
4961
4960
4959
4959
4958
4958
4957
4956
4955
4955
4954
4953
4953
4951
4950
4950
4946
4946
4946
4945
4945
4943
4942
4941
4940
4938
4938
4937
4937
4937
4935
4934
4933
4933
4933
4932
4932
4931
4931
4929
4928
4926
4925
4924
4924
4923
4921
4921
4919
4918
4918
4917
4916
4915
4915
4914
4914
4913
4913
4913
4912
4911
4911
4909
4908
4908
4907
4907
4905
4905
4905
4903
4902
4901
4899
4899
4899
4898
4898
4898
4897
4896
4895
4895
4895
4894
4894
4893
4890
4887
4886
4885
4885
4884
4883
4876
4875
4875
4875
4875
4875
4873
4873
4871
4870
4870
4869
4868
4867
4865
4862
4862
4861
4861
4861
4860
4857
4856
4854
4851
4851
4849
4847
4847
4844
4844
4842
4840
4839
4836
4836
4835
4834
4834
4833
4833
4832
4832
4831
4830
4828
4828
4827
4827
4826
4826
4826
4824
4822
4819
4818
4818
4815
4814
4813
4813
4812
4811
4811
4811
4810
4808
4808
4804
4804
4803
4803
4801
4801
4799
4798
4795
4792
4792
4791
4791
4789
4788
4788
4788
4787
4786
4785
4785
4784
4783
4783
4781
4781
4781
4779
4778
4776
4773
4772
4772
4772
4770
4769
4769
4769
4768
4768
4768
4768
4766
4766
4765
4763
4763
4760
4759
4758
4757
4757
4757
4757
4757
4757
4756
4755
4753
4753
4753
4752
4751
4751
4750
4749
4749
4749
4748
4748
4748
4747
4746
4746
4744
4741
4740
4739
4739
4739
4738
4738
4734
4734
4734
4733
4733
4732
4731
4730
4728
4727
4727
4727
4725
4723
4721
4721
4720
4720
4719
4717
4717
4716
4716
4715
4715
4715
4715
4714
4714
4711
4711
4710
4708
4707
4705
4704
4704
4703
4701
4701
4699
4698
4696
4696
4694
4694
4691
4691
4690
4688
4688
4687
4687
4686
4684
4681
4679
4679
4678
4678
4678
4678
4678
4677
4674
4673
4673
4667
4666
4666
4664
4663
4662
4661
4660
4659
4658
4657
4655
4649
4648
4648
4644
4643
4641
4640
4639
4639
4639
4639
4637
4636
4636
4634
4634
4632
4632
4631
4630
4628
4627
4625
4625
4624
4622
4621
4619
4619
4618
4618
4617
4617
4617
4616
4616
4615
4614
4614
4614
4614
4612
4610
4610
4610
4610
4608
4606
4606
4605
4605
4605
4602
4601
4598
4596
4596
4596
4595
4595
4595
4594
4593
4592
4592
4591
4591
4590
4590
4586
4586
4586
4584
4582
4580
4579
4579
4578
4577
4577
4576
4576
4576
4575
4574
4573
4567
4567
4566
4564
4563
4562
4561
4559
4558
4557
4555
4554
4552
4550
4549
4548
4546
4546
4545
4543
4542
4542
4541
4536
4536
4536
4534
4529
4529
4528
4528
4522
4522
4521
4521
4521
4521
4519
4519
4519
4518
4515
4515
4514
4512
4511
4510
4509
4508
4507
4505
4505
4502
4501
4501
4500
4498
4498
4498
4497
4497
4495
4493
4493
4492
4492
4491
4491
4489
4485
4485
4485
4481
4481
4478
4477
4474
4472
4471
4470
4469
4469
4469
4467
4464
4463
4462
4461
4461
4461
4461
4460
4460
4458
4458
4456
4455
4455
4452
4452
4451
4451
4449
4448
4448
4447
4445
4444
4444
4443
4443
4443
4443
4443
4443
4441
4439
4438
4436
4435
4435
4435
4434
4432
4431
4431
4427
4426
4425
4423
4422
4422
4421
4421
4420
4418
4417
4416
4416
4416
4414
4412
4411
4411
4411
4410
4409
4409
4409
4408
4407
4407
4405
4405
4404
4403
4402
4401
4401
4399
4396
4395
4393
4392
4391
4390
4390
4389
4389
4388
4388
4388
4386
4386
4386
4386
4386
4384
4383
4383
4383
4382
4380
4380
4380
4379
4378
4377
4376
4375
4374
4369
4367
4367
4367
4365
4363
4363
4360
4358
4356
4355
4354
4354
4354
4353
4352
4352
4349
4349
4348
4347
4345
4342
4342
4342
4342
4341
4340
4336
4336
4335
4335
4335
4335
4334
4331
4330
4328
4328
4327
4325
4324
4323
4323
4322
4320
4320
4318
4317
4316
4315
4312
4311
4310
4309
4308
4308
4308
4307
4307
4306
4306
4306
4305
4301
4300
4300
4299
4298
4298
4295
4295
4295
4295
4294
4293
4290
4290
4288
4287
4285
4284
4283
4282
4280
4279
4279
4278
4278
4277
4277
4277
4273
4272
4270
4269
4269
4269
4266
4265
4265
4261
4260
4259
4259
4259
4259
4257
4257
4256
4256
4255
4254
4252
4249
4248
4246
4244
4242
4242
4242
4240
4240
4239
4239
4238
4238
4237
4231
4230
4230
4229
4228
4227
4227
4227
4227
4225
4224
4223
4222
4221
4220
4220
4217
4216
4216
4215
4215
4214
4214
4214
4213
4213
4213
4212
4212
4209
4208
4207
4206
4205
4205
4205
4204
4203
4203
4203
4202
4201
4200
4197
4196
4195
4194
4194
4193
4193
4191
4190
4190
4190
4190
4189
4187
4187
4187
4187
4185
4180
4177
4175
4175
4174
4173
4170
4169
4168
4168
4165
4164
4164
4162
4162
4161
4161
4160
4159
4157
4157
4156
4154
4153
4151
4149
4148
4147
4147
4145
4138
4136
4136
4134
4133
4129
4129
4129
4128
4127
4125
4124
4122
4119
4118
4118
4118
4116
4115
4113
4113
4113
4110
4110
4110
4109
4109
4108
4107
4105
4104
4104
4104
4103
4103
4100
4100
4096
4095
4094
4092
4092
4091
4091
4091
4091
4090
4090
4090
4089
4088
4087
4087
4086
4081
4081
4081
4080
4080
4079
4078
4076
4075
4073
4073
4072
4071
4071
4070
4066
4065
4065
4065
4063
4061
4060
4058
4057
4057
4057
4055
4055
4055
4055
4054
4054
4053
4053
4053
4052
4051
4051
4050
4050
4048
4047
4046
4045
4043
4043
4042
4038
4038
4036
4036
4036
4035
4033
4032
4032
4031
4031
4028
4025
4022
4022
4021
4019
4017
4016
4015
4015
4012
4012
4011
4011
4009
4009
4008
4007
4005
4005
4004
4001
4000
4000
4000
3996
3994
3993
3992
3991
3991
3990
3990
3990
3989
3989
3989
3988
3988
3987
3986
3984
3982
3982
3982
3980
3979
3979
3977
3977
3976
3975
3974
3974
3973
3972
3972
3972
3970
3970
3970
3969
3967
3967
3966
3966
3965
3965
3965
3963
3963
3963
3962
3962
3960
3960
3959
3958
3955
3954
3953
3953
3952
3949
3947
3946
3944
3943
3942
3941
3941
3937
3936
3936
3936
3934
3933
3933
3931
3929
3929
3928
3928
3927
3926
3923
3922
3919
3919
3918
3918
3916
3915
3913
3912
3911
3911
3911
3910
3910
3910
3909
3908
3908
3906
3905
3902
3902
3902
3901
3901
3900
3897
3893
3891
3887
3885
3884
3883
3882
3881
3881
3880
3879
3878
3877
3877
3876
3876
3876
3875
3864
3863
3862
3862
3861
3860
3858
3858
3856
3856
3856
3855
3855
3853
3853
3852
3851
3850
3849
3848
3848
3846
3846
3846
3845
3844
3844
3842
3842
3840
3840
3838
3838
3837
3837
3837
3834
3832
3831
3830
3827
3827
3826
3826
3822
3821
3821
3821
3816
3816
3815
3815
3814
3813
3812
3812
3811
3808
3807
3805
3804
3803
3803
3802
3801
3800
3800
3799
3799
3799
3796
3795
3794
3791
3790
3787
3785
3784
3781
3780
3779
3777
3777
3776
3775
3774
3774
3774
3773
3773
3772
3772
3771
3770
3768
3768
3766
3766
3766
3765
3765
3761
3760
3758
3757
3757
3754
3753
3753
3752
3748
3747
3747
3746
3745
3744
3744
3743
3742
3742
3741
3739
3738
3737
3736
3735
3735
3734
3733
3733
3733
3732
3731
3728
3728
3728
3727
3727
3726
3726
3723
3723
3720
3720
3720
3719
3719
3717
3717
3717
3715
3714
3713
3709
3709
3708
3708
3708
3707
3707
3703
3703
3702
3700
3700
3700
3699
3698
3696
3694
3693
3692
3690
3689
3689
3688
3684
3683
3682
3679
3678
3678
3677
3676
3676
3674
3674
3673
3671
3670
3667
3667
3666
3664
3663
3663
3663
3663
3661
3661
3661
3661
3659
3659
3658
3658
3656
3656
3656
3654
3653
3651
3651
3650
3650
3650
3649
3648
3648
3648
3647
3646
3645
3645
3644
3644
3644
3643
3643
3642
3641
3640
3640
3639
3639
3639
3639
3638
3636
3634
3634
3633
3631
3630
3627
3626
3625
3624
3624
3623
3622
3622
3622
3621
3620
3618
3617
3616
3616
3616
3615
3614
3613
3613
3611
3610
3610
3608
3608
3607
3605
3604
3604
3604
3603
3603
3600
3600
3598
3597
3594
3594
3594
3592
3590
3585
3584
3582
3582
3581
3580
3578
3578
3576
3576
3576
3575
3575
3575
3573
3571
3571
3570
3567
3565
3565
3565
3562
3561
3561
3560
3560
3559
3559
3558
3557
3556
3556
3555
3554
3553
3551
3548
3543
3541
3541
3541
3538
3538
3536
3535
3533
3533
3532
3530
3530
3529
3528
3528
3525
3523
3522
3522
3521
3521
3521
3521
3521
3520
3520
3519
3517
3517
3515
3514
3514
3514
3514
3513
3512
3512
3511
3511
3510
3509
3508
3508
3506
3504
3503
3502
3501
3499
3497
3497
3495
3495
3494
3491
3491
3488
3488
3488
3488
3488
3487
3486
3486
3485
3485
3484
3484
3484
3483
3480
3479
3479
3479
3479
3479
3477
3477
3476
3474
3473
3471
3471
3470
3469
3467
3467
3466
3465
3465
3464
3463
3463
3463
3456
3455
3452
3452
3452
3450
3449
3446
3445
3445
3445
3445
3444
3442
3442
3442
3442
3441
3440
3440
3439
3439
3439
3438
3438
3437
3437
3437
3436
3435
3435
3434
3434
3434
3434
3433
3433
3433
3431
3431
3430
3430
3430
3429
3428
3428
3427
3427
3427
3426
3425
3424
3424
3424
3423
3419
3419
3418
3418
3417
3415
3415
3415
3414
3412
3412
3411
3411
3410
3409
3408
3408
3408
3407
3406
3404
3404
3404
3402
3400
3399
3398
3398
3397
3397
3396
3396
3395
3394
3393
3392
3392
3390
3389
3386
3385
3385
3385
3384
3384
3384
3384
3384
3381
3378
3378
3377
3376
3376
3376
3376
3372
3371
3370
3370
3369
3368
3365
3365
3365
3363
3362
3362
3360
3358
3357
3357
3355
3353
3352
3349
3349
3348
3348
3347
3345
3343
3343
3342
3339
3339
3339
3338
3336
3335
3334
3334
3334
3333
3333
3332
3332
3332
3331
3330
3330
3329
3329
3327
3326
3324
3323
3323
3322
3321
3320
3320
3319
3318
3317
3313
3312
3306
3305
3305
3304
3303
3303
3303
3301
3298
3295
3294
3294
3292
3292
3291
3291
3291
3288
3288
3287
3287
3285
3285
3285
3284
3281
3281
3281
3280
3280
3278
3276
3275
3275
3274
3273
3273
3272
3272
3271
3270
3269
3269
3269
3266
3265
3261
3259
3258
3258
3257
3256
3256
3255
3255
3254
3254
3253
3252
3252
3249
3249
3249
3248
3247
3247
3246
3246
3246
3243
3242
3242
3242
3242
3242
3242
3241
3241
3240
3240
3239
3239
3238
3238
3237
3237
3236
3235
3235
3234
3233
3231
3231
3230
3230
3229
3229
3228
3227
3227
3226
3224
3223
3222
3222
3222
3222
3221
3220
3220
3216
3215
3214
3213
3212
3211
3210
3209
3208
3207
3207
3206
3204
3204
3202
3202
3200
3198
3198
3198
3198
3194
3194
3194
3191
3190
3190
3190
3189
3187
3186
3186
3185
3185
3185
3184
3183
3182
3178
3177
3177
3177
3177
3176
3176
3175
3173
3171
3170
3170
3168
3168
3168
3166
3164
3162
3161
3160
3160
3159
3157
3155
3154
3153
3152
3151
3151
3151
3149
3149
3148
3148
3146
3146
3141
3140
3138
3138
3137
3137
3136
3133
3131
3131
3130
3129
3128
3128
3127
3127
3125
3125
3123
3123
3122
3121
3121
3119
3118
3117
3117
3116
3114
3114
3113
3112
3112
3111
3110
3109
3109
3108
3108
3108
3107
3102
3101
3101
3100
3097
3096
3096
3095
3095
3092
3091
3091
3090
3089
3089
3089
3088
3088
3087
3087
3086
3086
3084
3084
3083
3082
3080
3080
3080
3080
3080
3078
3077
3077
3076
3076
3076
3076
3075
3074
3072
3072
3071
3070
3067
3067
3066
3065
3065
3065
3064
3064
3063
3062
3061
3061
3058
3058
3058
3057
3056
3056
3055
3054
3054
3054
3054
3048
3048
3047
3047
3047
3045
3044
3044
3043
3041
3039
3039
3038
3037
3036
3035
3034
3033
3032
3030
3029
3028
3028
3028
3027
3027
3027
3025
3024
3023
3023
3019
3017
3017
3017
3017
3016
3015
3015
3015
3015
3014
3012
3011
3011
3010
3010
3008
3008
3007
3007
3006
3005
3005
3004
3004
3003
3002
3002
3001
3001
2995
2995
2994
2994
2993
2991
2990
2990
2990
2990
2989
2987
2985
2984
2983
2981
2980
2979
2979
2977
2976
2976
2975
2974
2973
2973
2973
2973
2972
2970
2970
2970
2969
2969
2969
2969
2969
2968
2966
2964
2964
2963
2963
2963
2960
2960
2958
2958
2958
2958
2957
2956
2955
2954
2953
2952
2952
2950
2950
2949
2946
2946
2944
2943
2942
2942
2942
2940
2939
2939
2935
2934
2933
2933
2932
2931
2931
2930
2930
2930
2929
2928
2927
2925
2924
2921
2920
2920
2917
2915
2907
2907
2907
2905
2905
2904
2904
2904
2902
2902
2901
2900
2898
2897
2897
2897
2895
2893
2891
2890
2890
2890
2890
2889
2889
2887
2887
2887
2886
2884
2883
2882
2881
2881
2881
2880
2879
2878
2877
2877
2874
2873
2873
2872
2872
2871
2869
2869
2868
2865
2865
2865
2864
2862
2861
2861
2859
2855
2855
2855
2849
2848
2847
2844
2844
2843
2843
2842
2840
2839
2834
2832
2831
2830
2829
2829
2828
2827
2825
2824
2824
2824
2823
2820
2820
2815
2814
2812
2811
2811
2809
2808
2806
2805
2805
2803
2800
2799
2797
2796
2796
2796
2796
2794
2794
2792
2792
2791
2788
2786
2785
2785
2782
2779
2775
2775
2774
2772
2771
2768
2768
2767
2767
2765
2765
2765
2765
2764
2763
2763
2763
2763
2763
2762
2761
2761
2758
2755
2754
2753
2753
2753
2752
2751
2751
2750
2749
2749
2748
2747
2747
2745
2745
2741
2741
2740
2740
2739
2738
2738
2738
2738
2738
2736
2735
2735
2735
2735
2732
2731
2731
2730
2729
2728
2728
2728
2728
2728
2726
2725
2724
2724
2722
2721
2721
2721
2720
2719
2719
2719
2718
2717
2716
2716
2716
2715
2715
2713
2711
2711
2709
2707
2706
2703
2703
2701
2701
2700
2699
2697
2697
2697
2695
2694
2693
2693
2692
2690
2689
2689
2687
2686
2685
2684
2680
2679
2677
2677
2676
2675
2674
2673
2673
2672
2670
2670
2670
2669
2669
2669
2667
2664
2664
2664
2663
2663
2663
2657
2657
2657
2657
2656
2654
2653
2651
2650
2649
2649
2648
2647
2647
2646
2646
2646
2646
2644
2644
2642
2640
2640
2640
2638
2638
2637
2634
2634
2632
2632
2629
2629
2628
2626
2626
2626
2623
2621
2620
2620
2618
2618
2618
2617
2614
2612
2612
2610
2608
2608
2607
2605
2604
2603
2602
2601
2601
2599
2599
2599
2599
2597
2596
2595
2595
2594
2594
2591
2591
2590
2589
2587
2587
2586
2586
2586
2584
2582
2581
2579
2576
2575
2574
2572
2570
2570
2569
2568
2568
2567
2565
2565
2565
2563
2562
2561
2560
2558
2557
2557
2555
2555
2553
2553
2553
2553
2550
2549
2548
2546
2543
2543
2543
2543
2542
2540
2539
2535
2534
2534
2533
2532
2531
2531
2529
2529
2528
2525
2524
2523
2521
2520
2519
2518
2516
2515
2513
2509
2508
2508
2507
2505
2505
2505
2503
2503
2502
2501
2500
2499
2498
2497
2496
2494
2494
2493
2492
2492
2491
2490
2490
2488
2488
2487
2484
2483
2482
2481
2477
2476
2475
2471
2471
2471
2471
2471
2471
2471
2467
2467
2466
2466
2465
2465
2465
2460
2459
2459
2458
2458
2455
2455
2455
2451
2450
2450
2450
2450
2449
2449
2446
2444
2444
2444
2444
2444
2443
2442
2440
2440
2439
2438
2438
2437
2435
2435
2434
2434
2433
2433
2431
2427
2426
2425
2425
2425
2425
2424
2422
2421
2419
2418
2417
2416
2415
2415
2415
2415
2414
2414
2412
2412
2412
2410
2409
2407
2406
2406
2406
2404
2403
2402
2402
2402
2401
2400
2397
2396
2396
2396
2395
2395
2393
2393
2392
2389
2389
2389
2389
2388
2388
2386
2386
2385
2383
2382
2382
2380
2379
2378
2378
2377
2375
2374
2374
2374
2373
2373
2372
2371
2371
2370
2370
2369
2368
2367
2367
2367
2367
2364
2363
2362
2362
2361
2360
2360
2359
2358
2357
2356
2356
2356
2356
2355
2354
2352
2350
2349
2349
2348
2347
2344
2344
2341
2340
2337
2337
2337
2337
2334
2332
2324
2323
2323
2322
2321
2319
2317
2317
2317
2317
2317
2312
2312
2311
2311
2310
2309
2305
2305
2303
2303
2303
2303
2302
2300
2298
2298
2296
2296
2296
2296
2294
2293
2293
2290
2290
2290
2289
2286
2286
2284
2283
2283
2283
2283
2283
2280
2280
2278
2278
2275
2274
2272
2272
2272
2272
2270
2270
2270
2269
2269
2269
2269
2268
2268
2267
2267
2265
2264
2264
2263
2262
2262
2261
2261
2259
2256
2256
2255
2253
2251
2250
2248
2247
2247
2246
2246
2246
2245
2244
2242
2242
2242
2241
2240
2240
2239
2237
2235
2235
2235
2232
2231
2231
2230
2230
2227
2224
2224
2224
2224
2222
2222
2219
2219
2216
2215
2215
2215
2214
2210
2209
2208
2207
2206
2205
2205
2202
2201
2200
2200
2199
2198
2194
2193
2193
2193
2193
2192
2192
2192
2191
2190
2190
2187
2186
2186
2186
2186
2186
2184
2183
2182
2181
2180
2177
2176
2176
2174
2174
2173
2173
2172
2172
2171
2170
2169
2167
2167
2163
2163
2161
2161
2159
2157
2156
2155
2153
2152
2151
2151
2149
2148
2145
2143
2143
2142
2141
2140
2138
2138
2138
2136
2135
2134
2134
2134
2133
2133
2129
2128
2128
2128
2127
2124
2122
2121
2119
2117
2117
2116
2113
2113
2112
2109
2108
2107
2107
2106
2106
2106
2105
2105
2102
2102
2102
2101
2101
2101
2101
2100
2098
2098
2098
2098
2097
2097
2096
2096
2095
2093
2092
2092
2092
2091
2091
2088
2088
2086
2086
2083
2083
2082
2081
2079
2074
2072
2072
2072
2072
2072
2071
2069
2069
2068
2063
2063
2061
2060
2060
2059
2059
2057
2057
2056
2052
2051
2051
2050
2049
2046
2044
2044
2043
2042
2042
2041
2041
2038
2036
2036
2035
2035
2035
2034
2033
2032
2032
2031
2030
2029
2029
2028
2028
2028
2027
2027
2025
2024
2024
2023
2022
2022
2020
2017
2017
2014
2013
2013
2013
2012
2011
2005
2004
2000
1997
1996
1996
1996
1996
1995
1994
1993
1991
1990
1990
1989
1989
1989
1987
1985
1984
1983
1981
1981
1978
1976
1975
1975
1974
1974
1974
1973
1973
1973
1971
1970
1970
1968
1967
1966
1966
1965
1964
1964
1963
1963
1963
1962
1961
1959
1955
1954
1954
1952
1952
1951
1951
1951
1950
1950
1949
1948
1948
1947
1947
1945
1944
1943
1940
1940
1940
1939
1937
1936
1936
1936
1935
1934
1933
1933
1932
1931
1930
1930
1928
1927
1927
1927
1926
1925
1924
1923
1921
1918
1918
1918
1917
1917
1916
1915
1914
1914
1913
1913
1912
1912
1910
1908
1908
1907
1906
1906
1904
1900
1897
1897
1897
1895
1895
1893
1893
1888
1888
1888
1883
1880
1880
1879
1879
1878
1876
1876
1873
1872
1868
1868
1868
1863
1861
1860
1860
1859
1859
1858
1858
1854
1853
1852
1852
1848
1847
1846
1846
1845
1845
1844
1844
1843
1842
1842
1840
1840
1839
1838
1837
1835
1835
1833
1832
1831
1830
1829
1829
1828
1827
1824
1824
1823
1823
1822
1821
1820
1820
1819
1819
1819
1818
1816
1815
1814
1813
1813
1812
1810
1808
1804
1803
1803
1802
1801
1801
1800
1799
1799
1799
1797
1797
1794
1794
1792
1792
1791
1790
1790
1789
1789
1788
1787
1786
1786
1785
1783
1783
1782
1782
1780
1780
1779
1778
1778
1776
1774
1774
1773
1772
1771
1769
1768
1767
1766
1764
1761
1761
1760
1759
1758
1758
1756
1756
1752
1751
1750
1750
1750
1747
1745
1743
1740
1739
1738
1738
1737
1736
1735
1732
1729
1727
1727
1726
1726
1725
1723
1723
1720
1720
1719
1718
1716
1715
1713
1711
1709
1708
1708
1707
1706
1706
1705
1704
1704
1703
1702
1701
1698
1696
1696
1696
1695
1694
1693
1691
1690
1690
1685
1685
1682
1682
1681
1680
1679
1678
1676
1674
1673
1671
1669
1669
1668
1668
1667
1666
1666
1666
1666
1662
1662
1661
1660
1660
1658
1657
1656
1656
1654
1653
1651
1650
1649
1649
1649
1647
1645
1644
1642
1642
1641
1641
1640
1640
1639
1638
1638
1638
1632
1631
1631
1631
1630
1628
1628
1626
1624
1623
1622
1621
1620
1620
1620
1619
1619
1618
1617
1617
1614
1613
1612
1612
1611
1611
1610
1610
1610
1609
1608
1607
1607
1606
1606
1603
1603
1602
1602
1601
1601
1601
1600
1600
1599
1598
1598
1594
1594
1594
1593
1593
1593
1592
1592
1592
1592
1591
1591
1591
1590
1585
1585
1585
1585
1584
1584
1582
1581
1581
1581
1580
1579
1578
1575
1575
1574
1568
1568
1568
1564
1563
1562
1562
1561
1560
1559
1552
1550
1547
1546
1546
1545
1545
1544
1544
1544
1544
1543
1543
1543
1543
1542
1541
1537
1536
1535
1533
1533
1532
1529
1527
1526
1526
1525
1524
1523
1523
1522
1522
1522
1521
1520
1516
1515
1513
1513
1512
1512
1512
1511
1509
1505
1504
1504
1504
1503
1502
1501
1500
1498
1497
1496
1494
1494
1494
1494
1493
1493
1492
1492
1487
1485
1484
1484
1484
1483
1482
1481
1481
1480
1479
1477
1475
1471
1470
1468
1465
1465
1462
1461
1460
1457
1456
1455
1454
1449
1449
1448
1447
1447
1447
1441
1441
1440
1435
1435
1433
1431
1429
1426
1426
1425
1425
1424
1422
1422
1420
1419
1418
1414
1413
1412
1411
1410
1406
1405
1405
1405
1405
1404
1404
1403
1403
1401
1400
1400
1400
1399
1399
1398
1398
1397
1397
1397
1397
1395
1393
1392
1391
1389
1389
1389
1387
1387
1386
1386
1386
1386
1384
1382
1380
1380
1380
1378
1376
1376
1376
1374
1370
1369
1369
1365
1365
1364
1363
1363
1360
1359
1358
1357
1357
1356
1355
1353
1352
1352
1352
1351
1351
1351
1351
1351
1350
1349
1348
1348
1346
1343
1342
1341
1341
1340
1340
1340
1339
1338
1337
1335
1335
1335
1332
1327
1327
1326
1325
1324
1323
1323
1319
1317
1317
1316
1316
1313
1313
1311
1311
1308
1308
1308
1307
1300
1298
1297
1296
1295
1294
1293
1290
1289
1289
1289
1288
1288
1287
1287
1287
1286
1286
1285
1284
1284
1284
1283
1283
1283
1283
1282
1282
1280
1279
1278
1278
1277
1277
1275
1275
1275
1272
1269
1268
1267
1266
1263
1263
1261
1258
1258
1257
1257
1257
1253
1253
1250
1250
1250
1249
1248
1247
1247
1241
1240
1240
1239
1236
1233
1233
1231
1229
1228
1228
1227
1226
1226
1226
1225
1224
1224
1223
1223
1221
1221
1219
1218
1216
1216
1216
1214
1212
1211
1211
1210
1210
1209
1208
1207
1206
1205
1204
1203
1202
1202
1202
1202
1199
1197
1197
1194
1194
1191
1190
1188
1188
1186
1186
1185
1185
1184
1183
1182
1182
1181
1180
1180
1179
1179
1176
1176
1175
1173
1173
1173
1172
1172
1171
1170
1169
1168
1167
1167
1166
1164
1163
1161
1161
1160
1159
1158
1156
1154
1154
1152
1152
1152
1151
1150
1149
1146
1146
1145
1145
1145
1144
1143
1142
1142
1142
1141
1141
1140
1139
1138
1134
1134
1133
1133
1133
1131
1131
1128
1128
1128
1124
1122
1120
1120
1120
1118
1118
1118
1117
1116
1116
1116
1116
1114
1114
1113
1112
1111
1109
1108
1108
1107
1106
1106
1105
1105
1105
1104
1098
1098
1096
1093
1091
1088
1088
1087
1082
1082
1080
1079
1078
1076
1075
1075
1075
1074
1073
1071
1071
1071
1070
1070
1070
1070
1066
1065
1065
1065
1064
1064
1062
1062
1062
1061
1060
1060
1057
1057
1053
1052
1051
1051
1050
1050
1047
1045
1044
1044
1038
1038
1037
1037
1033
1031
1031
1027
1027
1026
1026
1026
1025
1025
1023
1023
1021
1021
1020
1015
1015
1014
1014
1013
1012
1011
1009
1007
1007
1006
1006
1005
1005
1004
1004
1004
1003
1002
1001
1001
999
998
996
996
995
995
995
995
994
993
993
992
991
991
990
990
987
986
984
984
983
982
981
980
980
976
976
976
976
973
973
970
970
968
967
964
964
962
961
961
960
959
957
956
955
954
953
951
951
950
949
948
948
947
946
945
945
945
944
944
940
940
938
937
936
935
935
932
931
929
928
927
925
925
924
924
921
920
918
918
916
915
911
911
910
910
908
907
906
904
904
902
901
896
895
894
893
892
889
889
889
888
883
882
882
880
880
879
879
879
878
874
874
873
873
873
871
871
870
870
870
868
868
868
867
866
866
866
865
865
864
862
862
861
861
859
858
857
856
855
854
854
854
854
853
850
849
849
847
847
847
847
847
847
843
842
841
839
839
839
836
835
835
834
834
834
833
832
831
831
831
831
830
828
826
825
824
824
822
822
822
819
819
817
816
815
814
813
812
810
809
808
806
805
804
802
802
802
801
800
800
800
798
794
793
792
790
790
789
789
789
788
787
787
783
783
783
782
782
780
778
777
777
776
774
771
771
770
768
768
768
767
767
765
765
764
762
760
760
759
758
758
758
756
756
756
756
756
754
754
753
753
752
752
752
752
751
749
748
747
746
744
739
739
737
737
736
735
735
734
733
733
732
731
729
729
728
725
723
723
722
721
719
718
718
716
716
715
715
714
714
712
711
710
709
708
708
707
707
705
705
701
700
700
699
698
698
698
698
698
695
694
693
693
692
690
690
687
687
686
684
682
681
680
678
678
677
673
671
671
668
667
667
666
666
666
665
665
663
662
660
659
658
658
657
656
656
655
654
652
652
648
646
645
645
643
639
639
639
638
637
637
636
635
634
634
633
633
633
631
630
629
629
628
626
625
624
623
623
620
620
617
616
614
613
613
613
612
611
611
610
609
609
609
608
608
607
607
607
606
606
603
602
602
602
602
602
600
599
598
597
594
593
593
591
590
589
589
589
588
588
587
587
584
583
583
581
581
581
581
581
580
580
580
579
578
575
575
574
573
573
572
572
571
570
570
567
566
564
563
563
562
562
561
561
560
559
556
555
554
553
551
551
551
550
550
549
548
548
547
545
542
541
541
540
539
539
539
536
536
535
535
535
535
534
533
533
532
531
530
529
529
526
526
526
525
525
525
524
522
521
520
517
517
516
515
513
512
512
511
503
503
501
499
499
498
495
495
493
493
492
491
489
489
486
486
486
483
482
481
479
478
477
474
474
472
471
470
467
466
466
466
466
464
463
463
463
462
462
461
460
459
457
457
455
455
454
454
453
452
452
449
449
447
446
442
442
441
439
436
436
435
434
433
431
430
429
428
427
427
427
424
423
423
422
422
421
420
419
419
417
416
415
412
410
409
408
408
408
408
407
406
406
406
403
402
401
400
399
398
397
396
393
392
389
386
384
383
382
381
380
377
376
375
375
368
364
363
363
361
360
360
357
356
356
355
355
354
353
353
352
351
349
347
345
343
343
340
339
338
338
336
335
332
332
332
330
328
324
324
323
322
322
321
320
319
319
318
318
317
316
313
312
308
306
306
306
305
304
302
302
300
300
299
298
293
292
289
288
283
281
279
277
275
274
273
272
272
271
271
271
270
270
270
270
268
267
267
266
265
264
264
264
262
262
261
261
260
257
255
254
253
252
251
250
250
249
249
248
248
248
248
248
246
245
245
244
244
243
242
241
240
237
236
235
235
234
234
233
232
232
231
231
231
228
227
227
226
223
221
221
220
218
217
217
215
211
210
208
204
202
201
200
197
196
194
194
194
193
191
190
190
190
188
187
186
186
184
183
181
179
179
179
179
178
178
177
177
176
173
167
167
167
167
166
163
161
161
161
159
158
158
157
157
156
154
154
154
153
152
151
147
147
147
146
145
144
144
143
143
142
141
141
141
140
140
138
136
134
133
133
132
132
130
130
129
129
129
127
127
126
125
124
124
123
123
121
119
117
117
117
117
114
113
110
109
108
107
107
107
106
106
105
105
104
104
103
102
102
100
100
99
99
99
98
98
98
96
94
93
92
92
91
91
90
88
88
85
84
84
83
83
81
81
80
80
78
78
77
76
74
74
73
73
72
72
70
69
68
68
67
66
61
61
60
60
59
57
57
57
57
56
56
55
53
52
52
52
51
49
49
49
46
45
43
43
42
40
38
35
34
34
34
34
33
33
32
32
31
31
31
31
30
29
29
29
28
22
22
20
20
19
17
16
16
16
14
14
14
14
13
9
7
7
6
5
2
