9999
9999
9998
9997
9995
9994
9993
9993
9993
9990
9989
9989
9987
9987
9986
9985
9985
9983
9979
9978
9978
9977
9976
9976
9975
9975
9975
9974
9974
9973
9970
9969
9969
9967
9965
9965
9964
9963
9963
9961
9960
9958
9957
9957
9956
9955
9955
9954
9954
9953
9953
9953
9952
9951
9951
9951
9949
9949
9947
9946
9946
9945
9945
9945
9944
9943
9943
9942
9942
9937
9937
9937
9936
9935
9934
9933
9932
9932
9931
9930
9930
9929
9928
9928
9928
9926
9926
9925
9924
9923
9923
9922
9922
9922
9921
9921
9920
9918
9918
9917
9917
9914
9914
9914
9913
9912
9910
9909
9908
9906
9906
9905
9903
9903
9903
9903
9901
9900
9899
9898
9895
9895
9894
9892
9892
9890
9890
9888
9888
9887
9887
9887
9884
9883
9881
9881
9881
9881
9880
9880
9880
9878
9878
9877
9877
9875
9874
9874
9873
9873
9873
9872
9869
9869
9868
9868
9868
9867
9867
9865
9863
9862
9861
9857
9857
9857
9857
9855
9855
9854
9852
9850
9848
9845
9843
9842
9838
9838
9838
9835
9834
9833
9832
9831
9830
9830
9829
9827
9826
9825
9825
9824
9823
9821
9820
9818
9816
9815
9814
9814
9813
9813
9809
9809
9808
9808
9807
9806
9804
9803
9802
9802
9802
9802
9801
9801
9801
9800
9800
9798
9798
9795
9795
9794
9794
9792
9792
9791
9791
9790
9789
9789
9788
9788
9787
9787
9786
9786
9783
9780
9779
9778
9777
9777
9775
9774
9774
9774
9773
9772
9770
9769
9769
9769
9767
9766
9766
9765
9763
9761
9757
9756
9756
9753
9753
9751
9751
9751
9750
9749
9749
9748
9747
9747
9747
9747
9746
9745
9744
9742
9741
9740
9740
9740
9736
9736
9735
9734
9732
9731
9729
9728
9727
9726
9726
9725
9725
9722
9719
9715
9714
9714
9713
9713
9710
9710
9709
9709
9709
9708
9707
9706
9706
9705
9705
9701
9700
9700
9699
9697
9693
9691
9689
9686
9686
9686
9683
9682
9681
9681
9681
9680
9680
9680
9678
9677
9676
9676
9675
9675
9675
9674
9674
9674
9672
9672
9672
9669
9669
9669
9668
9668
9667
9667
9667
9664
9662
9661
9660
9659
9659
9658
9657
9656
9656
9655
9655
9652
9651
9650
9649
9648
9646
9646
9646
9645
9644
9644
9644
9643
9643
9641
9640
9639
9638
9637
9637
9637
9635
9634
9633
9632
9632
9631
9631
9629
9628
9627
9626
9626
9625
9624
9624
9621
9619
9619
9619
9618
9616
9616
9616
9612
9611
9610
9610
9610
9608
9606
9606
9606
9606
9605
9603
9601
9600
9598
9596
9596
9590
9590
9588
9588
9587
9587
9587
9586
9584
9583
9583
9582
9582
9581
9580
9580
9580
9576
9574
9572
9571
9570
9569
9568
9568
9567
9567
9566
9563
9563
9563
9563
9562
9558
9558
9557
9557
9557
9556
9555
9555
9554
9553
9553
9552
9551
9549
9548
9547
9547
9545
9541
9540
9539
9538
9538
9536
9535
9533
9533
9532
9529
9529
9526
9521
9521
9521
9521
9520
9519
9518
9517
9517
9516
9516
9513
9513
9512
9511
9509
9509
9507
9504
9504
9504
9502
9500
9500
9499
9498
9498
9498
9498
9498
9498
9497
9497
9495
9494
9494
9493
9492
9490
9487
9487
9486
9485
9484
9484
9482
9480
9480
9478
9477
9474
9474
9473
9473
9470
9469
9469
9468
9461
9460
9459
9458
9457
9456
9454
9452
9452
9449
9447
9445
9445
9445
9444
9444
9444
9444
9443
9443
9442
9442
9441
9441
9441
9439
9438
9437
9434
9433
9433
9432
9431
9428
9425
9424
9423
9423
9423
9422
9422
9421
9420
9419
9419
9418
9418
9417
9417
9416
9416
9416
9415
9414
9413
9412
9411
9410
9410
9409
9406
9406
9405
9405
9403
9399
9399
9397
9397
9395
9393
9391
9391
9390
9389
9389
9388
9388
9385
9385
9379
9377
9377
9375
9375
9375
9374
9373
9371
9371
9370
9370
9369
9368
9368
9366
9364
9364
9362
9359
9359
9358
9356
9355
9355
9354
9352
9351
9349
9345
9337
9336
9330
9330
9327
9326
9325
9324
9324
9323
9323
9323
9321
9321
9320
9319
9318
9318
9317
9316
9314
9313
9312
9310
9303
9303
9302
9300
9298
9296
9295
9294
9291
9291
9289
9289
9288
9287
9287
9287
9284
9283
9283
9282
9281
9280
9278
9278
9277
9276
9274
9274
9270
9270
9269
9269
9268
9268
9267
9265
9265
9263
9261
9261
9258
9254
9254
9252
9251
9251
9250
9249
9248
9248
9248
9245
9243
9243
9242
9242
9241
9240
9239
9239
9239
9238
9237
9237
9237
9235
9233
9232
9232
9230
9229
9228
9227
9226
9226
9224
9223
9223
9221
9220
9219
9217
9216
9215
9214
9212
9211
9210
9210
9209
9209
9208
9208
9207
9206
9205
9203
9203
9203
9203
9202
9202
9201
9201
9201
9201
9200
9199
9199
9196
9194
9193
9193
9191
9190
9189
9187
9187
9186
9185
9184
9184
9183
9181
9180
9180
9180
9179
9178
9178
9178
9177
9176
9175
9171
9171
9171
9170
9170
9170
9169
9169
9168
9168
9167
9165
9165
9164
9164
9162
9162
9160
9160
9160
9159
9159
9158
9158
9155
9155
9152
9152
9149
9148
9146
9145
9145
9144
9144
9144
9141
9138
9137
9137
9133
9133
9129
9126
9126
9125
9125
9124
9123
9123
9122
9122
9122
9121
9118
9118
9117
9116
9115
9114
9114
9114
9109
9109
9107
9107
9104
9103
9103
9103
9101
9101
9097
9096
9095
9094
9094
9091
9090
9089
9089
9088
9083
9081
9080
9078
9076
9074
9074
9070
9070
9069
9069
9067
9067
9067
9065
9065
9065
9065
9063
9062
9061
9061
9061
9060
9060
9058
9058
9056
9055
9053
9052
9052
9052
9052
9052
9051
9049
9048
9047
9047
9046
9043
9042
9040
9040
9037
9035
9035
9034
9033
9030
9029
9027
9022
9022
9021
9021
9019
9017
9016
9015
9014
9011
9009
9008
9008
9007
9007
9004
9002
9001
9000
9000
9000
8999
8999
8998
8997
8996
8995
8994
8994
8992
8991
8990
8990
8988
8988
8988
8987
8987
8987
8987
8985
8984
8983
8982
8982
8982
8982
8981
8979
8979
8978
8977
8977
8975
8975
8974
8974
8972
8972
8970
8966
8966
8963
8962
8962
8961
8961
8960
8958
8956
8955
8954
8954
8953
8953
8952
8952
8951
8950
8950
8948
8945
8945
8943
8943
8942
8941
8941
8940
8939
8939
8939
8938
8936
8935
8935
8935
8934
8932
8931
8931
8930
8930
8929
8928
8927
8927
8926
8926
8925
8925
8924
8923
8922
8922
8922
8922
8921
8921
8919
8919
8917
8916
8916
8915
8912
8912
8911
8909
8909
8909
8909
8907
8906
8906
8905
8904
8902
8902
8899
8898
8895
8894
8894
8894
8893
8892
8891
8889
8889
8887
8886
8886
8884
8880
8880
8879
8879
8877
8876
8875
8873
8873
8873
8873
8873
8872
8871
8871
8870
8870
8869
8868
8867
8867
8867
8865
8864
8864
8864
8864
8863
8862
8858
8857
8857
8857
8856
8856
8849
8849
8848
8847
8847
8846
8844
8843
8843
8842
8841
8840
8836
8836
8836
8835
8834
8834
8834
8833
8833
8833
8831
8830
8827
8826
8825
8825
8825
8824
8822
8818
8817
8815
8814
8812
8810
8807
8806
8805
8804
8802
8802
8801
8801
8798
8797
8797
8797
8796
8796
8795
8794
8794
8792
8788
8788
8787
8786
8785
8783
8783
8783
8782
8781
8781
8779
8779
8778
8777
8776
8776
8774
8773
8772
8772
8771
8771
8770
8766
8765
8765
8764
8764
8763
8763
8763
8762
8762
8762
8760
8759
8759
8758
8757
8756
8755
8754
8754
8754
8754
8753
8753
8751
8751
8750
8749
8746
8746
8746
8745
8745
8745
8743
8742
8740
8740
8738
8737
8737
8735
8734
8733
8733
8731
8729
8728
8727
8727
8726
8726
8726
8726
8725
8725
8724
8724
8720
8720
8719
8719
8719
8718
8717
8717
8716
8716
8713
8713
8710
8710
8707
8705
8704
8704
8703
8703
8702
8702
8702
8701
8701
8700
8700
8700
8698
8697
8696
8695
8694
8694
8693
8693
8693
8692
8692
8691
8691
8690
8688
8688
8687
8685
8685
8683
8683
8682
8680
8677
8676
8676
8676
8676
8674
8674
8673
8672
8670
8669
8669
8668
8668
8667
8667
8666
8666
8665
8665
8659
8658
8657
8656
8654
8654
8653
8653
8653
8653
8653
8652
8651
8649
8649
8648
8647
8647
8647
8646
8645
8642
8642
8641
8639
8638
8638
8636
8631
8630
8628
8627
8627
8626
8625
8625
8624
8624
8623
8623
8622
8622
8622
8619
8619
8617
8616
8615
8614
8613
8612
8610
8608
8607
8607
8606
8606
8604
8603
8602
8601
8601
8599
8598
8598
8595
8595
8594
8594
8593
8592
8591
8591
8588
8587
8586
8583
8583
8583
8581
8581
8580
8578
8578
8578
8576
8574
8573
8572
8570
8570
8568
8568
8566
8565
8565
8564
8564
8564
8558
8557
8555
8555
8554
8554
8554
8552
8549
8549
8548
8548
8547
8544
8543
8542
8542
8542
8539
8538
8538
8537
8537
8536
8535
8533
8530
8530
8530
8530
8530
8529
8527
8527
8526
8525
8522
8522
8521
8521
8520
8520
8519
8516
8516
8516
8515
8514
8513
8512
8511
8505
8505
8504
8504
8503
8503
8503
8503
8500
8500
8500
8497
8496
8495
8495
8493
8491
8491
8490
8490
8490
8489
8489
8489
8487
8485
8482
8481
8481
8479
8475
8475
8475
8472
8472
8472
8470
8470
8469
8468
8467
8466
8466
8464
8463
8462
8461
8461
8460
8460
8459
8456
8451
8451
8450
8448
8444
8443
8441
8439
8439
8439
8438
8436
8435
8434
8434
8433
8432
8432
8430
8430
8430
8429
8428
8427
8427
8426
8425
8424
8423
8422
8422
8422
8420
8417
8415
8413
8412
8412
8411
8409
8407
8406
8405
8402
8402
8401
8401
8400
8400
8398
8397
8396
8395
8391
8390
8390
8389
8389
8389
8387
8387
8385
8384
8383
8383
8383
8383
8383
8380
8379
8378
8378
8377
8376
8376
8373
8372
8371
8370
8369
8369
8369
8368
8364
8363
8362
8357
8357
8357
8356
8356
8355
8353
8353
8352
8352
8351
8350
8350
8349
8346
8346
8346
8346
8345
8344
8343
8343
8342
8342
8342
8340
8339
8339
8336
8336
8335
8335
8335
8334
8333
8331
8329
8327
8326
8325
8323
8323
8322
8318
8316
8316
8314
8311
8310
8307
8307
8307
8306
8304
8304
8302
8299
8299
8299
8298
8295
8295
8294
8294
8294
8293
8293
8292
8292
8292
8290
8289
8287
8287
8286
8285
8285
8284
8281
8281
8278
8277
8277
8276
8276
8275
8275
8275
8274
8273
8272
8271
8270
8269
8269
8267
8264
8262
8260
8260
8260
8259
8259
8259
8259
8258
8258
8258
8258
8257
8257
8253
8252
8251
8249
8249
8249
8244
8244
8242
8241
8241
8240
8239
8238
8237
8236
8236
8235
8230
8229
8225
8225
8224
8222
8221
8221
8221
8220
8219
8217
8217
8213
8213
8212
8208
8208
8208
8206
8203
8201
8200
8200
8199
8195
8194
8194
8194
8193
8190
8189
8189
8188
8187
8187
8185
8183
8183
8183
8182
8181
8181
8179
8176
8175
8174
8173
8172
8172
8171
8171
8170
8169
8168
8165
8161
8161
8159
8158
8158
8158
8155
8155
8154
8154
8154
8152
8151
8151
8150
8149
8148
8147
8146
8146
8146
8145
8145
8144
8144
8143
8143
8142
8141
8139
8139
8138
8138
8137
8137
8136
8135
8135
8133
8132
8129
8129
8128
8128
8125
8124
8124
8124
8124
8123
8123
8123
8122
8121
8118
8113
8110
8108
8107
8107
8107
8106
8103
8101
8101
8100
8100
8100
8098
8098
8097
8097
8096
8096
8095
8095
8095
8094
8094
8094
8093
8091
8089
8089
8089
8085
8083
8081
8081
8081
8078
8078
8078
8077
8076
8076
8071
8070
8067
8067
8065
8065
8065
8063
8063
8061
8058
8058
8054
8053
8052
8047
8047
8042
8042
8042
8041
8040
8039
8038
8038
8038
8038
8037
8037
8036
8036
8035
8035
8035
8035
8035
8032
8031
8030
8030
8026
8025
8023
8022
8021
8021
8020
8020
8019
8018
8017
8017
8017
8016
8016
8014
8014
8013
8012
8012
8012
8011
8010
8010
8008
8008
8008
8008
8008
8006
8004
8003
7998
7997
7997
7996
7995
7992
7991
7990
7990
7987
7985
7985
7984
7981
7980
7979
7978
7977
7976
7976
7976
7974
7973
7973
7972
7971
7971
7969
7968
7968
7964
7963
7960
7959
7955
7954
7953
7948
7947
7947
7946
7943
7941
7940
7940
7937
7936
7934
7933
7932
7932
7928
7928
7927
7925
7922
7921
7920
7918
7918
7917
7917
7917
7917
7915
7914
7913
7913
7913
7912
7910
7908
7907
7907
7906
7904
7902
7901
7900
7899
7897
7896
7896
7895
7895
7895
7895
7891
7891
7889
7887
7884
7884
7883
7883
7882
7880
7880
7878
7877
7876
7876
7874
7873
7870
7870
7869
7869
7866
7865
7865
7864
7861
7860
7857
7857
7857
7855
7854
7852
7849
7849
7848
7845
7844
7844
7844
7844
7843
7842
7841
7840
7838
7838
7837
7837
7837
7836
7836
7836
7834
7831
7830
7829
7829
7828
7828
7827
7827
7827
7825
7824
7824
7823
7822
7822
7820
7819
7816
7815
7815
7813
7810
7810
7808
7808
7808
7807
7807
7806
7805
7805
7804
7804
7804
7802
7802
7801
7801
7800
7798
7798
7797
7797
7793
7791
7790
7790
7789
7788
7787
7785
7784
7784
7783
7783
7782
7782
7781
7781
7780
7779
7777
7776
7776
7775
7775
7773
7773
7772
7770
7770
7768
7768
7767
7762
7762
7762
7760
7759
7757
7757
7757
7757
7755
7755
7754
7752
7750
7750
7747
7747
7747
7745
7745
7742
7742
7741
7741
7741
7740
7739
7739
7738
7737
7736
7736
7736
7734
7733
7731
7730
7729
7728
7728
7727
7727
7726
7726
7725
7722
7721
7720
7720
7716
7715
7715
7715
7714
7713
7712
7711
7711
7709
7708
7708
7707
7707
7705
7705
7705
7702
7702
7701
7701
7701
7700
7700
7700
7699
7698
7694
7694
7694
7693
7693
7692
7692
7692
7691
7689
7689
7688
7688
7687
7685
7684
7680
7680
7680
7679
7678
7677
7674
7674
7672
7672
7672
7671
7666
7665
7663
7663
7661
7660
7659
7657
7657
7656
7656
7656
7656
7655
7655
7655
7654
7654
7653
7652
7649
7648
7646
7643
7643
7641
7641
7641
7641
7641
7640
7638
7638
7638
7637
7636
7634
7634
7629
7629
7628
7628
7627
7626
7625
7621
7621
7621
7620
7619
7619
7618
7618
7617
7616
7615
7614
7614
7613
7613
7612
7610
7610
7609
7607
7606
7606
7605
7604
7604
7602
7601
7600
7599
7597
7597
7597
7593
7591
7590
7590
7590
7589
7588
7588
7588
7585
7585
7584
7583
7581
7581
7580
7580
7580
7577
7577
7576
7575
7575
7574
7574
7574
7573
7573
7573
7570
7570
7567
7567
7566
7564
7564
7563
7562
7560
7560
7560
7558
7557
7557
7556
7554
7551
7550
7549
7549
7548
7547
7546
7546
7546
7543
7543
7542
7541
7539
7539
7539
7538
7535
7534
7534
7530
7528
7528
7527
7526
7526
7526
7525
7525
7525
7524
7521
7521
7521
7520
7519
7518
7516
7514
7514
7513
7509
7508
7508
7508
7508
7505
7505
7503
7500
7498
7496
7496
7495
7493
7491
7491
7491
7489
7488
7487
7485
7485
7485
7485
7485
7480
7479
7479
7479
7478
7477
7476
7476
7470
7469
7468
7467
7465
7463
7463
7463
7462
7462
7460
7460
7456
7455
7455
7452
7452
7451
7451
7451
7451
7451
7450
7449
7449
7448
7445
7444
7444
7443
7442
7441
7441
7441
7440
7439
7438
7435
7434
7434
7434
7430
7430
7430
7430
7430
7428
7427
7423
7423
7423
7423
7422
7419
7418
7418
7418
7415
7415
7415
7414
7414
7409
7408
7408
7408
7407
7406
7406
7404
7404
7403
7401
7401
7399
7399
7398
7398
7398
7396
7395
7393
7392
7391
7390
7390
7390
7388
7388
7385
7385
7383
7381
7380
7379
7378
7377
7377
7377
7375
7374
7374
7371
7371
7369
7369
7367
7364
7364
7363
7363
7362
7361
7360
7360
7359
7357
7356
7356
7355
7355
7355
7354
7353
7351
7348
7346
7346
7345
7345
7344
7344
7341
7341
7341
7339
7338
7338
7337
7337
7337
7336
7335
7331
7331
7330
7328
7328
7328
7327
7326
7322
7322
7321
7321
7319
7318
7318
7317
7314
7314
7314
7312
7311
7309
7307
7306
7305
7304
7303
7302
7301
7298
7298
7297
7296
7296
7295
7295
7295
7295
7294
7292
7291
7291
7291
7290
7289
7288
7288
7286
7285
7284
7283
7282
7282
7280
7280
7279
7279
7278
7277
7275
7274
7274
7274
7274
7273
7273
7272
7270
7269
7268
7268
7267
7266
7266
7265
7262
7262
7260
7260
7260
7260
7252
7251
7251
7251
7250
7250
7249
7249
7248
7248
7248
7246
7245
7240
7238
7237
7236
7233
7232
7232
7231
7228
7228
7227
7226
7226
7226
7224
7224
7223
7221
7218
7214
7214
7213
7212
7211
7210
7208
7207
7207
7205
7205
7203
7203
7201
7199
7197
7197
7192
7191
7188
7188
7187
7187
7185
7184
7184
7184
7181
7179
7179
7179
7178
7176
7174
7172
7172
7168
7164
7162
7162
7161
7161
7160
7157
7155
7155
7153
7153
7150
7149
7149
7149
7147
7147
7146
7146
7143
7143
7143
7142
7142
7141
7140
7137
7133
7133
7133
7133
7132
7128
7125
7125
7125
7124
7123
7123
7123
7122
7121
7118
7118
7116
7116
7114
7114
7110
7110
7109
7109
7108
7107
7106
7106
7104
7104
7103
7103
7102
7102
7101
7098
7098
7097
7097
7095
7094
7093
7093
7093
7093
7092
7092
7091
7091
7090
7089
7088
7088
7088
7085
7083
7083
7081
7081
7081
7081
7080
7079
7079
7079
7078
7077
7077
7076
7075
7074
7069
7069
7069
7068
7067
7064
7063
7063
7062
7061
7060
7056
7053
7051
7051
7050
7049
7048
7048
7048
7047
7045
7044
7043
7043
7042
7042
7040
7040
7035
7030
7027
7027
7027
7026
7025
7024
7023
7023
7022
7018
7018
7016
7016
7015
7014
7013
7013
7011
7011
7008
7007
7005
7005
7004
7002
7002
7001
6999
6998
6996
6995
6994
6992
6990
6989
6989
6989
6989
6988
6988
6988
6988
6987
6986
6985
6984
6983
6983
6981
6980
6980
6980
6979
6977
6977
6977
6976
6975
6973
6973
6971
6969
6967
6967
6966
6965
6964
6964
6964
6964
6962
6962
6961
6960
6959
6959
6957
6955
6954
6953
6952
6951
6951
6950
6950
6950
6950
6949
6948
6948
6948
6948
6947
6946
6945
6943
6942
6938
6938
6938
6937
6937
6936
6936
6936
6931
6930
6928
6925
6924
6924
6923
6922
6922
6921
6921
6921
6919
6918
6918
6915
6915
6911
6911
6910
6909
6908
6908
6905
6904
6904
6904
6903
6902
6902
6902
6900
6900
6899
6896
6896
6895
6894
6892
6890
6889
6888
6888
6886
6886
6885
6884
6884
6883
6880
6880
6879
6879
6879
6878
6878
6877
6876
6876
6876
6875
6874
6872
6872
6871
6867
6867
6866
6864
6863
6862
6861
6861
6860
6860
6859
6858
6858
6857
6854
6853
6853
6852
6851
6850
6850
6849
6847
6846
6846
6845
6844
6843
6843
6840
6840
6838
6838
6838
6837
6837
6837
6834
6832
6831
6830
6829
6828
6827
6826
6826
6826
6825
6824
6823
6822
6821
6820
6820
6820
6819
6818
6817
6817
6817
6816
6815
6814
6811
6809
6808
6807
6807
6804
6804
6803
6803
6802
6802
6801
6800
6799
6797
6796
6794
6793
6792
6792
6792
6792
6791
6791
6790
6789
6789
6787
6787
6787
6786
6784
6783
6782
6782
6781
6779
6778
6777
6776
6774
6771
6771
6770
6769
6768
6768
6765
6763
6763
6762
6760
6760
6759
6759
6758
6758
6758
6756
6756
6752
6752
6750
6749
6747
6743
6743
6743
6742
6741
6741
6740
6739
6739
6738
6735
6735
6735
6734
6734
6733
6731
6731
6730
6730
6729
6729
6728
6725
6725
6724
6722
6722
6721
6719
6717
6715
6715
6715
6715
6714
6714
6714
6709
6709
6708
6708
6708
6708
6703
6702
6701
6701
6701
6701
6699
6697
6697
6693
6690
6689
6688
6688
6687
6685
6684
6684
6683
6682
6681
6681
6680
6679
6678
6678
6678
6677
6677
6676
6671
6670
6669
6667
6667
6666
6666
6666
6666
6663
6663
6663
6660
6660
6660
6658
6657
6656
6655
6655
6652
6652
6649
6648
6648
6648
6648
6646
6645
6644
6643
6643
6642
6642
6642
6642
6642
6638
6635
6635
6635
6631
6630
6630
6629
6628
6627
6627
6626
6625
6624
6624
6624
6623
6623
6622
6621
6620
6615
6614
6613
6609
6609
6608
6607
6606
6605
6605
6603
6598
6597
6595
6595
6594
6594
6592
6588
6588
6587
6587
6582
6581
6580
6578
6576
6575
6575
6573
6570
6569
6568
6568
6567
6566
6566
6566
6565
6563
6563
6562
6562
6562
6560
6560
6559
6558
6558
6555
6555
6554
6553
6551
6551
6550
6547
6545
6545
6545
6544
6542
6542
6539
6538
6534
6533
6533
6532
6531
6530
6528
6528
6528
6527
6527
6525
6524
6524
6522
6522
6521
6520
6517
6517
6515
6515
6515
6515
6514
6511
6510
6508
6507
6506
6506
6506
6506
6505
6502
6501
6499
6499
6497
6497
6491
6489
6489
6489
6488
6488
6488
6487
6487
6486
6486
6484
6482
6482
6482
6481
6480
6480
6480
6479
6479
6479
6478
6477
6473
6473
6473
6472
6472
6468
6468
6465
6461
6460
6459
6458
6458
6455
6455
6453
6452
6452
6449
6448
6447
6447
6444
6441
6441
6440
6440
6439
6438
6437
6437
6437
6436
6436
6436
6435
6435
6434
6433
6432
6432
6432
6430
6428
6425
6425
6425
6424
6422
6421
6419
6418
6418
6416
6416
6415
6415
6415
6414
6414
6414
6413
6413
6412
6411
6411
6411
6410
6409
6409
6409
6409
6408
6407
6406
6406
6404
6402
6402
6400
6400
6399
6399
6397
6397
6396
6396
6396
6395
6395
6392
6390
6389
6389
6388
6388
6387
6387
6384
6384
6382
6381
6379
6378
6378
6377
6375
6370
6370
6369
6368
6368
6366
6364
6361
6360
6359
6357
6356
6356
6356
6356
6353
6353
6352
6352
6352
6351
6350
6349
6349
6343
6338
6337
6334
6333
6332
6332
6331
6329
6329
6329
6328
6328
6326
6326
6326
6325
6325
6325
6321
6320
6317
6317
6316
6314
6313
6311
6310
6307
6306
6306
6305
6305
6305
6301
6301
6300
6300
6300
6300
6299
6296
6296
6295
6295
6291
6290
6289
6289
6289
6288
6286
6286
6285
6285
6285
6285
6284
6281
6281
6280
6279
6279
6279
6279
6273
6272
6272
6271
6268
6268
6268
6268
6267
6267
6266
6266
6265
6265
6264
6263
6263
6263
6260
6260
6258
6256
6255
6254
6253
6253
6252
6251
6250
6250
6249
6247
6245
6245
6244
6243
6243
6241
6240
6239
6238
6238
6237
6235
6234
6233
6232
6232
6231
6231
6229
6228
6227
6225
6225
6224
6224
6223
6222
6222
6222
6221
6221
6221
6221
6220
6219
6219
6216
6213
6213
6213
6212
6212
6211
6211
6208
6208
6207
6207
6206
6204
6203
6202
6201
6199
6199
6199
6198
6198
6197
6197
6195
6195
6194
6193
6193
6187
6186
6185
6181
6180
6178
6178
6178
6177
6177
6175
6174
6174
6174
6172
6172
6170
6170
6170
6167
6166
6164
6162
6161
6160
6159
6159
6159
6156
6155
6153
6153
6153
6151
6148
6148
6148
6148
6146
6146
6146
6144
6141
6140
6140
6140
6139
6139
6137
6135
6134
6133
6133
6132
6132
6131
6130
6130
6129
6127
6126
6126
6126
6126
6122
6121
6118
6118
6116
6115
6114
6114
6113
6113
6112
6111
6109
6109
6107
6106
6105
6104
6102
6101
6100
6100
6100
6100
6099
6096
6096
6090
6090
6086
6086
6085
6085
6085
6083
6082
6082
6081
6078
6078
6077
6076
6076
6076
6075
6073
6073
6069
6069
6067
6067
6065
6064
6059
6059
6059
6057
6054
6053
6053
6050
6047
6046
6045
6044
6044
6044
6043
6040
6038
6035
6035
6034
6032
6030
6030
6028
6027
6026
6025
6022
6022
6022
6021
6021
6021
6020
6019
6019
6019
6019
6018
6018
6017
6017
6016
6015
6015
6012
6012
6012
6011
6011
6011
6010
6008
6007
6006
6006
6005
6005
6004
6004
6004
6002
6002
6002
6001
6000
6000
5999
5999
5998
5998
5996
5996
5994
5992
5992
5991
5989
5989
5989
5987
5986
5985
5985
5985
5984
5983
5983
5981
5980
5979
5979
5978
5976
5975
5974
5973
5972
5972
5972
5970
5969
5968
5967
5966
5965
5964
5963
5962
5962
5962
5960
5957
5956
5955
5955
5954
5954
5953
5952
5951
5950
5949
5948
5945
5944
5944
5944
5943
5942
5939
5938
5935
5935
5933
5933
5932
5932
5931
5931
5930
5930
5930
5929
5927
5926
5925
5925
5925
5924
5923
5923
5922
5920
5917
5916
5916
5915
5914
5914
5911
5911
5909
5906
5905
5903
5903
5903
5902
5901
5901
5900
5898
5897
5897
5897
5894
5889
5889
5888
5888
5887
5886
5886
5886
5882
5882
5882
5880
5880
5878
5877
5875
5875
5874
5873
5872
5871
5871
5869
5868
5866
5863
5863
5862
5861
5860
5860
5858
5856
5852
5851
5849
5848
5848
5847
5847
5846
5845
5845
5844
5843
5841
5841
5841
5839
5839
5837
5837
5837
5835
5833
5833
5833
5832
5832
5832
5829
5829
5828
5827
5827
5827
5826
5824
5822
5821
5821
5820
5820
5818
5818
5818
5816
5816
5816
5816
5816
5815
5811
5811
5811
5811
5810
5807
5806
5806
5804
5804
5803
5803
5803
5803
5802
5801
5799
5798
5797
5797
5796
5796
5795
5795
5794
5790
5789
5787
5784
5784
5780
5780
5776
5776
5773
5771
5771
5771
5771
5768
5767
5766
5764
5764
5764
5763
5762
5762
5761
5758
5758
5757
5757
5757
5756
5752
5751
5747
5746
5746
5745
5744
5741
5737
5737
5737
5737
5736
5736
5731
5731
5730
5729
5729
5727
5727
5726
5724
5721
5721
5721
5720
5719
5717
5716
5715
5715
5713
5712
5712
5712
5712
5711
5711
5711
5709
5709
5707
5707
5707
5707
5705
5705
5705
5703
5701
5699
5699
5699
5697
5697
5697
5696
5695
5695
5693
5691
5691
5690
5690
5689
5688
5686
5686
5685
5685
5684
5684
5683
5683
5681
5679
5675
5673
5671
5669
5668
5668
5668
5667
5666
5665
5661
5660
5659
5658
5655
5654
5652
5652
5648
5647
5645
5645
5645
5644
5644
5643
5641
5640
5638
5637
5637
5636
5635
5634
5632
5632
5631
5631
5630
5628
5626
5625
5622
5622
5621
5620
5620
5618
5618
5617
5615
5615
5615
5615
5615
5615
5614
5613
5613
5612
5612
5612
5611
5610
5609
5609
5608
5606
5605
5605
5605
5604
5601
5600
5600
5599
5598
5598
5597
5597
5597
5596
5595
5594
5594
5594
5593
5593
5593
5592
5591
5591
5589
5588
5587
5586
5584
5581
5581
5580
5579
5579
5578
5577
5575
5575
5575
5574
5573
5572
5571
5571
5569
5569
5569
5568
5568
5567
5566
5564
5564
5562
5559
5559
5557
5555
5554
5552
5551
5550
5550
5549
5547
5547
5543
5541
5539
5538
5536
5536
5535
5535
5533
5533
5533
5532
5531
5529
5528
5528
5528
5525
5524
5524
5524
5522
5522
5521
5520
5518
5518
5518
5517
5516
5514
5513
5512
5512
5512
5511
5511
5510
5510
5510
5509
5505
5505
5505
5503
5501
5501
5501
5500
5500
5497
5497
5496
5496
5495
5494
5494
5491
5489
5487
5486
5485
5483
5483
5483
5481
5480
5480
5480
5479
5479
5476
5472
5471
5470
5469
5468
5468
5467
5466
5466
5465
5465
5464
5463
5462
5461
5460
5458
5457
5456
5455
5453
5452
5450
5450
5450
5449
5449
5449
5447
5445
5445
5442
5441
5441
5440
5439
5439
5438
5438
5437
5437
5435
5435
5434
5434
5432
5431
5430
5429
5428
5427
5425
5424
5421
5420
5418
5418
5417
5415
5415
5414
5413
5412
5411
5411
5408
5408
5405
5405
5404
5404
5402
5402
5401
5401
5401
5401
5399
5398
5392
5392
5391
5391
5391
5390
5388
5388
5388
5387
5384
5384
5382
5382
5381
5379
5379
5379
5379
5377
5376
5375
5371
5370
5370
5369
5368
5367
5364
5364
5363
5361
5359
5358
5356
5353
5350
5349
5349
5345
5343
5343
5342
5342
5341
5340
5339
5338
5337
5337
5336
5334
5332
5332
5332
5332
5332
5331
5331
5330
5329
5327
5327
5326
5325
5325
5325
5324
5322
5321
5320
5320
5319
5318
5318
5317
5316
5316
5315
5313
5313
5310
5310
5309
5307
5305
5305
5304
5303
5300
5299
5297
5297
5295
5295
5294
5290
5290
5287
5287
5287
5287
5287
5285
5284
5283
5283
5280
5278
5278
5277
5277
5276
5275
5275
5274
5272
5272
5271
5269
5267
5267
5267
5266
5265
5265
5265
5265
5264
5264
5263
5263
5263
5262
5261
5261
5259
5259
5256
5253
5253
5253
5252
5252
5252
5252
5252
5251
5250
5250
5250
5248
5248
5247
5247
5245
5245
5245
5244
5244
5243
5243
5242
5241
5240
5234
5233
5233
5233
5229
5229
5225
5223
5222
5221
5220
5220
5220
5219
5218
5216
5216
5214
5214
5214
5213
5213
5213
5213
5212
5212
5210
5209
5209
5209
5208
5208
5207
5206
5205
5204
5202
5201
5200
5199
5198
5198
5197
5194
5193
5192
5192
5192
5189
5187
5185
5184
5184
5184
5183
5182
5180
5180
5179
5179
5179
5179
5179
5177
5175
5175
5173
5172
5170
5168
5168
5168
5167
5165
5164
5164
5163
5163
5163
5159
5159
5159
5158
5157
5156
5152
5152
5152
5152
5151
5149
5148
5148
5147
5147
5146
5146
5145
5143
5141
5141
5141
5141
5140
5139
5139
5139
5136
5135
5134
5132
5131
5131
5130
5128
5126
5124
5124
5123
5122
5118
5118
5116
5115
5115
5115
5113
5112
5109
5109
5106
5106
5106
5106
5103
5103
5100
5100
5100
5099
5098
5097
5096
5095
5091
5091
5088
5087
5086
5083
5083
5082
5082
5082
5081
5080
5079
5079
5079
5079
5078
5078
5076
5074
5073
5072
5071
5071
5070
5068
5068
5067
5066
5065
5063
5063
5062
5061
5060
5060
5058
5057
5056
5055
5054
5054
5053
5053
5052
5052
5051
5049
5048
5047
5047
5046
5046
5043
5043
5040
5039
5039
5036
5036
5035
5033
5033
5032
5032
5031
5029
5028
5026
5024
5023
5022
5022
5019
5017
5016
5014
5012
5010
5010
5008
5008
5004
5004
5004
5003
5003
5001
4999
4998
4997
4997
4992
4992
4991
4989
4988
4986
4985
4984
4981
4980
4979
4977
4976
4975
4975
4975
4975
4974
4973
4972
4970
4966
4965
4964
4964
4963
4962
4961
4959
4953
4953
4950
4950
4949
4946
4946
4945
4944
4944
4943
4943
4940
4940
4938
4935
4933
4933
4931
4930
4929
4926
4926
4925
4924
4922
4921
4920
4918
4918
4917
4917
4916
4915
4914
4912
4911
4908
4906
4904
4903
4903
4902
4901
4901
4901
4899
4898
4898
4897
4895
4894
4892
4892
4891
4890
4889
4888
4887
4887
4886
4885
4885
4884
4884
4881
4881
4881
4880
4879
4879
4876
4876
4876
4873
4873
4870
4870
4870
4869
4869
4867
4865
4864
4861
4860
4858
4857
4856
4856
4855
4853
4850
4849
4848
4847
4846
4846
4844
4842
4842
4842
4841
4841
4841
4840
4839
4839
4838
4835
4835
4834
4834
4833
4833
4831
4829
4829
4824
4824
4822
4821
4821
4821
4820
4818
4818
4818
4816
4816
4816
4816
4816
4814
4812
4812
4812
4811
4811
4811
4811
4810
4810
4809
4808
4808
4808
4806
4805
4805
4805
4804
4804
4804
4803
4802
4801
4801
4798
4797
4797
4795
4795
4795
4795
4795
4794
4793
4793
4792
4791
4791
4790
4789
4787
4784
4784
4784
4784
4783
4782
4782
4781
4779
4778
4778
4778
4777
4777
4776
4775
4774
4773
4771
4771
4769
4768
4767
4767
4767
4766
4765
4765
4764
4763
4763
4762
4759
4758
4756
4755
4754
4752
4751
4751
4750
4749
4745
4743
4742
4740
4739
4739
4738
4737
4736
4733
4731
4729
4728
4728
4727
4724
4722
4721
4720
4720
4719
4715
4711
4710
4710
4709
4708
4708
4707
4706
4706
4705
4705
4704
4704
4702
4702
4701
4701
4700
4700
4699
4699
4698
4697
4696
4696
4695
4694
4694
4693
4691
4690
4690
4688
4684
4684
4683
4681
4680
4678
4677
4676
4675
4674
4674
4674
4673
4672
4670
4670
4668
4668
4668
4667
4667
4666
4664
4662
4659
4659
4658
4657
4656
4656
4656
4655
4653
4653
4652
4651
4651
4650
4650
4648
4648
4647
4646
4646
4645
4645
4645
4643
4643
4642
4639
4638
4638
4637
4637
4636
4636
4635
4634
4634
4633
4632
4631
4630
4629
4629
4629
4627
4627
4626
4626
4626
4625
4624
4623
4622
4620
4620
4619
4619
4618
4617
4617
4616
4616
4615
4615
4613
4613
4611
4611
4611
4610
4607
4603
4601
4601
4598
4597
4595
4595
4595
4595
4594
4593
4592
4592
4591
4590
4590
4589
4589
4589
4589
4588
4588
4586
4585
4584
4582
4581
4575
4575
4574
4574
4574
4573
4572
4570
4570
4569
4567
4565
4564
4564
4563
4563
4561
4560
4560
4560
4559
4556
4556
4556
4555
4555
4555
4551
4549
4549
4548
4546
4546
4545
4544
4542
4540
4539
4537
4536
4535
4535
4532
4531
4530
4530
4529
4529
4527
4525
4523
4521
4519
4519
4517
4516
4516
4515
4515
4514
4514
4514
4514
4513
4511
4509
4507
4506
4506
4504
4503
4501
4499
4497
4496
4495
4494
4493
4492
4491
4489
4489
4489
4489
4489
4486
4486
4485
4484
4484
4480
4480
4479
4479
4478
4477
4475
4474
4473
4472
4472
4471
4470
4470
4469
4468
4468
4467
4467
4466
4466
4465
4463
4462
4460
4459
4458
4458
4456
4456
4456
4455
4455
4454
4453
4452
4452
4451
4451
4450
4450
4449
4448
4448
4446
4445
4442
4441
4440
4438
4438
4437
4437
4436
4435
4434
4433
4432
4432
4430
4430
4429
4427
4425
4424
4423
4423
4423
4421
4421
4420
4420
4418
4418
4418
4415
4414
4414
4413
4413
4411
4411
4410
4408
4407
4407
4407
4404
4403
4403
4402
4398
4397
4395
4395
4395
4394
4394
4394
4391
4391
4391
4391
4390
4389
4387
4386
4383
4383
4383
4382
4381
4380
4378
4378
4376
4375
4375
4374
4374
4373
4373
4371
4370
4369
4369
4368
4367
4366
4366
4365
4365
4364
4363
4363
4362
4361
4361
4359
4358
4358
4358
4357
4356
4354
4354
4353
4350
4349
4347
4347
4346
4344
4341
4341
4340
4337
4337
4337
4336
4336
4335
4334
4334
4333
4331
4331
4329
4329
4329
4329
4328
4328
4326
4325
4321
4321
4321
4320
4317
4317
4315
4315
4313
4312
4312
4312
4311
4311
4310
4308
4308
4307
4306
4305
4303
4303
4302
4301
4300
4299
4298
4298
4296
4296
4293
4293
4292
4287
4286
4286
4285
4284
4283
4282
4282
4280
4278
4278
4277
4274
4270
4269
4269
4269
4268
4268
4268
4265
4264
4261
4260
4260
4260
4258
4257
4257
4256
4254
4252
4251
4250
4249
4248
4248
4247
4247
4246
4246
4245
4244
4243
4243
4242
4241
4241
4241
4239
4237
4236
4234
4233
4233
4232
4232
4232
4231
4231
4230
4230
4228
4227
4227
4225
4222
4221
4221
4218
4218
4215
4213
4211
4211
4210
4207
4206
4206
4206
4205
4204
4204
4201
4200
4199
4198
4198
4197
4197
4195
4195
4194
4192
4192
4192
4190
4189
4184
4183
4183
4183
4181
4180
4180
4180
4179
4179
4176
4173
4171
4170
4169
4168
4168
4167
4166
4166
4164
4163
4163
4162
4161
4161
4160
4159
4158
4157
4156
4155
4154
4153
4153
4148
4146
4146
4145
4144
4143
4142
4140
4139
4139
4138
4136
4136
4132
4131
4131
4131
4130
4127
4127
4127
4126
4126
4125
4125
4123
4121
4120
4120
4120
4120
4118
4118
4117
4116
4114
4114
4113
4112
4112
4112
4109
4107
4106
4106
4105
4104
4104
4103
4102
4102
4099
4099
4099
4098
4098
4098
4096
4096
4095
4094
4094
4094
4093
4089
4089
4088
4087
4087
4087
4086
4086
4086
4086
4085
4085
4083
4082
4081
4081
4079
4078
4076
4076
4075
4075
4074
4073
4072
4072
4070
4069
4068
4068
4066
4063
4061
4060
4060
4058
4057
4056
4055
4054
4054
4053
4052
4051
4050
4048
4046
4043
4043
4040
4039
4039
4039
4037
4037
4036
4036
4034
4032
4032
4031
4030
4030
4029
4027
4027
4025
4023
4022
4020
4020
4019
4019
4018
4017
4015
4013
4013
4012
4012
4012
4012
4010
4010
4010
4009
4006
4005
4005
4005
4004
4002
4001
4001
4000
3999
3997
3997
3996
3995
3994
3994
3994
3993
3993
3993
3992
3991
3991
3991
3991
3991
3990
3988
3988
3986
3986
3985
3985
3984
3983
3981
3980
3979
3979
3976
3975
3971
3970
3970
3969
3968
3966
3966
3964
3964
3963
3962
3962
3960
3959
3958
3958
3956
3954
3951
3951
3950
3949
3949
3949
3948
3948
3948
3947
3946
3946
3946
3944
3943
3940
3939
3939
3938
3937
3937
3936
3934
3933
3932
3931
3931
3931
3927
3927
3925
3924
3923
3923
3922
3921
3921
3921
3920
3920
3919
3919
3918
3918
3917
3917
3915
3915
3914
3914
3914
3913
3912
3911
3911
3910
3908
3907
3907
3905
3905
3903
3903
3901
3900
3899
3899
3898
3897
3896
3895
3893
3891
3890
3889
3887
3887
3886
3885
3879
3879
3877
3877
3877
3875
3875
3875
3874
3874
3873
3872
3869
3867
3866
3865
3865
3864
3863
3862
3862
3862
3861
3861
3860
3859
3859
3859
3857
3856
3856
3855
3855
3854
3852
3851
3849
3848
3847
3846
3844
3843
3843
3842
3841
3839
3838
3838
3837
3837
3835
3834
3833
3833
3832
3832
3832
3832
3830
3829
3826
3823
3823
3823
3822
3821
3819
3818
3814
3814
3813
3811
3810
3810
3810
3808
3807
3806
3806
3805
3804
3804
3801
3801
3800
3797
3796
3794
3793
3792
3788
3787
3787
3787
3787
3786
3785
3785
3784
3782
3781
3780
3780
3780
3779
3778
3778
3777
3777
3776
3776
3776
3775
3775
3774
3774
3772
3772
3772
3769
3769
3766
3766
3765
3764
3763
3763
3763
3762
3762
3762
3759
3757
3756
3755
3754
3754
3753
3752
3752
3751
3751
3751
3749
3749
3748
3747
3746
3746
3745
3743
3742
3742
3742
3741
3741
3741
3740
3740
3738
3737
3736
3736
3735
3735
3734
3733
3732
3732
3732
3731
3728
3726
3726
3722
3721
3721
3721
3720
3719
3719
3718
3718
3717
3717
3716
3714
3711
3711
3711
3711
3710
3708
3708
3706
3704
3703
3702
3702
3700
3700
3698
3698
3697
3697
3696
3696
3694
3693
3692
3691
3691
3690
3690
3688
3687
3687
3686
3686
3685
3682
3681
3680
3680
3680
3678
3676
3676
3675
3671
3670
3669
3669
3669
3666
3666
3665
3664
3661
3658
3657
3654
3652
3651
3649
3649
3648
3648
3648
3646
3646
3646
3643
3641
3640
3639
3635
3635
3634
3633
3633
3632
3631
3631
3630
3629
3628
3627
3626
3625
3625
3622
3621
3621
3620
3619
3619
3619
3617
3617
3616
3616
3616
3616
3615
3614
3613
3613
3613
3612
3612
3610
3609
3609
3609
3606
3605
3604
3602
3602
3601
3596
3593
3591
3589
3587
3587
3586
3586
3586
3586
3585
3585
3584
3583
3581
3581
3581
3580
3579
3578
3576
3575
3575
3575
3574
3572
3570
3569
3567
3566
3566
3566
3565
3563
3563
3562
3561
3561
3560
3560
3559
3558
3558
3557
3557
3557
3555
3553
3553
3553
3552
3551
3549
3549
3548
3548
3547
3546
3546
3545
3544
3544
3544
3543
3543
3540
3540
3539
3536
3534
3534
3533
3530
3530
3529
3529
3528
3528
3528
3527
3525
3525
3524
3521
3520
3517
3513
3511
3511
3510
3509
3504
3504
3504
3501
3500
3500
3498
3497
3496
3495
3494
3493
3488
3488
3487
3487
3487
3487
3486
3485
3484
3484
3484
3484
3484
3484
3482
3482
3482
3481
3479
3478
3476
3475
3472
3471
3470
3470
3468
3466
3465
3464
3463
3462
3462
3461
3459
3459
3458
3458
3457
3456
3456
3456
3455
3453
3453
3452
3452
3451
3451
3451
3449
3447
3447
3446
3445
3445
3444
3443
3443
3438
3438
3437
3437
3435
3430
3429
3428
3428
3428
3427
3426
3426
3425
3424
3423
3422
3422
3422
3422
3422
3421
3421
3421
3421
3419
3419
3418
3416
3415
3415
3414
3414
3414
3414
3414
3413
3413
3412
3411
3407
3407
3407
3406
3405
3404
3404
3403
3401
3401
3401
3399
3398
3396
3395
3393
3393
3392
3389
3389
3388
3387
3387
3384
3383
3382
3382
3382
3382
3380
3380
3378
3378
3374
3374
3373
3372
3369
3367
3367
3365
3364
3364
3363
3362
3361
3361
3360
3359
3358
3356
3354
3354
3354
3353
3351
3351
3351
3350
3349
3346
3344
3343
3341
3341
3340
3338
3336
3335
3335
3335
3331
3330
3328
3327
3326
3324
3324
3323
3322
3320
3319
3318
3318
3318
3317
3316
3316
3315
3312
3312
3311
3308
3302
3301
3301
3300
3298
3298
3297
3297
3296
3295
3295
3294
3294
3293
3293
3293
3292
3290
3290
3290
3287
3285
3285
3284
3283
3283
3281
3281
3280
3279
3274
3273
3272
3271
3270
3270
3269
3267
3267
3267
3266
3263
3261
3260
3259
3258
3257
3257
3256
3253
3251
3250
3250
3248
3248
3247
3246
3246
3246
3245
3245
3245
3244
3241
3241
3240
3240
3240
3237
3237
3237
3236
3235
3235
3234
3232
3232
3231
3229
3227
3227
3225
3224
3224
3223
3222
3220
3219
3215
3214
3212
3210
3210
3209
3208
3208
3204
3203
3203
3202
3200
3200
3199
3197
3197
3196
3196
3195
3194
3194
3193
3192
3191
3191
3190
3190
3189
3188
3187
3185
3184
3183
3182
3181
3180
3178
3178
3178
3176
3176
3176
3174
3173
3173
3172
3172
3172
3171
3171
3169
3168
3168
3168
3165
3164
3159
3155
3155
3155
3154
3153
3152
3152
3152
3151
3150
3148
3147
3147
3147
3146
3146
3145
3144
3144
3144
3144
3143
3143
3142
3140
3140
3139
3139
3139
3138
3137
3137
3134
3133
3132
3131
3130
3130
3129
3128
3127
3126
3126
3126
3123
3123
3122
3122
3121
3120
3114
3112
3110
3109
3108
3108
3105
3104
3103
3102
3101
3101
3100
3099
3096
3093
3089
3089
3088
3088
3085
3083
3083
3082
3082
3081
3081
3081
3079
3079
3078
3077
3076
3076
3075
3075
3074
3073
3073
3072
3072
3072
3072
3071
3070
3069
3067
3067
3066
3065
3065
3064
3064
3063
3062
3058
3058
3057
3057
3056
3056
3056
3055
3051
3051
3051
3046
3044
3043
3042
3042
3041
3040
3038
3037
3037
3037
3036
3035
3034
3034
3034
3032
3030
3029
3028
3028
3025
3025
3024
3020
3019
3018
3016
3015
3011
3010
3009
3008
3007
3007
3007
3007
3006
3005
3003
3002
3002
3001
3001
3000
3000
3000
3000
3000
2999
2999
2999
2999
2999
2997
2997
2997
2997
2996
2996
2995
2992
2992
2991
2990
2990
2988
2988
2987
2987
2986
2985
2984
2982
2982
2980
2980
2980
2980
2979
2978
2977
2977
2976
2976
2976
2975
2975
2974
2973
2972
2971
2971
2970
2969
2969
2969
2968
2967
2966
2966
2966
2965
2964
2964
2964
2963
2962
2961
2961
2961
2958
2957
2956
2956
2954
2952
2950
2949
2946
2945
2945
2945
2944
2943
2942
2941
2941
2939
2938
2938
2933
2932
2931
2931
2931
2931
2930
2930
2928
2928
2926
2925
2924
2923
2923
2923
2923
2922
2922
2921
2921
2919
2919
2918
2918
2914
2912
2912
2910
2909
2908
2908
2906
2905
2903
2903
2902
2900
2898
2897
2897
2896
2895
2895
2893
2892
2892
2890
2889
2889
2886
2885
2884
2883
2883
2883
2882
2882
2880
2877
2876
2874
2872
2872
2872
2870
2870
2870
2870
2870
2870
2869
2868
2867
2867
2866
2866
2866
2864
2864
2864
2860
2858
2856
2855
2853
2851
2847
2847
2847
2846
2843
2843
2842
2842
2841
2841
2840
2839
2837
2837
2836
2834
2833
2832
2832
2832
2831
2831
2831
2831
2827
2826
2826
2825
2825
2825
2824
2822
2821
2820
2820
2819
2819
2817
2816
2815
2814
2814
2811
2810
2808
2808
2807
2805
2805
2805
2804
2804
2803
2802
2802
2802
2797
2795
2795
2795
2795
2793
2793
2791
2790
2789
2788
2788
2787
2785
2784
2783
2783
2783
2782
2782
2781
2780
2779
2779
2778
2778
2777
2777
2777
2775
2774
2771
2771
2770
2770
2766
2765
2765
2764
2763
2763
2762
2762
2762
2756
2756
2755
2753
2752
2751
2750
2750
2744
2743
2743
2742
2742
2740
2738
2736
2736
2735
2735
2733
2732
2731
2728
2728
2727
2725
2725
2725
2724
2724
2724
2721
2720
2720
2718
2717
2716
2715
2713
2713
2710
2709
2707
2706
2705
2705
2702
2701
2701
2700
2700
2698
2695
2694
2691
2691
2691
2690
2690
2688
2687
2686
2686
2686
2685
2685
2684
2683
2683
2682
2680
2680
2679
2678
2678
2678
2676
2675
2675
2674
2671
2670
2670
2669
2666
2665
2665
2664
2664
2663
2662
2659
2659
2657
2656
2656
2653
2653
2650
2650
2649
2648
2648
2646
2646
2645
2644
2644
2643
2642
2642
2640
2639
2638
2638
2636
2636
2636
2635
2635
2634
2634
2633
2631
2631
2629
2629
2627
2624
2624
2621
2620
2619
2618
2615
2615
2615
2613
2612
2612
2609
2609
2609
2608
2605
2604
2603
2603
2602
2601
2601
2598
2596
2596
2596
2595
2594
2593
2589
2589
2588
2588
2586
2586
2586
2585
2585
2584
2583
2583
2583
2581
2577
2577
2577
2576
2575
2574
2573
2571
2570
2569
2569
2568
2568
2568
2566
2566
2565
2564
2564
2564
2563
2563
2562
2560
2560
2559
2559
2557
2556
2556
2556
2555
2555
2554
2554
2553
2553
2553
2552
2552
2551
2551
2550
2550
2549
2549
2545
2545
2541
2541
2539
2539
2538
2537
2537
2537
2536
2533
2531
2531
2530
2530
2529
2528
2527
2526
2523
2522
2522
2522
2522
2521
2520
2520
2519
2518
2518
2516
2513
2512
2511
2511
2510
2508
2507
2506
2504
2502
2501
2501
2500
2498
2498
2496
2495
2494
2494
2492
2490
2489
2488
2488
2488
2487
2486
2484
2483
2482
2482
2481
2481
2478
2478
2477
2473
2472
2471
2470
2470
2469
2468
2467
2465
2465
2464
2464
2463
2461
2460
2459
2458
2456
2456
2456
2456
2455
2455
2453
2453
2452
2452
2451
2450
2448
2446
2446
2445
2444
2444
2444
2444
2443
2443
2443
2439
2439
2437
2436
2435
2434
2433
2432
2432
2431
2430
2430
2429
2427
2426
2426
2426
2423
2423
2421
2421
2421
2417
2416
2415
2412
2411
2411
2410
2410
2409
2409
2409
2408
2407
2406
2404
2402
2401
2400
2399
2397
2397
2395
2394
2394
2393
2393
2392
2388
2387
2386
2385
2384
2384
2383
2382
2382
2381
2381
2380
2380
2379
2379
2379
2379
2379
2378
2378
2377
2376
2374
2373
2373
2371
2368
2367
2364
2364
2364
2364
2364
2363
2362
2361
2360
2359
2358
2357
2356
2355
2355
2354
2353
2348
2347
2345
2344
2344
2344
2341
2340
2339
2336
2336
2332
2332
2327
2326
2325
2325
2324
2320
2319
2318
2318
2318
2317
2316
2316
2313
2312
2312
2312
2312
2311
2309
2307
2305
2305
2304
2304
2303
2302
2301
2301
2300
2299
2298
2298
2298
2298
2294
2293
2292
2291
2290
2290
2288
2287
2286
2286
2286
2285
2283
2283
2283
2283
2283
2282
2282
2280
2273
2273
2272
2271
2270
2269
2269
2269
2269
2268
2266
2265
2264
2263
2263
2263
2262
2261
2261
2260
2260
2258
2258
2254
2250
2246
2246
2244
2243
2243
2242
2239
2239
2238
2238
2237
2237
2236
2236
2236
2234
2233
2232
2232
2231
2231
2229
2228
2228
2227
2223
2223
2222
2220
2217
2216
2216
2215
2214
2214
2209
2208
2206
2206
2206
2204
2203
2201
2201
2198
2198
2198
2197
2196
2195
2195
2192
2191
2191
2190
2187
2185
2185
2184
2184
2181
2180
2179
2179
2179
2179
2176
2176
2174
2173
2172
2172
2171
2169
2167
2165
2164
2159
2158
2157
2153
2151
2151
2151
2151
2146
2145
2145
2145
2144
2143
2142
2142
2142
2141
2141
2141
2139
2136
2136
2135
2134
2133
2133
2132
2132
2132
2131
2131
2131
2131
2127
2127
2126
2124
2121
2118
2118
2117
2116
2115
2114
2114
2113
2111
2111
2111
2110
2109
2108
2108
2108
2108
2104
2103
2103
2101
2100
2100
2099
2099
2098
2098
2094
2094
2093
2091
2091
2086
2085
2080
2079
2079
2079
2079
2078
2078
2078
2076
2075
2074
2072
2072
2072
2072
2071
2070
2069
2069
2067
2067
2065
2065
2064
2063
2062
2060
2060
2059
2059
2059
2058
2058
2057
2057
2056
2054
2054
2054
2053
2051
2048
2046
2043
2042
2041
2041
2040
2040
2038
2038
2038
2036
2034
2034
2031
2031
2031
2030
2028
2028
2027
2027
2027
2027
2027
2026
2026
2025
2025
2025
2025
2024
2024
2022
2022
2019
2016
2014
2014
2012
2011
2004
2004
2003
2002
2001
2000
1999
1999
1999
1998
1998
1998
1994
1993
1991
1989
1988
1988
1985
1985
1983
1982
1981
1979
1973
1973
1972
1972
1971
1970
1969
1968
1967
1964
1963
1963
1962
1962
1961
1958
1957
1957
1957
1955
1953
1952
1949
1948
1948
1945
1943
1942
1941
1939
1937
1936
1932
1932
1932
1931
1931
1930
1927
1927
1927
1927
1926
1924
1924
1924
1923
1921
1920
1919
1919
1918
1918
1917
1912
1912
1909
1908
1902
1901
1900
1899
1898
1897
1895
1893
1893
1891
1888
1887
1886
1886
1886
1885
1884
1880
1880
1879
1879
1878
1877
1877
1876
1873
1871
1871
1869
1867
1867
1863
1863
1860
1857
1857
1853
1852
1852
1851
1850
1849
1849
1848
1848
1847
1842
1840
1839
1839
1839
1838
1838
1834
1832
1831
1830
1829
1827
1824
1824
1823
1823
1821
1821
1820
1820
1820
1818
1817
1817
1817
1817
1815
1815
1813
1812
1811
1810
1808
1808
1807
1807
1805
1802
1801
1800
1797
1797
1797
1796
1795
1795
1790
1790
1790
1789
1787
1786
1785
1784
1784
1783
1781
1780
1779
1776
1775
1773
1772
1772
1770
1770
1770
1768
1767
1766
1766
1765
1764
1763
1762
1760
1759
1759
1758
1758
1758
1758
1755
1755
1754
1752
1751
1751
1751
1750
1750
1743
1742
1741
1740
1739
1738
1737
1736
1735
1734
1733
1732
1732
1732
1731
1730
1728
1726
1726
1723
1723
1723
1722
1722
1722
1722
1721
1720
1719
1718
1716
1715
1714
1713
1706
1704
1704
1703
1701
1699
1699
1699
1699
1698
1698
1696
1696
1696
1696
1695
1694
1693
1691
1690
1690
1689
1689
1687
1687
1686
1686
1682
1679
1679
1678
1678
1676
1676
1676
1675
1674
1667
1666
1665
1664
1664
1663
1663
1663
1661
1660
1659
1658
1658
1656
1656
1656
1655
1654
1653
1652
1651
1651
1650
1649
1649
1648
1648
1648
1648
1648
1647
1646
1646
1643
1641
1636
1635
1634
1634
1633
1632
1631
1630
1630
1628
1627
1626
1626
1626
1625
1625
1623
1622
1621
1621
1619
1618
1618
1614
1614
1614
1612
1611
1610
1608
1608
1608
1607
1606
1605
1604
1604
1601
1599
1597
1593
1593
1591
1590
1589
1587
1586
1586
1585
1584
1583
1583
1582
1581
1581
1580
1580
1579
1576
1575
1575
1574
1573
1572
1571
1569
1569
1567
1566
1563
1563
1562
1562
1561
1561
1559
1558
1557
1557
1555
1554
1551
1550
1549
1548
1544
1544
1544
1542
1541
1541
1540
1540
1539
1539
1538
1535
1535
1534
1532
1532
1531
1530
1530
1529
1527
1526
1523
1522
1521
1521
1519
1519
1517
1516
1515
1514
1514
1513
1512
1512
1512
1508
1508
1508
1508
1507
1507
1507
1505
1502
1502
1500
1499
1499
1498
1498
1497
1496
1496
1494
1494
1493
1492
1490
1489
1488
1488
1487
1486
1485
1484
1482
1480
1480
1477
1476
1475
1474
1474
1474
1473
1471
1469
1468
1468
1468
1466
1466
1465
1465
1465
1464
1463
1463
1462
1460
1457
1457
1457
1455
1454
1453
1452
1452
1451
1451
1450
1449
1449
1448
1447
1446
1446
1446
1445
1444
1444
1444
1443
1441
1440
1439
1437
1437
1435
1435
1434
1434
1432
1431
1431
1431
1429
1429
1427
1426
1425
1425
1425
1425
1422
1422
1421
1420
1420
1419
1419
1419
1418
1416
1416
1415
1413
1413
1411
1411
1411
1410
1409
1408
1408
1407
1405
1405
1401
1400
1400
1400
1399
1398
1397
1394
1394
1394
1393
1392
1392
1391
1391
1390
1390
1388
1386
1385
1384
1384
1384
1383
1382
1380
1379
1379
1378
1378
1378
1378
1377
1377
1377
1376
1372
1370
1369
1369
1364
1363
1363
1363
1363
1362
1362
1362
1360
1358
1358
1356
1354
1353
1353
1352
1352
1349
1348
1348
1346
1345
1344
1342
1342
1342
1341
1341
1340
1338
1337
1336
1336
1336
1335
1335
1334
1333
1331
1331
1329
1329
1328
1328
1327
1327
1327
1327
1324
1322
1321
1321
1321
1317
1316
1315
1315
1315
1314
1314
1313
1312
1312
1311
1309
1309
1307
1305
1303
1303
1303
1303
1303
1302
1301
1300
1299
1298
1294
1291
1290
1288
1288
1288
1287
1287
1286
1283
1283
1283
1283
1282
1281
1280
1279
1278
1277
1275
1272
1272
1271
1271
1271
1271
1271
1271
1270
1267
1266
1265
1265
1264
1263
1263
1260
1258
1258
1258
1257
1256
1255
1254
1254
1253
1252
1252
1251
1250
1250
1247
1246
1246
1244
1243
1243
1242
1241
1241
1240
1239
1238
1237
1237
1236
1234
1234
1232
1232
1231
1230
1229
1229
1227
1227
1227
1226
1226
1225
1225
1224
1224
1224
1224
1223
1222
1220
1218
1217
1217
1217
1216
1214
1214
1214
1214
1212
1212
1212
1211
1209
1209
1206
1206
1205
1204
1202
1198
1198
1198
1197
1197
1196
1196
1195
1195
1194
1194
1192
1191
1190
1190
1189
1185
1178
1177
1177
1177
1176
1175
1175
1174
1173
1173
1173
1170
1168
1167
1167
1164
1164
1164
1163
1162
1161
1161
1159
1158
1155
1155
1152
1152
1152
1151
1151
1150
1150
1149
1147
1144
1143
1143
1140
1139
1139
1138
1138
1137
1136
1136
1135
1135
1134
1133
1132
1131
1130
1129
1129
1128
1126
1126
1126
1126
1124
1123
1123
1122
1121
1121
1120
1120
1119
1116
1114
1114
1113
1112
1111
1110
1109
1109
1109
1109
1108
1108
1105
1104
1104
1103
1102
1101
1098
1098
1096
1094
1094
1093
1092
1092
1092
1091
1091
1089
1089
1087
1086
1085
1085
1084
1083
1083
1082
1081
1080
1080
1079
1079
1078
1078
1076
1075
1073
1073
1070
1069
1068
1067
1066
1066
1065
1065
1062
1062
1061
1060
1060
1060
1060
1060
1058
1057
1054
1054
1054
1053
1050
1050
1049
1047
1047
1043
1043
1043
1043
1042
1041
1040
1040
1038
1037
1036
1036
1034
1033
1032
1032
1028
1026
1026
1024
1022
1022
1022
1022
1022
1020
1019
1016
1016
1016
1014
1014
1014
1012
1011
1009
1007
1007
1006
1005
1000
1000
1000
1000
999
997
996
994
992
992
991
989
986
986
982
982
981
980
979
979
978
977
977
974
974
973
971
969
967
967
967
967
966
964
963
962
959
959
958
955
954
954
953
953
953
952
951
949
949
949
942
942
942
938
933
933
930
929
928
927
926
925
925
924
923
923
922
922
921
920
920
920
917
914
912
912
909
908
907
906
905
903
901
899
898
898
897
896
896
896
894
893
892
892
892
891
890
890
889
888
888
887
887
884
883
883
883
882
882
881
880
880
879
879
878
878
877
876
874
870
868
867
867
866
866
866
865
864
863
863
862
860
859
859
858
857
856
855
855
854
854
854
854
853
852
852
851
850
850
849
846
846
846
846
845
845
844
841
840
840
840
839
837
836
834
833
832
830
830
828
828
827
827
823
822
822
820
819
819
819
819
819
818
816
816
815
815
814
814
813
811
810
810
808
808
808
807
806
806
805
804
804
804
804
799
798
798
798
797
794
794
793
793
791
789
788
788
788
788
784
782
781
781
780
780
779
776
776
769
769
765
764
763
762
761
761
760
759
758
756
755
755
755
752
751
749
749
746
745
744
743
743
742
742
740
740
739
738
738
738
737
737
737
735
735
735
733
732
732
732
731
731
728
727
726
724
724
724
722
722
721
720
718
718
717
715
712
711
711
711
709
709
709
709
709
708
707
706
706
703
700
700
700
699
699
697
697
692
692
691
690
689
688
686
685
684
684
682
682
681
680
680
680
677
677
675
674
674
674
673
673
672
671
671
671
670
669
668
668
667
666
665
661
661
659
656
656
655
653
651
651
651
647
647
646
644
642
640
640
638
637
637
637
636
634
634
633
632
632
632
631
631
631
629
627
627
626
626
625
625
624
624
623
623
622
617
617
617
616
615
615
615
614
614
613
612
611
611
610
610
610
609
606
606
604
603
601
601
601
600
597
594
593
592
591
590
590
589
586
585
584
584
583
583
582
579
577
577
574
574
573
573
568
567
567
566
566
565
563
563
561
561
560
558
556
553
552
552
552
551
550
549
548
548
546
545
545
543
542
538
538
537
536
532
530
529
529
526
525
525
524
522
520
520
520
519
519
518
517
516
514
514
512
508
506
506
505
505
505
503
502
502
502
501
501
500
499
499
497
496
496
495
493
492
490
486
483
483
481
480
479
479
479
479
478
477
477
477
474
470
469
469
467
463
462
460
460
460
460
459
459
458
457
457
456
454
454
453
452
452
451
450
449
449
448
446
445
445
445
444
442
441
441
440
439
439
437
435
435
432
431
430
428
426
426
426
425
423
422
422
421
421
417
415
415
413
413
412
410
408
405
405
404
402
402
402
401
399
398
398
398
398
397
397
396
395
395
395
394
394
392
392
392
391
388
387
387
386
386
385
385
385
383
383
381
381
380
380
380
378
378
374
372
372
371
371
370
370
370
370
369
368
368
367
367
366
365
365
364
363
362
362
360
360
360
360
359
359
356
355
355
355
353
352
352
351
349
348
348
345
344
344
343
339
338
336
336
335
334
334
328
327
327
326
325
325
325
324
324
324
322
321
320
320
318
315
312
311
310
310
310
309
308
307
306
304
304
302
301
300
299
296
296
296
295
295
294
294
293
289
286
284
284
283
282
281
280
280
278
276
275
275
274
274
273
270
269
267
267
267
266
266
262
261
260
256
256
253
251
249
247
245
242
242
241
240
239
238
238
237
236
236
235
235
235
234
232
231
231
230
228
228
226
226
225
225
225
223
222
221
221
221
219
213
211
208
208
207
202
201
198
198
197
196
195
194
193
191
191
191
189
189
188
188
188
185
183
181
181
181
180
180
178
178
177
173
172
172
170
169
168
168
168
167
167
166
166
165
164
164
164
160
158
157
156
156
156
154
152
151
150
149
148
148
147
147
147
146
145
145
144
141
136
136
135
134
132
132
129
128
127
126
126
126
123
121
121
120
117
116
116
115
114
112
111
107
106
105
105
104
104
103
103
102
102
101
98
97
96
95
94
89
88
85
84
82
82
81
81
81
79
78
77
75
74
74
73
68
68
66
65
65
65
59
59
58
56
56
55
55
53
53
52
50
49
49
49
48
48
47
47
46
44
43
42
40
40
39
38
38
36
34
34
31
31
30
29
29
27
27
27
26
23
23
22
22
22
19
15
14
13
8
7
7
7
6
5
4
1
1
0
