9999
9999
9998
9998
9998
9997
9996
9995
9994
9994
9993
9991
9991
9990
9986
9985
9985
9985
9984
9984
9983
9982
9982
9981
9980
9979
9979
9979
9979
9977
9976
9974
9974
9973
9973
9972
9972
9972
9970
9970
9968
9967
9967
9967
9964
9961
9961
9960
9957
9955
9954
9953
9952
9952
9951
9951
9950
9949
9948
9948
9947
9946
9946
9944
9944
9943
9942
9941
9940
9939
9938
9938
9936
9935
9934
9932
9930
9930
9930
9929
9929
9929
9928
9927
9920
9919
9917
9917
9916
9913
9912
9912
9911
9910
9908
9907
9907
9906
9905
9905
9905
9905
9905
9903
9902
9901
9901
9900
9897
9897
9897
9896
9896
9894
9893
9893
9891
9889
9888
9887
9885
9884
9883
9882
9882
9882
9881
9878
9877
9877
9876
9876
9874
9873
9871
9870
9870
9870
9867
9865
9863
9862
9862
9862
9861
9860
9858
9858
9857
9857
9854
9851
9851
9850
9849
9849
9848
9847
9847
9845
9845
9843
9842
9842
9841
9840
9840
9839
9837
9837
9833
9832
9831
9831
9830
9829
9829
9827
9822
9820
9819
9818
9816
9815
9815
9812
9812
9812
9811
9809
9809
9808
9808
9807
9806
9806
9805
9805
9803
9802
9801
9799
9797
9796
9795
9795
9793
9793
9793
9793
9792
9791
9790
9789
9786
9786
9786
9785
9785
9783
9777
9776
9775
9773
9773
9773
9772
9771
9769
9767
9767
9766
9765
9764
9763
9763
9762
9760
9760
9760
9760
9760
9759
9759
9757
9756
9753
9753
9752
9752
9751
9750
9750
9749
9749
9748
9748
9748
9747
9746
9746
9745
9744
9744
9743
9741
9741
9741
9739
9739
9737
9737
9736
9735
9735
9734
9734
9733
9731
9730
9730
9729
9729
9729
9728
9726
9724
9723
9723
9722
9720
9719
9714
9711
9709
9709
9709
9709
9708
9706
9705
9704
9702
9700
9699
9698
9696
9696
9694
9693
9693
9692
9691
9691
9689
9688
9687
9687
9687
9686
9686
9685
9682
9681
9680
9678
9677
9677
9676
9676
9675
9674
9674
9673
9673
9673
9673
9672
9672
9672
9671
9671
9670
9670
9669
9668
9667
9667
9665
9665
9663
9663
9659
9659
9658
9656
9654
9654
9654
9654
9653
9653
9652
9652
9651
9651
9649
9645
9645
9642
9640
9640
9638
9638
9636
9635
9635
9635
9634
9634
9631
9631
9630
9630
9630
9629
9629
9629
9627
9627
9626
9625
9625
9622
9620
9618
9615
9613
9612
9612
9611
9610
9610
9609
9608
9607
9604
9604
9604
9603
9602
9601
9600
9599
9598
9598
9598
9595
9595
9595
9594
9594
9594
9594
9593
9591
9591
9590
9589
9589
9587
9584
9584
9583
9583
9583
9582
9582
9580
9580
9579
9578
9577
9573
9572
9572
9572
9572
9570
9569
9569
9569
9568
9567
9567
9566
9566
9564
9563
9560
9560
9559
9557
9557
9556
9556
9555
9555
9551
9549
9549
9548
9548
9547
9547
9543
9542
9541
9536
9536
9532
9532
9527
9527
9525
9523
9521
9520
9515
9515
9513
9511
9510
9508
9507
9507
9507
9506
9506
9504
9502
9500
9500
9498
9498
9497
9495
9494
9493
9493
9492
9490
9490
9490
9489
9489
9489
9488
9487
9487
9487
9485
9483
9483
9482
9482
9479
9479
9477
9476
9476
9475
9475
9474
9474
9471
9470
9470
9469
9466
9465
9463
9463
9459
9456
9455
9455
9455
9454
9454
9452
9452
9449
9449
9449
9447
9446
9444
9443
9439
9439
9438
9435
9433
9432
9431
9430
9430
9429
9429
9429
9427
9426
9426
9423
9423
9422
9421
9420
9420
9419
9418
9418
9417
9417
9417
9414
9414
9414
9412
9412
9411
9411
9411
9411
9409
9408
9407
9406
9405
9405
9403
9402
9401
9401
9400
9395
9393
9392
9392
9390
9388
9387
9386
9386
9386
9385
9385
9385
9384
9383
9383
9382
9381
9380
9378
9377
9377
9376
9374
9374
9373
9373
9373
9372
9371
9371
9370
9370
9369
9369
9368
9366
9363
9363
9362
9360
9360
9358
9357
9357
9357
9355
9355
9354
9354
9353
9353
9351
9351
9350
9347
9346
9345
9344
9343
9342
9342
9341
9340
9340
9340
9339
9339
9339
9338
9338
9338
9337
9337
9337
9336
9335
9334
9331
9327
9325
9324
9324
9323
9323
9321
9321
9320
9319
9319
9316
9315
9314
9314
9313
9312
9310
9308
9307
9303
9301
9301
9300
9299
9297
9296
9295
9294
9294
9293
9293
9291
9290
9289
9288
9288
9288
9287
9286
9286
9286
9284
9282
9282
9282
9282
9282
9281
9280
9280
9280
9280
9280
9278
9278
9278
9276
9276
9276
9275
9275
9274
9273
9273
9272
9271
9271
9270
9270
9270
9268
9267
9267
9265
9265
9264
9263
9262
9262
9261
9261
9261
9260
9259
9258
9256
9256
9255
9254
9253
9253
9251
9250
9250
9249
9249
9248
9248
9246
9246
9245
9245
9241
9241
9241
9241
9240
9239
9238
9238
9238
9235
9235
9234
9233
9232
9232
9229
9228
9228
9226
9224
9224
9222
9221
9220
9220
9219
9218
9218
9218
9217
9214
9214
9211
9211
9210
9210
9210
9209
9209
9208
9207
9206
9206
9204
9204
9203
9199
9198
9197
9197
9195
9193
9193
9192
9192
9192
9191
9190
9189
9188
9187
9187
9187
9186
9183
9180
9180
9178
9176
9172
9171
9170
9170
9170
9169
9166
9166
9166
9162
9161
9158
9158
9157
9157
9157
9156
9156
9155
9154
9154
9153
9153
9150
9148
9148
9146
9146
9145
9144
9144
9143
9142
9142
9142
9141
9141
9140
9139
9139
9138
9135
9133
9131
9131
9130
9130
9129
9127
9126
9125
9125
9124
9123
9122
9121
9117
9117
9117
9115
9115
9114
9111
9111
9109
9109
9107
9107
9107
9107
9106
9105
9105
9105
9105
9104
9100
9100
9098
9097
9097
9093
9092
9092
9092
9086
9086
9080
9080
9079
9078
9075
9074
9074
9073
9072
9067
9066
9065
9065
9065
9062
9061
9058
9057
9057
9056
9055
9055
9055
9054
9053
9053
9051
9051
9050
9048
9048
9045
9045
9044
9044
9041
9039
9039
9038
9038
9035
9033
9032
9032
9029
9028
9027
9026
9023
9020
9018
9018
9018
9018
9018
9017
9016
9013
9012
9012
9011
9010
9007
9005
9004
9004
9002
9001
9001
9000
9000
8998
8998
8997
8996
8994
8994
8993
8992
8990
8990
8990
8987
8985
8979
8979
8979
8978
8977
8976
8975
8975
8972
8972
8972
8970
8968
8968
8968
8965
8965
8964
8964
8962
8962
8962
8961
8961
8960
8960
8959
8958
8957
8957
8956
8955
8953
8953
8952
8951
8951
8950
8948
8948
8948
8947
8945
8945
8944
8944
8944
8943
8943
8942
8941
8941
8941
8938
8938
8936
8936
8935
8935
8934
8934
8933
8933
8930
8930
8929
8929
8927
8924
8923
8922
8922
8921
8921
8920
8920
8915
8914
8913
8913
8913
8913
8912
8910
8910
8909
8908
8908
8908
8907
8907
8904
8903
8901
8901
8901
8900
8900
8898
8898
8896
8895
8893
8891
8888
8887
8887
8886
8885
8884
8884
8883
8882
8881
8878
8877
8875
8875
8873
8873
8873
8873
8872
8871
8870
8870
8870
8869
8868
8868
8867
8866
8865
8862
8862
8861
8859
8858
8856
8855
8855
8854
8851
8850
8849
8848
8848
8847
8846
8846
8845
8843
8843
8841
8841
8839
8838
8837
8835
8834
8833
8833
8832
8830
8830
8829
8828
8826
8826
8825
8824
8824
8821
8819
8816
8816
8816
8816
8815
8814
8814
8814
8813
8811
8809
8808
8807
8807
8807
8806
8805
8805
8802
8802
8801
8801
8800
8799
8797
8797
8796
8795
8795
8792
8792
8791
8790
8789
8787
8787
8787
8786
8785
8784
8784
8784
8782
8782
8781
8780
8780
8779
8778
8775
8773
8773
8773
8773
8771
8768
8766
8766
8764
8762
8761
8761
8760
8758
8756
8756
8756
8755
8751
8749
8746
8745
8743
8743
8741
8740
8740
8739
8739
8739
8738
8738
8737
8737
8737
8733
8731
8730
8729
8728
8728
8727
8726
8724
8723
8723
8723
8722
8722
8721
8720
8719
8718
8718
8718
8718
8717
8716
8715
8715
8713
8712
8711
8710
8710
8709
8709
8706
8706
8705
8705
8704
8704
8703
8701
8699
8699
8698
8697
8696
8695
8694
8694
8692
8691
8690
8690
8688
8688
8686
8686
8686
8685
8684
8683
8682
8682
8682
8681
8681
8680
8679
8679
8678
8678
8678
8676
8676
8675
8674
8674
8673
8672
8672
8671
8670
8667
8667
8666
8665
8664
8664
8663
8662
8661
8661
8660
8660
8660
8659
8656
8655
8653
8652
8652
8649
8648
8647
8647
8646
8643
8641
8640
8639
8638
8638
8638
8637
8637
8637
8636
8635
8633
8633
8632
8632
8631
8631
8631
8631
8630
8630
8630
8629
8628
8628
8628
8626
8625
8623
8623
8622
8622
8621
8621
8620
8618
8617
8617
8615
8614
8613
8612
8608
8608
8603
8602
8601
8598
8596
8596
8595
8592
8591
8589
8588
8586
8583
8581
8580
8574
8572
8572
8570
8570
8570
8567
8562
8561
8561
8560
8559
8559
8558
8556
8555
8555
8555
8553
8553
8553
8552
8551
8551
8551
8549
8548
8548
8547
8546
8546
8544
8540
8539
8539
8538
8538
8537
8536
8536
8535
8534
8533
8532
8529
8526
8525
8523
8522
8522
8519
8519
8518
8516
8515
8515
8514
8512
8512
8510
8509
8508
8507
8507
8506
8505
8499
8497
8497
8496
8495
8494
8493
8493
8493
8492
8490
8489
8488
8488
8487
8487
8487
8486
8485
8484
8482
8482
8482
8482
8481
8480
8480
8480
8477
8477
8474
8472
8471
8471
8471
8470
8469
8469
8468
8468
8467
8466
8466
8466
8465
8464
8464
8461
8459
8457
8457
8457
8455
8454
8454
8453
8453
8453
8452
8452
8450
8449
8449
8449
8449
8449
8448
8448
8447
8446
8446
8445
8445
8444
8444
8444
8444
8444
8444
8442
8440
8440
8439
8437
8435
8434
8434
8433
8429
8429
8427
8426
8426
8425
8425
8424
8421
8420
8420
8418
8418
8417
8411
8411
8409
8409
8408
8408
8408
8406
8406
8404
8404
8403
8403
8403
8398
8398
8397
8394
8393
8392
8391
8391
8391
8390
8389
8387
8385
8384
8382
8379
8379
8376
8376
8372
8372
8371
8371
8368
8367
8367
8363
8363
8360
8357
8357
8356
8354
8350
8347
8344
8343
8340
8338
8337
8336
8335
8335
8335
8335
8334
8334
8332
8331
8331
8330
8329
8325
8325
8324
8324
8323
8321
8319
8318
8318
8317
8316
8316
8313
8310
8309
8308
8307
8306
8306
8306
8306
8306
8302
8301
8300
8300
8299
8299
8298
8295
8295
8294
8293
8291
8290
8290
8289
8289
8287
8286
8286
8285
8285
8282
8281
8280
8278
8278
8277
8277
8276
8275
8275
8274
8273
8271
8269
8265
8264
8263
8263
8263
8262
8262
8261
8260
8259
8256
8256
8256
8256
8253
8252
8251
8251
8250
8249
8247
8247
8247
8246
8244
8244
8244
8242
8239
8239
8239
8237
8236
8236
8235
8234
8231
8230
8228
8228
8226
8225
8222
8220
8218
8216
8215
8215
8211
8210
8210
8209
8208
8206
8201
8201
8201
8200
8200
8200
8198
8198
8196
8196
8194
8193
8192
8191
8191
8191
8188
8187
8186
8186
8185
8185
8184
8183
8182
8181
8181
8176
8176
8175
8175
8174
8173
8171
8169
8167
8167
8166
8164
8162
8160
8160
8159
8158
8156
8156
8156
8156
8155
8153
8153
8153
8152
8151
8151
8150
8149
8148
8147
8147
8147
8146
8145
8144
8144
8143
8142
8142
8141
8140
8136
8135
8134
8133
8132
8132
8129
8129
8129
8128
8128
8127
8127
8127
8127
8126
8126
8126
8123
8123
8121
8117
8117
8116
8115
8112
8112
8110
8109
8106
8106
8105
8105
8104
8104
8101
8099
8098
8094
8091
8090
8089
8089
8087
8087
8086
8086
8082
8082
8080
8076
8076
8074
8073
8072
8071
8070
8066
8065
8065
8064
8064
8063
8063
8062
8059
8059
8054
8054
8053
8052
8051
8050
8047
8045
8045
8044
8044
8043
8043
8042
8042
8041
8041
8040
8040
8039
8039
8039
8039
8037
8037
8037
8036
8036
8035
8035
8034
8027
8026
8026
8024
8024
8024
8022
8022
8022
8021
8020
8020
8019
8019
8019
8019
8017
8013
8013
8012
8012
8011
8010
8010
8009
8009
8009
8004
8002
8001
8001
7994
7993
7992
7992
7991
7989
7989
7988
7986
7985
7984
7983
7983
7982
7980
7980
7979
7974
7972
7971
7970
7970
7969
7969
7969
7969
7968
7967
7966
7966
7964
7963
7962
7961
7961
7961
7960
7957
7956
7956
7955
7951
7951
7950
7950
7947
7944
7944
7944
7944
7943
7943
7942
7941
7941
7939
7938
7937
7936
7935
7935
7934
7933
7932
7932
7930
7929
7928
7928
7927
7927
7926
7924
7924
7924
7923
7923
7920
7919
7919
7918
7916
7915
7912
7910
7908
7907
7905
7904
7904
7902
7901
7899
7899
7898
7897
7897
7896
7896
7895
7893
7893
7892
7891
7891
7888
7885
7880
7879
7878
7878
7877
7876
7876
7876
7875
7875
7875
7873
7873
7872
7872
7872
7871
7871
7870
7869
7869
7865
7863
7861
7861
7860
7859
7857
7857
7856
7855
7854
7853
7852
7850
7850
7850
7849
7849
7849
7846
7844
7843
7843
7843
7842
7842
7842
7842
7842
7841
7841
7840
7840
7838
7838
7834
7834
7831
7831
7831
7831
7826
7822
7822
7822
7822
7821
7820
7819
7818
7817
7815
7813
7812
7811
7810
7810
7809
7807
7806
7805
7805
7801
7801
7800
7800
7800
7798
7797
7797
7796
7796
7795
7794
7792
7792
7791
7788
7787
7787
7784
7783
7782
7781
7779
7778
7777
7776
7776
7773
7771
7771
7769
7769
7768
7768
7767
7767
7766
7766
7764
7763
7762
7761
7761
7757
7757
7756
7754
7752
7752
7750
7749
7748
7747
7746
7744
7743
7742
7742
7742
7741
7741
7739
7739
7738
7737
7737
7736
7736
7735
7734
7733
7732
7732
7732
7731
7731
7730
7729
7728
7728
7726
7726
7725
7724
7724
7723
7723
7722
7719
7719
7719
7715
7715
7714
7714
7712
7712
7711
7711
7710
7709
7707
7707
7706
7706
7706
7705
7705
7704
7703
7702
7701
7699
7697
7696
7696
7695
7693
7692
7691
7689
7688
7687
7687
7686
7683
7679
7679
7677
7677
7676
7675
7674
7672
7672
7671
7670
7670
7670
7669
7668
7668
7668
7665
7665
7664
7663
7663
7662
7661
7659
7658
7657
7657
7655
7655
7654
7654
7653
7653
7653
7651
7651
7650
7650
7649
7649
7649
7645
7643
7641
7638
7635
7632
7629
7629
7628
7627
7627
7626
7626
7625
7624
7622
7621
7620
7619
7617
7617
7616
7615
7614
7614
7613
7609
7609
7608
7607
7607
7607
7606
7606
7604
7604
7602
7602
7598
7598
7597
7595
7595
7594
7590
7589
7587
7587
7586
7584
7584
7584
7583
7583
7582
7582
7580
7580
7580
7579
7577
7577
7575
7575
7575
7574
7574
7572
7572
7571
7570
7569
7568
7567
7567
7567
7566
7564
7563
7559
7559
7559
7558
7555
7553
7551
7551
7548
7545
7545
7544
7543
7543
7543
7543
7543
7540
7539
7538
7538
7538
7538
7537
7535
7534
7533
7533
7533
7532
7531
7531
7531
7527
7527
7527
7526
7525
7525
7525
7524
7524
7523
7522
7516
7516
7515
7515
7515
7514
7511
7510
7508
7507
7506
7506
7506
7505
7504
7503
7503
7502
7501
7501
7501
7500
7499
7499
7497
7496
7496
7495
7494
7494
7493
7492
7491
7491
7491
7489
7487
7487
7487
7486
7485
7485
7485
7482
7480
7479
7478
7478
7477
7476
7476
7475
7474
7474
7474
7474
7472
7469
7469
7468
7468
7467
7466
7464
7464
7464
7463
7463
7463
7462
7458
7456
7456
7455
7455
7453
7453
7451
7450
7450
7449
7449
7448
7447
7447
7446
7445
7445
7442
7441
7440
7438
7435
7435
7432
7431
7428
7427
7427
7426
7425
7423
7422
7422
7421
7419
7418
7418
7417
7417
7416
7412
7408
7407
7407
7406
7406
7405
7405
7403
7396
7396
7392
7391
7389
7389
7389
7388
7385
7384
7384
7384
7381
7381
7381
7381
7379
7371
7371
7370
7370
7369
7368
7366
7365
7364
7364
7364
7364
7362
7360
7359
7350
7350
7349
7349
7349
7346
7344
7343
7343
7343
7341
7340
7340
7339
7338
7338
7337
7337
7335
7334
7334
7334
7332
7332
7331
7331
7329
7326
7326
7325
7321
7321
7321
7319
7319
7318
7318
7316
7316
7314
7314
7313
7312
7311
7311
7310
7309
7307
7305
7303
7301
7300
7299
7298
7297
7296
7296
7295
7294
7293
7293
7292
7292
7292
7291
7289
7288
7286
7285
7284
7284
7284
7282
7282
7281
7281
7280
7278
7275
7275
7274
7270
7268
7267
7264
7264
7258
7257
7257
7257
7257
7256
7255
7253
7253
7252
7250
7247
7246
7245
7243
7240
7240
7240
7236
7236
7235
7234
7233
7231
7230
7228
7228
7228
7228
7227
7227
7227
7225
7224
7223
7223
7222
7222
7221
7220
7220
7217
7216
7216
7215
7215
7215
7211
7209
7208
7208
7207
7206
7203
7203
7202
7201
7201
7199
7198
7198
7196
7195
7195
7195
7194
7194
7194
7194
7193
7193
7193
7191
7187
7187
7187
7186
7185
7182
7180
7179
7178
7178
7178
7177
7176
7174
7173
7171
7171
7170
7169
7169
7167
7166
7164
7164
7163
7163
7161
7161
7160
7160
7160
7158
7157
7156
7153
7152
7151
7149
7146
7143
7143
7142
7140
7139
7138
7137
7134
7133
7133
7132
7131
7129
7128
7126
7126
7126
7126
7126
7123
7121
7119
7119
7116
7116
7115
7115
7113
7112
7110
7107
7105
7104
7104
7103
7101
7099
7099
7098
7097
7096
7096
7094
7090
7089
7089
7089
7089
7087
7087
7087
7087
7087
7086
7085
7084
7084
7084
7082
7082
7079
7077
7077
7077
7075
7074
7074
7074
7072
7071
7069
7069
7069
7068
7067
7065
7064
7061
7061
7061
7060
7060
7059
7059
7058
7057
7057
7054
7053
7050
7050
7048
7047
7047
7046
7046
7045
7044
7043
7043
7042
7042
7040
7038
7037
7037
7035
7035
7032
7030
7030
7029
7022
7018
7018
7018
7017
7016
7016
7015
7014
7011
7010
7010
7010
7008
7008
7007
7005
7005
6999
6998
6997
6996
6995
6995
6994
6994
6990
6989
6987
6985
6985
6985
6984
6982
6982
6980
6979
6979
6979
6977
6977
6977
6974
6973
6973
6971
6971
6971
6969
6969
6969
6969
6969
6969
6968
6968
6966
6966
6964
6964
6964
6962
6960
6960
6958
6957
6957
6957
6956
6955
6952
6950
6949
6949
6948
6947
6944
6940
6940
6940
6938
6938
6937
6936
6936
6936
6935
6935
6933
6929
6928
6928
6926
6926
6924
6924
6923
6921
6921
6921
6919
6917
6915
6914
6914
6913
6912
6911
6911
6907
6906
6904
6904
6903
6903
6902
6902
6902
6901
6901
6900
6899
6898
6898
6898
6898
6896
6896
6893
6893
6893
6893
6891
6891
6891
6891
6890
6889
6885
6885
6884
6883
6883
6882
6882
6881
6880
6880
6879
6877
6877
6873
6872
6871
6870
6870
6869
6866
6863
6862
6862
6862
6861
6859
6858
6857
6857
6856
6855
6853
6853
6851
6849
6847
6845
6844
6841
6840
6839
6838
6838
6837
6837
6836
6835
6835
6834
6831
6831
6829
6829
6826
6826
6826
6823
6821
6821
6820
6819
6818
6818
6818
6817
6816
6815
6815
6814
6813
6812
6810
6807
6806
6803
6802
6802
6801
6801
6800
6799
6799
6797
6797
6797
6796
6796
6792
6789
6786
6786
6786
6786
6783
6782
6779
6778
6775
6775
6774
6773
6772
6771
6770
6770
6769
6768
6766
6765
6764
6764
6764
6763
6762
6761
6761
6759
6755
6752
6751
6750
6750
6749
6749
6748
6748
6746
6746
6744
6744
6743
6742
6741
6741
6740
6740
6737
6735
6735
6734
6734
6733
6733
6733
6732
6731
6731
6729
6728
6727
6727
6726
6724
6724
6722
6722
6722
6722
6720
6718
6717
6716
6715
6714
6713
6713
6712
6712
6712
6711
6708
6708
6707
6707
6706
6706
6705
6705
6704
6703
6703
6702
6702
6701
6698
6697
6697
6697
6696
6695
6695
6694
6693
6693
6692
6690
6689
6689
6688
6686
6686
6686
6685
6684
6684
6684
6683
6682
6681
6681
6680
6679
6675
6672
6671
6671
6670
6670
6670
6666
6664
6663
6663
6663
6663
6662
6662
6661
6661
6659
6657
6657
6657
6655
6655
6653
6652
6651
6650
6650
6649
6649
6648
6648
6647
6646
6644
6641
6641
6640
6638
6637
6637
6637
6636
6636
6635
6634
6633
6632
6630
6630
6627
6625
6623
6623
6621
6619
6619
6617
6615
6613
6613
6612
6611
6610
6609
6606
6606
6606
6606
6606
6605
6605
6605
6603
6601
6600
6596
6593
6593
6591
6590
6589
6588
6586
6583
6580
6580
6579
6579
6579
6578
6577
6576
6575
6575
6575
6574
6574
6573
6572
6570
6569
6568
6565
6565
6564
6563
6562
6561
6560
6560
6558
6557
6555
6555
6554
6553
6553
6553
6552
6552
6551
6550
6550
6548
6546
6546
6543
6543
6542
6541
6540
6540
6540
6539
6539
6538
6537
6536
6531
6531
6529
6529
6526
6526
6525
6523
6522
6521
6520
6517
6516
6515
6515
6513
6512
6512
6511
6510
6508
6505
6505
6504
6504
6504
6501
6501
6499
6499
6497
6496
6495
6495
6493
6491
6489
6488
6488
6487
6485
6484
6484
6484
6484
6480
6479
6478
6477
6477
6477
6475
6474
6472
6470
6468
6468
6467
6466
6466
6464
6462
6461
6461
6461
6460
6459
6457
6457
6455
6454
6452
6451
6450
6450
6449
6448
6447
6446
6446
6445
6444
6444
6442
6441
6440
6440
6440
6435
6433
6433
6429
6426
6426
6424
6424
6423
6421
6419
6417
6415
6415
6414
6412
6411
6411
6410
6409
6408
6404
6402
6401
6401
6400
6400
6394
6394
6393
6393
6392
6390
6390
6390
6389
6388
6388
6388
6388
6387
6386
6386
6385
6385
6385
6383
6382
6381
6381
6380
6380
6379
6378
6377
6377
6375
6375
6373
6371
6370
6368
6368
6367
6367
6366
6365
6365
6364
6364
6363
6362
6362
6361
6361
6361
6360
6359
6357
6357
6355
6354
6352
6352
6351
6350
6349
6347
6346
6345
6345
6343
6343
6342
6342
6341
6338
6338
6337
6337
6337
6336
6335
6334
6332
6332
6331
6329
6328
6327
6327
6327
6326
6325
6325
6324
6324
6324
6323
6322
6321
6320
6319
6319
6318
6317
6316
6315
6313
6313
6312
6312
6312
6310
6309
6309
6305
6305
6304
6304
6302
6301
6300
6299
6298
6297
6296
6296
6295
6295
6294
6293
6293
6292
6290
6290
6289
6288
6286
6286
6285
6285
6284
6281
6281
6279
6278
6278
6277
6276
6275
6274
6274
6273
6272
6272
6272
6271
6271
6269
6268
6268
6267
6267
6267
6265
6264
6263
6263
6262
6259
6258
6256
6255
6254
6253
6252
6252
6252
6251
6250
6249
6249
6249
6248
6248
6248
6245
6245
6244
6243
6243
6242
6240
6240
6239
6238
6237
6235
6233
6233
6230
6229
6229
6228
6228
6227
6227
6225
6225
6224
6223
6222
6219
6219
6219
6218
6217
6217
6210
6209
6209
6207
6206
6206
6203
6203
6203
6202
6200
6200
6199
6198
6197
6196
6196
6196
6193
6193
6192
6191
6190
6189
6188
6188
6187
6185
6184
6184
6182
6180
6180
6177
6176
6175
6172
6171
6171
6170
6169
6169
6169
6168
6167
6167
6167
6166
6165
6165
6164
6164
6163
6161
6160
6159
6159
6157
6156
6156
6155
6155
6153
6152
6150
6150
6150
6150
6147
6147
6147
6146
6146
6143
6143
6142
6141
6140
6139
6137
6137
6137
6137
6136
6135
6134
6130
6130
6129
6128
6126
6126
6125
6125
6124
6124
6123
6122
6121
6119
6118
6114
6113
6112
6108
6108
6107
6104
6103
6103
6102
6102
6101
6099
6098
6098
6097
6096
6095
6093
6092
6091
6091
6090
6090
6089
6088
6088
6085
6085
6083
6083
6083
6080
6078
6078
6077
6076
6072
6071
6071
6069
6069
6067
6067
6066
6065
6063
6062
6062
6061
6061
6059
6058
6057
6054
6054
6050
6049
6049
6049
6047
6047
6047
6045
6044
6043
6042
6041
6039
6039
6038
6038
6038
6037
6034
6033
6032
6032
6031
6030
6029
6028
6028
6025
6023
6023
6021
6018
6017
6016
6016
6014
6013
6011
6011
6011
6010
6008
6007
6007
6007
6006
6006
6005
6005
6002
6001
5998
5995
5994
5993
5993
5993
5992
5991
5991
5990
5989
5989
5987
5986
5986
5986
5985
5984
5983
5982
5981
5981
5980
5980
5977
5976
5975
5975
5972
5971
5968
5967
5966
5963
5963
5961
5955
5952
5951
5951
5950
5949
5949
5949
5948
5945
5944
5943
5941
5940
5939
5938
5938
5937
5933
5932
5932
5930
5929
5927
5927
5927
5926
5925
5925
5924
5924
5922
5922
5921
5921
5919
5919
5919
5918
5918
5917
5917
5917
5917
5917
5916
5916
5915
5915
5914
5912
5912
5911
5910
5909
5908
5905
5905
5905
5903
5901
5899
5894
5893
5891
5889
5889
5887
5885
5884
5882
5882
5880
5879
5879
5879
5878
5878
5877
5877
5875
5875
5873
5873
5873
5873
5873
5873
5871
5870
5869
5867
5867
5867
5865
5865
5865
5864
5864
5864
5863
5862
5858
5857
5856
5856
5854
5854
5854
5853
5851
5851
5849
5849
5847
5845
5844
5841
5839
5838
5838
5837
5837
5836
5836
5836
5834
5834
5832
5831
5830
5829
5828
5825
5825
5824
5823
5823
5822
5822
5821
5818
5818
5815
5814
5814
5814
5813
5812
5812
5811
5809
5806
5805
5805
5804
5804
5804
5803
5802
5799
5799
5798
5798
5797
5796
5795
5795
5795
5795
5794
5793
5791
5791
5791
5790
5787
5786
5786
5785
5784
5783
5782
5782
5782
5781
5780
5778
5778
5777
5775
5774
5774
5772
5771
5770
5770
5770
5770
5770
5769
5769
5768
5763
5762
5759
5757
5756
5756
5755
5755
5754
5754
5753
5752
5752
5750
5748
5748
5744
5743
5740
5738
5735
5734
5732
5732
5731
5728
5727
5727
5725
5723
5721
5721
5720
5719
5717
5716
5716
5714
5713
5711
5708
5707
5706
5703
5703
5703
5701
5699
5699
5699
5698
5697
5697
5697
5696
5695
5693
5693
5693
5691
5690
5689
5688
5687
5684
5684
5684
5684
5683
5683
5682
5681
5680
5679
5679
5679
5678
5676
5675
5674
5674
5673
5671
5670
5669
5669
5668
5667
5666
5665
5665
5664
5662
5661
5661
5659
5658
5658
5656
5653
5653
5652
5650
5649
5644
5642
5641
5641
5640
5639
5638
5636
5636
5635
5635
5634
5633
5628
5627
5627
5626
5624
5622
5622
5622
5619
5619
5618
5618
5616
5615
5615
5614
5612
5611
5608
5608
5604
5603
5603
5601
5599
5599
5598
5597
5596
5596
5595
5594
5593
5591
5591
5590
5588
5588
5586
5584
5584
5583
5583
5583
5583
5582
5581
5575
5575
5573
5572
5571
5571
5570
5570
5570
5568
5568
5566
5565
5565
5564
5560
5560
5560
5559
5559
5558
5558
5558
5557
5557
5554
5554
5553
5551
5551
5550
5549
5549
5549
5545
5544
5544
5543
5542
5542
5541
5540
5539
5538
5538
5533
5531
5531
5530
5529
5527
5527
5525
5524
5520
5519
5519
5518
5518
5514
5513
5513
5511
5511
5511
5510
5507
5504
5501
5500
5500
5498
5497
5497
5495
5494
5492
5490
5485
5481
5481
5479
5477
5476
5476
5474
5473
5471
5470
5468
5467
5467
5467
5466
5466
5463
5463
5462
5462
5461
5460
5460
5459
5459
5458
5457
5457
5455
5455
5452
5451
5451
5451
5451
5449
5446
5444
5443
5443
5443
5443
5440
5439
5437
5436
5436
5435
5435
5435
5435
5431
5430
5429
5425
5424
5422
5421
5421
5421
5418
5418
5416
5416
5415
5411
5411
5410
5410
5410
5408
5408
5408
5408
5408
5407
5406
5406
5405
5404
5404
5403
5403
5403
5402
5402
5400
5399
5398
5396
5396
5394
5391
5390
5390
5387
5386
5385
5385
5384
5384
5383
5382
5378
5377
5377
5376
5373
5370
5369
5367
5366
5365
5365
5365
5363
5362
5362
5361
5360
5360
5360
5359
5359
5358
5356
5356
5356
5353
5352
5352
5352
5352
5351
5351
5350
5349
5349
5348
5345
5344
5342
5341
5340
5340
5340
5336
5334
5333
5333
5332
5331
5326
5325
5325
5325
5324
5323
5322
5321
5321
5319
5319
5314
5313
5312
5312
5312
5311
5311
5311
5310
5310
5310
5310
5310
5307
5306
5305
5305
5304
5304
5303
5302
5302
5301
5301
5301
5300
5300
5299
5299
5298
5298
5297
5295
5295
5295
5293
5293
5290
5290
5288
5287
5287
5286
5285
5284
5283
5281
5280
5279
5279
5279
5276
5275
5273
5270
5269
5267
5267
5264
5262
5259
5259
5258
5258
5257
5257
5256
5253
5253
5252
5252
5250
5248
5247
5244
5242
5242
5241
5240
5240
5239
5239
5238
5236
5233
5233
5232
5231
5230
5229
5227
5226
5226
5226
5225
5225
5223
5222
5222
5222
5220
5219
5219
5218
5217
5217
5216
5216
5215
5214
5212
5211
5211
5210
5209
5207
5206
5205
5204
5204
5204
5202
5201
5200
5198
5195
5194
5193
5192
5191
5189
5188
5188
5187
5187
5187
5185
5185
5184
5184
5183
5178
5176
5175
5175
5174
5174
5173
5171
5170
5166
5166
5166
5166
5165
5165
5165
5165
5164
5164
5163
5163
5162
5162
5162
5161
5159
5159
5158
5158
5158
5158
5157
5156
5156
5154
5154
5153
5152
5150
5149
5148
5148
5148
5147
5147
5146
5146
5145
5145
5144
5144
5143
5143
5142
5141
5141
5140
5140
5139
5138
5138
5138
5138
5137
5136
5136
5135
5134
5134
5133
5133
5132
5131
5129
5128
5128
5126
5125
5123
5122
5122
5122
5121
5121
5121
5121
5119
5118
5118
5115
5113
5112
5112
5111
5109
5109
5109
5109
5107
5106
5106
5105
5104
5104
5104
5103
5103
5101
5100
5099
5098
5097
5096
5095
5094
5094
5093
5091
5091
5091
5090
5090
5090
5089
5088
5088
5087
5086
5084
5084
5084
5083
5083
5082
5081
5080
5079
5079
5079
5078
5073
5072
5069
5068
5067
5066
5064
5063
5063
5060
5059
5058
5057
5056
5055
5054
5054
5052
5050
5049
5046
5046
5044
5044
5042
5039
5035
5035
5034
5030
5028
5028
5027
5026
5025
5022
5020
5020
5019
5019
5017
5017
5017
5017
5016
5015
5013
5013
5012
5011
5009
5007
5005
5005
5001
5000
4999
4997
4996
4995
4994
4991
4989
4989
4989
4986
4985
4984
4984
4983
4982
4981
4979
4978
4978
4978
4977
4973
4972
4972
4971
4970
4970
4969
4968
4967
4965
4964
4963
4962
4962
4962
4961
4961
4961
4961
4959
4957
4956
4956
4955
4955
4954
4953
4952
4951
4951
4949
4947
4945
4944
4944
4944
4942
4941
4939
4936
4935
4934
4933
4932
4931
4929
4928
4928
4925
4924
4924
4924
4924
4924
4923
4923
4923
4920
4920
4919
4918
4917
4915
4914
4913
4911
4908
4907
4906
4902
4901
4901
4901
4900
4898
4897
4894
4893
4892
4892
4892
4891
4890
4890
4889
4888
4887
4886
4885
4885
4885
4885
4884
4883
4882
4882
4882
4881
4880
4880
4878
4875
4874
4872
4871
4871
4867
4867
4866
4863
4862
4860
4860
4859
4858
4858
4856
4856
4855
4855
4854
4854
4854
4852
4852
4848
4848
4847
4846
4846
4843
4842
4840
4839
4838
4837
4836
4836
4835
4835
4832
4830
4830
4830
4829
4827
4826
4825
4821
4820
4819
4819
4818
4816
4815
4815
4815
4815
4812
4812
4810
4808
4807
4807
4803
4803
4802
4802
4801
4799
4799
4796
4794
4793
4791
4790
4789
4788
4788
4786
4785
4785
4783
4782
4782
4780
4778
4775
4775
4775
4774
4773
4771
4771
4769
4768
4768
4765
4762
4760
4759
4759
4758
4758
4757
4757
4756
4756
4756
4756
4755
4754
4753
4753
4752
4752
4750
4750
4748
4745
4744
4744
4742
4739
4739
4737
4737
4734
4733
4732
4732
4732
4732
4730
4729
4728
4728
4728
4725
4723
4722
4717
4716
4716
4715
4715
4714
4714
4713
4712
4710
4710
4710
4707
4706
4706
4705
4701
4701
4701
4701
4699
4697
4697
4697
4693
4692
4691
4690
4689
4689
4688
4687
4686
4686
4685
4684
4683
4682
4676
4674
4672
4671
4670
4670
4668
4668
4667
4666
4664
4663
4662
4662
4661
4661
4660
4659
4658
4657
4657
4655
4653
4653
4653
4652
4652
4652
4652
4650
4649
4649
4648
4648
4648
4648
4647
4645
4644
4642
4641
4639
4638
4636
4635
4634
4633
4632
4630
4629
4626
4626
4625
4624
4623
4622
4621
4621
4621
4620
4620
4618
4617
4615
4614
4612
4610
4609
4609
4609
4608
4607
4607
4605
4605
4604
4604
4604
4602
4602
4601
4600
4600
4600
4600
4600
4598
4597
4596
4596
4594
4592
4590
4590
4589
4588
4586
4586
4585
4585
4584
4584
4584
4583
4582
4582
4579
4576
4575
4574
4572
4566
4565
4564
4563
4563
4562
4559
4559
4559
4558
4558
4557
4556
4555
4554
4550
4550
4548
4547
4544
4544
4541
4540
4540
4540
4539
4538
4537
4536
4535
4534
4534
4534
4531
4531
4531
4530
4529
4528
4528
4528
4526
4525
4524
4521
4520
4519
4519
4519
4517
4515
4514
4514
4514
4514
4512
4511
4511
4511
4510
4509
4508
4508
4507
4507
4506
4504
4504
4503
4502
4501
4499
4499
4498
4497
4497
4496
4495
4495
4492
4491
4490
4490
4489
4487
4486
4486
4485
4484
4483
4482
4479
4477
4477
4477
4477
4476
4474
4471
4469
4468
4468
4468
4467
4466
4466
4466
4465
4463
4463
4461
4459
4458
4457
4456
4453
4452
4451
4451
4450
4449
4449
4448
4447
4445
4443
4441
4438
4438
4435
4435
4433
4433
4431
4431
4430
4430
4429
4429
4426
4426
4426
4425
4425
4422
4421
4420
4419
4418
4417
4417
4416
4416
4416
4415
4413
4411
4410
4409
4408
4407
4407
4405
4405
4404
4404
4402
4401
4401
4400
4399
4399
4399
4398
4397
4393
4392
4391
4391
4390
4389
4389
4387
4387
4387
4385
4384
4383
4379
4377
4375
4372
4372
4371
4369
4369
4367
4366
4365
4362
4361
4360
4360
4360
4358
4357
4357
4356
4356
4354
4354
4354
4353
4353
4352
4351
4350
4349
4348
4348
4347
4347
4347
4346
4345
4345
4344
4344
4343
4342
4341
4341
4340
4339
4339
4339
4338
4336
4336
4334
4333
4331
4330
4330
4329
4329
4327
4327
4322
4322
4322
4322
4320
4318
4318
4317
4316
4316
4313
4311
4310
4309
4307
4307
4307
4305
4304
4303
4300
4299
4299
4299
4299
4299
4298
4297
4297
4296
4296
4295
4295
4294
4291
4288
4288
4287
4285
4283
4283
4282
4281
4280
4279
4279
4278
4278
4278
4277
4276
4275
4273
4271
4271
4270
4270
4268
4267
4267
4267
4267
4266
4265
4264
4264
4263
4263
4263
4262
4262
4261
4260
4260
4260
4258
4258
4258
4253
4253
4252
4248
4247
4246
4246
4243
4241
4235
4235
4235
4234
4234
4233
4232
4232
4231
4230
4229
4228
4227
4227
4225
4225
4223
4222
4220
4217
4215
4215
4214
4214
4212
4212
4211
4207
4207
4207
4207
4205
4205
4203
4203
4203
4202
4201
4200
4200
4198
4197
4196
4196
4195
4195
4195
4193
4192
4191
4190
4190
4188
4187
4186
4184
4183
4182
4182
4181
4180
4178
4176
4176
4175
4175
4170
4168
4167
4167
4166
4163
4162
4161
4159
4159
4157
4153
4153
4149
4149
4149
4148
4147
4145
4144
4144
4143
4143
4143
4143
4143
4142
4142
4141
4140
4138
4138
4137
4136
4136
4135
4134
4134
4134
4134
4133
4132
4132
4131
4131
4130
4129
4128
4127
4127
4126
4125
4125
4125
4125
4124
4124
4123
4118
4118
4117
4115
4114
4114
4113
4113
4113
4106
4105
4104
4103
4100
4098
4098
4098
4097
4096
4096
4095
4094
4093
4093
4093
4092
4090
4087
4086
4086
4086
4085
4085
4084
4084
4082
4082
4080
4080
4079
4078
4076
4076
4076
4075
4075
4074
4073
4072
4071
4071
4071
4066
4065
4065
4064
4063
4062
4060
4057
4055
4055
4055
4054
4052
4051
4051
4051
4050
4048
4046
4045
4045
4043
4041
4039
4039
4037
4035
4035
4033
4033
4031
4030
4027
4025
4023
4020
4018
4017
4015
4014
4012
4010
4010
4009
4009
4008
4008
4006
4005
4003
4002
4002
4000
3999
3998
3995
3993
3993
3992
3992
3990
3990
3986
3986
3984
3983
3981
3981
3981
3979
3977
3977
3977
3976
3972
3971
3969
3969
3965
3965
3965
3963
3963
3962
3961
3959
3958
3958
3958
3958
3957
3957
3957
3956
3955
3954
3954
3954
3953
3953
3952
3952
3951
3949
3947
3947
3945
3945
3942
3941
3941
3940
3938
3937
3936
3935
3934
3934
3931
3931
3930
3929
3929
3928
3928
3926
3925
3924
3924
3924
3923
3923
3922
3920
3917
3917
3915
3911
3910
3909
3908
3907
3907
3904
3902
3900
3899
3897
3896
3896
3894
3892
3891
3891
3891
3890
3890
3889
3889
3888
3887
3886
3886
3886
3886
3886
3886
3885
3884
3883
3883
3881
3881
3880
3880
3880
3878
3876
3875
3875
3873
3873
3873
3872
3870
3869
3869
3867
3867
3866
3866
3866
3864
3864
3864
3863
3863
3862
3861
3860
3860
3859
3859
3859
3858
3855
3854
3854
3854
3853
3852
3851
3849
3849
3848
3848
3846
3846
3845
3845
3845
3844
3844
3842
3840
3840
3839
3839
3837
3837
3837
3836
3833
3832
3830
3830
3828
3828
3827
3827
3826
3826
3824
3823
3822
3821
3821
3820
3819
3819
3817
3816
3815
3815
3813
3812
3809
3809
3808
3808
3807
3807
3806
3806
3805
3805
3803
3802
3800
3798
3796
3791
3790
3790
3789
3789
3788
3788
3787
3786
3785
3784
3784
3784
3782
3780
3778
3778
3777
3777
3776
3774
3772
3772
3769
3768
3766
3761
3761
3760
3758
3758
3758
3757
3757
3756
3755
3754
3753
3753
3752
3751
3751
3748
3748
3745
3744
3743
3741
3740
3739
3739
3737
3737
3736
3735
3732
3732
3731
3731
3730
3730
3729
3729
3726
3726
3726
3724
3724
3719
3718
3717
3716
3716
3715
3714
3714
3713
3713
3712
3710
3710
3709
3709
3708
3708
3704
3704
3704
3703
3702
3701
3701
3700
3700
3700
3698
3696
3694
3693
3691
3691
3690
3690
3688
3688
3688
3687
3685
3684
3684
3683
3681
3681
3679
3679
3679
3678
3678
3676
3674
3674
3674
3674
3673
3671
3671
3670
3669
3667
3667
3666
3666
3665
3665
3660
3660
3659
3659
3658
3657
3656
3654
3654
3653
3652
3652
3652
3650
3650
3649
3648
3648
3647
3645
3639
3635
3635
3635
3635
3634
3633
3632
3631
3630
3629
3628
3624
3622
3622
3621
3620
3620
3618
3618
3618
3614
3613
3611
3610
3610
3609
3608
3607
3606
3605
3604
3603
3600
3600
3599
3599
3598
3597
3596
3595
3595
3591
3590
3589
3589
3588
3587
3587
3586
3585
3585
3583
3582
3582
3580
3580
3580
3579
3578
3578
3577
3576
3575
3573
3572
3572
3571
3571
3570
3570
3568
3567
3567
3565
3564
3563
3562
3561
3560
3560
3560
3559
3559
3556
3556
3556
3555
3555
3554
3554
3554
3553
3552
3551
3549
3549
3546
3545
3544
3544
3543
3543
3541
3539
3538
3534
3532
3530
3530
3528
3528
3527
3527
3526
3525
3525
3524
3524
3522
3521
3519
3518
3517
3516
3516
3516
3516
3513
3513
3513
3512
3511
3510
3509
3508
3507
3506
3505
3505
3504
3503
3502
3501
3495
3495
3493
3493
3490
3490
3490
3488
3487
3486
3484
3483
3480
3478
3477
3477
3476
3475
3475
3475
3473
3470
3469
3468
3466
3465
3465
3465
3464
3463
3462
3461
3461
3459
3459
3456
3455
3453
3453
3453
3452
3450
3449
3448
3447
3447
3446
3443
3442
3437
3436
3435
3432
3431
3430
3430
3430
3429
3428
3427
3427
3425
3424
3423
3422
3422
3422
3422
3421
3421
3420
3419
3418
3418
3417
3416
3416
3414
3414
3413
3411
3409
3408
3408
3406
3406
3406
3405
3404
3402
3400
3399
3398
3397
3397
3397
3397
3397
3397
3394
3394
3393
3393
3390
3389
3389
3388
3387
3387
3387
3386
3385
3385
3384
3384
3384
3384
3382
3382
3380
3380
3377
3374
3374
3374
3374
3372
3371
3371
3371
3370
3369
3369
3369
3368
3366
3365
3365
3365
3364
3363
3360
3360
3357
3356
3356
3355
3352
3352
3350
3347
3346
3346
3345
3345
3344
3344
3343
3342
3342
3340
3339
3338
3337
3337
3337
3335
3333
3332
3332
3332
3329
3329
3328
3328
3325
3323
3322
3321
3320
3319
3317
3317
3316
3315
3314
3312
3310
3309
3309
3307
3306
3305
3302
3302
3300
3300
3299
3297
3297
3296
3296
3295
3293
3292
3292
3291
3291
3289
3285
3284
3284
3284
3283
3281
3280
3279
3277
3276
3272
3272
3272
3271
3268
3267
3267
3266
3264
3263
3262
3261
3260
3257
3254
3254
3254
3251
3250
3249
3245
3243
3242
3241
3239
3239
3238
3238
3237
3237
3236
3234
3233
3232
3229
3228
3224
3223
3220
3220
3219
3218
3217
3216
3216
3215
3213
3213
3212
3211
3210
3209
3209
3208
3207
3207
3206
3206
3206
3203
3202
3202
3200
3199
3197
3197
3196
3196
3195
3194
3193
3192
3191
3190
3190
3189
3186
3186
3186
3182
3182
3182
3181
3181
3181
3180
3180
3179
3177
3176
3176
3176
3175
3174
3174
3170
3170
3169
3169
3168
3167
3167
3165
3165
3163
3161
3160
3160
3156
3155
3154
3153
3153
3152
3151
3146
3146
3145
3143
3143
3140
3140
3139
3137
3136
3134
3132
3130
3129
3127
3124
3124
3123
3123
3121
3121
3120
3120
3119
3119
3118
3118
3118
3116
3116
3115
3115
3114
3114
3112
3111
3110
3109
3109
3108
3108
3108
3107
3106
3104
3102
3100
3099
3095
3094
3093
3091
3091
3089
3088
3088
3086
3085
3085
3083
3083
3082
3082
3080
3080
3080
3080
3080
3079
3078
3077
3076
3073
3071
3069
3068
3068
3067
3066
3065
3062
3059
3058
3057
3057
3056
3055
3054
3053
3052
3049
3047
3047
3046
3045
3044
3042
3042
3041
3040
3039
3037
3035
3035
3033
3031
3031
3031
3030
3030
3029
3026
3020
3018
3018
3014
3013
3013
3012
3012
3012
3011
3010
3009
3009
3009
3008
3008
3008
3007
3006
3006
3006
3003
3001
3001
3001
3000
2994
2993
2993
2992
2992
2991
2989
2989
2988
2988
2988
2987
2986
2986
2985
2984
2983
2982
2981
2981
2980
2979
2979
2978
2977
2976
2975
2974
2973
2972
2971
2971
2970
2970
2969
2969
2969
2969
2969
2968
2968
2967
2967
2963
2963
2961
2960
2960
2959
2958
2958
2957
2953
2951
2950
2948
2948
2948
2946
2945
2944
2944
2943
2941
2939
2936
2935
2934
2933
2932
2932
2931
2931
2930
2929
2929
2929
2928
2925
2921
2921
2919
2919
2915
2914
2913
2909
2909
2909
2908
2907
2906
2906
2902
2902
2902
2902
2902
2901
2901
2900
2900
2898
2897
2894
2892
2890
2890
2889
2888
2888
2887
2887
2886
2885
2885
2883
2883
2882
2880
2879
2878
2878
2877
2876
2875
2874
2874
2874
2872
2872
2872
2871
2869
2867
2865
2865
2864
2859
2859
2857
2857
2855
2855
2855
2854
2854
2853
2848
2847
2847
2846
2843
2842
2840
2838
2837
2837
2835
2833
2832
2832
2832
2831
2830
2828
2826
2825
2825
2824
2824
2824
2823
2823
2818
2817
2816
2816
2814
2813
2812
2812
2812
2809
2809
2808
2808
2807
2806
2805
2803
2801
2801
2800
2798
2798
2797
2796
2796
2793
2790
2789
2789
2789
2788
2788
2787
2787
2787
2786
2785
2784
2784
2782
2782
2781
2780
2780
2779
2779
2779
2779
2778
2777
2776
2776
2775
2774
2772
2772
2771
2771
2771
2770
2770
2769
2768
2768
2767
2767
2764
2764
2763
2761
2761
2760
2758
2758
2757
2753
2750
2749
2749
2748
2746
2745
2744
2743
2741
2740
2737
2734
2734
2731
2729
2729
2729
2728
2727
2727
2727
2721
2720
2719
2719
2719
2713
2711
2711
2710
2707
2707
2706
2705
2704
2704
2702
2702
2701
2699
2698
2697
2696
2696
2694
2693
2691
2690
2688
2687
2686
2685
2685
2685
2682
2682
2682
2680
2680
2677
2676
2676
2675
2673
2673
2672
2669
2669
2668
2668
2667
2667
2667
2667
2663
2662
2654
2654
2654
2653
2651
2651
2650
2650
2649
2649
2648
2648
2647
2647
2647
2646
2645
2644
2644
2644
2643
2643
2642
2641
2641
2640
2640
2636
2635
2634
2632
2631
2629
2628
2628
2627
2627
2624
2624
2622
2621
2620
2619
2619
2618
2617
2616
2613
2608
2607
2606
2605
2605
2604
2603
2603
2600
2598
2597
2597
2594
2593
2593
2592
2591
2590
2588
2586
2586
2585
2584
2583
2579
2579
2578
2578
2577
2577
2577
2576
2576
2575
2575
2574
2574
2574
2573
2572
2571
2570
2570
2567
2566
2566
2565
2564
2564
2563
2562
2562
2561
2561
2561
2560
2560
2559
2555
2554
2552
2551
2550
2548
2547
2546
2545
2544
2543
2542
2540
2539
2538
2536
2536
2536
2535
2535
2532
2531
2530
2528
2527
2526
2525
2525
2524
2522
2522
2519
2518
2518
2517
2516
2515
2514
2512
2512
2512
2510
2509
2509
2509
2508
2507
2507
2506
2506
2505
2502
2501
2501
2499
2498
2497
2497
2493
2493
2493
2493
2493
2492
2492
2491
2491
2490
2490
2490
2490
2490
2490
2489
2489
2488
2487
2487
2486
2485
2485
2484
2483
2481
2479
2479
2478
2476
2476
2476
2474
2474
2473
2472
2471
2470
2469
2468
2466
2462
2462
2462
2461
2461
2460
2460
2458
2458
2458
2457
2454
2453
2453
2451
2451
2449
2448
2446
2444
2443
2443
2443
2442
2441
2440
2440
2440
2439
2439
2438
2438
2436
2435
2435
2432
2432
2432
2431
2428
2427
2426
2425
2424
2424
2423
2420
2419
2419
2418
2417
2417
2416
2416
2416
2415
2415
2414
2414
2413
2413
2412
2411
2411
2410
2409
2409
2407
2407
2406
2405
2404
2404
2404
2403
2403
2402
2402
2402
2402
2401
2401
2401
2400
2399
2396
2395
2393
2392
2391
2389
2389
2387
2387
2387
2386
2386
2385
2384
2383
2383
2382
2382
2382
2381
2378
2377
2376
2376
2374
2372
2372
2369
2368
2367
2367
2366
2364
2364
2363
2361
2361
2360
2360
2357
2356
2354
2354
2353
2353
2352
2351
2349
2347
2347
2346
2345
2344
2343
2342
2341
2340
2336
2336
2334
2333
2330
2329
2327
2327
2325
2325
2324
2324
2321
2320
2318
2318
2316
2315
2314
2314
2314
2314
2313
2313
2313
2312
2311
2311
2308
2308
2307
2307
2307
2306
2306
2304
2303
2303
2302
2301
2300
2299
2299
2298
2298
2297
2297
2297
2296
2296
2295
2295
2291
2291
2290
2289
2289
2288
2288
2287
2287
2285
2285
2285
2284
2283
2282
2280
2280
2279
2278
2277
2277
2276
2275
2273
2272
2271
2271
2271
2270
2266
2266
2266
2264
2263
2262
2262
2261
2261
2260
2260
2259
2259
2258
2258
2256
2256
2255
2253
2253
2251
2250
2250
2249
2247
2246
2246
2246
2246
2245
2243
2242
2241
2241
2240
2240
2238
2238
2236
2235
2235
2235
2234
2234
2233
2232
2230
2226
2225
2224
2223
2223
2223
2222
2221
2219
2219
2219
2219
2218
2217
2216
2215
2215
2213
2212
2212
2212
2212
2206
2206
2204
2204
2204
2203
2203
2203
2201
2201
2201
2198
2196
2196
2195
2194
2194
2194
2193
2193
2192
2191
2191
2189
2188
2188
2188
2187
2186
2186
2185
2185
2184
2182
2181
2179
2179
2178
2178
2178
2176
2175
2175
2174
2174
2172
2171
2171
2170
2166
2165
2165
2165
2164
2164
2162
2159
2159
2157
2157
2156
2155
2155
2154
2151
2150
2150
2148
2147
2145
2142
2142
2142
2139
2136
2136
2135
2135
2134
2133
2133
2133
2131
2130
2129
2129
2129
2128
2126
2124
2124
2122
2122
2122
2121
2121
2118
2118
2118
2118
2117
2117
2117
2117
2116
2116
2116
2115
2112
2112
2111
2110
2109
2109
2108
2108
2107
2107
2107
2106
2106
2102
2102
2101
2100
2099
2098
2098
2097
2093
2093
2092
2092
2091
2091
2090
2088
2087
2086
2086
2086
2086
2084
2081
2081
2080
2079
2078
2078
2076
2076
2076
2074
2074
2073
2071
2065
2065
2064
2064
2063
2062
2062
2061
2061
2059
2059
2057
2057
2055
2053
2052
2052
2052
2052
2049
2049
2048
2048
2047
2047
2046
2045
2045
2044
2043
2043
2042
2042
2042
2041
2040
2038
2036
2035
2035
2033
2033
2031
2031
2030
2030
2029
2028
2028
2026
2024
2023
2021
2019
2019
2019
2019
2019
2018
2013
2010
2010
2010
2009
2009
2007
2006
2005
2003
2003
2002
1999
1998
1997
1997
1995
1995
1993
1992
1990
1989
1987
1987
1987
1986
1984
1984
1982
1982
1981
1980
1980
1980
1978
1977
1977
1976
1975
1973
1973
1972
1972
1972
1971
1970
1968
1968
1966
1965
1964
1963
1962
1961
1960
1956
1956
1954
1954
1952
1950
1950
1949
1948
1948
1948
1946
1944
1944
1942
1941
1941
1941
1939
1937
1937
1936
1935
1934
1933
1932
1932
1931
1930
1929
1928
1926
1924
1922
1922
1922
1919
1919
1918
1917
1917
1914
1912
1912
1910
1910
1909
1906
1906
1905
1904
1902
1901
1901
1900
1898
1896
1896
1893
1892
1891
1890
1889
1885
1884
1884
1880
1879
1878
1877
1872
1869
1869
1864
1863
1863
1862
1861
1859
1858
1858
1858
1858
1857
1856
1854
1854
1854
1854
1853
1853
1850
1850
1845
1840
1839
1839
1838
1838
1836
1836
1836
1832
1831
1831
1830
1830
1826
1824
1822
1821
1821
1819
1819
1819
1818
1818
1818
1817
1817
1816
1814
1814
1814
1811
1810
1809
1809
1808
1807
1806
1805
1803
1798
1798
1797
1796
1795
1795
1794
1794
1792
1792
1792
1791
1788
1788
1785
1783
1783
1782
1782
1780
1780
1774
1772
1772
1770
1770
1769
1769
1769
1768
1768
1766
1766
1765
1764
1764
1761
1760
1759
1759
1758
1758
1757
1756
1756
1755
1753
1752
1747
1747
1745
1743
1743
1742
1740
1740
1740
1739
1738
1737
1736
1736
1735
1734
1733
1733
1729
1729
1728
1728
1727
1727
1725
1725
1725
1721
1720
1720
1719
1718
1717
1716
1716
1716
1715
1715
1713
1712
1711
1711
1709
1702
1702
1702
1701
1700
1699
1698
1695
1693
1693
1693
1690
1689
1689
1689
1687
1687
1685
1684
1682
1681
1680
1680
1680
1680
1678
1677
1676
1675
1675
1674
1673
1672
1669
1669
1667
1666
1664
1661
1658
1657
1655
1654
1654
1654
1653
1650
1650
1649
1648
1647
1647
1647
1647
1646
1638
1637
1635
1634
1633
1633
1632
1631
1631
1629
1628
1627
1626
1625
1624
1624
1624
1623
1620
1619
1618
1618
1618
1617
1615
1611
1611
1610
1610
1609
1608
1607
1605
1604
1603
1603
1600
1598
1598
1596
1595
1595
1592
1592
1592
1592
1591
1591
1590
1590
1589
1586
1584
1583
1580
1580
1579
1578
1576
1576
1575
1575
1575
1574
1574
1574
1574
1574
1573
1572
1571
1571
1571
1570
1570
1568
1568
1567
1567
1567
1566
1566
1565
1563
1562
1562
1559
1559
1557
1556
1554
1554
1554
1553
1552
1551
1551
1549
1549
1548
1548
1547
1547
1547
1546
1545
1544
1541
1540
1540
1534
1533
1532
1532
1531
1530
1529
1529
1526
1525
1524
1520
1520
1519
1517
1517
1516
1514
1512
1511
1511
1510
1510
1509
1508
1506
1505
1505
1504
1503
1502
1502
1500
1500
1499
1491
1491
1485
1483
1481
1479
1477
1477
1477
1476
1472
1472
1469
1469
1468
1467
1467
1464
1462
1462
1462
1460
1457
1456
1456
1456
1456
1453
1453
1451
1449
1448
1448
1447
1446
1446
1445
1445
1445
1444
1443
1442
1442
1441
1440
1438
1436
1435
1434
1433
1432
1432
1431
1431
1430
1430
1429
1429
1428
1427
1426
1426
1425
1423
1423
1422
1419
1419
1417
1417
1415
1414
1414
1414
1410
1409
1407
1407
1407
1406
1406
1404
1404
1404
1403
1402
1399
1399
1398
1398
1397
1397
1397
1395
1395
1394
1393
1392
1391
1390
1389
1388
1387
1387
1386
1385
1384
1384
1383
1382
1382
1380
1380
1380
1380
1379
1377
1377
1375
1375
1374
1373
1373
1373
1371
1371
1370
1370
1369
1369
1369
1368
1367
1367
1366
1365
1364
1364
1364
1363
1363
1362
1361
1360
1359
1357
1357
1356
1356
1356
1355
1354
1351
1350
1349
1348
1347
1347
1346
1345
1343
1339
1339
1338
1337
1337
1337
1335
1335
1335
1334
1334
1332
1331
1331
1330
1327
1327
1326
1326
1326
1326
1325
1325
1325
1324
1320
1318
1318
1318
1317
1316
1315
1315
1315
1314
1314
1312
1310
1307
1307
1306
1306
1304
1303
1303
1303
1299
1297
1296
1296
1294
1294
1293
1289
1288
1288
1288
1286
1286
1285
1285
1284
1282
1280
1280
1279
1278
1276
1276
1275
1275
1274
1274
1274
1274
1273
1269
1264
1263
1263
1263
1263
1263
1263
1262
1262
1261
1261
1258
1258
1256
1255
1251
1251
1251
1245
1245
1243
1242
1242
1242
1241
1241
1239
1237
1236
1236
1234
1233
1232
1232
1231
1231
1231
1228
1225
1225
1224
1223
1223
1222
1220
1220
1219
1219
1218
1217
1217
1217
1216
1215
1214
1213
1213
1209
1206
1206
1204
1203
1201
1201
1200
1199
1198
1197
1197
1193
1193
1189
1189
1188
1187
1187
1187
1185
1184
1183
1182
1181
1181
1180
1179
1179
1178
1178
1176
1175
1175
1175
1174
1174
1174
1173
1172
1171
1171
1170
1170
1169
1168
1167
1166
1165
1162
1162
1161
1161
1159
1159
1159
1157
1157
1155
1155
1155
1155
1152
1148
1146
1145
1144
1144
1141
1141
1140
1140
1140
1139
1134
1131
1130
1129
1125
1124
1123
1120
1117
1117
1115
1115
1113
1113
1112
1110
1109
1106
1105
1105
1104
1103
1103
1101
1101
1101
1099
1098
1097
1097
1096
1096
1095
1095
1092
1090
1089
1089
1088
1086
1084
1083
1082
1082
1081
1081
1080
1079
1078
1078
1077
1076
1074
1074
1073
1071
1069
1068
1068
1068
1068
1065
1065
1063
1063
1063
1059
1059
1056
1053
1053
1052
1051
1046
1046
1044
1043
1041
1040
1039
1037
1037
1036
1035
1034
1034
1034
1033
1032
1031
1031
1031
1030
1030
1028
1028
1027
1027
1026
1025
1025
1024
1024
1023
1022
1022
1021
1020
1020
1020
1020
1018
1017
1016
1016
1015
1014
1014
1014
1012
1012
1011
1010
1009
1009
1009
1007
1006
1005
1004
1000
998
996
995
992
992
990
989
989
987
986
986
985
984
983
983
982
982
981
980
978
977
975
974
973
971
971
970
970
969
968
968
968
967
966
965
965
962
961
958
958
955
955
954
952
952
952
951
949
949
948
947
946
946
943
943
941
940
940
939
939
938
937
936
934
931
931
930
929
926
925
922
922
922
921
921
920
920
919
919
918
917
917
915
914
914
912
912
912
911
909
909
908
907
906
904
904
903
901
900
899
899
897
897
895
894
894
893
893
892
890
889
888
887
886
885
885
879
879
877
876
874
874
873
872
871
871
871
870
868
868
867
867
865
864
863
863
862
862
861
859
858
857
851
850
850
849
848
848
846
846
844
843
842
842
841
841
841
841
839
839
838
838
836
836
835
835
834
832
831
831
829
828
827
826
825
823
823
822
822
821
821
820
820
820
819
819
818
818
817
817
815
815
814
814
813
812
812
810
809
808
807
807
806
805
804
804
804
803
800
800
800
797
797
796
796
795
793
793
791
789
788
788
787
786
785
784
783
782
780
779
779
779
779
778
775
774
773
771
771
768
767
766
765
764
764
763
762
761
760
760
759
758
758
758
758
757
756
753
753
752
751
750
749
748
747
746
745
743
741
741
740
739
739
739
739
735
734
733
733
732
729
726
725
725
725
725
724
723
722
721
721
721
720
720
719
715
715
714
713
713
712
712
712
711
710
710
708
708
708
707
706
704
704
702
702
702
701
700
700
698
697
696
695
693
693
692
690
689
684
684
684
683
682
682
681
680
679
679
677
677
676
676
676
674
671
671
670
669
668
668
665
664
663
662
660
659
659
659
659
658
658
657
655
654
653
652
651
650
647
647
647
643
642
639
638
637
636
635
634
634
633
629
628
628
626
624
623
623
623
622
622
622
620
620
619
619
618
617
616
616
615
613
613
613
612
612
611
610
608
608
608
607
605
604
603
603
602
599
599
597
596
595
592
591
589
589
585
584
584
582
581
581
579
579
578
576
575
575
574
574
574
573
571
569
569
568
568
568
565
565
565
564
563
562
562
561
561
561
560
559
558
558
555
554
553
553
553
552
551
549
549
547
547
547
546
545
544
543
541
541
540
540
539
539
538
537
537
536
536
535
534
533
533
531
529
529
528
527
527
527
527
525
524
524
523
523
522
521
520
519
518
517
515
515
514
513
513
512
511
511
508
506
506
506
506
505
504
502
501
501
501
500
498
498
497
496
493
492
491
491
490
488
487
487
487
486
486
485
485
483
481
480
479
479
478
476
475
475
474
473
471
470
470
469
468
468
467
467
467
466
466
466
463
463
462
462
461
461
460
460
459
459
459
457
455
454
454
454
452
452
451
447
446
446
446
446
446
445
444
442
442
441
441
440
439
439
439
438
436
436
434
433
431
431
431
430
429
429
428
428
427
426
425
425
423
422
418
417
417
417
417
416
416
416
413
412
411
410
410
410
409
408
407
407
407
407
403
403
402
400
400
399
399
399
398
397
395
393
391
389
389
389
388
387
386
386
386
386
385
384
383
382
380
380
379
379
379
376
376
374
374
373
372
368
365
362
361
360
360
359
358
354
352
352
351
351
351
350
350
347
345
340
339
338
335
335
335
335
334
333
330
330
330
328
327
327
325
323
323
322
321
321
320
320
318
317
316
316
316
315
314
312
312
311
310
309
309
306
306
305
304
304
303
303
303
303
302
301
301
301
300
299
299
299
299
299
298
298
297
296
294
294
293
293
291
291
290
290
289
288
288
288
287
287
287
285
285
282
281
280
279
279
273
273
271
269
269
268
267
266
266
264
264
262
262
259
258
258
258
258
257
256
256
253
252
252
252
251
250
250
246
246
245
243
242
241
238
237
236
236
236
235
234
233
231
231
230
229
229
228
226
226
226
226
226
225
225
221
220
220
220
219
218
218
217
216
216
215
215
215
215
214
212
211
211
211
211
210
209
208
208
207
206
206
205
204
203
195
195
193
191
190
187
186
185
184
184
183
179
179
178
178
176
173
173
173
171
171
170
169
168
168
167
167
166
166
165
164
164
163
163
162
162
159
159
159
159
157
156
155
155
155
152
151
151
151
149
149
149
148
148
145
143
143
141
141
140
139
138
137
136
135
135
134
133
131
125
124
122
122
122
122
121
120
120
120
117
117
117
116
116
116
115
115
115
113
113
112
111
111
111
110
106
104
104
104
103
102
100
100
100
98
97
95
95
95
93
90
89
88
86
83
81
79
79
77
75
74
73
73
73
72
70
70
70
69
68
68
66
66
65
65
64
63
63
62
62
62
61
61
60
57
57
56
55
54
54
53
52
52
52
51
51
51
50
50
49
49
48
47
46
44
42
42
41
38
37
36
36
35
34
33
33
33
32
32
32
32
31
28
27
27
26
25
22
22
21
21
17
17
16
15
15
14
13
13
11
9
6
6
5
4
3
2
0
