9998
9998
9998
9998
9998
9998
9997
9997
9995
9995
9993
9992
9992
9990
9989
9989
9987
9987
9987
9985
9984
9981
9981
9981
9979
9979
9978
9978
9977
9976
9969
9969
9968
9968
9967
9964
9963
9963
9962
9961
9961
9961
9961
9960
9959
9958
9958
9956
9956
9956
9953
9953
9950
9949
9948
9947
9945
9944
9943
9941
9939
9936
9934
9932
9932
9931
9930
9930
9930
9929
9928
9928
9927
9927
9925
9924
9923
9922
9922
9920
9920
9918
9918
9918
9917
9916
9914
9913
9913
9913
9911
9911
9910
9908
9907
9907
9907
9906
9906
9905
9905
9904
9903
9899
9899
9898
9898
9898
9897
9897
9897
9896
9895
9894
9893
9893
9892
9892
9891
9890
9889
9888
9888
9887
9886
9886
9884
9882
9882
9880
9879
9875
9874
9874
9873
9873
9873
9873
9872
9872
9871
9869
9869
9868
9867
9866
9866
9865
9864
9864
9863
9862
9861
9860
9859
9859
9858
9856
9856
9853
9852
9849
9849
9848
9846
9846
9846
9844
9844
9840
9839
9837
9835
9834
9833
9831
9828
9827
9827
9826
9823
9821
9821
9820
9819
9818
9817
9817
9816
9814
9813
9813
9812
9812
9811
9809
9809
9809
9809
9809
9809
9808
9807
9807
9806
9804
9803
9802
9801
9800
9799
9799
9799
9798
9796
9795
9795
9795
9794
9793
9791
9791
9790
9789
9787
9787
9783
9780
9780
9777
9777
9777
9776
9776
9776
9775
9774
9773
9772
9770
9770
9769
9769
9769
9768
9768
9766
9763
9763
9763
9761
9760
9760
9759
9758
9758
9757
9757
9756
9756
9754
9754
9754
9753
9752
9751
9749
9748
9748
9744
9743
9743
9743
9743
9741
9740
9738
9737
9735
9733
9733
9733
9732
9732
9731
9730
9728
9728
9726
9726
9725
9723
9722
9721
9720
9720
9719
9717
9717
9717
9715
9715
9714
9714
9714
9714
9714
9713
9712
9710
9710
9709
9709
9707
9706
9706
9706
9705
9704
9704
9703
9702
9702
9701
9701
9700
9700
9698
9698
9695
9694
9694
9693
9693
9692
9691
9691
9690
9689
9684
9682
9680
9680
9679
9679
9679
9679
9677
9677
9676
9676
9675
9675
9674
9673
9673
9672
9671
9671
9671
9671
9669
9668
9666
9666
9666
9665
9665
9665
9662
9661
9660
9658
9658
9657
9657
9656
9655
9655
9655
9654
9654
9654
9652
9651
9650
9650
9650
9649
9649
9649
9647
9646
9644
9643
9640
9640
9639
9638
9637
9637
9637
9636
9636
9635
9634
9634
9633
9633
9633
9633
9633
9632
9630
9630
9629
9628
9627
9624
9624
9623
9622
9622
9622
9621
9620
9619
9619
9618
9617
9617
9617
9616
9615
9614
9614
9614
9613
9612
9611
9610
9610
9609
9609
9605
9605
9605
9605
9600
9597
9597
9594
9592
9591
9591
9591
9591
9591
9588
9587
9583
9583
9582
9581
9581
9581
9581
9580
9580
9578
9576
9574
9574
9573
9572
9571
9571
9570
9568
9567
9567
9567
9566
9566
9566
9566
9565
9562
9562
9561
9561
9561
9560
9559
9559
9556
9556
9555
9555
9555
9554
9553
9549
9548
9546
9546
9543
9540
9538
9536
9535
9534
9533
9531
9529
9529
9529
9525
9525
9524
9524
9523
9521
9519
9519
9518
9518
9517
9517
9517
9516
9516
9516
9513
9511
9511
9510
9509
9508
9508
9507
9506
9505
9504
9504
9503
9503
9503
9502
9501
9501
9501
9500
9500
9498
9497
9497
9497
9496
9496
9494
9493
9492
9491
9491
9489
9488
9488
9486
9484
9483
9483
9481
9481
9480
9478
9478
9478
9477
9476
9474
9473
9472
9471
9469
9469
9469
9467
9466
9465
9464
9461
9461
9459
9459
9458
9458
9458
9457
9454
9454
9453
9451
9451
9451
9450
9450
9450
9448
9445
9444
9442
9441
9441
9440
9438
9438
9437
9436
9435
9434
9434
9433
9433
9432
9429
9429
9428
9427
9426
9425
9423
9422
9422
9420
9419
9418
9417
9417
9416
9415
9414
9412
9411
9411
9409
9407
9407
9406
9405
9404
9403
9403
9403
9402
9401
9399
9398
9396
9396
9395
9391
9391
9391
9389
9387
9387
9387
9386
9386
9386
9385
9384
9382
9382
9382
9382
9381
9381
9379
9378
9378
9378
9376
9376
9375
9373
9373
9373
9370
9370
9370
9368
9367
9366
9365
9365
9365
9364
9361
9360
9360
9355
9354
9353
9352
9350
9350
9348
9348
9347
9344
9339
9337
9337
9337
9337
9337
9335
9334
9334
9333
9330
9328
9325
9323
9322
9322
9320
9318
9316
9315
9315
9311
9311
9310
9309
9308
9307
9307
9306
9306
9303
9303
9302
9302
9302
9301
9298
9298
9298
9297
9297
9296
9295
9295
9294
9294
9294
9293
9292
9291
9290
9288
9288
9287
9285
9282
9282
9281
9280
9279
9279
9278
9277
9276
9276
9276
9275
9275
9275
9274
9273
9272
9271
9270
9270
9268
9268
9267
9266
9265
9265
9265
9265
9265
9265
9263
9261
9261
9260
9260
9260
9259
9259
9258
9257
9256
9256
9255
9254
9254
9254
9254
9254
9253
9252
9250
9250
9250
9248
9248
9248
9248
9247
9244
9243
9242
9241
9240
9240
9239
9239
9237
9236
9236
9235
9234
9233
9232
9231
9229
9227
9226
9226
9226
9225
9224
9224
9222
9222
9221
9220
9219
9219
9218
9218
9218
9218
9218
9217
9217
9215
9215
9214
9214
9211
9211
9210
9206
9203
9202
9201
9200
9200
9200
9196
9195
9194
9194
9194
9190
9190
9190
9190
9189
9187
9187
9187
9187
9184
9184
9184
9181
9178
9178
9177
9175
9175
9174
9174
9172
9171
9171
9170
9168
9168
9165
9164
9164
9164
9162
9160
9160
9160
9160
9159
9157
9156
9156
9152
9152
9150
9150
9150
9148
9148
9146
9144
9142
9140
9140
9140
9138
9137
9137
9135
9135
9134
9134
9132
9132
9132
9130
9130
9129
9129
9126
9126
9126
9125
9121
9120
9118
9118
9115
9112
9112
9112
9112
9108
9100
9099
9099
9093
9093
9093
9090
9090
9089
9089
9089
9088
9084
9084
9083
9083
9082
9082
9080
9080
9077
9076
9074
9074
9071
9070
9069
9069
9068
9066
9066
9066
9066
9065
9063
9063
9061
9060
9060
9058
9056
9054
9053
9053
9052
9051
9051
9050
9048
9047
9045
9045
9045
9045
9044
9043
9042
9042
9042
9041
9041
9040
9037
9036
9034
9034
9028
9026
9026
9021
9021
9021
9020
9013
9012
9012
9010
9008
9008
9006
9005
9004
9003
9002
9002
8999
8998
8998
8997
8997
8997
8996
8996
8994
8992
8991
8991
8987
8983
8982
8982
8981
8980
8979
8978
8978
8974
8973
8973
8972
8970
8968
8967
8967
8965
8965
8965
8965
8962
8962
8961
8961
8960
8957
8957
8956
8956
8953
8952
8950
8950
8949
8949
8948
8947
8943
8938
8937
8936
8934
8934
8934
8933
8932
8932
8930
8929
8926
8925
8923
8923
8923
8922
8920
8920
8918
8918
8917
8916
8913
8913
8911
8909
8909
8909
8908
8908
8907
8907
8902
8901
8896
8896
8895
8895
8895
8894
8894
8892
8890
8889
8889
8888
8888
8887
8887
8887
8887
8886
8886
8885
8884
8882
8881
8881
8881
8880
8879
8877
8873
8871
8871
8870
8869
8869
8866
8865
8865
8864
8863
8862
8861
8861
8861
8856
8856
8855
8853
8852
8851
8850
8850
8848
8848
8846
8845
8843
8842
8840
8839
8839
8836
8836
8835
8834
8834
8832
8831
8831
8829
8828
8827
8825
8824
8821
8819
8819
8818
8818
8815
8815
8811
8811
8810
8810
8810
8809
8809
8808
8808
8808
8808
8808
8808
8807
8807
8805
8804
8803
8803
8802
8801
8794
8794
8791
8789
8788
8787
8786
8785
8782
8782
8781
8781
8781
8780
8780
8779
8775
8774
8772
8772
8770
8769
8769
8769
8768
8768
8768
8767
8766
8765
8765
8765
8764
8762
8760
8758
8758
8757
8755
8754
8753
8753
8752
8752
8751
8751
8750
8749
8749
8748
8747
8747
8746
8746
8745
8744
8743
8741
8740
8737
8737
8736
8734
8734
8734
8733
8733
8732
8732
8732
8732
8731
8731
8729
8728
8727
8726
8725
8724
8723
8722
8722
8722
8721
8721
8720
8719
8717
8716
8715
8712
8711
8708
8705
8703
8700
8700
8699
8699
8699
8697
8697
8697
8696
8695
8695
8691
8691
8690
8690
8689
8686
8685
8682
8682
8681
8681
8679
8679
8679
8678
8678
8677
8677
8675
8674
8674
8673
8669
8669
8668
8668
8665
8664
8663
8661
8661
8661
8661
8660
8660
8659
8659
8656
8655
8653
8652
8651
8651
8650
8649
8648
8645
8644
8643
8641
8641
8639
8638
8638
8635
8632
8630
8630
8627
8626
8626
8626
8625
8625
8625
8624
8623
8621
8621
8619
8619
8616
8611
8611
8611
8610
8610
8608
8606
8604
8604
8604
8601
8600
8600
8600
8599
8598
8597
8597
8594
8593
8592
8590
8587
8587
8587
8585
8585
8584
8583
8582
8582
8581
8580
8580
8579
8578
8578
8578
8577
8573
8572
8572
8571
8570
8569
8569
8569
8569
8568
8567
8567
8567
8566
8565
8563
8562
8562
8562
8562
8561
8560
8560
8560
8559
8559
8554
8554
8552
8550
8550
8549
8548
8543
8542
8542
8542
8540
8539
8538
8538
8538
8536
8536
8535
8535
8535
8535
8532
8531
8530
8529
8525
8525
8524
8524
8523
8522
8521
8518
8517
8516
8515
8514
8513
8512
8512
8509
8509
8506
8506
8505
8505
8505
8503
8503
8502
8500
8499
8499
8498
8497
8496
8495
8494
8491
8491
8491
8489
8489
8487
8487
8484
8483
8483
8483
8482
8481
8480
8479
8478
8477
8476
8473
8473
8472
8471
8468
8468
8466
8466
8465
8464
8463
8463
8463
8460
8460
8459
8458
8457
8456
8455
8455
8454
8453
8453
8451
8450
8448
8446
8445
8444
8443
8440
8439
8438
8438
8438
8438
8438
8436
8436
8435
8435
8435
8434
8433
8433
8432
8432
8430
8430
8429
8428
8427
8426
8426
8425
8423
8422
8422
8421
8421
8420
8420
8419
8417
8417
8417
8416
8416
8416
8412
8412
8412
8412
8412
8409
8409
8407
8407
8407
8407
8402
8402
8401
8400
8400
8399
8399
8398
8397
8397
8397
8396
8396
8395
8394
8393
8392
8391
8391
8389
8388
8387
8387
8385
8384
8383
8380
8379
8377
8377
8376
8376
8375
8374
8372
8369
8368
8368
8367
8367
8367
8367
8364
8359
8359
8358
8357
8356
8351
8351
8350
8349
8348
8348
8345
8343
8342
8341
8338
8337
8336
8334
8333
8333
8332
8331
8330
8329
8329
8328
8328
8327
8325
8321
8320
8318
8316
8315
8315
8315
8314
8311
8310
8310
8310
8309
8308
8305
8304
8304
8303
8303
8301
8301
8300
8300
8299
8298
8297
8297
8296
8296
8293
8293
8289
8289
8288
8288
8287
8286
8283
8282
8282
8282
8281
8281
8280
8278
8278
8277
8277
8276
8274
8274
8272
8270
8269
8268
8264
8263
8262
8261
8260
8259
8258
8257
8255
8255
8254
8251
8251
8251
8250
8250
8249
8249
8247
8246
8246
8242
8242
8241
8240
8238
8238
8237
8237
8236
8235
8234
8233
8233
8232
8232
8231
8231
8231
8230
8229
8228
8228
8227
8225
8224
8222
8222
8220
8219
8219
8218
8218
8217
8217
8216
8216
8215
8215
8214
8214
8214
8213
8211
8211
8208
8208
8206
8204
8203
8203
8200
8198
8193
8192
8192
8192
8191
8186
8186
8186
8186
8184
8184
8183
8183
8182
8182
8180
8180
8180
8178
8177
8177
8177
8175
8173
8173
8170
8170
8167
8166
8164
8164
8158
8158
8158
8157
8157
8157
8156
8155
8154
8154
8153
8152
8150
8150
8147
8147
8147
8147
8146
8146
8142
8141
8141
8140
8140
8138
8138
8136
8134
8134
8133
8133
8131
8130
8130
8130
8127
8127
8126
8126
8125
8124
8123
8123
8122
8121
8121
8120
8119
8117
8115
8115
8114
8113
8113
8113
8112
8109
8106
8106
8106
8105
8105
8105
8104
8104
8098
8097
8097
8095
8094
8093
8092
8091
8086
8085
8084
8084
8084
8084
8082
8081
8080
8079
8079
8079
8078
8076
8074
8073
8070
8069
8068
8067
8066
8065
8065
8063
8063
8063
8063
8062
8062
8061
8061
8059
8059
8057
8056
8056
8056
8055
8055
8054
8053
8053
8053
8052
8051
8051
8051
8050
8050
8049
8048
8048
8048
8047
8047
8045
8045
8044
8044
8044
8042
8042
8042
8041
8040
8040
8039
8037
8035
8035
8034
8033
8031
8031
8027
8027
8024
8023
8022
8020
8020
8020
8019
8018
8018
8017
8016
8014
8012
8008
8007
8006
8004
8001
7998
7996
7996
7995
7995
7994
7994
7992
7990
7989
7988
7987
7987
7986
7984
7982
7981
7980
7978
7978
7977
7977
7976
7975
7974
7973
7972
7971
7967
7966
7965
7963
7962
7961
7960
7956
7956
7956
7955
7954
7954
7954
7953
7952
7951
7951
7951
7950
7950
7948
7946
7945
7944
7941
7940
7940
7940
7939
7939
7939
7939
7938
7933
7933
7933
7930
7929
7929
7928
7927
7922
7920
7918
7918
7918
7918
7917
7909
7905
7904
7902
7902
7900
7899
7898
7897
7896
7893
7892
7891
7891
7891
7890
7890
7889
7889
7888
7881
7880
7878
7876
7875
7875
7874
7873
7872
7872
7869
7868
7868
7868
7867
7867
7867
7865
7861
7861
7859
7859
7858
7857
7856
7853
7852
7851
7850
7850
7850
7847
7845
7844
7844
7842
7842
7841
7840
7839
7839
7837
7832
7832
7832
7831
7829
7829
7828
7826
7825
7825
7824
7824
7822
7821
7817
7816
7816
7815
7813
7812
7812
7812
7811
7810
7809
7808
7805
7804
7804
7801
7798
7796
7795
7794
7793
7792
7791
7791
7791
7791
7790
7789
7789
7788
7788
7787
7785
7782
7782
7782
7782
7782
7781
7781
7780
7779
7778
7776
7773
7772
7771
7770
7766
7766
7764
7764
7764
7763
7761
7760
7759
7758
7758
7757
7756
7755
7753
7752
7751
7750
7749
7749
7749
7747
7747
7746
7746
7745
7745
7744
7743
7742
7742
7741
7740
7740
7739
7739
7736
7734
7733
7732
7732
7732
7731
7728
7728
7727
7727
7725
7724
7724
7722
7721
7720
7719
7718
7717
7714
7714
7714
7712
7710
7710
7709
7708
7708
7707
7703
7702
7700
7699
7699
7699
7699
7699
7697
7696
7696
7696
7694
7694
7693
7691
7690
7689
7688
7687
7687
7685
7682
7681
7680
7680
7680
7677
7676
7675
7673
7673
7673
7673
7672
7667
7666
7665
7664
7663
7660
7658
7657
7655
7654
7654
7650
7649
7647
7643
7642
7642
7642
7638
7637
7635
7635
7634
7634
7630
7628
7626
7626
7625
7624
7624
7623
7621
7621
7620
7619
7619
7619
7619
7619
7614
7613
7612
7611
7611
7609
7609
7608
7608
7608
7607
7606
7605
7605
7605
7604
7604
7601
7601
7600
7600
7599
7598
7597
7596
7595
7595
7594
7594
7593
7590
7590
7587
7586
7585
7585
7585
7582
7582
7581
7580
7580
7578
7577
7576
7571
7570
7569
7567
7566
7565
7564
7562
7562
7562
7561
7560
7556
7556
7556
7553
7553
7552
7551
7551
7550
7550
7548
7548
7547
7546
7545
7542
7541
7540
7537
7537
7535
7535
7535
7533
7533
7532
7531
7530
7529
7529
7526
7526
7526
7526
7524
7524
7521
7519
7519
7519
7518
7517
7517
7516
7516
7515
7513
7511
7511
7511
7508
7507
7506
7503
7499
7498
7497
7496
7494
7493
7490
7487
7485
7485
7484
7484
7483
7479
7479
7479
7478
7477
7475
7475
7474
7474
7471
7469
7468
7468
7468
7465
7465
7465
7464
7464
7459
7456
7456
7456
7455
7455
7453
7452
7452
7450
7450
7450
7449
7449
7449
7449
7448
7446
7443
7443
7440
7440
7437
7437
7433
7431
7431
7430
7428
7428
7427
7426
7422
7421
7419
7416
7416
7415
7415
7413
7413
7411
7411
7410
7410
7409
7409
7408
7407
7407
7405
7404
7404
7402
7402
7401
7400
7399
7399
7399
7397
7397
7396
7395
7395
7395
7394
7393
7392
7392
7392
7389
7389
7386
7386
7384
7381
7380
7379
7379
7377
7376
7375
7373
7373
7373
7372
7371
7368
7367
7366
7365
7365
7365
7362
7361
7361
7361
7361
7359
7358
7357
7357
7356
7355
7354
7353
7352
7350
7350
7350
7348
7348
7345
7343
7343
7343
7341
7341
7341
7340
7338
7338
7337
7337
7336
7336
7335
7334
7333
7333
7333
7332
7331
7331
7329
7328
7328
7328
7327
7325
7324
7322
7322
7319
7319
7319
7316
7315
7315
7314
7314
7314
7312
7312
7309
7308
7308
7307
7305
7305
7304
7304
7303
7303
7302
7302
7301
7301
7300
7300
7299
7299
7298
7296
7295
7295
7294
7293
7293
7291
7291
7291
7290
7290
7287
7286
7286
7286
7285
7284
7283
7281
7280
7279
7278
7278
7277
7276
7275
7274
7273
7272
7270
7270
7268
7267
7267
7267
7264
7259
7258
7258
7257
7257
7255
7255
7254
7254
7253
7253
7251
7250
7250
7250
7248
7248
7246
7246
7245
7244
7243
7240
7239
7239
7239
7234
7231
7230
7230
7230
7228
7226
7226
7221
7219
7215
7213
7212
7212
7211
7210
7210
7210
7210
7208
7206
7206
7205
7204
7202
7201
7201
7199
7198
7198
7197
7196
7195
7195
7194
7194
7194
7193
7193
7193
7192
7192
7191
7190
7189
7188
7187
7186
7184
7184
7182
7178
7178
7178
7176
7173
7173
7172
7171
7168
7168
7167
7164
7163
7163
7162
7161
7161
7160
7158
7157
7157
7156
7156
7155
7152
7151
7151
7150
7150
7149
7149
7147
7147
7146
7145
7144
7144
7142
7142
7141
7140
7139
7139
7137
7137
7134
7134
7133
7132
7132
7132
7132
7131
7129
7129
7128
7128
7127
7127
7125
7124
7124
7124
7123
7123
7122
7121
7120
7119
7119
7118
7115
7114
7113
7111
7110
7110
7110
7110
7109
7108
7107
7106
7105
7104
7104
7102
7098
7098
7097
7097
7096
7096
7096
7095
7095
7093
7089
7086
7085
7085
7085
7082
7082
7081
7077
7077
7076
7076
7075
7073
7073
7072
7071
7070
7068
7067
7065
7065
7064
7064
7063
7062
7061
7060
7060
7059
7056
7054
7053
7051
7050
7048
7047
7044
7043
7043
7040
7040
7038
7038
7036
7034
7033
7030
7030
7026
7025
7025
7018
7017
7015
7015
7015
7014
7012
7012
7011
7010
7008
7007
7006
7006
7005
7005
7004
7004
7003
7003
7001
6998
6997
6995
6995
6994
6992
6990
6990
6990
6988
6986
6986
6986
6984
6982
6982
6981
6981
6979
6979
6978
6977
6976
6976
6975
6974
6974
6974
6973
6973
6972
6971
6971
6970
6968
6968
6966
6966
6965
6965
6964
6963
6961
6960
6960
6957
6956
6956
6956
6954
6953
6953
6951
6950
6948
6948
6945
6945
6943
6942
6941
6941
6941
6939
6939
6937
6937
6937
6935
6935
6935
6932
6932
6932
6931
6931
6930
6929
6929
6926
6926
6926
6925
6924
6924
6923
6920
6919
6918
6917
6915
6913
6912
6912
6909
6908
6908
6907
6907
6906
6905
6904
6904
6903
6903
6902
6902
6900
6899
6898
6897
6897
6896
6894
6894
6893
6893
6892
6891
6891
6891
6891
6889
6889
6885
6884
6883
6881
6881
6880
6875
6873
6873
6871
6870
6869
6868
6868
6865
6865
6864
6864
6863
6862
6860
6859
6858
6855
6854
6854
6853
6852
6852
6851
6851
6851
6851
6850
6846
6845
6844
6843
6841
6841
6841
6839
6837
6836
6836
6835
6835
6834
6833
6831
6831
6830
6828
6828
6828
6826
6826
6825
6825
6825
6822
6822
6821
6818
6817
6817
6817
6817
6816
6815
6814
6814
6814
6813
6812
6810
6809
6808
6807
6807
6806
6805
6804
6803
6802
6801
6800
6800
6798
6798
6798
6797
6797
6796
6795
6793
6793
6792
6792
6791
6789
6788
6787
6786
6786
6786
6785
6784
6782
6780
6780
6780
6778
6778
6778
6776
6774
6774
6774
6773
6773
6771
6770
6767
6767
6766
6765
6761
6760
6758
6758
6757
6755
6753
6752
6751
6750
6749
6749
6748
6747
6747
6745
6744
6744
6744
6741
6741
6740
6740
6738
6734
6733
6733
6732
6732
6732
6732
6732
6729
6729
6727
6727
6727
6723
6722
6722
6721
6721
6720
6720
6719
6719
6717
6717
6716
6715
6715
6715
6710
6710
6710
6709
6708
6708
6707
6702
6702
6700
6699
6699
6697
6695
6695
6694
6693
6693
6693
6692
6692
6690
6690
6688
6688
6687
6687
6684
6684
6681
6679
6678
6677
6676
6675
6675
6672
6672
6669
6669
6668
6668
6666
6664
6663
6662
6662
6661
6660
6660
6660
6658
6658
6658
6656
6655
6652
6652
6649
6648
6648
6642
6642
6642
6642
6640
6639
6637
6637
6637
6635
6634
6632
6632
6632
6628
6627
6627
6627
6626
6626
6625
6624
6624
6624
6623
6623
6622
6619
6619
6617
6614
6613
6613
6613
6612
6612
6611
6610
6609
6608
6608
6608
6607
6605
6604
6602
6602
6602
6602
6599
6599
6599
6599
6598
6598
6597
6597
6596
6595
6595
6592
6588
6586
6586
6585
6584
6583
6583
6582
6582
6579
6579
6579
6578
6577
6576
6575
6575
6573
6573
6572
6571
6571
6571
6571
6570
6570
6569
6567
6567
6566
6566
6565
6564
6563
6562
6561
6561
6560
6559
6558
6558
6558
6557
6556
6556
6556
6554
6554
6552
6552
6552
6552
6551
6551
6549
6547
6547
6546
6546
6545
6544
6544
6543
6542
6541
6541
6540
6540
6540
6540
6539
6537
6537
6536
6533
6531
6530
6530
6530
6529
6527
6521
6520
6518
6517
6516
6514
6514
6511
6510
6508
6507
6503
6503
6503
6503
6502
6498
6497
6497
6496
6496
6495
6495
6493
6493
6492
6490
6489
6489
6486
6484
6483
6483
6481
6481
6481
6479
6479
6479
6478
6477
6475
6475
6474
6473
6472
6471
6470
6470
6469
6467
6467
6467
6466
6465
6463
6462
6461
6461
6460
6460
6459
6459
6459
6458
6457
6456
6454
6453
6453
6452
6448
6447
6446
6445
6442
6442
6441
6441
6440
6438
6438
6436
6433
6432
6430
6429
6428
6428
6428
6427
6427
6426
6426
6424
6422
6422
6422
6420
6418
6413
6410
6410
6408
6406
6404
6404
6404
6403
6403
6398
6397
6394
6393
6393
6393
6392
6392
6391
6388
6386
6385
6384
6383
6382
6380
6378
6377
6377
6375
6374
6373
6371
6370
6370
6370
6369
6368
6367
6366
6365
6364
6363
6363
6359
6359
6359
6358
6358
6357
6356
6356
6356
6353
6353
6352
6345
6344
6343
6343
6342
6341
6340
6338
6337
6334
6332
6331
6329
6325
6325
6323
6322
6322
6322
6321
6319
6319
6318
6318
6316
6315
6314
6313
6313
6312
6311
6311
6310
6309
6307
6307
6307
6302
6300
6300
6299
6297
6294
6294
6292
6291
6288
6287
6287
6287
6286
6282
6282
6279
6279
6279
6278
6276
6275
6274
6274
6274
6273
6272
6272
6271
6269
6266
6263
6263
6262
6262
6262
6256
6254
6253
6252
6251
6249
6249
6248
6248
6245
6244
6243
6243
6242
6242
6242
6236
6234
6234
6233
6233
6231
6231
6231
6230
6229
6227
6224
6224
6223
6223
6222
6222
6222
6216
6213
6212
6211
6211
6210
6208
6206
6205
6205
6202
6201
6200
6200
6199
6199
6198
6198
6197
6196
6196
6196
6196
6195
6194
6193
6189
6188
6186
6186
6184
6184
6183
6183
6182
6182
6181
6180
6180
6179
6178
6177
6174
6173
6173
6172
6170
6169
6168
6168
6167
6166
6162
6162
6161
6159
6158
6158
6158
6157
6157
6156
6154
6153
6153
6152
6152
6151
6151
6150
6149
6147
6146
6146
6142
6138
6136
6136
6136
6134
6133
6132
6131
6130
6129
6127
6126
6126
6124
6124
6122
6120
6119
6118
6117
6116
6115
6113
6112
6112
6112
6106
6105
6105
6105
6103
6102
6101
6100
6100
6098
6098
6098
6097
6096
6095
6093
6092
6091
6089
6087
6087
6087
6082
6082
6081
6081
6079
6079
6078
6078
6078
6077
6077
6077
6076
6075
6075
6074
6074
6073
6073
6073
6072
6072
6072
6071
6071
6071
6070
6068
6067
6066
6066
6066
6064
6064
6063
6063
6062
6062
6062
6061
6059
6056
6056
6053
6053
6051
6050
6050
6050
6050
6048
6047
6047
6045
6044
6042
6040
6039
6038
6037
6036
6036
6036
6034
6033
6033
6032
6030
6029
6028
6027
6027
6025
6025
6025
6024
6023
6022
6021
6020
6019
6017
6016
6014
6013
6012
6011
6011
6010
6010
6010
6010
6010
6009
6009
6009
6009
6009
6007
6006
6002
5999
5999
5998
5997
5995
5994
5994
5993
5993
5992
5991
5990
5989
5988
5988
5988
5987
5987
5986
5985
5984
5983
5983
5983
5983
5982
5981
5981
5981
5980
5979
5977
5974
5974
5973
5973
5973
5972
5972
5970
5968
5967
5966
5966
5965
5965
5964
5962
5962
5961
5960
5960
5957
5956
5955
5955
5954
5953
5951
5950
5950
5950
5950
5949
5949
5947
5947
5945
5944
5941
5939
5937
5937
5936
5934
5934
5933
5933
5933
5933
5933
5932
5931
5931
5929
5929
5928
5928
5926
5924
5923
5920
5920
5919
5919
5917
5917
5916
5914
5912
5912
5912
5910
5907
5904
5904
5904
5902
5902
5900
5899
5896
5894
5893
5891
5889
5889
5889
5887
5887
5886
5884
5883
5883
5881
5879
5879
5878
5877
5876
5875
5875
5873
5872
5871
5871
5871
5870
5870
5869
5865
5861
5861
5861
5861
5860
5859
5859
5857
5856
5852
5851
5851
5850
5850
5849
5848
5847
5846
5845
5845
5844
5842
5842
5838
5838
5838
5837
5836
5836
5834
5832
5832
5832
5831
5830
5830
5830
5830
5828
5828
5825
5825
5823
5823
5822
5820
5819
5818
5817
5816
5814
5813
5812
5809
5809
5808
5808
5807
5806
5806
5805
5802
5800
5799
5798
5797
5797
5796
5796
5792
5791
5791
5791
5790
5790
5789
5789
5789
5788
5787
5785
5785
5785
5783
5776
5776
5774
5773
5772
5771
5770
5770
5770
5769
5769
5768
5768
5767
5766
5761
5760
5760
5759
5758
5757
5753
5753
5752
5752
5752
5751
5748
5746
5745
5743
5742
5741
5741
5740
5740
5740
5740
5739
5738
5732
5729
5729
5729
5729
5728
5728
5727
5726
5725
5725
5725
5723
5716
5715
5714
5714
5714
5712
5712
5712
5709
5708
5708
5708
5707
5707
5706
5705
5703
5703
5701
5697
5696
5695
5695
5693
5691
5689
5689
5688
5687
5687
5683
5682
5679
5677
5677
5675
5674
5673
5673
5672
5672
5670
5669
5669
5669
5669
5668
5668
5667
5666
5666
5665
5664
5663
5663
5663
5663
5662
5661
5659
5658
5657
5657
5657
5656
5655
5654
5653
5652
5651
5650
5650
5649
5648
5646
5645
5645
5645
5643
5643
5639
5637
5637
5634
5633
5632
5631
5631
5631
5630
5628
5627
5627
5627
5627
5626
5624
5624
5623
5622
5622
5622
5620
5620
5613
5613
5612
5610
5610
5606
5605
5605
5605
5603
5602
5601
5600
5600
5599
5598
5596
5596
5593
5593
5592
5592
5590
5589
5588
5586
5583
5583
5582
5581
5579
5579
5577
5574
5573
5571
5571
5571
5571
5570
5570
5570
5569
5568
5568
5566
5564
5564
5562
5562
5561
5560
5560
5558
5556
5555
5555
5554
5554
5553
5553
5553
5552
5552
5550
5547
5546
5545
5545
5544
5543
5541
5541
5541
5538
5538
5537
5536
5536
5535
5534
5533
5532
5531
5531
5531
5529
5527
5527
5526
5523
5522
5522
5522
5521
5521
5520
5520
5519
5518
5518
5517
5517
5516
5513
5512
5511
5511
5511
5510
5508
5507
5506
5504
5504
5504
5504
5504
5502
5500
5500
5500
5499
5499
5498
5498
5497
5496
5496
5496
5494
5492
5492
5490
5488
5488
5484
5483
5482
5482
5482
5482
5480
5478
5477
5476
5476
5472
5471
5471
5471
5470
5469
5466
5466
5465
5462
5462
5461
5461
5461
5459
5459
5458
5457
5457
5455
5455
5452
5450
5448
5448
5445
5445
5444
5444
5443
5443
5443
5442
5439
5438
5437
5437
5436
5436
5435
5435
5433
5433
5433
5433
5432
5429
5429
5428
5428
5428
5425
5423
5421
5421
5420
5420
5419
5418
5417
5417
5416
5414
5413
5413
5413
5410
5409
5409
5408
5408
5406
5406
5404
5403
5402
5402
5401
5399
5397
5396
5395
5395
5393
5393
5392
5389
5388
5388
5388
5384
5384
5381
5381
5380
5380
5380
5380
5377
5376
5374
5373
5371
5370
5369
5369
5366
5365
5364
5362
5360
5358
5357
5357
5356
5356
5356
5356
5355
5353
5353
5353
5352
5351
5350
5350
5349
5349
5347
5346
5346
5345
5344
5344
5342
5341
5341
5340
5340
5339
5338
5338
5336
5334
5334
5334
5331
5331
5330
5329
5328
5327
5325
5325
5325
5324
5324
5323
5323
5321
5319
5317
5317
5316
5315
5312
5309
5308
5308
5307
5306
5306
5305
5304
5302
5301
5298
5298
5296
5296
5295
5294
5291
5291
5291
5291
5288
5287
5287
5286
5286
5285
5277
5276
5275
5274
5273
5273
5272
5272
5272
5271
5271
5271
5271
5269
5266
5266
5266
5265
5265
5262
5258
5256
5254
5253
5252
5252
5252
5250
5248
5244
5243
5239
5238
5237
5237
5237
5237
5237
5237
5236
5236
5236
5235
5235
5235
5235
5235
5234
5233
5232
5232
5232
5232
5230
5229
5228
5228
5226
5226
5225
5224
5223
5222
5220
5219
5216
5213
5211
5210
5209
5209
5206
5206
5205
5204
5204
5204
5203
5202
5201
5201
5201
5199
5198
5198
5198
5195
5195
5194
5193
5192
5191
5191
5191
5190
5189
5185
5184
5184
5184
5184
5184
5183
5183
5183
5182
5181
5180
5179
5179
5177
5176
5175
5174
5174
5172
5171
5168
5168
5166
5166
5166
5166
5165
5165
5163
5161
5160
5159
5158
5157
5154
5154
5154
5152
5152
5151
5151
5150
5150
5149
5149
5148
5147
5147
5147
5146
5146
5145
5145
5144
5143
5139
5138
5138
5136
5136
5135
5135
5134
5133
5133
5131
5131
5130
5129
5127
5127
5127
5126
5125
5124
5123
5122
5122
5119
5116
5116
5110
5109
5107
5105
5104
5104
5103
5101
5101
5101
5101
5100
5100
5100
5100
5096
5096
5095
5094
5092
5091
5090
5088
5088
5086
5085
5083
5083
5083
5083
5082
5082
5082
5081
5081
5078
5076
5075
5075
5075
5074
5074
5071
5071
5070
5068
5068
5068
5067
5066
5066
5065
5063
5063
5059
5057
5054
5054
5054
5053
5053
5052
5050
5047
5047
5046
5046
5046
5045
5044
5043
5042
5042
5040
5039
5039
5039
5038
5037
5037
5036
5036
5035
5035
5034
5032
5032
5031
5031
5030
5030
5028
5028
5025
5025
5024
5022
5021
5019
5019
5017
5016
5013
5011
5009
5008
5008
5008
5007
5006
5005
5005
5004
5002
5001
5001
5000
4998
4998
4995
4995
4993
4991
4990
4990
4989
4989
4989
4988
4986
4985
4985
4984
4983
4983
4981
4980
4980
4980
4979
4978
4977
4976
4976
4975
4974
4974
4974
4972
4972
4970
4970
4969
4969
4965
4963
4962
4962
4962
4961
4960
4960
4959
4959
4957
4956
4956
4956
4956
4955
4953
4950
4950
4949
4948
4947
4946
4946
4945
4945
4944
4944
4942
4942
4942
4941
4940
4938
4937
4937
4936
4935
4934
4933
4933
4932
4931
4931
4930
4930
4928
4927
4927
4926
4924
4924
4924
4923
4923
4922
4921
4921
4921
4920
4919
4918
4916
4914
4912
4911
4910
4909
4909
4909
4908
4908
4907
4904
4903
4903
4901
4900
4900
4898
4898
4897
4897
4895
4894
4892
4891
4891
4888
4886
4884
4884
4884
4883
4883
4880
4880
4879
4879
4878
4878
4876
4875
4874
4874
4873
4872
4872
4871
4871
4869
4869
4869
4868
4868
4866
4865
4864
4864
4863
4862
4860
4859
4859
4859
4857
4856
4856
4856
4856
4855
4855
4854
4853
4852
4851
4851
4851
4850
4848
4842
4842
4842
4840
4839
4838
4838
4837
4837
4836
4836
4835
4835
4833
4833
4831
4831
4828
4827
4827
4827
4826
4825
4825
4824
4823
4821
4819
4818
4817
4817
4816
4814
4813
4813
4813
4812
4812
4811
4810
4810
4810
4807
4805
4805
4800
4799
4799
4799
4798
4796
4792
4791
4791
4790
4790
4789
4787
4786
4784
4783
4783
4782
4779
4779
4779
4779
4777
4776
4772
4772
4771
4770
4769
4768
4767
4766
4764
4764
4763
4763
4762
4759
4759
4758
4758
4758
4758
4756
4754
4754
4753
4753
4751
4750
4749
4749
4747
4746
4745
4741
4739
4739
4738
4737
4736
4736
4736
4735
4735
4734
4734
4732
4732
4731
4729
4728
4727
4726
4726
4726
4722
4722
4720
4719
4715
4714
4713
4712
4712
4712
4710
4710
4709
4708
4708
4707
4707
4707
4706
4706
4705
4705
4704
4702
4702
4700
4700
4697
4696
4696
4695
4694
4694
4691
4691
4690
4690
4689
4687
4687
4686
4686
4685
4685
4685
4679
4679
4678
4678
4678
4678
4677
4675
4675
4673
4673
4673
4673
4672
4672
4671
4671
4669
4669
4668
4667
4662
4661
4660
4660
4659
4658
4657
4657
4657
4656
4655
4655
4654
4654
4653
4653
4653
4652
4650
4648
4647
4646
4646
4645
4643
4641
4640
4639
4639
4638
4638
4637
4636
4634
4632
4631
4629
4627
4625
4624
4623
4622
4622
4621
4620
4619
4618
4618
4617
4616
4615
4614
4613
4612
4611
4611
4611
4610
4609
4609
4608
4607
4606
4606
4604
4604
4601
4601
4600
4600
4599
4595
4595
4592
4591
4591
4591
4591
4591
4590
4589
4589
4589
4588
4587
4586
4585
4584
4584
4583
4583
4582
4582
4582
4581
4580
4579
4577
4576
4576
4575
4575
4573
4572
4567
4566
4564
4564
4564
4563
4560
4560
4560
4559
4559
4556
4555
4555
4555
4551
4549
4549
4548
4547
4546
4546
4545
4544
4544
4541
4541
4541
4540
4539
4537
4537
4536
4536
4535
4534
4533
4533
4532
4530
4530
4530
4529
4526
4525
4524
4524
4524
4523
4522
4522
4520
4519
4518
4517
4516
4513
4512
4511
4511
4511
4511
4510
4510
4509
4508
4507
4507
4506
4505
4504
4504
4502
4501
4500
4500
4500
4497
4496
4493
4492
4492
4491
4491
4490
4488
4488
4486
4486
4485
4484
4484
4483
4482
4481
4481
4481
4479
4478
4477
4477
4476
4476
4473
4473
4473
4471
4469
4469
4467
4466
4466
4466
4466
4465
4465
4464
4463
4462
4461
4460
4460
4457
4457
4455
4454
4452
4452
4449
4449
4449
4448
4447
4445
4445
4442
4442
4441
4439
4438
4438
4437
4434
4433
4431
4431
4430
4430
4427
4426
4424
4422
4420
4420
4418
4418
4416
4415
4415
4413
4412
4411
4411
4410
4408
4408
4407
4405
4405
4405
4405
4405
4403
4402
4398
4396
4394
4393
4393
4393
4392
4392
4391
4390
4389
4389
4389
4389
4388
4386
4384
4384
4384
4384
4383
4381
4381
4381
4378
4378
4377
4375
4372
4371
4370
4368
4368
4368
4366
4366
4366
4365
4364
4364
4363
4362
4359
4356
4355
4355
4355
4354
4353
4353
4352
4347
4347
4346
4345
4345
4343
4343
4340
4340
4339
4339
4339
4337
4336
4336
4336
4335
4335
4335
4335
4333
4328
4325
4322
4321
4319
4316
4314
4313
4313
4313
4313
4313
4313
4312
4311
4311
4311
4305
4304
4303
4302
4300
4300
4299
4298
4298
4297
4296
4295
4294
4294
4293
4292
4290
4287
4286
4286
4286
4285
4285
4284
4284
4284
4282
4281
4280
4278
4278
4277
4276
4274
4274
4271
4271
4271
4267
4266
4266
4263
4263
4262
4261
4260
4260
4260
4259
4258
4257
4257
4257
4256
4254
4254
4252
4252
4251
4250
4249
4249
4249
4248
4246
4246
4246
4244
4243
4241
4241
4241
4238
4237
4236
4234
4234
4234
4233
4232
4230
4230
4229
4228
4227
4225
4225
4222
4222
4221
4221
4220
4219
4219
4218
4218
4218
4218
4217
4217
4217
4216
4215
4214
4214
4212
4211
4210
4210
4209
4208
4206
4205
4205
4204
4203
4201
4201
4201
4200
4199
4199
4196
4196
4196
4195
4194
4194
4194
4193
4191
4190
4189
4189
4188
4187
4186
4185
4184
4183
4183
4182
4181
4181
4180
4180
4179
4179
4178
4174
4174
4170
4170
4170
4170
4169
4169
4168
4167
4167
4167
4163
4162
4159
4159
4158
4157
4157
4157
4156
4155
4155
4155
4154
4154
4152
4152
4152
4149
4149
4147
4145
4145
4144
4144
4143
4142
4142
4140
4138
4138
4138
4137
4137
4136
4136
4135
4134
4134
4133
4133
4132
4132
4130
4130
4130
4129
4128
4127
4126
4125
4124
4124
4124
4123
4121
4121
4120
4117
4117
4116
4116
4114
4113
4113
4110
4110
4110
4110
4110
4108
4107
4105
4105
4105
4104
4104
4104
4101
4099
4099
4097
4094
4092
4089
4085
4084
4084
4084
4083
4083
4082
4082
4081
4080
4079
4079
4078
4076
4074
4074
4073
4073
4073
4072
4072
4071
4071
4071
4070
4069
4069
4069
4068
4066
4066
4066
4064
4063
4062
4061
4059
4059
4059
4057
4056
4054
4054
4053
4049
4048
4048
4045
4044
4043
4042
4042
4042
4041
4041
4038
4037
4037
4036
4033
4033
4032
4030
4029
4029
4028
4028
4026
4026
4025
4025
4024
4022
4022
4022
4021
4020
4019
4019
4018
4017
4017
4016
4015
4014
4014
4010
4009
4007
4006
4006
4005
4004
4003
4001
4001
4000
3997
3996
3996
3996
3995
3994
3994
3993
3993
3991
3991
3988
3987
3986
3985
3984
3982
3980
3979
3978
3978
3976
3975
3974
3974
3971
3970
3970
3970
3968
3967
3967
3966
3966
3965
3963
3962
3962
3962
3961
3957
3956
3955
3954
3954
3953
3953
3953
3952
3951
3950
3950
3950
3948
3947
3947
3946
3946
3945
3945
3944
3944
3943
3942
3941
3940
3939
3938
3938
3938
3938
3937
3933
3932
3931
3930
3930
3928
3926
3926
3926
3925
3923
3919
3918
3917
3917
3916
3915
3913
3913
3912
3912
3912
3910
3910
3910
3910
3908
3908
3908
3907
3905
3905
3904
3903
3903
3902
3901
3898
3896
3895
3894
3894
3893
3893
3891
3889
3888
3888
3888
3887
3886
3886
3884
3884
3882
3880
3879
3877
3877
3877
3876
3874
3873
3872
3871
3871
3869
3869
3868
3868
3866
3866
3865
3865
3865
3864
3863
3861
3860
3860
3860
3859
3858
3857
3856
3855
3855
3854
3853
3852
3851
3850
3848
3848
3848
3847
3846
3846
3844
3844
3844
3842
3840
3839
3837
3836
3834
3833
3831
3829
3826
3826
3823
3823
3821
3821
3821
3818
3815
3814
3813
3812
3810
3810
3810
3808
3808
3807
3807
3806
3806
3806
3806
3805
3804
3803
3801
3800
3799
3798
3797
3797
3797
3797
3794
3794
3793
3789
3788
3787
3786
3786
3786
3785
3785
3784
3784
3784
3783
3778
3778
3776
3776
3774
3773
3773
3772
3772
3768
3767
3765
3765
3762
3762
3760
3759
3759
3759
3759
3757
3757
3754
3753
3751
3748
3747
3746
3745
3745
3744
3743
3742
3742
3742
3742
3739
3738
3735
3734
3734
3732
3731
3729
3728
3728
3727
3727
3726
3726
3725
3724
3722
3720
3720
3719
3718
3716
3711
3710
3708
3707
3707
3704
3704
3703
3702
3701
3700
3700
3700
3698
3697
3696
3695
3695
3695
3693
3693
3693
3692
3691
3691
3688
3688
3685
3684
3684
3684
3684
3683
3682
3679
3678
3678
3678
3676
3676
3675
3674
3673
3672
3671
3671
3671
3671
3669
3667
3665
3660
3657
3657
3654
3653
3653
3652
3649
3648
3648
3646
3646
3645
3645
3645
3644
3641
3640
3637
3637
3635
3635
3634
3632
3631
3629
3629
3628
3627
3626
3625
3624
3624
3623
3623
3622
3621
3619
3618
3616
3616
3615
3615
3614
3614
3612
3611
3609
3609
3608
3608
3607
3607
3607
3606
3605
3604
3603
3602
3601
3600
3599
3598
3598
3596
3596
3595
3593
3593
3593
3589
3588
3587
3587
3584
3582
3581
3579
3578
3577
3577
3575
3574
3573
3572
3570
3570
3568
3567
3566
3566
3565
3562
3562
3562
3560
3556
3555
3553
3552
3552
3552
3551
3550
3550
3550
3549
3547
3547
3545
3545
3543
3540
3540
3538
3537
3536
3536
3534
3534
3530
3529
3526
3525
3525
3523
3521
3519
3518
3518
3517
3516
3516
3515
3515
3515
3513
3513
3512
3510
3510
3510
3508
3507
3503
3502
3502
3501
3500
3500
3498
3497
3495
3494
3494
3492
3492
3492
3491
3491
3491
3490
3490
3487
3484
3484
3484
3483
3482
3482
3481
3480
3479
3479
3478
3477
3475
3474
3474
3469
3468
3467
3467
3466
3465
3464
3463
3462
3461
3461
3458
3458
3457
3456
3454
3453
3452
3452
3452
3451
3451
3450
3449
3449
3447
3447
3444
3444
3443
3443
3443
3442
3441
3440
3438
3438
3437
3437
3437
3431
3430
3430
3430
3429
3429
3427
3427
3421
3420
3420
3420
3419
3416
3415
3415
3415
3413
3412
3412
3407
3407
3405
3405
3405
3404
3403
3400
3399
3399
3398
3394
3394
3394
3393
3390
3390
3389
3389
3389
3388
3387
3387
3385
3384
3384
3383
3382
3382
3382
3377
3375
3375
3374
3374
3373
3373
3373
3373
3370
3370
3370
3369
3369
3368
3364
3363
3362
3362
3361
3360
3360
3358
3357
3357
3356
3356
3355
3355
3354
3351
3351
3349
3349
3348
3347
3345
3345
3343
3339
3338
3337
3336
3334
3334
3333
3333
3331
3330
3329
3327
3326
3326
3325
3323
3323
3322
3322
3322
3319
3318
3318
3317
3317
3315
3312
3312
3311
3311
3309
3308
3307
3307
3307
3307
3306
3305
3301
3301
3300
3300
3300
3299
3298
3296
3295
3294
3293
3293
3290
3289
3289
3288
3287
3287
3286
3285
3285
3284
3283
3282
3282
3279
3279
3277
3277
3277
3276
3276
3276
3276
3274
3274
3272
3271
3271
3269
3268
3267
3266
3266
3265
3263
3262
3262
3262
3260
3259
3258
3258
3256
3254
3254
3254
3252
3251
3251
3250
3250
3249
3249
3249
3248
3246
3244
3242
3242
3241
3239
3239
3238
3234
3232
3228
3227
3222
3222
3222
3221
3221
3221
3220
3218
3218
3218
3216
3214
3214
3211
3210
3209
3207
3206
3206
3205
3205
3204
3202
3202
3201
3200
3199
3199
3198
3197
3197
3196
3196
3193
3190
3190
3190
3189
3187
3186
3185
3184
3184
3181
3180
3180
3179
3177
3176
3175
3174
3173
3173
3171
3169
3164
3163
3163
3161
3158
3155
3155
3154
3153
3152
3151
3151
3151
3150
3149
3149
3149
3148
3148
3146
3146
3145
3143
3142
3142
3142
3140
3140
3139
3137
3136
3136
3136
3136
3135
3133
3132
3131
3131
3131
3130
3130
3130
3128
3128
3128
3126
3124
3124
3123
3123
3123
3122
3121
3121
3121
3120
3120
3120
3120
3118
3118
3117
3116
3115
3114
3113
3113
3113
3111
3109
3106
3105
3104
3102
3102
3102
3101
3101
3100
3100
3099
3098
3097
3096
3095
3091
3091
3091
3091
3091
3090
3089
3087
3087
3087
3086
3086
3085
3085
3084
3082
3081
3081
3081
3081
3080
3079
3079
3077
3077
3077
3077
3075
3074
3074
3073
3072
3071
3070
3069
3069
3066
3064
3063
3063
3060
3060
3059
3058
3058
3057
3056
3055
3054
3053
3053
3053
3052
3052
3051
3051
3051
3051
3050
3049
3049
3048
3046
3046
3041
3040
3039
3038
3037
3034
3034
3032
3032
3031
3031
3030
3029
3029
3028
3028
3027
3027
3027
3026
3026
3026
3024
3024
3024
3023
3023
3019
3018
3018
3018
3018
3016
3015
3014
3014
3014
3012
3009
3008
3008
3008
3007
3007
3006
3004
3003
3003
3002
3002
3001
3000
3000
2999
2999
2999
2999
2998
2997
2997
2997
2996
2995
2994
2991
2990
2988
2988
2987
2986
2986
2984
2982
2981
2977
2977
2975
2975
2973
2973
2972
2972
2972
2971
2969
2969
2968
2967
2966
2966
2965
2962
2960
2960
2960
2959
2958
2958
2955
2954
2954
2952
2951
2948
2947
2946
2946
2946
2945
2944
2937
2936
2936
2936
2934
2933
2931
2931
2929
2928
2928
2927
2927
2927
2927
2926
2925
2924
2923
2922
2922
2922
2919
2918
2916
2916
2915
2915
2915
2915
2914
2913
2912
2912
2911
2911
2910
2910
2909
2907
2907
2905
2905
2903
2902
2902
2901
2901
2900
2898
2898
2897
2897
2897
2896
2895
2894
2893
2892
2892
2889
2889
2888
2888
2887
2886
2886
2885
2883
2883
2883
2882
2882
2880
2880
2879
2878
2878
2878
2876
2874
2872
2870
2870
2869
2868
2867
2867
2866
2865
2864
2862
2862
2862
2860
2860
2859
2855
2855
2853
2852
2851
2848
2847
2846
2845
2844
2842
2838
2838
2836
2832
2831
2829
2829
2829
2828
2825
2824
2824
2822
2822
2821
2821
2819
2818
2817
2816
2816
2815
2814
2814
2814
2813
2813
2812
2812
2810
2809
2807
2807
2807
2807
2806
2804
2803
2802
2802
2800
2800
2798
2797
2797
2796
2795
2795
2795
2790
2789
2789
2788
2788
2788
2785
2785
2784
2784
2782
2780
2780
2779
2779
2778
2776
2775
2774
2773
2769
2769
2767
2766
2766
2764
2763
2761
2761
2761
2759
2759
2758
2758
2757
2756
2756
2755
2754
2754
2751
2750
2750
2750
2748
2748
2747
2747
2747
2746
2746
2744
2743
2743
2743
2741
2740
2739
2736
2735
2735
2735
2735
2735
2734
2729
2729
2729
2729
2725
2725
2725
2724
2723
2723
2719
2719
2718
2718
2717
2717
2715
2715
2714
2714
2713
2710
2710
2710
2708
2707
2707
2707
2706
2705
2702
2700
2696
2696
2695
2692
2692
2691
2691
2690
2690
2689
2689
2687
2686
2685
2684
2683
2682
2682
2681
2680
2675
2675
2671
2670
2670
2668
2667
2667
2665
2662
2662
2658
2658
2657
2657
2655
2653
2652
2651
2650
2650
2648
2648
2648
2647
2647
2646
2646
2643
2642
2642
2642
2640
2640
2639
2639
2639
2638
2636
2636
2635
2635
2634
2633
2632
2630
2629
2628
2625
2624
2624
2621
2619
2619
2619
2618
2616
2615
2615
2615
2613
2613
2611
2609
2609
2608
2608
2607
2606
2606
2606
2605
2604
2602
2601
2599
2594
2593
2591
2589
2588
2587
2586
2586
2584
2584
2582
2582
2582
2582
2582
2580
2579
2578
2578
2577
2577
2576
2575
2574
2573
2572
2571
2571
2570
2567
2567
2566
2566
2564
2564
2563
2560
2558
2557
2555
2553
2551
2551
2551
2550
2550
2549
2549
2548
2548
2548
2545
2543
2543
2543
2542
2541
2540
2539
2539
2538
2536
2536
2536
2535
2533
2531
2531
2530
2529
2524
2523
2521
2521
2515
2515
2512
2512
2510
2507
2507
2507
2506
2505
2503
2503
2502
2501
2501
2500
2498
2497
2495
2493
2493
2492
2487
2487
2485
2483
2483
2482
2481
2480
2477
2476
2475
2474
2474
2474
2473
2471
2470
2469
2468
2467
2466
2465
2463
2460
2460
2459
2458
2458
2457
2456
2456
2455
2455
2454
2453
2452
2450
2449
2447
2447
2446
2446
2446
2445
2444
2443
2442
2442
2442
2439
2437
2437
2435
2435
2435
2434
2434
2434
2433
2432
2429
2429
2428
2426
2426
2426
2424
2424
2423
2418
2418
2418
2418
2417
2416
2414
2412
2411
2411
2410
2408
2408
2407
2406
2406
2405
2405
2405
2404
2401
2401
2400
2400
2398
2397
2396
2396
2395
2395
2393
2391
2391
2388
2387
2387
2387
2386
2386
2385
2385
2384
2384
2383
2382
2381
2379
2378
2376
2375
2372
2371
2368
2367
2365
2365
2364
2364
2360
2360
2359
2358
2357
2356
2356
2356
2352
2351
2351
2351
2350
2350
2348
2347
2347
2346
2345
2342
2342
2342
2340
2339
2338
2336
2336
2335
2335
2334
2332
2332
2331
2329
2328
2327
2326
2325
2325
2324
2323
2323
2322
2321
2321
2320
2319
2316
2316
2314
2313
2312
2311
2311
2311
2310
2310
2310
2310
2309
2309
2308
2308
2308
2307
2307
2305
2301
2300
2300
2299
2292
2292
2290
2290
2288
2286
2286
2286
2285
2282
2277
2277
2276
2275
2274
2268
2266
2266
2265
2265
2265
2265
2262
2259
2258
2257
2255
2254
2254
2251
2251
2250
2249
2246
2245
2244
2241
2241
2239
2238
2237
2234
2231
2229
2227
2224
2222
2221
2220
2218
2217
2216
2215
2215
2213
2213
2211
2210
2209
2208
2208
2207
2206
2206
2206
2206
2206
2206
2202
2200
2200
2199
2199
2197
2196
2193
2192
2190
2188
2188
2187
2187
2187
2186
2185
2184
2184
2184
2183
2183
2180
2178
2177
2176
2176
2175
2174
2174
2173
2172
2172
2169
2169
2167
2165
2165
2164
2164
2164
2162
2162
2161
2161
2160
2159
2158
2156
2156
2155
2154
2154
2153
2153
2152
2152
2151
2151
2149
2149
2147
2144
2144
2143
2143
2141
2140
2139
2137
2137
2137
2136
2136
2136
2135
2135
2135
2134
2134
2133
2133
2131
2130
2126
2125
2125
2124
2124
2121
2121
2121
2121
2120
2117
2116
2113
2110
2110
2108
2104
2104
2103
2102
2102
2101
2099
2099
2098
2097
2097
2097
2093
2092
2090
2088
2087
2085
2085
2085
2084
2084
2084
2083
2083
2081
2080
2080
2080
2080
2078
2078
2077
2075
2075
2074
2071
2070
2069
2068
2067
2066
2066
2064
2063
2063
2058
2057
2057
2056
2055
2054
2054
2053
2051
2050
2050
2048
2048
2044
2043
2042
2042
2041
2040
2038
2037
2037
2035
2033
2033
2027
2027
2025
2024
2024
2024
2022
2022
2021
2018
2017
2017
2016
2015
2013
2010
2008
2008
2005
2004
2003
2002
2002
2001
2000
1999
1998
1996
1996
1996
1994
1993
1993
1992
1992
1990
1989
1987
1986
1986
1986
1984
1984
1984
1982
1981
1981
1981
1980
1979
1976
1975
1975
1974
1974
1973
1973
1972
1970
1970
1968
1966
1965
1964
1961
1959
1959
1957
1957
1956
1956
1955
1953
1953
1953
1950
1949
1949
1948
1948
1948
1945
1943
1939
1939
1938
1938
1936
1935
1933
1932
1930
1926
1925
1925
1923
1922
1922
1920
1919
1918
1917
1917
1917
1915
1915
1912
1909
1907
1907
1905
1905
1904
1902
1900
1896
1895
1894
1893
1892
1892
1889
1888
1888
1887
1887
1886
1886
1886
1884
1884
1880
1880
1879
1877
1876
1875
1874
1874
1873
1871
1870
1870
1867
1867
1867
1866
1864
1863
1861
1861
1861
1859
1858
1856
1855
1854
1854
1853
1853
1852
1850
1848
1847
1847
1845
1844
1843
1843
1841
1841
1840
1839
1837
1836
1836
1835
1834
1833
1831
1830
1830
1829
1828
1827
1825
1825
1825
1825
1824
1818
1817
1817
1816
1815
1813
1810
1810
1809
1809
1806
1804
1803
1802
1800
1799
1799
1792
1792
1790
1789
1788
1788
1787
1787
1787
1785
1783
1783
1782
1780
1780
1778
1777
1777
1776
1776
1775
1775
1774
1772
1772
1769
1769
1768
1766
1766
1766
1765
1764
1763
1763
1761
1760
1759
1759
1756
1755
1752
1752
1750
1748
1748
1747
1746
1743
1742
1742
1742
1742
1741
1740
1740
1739
1739
1738
1737
1736
1736
1736
1735
1733
1730
1729
1727
1727
1725
1724
1723
1722
1721
1721
1721
1719
1719
1717
1717
1715
1715
1713
1713
1713
1712
1711
1711
1709
1708
1703
1703
1702
1698
1698
1695
1694
1694
1694
1694
1693
1693
1691
1691
1689
1685
1682
1679
1679
1678
1678
1677
1672
1670
1670
1669
1668
1667
1667
1666
1665
1664
1664
1663
1663
1662
1661
1661
1661
1660
1660
1656
1655
1655
1653
1651
1651
1650
1650
1650
1650
1649
1649
1648
1647
1646
1645
1643
1643
1638
1636
1631
1631
1630
1627
1627
1627
1625
1624
1623
1623
1623
1623
1622
1617
1615
1614
1613
1613
1613
1612
1606
1606
1605
1598
1597
1597
1597
1594
1593
1592
1590
1590
1590
1590
1589
1588
1588
1586
1585
1585
1584
1584
1583
1582
1580
1579
1577
1575
1573
1573
1572
1571
1571
1570
1568
1568
1568
1567
1567
1566
1565
1564
1564
1563
1562
1561
1561
1559
1559
1557
1557
1557
1557
1557
1556
1555
1555
1554
1551
1551
1549
1548
1548
1547
1546
1546
1545
1545
1543
1543
1542
1542
1541
1540
1538
1537
1537
1534
1534
1533
1533
1531
1530
1530
1529
1525
1524
1517
1517
1517
1517
1516
1516
1515
1514
1513
1513
1512
1509
1508
1508
1508
1507
1506
1506
1503
1501
1501
1501
1500
1500
1500
1499
1499
1497
1497
1496
1496
1496
1495
1495
1494
1493
1492
1491
1491
1490
1490
1489
1486
1486
1486
1485
1485
1482
1482
1481
1480
1478
1476
1476
1475
1475
1475
1469
1467
1465
1463
1462
1462
1460
1460
1459
1459
1455
1454
1453
1452
1451
1451
1450
1448
1447
1446
1443
1440
1439
1439
1438
1438
1438
1436
1434
1433
1433
1432
1432
1429
1427
1426
1425
1424
1422
1420
1419
1419
1418
1418
1417
1415
1414
1412
1412
1412
1412
1408
1407
1407
1405
1404
1404
1404
1402
1401
1401
1401
1400
1399
1398
1395
1395
1394
1394
1392
1392
1391
1389
1389
1387
1387
1387
1386
1384
1382
1382
1382
1380
1380
1380
1379
1379
1378
1376
1375
1374
1373
1372
1372
1371
1370
1370
1369
1368
1368
1368
1364
1363
1363
1362
1360
1357
1357
1356
1356
1356
1351
1350
1349
1348
1346
1343
1343
1342
1341
1341
1340
1340
1339
1331
1330
1330
1325
1325
1325
1323
1322
1320
1319
1319
1317
1316
1316
1315
1315
1314
1313
1311
1311
1311
1311
1311
1311
1309
1307
1304
1301
1301
1301
1301
1301
1299
1299
1299
1299
1298
1298
1296
1295
1293
1293
1292
1292
1292
1291
1291
1291
1291
1288
1288
1288
1285
1285
1284
1284
1283
1281
1280
1280
1278
1277
1277
1275
1275
1273
1273
1272
1272
1271
1271
1270
1270
1270
1269
1269
1269
1268
1267
1267
1265
1263
1262
1261
1258
1258
1256
1256
1256
1255
1252
1252
1251
1250
1249
1248
1248
1247
1247
1246
1244
1242
1240
1240
1239
1239
1238
1236
1236
1235
1234
1233
1233
1232
1231
1229
1228
1226
1225
1223
1222
1221
1220
1220
1213
1212
1210
1210
1210
1209
1209
1206
1205
1204
1203
1201
1201
1201
1200
1199
1198
1198
1197
1197
1196
1195
1195
1192
1188
1187
1186
1186
1186
1185
1184
1184
1183
1183
1183
1182
1182
1181
1180
1180
1180
1180
1180
1177
1177
1177
1174
1173
1173
1172
1171
1169
1165
1165
1163
1162
1158
1157
1157
1155
1155
1155
1152
1152
1151
1150
1149
1146
1146
1144
1144
1142
1142
1141
1140
1140
1139
1138
1138
1138
1136
1133
1133
1131
1130
1130
1130
1129
1129
1127
1127
1126
1125
1123
1121
1120
1120
1119
1117
1115
1110
1109
1109
1108
1108
1106
1104
1103
1103
1103
1103
1102
1101
1099
1099
1095
1094
1094
1094
1093
1092
1091
1090
1090
1087
1086
1085
1085
1085
1081
1081
1081
1080
1079
1078
1078
1077
1077
1074
1072
1070
1068
1068
1067
1066
1064
1063
1060
1060
1058
1058
1055
1052
1052
1051
1050
1049
1049
1048
1048
1047
1046
1045
1044
1044
1043
1042
1041
1041
1039
1039
1039
1035
1035
1034
1034
1033
1033
1033
1029
1029
1029
1028
1028
1027
1026
1026
1025
1021
1020
1020
1020
1020
1019
1019
1018
1016
1016
1015
1015
1015
1015
1014
1014
1013
1012
1011
1011
1011
1010
1009
1008
1008
1008
1008
1006
1004
1002
1001
999
995
992
990
989
988
988
988
987
986
985
983
981
981
980
980
979
977
976
974
973
970
969
969
969
967
966
965
965
964
961
959
958
958
957
956
956
954
953
952
952
951
948
948
947
946
940
940
940
938
938
937
937
934
934
934
933
932
932
929
928
927
927
926
924
923
921
921
919
919
918
918
917
917
917
917
915
915
913
913
912
911
910
909
907
906
899
899
898
896
895
893
891
890
887
886
886
885
885
884
882
880
879
878
878
876
875
875
874
874
872
872
869
869
868
867
867
866
866
866
864
862
861
861
859
858
858
857
857
857
857
854
854
853
852
849
847
847
846
846
844
843
843
842
841
840
838
838
837
837
836
836
835
834
834
833
832
831
830
830
827
825
824
824
824
822
821
819
817
817
816
815
814
814
814
813
812
812
811
810
808
807
802
801
799
799
799
799
797
795
794
793
792
790
790
787
786
785
785
784
783
783
783
780
779
778
778
777
775
775
774
773
772
771
768
767
766
766
763
763
762
761
760
759
758
757
757
756
756
753
749
749
748
744
744
743
743
743
739
739
739
737
737
735
735
735
731
731
730
728
724
722
722
721
721
719
718
717
716
715
714
711
711
709
706
704
703
700
700
697
696
696
695
692
691
688
684
683
682
681
681
681
679
677
675
673
673
672
671
670
670
668
667
666
665
663
662
662
662
660
659
659
657
655
654
654
653
653
653
652
652
646
644
643
641
641
641
640
639
639
639
638
637
636
635
634
634
634
631
630
630
629
628
628
627
626
625
625
622
622
622
619
619
619
618
618
616
616
615
614
613
613
611
610
609
609
609
609
608
606
605
604
602
601
600
599
599
597
597
597
596
595
593
593
592
591
590
590
586
583
582
581
581
580
580
579
579
579
579
577
574
573
573
571
571
570
570
569
568
568
568
568
566
566
565
565
563
561
560
560
560
560
560
559
559
557
556
556
556
554
554
553
552
552
552
550
550
549
548
548
547
547
545
543
543
543
543
541
540
540
539
539
539
537
535
534
534
532
532
531
530
529
529
527
523
523
522
521
520
518
517
517
515
515
514
513
512
510
510
509
509
506
505
505
504
503
502
502
501
501
501
500
499
499
498
497
495
491
491
491
490
490
490
486
485
485
484
483
481
480
480
477
476
476
474
473
473
472
471
470
470
469
469
469
468
467
467
465
464
462
462
460
460
459
456
455
455
452
447
447
446
445
444
442
441
441
440
438
438
438
437
436
435
433
432
432
431
429
429
427
426
425
424
421
420
420
420
419
419
418
417
417
417
416
415
415
415
413
412
412
412
412
411
410
410
409
406
404
402
402
401
401
401
401
400
399
399
397
394
394
392
391
390
390
389
388
386
386
386
382
381
380
379
377
374
374
372
372
372
371
371
370
370
369
369
368
367
367
365
364
364
362
359
359
358
358
358
356
354
353
353
351
351
350
350
349
349
348
344
343
342
341
341
338
336
335
335
334
334
334
333
332
332
330
328
326
326
324
322
321
321
319
319
318
315
315
312
311
309
309
307
305
305
299
299
297
294
293
292
292
291
290
290
290
289
289
286
284
283
283
283
283
282
281
281
278
278
276
276
275
275
273
272
272
272
271
269
269
267
267
266
266
266
266
265
264
263
263
262
261
259
259
256
255
254
252
249
248
247
247
246
246
244
244
242
242
240
240
240
239
239
238
238
237
234
233
233
232
228
228
226
226
225
224
224
222
222
222
222
222
222
220
220
217
215
213
212
210
208
207
205
204
204
203
202
202
202
201
198
198
198
197
197
196
196
195
193
193
191
190
189
186
186
186
186
185
185
184
184
183
183
182
182
181
181
180
179
178
176
175
174
174
173
172
172
171
170
170
169
166
166
166
165
164
162
160
160
159
158
157
157
157
155
154
153
153
150
149
147
146
146
146
145
145
144
143
143
142
139
139
139
138
137
137
135
129
128
128
126
125
122
122
121
121
120
120
119
118
118
115
114
114
113
113
112
111
111
110
110
107
107
105
104
104
103
103
102
100
100
99
98
96
96
94
92
92
90
88
86
86
86
85
84
82
81
81
80
78
78
77
77
76
75
75
72
71
71
71
70
70
69
69
69
68
68
68
67
65
65
63
61
60
58
58
56
56
56
55
54
54
54
52
51
49
48
48
45
44
43
41
40
39
39
38
37
36
36
36
35
35
35
35
33
31
31
29
29
28
27
26
26
25
22
21
18
17
17
17
16
15
15
14
14
14
13
11
8
6
4
3
1
