9999
9999
9997
9997
9997
9996
9993
9993
9992
9987
9985
9985
9984
9982
9982
9982
9980
9980
9979
9979
9978
9977
9975
9975
9973
9972
9972
9972
9971
9969
9969
9968
9967
9966
9965
9962
9962
9961
9961
9961
9961
9959
9958
9957
9954
9954
9952
9947
9945
9944
9944
9944
9943
9942
9941
9941
9940
9939
9938
9938
9937
9936
9936
9934
9934
9932
9930
9930
9929
9927
9926
9925
9925
9924
9924
9921
9921
9916
9914
9913
9913
9911
9909
9908
9908
9907
9906
9905
9904
9903
9903
9900
9899
9897
9897
9893
9892
9889
9889
9886
9886
9885
9884
9883
9883
9882
9881
9881
9877
9877
9876
9876
9875
9873
9873
9872
9872
9872
9871
9870
9870
9869
9869
9868
9868
9868
9867
9867
9866
9866
9862
9861
9861
9861
9860
9858
9855
9855
9853
9853
9853
9852
9849
9848
9848
9848
9847
9847
9845
9845
9841
9840
9840
9839
9837
9835
9835
9834
9833
9831
9831
9831
9830
9830
9830
9829
9828
9828
9827
9826
9826
9826
9826
9826
9824
9824
9823
9821
9821
9821
9820
9819
9819
9818
9818
9817
9816
9815
9815
9813
9813
9813
9813
9811
9811
9808
9807
9806
9806
9805
9804
9804
9804
9803
9803
9801
9800
9800
9798
9795
9794
9792
9791
9791
9789
9787
9786
9783
9783
9782
9782
9781
9781
9780
9780
9779
9777
9776
9776
9775
9775
9774
9772
9772
9771
9771
9769
9768
9768
9766
9765
9765
9763
9763
9763
9762
9761
9761
9758
9758
9757
9756
9756
9754
9753
9753
9752
9751
9750
9749
9748
9748
9746
9745
9745
9744
9743
9742
9739
9739
9738
9738
9738
9737
9735
9735
9735
9734
9734
9734
9732
9732
9728
9728
9728
9728
9727
9726
9726
9726
9725
9725
9725
9724
9721
9719
9719
9718
9718
9718
9716
9716
9715
9715
9715
9714
9714
9713
9712
9711
9711
9709
9707
9707
9707
9705
9705
9702
9702
9699
9699
9699
9698
9697
9697
9696
9694
9693
9692
9692
9691
9690
9689
9689
9689
9686
9684
9684
9683
9682
9681
9680
9680
9679
9678
9677
9677
9677
9676
9675
9675
9674
9672
9672
9670
9669
9668
9666
9666
9665
9665
9665
9664
9663
9663
9658
9658
9658
9655
9655
9653
9652
9651
9647
9646
9645
9643
9642
9639
9638
9637
9634
9632
9632
9631
9631
9628
9628
9627
9627
9627
9626
9622
9622
9617
9611
9611
9609
9609
9607
9605
9604
9602
9601
9598
9596
9596
9593
9590
9589
9588
9588
9587
9587
9583
9582
9582
9582
9581
9581
9580
9579
9579
9576
9575
9573
9573
9572
9570
9569
9567
9564
9564
9563
9563
9561
9561
9560
9559
9559
9559
9557
9557
9557
9555
9554
9553
9553
9552
9551
9550
9548
9545
9545
9544
9544
9541
9541
9540
9538
9537
9536
9536
9535
9533
9531
9531
9531
9529
9529
9526
9526
9521
9521
9521
9520
9520
9519
9518
9518
9517
9516
9516
9515
9513
9513
9512
9511
9511
9508
9508
9506
9504
9503
9502
9497
9495
9494
9494
9494
9491
9491
9491
9489
9488
9488
9487
9487
9486
9485
9484
9482
9480
9479
9478
9478
9478
9477
9476
9475
9474
9473
9472
9471
9471
9470
9470
9468
9467
9467
9467
9466
9463
9463
9462
9461
9461
9460
9460
9458
9458
9457
9457
9456
9454
9453
9452
9452
9451
9450
9449
9448
9447
9446
9446
9446
9445
9444
9444
9444
9442
9441
9441
9440
9440
9440
9439
9437
9435
9434
9432
9431
9429
9424
9423
9423
9422
9422
9419
9419
9418
9418
9417
9417
9414
9414
9413
9413
9412
9411
9409
9408
9406
9405
9405
9404
9404
9403
9402
9402
9402
9401
9400
9397
9397
9394
9394
9394
9393
9391
9389
9389
9388
9388
9387
9386
9385
9385
9384
9383
9382
9379
9379
9377
9376
9376
9376
9375
9374
9372
9372
9371
9370
9369
9369
9369
9368
9368
9367
9367
9366
9365
9365
9365
9364
9363
9363
9363
9362
9361
9358
9358
9358
9357
9357
9357
9355
9353
9353
9353
9353
9352
9351
9348
9347
9345
9345
9344
9341
9340
9340
9340
9338
9335
9334
9334
9333
9331
9330
9330
9329
9328
9326
9323
9323
9321
9321
9320
9320
9318
9318
9318
9317
9316
9316
9316
9315
9314
9313
9313
9313
9312
9309
9308
9308
9304
9303
9303
9302
9301
9301
9301
9301
9299
9299
9298
9295
9295
9293
9292
9291
9291
9290
9290
9289
9289
9288
9287
9286
9284
9283
9282
9280
9277
9277
9276
9276
9275
9275
9274
9273
9272
9272
9272
9271
9270
9270
9269
9269
9267
9265
9265
9265
9264
9263
9263
9263
9258
9257
9254
9254
9253
9253
9253
9253
9252
9252
9252
9249
9245
9244
9243
9243
9242
9242
9242
9241
9240
9240
9239
9238
9238
9237
9235
9234
9234
9234
9230
9228
9227
9227
9226
9225
9225
9224
9224
9224
9223
9222
9222
9218
9218
9217
9215
9215
9214
9210
9210
9210
9209
9206
9205
9205
9205
9205
9204
9203
9202
9202
9202
9199
9199
9197
9196
9195
9192
9190
9190
9189
9188
9187
9187
9186
9186
9183
9183
9182
9181
9177
9177
9176
9176
9176
9174
9174
9174
9171
9170
9169
9166
9166
9165
9165
9165
9164
9163
9161
9159
9157
9157
9156
9155
9155
9153
9153
9152
9151
9151
9150
9149
9149
9148
9145
9144
9143
9143
9142
9142
9141
9140
9139
9139
9135
9133
9132
9130
9130
9130
9129
9128
9128
9127
9127
9127
9127
9125
9122
9122
9122
9121
9119
9118
9118
9116
9114
9113
9113
9112
9112
9111
9110
9110
9110
9110
9109
9109
9108
9107
9107
9107
9106
9106
9104
9104
9104
9103
9101
9098
9097
9096
9095
9095
9094
9094
9094
9093
9092
9092
9092
9090
9089
9088
9087
9087
9085
9084
9084
9082
9082
9081
9081
9079
9076
9074
9073
9073
9070
9070
9068
9067
9067
9067
9065
9064
9063
9063
9062
9062
9060
9058
9057
9056
9056
9056
9054
9054
9054
9054
9052
9051
9050
9050
9044
9044
9041
9040
9040
9039
9038
9038
9037
9036
9034
9032
9032
9031
9030
9029
9028
9028
9028
9028
9022
9022
9019
9019
9019
9018
9016
9015
9014
9012
9012
9011
9007
9006
9004
9004
9003
9002
8999
8998
8997
8996
8996
8995
8994
8993
8993
8992
8990
8990
8990
8988
8987
8986
8984
8984
8983
8983
8982
8982
8982
8981
8980
8980
8978
8976
8975
8974
8971
8971
8969
8967
8967
8966
8964
8963
8963
8962
8961
8960
8960
8960
8958
8957
8955
8954
8953
8952
8952
8951
8948
8946
8946
8946
8944
8943
8941
8940
8937
8937
8935
8934
8933
8931
8930
8929
8928
8927
8927
8925
8924
8923
8922
8920
8918
8917
8917
8915
8914
8913
8912
8912
8911
8910
8907
8904
8904
8904
8902
8902
8902
8899
8898
8898
8897
8897
8893
8892
8892
8892
8891
8890
8889
8889
8889
8888
8888
8887
8886
8886
8885
8884
8883
8883
8882
8882
8881
8880
8880
8879
8878
8878
8877
8877
8877
8874
8873
8871
8869
8867
8866
8866
8866
8864
8864
8863
8862
8862
8859
8858
8857
8857
8856
8854
8854
8854
8852
8851
8849
8848
8847
8847
8847
8846
8844
8843
8842
8841
8840
8839
8838
8837
8836
8835
8835
8835
8833
8832
8832
8831
8831
8829
8829
8828
8827
8826
8826
8825
8825
8824
8824
8822
8821
8821
8821
8821
8820
8820
8819
8819
8816
8815
8814
8812
8812
8812
8810
8808
8808
8807
8807
8807
8807
8806
8805
8805
8802
8801
8801
8801
8800
8800
8800
8800
8799
8791
8791
8788
8782
8782
8782
8781
8781
8779
8778
8778
8776
8776
8775
8775
8775
8774
8773
8773
8772
8772
8771
8769
8768
8768
8767
8767
8766
8765
8764
8761
8760
8760
8759
8759
8755
8753
8752
8751
8751
8750
8748
8746
8745
8743
8740
8740
8739
8739
8736
8735
8734
8734
8730
8728
8728
8727
8724
8724
8724
8724
8724
8723
8722
8722
8722
8718
8715
8713
8712
8711
8711
8711
8710
8709
8709
8708
8706
8706
8705
8705
8705
8704
8703
8703
8702
8702
8702
8702
8701
8700
8698
8696
8695
8693
8692
8692
8691
8690
8690
8690
8690
8689
8688
8687
8687
8687
8686
8686
8685
8685
8684
8683
8683
8680
8679
8678
8675
8674
8672
8671
8671
8670
8669
8668
8667
8666
8665
8665
8664
8664
8663
8662
8662
8662
8660
8658
8658
8657
8656
8656
8655
8655
8652
8652
8650
8649
8649
8649
8648
8646
8645
8645
8644
8644
8644
8642
8641
8640
8637
8637
8636
8635
8634
8633
8631
8630
8628
8627
8626
8626
8624
8624
8623
8622
8621
8621
8620
8620
8620
8616
8613
8612
8611
8611
8611
8610
8604
8603
8602
8602
8601
8599
8599
8599
8598
8598
8597
8595
8594
8594
8594
8594
8590
8590
8590
8589
8589
8589
8586
8585
8584
8583
8582
8582
8581
8580
8579
8579
8577
8574
8573
8573
8571
8570
8570
8569
8568
8567
8567
8566
8564
8564
8563
8562
8561
8561
8561
8559
8558
8556
8554
8554
8554
8554
8553
8553
8553
8546
8546
8545
8544
8542
8542
8539
8538
8537
8537
8532
8531
8529
8527
8526
8526
8525
8525
8524
8522
8522
8521
8519
8519
8517
8516
8515
8513
8512
8511
8509
8509
8506
8504
8503
8501
8499
8499
8498
8497
8496
8496
8496
8495
8495
8494
8493
8492
8492
8491
8490
8490
8486
8483
8482
8482
8478
8478
8475
8471
8470
8469
8468
8468
8468
8467
8467
8467
8467
8466
8465
8465
8463
8462
8459
8459
8459
8458
8456
8456
8455
8455
8454
8451
8451
8450
8449
8443
8442
8438
8437
8437
8437
8436
8433
8431
8431
8429
8429
8428
8428
8425
8424
8422
8421
8420
8416
8415
8415
8414
8414
8414
8413
8412
8412
8411
8411
8410
8409
8409
8408
8406
8405
8404
8404
8402
8402
8402
8401
8401
8399
8398
8397
8397
8397
8396
8395
8395
8393
8392
8391
8391
8391
8390
8389
8388
8385
8384
8384
8383
8381
8379
8378
8378
8377
8377
8374
8373
8371
8368
8368
8367
8366
8362
8362
8359
8358
8358
8356
8356
8356
8352
8351
8350
8349
8346
8346
8345
8342
8341
8340
8339
8338
8338
8338
8336
8335
8333
8333
8333
8332
8329
8329
8329
8328
8327
8326
8326
8325
8325
8324
8323
8323
8322
8321
8321
8319
8318
8318
8317
8316
8315
8315
8312
8312
8312
8309
8306
8306
8306
8305
8305
8304
8302
8301
8301
8300
8298
8297
8295
8295
8293
8293
8292
8291
8290
8290
8290
8287
8283
8282
8280
8280
8279
8278
8278
8277
8276
8275
8274
8274
8273
8273
8272
8268
8268
8263
8263
8262
8261
8260
8259
8259
8258
8257
8255
8255
8254
8253
8251
8244
8243
8243
8243
8242
8242
8242
8241
8240
8237
8237
8236
8235
8234
8233
8233
8232
8230
8230
8229
8229
8228
8227
8226
8225
8224
8224
8223
8221
8220
8219
8219
8219
8217
8217
8213
8212
8211
8209
8209
8208
8208
8207
8203
8203
8202
8201
8201
8201
8200
8199
8199
8198
8197
8197
8197
8195
8193
8193
8192
8191
8184
8183
8183
8182
8181
8180
8180
8179
8178
8177
8176
8176
8175
8174
8173
8172
8171
8171
8168
8166
8165
8163
8163
8162
8162
8160
8160
8160
8159
8158
8158
8157
8156
8156
8156
8155
8154
8154
8153
8152
8152
8152
8151
8151
8150
8149
8147
8147
8147
8146
8142
8142
8141
8139
8139
8137
8136
8134
8134
8133
8133
8133
8133
8132
8130
8129
8129
8128
8126
8126
8124
8123
8123
8122
8122
8120
8118
8116
8115
8114
8110
8109
8107
8107
8106
8106
8105
8104
8103
8102
8100
8100
8100
8099
8098
8098
8098
8097
8097
8095
8095
8095
8094
8091
8091
8091
8091
8087
8087
8085
8085
8085
8083
8082
8082
8082
8080
8078
8078
8078
8077
8077
8075
8073
8071
8068
8067
8066
8066
8064
8064
8063
8062
8059
8058
8055
8053
8053
8051
8049
8048
8047
8046
8045
8043
8041
8040
8039
8039
8038
8037
8037
8036
8035
8035
8034
8033
8033
8033
8033
8031
8030
8030
8030
8029
8029
8028
8023
8022
8021
8019
8019
8017
8017
8017
8016
8016
8016
8015
8014
8013
8013
8012
8011
8010
8009
8009
8008
8008
8008
8008
8007
8006
8005
8004
8004
8002
8000
7999
7997
7994
7994
7993
7993
7992
7990
7989
7987
7987
7986
7986
7984
7983
7983
7983
7982
7982
7982
7981
7979
7975
7974
7972
7968
7967
7965
7962
7962
7962
7962
7960
7959
7957
7954
7952
7950
7950
7949
7947
7946
7946
7945
7945
7945
7945
7944
7940
7939
7937
7936
7936
7935
7935
7935
7935
7932
7932
7931
7930
7929
7929
7929
7928
7927
7927
7925
7925
7923
7921
7919
7918
7918
7918
7914
7913
7913
7911
7911
7909
7906
7905
7905
7905
7905
7904
7903
7903
7902
7898
7896
7895
7893
7892
7891
7890
7889
7889
7888
7888
7887
7884
7883
7882
7882
7876
7876
7875
7875
7875
7875
7874
7874
7874
7873
7871
7868
7867
7866
7865
7863
7863
7859
7856
7855
7854
7853
7851
7851
7851
7851
7851
7851
7850
7850
7850
7849
7848
7847
7847
7847
7846
7844
7844
7842
7842
7842
7841
7841
7840
7840
7838
7837
7836
7835
7835
7835
7834
7834
7832
7830
7828
7827
7826
7825
7825
7824
7822
7821
7820
7820
7819
7816
7816
7815
7815
7813
7813
7813
7812
7811
7811
7810
7808
7807
7806
7805
7805
7805
7804
7804
7804
7803
7803
7802
7801
7800
7799
7797
7796
7796
7795
7794
7792
7792
7791
7791
7790
7789
7788
7788
7787
7787
7786
7786
7785
7785
7785
7785
7784
7783
7782
7782
7782
7781
7780
7780
7777
7777
7776
7773
7772
7771
7771
7771
7771
7770
7770
7769
7768
7767
7765
7764
7764
7764
7761
7758
7758
7758
7758
7758
7756
7754
7751
7751
7750
7750
7749
7748
7748
7747
7747
7747
7746
7746
7744
7744
7744
7743
7743
7743
7743
7741
7740
7740
7739
7738
7737
7736
7734
7733
7731
7730
7729
7728
7728
7728
7727
7725
7723
7723
7723
7723
7722
7721
7720
7719
7718
7717
7716
7716
7713
7713
7712
7710
7709
7706
7702
7700
7700
7699
7699
7699
7698
7697
7697
7697
7696
7696
7695
7694
7694
7693
7692
7692
7688
7686
7686
7684
7682
7681
7680
7678
7678
7677
7675
7675
7674
7674
7673
7673
7673
7671
7669
7669
7667
7667
7665
7664
7664
7663
7663
7662
7659
7658
7657
7656
7655
7652
7651
7651
7650
7649
7648
7648
7647
7647
7646
7646
7645
7643
7643
7643
7643
7643
7642
7641
7640
7639
7639
7637
7637
7635
7635
7633
7632
7630
7630
7628
7628
7628
7626
7626
7623
7622
7620
7620
7620
7616
7615
7615
7614
7613
7613
7613
7612
7611
7611
7611
7609
7607
7606
7603
7603
7601
7598
7598
7597
7595
7592
7589
7586
7585
7585
7584
7584
7583
7582
7582
7582
7581
7581
7581
7581
7579
7578
7577
7575
7574
7573
7572
7570
7569
7569
7568
7568
7566
7564
7562
7562
7560
7560
7558
7557
7555
7554
7552
7551
7550
7550
7548
7546
7546
7545
7543
7541
7540
7540
7538
7538
7533
7527
7526
7526
7526
7524
7524
7523
7523
7522
7522
7521
7517
7516
7516
7516
7514
7514
7507
7504
7503
7503
7502
7501
7501
7500
7500
7499
7499
7499
7498
7497
7497
7497
7495
7495
7494
7494
7493
7491
7491
7489
7487
7487
7484
7484
7484
7482
7482
7481
7480
7479
7478
7477
7476
7476
7476
7474
7474
7473
7473
7473
7472
7470
7470
7469
7468
7468
7464
7464
7463
7462
7461
7461
7460
7460
7458
7457
7457
7454
7454
7454
7454
7453
7453
7452
7452
7452
7451
7451
7450
7449
7449
7449
7447
7446
7444
7443
7443
7442
7441
7440
7440
7438
7438
7437
7435
7435
7432
7431
7431
7430
7426
7421
7421
7417
7417
7416
7416
7415
7414
7411
7411
7410
7410
7409
7407
7407
7406
7405
7404
7404
7402
7401
7401
7400
7398
7398
7397
7397
7396
7395
7395
7393
7393
7392
7391
7391
7391
7390
7390
7389
7388
7385
7384
7383
7382
7382
7380
7379
7379
7377
7377
7377
7376
7376
7374
7373
7371
7371
7369
7366
7365
7362
7361
7360
7360
7360
7360
7359
7358
7357
7356
7355
7354
7354
7352
7352
7350
7350
7350
7348
7347
7347
7346
7345
7343
7341
7340
7338
7338
7336
7336
7333
7333
7330
7329
7325
7325
7324
7322
7320
7319
7318
7318
7317
7316
7316
7315
7314
7313
7311
7311
7311
7311
7310
7305
7303
7302
7302
7301
7300
7300
7300
7298
7297
7296
7294
7290
7290
7290
7289
7288
7287
7287
7285
7274
7273
7273
7272
7271
7271
7270
7267
7267
7267
7266
7266
7265
7265
7263
7263
7262
7261
7260
7259
7258
7257
7256
7254
7254
7254
7252
7250
7249
7248
7248
7248
7247
7245
7244
7244
7243
7243
7243
7241
7241
7238
7237
7237
7235
7234
7233
7233
7233
7232
7232
7230
7228
7228
7227
7227
7227
7223
7223
7221
7220
7220
7219
7219
7218
7218
7217
7217
7215
7214
7214
7212
7212
7210
7210
7210
7209
7208
7208
7207
7207
7206
7206
7204
7201
7201
7201
7200
7198
7198
7197
7196
7196
7194
7194
7193
7192
7192
7189
7186
7182
7181
7180
7180
7177
7176
7176
7175
7175
7174
7174
7172
7172
7171
7171
7168
7165
7164
7164
7163
7163
7162
7162
7161
7161
7161
7160
7160
7159
7159
7158
7155
7154
7151
7150
7146
7146
7146
7146
7146
7145
7145
7145
7143
7142
7142
7140
7140
7139
7139
7139
7138
7136
7136
7134
7133
7130
7130
7129
7126
7124
7122
7122
7122
7121
7119
7118
7118
7118
7117
7117
7115
7113
7113
7112
7111
7110
7110
7109
7108
7106
7106
7105
7105
7105
7104
7104
7102
7101
7100
7099
7099
7097
7096
7096
7096
7094
7094
7093
7093
7092
7092
7092
7091
7089
7089
7088
7088
7087
7086
7084
7084
7083
7080
7079
7078
7078
7077
7077
7073
7072
7072
7071
7071
7070
7070
7069
7068
7067
7067
7067
7067
7065
7065
7063
7063
7062
7062
7061
7061
7061
7060
7059
7058
7058
7057
7057
7056
7054
7052
7052
7052
7051
7050
7050
7049
7049
7047
7046
7045
7044
7044
7043
7043
7042
7041
7041
7039
7038
7037
7037
7037
7036
7035
7034
7032
7032
7031
7030
7028
7028
7025
7025
7024
7023
7023
7022
7022
7022
7020
7020
7019
7018
7017
7016
7016
7015
7013
7013
7011
7011
7011
7010
7010
7008
7008
7006
7004
7003
7001
7001
7000
7000
6999
6999
6997
6996
6995
6994
6993
6990
6990
6990
6989
6989
6988
6987
6987
6985
6985
6982
6981
6981
6980
6980
6979
6978
6978
6977
6977
6976
6975
6974
6972
6971
6971
6971
6970
6970
6969
6969
6968
6967
6966
6965
6964
6964
6963
6962
6962
6961
6961
6961
6960
6959
6959
6958
6957
6956
6955
6953
6952
6952
6951
6951
6950
6948
6948
6941
6941
6940
6939
6939
6938
6938
6936
6935
6935
6934
6934
6930
6929
6928
6927
6927
6927
6926
6923
6922
6921
6921
6920
6918
6918
6918
6917
6917
6917
6915
6915
6913
6913
6911
6911
6910
6909
6909
6909
6908
6908
6908
6907
6907
6906
6906
6905
6903
6899
6899
6898
6898
6897
6896
6895
6895
6894
6893
6892
6892
6889
6889
6888
6888
6888
6886
6886
6885
6880
6877
6877
6876
6875
6873
6873
6869
6868
6867
6866
6866
6865
6865
6863
6862
6862
6860
6860
6860
6860
6859
6859
6857
6856
6853
6852
6852
6849
6848
6847
6846
6843
6842
6840
6839
6839
6839
6835
6834
6834
6834
6834
6834
6831
6830
6828
6826
6822
6821
6821
6820
6820
6817
6816
6815
6813
6813
6812
6811
6811
6811
6811
6810
6810
6808
6807
6806
6806
6805
6805
6801
6800
6799
6798
6798
6797
6797
6790
6786
6785
6784
6783
6783
6783
6781
6780
6779
6779
6777
6776
6776
6776
6772
6772
6771
6771
6771
6769
6768
6766
6765
6764
6763
6759
6759
6758
6757
6755
6753
6753
6752
6752
6750
6749
6747
6747
6747
6746
6744
6743
6742
6740
6736
6735
6733
6733
6732
6732
6732
6732
6732
6731
6731
6729
6728
6728
6727
6725
6724
6723
6722
6722
6718
6717
6717
6716
6716
6715
6714
6714
6713
6712
6710
6706
6706
6704
6704
6704
6703
6702
6699
6698
6697
6697
6697
6697
6696
6696
6695
6695
6693
6692
6691
6691
6689
6687
6686
6685
6683
6682
6680
6679
6675
6674
6674
6673
6673
6671
6671
6671
6671
6670
6670
6670
6668
6668
6667
6666
6665
6665
6665
6664
6663
6663
6661
6661
6660
6658
6657
6654
6654
6653
6653
6652
6652
6651
6650
6649
6647
6646
6646
6645
6644
6642
6642
6641
6641
6638
6637
6637
6636
6635
6629
6629
6629
6628
6628
6627
6627
6625
6624
6623
6623
6623
6623
6622
6622
6622
6622
6621
6620
6620
6620
6618
6618
6618
6615
6614
6613
6612
6612
6611
6611
6610
6608
6606
6604
6603
6603
6601
6601
6600
6599
6597
6597
6596
6596
6594
6593
6592
6591
6591
6590
6590
6589
6588
6588
6588
6586
6586
6586
6583
6579
6579
6578
6578
6578
6575
6574
6572
6572
6571
6570
6569
6569
6567
6567
6567
6565
6564
6563
6563
6562
6561
6559
6556
6555
6552
6551
6549
6547
6544
6543
6542
6542
6542
6539
6539
6538
6537
6533
6533
6529
6529
6528
6528
6528
6527
6526
6526
6526
6525
6522
6520
6519
6517
6516
6516
6516
6515
6512
6510
6510
6505
6502
6502
6500
6500
6499
6498
6497
6496
6496
6493
6492
6491
6489
6488
6487
6485
6482
6482
6480
6480
6480
6477
6474
6472
6471
6470
6470
6469
6469
6467
6467
6466
6466
6465
6464
6464
6463
6462
6462
6460
6459
6459
6458
6457
6456
6454
6453
6453
6452
6451
6449
6449
6448
6448
6445
6443
6443
6441
6439
6439
6438
6435
6434
6433
6433
6430
6429
6428
6424
6423
6423
6422
6422
6420
6419
6417
6417
6417
6417
6415
6415
6413
6411
6408
6404
6402
6401
6401
6401
6400
6399
6399
6398
6396
6395
6395
6395
6394
6393
6391
6390
6388
6387
6387
6387
6386
6386
6380
6379
6377
6376
6375
6374
6371
6371
6370
6370
6368
6367
6366
6363
6362
6361
6360
6359
6357
6356
6355
6355
6355
6354
6354
6352
6350
6350
6349
6348
6347
6347
6345
6345
6342
6342
6339
6339
6339
6337
6336
6332
6332
6332
6331
6329
6329
6328
6326
6326
6326
6325
6325
6324
6324
6324
6323
6321
6321
6321
6320
6319
6317
6314
6314
6312
6308
6306
6305
6303
6303
6302
6301
6301
6299
6298
6298
6298
6298
6298
6297
6296
6293
6291
6289
6286
6285
6284
6283
6282
6282
6280
6280
6279
6279
6278
6278
6276
6275
6275
6273
6272
6271
6271
6268
6267
6265
6265
6264
6263
6263
6261
6260
6259
6258
6258
6256
6254
6254
6253
6253
6252
6251
6251
6250
6248
6247
6246
6245
6244
6243
6242
6242
6240
6239
6238
6238
6238
6237
6234
6234
6234
6234
6233
6231
6230
6229
6229
6228
6227
6226
6226
6226
6225
6225
6225
6225
6224
6223
6223
6222
6222
6220
6220
6220
6219
6218
6217
6215
6215
6214
6212
6211
6211
6210
6210
6209
6209
6207
6206
6206
6205
6205
6204
6203
6203
6202
6202
6202
6199
6196
6195
6194
6193
6193
6193
6192
6191
6191
6189
6189
6189
6188
6187
6187
6186
6186
6185
6184
6182
6182
6181
6178
6178
6177
6176
6175
6173
6168
6168
6167
6167
6166
6165
6165
6164
6163
6161
6160
6159
6158
6157
6153
6152
6152
6151
6150
6150
6148
6148
6147
6145
6144
6143
6142
6141
6137
6136
6136
6134
6133
6131
6130
6127
6125
6124
6124
6122
6122
6118
6118
6117
6117
6116
6116
6115
6114
6111
6110
6109
6108
6107
6106
6106
6105
6105
6100
6100
6100
6099
6097
6097
6096
6096
6095
6095
6094
6093
6092
6092
6090
6088
6088
6086
6085
6084
6084
6084
6078
6078
6076
6076
6076
6074
6073
6072
6071
6070
6070
6070
6070
6069
6069
6068
6068
6067
6067
6066
6066
6066
6066
6064
6063
6063
6062
6062
6060
6059
6058
6057
6057
6057
6056
6055
6055
6055
6054
6052
6052
6050
6050
6046
6046
6041
6039
6038
6038
6036
6034
6030
6027
6027
6025
6024
6024
6022
6021
6021
6020
6018
6015
6015
6013
6013
6012
6012
6007
6006
6005
6001
5999
5999
5998
5998
5997
5995
5995
5994
5993
5992
5991
5988
5988
5987
5985
5985
5981
5981
5979
5978
5977
5973
5973
5972
5972
5970
5970
5969
5969
5968
5965
5962
5962
5960
5960
5960
5959
5957
5957
5956
5956
5955
5955
5955
5954
5954
5953
5950
5949
5948
5948
5947
5944
5944
5943
5942
5941
5941
5941
5940
5940
5940
5939
5939
5938
5938
5937
5936
5934
5931
5930
5930
5929
5929
5929
5928
5928
5927
5927
5927
5927
5927
5924
5922
5919
5919
5917
5915
5914
5914
5913
5913
5913
5910
5907
5906
5905
5905
5903
5901
5900
5900
5900
5899
5898
5898
5897
5893
5893
5892
5892
5891
5890
5889
5889
5888
5887
5886
5885
5884
5884
5884
5881
5881
5881
5880
5880
5879
5876
5876
5874
5873
5873
5872
5868
5867
5867
5866
5866
5865
5865
5861
5861
5859
5857
5857
5857
5856
5854
5854
5850
5850
5850
5849
5849
5847
5844
5843
5842
5841
5840
5839
5839
5838
5837
5837
5836
5836
5835
5835
5834
5833
5832
5829
5828
5825
5824
5823
5822
5822
5822
5822
5822
5819
5818
5818
5818
5818
5817
5816
5816
5816
5813
5812
5811
5807
5807
5806
5805
5805
5803
5801
5800
5800
5799
5797
5797
5797
5796
5795
5795
5795
5791
5789
5789
5787
5787
5786
5786
5785
5785
5785
5784
5783
5783
5780
5779
5779
5778
5778
5778
5777
5777
5775
5773
5773
5773
5772
5771
5771
5770
5768
5767
5767
5766
5766
5765
5765
5764
5764
5761
5761
5761
5761
5760
5759
5759
5759
5758
5757
5756
5755
5754
5753
5752
5748
5748
5747
5745
5744
5743
5741
5740
5740
5738
5736
5735
5735
5732
5731
5731
5730
5727
5727
5725
5722
5722
5721
5720
5719
5718
5717
5716
5716
5716
5715
5713
5713
5712
5711
5711
5710
5707
5706
5706
5702
5700
5697
5697
5696
5696
5696
5695
5695
5694
5693
5693
5691
5690
5690
5690
5690
5689
5688
5688
5687
5687
5684
5683
5681
5678
5678
5676
5673
5673
5669
5669
5668
5668
5666
5666
5661
5660
5658
5657
5656
5655
5653
5651
5651
5651
5650
5650
5650
5649
5646
5645
5645
5643
5643
5643
5643
5643
5641
5640
5639
5639
5635
5631
5631
5630
5629
5628
5627
5627
5624
5623
5622
5621
5621
5620
5619
5619
5618
5618
5616
5616
5615
5614
5613
5613
5613
5611
5611
5609
5608
5605
5603
5600
5599
5598
5598
5596
5595
5594
5593
5592
5590
5590
5588
5588
5587
5583
5583
5581
5579
5578
5578
5578
5576
5574
5573
5571
5571
5570
5568
5568
5567
5567
5566
5565
5564
5564
5562
5562
5560
5557
5555
5553
5551
5551
5546
5545
5544
5544
5543
5543
5542
5542
5542
5539
5532
5532
5531
5531
5529
5528
5527
5524
5522
5519
5513
5512
5506
5506
5506
5506
5506
5506
5504
5503
5501
5500
5499
5498
5498
5498
5497
5497
5494
5493
5492
5490
5490
5488
5486
5485
5484
5484
5483
5482
5482
5480
5479
5477
5476
5474
5473
5471
5470
5466
5466
5466
5465
5464
5463
5463
5463
5462
5461
5459
5458
5458
5454
5453
5452
5452
5452
5452
5451
5450
5450
5447
5447
5447
5445
5444
5442
5441
5440
5439
5438
5437
5435
5434
5432
5430
5430
5430
5429
5427
5425
5424
5424
5423
5423
5420
5419
5418
5418
5416
5415
5415
5414
5413
5412
5410
5410
5408
5408
5405
5405
5405
5404
5404
5404
5403
5403
5401
5401
5398
5398
5398
5397
5397
5395
5395
5395
5394
5393
5393
5392
5388
5384
5382
5382
5381
5381
5380
5379
5375
5374
5373
5372
5371
5371
5370
5370
5370
5369
5366
5365
5365
5363
5363
5362
5361
5360
5360
5360
5359
5358
5357
5357
5356
5355
5354
5354
5353
5352
5351
5350
5350
5349
5349
5347
5347
5346
5345
5345
5344
5344
5341
5340
5340
5340
5340
5339
5338
5334
5333
5331
5331
5330
5327
5324
5324
5324
5323
5323
5322
5322
5322
5321
5319
5318
5317
5317
5315
5315
5311
5310
5310
5309
5309
5306
5305
5305
5305
5304
5303
5303
5302
5302
5299
5299
5299
5298
5298
5297
5296
5296
5296
5295
5294
5294
5294
5293
5290
5290
5289
5288
5285
5285
5285
5284
5283
5280
5280
5280
5279
5278
5277
5275
5275
5273
5272
5271
5270
5269
5268
5268
5267
5267
5267
5266
5265
5264
5264
5264
5264
5262
5262
5261
5259
5258
5255
5252
5251
5250
5249
5246
5246
5245
5245
5244
5242
5241
5241
5240
5239
5239
5239
5237
5237
5237
5236
5236
5235
5233
5232
5232
5229
5229
5225
5221
5220
5219
5218
5218
5217
5217
5216
5216
5215
5214
5213
5213
5213
5212
5212
5212
5211
5211
5211
5211
5211
5207
5205
5204
5203
5202
5202
5201
5200
5195
5194
5193
5192
5191
5191
5191
5189
5189
5188
5188
5186
5186
5185
5184
5184
5183
5182
5182
5182
5180
5180
5179
5179
5179
5178
5176
5176
5176
5175
5175
5175
5174
5174
5173
5173
5173
5172
5171
5170
5170
5168
5167
5167
5165
5164
5162
5161
5160
5159
5158
5157
5157
5155
5155
5155
5153
5152
5152
5151
5151
5151
5151
5149
5147
5146
5144
5144
5144
5143
5142
5141
5138
5136
5132
5132
5130
5129
5128
5127
5127
5125
5123
5123
5122
5121
5120
5120
5120
5119
5119
5118
5117
5114
5114
5114
5113
5111
5109
5109
5108
5102
5099
5097
5093
5093
5090
5088
5086
5085
5085
5083
5082
5080
5080
5080
5079
5079
5078
5076
5074
5074
5071
5071
5070
5070
5069
5067
5065
5065
5064
5063
5061
5061
5060
5060
5058
5058
5057
5057
5056
5055
5053
5053
5051
5051
5049
5043
5042
5041
5039
5039
5038
5038
5037
5037
5036
5036
5035
5034
5033
5029
5029
5029
5028
5028
5028
5025
5024
5023
5022
5022
5021
5021
5020
5019
5019
5017
5017
5017
5017
5016
5014
5013
5010
5010
5009
5009
5008
5007
5006
5006
5006
5006
5005
5005
5004
5003
5000
5000
5000
4997
4996
4993
4992
4992
4991
4991
4989
4989
4988
4987
4986
4985
4984
4983
4983
4980
4980
4980
4980
4980
4978
4975
4973
4971
4970
4970
4970
4969
4969
4968
4967
4966
4965
4965
4963
4962
4961
4958
4952
4952
4950
4946
4946
4945
4940
4937
4937
4936
4936
4935
4935
4934
4933
4931
4929
4929
4928
4927
4926
4925
4925
4924
4924
4923
4922
4921
4920
4919
4919
4919
4918
4918
4917
4916
4916
4915
4913
4911
4911
4911
4911
4908
4906
4905
4904
4903
4900
4898
4897
4897
4896
4896
4894
4891
4888
4888
4886
4886
4886
4885
4884
4884
4883
4883
4882
4881
4880
4879
4878
4878
4877
4877
4874
4873
4871
4871
4869
4868
4868
4868
4866
4865
4865
4864
4863
4863
4861
4861
4861
4861
4859
4858
4856
4855
4851
4850
4850
4848
4847
4846
4845
4844
4844
4842
4841
4840
4840
4840
4839
4839
4838
4837
4833
4831
4829
4829
4827
4827
4823
4823
4822
4821
4820
4820
4820
4820
4819
4818
4817
4816
4815
4815
4812
4811
4810
4809
4806
4805
4804
4798
4796
4795
4795
4794
4794
4794
4793
4792
4792
4791
4790
4790
4790
4787
4786
4785
4784
4783
4782
4781
4780
4779
4779
4777
4775
4775
4774
4774
4773
4773
4773
4772
4772
4771
4771
4771
4770
4770
4770
4769
4769
4766
4766
4764
4762
4761
4759
4759
4758
4758
4758
4757
4757
4755
4754
4754
4754
4751
4748
4748
4747
4747
4746
4745
4745
4744
4743
4742
4740
4739
4738
4737
4735
4735
4735
4735
4735
4732
4731
4730
4730
4730
4729
4729
4727
4727
4726
4725
4723
4722
4722
4722
4720
4719
4719
4719
4719
4716
4714
4713
4713
4711
4711
4711
4710
4710
4710
4709
4709
4708
4708
4705
4704
4702
4702
4702
4700
4699
4699
4697
4696
4696
4695
4695
4695
4693
4693
4692
4690
4690
4689
4685
4683
4681
4680
4680
4679
4678
4676
4675
4671
4671
4669
4668
4666
4666
4665
4665
4665
4665
4664
4664
4663
4660
4659
4659
4659
4656
4655
4654
4652
4652
4651
4650
4649
4649
4648
4648
4644
4644
4643
4640
4639
4637
4637
4634
4633
4632
4632
4631
4630
4629
4628
4626
4626
4623
4622
4622
4621
4621
4621
4619
4619
4619
4617
4617
4614
4613
4612
4612
4612
4611
4609
4608
4607
4607
4606
4605
4605
4605
4604
4604
4604
4604
4602
4601
4601
4599
4598
4598
4598
4596
4596
4596
4594
4594
4594
4594
4594
4593
4592
4588
4588
4588
4587
4586
4585
4585
4584
4584
4584
4584
4581
4580
4579
4579
4579
4579
4579
4576
4576
4575
4574
4571
4570
4570
4568
4568
4568
4565
4565
4561
4560
4560
4560
4558
4556
4553
4553
4553
4553
4548
4547
4547
4544
4543
4543
4542
4542
4539
4539
4538
4533
4531
4531
4531
4528
4524
4524
4521
4520
4517
4515
4514
4513
4509
4508
4507
4507
4506
4506
4506
4505
4505
4503
4503
4502
4502
4500
4498
4496
4495
4495
4493
4491
4491
4487
4485
4485
4484
4483
4481
4477
4477
4476
4473
4473
4471
4468
4468
4467
4467
4466
4463
4460
4460
4459
4458
4458
4457
4454
4453
4451
4451
4451
4450
4450
4449
4449
4448
4448
4448
4447
4446
4444
4443
4443
4442
4441
4441
4441
4441
4440
4440
4436
4436
4433
4433
4432
4431
4428
4428
4427
4427
4427
4426
4425
4424
4424
4423
4423
4422
4420
4419
4416
4416
4415
4415
4415
4415
4411
4410
4408
4408
4407
4406
4405
4404
4403
4403
4403
4401
4401
4401
4399
4397
4397
4395
4394
4394
4393
4391
4390
4390
4389
4387
4386
4384
4384
4383
4382
4382
4382
4381
4379
4378
4375
4374
4373
4372
4372
4372
4371
4371
4370
4369
4369
4369
4368
4367
4366
4366
4366
4364
4363
4363
4363
4362
4362
4361
4357
4355
4355
4354
4353
4353
4351
4351
4351
4345
4345
4344
4344
4342
4338
4336
4330
4329
4328
4327
4327
4327
4325
4325
4325
4325
4323
4321
4321
4319
4317
4317
4316
4316
4316
4315
4314
4314
4312
4312
4307
4306
4304
4303
4302
4301
4301
4301
4300
4300
4299
4298
4297
4297
4297
4294
4293
4293
4291
4291
4290
4290
4288
4287
4286
4286
4286
4285
4284
4283
4281
4280
4279
4277
4277
4276
4274
4274
4274
4274
4272
4271
4270
4269
4269
4268
4264
4263
4261
4258
4258
4257
4257
4256
4256
4256
4255
4254
4253
4253
4253
4251
4249
4249
4248
4243
4243
4242
4241
4241
4240
4239
4237
4236
4235
4235
4234
4234
4234
4233
4233
4232
4231
4229
4228
4227
4227
4226
4226
4225
4225
4224
4222
4222
4221
4220
4218
4217
4216
4215
4214
4214
4214
4213
4212
4209
4208
4207
4202
4199
4199
4197
4196
4195
4194
4192
4190
4189
4186
4185
4185
4184
4184
4183
4182
4182
4180
4179
4176
4176
4175
4175
4174
4173
4173
4173
4173
4171
4169
4168
4168
4165
4165
4164
4162
4162
4159
4158
4157
4157
4157
4155
4154
4154
4153
4153
4152
4151
4149
4149
4148
4147
4142
4142
4139
4139
4137
4137
4137
4136
4136
4135
4134
4133
4133
4133
4131
4131
4130
4130
4128
4128
4128
4127
4126
4126
4126
4125
4125
4124
4124
4120
4120
4119
4119
4118
4118
4118
4117
4113
4113
4110
4109
4109
4105
4104
4103
4103
4103
4102
4102
4100
4100
4100
4097
4095
4095
4095
4093
4092
4092
4090
4090
4090
4089
4089
4088
4088
4088
4087
4086
4085
4082
4080
4078
4077
4077
4077
4072
4072
4070
4068
4066
4065
4064
4062
4061
4061
4061
4061
4060
4060
4056
4056
4055
4054
4054
4054
4052
4050
4050
4049
4049
4048
4047
4047
4047
4047
4045
4043
4042
4040
4035
4034
4031
4031
4030
4029
4028
4027
4026
4025
4024
4021
4019
4019
4019
4019
4018
4017
4016
4015
4011
4010
4007
4006
4006
4006
4003
4003
4002
4001
4000
3998
3998
3994
3994
3993
3992
3992
3991
3990
3990
3990
3988
3988
3986
3985
3984
3983
3982
3982
3981
3980
3979
3978
3977
3976
3975
3973
3973
3971
3970
3970
3970
3970
3969
3968
3967
3964
3963
3962
3961
3959
3958
3957
3957
3957
3956
3955
3953
3953
3953
3953
3952
3951
3949
3948
3948
3947
3946
3945
3944
3942
3940
3940
3939
3938
3937
3937
3937
3937
3936
3935
3934
3933
3932
3928
3925
3925
3925
3924
3923
3923
3921
3921
3921
3921
3918
3918
3917
3916
3916
3915
3915
3914
3914
3914
3914
3912
3908
3907
3906
3903
3902
3902
3902
3900
3900
3899
3899
3898
3898
3897
3895
3893
3893
3890
3890
3889
3888
3887
3886
3886
3884
3883
3883
3883
3883
3883
3883
3883
3880
3878
3877
3877
3877
3877
3877
3876
3876
3874
3874
3871
3870
3870
3868
3867
3867
3866
3865
3863
3861
3860
3858
3858
3857
3856
3854
3854
3853
3853
3853
3849
3849
3848
3847
3842
3839
3838
3837
3834
3832
3832
3828
3828
3827
3825
3825
3824
3823
3822
3822
3820
3819
3819
3818
3817
3817
3817
3816
3815
3814
3814
3814
3813
3812
3812
3812
3809
3809
3809
3809
3808
3805
3805
3803
3802
3801
3801
3800
3796
3796
3794
3794
3794
3793
3792
3792
3791
3791
3790
3789
3788
3785
3784
3784
3782
3781
3777
3773
3773
3773
3772
3771
3770
3768
3767
3766
3763
3762
3762
3762
3761
3761
3761
3757
3755
3755
3750
3748
3748
3745
3744
3744
3742
3741
3740
3739
3736
3734
3733
3732
3732
3732
3730
3730
3729
3728
3726
3725
3725
3725
3724
3721
3720
3720
3719
3719
3718
3716
3716
3716
3716
3714
3714
3714
3713
3713
3711
3711
3711
3709
3708
3707
3705
3704
3704
3703
3703
3702
3701
3700
3699
3699
3698
3698
3697
3695
3690
3686
3686
3683
3682
3682
3682
3681
3680
3679
3679
3678
3677
3677
3676
3676
3676
3673
3672
3672
3671
3670
3669
3668
3667
3667
3667
3666
3665
3665
3664
3664
3664
3661
3661
3661
3658
3658
3657
3657
3656
3655
3654
3653
3652
3652
3652
3652
3651
3650
3649
3649
3649
3646
3645
3645
3644
3643
3642
3642
3641
3640
3640
3639
3639
3635
3634
3634
3634
3634
3632
3632
3629
3627
3627
3626
3626
3624
3622
3622
3621
3618
3618
3618
3617
3615
3615
3615
3614
3612
3610
3610
3610
3610
3607
3606
3599
3598
3596
3594
3591
3590
3590
3589
3586
3586
3584
3583
3582
3582
3581
3580
3580
3580
3578
3577
3576
3576
3573
3572
3571
3571
3570
3568
3568
3567
3566
3566
3565
3565
3564
3564
3563
3560
3559
3557
3557
3557
3557
3555
3553
3553
3553
3553
3551
3550
3549
3549
3548
3548
3546
3544
3544
3544
3543
3543
3541
3540
3540
3537
3536
3535
3535
3535
3534
3532
3530
3530
3530
3530
3526
3526
3525
3525
3525
3524
3523
3519
3518
3518
3518
3516
3514
3513
3513
3510
3510
3510
3510
3509
3508
3506
3505
3503
3503
3501
3500
3498
3497
3497
3496
3496
3496
3496
3494
3493
3493
3492
3490
3489
3488
3486
3486
3485
3485
3484
3484
3482
3479
3479
3479
3478
3477
3475
3473
3473
3472
3468
3466
3465
3465
3465
3464
3463
3462
3461
3460
3459
3458
3457
3455
3453
3452
3451
3449
3448
3448
3447
3445
3443
3441
3437
3436
3436
3436
3434
3434
3434
3433
3430
3429
3429
3429
3429
3428
3427
3427
3426
3426
3425
3424
3424
3423
3421
3420
3418
3417
3415
3415
3414
3412
3412
3411
3411
3409
3409
3409
3408
3408
3407
3405
3403
3403
3403
3403
3400
3400
3399
3399
3399
3397
3397
3393
3393
3392
3392
3392
3391
3391
3390
3389
3388
3387
3387
3385
3385
3384
3383
3382
3382
3382
3380
3380
3379
3379
3376
3376
3375
3372
3370
3369
3369
3363
3359
3358
3357
3355
3354
3353
3353
3352
3352
3349
3348
3347
3347
3346
3346
3345
3345
3344
3344
3343
3342
3342
3342
3340
3339
3338
3338
3338
3335
3334
3333
3332
3332
3332
3329
3328
3327
3326
3325
3320
3318
3317
3317
3316
3315
3315
3314
3313
3310
3309
3306
3304
3302
3301
3301
3301
3301
3300
3300
3299
3297
3295
3294
3294
3292
3292
3291
3291
3290
3290
3288
3287
3286
3286
3284
3283
3282
3282
3281
3280
3280
3279
3277
3276
3276
3275
3275
3275
3273
3273
3272
3272
3270
3270
3269
3266
3265
3264
3264
3263
3263
3262
3261
3260
3259
3258
3257
3256
3256
3254
3253
3252
3251
3248
3248
3245
3245
3243
3242
3241
3240
3240
3240
3240
3239
3239
3236
3235
3234
3232
3230
3229
3229
3229
3229
3228
3228
3227
3227
3223
3220
3220
3219
3218
3217
3217
3216
3215
3214
3213
3211
3210
3210
3210
3208
3206
3204
3203
3203
3202
3200
3199
3198
3196
3194
3192
3188
3186
3186
3185
3179
3179
3178
3176
3176
3176
3175
3175
3171
3171
3170
3170
3169
3168
3168
3167
3163
3163
3163
3162
3161
3160
3160
3157
3156
3154
3152
3150
3149
3148
3146
3146
3145
3144
3143
3143
3140
3140
3139
3139
3139
3138
3138
3138
3138
3136
3135
3134
3133
3133
3132
3132
3131
3127
3127
3126
3125
3124
3124
3124
3123
3120
3120
3119
3118
3117
3117
3117
3116
3112
3110
3110
3110
3109
3109
3107
3107
3102
3100
3100
3098
3098
3097
3097
3096
3096
3093
3093
3093
3092
3091
3090
3090
3089
3089
3089
3088
3088
3087
3087
3086
3086
3083
3082
3081
3081
3081
3074
3073
3073
3073
3070
3068
3067
3066
3064
3061
3061
3054
3054
3054
3051
3049
3049
3049
3049
3046
3044
3042
3042
3041
3041
3041
3037
3037
3037
3036
3036
3033
3032
3030
3030
3029
3028
3027
3027
3024
3023
3021
3019
3019
3018
3018
3017
3016
3015
3014
3014
3014
3014
3014
3013
3013
3013
3012
3012
3010
3010
3010
3009
3009
3008
3007
3007
3006
3004
3004
3003
3003
3000
3000
3000
2999
2998
2997
2997
2995
2995
2995
2995
2993
2992
2992
2992
2991
2989
2989
2989
2987
2986
2986
2985
2983
2981
2981
2979
2977
2976
2976
2975
2975
2973
2971
2970
2969
2969
2969
2968
2968
2966
2966
2965
2964
2963
2963
2958
2958
2957
2956
2954
2954
2951
2950
2950
2948
2947
2947
2946
2946
2944
2943
2942
2941
2940
2940
2938
2936
2936
2935
2934
2933
2932
2930
2930
2928
2927
2927
2925
2924
2924
2923
2923
2922
2922
2920
2920
2919
2919
2914
2914
2913
2912
2911
2911
2910
2909
2909
2907
2905
2905
2905
2903
2903
2902
2902
2900
2900
2899
2898
2897
2896
2895
2895
2894
2890
2890
2887
2886
2886
2883
2883
2881
2881
2881
2880
2880
2879
2878
2878
2873
2872
2872
2872
2868
2867
2867
2865
2865
2863
2862
2860
2860
2859
2858
2857
2857
2856
2855
2855
2853
2853
2852
2851
2851
2851
2851
2848
2846
2846
2846
2837
2836
2834
2834
2833
2831
2830
2830
2829
2829
2828
2827
2827
2826
2825
2825
2821
2821
2820
2819
2815
2815
2815
2813
2812
2812
2811
2810
2807
2807
2807
2806
2805
2804
2801
2798
2797
2795
2794
2792
2792
2791
2790
2789
2789
2786
2782
2782
2780
2780
2779
2777
2776
2774
2773
2773
2770
2769
2766
2766
2764
2761
2760
2758
2756
2755
2752
2751
2749
2749
2748
2748
2747
2747
2745
2745
2744
2744
2744
2743
2742
2742
2741
2740
2740
2739
2737
2736
2736
2736
2736
2735
2735
2734
2734
2732
2731
2731
2730
2730
2730
2729
2729
2728
2726
2726
2724
2722
2721
2720
2720
2718
2716
2713
2712
2712
2712
2711
2711
2711
2709
2708
2708
2707
2706
2705
2705
2702
2701
2701
2701
2700
2700
2699
2698
2695
2695
2695
2694
2693
2692
2692
2691
2691
2690
2687
2687
2686
2684
2684
2683
2680
2680
2678
2677
2677
2675
2674
2674
2674
2674
2673
2673
2673
2673
2672
2672
2672
2671
2670
2667
2666
2665
2665
2664
2663
2663
2660
2659
2657
2653
2652
2652
2651
2651
2650
2649
2649
2648
2647
2646
2645
2644
2642
2641
2640
2640
2638
2637
2636
2636
2635
2635
2635
2634
2632
2631
2628
2628
2628
2625
2623
2623
2622
2621
2620
2619
2619
2618
2618
2618
2615
2614
2614
2613
2609
2605
2605
2604
2604
2603
2602
2601
2601
2600
2600
2599
2599
2597
2596
2596
2595
2595
2593
2591
2590
2590
2589
2589
2586
2584
2584
2583
2582
2582
2581
2581
2580
2579
2578
2574
2573
2573
2572
2571
2571
2571
2568
2567
2566
2566
2562
2560
2559
2559
2557
2556
2555
2555
2555
2555
2554
2553
2553
2551
2551
2550
2550
2549
2549
2549
2548
2547
2546
2544
2543
2543
2543
2543
2543
2542
2540
2537
2537
2534
2533
2532
2532
2530
2530
2530
2530
2529
2528
2527
2527
2526
2525
2525
2525
2525
2524
2524
2519
2516
2516
2516
2515
2514
2514
2513
2512
2512
2512
2510
2509
2507
2507
2505
2501
2501
2500
2499
2497
2497
2497
2495
2494
2493
2490
2489
2489
2486
2486
2483
2481
2480
2479
2478
2478
2477
2477
2475
2474
2474
2471
2471
2471
2469
2469
2469
2468
2464
2464
2464
2462
2462
2459
2459
2459
2459
2458
2458
2457
2457
2457
2454
2454
2453
2452
2451
2451
2450
2450
2450
2449
2448
2447
2446
2446
2445
2445
2442
2440
2439
2439
2438
2437
2436
2436
2436
2436
2435
2434
2434
2434
2433
2431
2430
2430
2428
2428
2427
2425
2424
2423
2423
2423
2422
2421
2420
2417
2417
2416
2416
2415
2414
2413
2413
2412
2411
2411
2407
2406
2406
2405
2405
2405
2403
2402
2402
2402
2402
2401
2400
2400
2399
2399
2399
2396
2395
2395
2394
2391
2390
2390
2388
2387
2384
2384
2383
2382
2382
2378
2376
2375
2373
2373
2373
2372
2369
2366
2364
2364
2364
2364
2362
2361
2361
2359
2358
2354
2354
2353
2352
2352
2351
2350
2349
2349
2348
2346
2346
2344
2343
2343
2342
2341
2341
2338
2338
2338
2337
2336
2333
2332
2332
2332
2331
2329
2329
2328
2328
2328
2327
2326
2323
2322
2321
2321
2321
2321
2320
2318
2318
2318
2318
2316
2312
2310
2308
2304
2303
2298
2298
2298
2295
2295
2291
2291
2290
2290
2290
2290
2288
2288
2285
2284
2282
2280
2278
2278
2278
2277
2277
2276
2275
2274
2274
2271
2271
2270
2268
2267
2266
2266
2265
2265
2265
2263
2262
2262
2261
2261
2259
2258
2256
2252
2252
2250
2249
2245
2244
2242
2242
2241
2241
2240
2238
2237
2234
2234
2234
2234
2233
2233
2233
2231
2230
2229
2229
2229
2222
2221
2220
2218
2218
2217
2217
2215
2215
2214
2213
2213
2211
2210
2207
2206
2203
2202
2201
2200
2196
2195
2191
2191
2188
2187
2187
2186
2186
2185
2184
2183
2179
2178
2178
2176
2176
2176
2176
2175
2173
2171
2170
2166
2164
2164
2162
2161
2160
2160
2160
2160
2159
2159
2157
2156
2155
2154
2153
2153
2153
2153
2152
2151
2150
2147
2147
2146
2145
2145
2143
2140
2138
2138
2135
2134
2134
2134
2134
2134
2132
2129
2129
2127
2126
2126
2125
2125
2122
2121
2121
2119
2116
2116
2110
2110
2107
2106
2101
2100
2098
2098
2094
2094
2088
2088
2088
2088
2088
2086
2082
2081
2078
2077
2077
2077
2076
2076
2076
2073
2073
2072
2070
2069
2069
2068
2068
2068
2067
2066
2065
2064
2064
2062
2061
2061
2060
2060
2056
2054
2053
2053
2052
2052
2050
2050
2049
2049
2048
2047
2046
2045
2045
2044
2043
2041
2040
2040
2037
2034
2033
2032
2029
2028
2027
2027
2026
2021
2020
2020
2019
2018
2018
2017
2017
2015
2015
2014
2014
2012
2012
2008
2006
2005
2004
2003
2002
2001
1999
1999
1997
1997
1995
1994
1990
1989
1989
1986
1986
1984
1983
1983
1983
1980
1980
1978
1977
1977
1977
1976
1975
1975
1974
1973
1973
1973
1971
1970
1968
1968
1966
1965
1959
1957
1957
1955
1952
1951
1950
1950
1950
1949
1949
1947
1946
1946
1945
1945
1942
1941
1940
1939
1936
1936
1936
1935
1934
1933
1933
1932
1931
1930
1929
1925
1924
1924
1923
1922
1922
1921
1921
1921
1919
1919
1918
1918
1917
1915
1913
1913
1909
1905
1905
1904
1903
1901
1901
1901
1898
1897
1897
1896
1895
1894
1893
1893
1893
1892
1890
1890
1890
1890
1886
1886
1886
1885
1885
1884
1884
1884
1882
1882
1882
1882
1882
1881
1881
1881
1881
1879
1879
1879
1879
1878
1878
1878
1877
1875
1874
1873
1873
1872
1872
1872
1871
1869
1869
1867
1867
1865
1865
1865
1864
1863
1861
1859
1859
1857
1857
1856
1856
1854
1850
1850
1849
1847
1846
1845
1843
1842
1842
1842
1841
1840
1840
1839
1838
1836
1835
1833
1832
1830
1828
1827
1826
1826
1823
1823
1823
1823
1822
1821
1820
1819
1817
1816
1816
1815
1813
1812
1811
1810
1809
1808
1805
1803
1803
1803
1803
1802
1802
1802
1802
1800
1797
1797
1796
1796
1795
1795
1794
1794
1793
1793
1790
1789
1788
1788
1788
1788
1787
1786
1784
1783
1782
1782
1782
1781
1781
1781
1780
1778
1777
1777
1777
1777
1777
1776
1774
1774
1773
1772
1771
1769
1768
1768
1767
1766
1765
1765
1765
1763
1761
1760
1759
1758
1757
1756
1756
1755
1755
1752
1752
1750
1750
1749
1747
1746
1745
1745
1744
1738
1738
1736
1734
1734
1732
1731
1731
1729
1729
1728
1728
1727
1727
1726
1725
1724
1722
1721
1713
1713
1711
1707
1707
1707
1705
1705
1705
1704
1703
1703
1701
1701
1700
1699
1699
1697
1696
1695
1694
1690
1690
1689
1688
1688
1687
1687
1686
1686
1685
1684
1680
1680
1678
1678
1678
1677
1676
1675
1674
1673
1672
1671
1669
1669
1668
1667
1667
1666
1664
1663
1662
1662
1662
1660
1660
1655
1652
1652
1652
1651
1649
1647
1647
1644
1644
1644
1642
1642
1642
1642
1641
1639
1639
1638
1637
1636
1634
1634
1633
1632
1631
1631
1631
1630
1630
1629
1627
1626
1625
1625
1625
1624
1623
1622
1619
1619
1618
1618
1617
1617
1616
1614
1614
1614
1613
1613
1612
1612
1611
1610
1609
1609
1609
1607
1604
1604
1603
1602
1602
1600
1600
1599
1599
1598
1598
1597
1596
1595
1593
1588
1587
1586
1585
1585
1583
1581
1580
1579
1579
1578
1578
1578
1576
1572
1571
1567
1566
1566
1565
1565
1564
1562
1562
1562
1562
1561
1561
1561
1560
1558
1554
1553
1553
1552
1551
1551
1549
1549
1548
1548
1547
1546
1541
1541
1540
1537
1536
1536
1535
1532
1532
1532
1532
1531
1531
1530
1527
1525
1524
1523
1523
1523
1522
1521
1521
1520
1520
1519
1519
1519
1519
1519
1518
1518
1517
1516
1512
1512
1511
1507
1507
1506
1505
1505
1503
1503
1502
1502
1501
1500
1497
1497
1497
1496
1496
1493
1493
1492
1492
1491
1491
1491
1490
1489
1489
1489
1484
1482
1482
1480
1479
1477
1476
1475
1475
1474
1472
1471
1470
1469
1469
1467
1467
1466
1466
1466
1466
1465
1465
1465
1465
1459
1458
1458
1457
1456
1455
1453
1450
1448
1448
1447
1446
1443
1442
1442
1440
1440
1439
1439
1439
1437
1435
1435
1433
1430
1428
1427
1426
1425
1422
1421
1421
1421
1419
1418
1417
1412
1412
1410
1408
1407
1405
1404
1404
1403
1402
1402
1399
1398
1398
1397
1396
1395
1394
1394
1393
1393
1392
1392
1392
1391
1391
1390
1390
1389
1389
1386
1386
1386
1386
1384
1384
1383
1381
1380
1375
1375
1373
1373
1372
1371
1370
1368
1367
1364
1362
1362
1361
1361
1361
1360
1360
1359
1358
1358
1358
1356
1354
1354
1354
1354
1351
1350
1349
1348
1347
1346
1345
1345
1345
1343
1343
1343
1341
1338
1338
1338
1337
1336
1334
1333
1332
1331
1331
1329
1325
1324
1323
1319
1319
1318
1316
1314
1313
1312
1311
1310
1309
1309
1307
1306
1306
1305
1304
1302
1299
1297
1295
1295
1294
1294
1292
1292
1292
1292
1290
1289
1287
1287
1286
1285
1284
1284
1284
1284
1282
1282
1279
1279
1277
1276
1274
1274
1274
1273
1272
1271
1269
1268
1268
1267
1267
1267
1266
1266
1266
1264
1264
1263
1263
1262
1262
1262
1261
1260
1260
1260
1259
1259
1259
1258
1256
1255
1255
1252
1252
1250
1249
1249
1248
1245
1245
1243
1243
1242
1242
1241
1240
1239
1239
1239
1237
1237
1237
1235
1235
1235
1234
1234
1232
1232
1232
1231
1230
1228
1228
1228
1228
1225
1224
1223
1223
1222
1222
1222
1222
1221
1220
1219
1219
1217
1216
1214
1214
1214
1211
1210
1209
1209
1208
1207
1206
1206
1206
1204
1202
1200
1200
1200
1199
1198
1197
1197
1196
1194
1193
1192
1192
1192
1191
1188
1187
1186
1186
1184
1182
1182
1182
1182
1181
1179
1178
1178
1175
1171
1170
1168
1168
1167
1167
1166
1165
1164
1164
1163
1160
1160
1160
1160
1159
1156
1156
1155
1153
1153
1152
1151
1149
1148
1146
1144
1141
1140
1138
1138
1137
1137
1137
1135
1135
1135
1133
1133
1131
1129
1128
1127
1127
1126
1125
1125
1124
1124
1123
1121
1121
1121
1120
1119
1119
1118
1118
1115
1113
1113
1112
1111
1110
1110
1108
1106
1105
1105
1101
1101
1097
1097
1097
1092
1091
1091
1091
1090
1090
1089
1088
1085
1085
1083
1081
1081
1081
1081
1081
1081
1081
1080
1079
1079
1078
1077
1075
1075
1074
1073
1073
1073
1073
1071
1070
1069
1068
1068
1068
1067
1066
1066
1061
1061
1061
1060
1059
1059
1057
1057
1057
1056
1055
1055
1052
1050
1047
1047
1046
1046
1044
1044
1044
1041
1040
1040
1040
1039
1039
1038
1035
1033
1032
1029
1028
1028
1028
1028
1028
1026
1026
1025
1022
1020
1016
1016
1016
1016
1015
1015
1014
1014
1012
1010
1009
1009
1009
1008
1008
1005
1004
1004
1002
1001
999
999
996
989
989
987
986
985
983
983
982
981
981
980
979
978
977
975
975
974
971
971
970
970
969
969
968
966
965
964
963
963
963
960
959
959
958
954
954
950
950
950
950
949
948
948
947
943
942
942
940
940
939
937
937
935
935
935
934
934
933
931
931
928
927
927
926
926
926
926
925
925
924
924
923
922
920
920
920
918
918
916
916
916
915
914
914
912
912
910
910
908
907
907
903
900
899
899
898
896
896
891
889
889
888
888
885
885
884
884
883
883
883
883
882
881
881
880
879
879
878
878
877
876
876
875
875
873
872
872
871
870
869
869
867
865
865
865
865
865
864
862
859
859
858
857
855
854
852
852
852
850
846
846
846
840
839
837
836
836
832
832
831
831
830
830
829
829
828
827
827
825
824
824
822
822
820
820
819
819
815
810
810
810
810
809
808
806
805
804
804
804
804
803
803
800
799
798
797
797
795
794
793
793
792
792
790
790
789
789
788
788
787
787
786
785
784
783
783
783
782
781
781
780
780
779
778
777
775
775
775
775
775
775
775
774
774
774
773
773
772
771
769
769
768
767
766
766
766
765
765
764
764
762
761
760
759
759
758
757
757
756
756
755
753
752
752
751
751
749
749
748
747
747
747
747
745
744
744
744
741
741
741
741
739
737
735
733
733
731
728
726
725
724
721
720
718
718
717
716
716
708
708
707
706
706
705
704
703
703
703
701
700
699
699
699
698
697
697
694
692
691
691
691
690
688
687
685
684
684
683
681
680
680
680
679
678
678
677
677
676
674
674
673
673
672
672
671
668
667
667
667
667
666
664
661
660
659
659
658
658
658
655
655
654
653
653
653
651
650
647
645
643
642
641
640
640
638
637
636
635
635
634
634
632
632
631
630
629
628
626
626
625
625
622
622
621
620
619
617
617
617
616
614
614
613
611
611
610
609
607
605
605
602
601
599
597
595
593
593
591
591
590
590
590
589
588
585
585
585
584
584
583
583
581
581
579
578
578
578
578
577
577
576
576
575
573
573
573
572
570
568
568
567
565
565
565
565
564
562
562
562
560
559
556
556
556
555
550
550
550
548
548
548
548
547
547
547
546
546
545
545
543
543
542
540
539
539
539
538
538
538
537
536
535
535
534
534
534
533
530
529
529
529
528
528
528
527
526
525
524
524
523
522
521
521
520
520
520
517
515
514
513
513
512
512
512
511
510
509
508
508
507
507
507
506
503
503
502
500
498
498
497
496
496
494
494
494
490
490
488
487
486
484
484
483
482
481
481
481
478
476
475
475
474
473
470
469
468
468
466
465
465
464
464
462
461
458
458
457
456
455
455
454
454
452
451
450
450
450
447
445
443
442
441
441
440
437
436
436
436
435
433
433
432
432
431
430
429
429
428
427
426
425
424
424
424
424
423
422
419
419
418
418
418
417
415
415
415
414
414
413
412
410
409
409
407
404
403
403
403
403
401
401
401
401
399
399
399
399
397
396
396
396
396
395
395
393
392
389
389
389
388
387
386
386
385
385
383
382
381
377
374
373
371
369
369
368
367
366
366
366
365
363
363
362
360
359
358
357
357
355
349
348
348
348
348
347
347
346
346
346
342
341
341
337
336
336
336
334
332
332
329
329
326
326
326
326
325
323
323
322
321
321
320
319
319
319
318
317
315
314
314
314
313
313
312
311
311
310
309
309
308
305
305
303
302
302
301
300
300
300
298
297
297
294
293
293
291
291
290
289
289
288
284
283
282
282
281
281
280
278
277
276
273
272
271
268
268
267
266
265
265
265
263
263
262
262
261
261
260
259
259
258
258
257
257
257
256
256
252
251
251
250
249
249
248
248
247
245
244
243
242
241
241
240
239
238
237
237
236
235
235
234
234
234
233
233
230
229
229
226
224
220
220
216
214
213
210
210
208
207
207
206
206
205
202
200
198
197
196
195
195
194
194
193
193
193
192
192
191
190
189
187
186
186
184
184
184
183
183
179
179
176
174
174
173
170
169
168
168
166
164
162
160
158
157
156
155
154
153
153
152
151
150
149
149
148
146
146
145
145
145
144
143
141
141
140
139
138
138
137
137
136
135
134
133
130
130
129
128
127
125
125
124
123
123
121
121
120
120
118
116
116
113
113
111
111
111
109
109
109
109
107
105
104
103
102
101
101
101
100
99
98
97
97
95
94
93
92
92
91
89
88
85
85
84
84
83
83
83
82
82
78
77
76
76
75
74
74
74
73
71
70
69
69
69
69
69
68
68
68
67
66
64
64
63
62
62
58
57
57
57
54
53
52
52
51
49
47
47
44
43
43
41
41
39
39
38
38
37
37
36
36
36
34
34
34
34
32
32
30
29
27
27
26
24
20
18
18
16
16
16
14
13
13
12
10
8
7
7
7
6
3
3
2
0
