9999
9998
9998
9998
9997
9996
9996
9995
9995
9995
9994
9993
9990
9990
9987
9987
9987
9985
9982
9981
9979
9978
9977
9975
9975
9975
9973
9973
9972
9971
9971
9971
9968
9968
9966
9966
9965
9964
9961
9961
9961
9960
9958
9955
9955
9955
9952
9952
9951
9951
9950
9950
9947
9947
9945
9945
9945
9944
9944
9944
9942
9940
9939
9938
9936
9936
9935
9935
9934
9934
9933
9931
9924
9924
9924
9921
9920
9919
9919
9919
9919
9914
9913
9912
9912
9911
9911
9908
9906
9905
9905
9902
9901
9900
9897
9897
9895
9894
9893
9893
9891
9890
9889
9888
9887
9886
9886
9885
9884
9884
9882
9880
9879
9878
9877
9876
9875
9875
9874
9873
9872
9872
9872
9871
9870
9869
9869
9868
9868
9866
9863
9863
9861
9861
9861
9860
9858
9858
9856
9856
9855
9854
9854
9853
9853
9853
9852
9850
9848
9847
9847
9845
9843
9843
9840
9839
9838
9837
9837
9837
9835
9835
9835
9835
9832
9832
9831
9831
9831
9830
9830
9830
9828
9827
9826
9824
9823
9820
9819
9817
9817
9815
9815
9814
9810
9810
9808
9804
9804
9804
9803
9802
9801
9800
9795
9795
9794
9794
9794
9793
9791
9791
9790
9789
9787
9787
9786
9785
9784
9784
9783
9783
9782
9782
9781
9781
9779
9778
9777
9775
9774
9773
9771
9771
9770
9770
9770
9768
9768
9767
9766
9766
9766
9766
9765
9764
9764
9763
9762
9760
9759
9757
9755
9753
9751
9750
9750
9747
9746
9745
9744
9744
9743
9743
9743
9743
9742
9742
9741
9739
9739
9738
9737
9736
9734
9734
9733
9733
9732
9731
9731
9730
9729
9727
9725
9720
9717
9716
9716
9716
9714
9711
9710
9709
9707
9705
9704
9703
9703
9702
9701
9701
9700
9699
9699
9697
9696
9695
9695
9693
9692
9691
9691
9689
9689
9687
9686
9685
9684
9683
9682
9681
9680
9677
9676
9675
9675
9674
9673
9672
9670
9669
9669
9668
9667
9667
9666
9665
9664
9664
9664
9663
9663
9660
9660
9658
9655
9655
9652
9651
9651
9650
9650
9650
9650
9650
9647
9647
9647
9646
9644
9643
9643
9643
9642
9639
9637
9636
9632
9631
9629
9628
9627
9626
9626
9619
9617
9617
9616
9616
9616
9615
9613
9612
9612
9610
9610
9610
9609
9608
9605
9605
9605
9604
9603
9600
9600
9599
9599
9598
9597
9595
9595
9594
9593
9593
9593
9591
9591
9591
9590
9589
9586
9585
9584
9583
9581
9581
9580
9580
9579
9576
9576
9575
9575
9574
9574
9574
9573
9571
9571
9570
9570
9568
9568
9568
9567
9567
9566
9565
9565
9565
9563
9563
9563
9563
9562
9561
9559
9559
9559
9559
9557
9557
9556
9554
9554
9551
9549
9548
9547
9545
9545
9545
9544
9543
9541
9541
9540
9540
9540
9539
9539
9537
9536
9534
9533
9532
9531
9530
9529
9526
9526
9524
9523
9522
9522
9521
9520
9516
9515
9514
9513
9512
9512
9511
9511
9511
9509
9508
9508
9507
9507
9507
9506
9506
9505
9504
9504
9503
9502
9502
9502
9501
9499
9499
9499
9497
9496
9496
9496
9493
9493
9491
9490
9489
9487
9487
9486
9484
9484
9484
9483
9482
9481
9481
9478
9477
9477
9476
9476
9475
9474
9474
9473
9473
9471
9470
9468
9467
9467
9466
9466
9464
9464
9464
9464
9464
9463
9462
9462
9462
9461
9458
9458
9458
9457
9457
9455
9455
9455
9454
9454
9453
9451
9450
9449
9448
9448
9446
9444
9440
9440
9440
9439
9436
9435
9434
9434
9433
9433
9431
9427
9427
9426
9426
9424
9421
9418
9417
9417
9416
9413
9413
9412
9412
9410
9409
9407
9405
9402
9401
9401
9400
9400
9398
9397
9394
9393
9392
9391
9391
9388
9388
9388
9386
9385
9384
9384
9384
9384
9383
9381
9379
9379
9379
9378
9378
9378
9374
9374
9372
9372
9372
9371
9368
9367
9367
9365
9365
9365
9362
9362
9361
9361
9361
9361
9360
9359
9359
9358
9356
9356
9353
9352
9345
9342
9341
9338
9336
9333
9333
9332
9332
9331
9331
9330
9329
9329
9326
9326
9325
9325
9323
9323
9323
9321
9320
9320
9318
9318
9317
9315
9314
9314
9312
9309
9309
9309
9308
9306
9306
9305
9302
9300
9298
9298
9298
9297
9294
9294
9291
9289
9287
9286
9286
9284
9283
9283
9282
9282
9282
9281
9280
9280
9279
9278
9278
9278
9277
9277
9277
9277
9276
9275
9275
9274
9274
9274
9273
9272
9271
9271
9271
9270
9270
9268
9266
9265
9264
9264
9262
9261
9260
9259
9259
9258
9258
9254
9251
9251
9251
9250
9250
9249
9248
9246
9245
9245
9244
9243
9241
9240
9240
9240
9239
9238
9237
9237
9235
9234
9233
9232
9232
9231
9230
9230
9229
9227
9227
9225
9224
9223
9223
9222
9222
9220
9216
9216
9215
9215
9211
9211
9208
9208
9207
9207
9207
9206
9205
9205
9202
9202
9201
9200
9200
9200
9199
9199
9198
9196
9194
9192
9190
9189
9189
9189
9187
9187
9187
9186
9185
9185
9183
9182
9182
9180
9180
9180
9179
9179
9178
9178
9178
9177
9177
9177
9175
9175
9175
9173
9173
9172
9172
9169
9169
9169
9168
9165
9165
9165
9164
9164
9164
9164
9162
9162
9162
9162
9161
9161
9160
9159
9159
9158
9158
9158
9156
9154
9154
9154
9152
9150
9148
9148
9147
9146
9146
9146
9142
9141
9140
9140
9140
9139
9139
9139
9138
9136
9135
9133
9132
9128
9127
9124
9124
9122
9121
9120
9120
9119
9119
9119
9119
9118
9118
9117
9116
9116
9115
9115
9114
9111
9110
9108
9107
9107
9105
9104
9103
9101
9098
9097
9095
9095
9095
9093
9092
9092
9091
9090
9089
9089
9088
9088
9087
9087
9083
9082
9080
9079
9078
9076
9072
9071
9071
9070
9069
9068
9067
9064
9061
9060
9059
9056
9055
9055
9054
9054
9051
9050
9049
9047
9047
9046
9045
9043
9042
9041
9036
9035
9034
9034
9033
9033
9032
9031
9029
9029
9029
9026
9025
9023
9023
9022
9022
9022
9020
9019
9019
9018
9018
9017
9017
9017
9014
9013
9013
9012
9012
9011
9011
9010
9008
9008
9007
9005
9004
9004
9004
9003
9003
9003
9002
9000
9000
8999
8998
8997
8996
8995
8995
8994
8994
8993
8993
8992
8992
8992
8989
8989
8987
8987
8984
8984
8982
8981
8979
8979
8978
8978
8976
8975
8975
8975
8974
8974
8974
8974
8971
8970
8970
8968
8968
8967
8964
8963
8962
8958
8958
8957
8956
8956
8956
8955
8955
8955
8953
8947
8947
8947
8946
8946
8945
8945
8945
8944
8944
8944
8943
8943
8943
8943
8942
8941
8940
8939
8937
8936
8936
8934
8933
8933
8933
8933
8933
8930
8927
8926
8926
8926
8926
8924
8924
8924
8923
8922
8922
8920
8918
8915
8914
8913
8912
8911
8908
8908
8907
8903
8902
8900
8897
8896
8895
8892
8891
8889
8888
8888
8888
8887
8884
8882
8882
8881
8881
8879
8878
8875
8875
8874
8870
8869
8868
8867
8867
8867
8863
8862
8861
8861
8859
8858
8856
8852
8852
8852
8850
8850
8850
8848
8848
8843
8842
8841
8841
8841
8838
8837
8834
8834
8832
8832
8831
8830
8830
8830
8829
8828
8827
8826
8825
8823
8822
8822
8820
8819
8818
8816
8816
8815
8815
8814
8813
8813
8812
8812
8811
8808
8808
8807
8805
8805
8805
8803
8799
8798
8796
8796
8795
8795
8795
8793
8793
8793
8793
8792
8792
8791
8791
8790
8789
8788
8787
8787
8787
8787
8786
8784
8783
8783
8781
8781
8780
8779
8779
8778
8778
8777
8777
8776
8775
8771
8770
8767
8766
8765
8760
8759
8753
8753
8752
8752
8750
8750
8750
8748
8746
8746
8745
8742
8742
8742
8741
8737
8736
8734
8733
8732
8732
8730
8730
8729
8729
8729
8728
8726
8726
8725
8722
8721
8721
8720
8720
8719
8718
8717
8716
8712
8711
8711
8710
8710
8709
8709
8707
8705
8705
8704
8703
8703
8703
8702
8701
8701
8700
8699
8698
8697
8696
8696
8696
8694
8690
8690
8690
8690
8688
8688
8687
8686
8686
8685
8684
8682
8682
8680
8679
8679
8678
8677
8677
8677
8674
8672
8671
8669
8668
8668
8665
8665
8665
8665
8664
8663
8663
8663
8662
8661
8660
8658
8658
8656
8655
8652
8652
8650
8649
8649
8649
8648
8647
8647
8646
8645
8645
8643
8643
8643
8643
8641
8639
8639
8638
8637
8635
8635
8635
8634
8633
8631
8629
8628
8626
8625
8624
8621
8620
8617
8615
8614
8614
8612
8611
8610
8609
8608
8607
8606
8606
8606
8605
8603
8603
8602
8600
8600
8597
8597
8596
8596
8595
8594
8594
8593
8591
8591
8590
8590
8589
8588
8588
8587
8586
8586
8585
8583
8583
8582
8581
8580
8577
8574
8573
8573
8570
8569
8568
8567
8566
8565
8565
8564
8563
8562
8562
8560
8558
8558
8556
8556
8553
8552
8551
8551
8548
8548
8547
8546
8546
8545
8542
8542
8541
8541
8540
8535
8532
8532
8532
8530
8528
8525
8523
8523
8522
8521
8520
8520
8519
8519
8519
8519
8517
8517
8517
8516
8515
8514
8513
8512
8511
8511
8511
8510
8509
8508
8508
8506
8506
8505
8505
8502
8502
8500
8499
8497
8494
8493
8492
8490
8489
8488
8488
8487
8487
8487
8486
8485
8484
8484
8483
8480
8478
8477
8476
8476
8476
8472
8472
8472
8469
8469
8468
8468
8467
8465
8464
8460
8460
8459
8459
8458
8457
8457
8457
8453
8450
8450
8446
8445
8445
8445
8443
8442
8442
8441
8440
8440
8439
8438
8436
8436
8436
8435
8432
8430
8430
8429
8428
8427
8426
8426
8426
8425
8424
8423
8423
8422
8422
8420
8418
8418
8418
8417
8416
8416
8414
8412
8411
8410
8410
8410
8409
8409
8408
8407
8407
8407
8406
8405
8404
8403
8402
8399
8399
8398
8398
8396
8395
8395
8394
8394
8393
8391
8390
8389
8388
8388
8386
8386
8385
8384
8383
8382
8382
8381
8380
8378
8378
8377
8377
8376
8373
8371
8370
8369
8367
8367
8367
8366
8364
8363
8362
8361
8361
8360
8357
8357
8356
8355
8354
8353
8353
8353
8352
8352
8350
8350
8348
8345
8343
8343
8343
8342
8342
8342
8342
8341
8339
8339
8339
8337
8337
8337
8336
8336
8335
8330
8329
8329
8327
8327
8326
8325
8325
8324
8324
8323
8323
8322
8321
8320
8318
8316
8316
8316
8315
8314
8311
8310
8309
8308
8307
8307
8306
8305
8305
8305
8305
8303
8303
8301
8300
8300
8299
8298
8298
8298
8297
8296
8295
8294
8291
8291
8290
8286
8284
8283
8279
8277
8277
8277
8277
8276
8276
8275
8274
8274
8274
8272
8271
8270
8268
8266
8265
8264
8263
8262
8260
8260
8260
8259
8257
8256
8256
8256
8255
8253
8252
8252
8250
8249
8249
8247
8247
8246
8246
8245
8244
8244
8244
8244
8243
8243
8243
8242
8240
8240
8239
8239
8238
8238
8237
8237
8235
8234
8233
8231
8231
8230
8230
8229
8226
8226
8223
8221
8219
8218
8215
8215
8214
8211
8211
8210
8210
8206
8205
8204
8203
8202
8202
8202
8202
8200
8199
8197
8197
8196
8194
8194
8193
8192
8192
8191
8191
8191
8190
8188
8187
8186
8182
8181
8180
8175
8174
8174
8172
8171
8171
8171
8170
8169
8167
8167
8167
8165
8162
8161
8161
8156
8156
8156
8155
8153
8152
8150
8149
8148
8148
8148
8148
8147
8147
8146
8146
8144
8143
8142
8141
8141
8139
8139
8139
8137
8137
8137
8134
8132
8130
8130
8129
8125
8124
8124
8123
8123
8121
8120
8119
8119
8118
8117
8116
8116
8115
8115
8113
8111
8110
8108
8108
8106
8104
8103
8102
8100
8100
8099
8098
8097
8096
8092
8092
8091
8090
8089
8089
8089
8088
8087
8086
8085
8085
8084
8083
8082
8082
8080
8080
8079
8075
8075
8074
8074
8074
8074
8072
8069
8064
8064
8062
8062
8059
8057
8057
8057
8056
8055
8055
8055
8054
8054
8053
8052
8051
8051
8050
8050
8048
8047
8047
8045
8045
8045
8044
8044
8044
8044
8042
8041
8041
8040
8037
8037
8036
8035
8034
8033
8030
8029
8028
8028
8024
8023
8023
8021
8021
8017
8015
8014
8014
8012
8012
8009
8008
8007
8006
8005
8004
8003
8002
8002
8000
7999
7999
7999
7998
7998
7998
7998
7995
7994
7990
7989
7988
7987
7987
7987
7985
7983
7983
7983
7982
7982
7982
7980
7978
7975
7975
7975
7974
7973
7973
7969
7969
7967
7966
7966
7964
7963
7962
7961
7961
7960
7960
7958
7958
7956
7954
7954
7953
7952
7951
7949
7949
7947
7945
7944
7944
7943
7941
7937
7936
7934
7934
7932
7932
7932
7931
7929
7928
7928
7927
7926
7926
7926
7925
7925
7924
7924
7923
7922
7922
7920
7920
7919
7918
7918
7918
7917
7915
7914
7912
7911
7911
7911
7910
7909
7908
7906
7905
7905
7903
7899
7899
7898
7898
7895
7894
7892
7892
7889
7887
7887
7886
7886
7884
7882
7880
7880
7880
7880
7880
7879
7876
7875
7874
7874
7872
7869
7869
7868
7867
7866
7866
7865
7862
7862
7859
7858
7856
7856
7854
7854
7853
7852
7851
7851
7849
7849
7848
7848
7846
7845
7845
7844
7843
7843
7842
7841
7841
7840
7840
7839
7838
7836
7834
7834
7833
7831
7829
7828
7826
7825
7823
7823
7822
7822
7818
7818
7817
7816
7816
7816
7816
7815
7815
7814
7812
7811
7811
7809
7807
7807
7807
7805
7801
7801
7801
7799
7799
7799
7799
7798
7798
7796
7796
7792
7790
7790
7789
7788
7787
7785
7785
7784
7784
7783
7783
7783
7780
7775
7773
7773
7773
7771
7771
7771
7769
7768
7767
7766
7765
7764
7763
7763
7763
7762
7761
7760
7760
7757
7756
7754
7754
7752
7752
7752
7751
7750
7750
7747
7747
7745
7744
7743
7741
7740
7739
7738
7737
7737
7736
7734
7733
7730
7729
7729
7729
7727
7727
7726
7725
7722
7722
7721
7720
7720
7720
7716
7716
7715
7714
7714
7713
7713
7712
7712
7711
7709
7708
7708
7707
7705
7703
7702
7702
7702
7702
7700
7699
7698
7698
7697
7695
7695
7695
7693
7692
7689
7688
7687
7687
7687
7687
7686
7686
7685
7685
7683
7683
7681
7680
7680
7679
7679
7679
7677
7677
7674
7674
7673
7671
7670
7669
7668
7668
7666
7665
7664
7664
7664
7662
7655
7653
7652
7650
7648
7647
7647
7645
7645
7644
7643
7643
7643
7642
7639
7639
7638
7637
7636
7636
7635
7635
7632
7630
7629
7629
7627
7626
7625
7625
7622
7621
7621
7621
7621
7621
7620
7620
7620
7620
7619
7618
7615
7613
7609
7609
7609
7608
7607
7605
7604
7598
7598
7597
7597
7596
7596
7595
7593
7593
7591
7591
7589
7589
7588
7588
7587
7586
7584
7583
7582
7582
7582
7581
7581
7581
7580
7579
7579
7579
7577
7576
7573
7572
7572
7572
7571
7571
7571
7570
7569
7569
7568
7566
7565
7564
7563
7562
7562
7562
7561
7561
7561
7560
7558
7556
7555
7554
7552
7552
7551
7551
7550
7549
7548
7548
7546
7545
7542
7542
7540
7539
7538
7536
7531
7531
7530
7530
7530
7530
7529
7527
7527
7526
7526
7524
7523
7520
7520
7519
7519
7519
7518
7518
7518
7517
7515
7513
7508
7508
7508
7507
7505
7503
7503
7502
7500
7500
7499
7496
7493
7492
7492
7492
7492
7492
7491
7491
7489
7487
7487
7486
7483
7482
7481
7480
7480
7479
7478
7477
7477
7475
7473
7472
7470
7469
7465
7465
7464
7464
7464
7461
7461
7461
7461
7460
7459
7459
7458
7458
7457
7456
7455
7454
7453
7451
7451
7451
7450
7448
7447
7447
7445
7444
7444
7443
7443
7443
7442
7439
7439
7439
7438
7436
7436
7436
7434
7432
7431
7428
7428
7427
7427
7425
7423
7422
7422
7421
7420
7419
7419
7418
7418
7417
7415
7415
7414
7414
7414
7413
7413
7413
7411
7410
7410
7409
7408
7408
7408
7408
7407
7407
7407
7405
7403
7402
7402
7399
7397
7397
7396
7396
7391
7391
7388
7387
7386
7386
7386
7384
7384
7382
7381
7381
7380
7380
7379
7378
7377
7377
7376
7376
7375
7372
7372
7372
7371
7370
7368
7368
7368
7366
7365
7363
7363
7361
7361
7361
7358
7358
7355
7353
7352
7350
7350
7349
7348
7347
7346
7345
7344
7344
7343
7341
7341
7340
7339
7339
7338
7337
7336
7335
7335
7334
7333
7332
7330
7330
7328
7325
7325
7324
7323
7322
7320
7318
7318
7317
7314
7313
7313
7312
7312
7311
7310
7309
7309
7308
7308
7306
7305
7304
7304
7297
7296
7292
7292
7291
7289
7289
7289
7286
7285
7282
7279
7279
7277
7276
7275
7275
7275
7275
7275
7273
7273
7273
7272
7272
7271
7271
7270
7270
7269
7269
7269
7268
7267
7266
7265
7265
7265
7263
7262
7261
7259
7259
7258
7258
7257
7257
7256
7256
7253
7251
7251
7247
7246
7245
7244
7244
7244
7244
7243
7241
7238
7236
7235
7235
7231
7230
7228
7228
7228
7228
7227
7225
7225
7225
7223
7223
7222
7222
7220
7218
7218
7217
7216
7215
7214
7210
7209
7205
7204
7204
7202
7201
7200
7199
7198
7197
7196
7196
7195
7194
7192
7192
7192
7190
7190
7187
7186
7186
7186
7186
7185
7182
7182
7180
7180
7179
7178
7177
7176
7173
7171
7171
7171
7171
7171
7170
7170
7169
7169
7168
7168
7166
7166
7166
7163
7162
7162
7162
7160
7159
7159
7156
7155
7154
7153
7153
7152
7151
7149
7149
7148
7148
7147
7145
7144
7144
7142
7141
7141
7140
7140
7140
7139
7139
7137
7137
7137
7136
7135
7135
7135
7135
7134
7133
7132
7132
7131
7129
7128
7127
7127
7126
7126
7124
7124
7123
7122
7119
7119
7119
7119
7119
7117
7116
7114
7113
7113
7113
7113
7112
7112
7111
7111
7109
7106
7106
7105
7104
7104
7101
7101
7101
7100
7099
7098
7097
7097
7096
7096
7096
7096
7096
7096
7093
7092
7091
7091
7091
7090
7087
7086
7086
7085
7084
7083
7082
7081
7079
7079
7079
7075
7074
7073
7070
7070
7069
7068
7067
7067
7066
7063
7063
7063
7062
7060
7059
7058
7057
7057
7056
7056
7055
7055
7052
7051
7051
7050
7048
7048
7047
7047
7046
7045
7044
7044
7044
7044
7043
7042
7041
7041
7040
7039
7038
7036
7036
7033
7032
7032
7032
7031
7028
7027
7027
7027
7026
7025
7025
7020
7020
7020
7019
7019
7018
7018
7018
7016
7015
7014
7014
7014
7013
7012
7012
7010
7009
7009
7008
7007
7005
7002
7002
7001
7001
7000
6998
6998
6995
6994
6992
6992
6991
6991
6990
6989
6984
6983
6982
6982
6982
6981
6981
6981
6979
6978
6978
6977
6977
6976
6974
6974
6974
6974
6974
6973
6972
6971
6970
6967
6967
6966
6965
6963
6962
6962
6962
6962
6961
6961
6960
6959
6957
6956
6956
6955
6954
6954
6953
6953
6952
6951
6951
6950
6950
6949
6949
6947
6946
6946
6945
6944
6943
6941
6939
6938
6938
6938
6936
6934
6934
6934
6933
6930
6924
6924
6923
6922
6922
6922
6921
6919
6919
6919
6916
6916
6915
6912
6910
6909
6908
6907
6907
6905
6903
6903
6903
6899
6899
6895
6894
6893
6891
6887
6887
6885
6884
6884
6884
6882
6882
6881
6879
6878
6877
6877
6876
6875
6872
6871
6871
6870
6870
6870
6869
6868
6864
6862
6861
6860
6860
6860
6856
6856
6854
6853
6852
6850
6849
6843
6842
6841
6839
6838
6838
6838
6836
6835
6835
6835
6834
6831
6830
6828
6827
6827
6826
6823
6823
6821
6820
6819
6817
6816
6816
6816
6812
6812
6812
6811
6810
6809
6809
6805
6805
6805
6804
6804
6803
6803
6802
6801
6800
6799
6796
6795
6794
6794
6793
6793
6792
6792
6791
6791
6790
6790
6790
6789
6784
6783
6783
6782
6782
6780
6779
6779
6776
6776
6776
6775
6773
6772
6768
6768
6768
6768
6766
6765
6765
6765
6764
6763
6763
6762
6762
6761
6761
6759
6759
6758
6757
6756
6755
6755
6754
6752
6751
6750
6750
6750
6747
6745
6740
6739
6737
6737
6737
6735
6733
6732
6732
6732
6732
6731
6731
6730
6729
6729
6729
6725
6724
6719
6717
6716
6715
6714
6712
6711
6710
6710
6709
6708
6708
6708
6706
6705
6704
6704
6703
6702
6702
6701
6700
6698
6694
6686
6683
6682
6682
6682
6681
6679
6676
6676
6675
6673
6672
6671
6670
6670
6670
6669
6669
6668
6668
6666
6665
6663
6663
6662
6662
6662
6662
6659
6656
6653
6652
6651
6651
6650
6650
6650
6646
6646
6645
6645
6644
6644
6644
6643
6642
6639
6638
6638
6638
6638
6637
6637
6636
6636
6636
6635
6634
6631
6630
6630
6629
6628
6628
6628
6628
6626
6625
6625
6624
6624
6622
6622
6621
6619
6619
6617
6617
6616
6616
6616
6610
6610
6609
6608
6607
6607
6607
6604
6603
6603
6602
6601
6600
6600
6599
6597
6596
6596
6596
6595
6595
6595
6592
6591
6590
6590
6590
6590
6589
6587
6584
6583
6583
6583
6581
6581
6581
6578
6578
6578
6577
6575
6575
6573
6570
6570
6569
6567
6566
6566
6565
6563
6562
6562
6561
6560
6560
6559
6556
6556
6555
6553
6552
6550
6549
6549
6549
6548
6546
6546
6546
6545
6545
6544
6544
6543
6540
6538
6537
6536
6535
6535
6535
6534
6534
6534
6534
6533
6531
6530
6527
6526
6526
6525
6524
6520
6519
6519
6518
6518
6516
6516
6514
6514
6513
6511
6511
6510
6509
6509
6506
6505
6505
6505
6503
6499
6499
6499
6495
6493
6493
6491
6487
6486
6485
6484
6482
6482
6481
6478
6476
6475
6473
6473
6471
6468
6467
6466
6462
6459
6458
6458
6455
6454
6453
6451
6451
6450
6450
6447
6447
6446
6445
6444
6444
6439
6438
6438
6437
6436
6435
6435
6434
6433
6432
6431
6431
6430
6430
6429
6427
6424
6424
6423
6423
6422
6422
6421
6420
6420
6419
6418
6418
6416
6416
6411
6411
6410
6409
6407
6403
6402
6402
6402
6399
6397
6396
6396
6395
6395
6395
6395
6394
6392
6392
6389
6389
6388
6387
6383
6379
6379
6378
6378
6377
6377
6377
6376
6375
6375
6373
6370
6369
6369
6368
6368
6368
6367
6367
6366
6366
6366
6366
6364
6363
6362
6362
6361
6358
6358
6352
6352
6352
6351
6350
6350
6350
6350
6349
6349
6349
6347
6346
6346
6345
6345
6344
6344
6342
6342
6340
6338
6336
6336
6334
6334
6333
6333
6332
6331
6329
6327
6325
6324
6324
6324
6324
6323
6323
6323
6321
6320
6319
6317
6316
6316
6313
6313
6311
6309
6309
6309
6308
6307
6306
6305
6305
6301
6299
6298
6295
6294
6294
6293
6292
6291
6290
6289
6288
6288
6288
6287
6286
6283
6282
6281
6280
6277
6277
6274
6273
6271
6271
6271
6269
6269
6269
6267
6267
6267
6262
6261
6260
6260
6260
6258
6258
6257
6256
6255
6255
6255
6253
6252
6251
6251
6249
6249
6248
6248
6247
6247
6247
6246
6245
6243
6241
6241
6240
6239
6238
6237
6236
6232
6232
6229
6228
6227
6227
6227
6226
6226
6225
6225
6223
6223
6223
6223
6222
6222
6221
6221
6220
6218
6214
6214
6213
6213
6211
6211
6210
6210
6208
6207
6207
6206
6206
6205
6201
6201
6197
6195
6194
6191
6187
6186
6185
6184
6183
6182
6181
6181
6180
6177
6177
6173
6172
6172
6171
6171
6170
6167
6163
6163
6163
6163
6163
6162
6160
6159
6159
6157
6155
6154
6153
6153
6152
6151
6149
6148
6148
6145
6145
6144
6144
6142
6140
6139
6137
6137
6132
6132
6126
6126
6125
6125
6124
6123
6122
6122
6122
6120
6120
6118
6117
6116
6114
6113
6112
6111
6111
6109
6107
6107
6105
6105
6105
6103
6103
6103
6102
6101
6100
6100
6099
6098
6098
6098
6094
6092
6091
6087
6085
6085
6082
6082
6081
6081
6080
6080
6079
6079
6078
6077
6076
6075
6074
6073
6073
6072
6072
6066
6065
6065
6065
6062
6062
6062
6061
6061
6058
6058
6056
6056
6054
6053
6052
6049
6048
6048
6048
6048
6048
6047
6046
6046
6046
6044
6044
6043
6040
6040
6040
6039
6039
6038
6038
6038
6036
6036
6036
6035
6032
6031
6029
6028
6028
6027
6026
6024
6023
6023
6020
6018
6018
6016
6016
6016
6012
6011
6009
6009
6008
6008
6007
6007
6007
6005
6004
6004
5996
5994
5993
5990
5989
5987
5987
5985
5982
5982
5978
5977
5976
5974
5974
5973
5973
5973
5971
5970
5968
5968
5966
5966
5964
5964
5964
5962
5962
5957
5957
5957
5957
5954
5953
5952
5951
5951
5949
5948
5947
5946
5945
5945
5944
5943
5940
5939
5939
5939
5938
5938
5936
5935
5934
5934
5933
5932
5932
5931
5931
5931
5928
5926
5925
5925
5924
5924
5923
5923
5923
5923
5923
5922
5922
5922
5919
5917
5916
5914
5914
5912
5911
5910
5909
5909
5906
5905
5904
5903
5902
5902
5901
5898
5898
5898
5896
5895
5893
5892
5892
5891
5890
5890
5890
5890
5890
5889
5888
5888
5887
5886
5886
5885
5883
5882
5881
5880
5878
5877
5875
5872
5872
5872
5869
5868
5868
5868
5868
5868
5866
5866
5866
5866
5865
5865
5865
5864
5862
5862
5859
5859
5859
5858
5856
5856
5856
5856
5853
5852
5852
5851
5849
5849
5848
5848
5847
5847
5846
5846
5846
5844
5843
5842
5842
5840
5839
5839
5839
5838
5838
5837
5836
5835
5834
5834
5834
5834
5833
5832
5831
5831
5830
5828
5826
5826
5825
5824
5824
5823
5823
5820
5820
5818
5818
5817
5817
5817
5816
5815
5813
5813
5813
5812
5812
5811
5810
5809
5808
5808
5807
5806
5804
5804
5804
5804
5801
5798
5797
5796
5796
5795
5795
5795
5795
5793
5793
5791
5790
5789
5788
5787
5785
5785
5784
5784
5782
5781
5780
5779
5777
5776
5774
5774
5774
5774
5773
5773
5772
5771
5771
5771
5769
5767
5767
5766
5766
5766
5765
5765
5765
5765
5764
5762
5762
5762
5762
5761
5759
5759
5759
5758
5757
5757
5756
5755
5753
5753
5751
5751
5751
5750
5750
5749
5749
5749
5749
5744
5743
5741
5740
5739
5738
5737
5735
5727
5726
5723
5722
5722
5719
5717
5717
5716
5715
5708
5708
5708
5705
5704
5703
5700
5699
5698
5697
5697
5696
5696
5694
5694
5694
5692
5691
5690
5687
5687
5686
5683
5681
5680
5680
5679
5678
5674
5673
5673
5671
5671
5671
5669
5669
5669
5668
5668
5668
5667
5666
5666
5663
5662
5662
5654
5652
5650
5650
5649
5649
5647
5647
5644
5643
5643
5642
5642
5641
5639
5637
5637
5637
5636
5635
5635
5635
5634
5632
5631
5631
5631
5629
5629
5629
5628
5626
5626
5626
5623
5621
5620
5619
5617
5616
5615
5615
5615
5614
5614
5614
5613
5613
5613
5611
5611
5610
5610
5609
5607
5606
5605
5604
5603
5602
5602
5601
5599
5596
5592
5591
5590
5588
5588
5587
5587
5585
5585
5585
5582
5582
5582
5577
5577
5574
5574
5574
5573
5571
5569
5569
5569
5568
5567
5567
5565
5560
5560
5558
5556
5555
5554
5554
5554
5552
5550
5549
5547
5547
5546
5544
5544
5543
5542
5542
5540
5538
5537
5537
5536
5535
5535
5534
5534
5530
5529
5529
5528
5527
5526
5526
5525
5522
5522
5522
5521
5519
5518
5518
5518
5517
5516
5514
5514
5513
5512
5512
5511
5511
5511
5510
5509
5507
5506
5506
5503
5503
5502
5498
5498
5498
5498
5497
5496
5495
5494
5494
5492
5491
5491
5490
5489
5488
5487
5487
5486
5485
5484
5484
5483
5481
5481
5479
5479
5478
5477
5477
5476
5476
5472
5471
5471
5469
5469
5468
5468
5463
5462
5461
5461
5455
5453
5451
5451
5451
5450
5449
5449
5447
5447
5445
5443
5442
5441
5441
5440
5439
5439
5438
5437
5436
5434
5432
5432
5430
5429
5426
5426
5425
5425
5424
5420
5419
5418
5415
5414
5414
5412
5412
5409
5408
5406
5405
5404
5404
5402
5400
5397
5396
5395
5394
5394
5394
5393
5392
5392
5391
5391
5389
5389
5388
5386
5385
5384
5383
5382
5376
5374
5371
5370
5370
5368
5367
5367
5366
5365
5364
5360
5360
5358
5357
5354
5353
5353
5353
5352
5351
5351
5351
5350
5350
5348
5348
5347
5346
5346
5345
5344
5342
5342
5338
5337
5336
5332
5329
5329
5329
5327
5326
5326
5325
5325
5325
5324
5324
5322
5321
5318
5317
5316
5316
5312
5312
5311
5311
5310
5309
5309
5307
5305
5303
5302
5302
5300
5300
5299
5298
5297
5297
5297
5296
5292
5291
5290
5289
5289
5287
5286
5283
5283
5282
5280
5280
5279
5278
5278
5278
5275
5274
5274
5272
5272
5272
5270
5270
5268
5268
5267
5267
5266
5265
5260
5260
5259
5258
5257
5256
5255
5255
5255
5254
5254
5254
5253
5248
5248
5248
5247
5245
5245
5244
5243
5243
5242
5242
5241
5241
5240
5239
5238
5238
5235
5235
5235
5233
5233
5233
5231
5230
5228
5224
5224
5221
5219
5218
5216
5213
5212
5211
5210
5210
5210
5210
5209
5209
5208
5207
5207
5205
5204
5202
5200
5199
5198
5196
5195
5195
5194
5193
5193
5193
5192
5192
5192
5189
5183
5183
5183
5182
5180
5179
5177
5176
5176
5175
5175
5170
5169
5168
5168
5167
5167
5166
5165
5161
5160
5160
5158
5157
5156
5155
5152
5146
5144
5142
5142
5140
5139
5139
5139
5138
5138
5136
5135
5133
5132
5131
5128
5128
5125
5125
5124
5122
5122
5120
5119
5119
5118
5117
5115
5115
5115
5114
5114
5113
5112
5110
5109
5108
5107
5106
5105
5105
5105
5104
5103
5103
5103
5102
5102
5100
5100
5099
5097
5094
5092
5091
5091
5090
5090
5090
5089
5088
5087
5087
5085
5084
5084
5081
5080
5079
5079
5078
5078
5074
5073
5072
5072
5072
5072
5071
5070
5070
5069
5068
5068
5067
5065
5065
5063
5062
5061
5060
5059
5059
5056
5056
5055
5055
5055
5054
5052
5050
5050
5050
5049
5048
5048
5047
5046
5046
5046
5044
5044
5043
5039
5037
5037
5036
5035
5035
5034
5034
5033
5032
5032
5031
5031
5030
5030
5029
5028
5028
5028
5028
5027
5027
5026
5026
5025
5025
5025
5024
5022
5022
5022
5021
5020
5019
5017
5017
5017
5015
5014
5011
5010
5008
5004
5003
5003
5002
5002
5001
5001
4998
4997
4997
4997
4995
4994
4987
4987
4983
4981
4980
4973
4972
4971
4971
4971
4969
4967
4965
4964
4962
4962
4962
4962
4961
4960
4960
4960
4959
4958
4958
4957
4957
4953
4953
4952
4948
4947
4947
4946
4944
4944
4944
4943
4943
4940
4938
4934
4932
4926
4926
4925
4923
4923
4922
4921
4920
4919
4919
4918
4918
4917
4917
4916
4915
4914
4912
4912
4910
4909
4909
4909
4908
4906
4905
4905
4905
4904
4903
4902
4902
4900
4899
4899
4898
4895
4895
4894
4891
4890
4890
4890
4888
4887
4887
4886
4886
4885
4885
4885
4885
4883
4881
4881
4881
4879
4877
4876
4876
4874
4873
4870
4870
4867
4867
4867
4866
4865
4865
4863
4863
4863
4861
4861
4859
4859
4859
4858
4858
4858
4856
4856
4855
4855
4854
4853
4853
4852
4848
4848
4846
4845
4844
4842
4841
4841
4839
4839
4836
4834
4833
4833
4832
4832
4831
4831
4827
4824
4821
4821
4821
4820
4820
4820
4820
4819
4819
4818
4818
4817
4816
4816
4813
4812
4811
4809
4809
4806
4804
4802
4802
4799
4799
4799
4799
4798
4798
4797
4797
4797
4797
4796
4796
4795
4795
4794
4794
4794
4792
4790
4789
4788
4787
4786
4785
4785
4783
4782
4781
4779
4778
4777
4777
4776
4776
4776
4774
4774
4773
4773
4772
4767
4764
4764
4763
4758
4755
4754
4754
4752
4750
4749
4748
4746
4746
4745
4744
4744
4743
4742
4742
4740
4740
4739
4736
4735
4735
4733
4731
4731
4730
4728
4728
4727
4726
4725
4724
4724
4721
4721
4721
4718
4718
4717
4716
4715
4715
4712
4710
4710
4707
4707
4707
4706
4705
4704
4702
4702
4702
4701
4701
4701
4700
4700
4700
4698
4698
4697
4696
4696
4694
4692
4691
4688
4684
4684
4683
4679
4679
4679
4679
4678
4677
4676
4676
4675
4675
4672
4671
4669
4669
4668
4667
4667
4666
4665
4664
4663
4661
4659
4658
4658
4657
4655
4655
4653
4653
4652
4650
4650
4649
4649
4648
4648
4647
4646
4644
4644
4641
4640
4640
4639
4638
4637
4637
4634
4633
4632
4631
4631
4630
4629
4628
4627
4626
4626
4625
4624
4624
4623
4622
4622
4620
4619
4619
4619
4617
4614
4614
4613
4613
4612
4611
4611
4609
4609
4608
4608
4608
4607
4605
4604
4604
4604
4603
4602
4601
4601
4599
4597
4596
4593
4592
4591
4590
4588
4586
4585
4585
4585
4584
4583
4581
4580
4578
4577
4576
4576
4576
4575
4574
4573
4572
4571
4569
4567
4567
4566
4565
4563
4563
4563
4562
4561
4560
4558
4558
4557
4556
4554
4553
4553
4552
4551
4551
4551
4551
4549
4549
4548
4548
4546
4545
4543
4542
4542
4539
4539
4538
4537
4536
4536
4535
4535
4533
4532
4531
4530
4529
4527
4527
4527
4525
4525
4525
4523
4523
4523
4523
4522
4521
4520
4520
4520
4519
4519
4518
4518
4518
4516
4516
4514
4513
4513
4512
4511
4510
4510
4509
4509
4509
4508
4508
4506
4504
4503
4500
4498
4496
4495
4494
4494
4494
4494
4493
4492
4492
4491
4490
4488
4487
4486
4484
4483
4483
4480
4479
4479
4479
4478
4477
4477
4476
4476
4476
4475
4473
4471
4470
4470
4470
4470
4470
4469
4468
4467
4466
4465
4464
4464
4463
4463
4462
4461
4461
4457
4457
4456
4455
4455
4453
4452
4451
4450
4450
4448
4447
4447
4447
4444
4439
4439
4439
4438
4436
4434
4433
4432
4428
4428
4427
4424
4424
4424
4422
4417
4416
4414
4412
4412
4412
4411
4409
4408
4408
4407
4407
4407
4406
4406
4405
4405
4403
4402
4400
4397
4395
4395
4394
4394
4394
4390
4390
4389
4388
4388
4387
4386
4386
4383
4383
4382
4382
4381
4380
4379
4379
4377
4376
4374
4373
4365
4365
4365
4363
4361
4359
4359
4358
4357
4357
4356
4354
4353
4351
4349
4348
4348
4348
4347
4347
4346
4341
4340
4340
4337
4334
4333
4332
4331
4329
4329
4329
4329
4328
4327
4327
4326
4324
4323
4323
4321
4320
4320
4317
4317
4317
4315
4313
4313
4313
4311
4310
4309
4308
4308
4307
4306
4305
4305
4305
4304
4304
4303
4302
4301
4297
4296
4295
4294
4292
4291
4290
4289
4289
4289
4285
4284
4284
4283
4283
4282
4282
4281
4280
4279
4278
4277
4276
4275
4275
4272
4271
4270
4270
4269
4268
4268
4267
4266
4265
4265
4265
4263
4261
4261
4258
4257
4256
4255
4254
4254
4252
4249
4249
4247
4247
4247
4246
4246
4245
4244
4244
4242
4242
4239
4238
4238
4238
4237
4237
4237
4235
4235
4234
4233
4231
4230
4230
4227
4226
4225
4224
4224
4223
4222
4222
4222
4221
4221
4219
4219
4218
4217
4216
4213
4213
4211
4210
4210
4209
4207
4207
4206
4206
4205
4204
4204
4204
4203
4202
4202
4201
4199
4199
4198
4196
4195
4193
4192
4191
4191
4191
4189
4189
4189
4188
4188
4187
4187
4186
4186
4185
4185
4182
4182
4182
4182
4181
4181
4180
4179
4179
4178
4177
4177
4176
4174
4174
4172
4172
4170
4169
4169
4168
4167
4166
4166
4166
4165
4165
4164
4164
4163
4158
4158
4158
4157
4157
4156
4156
4155
4154
4153
4151
4150
4149
4148
4148
4147
4145
4145
4145
4144
4143
4141
4141
4140
4139
4139
4139
4137
4135
4134
4134
4133
4131
4130
4128
4128
4128
4127
4126
4125
4125
4124
4123
4123
4122
4122
4117
4114
4110
4109
4109
4108
4107
4107
4106
4106
4103
4101
4101
4100
4100
4098
4098
4098
4098
4097
4095
4095
4088
4087
4087
4087
4086
4086
4085
4084
4082
4082
4079
4079
4078
4077
4077
4077
4076
4073
4073
4071
4071
4069
4068
4068
4064
4064
4060
4059
4057
4057
4056
4054
4054
4053
4052
4051
4051
4051
4046
4045
4044
4044
4044
4043
4043
4043
4042
4041
4041
4040
4037
4036
4035
4033
4032
4030
4030
4029
4028
4027
4025
4025
4025
4025
4024
4024
4023
4020
4018
4018
4018
4017
4014
4013
4011
4009
4009
4008
4006
4004
4002
4001
4000
4000
3999
3999
3998
3996
3995
3994
3994
3994
3994
3994
3993
3991
3989
3989
3989
3988
3987
3985
3984
3984
3984
3984
3984
3983
3983
3982
3981
3981
3980
3980
3979
3978
3974
3973
3972
3969
3969
3968
3967
3967
3966
3963
3962
3961
3959
3958
3958
3957
3954
3953
3953
3953
3952
3952
3950
3949
3949
3949
3948
3946
3945
3944
3944
3943
3942
3938
3938
3938
3937
3937
3937
3936
3935
3934
3930
3930
3927
3927
3926
3924
3923
3920
3919
3916
3915
3915
3914
3912
3912
3912
3910
3910
3907
3906
3906
3905
3904
3904
3901
3901
3899
3897
3897
3896
3895
3894
3893
3893
3893
3891
3891
3890
3887
3887
3885
3885
3884
3884
3878
3878
3877
3877
3876
3875
3874
3873
3873
3872
3870
3870
3869
3867
3867
3866
3865
3865
3862
3862
3860
3860
3860
3859
3859
3859
3858
3857
3856
3855
3854
3851
3851
3850
3850
3850
3847
3847
3846
3845
3845
3844
3842
3840
3840
3839
3838
3837
3836
3836
3835
3833
3831
3831
3831
3829
3829
3828
3827
3826
3825
3825
3825
3824
3824
3824
3823
3821
3820
3819
3819
3817
3817
3816
3816
3816
3816
3815
3815
3814
3814
3809
3809
3807
3807
3807
3806
3806
3806
3804
3801
3799
3799
3799
3799
3798
3797
3796
3795
3794
3793
3790
3790
3789
3788
3785
3785
3783
3783
3782
3781
3780
3780
3779
3779
3779
3779
3779
3778
3776
3776
3776
3775
3775
3775
3774
3774
3773
3769
3768
3767
3767
3763
3763
3762
3762
3761
3760
3760
3760
3756
3756
3755
3755
3754
3754
3753
3753
3753
3751
3751
3751
3750
3749
3749
3748
3748
3746
3742
3741
3739
3739
3738
3738
3734
3730
3730
3730
3729
3727
3724
3723
3723
3722
3721
3720
3718
3718
3715
3715
3715
3714
3712
3712
3710
3710
3707
3707
3706
3706
3705
3705
3704
3702
3698
3698
3698
3698
3696
3696
3695
3695
3695
3695
3694
3693
3693
3692
3691
3690
3689
3688
3688
3687
3687
3686
3686
3686
3685
3682
3681
3680
3680
3679
3679
3678
3676
3675
3675
3673
3671
3670
3667
3665
3663
3662
3661
3659
3657
3656
3656
3654
3654
3653
3652
3652
3651
3651
3649
3647
3646
3646
3645
3641
3640
3638
3638
3637
3637
3637
3636
3635
3634
3633
3631
3629
3627
3626
3625
3623
3622
3621
3620
3620
3619
3617
3617
3617
3616
3615
3614
3613
3612
3610
3606
3606
3605
3604
3603
3601
3600
3600
3599
3598
3596
3596
3596
3596
3595
3593
3592
3590
3590
3589
3589
3589
3588
3586
3586
3582
3582
3581
3580
3580
3580
3580
3578
3577
3577
3577
3576
3575
3574
3574
3572
3571
3571
3570
3569
3569
3568
3568
3565
3563
3563
3563
3560
3558
3558
3558
3555
3553
3552
3552
3549
3548
3547
3546
3546
3544
3542
3541
3540
3539
3539
3538
3537
3534
3534
3533
3532
3531
3530
3527
3526
3523
3523
3522
3521
3521
3520
3520
3520
3520
3519
3519
3518
3517
3516
3515
3512
3511
3510
3509
3507
3507
3505
3504
3504
3503
3502
3502
3501
3500
3498
3498
3497
3495
3493
3490
3490
3489
3488
3488
3488
3488
3488
3487
3487
3483
3482
3482
3482
3481
3481
3479
3479
3478
3477
3477
3476
3476
3475
3473
3472
3472
3471
3471
3470
3469
3466
3464
3463
3463
3462
3462
3461
3457
3457
3457
3454
3454
3454
3454
3453
3450
3450
3449
3447
3446
3446
3446
3445
3443
3442
3442
3441
3440
3440
3438
3438
3438
3436
3434
3433
3431
3430
3428
3427
3422
3421
3421
3421
3421
3420
3419
3419
3418
3417
3417
3415
3415
3415
3414
3414
3414
3412
3412
3412
3412
3411
3409
3408
3408
3404
3404
3404
3401
3401
3400
3399
3399
3398
3397
3397
3395
3395
3394
3393
3393
3392
3391
3391
3390
3389
3389
3389
3384
3384
3384
3384
3383
3383
3382
3379
3377
3377
3377
3376
3375
3373
3373
3371
3371
3369
3366
3365
3363
3362
3360
3360
3360
3359
3359
3359
3358
3354
3353
3353
3353
3352
3351
3350
3348
3345
3345
3344
3344
3342
3342
3341
3340
3339
3339
3339
3339
3337
3337
3333
3332
3330
3329
3323
3323
3323
3323
3322
3322
3321
3319
3317
3317
3315
3315
3315
3314
3312
3312
3311
3310
3308
3308
3306
3305
3304
3304
3304
3303
3303
3302
3301
3300
3299
3298
3298
3298
3297
3294
3293
3291
3289
3289
3287
3286
3285
3283
3283
3280
3278
3278
3277
3272
3270
3270
3269
3268
3267
3265
3264
3263
3263
3261
3260
3255
3252
3252
3252
3251
3251
3250
3249
3248
3248
3246
3246
3245
3245
3240
3239
3238
3237
3237
3237
3236
3235
3234
3233
3232
3230
3229
3228
3228
3227
3226
3223
3223
3223
3222
3222
3221
3220
3219
3218
3217
3215
3214
3213
3213
3212
3211
3210
3210
3210
3208
3206
3203
3203
3200
3199
3199
3198
3197
3196
3196
3195
3194
3191
3189
3189
3189
3188
3187
3186
3185
3182
3181
3179
3177
3176
3176
3174
3172
3170
3170
3170
3170
3170
3169
3168
3166
3165
3163
3160
3159
3158
3155
3155
3154
3153
3152
3152
3152
3150
3150
3150
3149
3149
3148
3148
3147
3146
3144
3144
3143
3143
3143
3141
3140
3140
3140
3139
3139
3137
3136
3136
3135
3135
3134
3131
3127
3127
3126
3126
3125
3125
3124
3121
3121
3120
3119
3119
3119
3119
3118
3118
3116
3113
3112
3111
3109
3108
3107
3107
3107
3105
3102
3101
3100
3099
3098
3094
3092
3092
3092
3092
3089
3088
3088
3085
3085
3085
3083
3081
3080
3079
3077
3077
3076
3075
3072
3070
3069
3066
3066
3063
3060
3060
3059
3058
3057
3057
3057
3057
3055
3052
3052
3051
3050
3049
3045
3045
3044
3042
3042
3042
3042
3042
3036
3036
3036
3034
3034
3032
3032
3032
3031
3031
3030
3030
3030
3029
3028
3026
3024
3024
3019
3017
3015
3015
3014
3013
3012
3011
3009
3009
3008
3007
3006
3005
3005
3005
3002
3001
3001
3001
2997
2997
2996
2996
2996
2995
2990
2989
2988
2988
2987
2986
2986
2986
2985
2982
2981
2980
2980
2980
2978
2977
2977
2975
2975
2973
2972
2971
2970
2969
2969
2969
2968
2968
2968
2967
2963
2960
2954
2950
2948
2948
2946
2945
2943
2942
2941
2937
2936
2935
2934
2933
2933
2931
2930
2930
2930
2929
2927
2924
2924
2923
2923
2921
2921
2921
2921
2920
2919
2916
2915
2915
2915
2915
2913
2912
2912
2911
2910
2909
2909
2908
2908
2908
2906
2905
2901
2898
2897
2896
2896
2893
2893
2891
2890
2888
2888
2887
2886
2885
2884
2884
2884
2883
2881
2880
2878
2878
2878
2877
2876
2875
2875
2875
2874
2874
2873
2872
2872
2871
2871
2870
2869
2869
2869
2867
2865
2863
2863
2862
2862
2861
2861
2860
2858
2857
2857
2857
2856
2856
2856
2855
2850
2849
2849
2849
2848
2848
2848
2848
2847
2845
2845
2844
2844
2843
2843
2842
2842
2842
2842
2842
2841
2839
2839
2838
2838
2837
2837
2837
2836
2834
2833
2832
2832
2831
2830
2827
2825
2824
2824
2821
2821
2821
2821
2820
2817
2816
2816
2816
2812
2812
2812
2809
2808
2808
2805
2805
2803
2802
2801
2801
2801
2800
2799
2798
2798
2797
2796
2796
2794
2793
2792
2791
2791
2790
2789
2789
2788
2787
2786
2786
2785
2785
2784
2782
2781
2781
2781
2780
2780
2779
2778
2778
2777
2776
2776
2773
2771
2771
2769
2767
2765
2764
2763
2762
2760
2760
2758
2758
2755
2755
2753
2750
2750
2748
2747
2747
2746
2746
2746
2743
2742
2740
2736
2735
2735
2733
2733
2731
2730
2730
2727
2727
2726
2726
2725
2724
2724
2721
2718
2718
2715
2714
2713
2712
2709
2708
2707
2707
2707
2706
2706
2705
2697
2697
2696
2696
2693
2692
2691
2691
2691
2690
2689
2687
2687
2685
2685
2682
2682
2680
2680
2678
2678
2678
2678
2677
2677
2677
2676
2675
2672
2672
2672
2672
2671
2669
2669
2667
2667
2666
2666
2666
2665
2665
2661
2661
2660
2659
2658
2655
2653
2652
2649
2649
2648
2647
2642
2640
2637
2636
2634
2633
2632
2632
2631
2629
2627
2627
2627
2627
2626
2624
2623
2622
2621
2621
2620
2616
2614
2614
2611
2610
2609
2608
2606
2606
2605
2605
2604
2602
2601
2601
2599
2598
2597
2597
2595
2594
2592
2592
2592
2592
2591
2591
2590
2589
2589
2588
2587
2585
2584
2583
2582
2581
2580
2578
2577
2576
2574
2574
2574
2571
2570
2569
2569
2567
2565
2564
2563
2563
2563
2561
2561
2560
2559
2554
2553
2553
2553
2553
2552
2552
2550
2550
2549
2547
2546
2546
2545
2542
2542
2541
2541
2541
2539
2538
2538
2536
2535
2534
2534
2533
2532
2532
2532
2528
2528
2528
2527
2527
2526
2524
2524
2522
2522
2522
2522
2519
2517
2515
2514
2514
2513
2513
2513
2510
2510
2509
2508
2508
2508
2507
2505
2504
2504
2503
2503
2502
2498
2497
2497
2497
2497
2496
2495
2493
2493
2492
2492
2491
2490
2489
2489
2489
2488
2487
2487
2487
2486
2486
2484
2483
2483
2483
2482
2482
2481
2481
2481
2481
2480
2480
2480
2480
2479
2479
2477
2477
2476
2476
2475
2474
2474
2474
2473
2473
2472
2471
2471
2470
2469
2467
2467
2467
2467
2465
2464
2464
2463
2459
2459
2459
2458
2456
2455
2454
2453
2453
2452
2451
2450
2450
2450
2448
2448
2448
2447
2447
2444
2444
2443
2442
2442
2438
2437
2436
2435
2434
2433
2433
2433
2432
2432
2428
2428
2426
2426
2426
2423
2422
2419
2419
2417
2416
2415
2414
2411
2411
2410
2409
2409
2408
2404
2404
2402
2399
2399
2399
2398
2397
2395
2395
2393
2393
2392
2392
2391
2391
2388
2388
2387
2386
2385
2385
2385
2384
2383
2381
2381
2380
2380
2378
2377
2376
2376
2376
2375
2374
2374
2374
2373
2373
2372
2369
2368
2368
2367
2367
2366
2366
2364
2364
2364
2363
2361
2360
2359
2359
2359
2359
2358
2357
2357
2356
2356
2356
2354
2353
2352
2352
2352
2351
2350
2349
2348
2347
2346
2346
2346
2345
2343
2343
2342
2342
2342
2341
2340
2338
2337
2336
2334
2333
2332
2332
2332
2329
2328
2326
2325
2324
2322
2322
2320
2319
2318
2316
2314
2314
2313
2311
2310
2310
2309
2305
2304
2303
2303
2300
2300
2299
2296
2296
2295
2295
2294
2294
2293
2293
2292
2290
2289
2289
2288
2287
2285
2284
2282
2282
2281
2281
2281
2280
2280
2279
2279
2279
2278
2276
2275
2272
2272
2271
2271
2271
2271
2269
2269
2268
2267
2266
2265
2264
2262
2261
2260
2259
2259
2259
2258
2257
2257
2257
2257
2256
2256
2255
2254
2254
2251
2251
2249
2248
2246
2245
2244
2243
2242
2242
2241
2241
2240
2238
2238
2236
2235
2235
2233
2233
2232
2231
2231
2230
2228
2228
2227
2226
2226
2226
2225
2224
2222
2221
2220
2217
2216
2214
2213
2213
2213
2212
2211
2210
2208
2207
2207
2206
2205
2204
2204
2204
2203
2203
2203
2202
2202
2201
2200
2199
2195
2195
2192
2192
2192
2191
2190
2190
2190
2188
2187
2187
2186
2185
2184
2184
2183
2183
2182
2181
2177
2175
2174
2174
2172
2171
2169
2169
2169
2168
2167
2166
2165
2165
2164
2163
2162
2160
2159
2158
2155
2154
2151
2150
2149
2149
2148
2146
2145
2144
2144
2142
2140
2139
2138
2137
2137
2136
2135
2135
2135
2134
2134
2134
2133
2131
2131
2130
2129
2126
2125
2123
2121
2121
2120
2117
2117
2114
2114
2112
2111
2108
2106
2105
2105
2105
2103
2102
2102
2100
2100
2099
2099
2098
2098
2098
2098
2097
2097
2096
2096
2094
2093
2093
2093
2092
2090
2090
2087
2087
2086
2084
2084
2083
2082
2082
2081
2080
2079
2077
2077
2075
2075
2074
2074
2074
2073
2072
2072
2071
2070
2070
2070
2068
2067
2065
2064
2064
2063
2063
2061
2060
2058
2058
2053
2051
2051
2050
2050
2049
2048
2048
2047
2047
2047
2046
2043
2043
2043
2041
2040
2038
2034
2034
2033
2032
2030
2027
2022
2021
2021
2021
2020
2020
2019
2019
2019
2018
2017
2017
2015
2015
2013
2013
2011
2009
2009
2006
2006
2006
2004
2002
2002
2002
2002
2000
1999
1997
1996
1995
1995
1994
1994
1993
1991
1990
1989
1988
1988
1985
1985
1982
1982
1981
1980
1979
1979
1977
1977
1976
1973
1972
1972
1971
1969
1968
1967
1964
1962
1961
1961
1960
1959
1959
1959
1959
1958
1958
1958
1957
1956
1956
1955
1955
1954
1954
1952
1949
1949
1947
1947
1945
1944
1944
1942
1940
1939
1939
1939
1939
1937
1937
1937
1936
1934
1933
1930
1929
1929
1928
1927
1927
1927
1927
1927
1924
1923
1920
1920
1919
1918
1917
1916
1916
1915
1912
1912
1911
1910
1909
1909
1907
1903
1901
1901
1899
1898
1897
1896
1896
1896
1896
1895
1894
1894
1893
1893
1892
1891
1891
1890
1889
1887
1887
1886
1886
1885
1885
1884
1883
1882
1880
1880
1880
1879
1879
1878
1878
1877
1876
1875
1875
1874
1873
1873
1871
1871
1871
1870
1870
1870
1869
1868
1867
1866
1864
1864
1862
1862
1861
1859
1859
1859
1857
1855
1855
1854
1853
1853
1852
1851
1851
1850
1845
1845
1845
1845
1843
1842
1842
1841
1840
1839
1838
1838
1836
1836
1834
1834
1833
1830
1829
1827
1826
1826
1825
1821
1821
1819
1819
1819
1817
1817
1816
1813
1813
1811
1810
1810
1810
1809
1808
1808
1808
1804
1804
1801
1801
1800
1797
1797
1796
1793
1792
1792
1791
1790
1788
1785
1785
1784
1783
1782
1782
1781
1779
1777
1776
1776
1775
1774
1773
1772
1772
1772
1771
1770
1770
1769
1765
1764
1762
1762
1759
1759
1759
1758
1758
1757
1755
1755
1751
1751
1750
1749
1748
1747
1746
1745
1745
1744
1742
1741
1739
1738
1737
1734
1734
1733
1733
1731
1730
1730
1729
1728
1727
1727
1726
1725
1724
1722
1722
1721
1720
1719
1719
1716
1715
1715
1710
1709
1708
1707
1706
1706
1705
1704
1703
1702
1702
1699
1699
1697
1695
1694
1690
1689
1684
1684
1682
1681
1680
1678
1678
1678
1677
1677
1676
1676
1675
1674
1673
1673
1673
1669
1668
1668
1668
1667
1667
1666
1665
1664
1663
1662
1660
1660
1659
1658
1655
1654
1654
1653
1652
1651
1650
1648
1648
1646
1644
1642
1641
1641
1640
1638
1637
1637
1635
1634
1634
1634
1632
1631
1629
1629
1627
1626
1622
1622
1622
1621
1620
1620
1619
1618
1618
1618
1618
1617
1614
1613
1613
1612
1612
1612
1610
1610
1610
1608
1606
1606
1603
1601
1601
1597
1596
1596
1593
1592
1589
1588
1587
1586
1583
1582
1581
1581
1581
1581
1580
1580
1578
1578
1577
1577
1576
1575
1575
1574
1574
1572
1570
1569
1568
1566
1566
1565
1564
1563
1562
1560
1560
1559
1557
1553
1552
1552
1552
1551
1551
1551
1548
1548
1548
1547
1543
1543
1542
1542
1541
1540
1536
1536
1536
1535
1533
1533
1533
1531
1531
1530
1529
1528
1528
1527
1525
1525
1522
1522
1522
1520
1520
1518
1518
1517
1516
1515
1513
1513
1513
1512
1511
1510
1509
1509
1509
1507
1507
1504
1502
1502
1502
1498
1496
1494
1494
1489
1488
1488
1487
1486
1485
1485
1482
1481
1480
1480
1480
1477
1476
1476
1475
1475
1474
1473
1473
1472
1470
1470
1470
1467
1466
1466
1465
1464
1462
1462
1462
1459
1459
1459
1459
1458
1458
1458
1457
1457
1456
1455
1454
1454
1453
1453
1453
1451
1450
1450
1449
1448
1448
1447
1447
1445
1443
1441
1440
1438
1436
1435
1433
1433
1433
1433
1432
1432
1429
1429
1428
1427
1427
1425
1422
1419
1419
1418
1416
1416
1416
1415
1413
1413
1412
1412
1411
1410
1405
1404
1403
1402
1402
1401
1400
1395
1394
1392
1392
1392
1390
1390
1389
1389
1387
1383
1382
1380
1379
1378
1378
1373
1373
1373
1372
1371
1370
1370
1370
1369
1368
1368
1366
1365
1363
1363
1361
1359
1357
1356
1356
1355
1355
1354
1354
1353
1353
1353
1351
1350
1350
1350
1350
1349
1349
1347
1346
1345
1344
1344
1342
1339
1338
1337
1336
1335
1334
1334
1334
1333
1333
1333
1332
1332
1332
1330
1330
1329
1328
1327
1326
1326
1325
1324
1324
1324
1323
1322
1322
1319
1319
1318
1316
1315
1314
1311
1311
1311
1310
1310
1310
1309
1309
1309
1307
1306
1304
1302
1298
1296
1294
1294
1294
1292
1291
1288
1288
1285
1285
1285
1285
1283
1282
1281
1281
1280
1280
1277
1277
1276
1275
1274
1274
1274
1272
1271
1271
1270
1270
1269
1268
1267
1267
1267
1266
1265
1262
1262
1261
1260
1260
1259
1258
1258
1258
1258
1256
1255
1255
1253
1253
1251
1251
1249
1247
1245
1245
1244
1243
1243
1241
1238
1238
1235
1235
1233
1232
1229
1229
1228
1227
1227
1225
1224
1221
1220
1219
1216
1215
1214
1213
1212
1212
1210
1210
1210
1209
1209
1208
1206
1204
1203
1203
1203
1202
1201
1201
1201
1199
1198
1198
1197
1196
1196
1195
1194
1194
1193
1192
1191
1190
1188
1188
1184
1182
1181
1180
1180
1179
1179
1178
1178
1175
1174
1172
1172
1172
1171
1171
1171
1170
1170
1169
1169
1168
1167
1167
1165
1164
1163
1163
1160
1158
1157
1157
1155
1154
1153
1151
1149
1148
1147
1146
1146
1146
1146
1144
1143
1142
1142
1142
1142
1141
1141
1139
1139
1138
1136
1135
1135
1134
1132
1132
1132
1132
1130
1128
1127
1127
1126
1126
1125
1125
1123
1121
1120
1119
1118
1118
1116
1114
1112
1111
1111
1110
1110
1108
1106
1103
1101
1100
1100
1100
1099
1099
1098
1098
1096
1095
1094
1092
1091
1090
1090
1090
1089
1088
1087
1086
1086
1085
1085
1084
1084
1083
1083
1083
1082
1080
1079
1078
1077
1076
1076
1075
1074
1074
1073
1073
1072
1070
1069
1067
1066
1066
1066
1065
1063
1062
1062
1061
1058
1057
1057
1056
1055
1053
1051
1051
1049
1049
1047
1047
1045
1044
1043
1043
1042
1042
1041
1040
1038
1038
1036
1035
1035
1033
1033
1032
1032
1032
1030
1029
1027
1027
1025
1025
1024
1024
1024
1022
1022
1018
1017
1016
1015
1013
1012
1011
1010
1010
1010
1010
1009
1008
1006
1005
1005
1002
1001
1001
1000
999
998
998
997
996
995
992
991
990
990
990
989
989
989
988
988
988
984
982
981
980
974
974
973
970
970
969
968
968
968
967
966
965
965
964
964
963
963
962
962
961
959
958
958
958
956
955
954
954
954
953
951
948
945
944
943
943
941
941
940
939
939
938
938
937
935
934
933
933
932
931
930
930
928
928
927
925
924
922
921
920
920
919
919
918
917
916
914
913
912
910
910
910
910
909
907
907
906
906
906
906
901
900
899
897
897
894
891
890
890
888
887
887
886
882
878
878
875
874
872
871
870
869
869
867
866
866
865
865
865
865
864
863
863
861
860
860
859
858
857
854
853
852
852
852
851
851
851
851
850
848
848
848
847
845
844
842
840
839
839
839
838
838
837
836
835
835
834
834
832
832
832
830
828
828
825
824
823
823
822
821
820
820
819
819
818
816
815
814
812
811
811
811
811
810
810
808
808
807
807
805
804
804
802
801
799
798
798
793
793
792
791
791
790
790
788
787
786
780
779
779
777
773
773
771
771
770
770
770
770
769
769
768
767
764
764
762
762
762
762
762
761
761
759
758
757
756
754
752
752
752
750
749
747
746
743
742
742
740
735
734
734
732
730
729
729
728
728
727
727
725
725
725
724
724
723
721
720
720
718
718
718
718
715
714
714
714
713
713
713
712
712
711
710
710
707
707
705
704
699
698
697
696
696
695
694
694
693
692
689
689
688
686
685
685
684
684
682
681
680
678
678
675
675
674
673
673
673
672
672
671
671
669
668
667
666
663
663
662
662
662
661
658
657
657
657
657
653
651
650
648
648
647
646
640
640
640
640
636
636
636
632
632
631
631
628
627
627
627
625
623
622
622
621
620
619
619
619
617
614
614
610
610
608
608
607
606
606
604
603
603
603
601
598
597
597
593
593
592
590
590
589
589
588
587
587
585
584
584
584
584
583
582
582
581
581
581
580
580
579
579
578
578
576
576
573
573
573
572
572
572
571
567
566
566
565
562
562
561
561
559
557
557
557
556
555
552
550
549
549
549
548
546
544
544
543
543
542
541
541
540
539
538
536
536
535
533
532
532
532
532
527
526
525
525
524
523
521
520
520
517
517
517
516
516
513
513
512
512
511
510
510
509
508
507
507
506
506
505
503
500
499
497
495
494
494
494
493
492
492
492
490
489
489
488
488
487
486
484
481
480
480
479
479
479
479
479
477
477
475
474
474
472
472
472
471
470
469
469
468
468
467
467
465
465
465
463
461
459
459
457
457
457
455
455
454
454
453
450
449
447
446
444
443
443
442
441
441
440
440
439
439
439
436
436
436
436
436
435
434
434
433
433
431
430
430
429
429
426
425
423
415
414
413
412
411
410
406
405
404
404
402
401
400
399
399
395
393
392
389
389
387
387
387
386
383
381
379
375
375
373
371
371
369
366
363
362
361
361
361
360
357
355
355
354
352
349
347
346
346
344
343
343
342
341
340
338
338
337
336
336
335
334
334
333
333
333
332
331
331
330
330
330
329
329
327
327
325
324
324
323
323
322
322
321
321
320
320
320
319
318
317
317
316
315
314
312
311
308
307
305
305
305
303
301
299
298
295
294
294
293
291
289
287
286
286
286
285
285
283
282
282
281
281
276
276
275
275
275
274
274
273
272
271
268
267
265
262
261
260
259
259
257
257
256
255
255
255
255
253
251
249
249
248
248
247
247
244
239
237
237
234
232
231
231
229
228
223
221
220
219
219
218
218
217
216
215
215
215
214
212
211
211
211
210
209
209
209
209
208
207
206
206
206
204
202
200
199
198
196
196
196
195
194
192
192
191
189
188
188
187
186
185
183
182
182
182
180
179
178
178
178
178
177
177
176
174
173
173
173
171
169
169
168
168
166
166
166
165
165
165
162
161
161
161
161
160
159
158
158
158
157
155
154
153
151
151
151
151
151
149
149
148
147
147
146
144
144
144
144
143
140
137
137
137
133
133
132
132
132
131
129
128
127
126
126
126
124
124
123
122
122
118
117
115
115
114
112
111
111
110
110
110
110
110
109
107
106
106
106
101
101
101
99
98
98
97
97
96
94
93
92
92
91
87
87
87
86
86
85
85
85
84
84
84
83
83
82
78
77
74
74
73
73
72
71
69
69
69
66
64
64
60
59
59
58
56
56
55
55
54
54
53
51
51
50
49
47
44
42
42
40
40
40
38
37
35
34
34
32
28
27
26
25
24
23
23
22
22
22
20
19
14
14
13
12
12
11
10
9
8
7
7
6
5
5
4
3
0
