9998
9996
9995
9995
9995
9992
9992
9992
9988
9984
9983
9981
9978
9977
9976
9976
9976
9975
9975
9975
9975
9974
9973
9973
9973
9972
9970
9968
9968
9964
9958
9958
9958
9958
9958
9958
9958
9956
9955
9955
9954
9954
9954
9953
9951
9950
9950
9949
9948
9948
9946
9945
9944
9943
9939
9938
9934
9934
9933
9932
9930
9930
9930
9930
9930
9930
9928
9928
9927
9927
9926
9926
9925
9925
9925
9925
9924
9924
9923
9920
9919
9919
9918
9917
9915
9914
9913
9910
9909
9909
9908
9906
9905
9905
9905
9904
9903
9902
9902
9898
9898
9898
9897
9896
9895
9894
9893
9893
9891
9889
9887
9887
9885
9885
9883
9883
9883
9881
9879
9878
9877
9876
9875
9874
9874
9874
9873
9872
9868
9868
9867
9866
9865
9863
9863
9863
9862
9860
9860
9859
9857
9855
9855
9854
9852
9847
9846
9844
9841
9841
9840
9838
9836
9835
9835
9835
9834
9834
9828
9827
9827
9825
9825
9825
9824
9822
9822
9821
9821
9820
9820
9820
9820
9819
9819
9819
9818
9817
9815
9814
9812
9812
9811
9810
9809
9809
9809
9809
9808
9807
9807
9807
9805
9804
9803
9800
9800
9800
9799
9799
9799
9798
9796
9795
9795
9794
9794
9793
9793
9793
9793
9792
9791
9790
9786
9785
9785
9782
9780
9780
9777
9777
9777
9776
9775
9774
9772
9771
9771
9771
9770
9769
9769
9768
9768
9768
9768
9764
9762
9761
9759
9759
9758
9758
9757
9756
9753
9750
9749
9747
9745
9745
9745
9745
9744
9744
9743
9742
9742
9741
9737
9736
9735
9730
9730
9728
9727
9727
9725
9725
9724
9723
9722
9722
9721
9721
9720
9720
9719
9719
9716
9715
9715
9714
9712
9710
9710
9707
9707
9707
9705
9702
9701
9699
9697
9696
9696
9695
9695
9694
9693
9693
9692
9692
9691
9691
9689
9689
9685
9685
9685
9684
9684
9683
9681
9681
9681
9679
9676
9675
9675
9674
9673
9673
9671
9671
9669
9668
9667
9665
9665
9665
9664
9663
9660
9659
9658
9657
9657
9656
9655
9655
9653
9651
9651
9651
9650
9648
9648
9647
9647
9645
9645
9644
9642
9641
9641
9641
9641
9640
9638
9632
9631
9630
9630
9628
9628
9626
9625
9623
9622
9622
9621
9621
9620
9619
9617
9617
9615
9614
9614
9614
9613
9610
9606
9604
9603
9602
9602
9601
9601
9600
9600
9599
9599
9597
9597
9596
9596
9595
9594
9594
9593
9593
9592
9591
9591
9590
9590
9589
9587
9586
9586
9584
9583
9581
9580
9576
9576
9574
9573
9572
9569
9569
9568
9567
9567
9565
9565
9563
9561
9559
9559
9559
9557
9557
9556
9556
9555
9554
9554
9553
9552
9551
9551
9549
9548
9545
9545
9543
9542
9541
9539
9539
9537
9534
9532
9531
9529
9529
9528
9528
9527
9525
9522
9522
9520
9516
9515
9515
9514
9512
9512
9511
9511
9507
9505
9503
9502
9501
9501
9499
9497
9496
9496
9494
9493
9490
9488
9488
9487
9486
9485
9485
9484
9484
9483
9483
9483
9482
9480
9480
9479
9479
9478
9476
9475
9474
9471
9467
9467
9467
9465
9463
9463
9462
9461
9459
9459
9459
9458
9458
9458
9458
9458
9457
9457
9456
9453
9452
9452
9451
9451
9451
9451
9450
9449
9447
9447
9446
9445
9444
9442
9442
9440
9440
9440
9439
9439
9438
9436
9436
9435
9433
9433
9433
9433
9431
9431
9430
9430
9429
9428
9427
9426
9423
9421
9420
9420
9420
9419
9419
9419
9417
9417
9416
9415
9415
9414
9413
9413
9411
9409
9408
9407
9407
9405
9405
9404
9402
9401
9400
9400
9398
9397
9397
9396
9394
9394
9393
9393
9393
9393
9391
9391
9387
9387
9385
9384
9382
9379
9379
9376
9375
9375
9375
9374
9374
9370
9370
9369
9367
9367
9365
9364
9363
9363
9362
9361
9361
9360
9360
9359
9358
9358
9358
9357
9356
9356
9356
9354
9346
9345
9345
9344
9344
9342
9342
9338
9337
9337
9337
9334
9334
9334
9333
9332
9331
9330
9330
9330
9329
9328
9327
9327
9327
9326
9326
9325
9325
9323
9321
9320
9319
9319
9316
9312
9310
9309
9309
9308
9308
9308
9308
9306
9303
9302
9302
9301
9300
9300
9299
9298
9297
9297
9295
9294
9293
9293
9293
9292
9291
9291
9291
9290
9289
9286
9285
9285
9284
9283
9282
9281
9279
9279
9276
9276
9275
9275
9275
9274
9273
9273
9270
9270
9269
9268
9268
9268
9267
9267
9267
9266
9266
9264
9262
9261
9261
9261
9260
9260
9259
9257
9256
9256
9255
9255
9255
9252
9252
9250
9250
9249
9249
9249
9248
9246
9246
9245
9244
9243
9242
9241
9241
9239
9236
9234
9233
9232
9228
9227
9227
9226
9220
9220
9218
9218
9215
9213
9213
9213
9212
9208
9207
9204
9204
9203
9202
9202
9202
9201
9201
9200
9199
9199
9198
9197
9196
9195
9194
9193
9190
9189
9189
9188
9184
9182
9182
9179
9178
9178
9176
9175
9174
9174
9173
9172
9172
9172
9171
9170
9169
9168
9167
9167
9165
9165
9163
9163
9161
9159
9157
9157
9156
9153
9153
9152
9151
9150
9150
9150
9147
9147
9147
9146
9146
9146
9145
9143
9141
9141
9141
9141
9140
9140
9139
9139
9138
9138
9135
9135
9134
9134
9132
9131
9131
9130
9130
9129
9127
9126
9125
9123
9123
9122
9121
9121
9120
9118
9117
9117
9116
9114
9114
9114
9113
9113
9112
9111
9111
9111
9110
9108
9107
9107
9107
9104
9102
9101
9101
9100
9100
9100
9100
9099
9098
9098
9096
9096
9095
9095
9094
9091
9088
9085
9085
9083
9082
9082
9081
9080
9079
9079
9079
9078
9077
9077
9075
9074
9073
9072
9071
9070
9070
9069
9069
9068
9068
9061
9061
9061
9058
9058
9058
9055
9054
9051
9051
9050
9048
9047
9046
9046
9046
9045
9044
9044
9040
9038
9038
9035
9035
9029
9028
9027
9026
9026
9025
9022
9022
9021
9021
9018
9018
9016
9016
9016
9014
9011
9008
9005
9004
9003
9003
9003
9001
9000
9000
8998
8995
8995
8994
8990
8990
8989
8989
8989
8988
8987
8987
8986
8986
8985
8984
8983
8982
8981
8979
8979
8979
8978
8978
8977
8976
8974
8972
8972
8971
8971
8970
8970
8968
8967
8967
8966
8961
8960
8959
8958
8957
8957
8956
8955
8954
8954
8953
8953
8953
8952
8952
8951
8951
8951
8948
8947
8946
8943
8943
8943
8942
8941
8940
8939
8939
8938
8935
8933
8931
8930
8928
8928
8927
8926
8923
8922
8918
8918
8918
8917
8917
8916
8914
8911
8910
8907
8906
8905
8904
8903
8903
8900
8897
8897
8895
8893
8893
8892
8891
8891
8890
8889
8888
8888
8886
8886
8885
8884
8884
8882
8882
8882
8881
8880
8880
8879
8879
8879
8878
8878
8877
8875
8875
8873
8868
8867
8866
8866
8865
8865
8865
8863
8862
8862
8862
8859
8858
8857
8857
8856
8856
8854
8851
8851
8850
8850
8850
8849
8849
8848
8847
8847
8844
8844
8842
8842
8839
8839
8838
8834
8834
8834
8832
8832
8832
8831
8830
8830
8826
8826
8825
8825
8824
8823
8822
8821
8821
8820
8819
8817
8817
8814
8814
8814
8813
8812
8812
8811
8811
8810
8809
8808
8808
8804
8802
8802
8802
8801
8801
8798
8798
8798
8794
8794
8793
8791
8791
8789
8789
8788
8787
8786
8786
8785
8784
8784
8783
8780
8780
8780
8779
8779
8778
8777
8777
8777
8777
8775
8775
8775
8775
8773
8773
8773
8770
8770
8770
8769
8768
8768
8766
8765
8764
8763
8761
8761
8761
8760
8759
8759
8754
8753
8752
8749
8745
8741
8741
8740
8740
8738
8737
8736
8736
8736
8736
8733
8732
8732
8731
8731
8731
8729
8728
8727
8727
8726
8726
8725
8723
8722
8721
8721
8721
8720
8719
8717
8717
8716
8715
8715
8714
8714
8713
8713
8713
8710
8710
8710
8709
8708
8708
8708
8707
8707
8707
8706
8704
8704
8703
8702
8701
8700
8699
8699
8698
8697
8696
8696
8696
8695
8693
8692
8691
8690
8688
8688
8688
8687
8686
8685
8684
8683
8680
8676
8674
8674
8673
8673
8669
8669
8668
8667
8666
8666
8665
8665
8664
8662
8661
8660
8659
8658
8658
8658
8657
8656
8656
8655
8655
8653
8652
8650
8649
8649
8648
8647
8646
8645
8645
8644
8644
8643
8642
8641
8639
8639
8639
8638
8638
8638
8636
8635
8634
8634
8634
8633
8633
8630
8626
8626
8625
8623
8622
8621
8621
8620
8619
8619
8618
8617
8617
8617
8616
8616
8616
8615
8614
8612
8610
8610
8609
8607
8606
8605
8604
8600
8600
8598
8597
8596
8596
8595
8593
8591
8591
8591
8590
8590
8587
8587
8586
8585
8585
8584
8583
8581
8581
8579
8578
8577
8576
8576
8576
8575
8574
8573
8572
8570
8570
8569
8568
8564
8564
8562
8558
8558
8558
8558
8555
8552
8551
8551
8550
8549
8547
8546
8545
8545
8542
8541
8540
8540
8538
8538
8535
8535
8532
8532
8531
8530
8528
8527
8526
8526
8526
8525
8524
8524
8524
8522
8522
8522
8522
8522
8519
8519
8518
8517
8515
8514
8513
8513
8513
8512
8511
8511
8510
8510
8508
8508
8507
8506
8505
8504
8503
8500
8498
8494
8494
8493
8491
8491
8489
8489
8488
8488
8486
8486
8485
8482
8482
8479
8477
8475
8475
8475
8474
8472
8472
8470
8468
8467
8467
8466
8465
8465
8463
8462
8462
8462
8461
8460
8460
8458
8458
8457
8455
8455
8455
8454
8454
8453
8452
8451
8450
8447
8446
8444
8444
8442
8440
8439
8439
8438
8438
8436
8436
8434
8433
8432
8431
8431
8430
8427
8427
8426
8426
8424
8423
8422
8421
8420
8419
8413
8412
8408
8401
8400
8400
8400
8399
8397
8392
8390
8390
8388
8388
8387
8387
8383
8381
8381
8381
8373
8373
8372
8371
8369
8368
8368
8368
8367
8367
8366
8365
8365
8364
8364
8361
8360
8360
8359
8358
8356
8356
8356
8355
8354
8352
8351
8351
8350
8350
8349
8348
8347
8346
8345
8344
8344
8344
8343
8342
8338
8338
8337
8336
8336
8336
8335
8334
8332
8330
8329
8328
8328
8327
8325
8325
8324
8324
8323
8323
8323
8322
8322
8321
8320
8320
8318
8317
8317
8316
8316
8315
8315
8313
8312
8312
8309
8309
8308
8307
8304
8304
8303
8300
8297
8296
8295
8295
8293
8293
8292
8291
8290
8290
8290
8288
8287
8286
8285
8285
8279
8277
8277
8276
8275
8274
8274
8273
8272
8272
8272
8271
8270
8270
8269
8269
8267
8264
8264
8263
8260
8259
8258
8258
8257
8256
8256
8255
8255
8254
8254
8253
8251
8249
8246
8246
8245
8242
8241
8240
8240
8239
8238
8237
8234
8234
8233
8233
8231
8231
8230
8229
8228
8228
8227
8227
8225
8225
8224
8223
8223
8223
8223
8222
8220
8219
8216
8215
8213
8211
8211
8210
8210
8209
8208
8208
8207
8206
8205
8204
8203
8201
8201
8199
8199
8198
8197
8194
8194
8194
8193
8190
8189
8186
8185
8183
8183
8182
8182
8181
8181
8180
8179
8178
8177
8177
8176
8175
8174
8174
8172
8172
8170
8168
8167
8166
8166
8162
8161
8160
8160
8156
8155
8155
8154
8153
8153
8152
8151
8149
8148
8147
8147
8145
8145
8144
8144
8143
8141
8140
8140
8140
8139
8139
8139
8136
8135
8135
8133
8133
8132
8131
8131
8131
8130
8129
8127
8127
8124
8124
8122
8121
8121
8121
8120
8118
8116
8116
8116
8114
8110
8107
8105
8104
8103
8102
8102
8102
8101
8101
8100
8099
8098
8096
8096
8096
8096
8095
8095
8093
8093
8093
8091
8091
8090
8089
8087
8086
8086
8083
8082
8081
8080
8080
8078
8077
8077
8075
8074
8074
8073
8073
8072
8070
8069
8068
8068
8067
8067
8066
8062
8061
8060
8060
8059
8057
8056
8054
8054
8053
8053
8051
8051
8050
8049
8045
8044
8044
8043
8042
8041
8041
8038
8037
8037
8036
8035
8035
8034
8034
8034
8033
8032
8031
8030
8028
8027
8027
8025
8025
8024
8023
8022
8019
8019
8016
8016
8015
8015
8014
8014
8013
8013
8013
8011
8009
8009
8007
8007
8007
8005
8004
8000
8000
7999
7999
7996
7993
7992
7991
7988
7988
7986
7983
7982
7982
7981
7980
7979
7979
7978
7976
7975
7975
7974
7974
7973
7971
7971
7970
7968
7967
7967
7966
7965
7964
7962
7958
7958
7957
7956
7956
7956
7955
7954
7952
7952
7952
7951
7951
7949
7948
7947
7947
7946
7946
7945
7945
7944
7943
7942
7942
7941
7939
7939
7939
7938
7938
7937
7936
7936
7936
7931
7930
7929
7929
7928
7927
7925
7924
7923
7921
7917
7916
7916
7915
7915
7910
7910
7909
7908
7907
7907
7907
7903
7903
7901
7901
7900
7898
7897
7897
7896
7896
7894
7894
7894
7891
7890
7889
7889
7889
7886
7886
7886
7886
7885
7885
7885
7883
7882
7882
7882
7882
7882
7880
7879
7876
7876
7874
7873
7873
7871
7871
7871
7871
7870
7869
7868
7868
7868
7866
7866
7866
7864
7863
7863
7862
7862
7861
7859
7858
7858
7857
7857
7857
7856
7855
7855
7852
7851
7851
7849
7849
7849
7847
7847
7845
7845
7843
7842
7842
7842
7841
7841
7840
7840
7840
7839
7839
7838
7838
7835
7835
7834
7832
7831
7829
7828
7827
7826
7826
7825
7824
7822
7820
7818
7818
7818
7817
7817
7816
7816
7815
7813
7812
7812
7808
7808
7806
7805
7805
7803
7803
7803
7803
7802
7802
7801
7801
7800
7798
7797
7796
7795
7795
7794
7794
7794
7792
7791
7790
7790
7789
7787
7787
7786
7786
7786
7785
7785
7782
7782
7782
7781
7781
7780
7780
7780
7780
7779
7779
7778
7777
7776
7776
7776
7774
7773
7773
7773
7772
7772
7771
7771
7771
7770
7769
7769
7766
7766
7762
7761
7761
7761
7760
7758
7757
7754
7753
7753
7753
7752
7748
7748
7748
7747
7747
7745
7745
7745
7745
7737
7735
7734
7734
7734
7733
7733
7733
7733
7732
7731
7730
7730
7730
7730
7729
7727
7727
7727
7726
7726
7725
7724
7723
7723
7722
7722
7722
7721
7720
7719
7717
7716
7716
7716
7715
7714
7714
7712
7712
7712
7712
7711
7710
7710
7710
7709
7707
7707
7705
7704
7703
7702
7701
7695
7693
7692
7692
7690
7689
7689
7689
7684
7684
7684
7682
7682
7681
7676
7676
7676
7675
7675
7675
7674
7673
7672
7672
7671
7670
7669
7669
7669
7668
7668
7666
7666
7663
7663
7662
7662
7662
7659
7659
7657
7656
7655
7654
7654
7654
7654
7652
7652
7651
7651
7650
7645
7644
7644
7644
7642
7641
7641
7641
7640
7640
7640
7637
7637
7636
7635
7635
7634
7633
7633
7631
7631
7630
7629
7628
7628
7627
7626
7625
7624
7624
7623
7623
7622
7622
7621
7620
7619
7619
7618
7618
7617
7615
7615
7614
7613
7613
7612
7611
7611
7609
7608
7607
7607
7606
7606
7604
7602
7599
7597
7597
7596
7596
7595
7595
7595
7594
7594
7594
7593
7592
7592
7591
7591
7588
7587
7586
7585
7585
7584
7583
7583
7583
7581
7579
7578
7576
7576
7575
7574
7573
7570
7569
7569
7568
7568
7565
7564
7564
7562
7562
7562
7562
7562
7561
7559
7558
7558
7556
7556
7555
7554
7553
7548
7548
7546
7546
7544
7543
7540
7539
7539
7538
7537
7536
7536
7535
7534
7534
7533
7533
7531
7530
7530
7528
7528
7528
7528
7526
7525
7524
7523
7523
7522
7522
7522
7521
7521
7520
7520
7518
7517
7517
7516
7516
7515
7511
7509
7508
7507
7506
7506
7506
7505
7505
7505
7501
7499
7495
7495
7494
7493
7491
7489
7488
7487
7485
7483
7479
7476
7476
7475
7472
7472
7471
7468
7468
7468
7467
7466
7465
7462
7461
7461
7461
7460
7458
7457
7457
7456
7455
7455
7455
7454
7454
7454
7453
7453
7452
7451
7451
7451
7449
7449
7448
7447
7446
7445
7444
7442
7442
7440
7437
7435
7434
7434
7433
7433
7433
7432
7432
7429
7429
7428
7426
7425
7424
7424
7424
7423
7421
7420
7420
7419
7419
7417
7415
7415
7415
7414
7414
7413
7412
7412
7412
7412
7412
7410
7408
7408
7407
7406
7405
7405
7404
7403
7403
7402
7400
7399
7399
7398
7395
7393
7393
7392
7391
7390
7389
7388
7388
7387
7386
7384
7384
7383
7383
7383
7382
7381
7380
7379
7378
7377
7377
7376
7376
7374
7372
7371
7371
7370
7370
7368
7368
7367
7366
7361
7361
7360
7360
7359
7359
7358
7356
7356
7356
7356
7355
7354
7354
7354
7353
7352
7351
7351
7350
7349
7346
7344
7342
7339
7338
7338
7335
7332
7332
7330
7328
7328
7328
7327
7327
7326
7326
7326
7323
7323
7321
7321
7319
7319
7317
7317
7313
7311
7311
7310
7308
7307
7305
7304
7301
7301
7300
7300
7299
7299
7298
7296
7296
7296
7295
7295
7293
7292
7291
7291
7290
7289
7288
7287
7287
7286
7284
7282
7281
7279
7279
7277
7275
7274
7273
7268
7268
7265
7265
7265
7263
7261
7261
7260
7259
7258
7257
7257
7257
7257
7256
7256
7255
7254
7253
7252
7252
7251
7250
7250
7249
7249
7247
7245
7245
7245
7243
7242
7241
7240
7240
7240
7239
7238
7238
7238
7235
7231
7231
7230
7229
7229
7229
7228
7228
7228
7227
7227
7225
7224
7224
7224
7224
7220
7218
7218
7218
7217
7216
7216
7215
7215
7215
7215
7214
7213
7210
7210
7209
7208
7208
7207
7206
7206
7204
7204
7203
7202
7202
7201
7201
7201
7200
7200
7199
7198
7198
7198
7197
7196
7195
7195
7194
7194
7191
7190
7190
7188
7187
7187
7187
7187
7185
7185
7182
7180
7180
7178
7177
7177
7175
7175
7174
7174
7173
7173
7172
7172
7171
7169
7169
7169
7166
7162
7162
7162
7161
7161
7160
7158
7158
7158
7158
7156
7155
7154
7154
7154
7153
7152
7152
7152
7148
7148
7148
7147
7147
7147
7143
7141
7141
7140
7140
7139
7138
7138
7137
7135
7134
7134
7134
7130
7129
7129
7127
7126
7124
7124
7124
7124
7122
7122
7122
7121
7121
7118
7118
7115
7115
7111
7110
7108
7107
7105
7104
7102
7101
7101
7100
7100
7099
7097
7097
7096
7095
7095
7094
7093
7091
7089
7089
7088
7087
7087
7086
7084
7081
7079
7079
7079
7078
7076
7076
7075
7073
7072
7072
7071
7070
7069
7069
7068
7068
7066
7066
7066
7065
7065
7065
7064
7062
7062
7061
7061
7060
7060
7059
7059
7059
7058
7057
7057
7057
7056
7055
7055
7055
7054
7051
7050
7048
7046
7045
7045
7043
7042
7042
7042
7041
7040
7039
7037
7037
7037
7034
7034
7034
7033
7032
7032
7028
7027
7025
7025
7025
7023
7023
7022
7020
7020
7019
7019
7018
7018
7017
7017
7016
7016
7013
7013
7011
7010
7008
7008
7007
7007
7007
7006
7005
7003
7000
6998
6997
6996
6995
6993
6991
6990
6989
6988
6988
6988
6987
6985
6984
6983
6982
6982
6981
6979
6979
6979
6979
6978
6976
6972
6972
6971
6968
6968
6968
6966
6965
6965
6965
6963
6960
6960
6960
6960
6959
6959
6958
6958
6957
6957
6956
6956
6956
6955
6953
6953
6953
6953
6951
6951
6950
6950
6949
6947
6946
6945
6945
6943
6942
6941
6940
6938
6938
6937
6937
6937
6937
6936
6934
6933
6933
6933
6932
6931
6931
6930
6927
6927
6926
6925
6924
6922
6922
6922
6921
6921
6921
6919
6919
6918
6918
6918
6917
6915
6915
6913
6911
6911
6910
6909
6905
6902
6899
6898
6897
6897
6895
6893
6892
6892
6891
6891
6890
6889
6887
6887
6886
6886
6886
6884
6884
6884
6883
6883
6882
6881
6877
6877
6877
6873
6873
6870
6870
6869
6868
6867
6867
6865
6865
6865
6863
6861
6861
6859
6859
6857
6856
6856
6854
6851
6851
6851
6850
6849
6848
6848
6846
6843
6843
6841
6841
6840
6840
6839
6839
6838
6838
6835
6833
6832
6832
6831
6831
6831
6829
6829
6828
6826
6826
6826
6825
6825
6822
6820
6817
6815
6814
6813
6810
6809
6807
6806
6806
6805
6804
6803
6801
6800
6800
6800
6800
6799
6798
6798
6797
6794
6793
6792
6790
6790
6789
6786
6786
6785
6784
6783
6780
6779
6778
6777
6776
6775
6771
6769
6768
6768
6768
6767
6765
6763
6761
6759
6759
6759
6757
6756
6756
6754
6753
6751
6750
6749
6747
6745
6743
6741
6740
6740
6739
6739
6738
6736
6736
6735
6732
6732
6731
6730
6729
6727
6725
6723
6723
6722
6718
6718
6713
6711
6710
6709
6709
6708
6708
6708
6707
6707
6706
6705
6704
6703
6703
6701
6699
6695
6693
6693
6692
6689
6689
6686
6685
6683
6683
6683
6682
6681
6677
6675
6674
6674
6674
6673
6673
6672
6671
6671
6670
6669
6669
6668
6668
6667
6667
6667
6665
6664
6662
6662
6659
6658
6656
6656
6654
6653
6653
6652
6649
6649
6648
6648
6645
6645
6644
6642
6638
6637
6637
6636
6636
6633
6631
6630
6629
6629
6628
6627
6627
6626
6625
6624
6624
6624
6624
6623
6621
6620
6620
6619
6617
6617
6616
6616
6615
6612
6611
6611
6609
6608
6608
6608
6607
6607
6607
6607
6607
6606
6606
6605
6603
6603
6602
6594
6594
6593
6593
6593
6592
6591
6591
6589
6589
6588
6588
6588
6587
6586
6585
6585
6583
6583
6583
6583
6582
6581
6579
6579
6578
6578
6578
6578
6577
6577
6577
6575
6575
6574
6573
6573
6573
6572
6572
6572
6570
6569
6569
6569
6565
6565
6564
6563
6559
6558
6554
6552
6552
6549
6547
6546
6546
6545
6543
6542
6541
6541
6540
6539
6538
6536
6536
6535
6533
6531
6531
6529
6528
6528
6527
6527
6525
6524
6523
6523
6522
6522
6519
6519
6517
6517
6516
6515
6514
6514
6514
6512
6511
6511
6510
6509
6509
6508
6507
6506
6505
6504
6503
6503
6502
6500
6500
6500
6496
6494
6494
6490
6489
6488
6488
6487
6484
6484
6484
6483
6483
6482
6482
6482
6481
6480
6479
6478
6478
6477
6475
6475
6475
6473
6473
6471
6469
6469
6468
6468
6467
6467
6466
6465
6465
6465
6460
6460
6457
6457
6457
6455
6454
6449
6448
6446
6444
6443
6442
6439
6437
6435
6435
6434
6433
6433
6432
6431
6429
6428
6428
6428
6427
6426
6426
6426
6424
6424
6424
6423
6422
6422
6421
6418
6417
6416
6416
6414
6411
6411
6410
6409
6409
6409
6408
6406
6403
6403
6403
6400
6400
6399
6398
6397
6397
6396
6396
6396
6395
6393
6393
6392
6389
6389
6388
6387
6387
6387
6387
6386
6385
6385
6384
6383
6383
6383
6382
6381
6381
6381
6380
6379
6379
6378
6376
6374
6372
6371
6371
6371
6367
6365
6365
6364
6363
6362
6362
6362
6357
6355
6354
6354
6354
6350
6350
6346
6346
6345
6345
6340
6339
6337
6335
6335
6334
6331
6331
6331
6328
6328
6327
6320
6319
6317
6317
6316
6314
6314
6313
6313
6313
6311
6310
6308
6306
6305
6305
6301
6301
6300
6300
6297
6297
6297
6297
6295
6295
6294
6292
6289
6288
6288
6287
6283
6283
6282
6279
6279
6277
6276
6275
6275
6274
6273
6272
6272
6272
6270
6270
6269
6269
6268
6267
6266
6266
6265
6263
6259
6258
6258
6257
6257
6257
6256
6255
6254
6253
6251
6251
6250
6248
6246
6245
6244
6241
6241
6238
6237
6235
6235
6232
6231
6229
6227
6226
6225
6225
6223
6222
6222
6222
6220
6219
6218
6216
6216
6216
6215
6215
6215
6214
6212
6211
6211
6210
6209
6209
6208
6207
6207
6206
6205
6203
6202
6200
6199
6199
6199
6199
6198
6197
6196
6194
6193
6193
6192
6190
6188
6188
6186
6185
6183
6178
6177
6176
6176
6175
6173
6173
6173
6173
6172
6171
6171
6170
6170
6170
6168
6167
6166
6165
6165
6163
6161
6160
6159
6157
6157
6156
6155
6155
6149
6148
6145
6145
6144
6143
6143
6142
6142
6142
6141
6140
6140
6140
6137
6136
6134
6134
6133
6133
6132
6131
6129
6128
6127
6126
6124
6123
6123
6121
6120
6119
6119
6118
6118
6117
6116
6115
6115
6115
6115
6113
6109
6109
6107
6105
6102
6102
6101
6101
6101
6098
6098
6097
6095
6094
6094
6093
6091
6090
6090
6088
6087
6086
6086
6084
6084
6083
6081
6080
6079
6079
6076
6076
6074
6073
6072
6072
6072
6070
6069
6069
6067
6065
6062
6060
6060
6060
6058
6057
6056
6055
6052
6052
6049
6048
6047
6045
6045
6045
6044
6044
6041
6040
6040
6039
6039
6038
6037
6036
6035
6034
6033
6032
6031
6031
6031
6030
6030
6029
6028
6026
6024
6024
6021
6020
6019
6018
6018
6016
6015
6014
6014
6011
6010
6010
6009
6009
6007
6005
6005
6004
6003
6003
6002
6002
6002
6001
6001
6000
5999
5997
5996
5996
5995
5994
5994
5993
5992
5992
5988
5986
5985
5982
5977
5976
5975
5975
5969
5968
5967
5965
5965
5963
5963
5962
5961
5959
5958
5958
5957
5956
5956
5956
5955
5954
5953
5951
5951
5951
5950
5950
5949
5949
5947
5946
5946
5944
5942
5940
5938
5937
5936
5935
5934
5930
5930
5928
5928
5927
5926
5925
5925
5925
5924
5923
5923
5923
5923
5923
5922
5922
5920
5919
5919
5918
5917
5917
5916
5916
5916
5916
5915
5914
5914
5914
5914
5913
5913
5912
5912
5911
5910
5909
5908
5908
5907
5907
5904
5903
5901
5901
5900
5900
5899
5895
5893
5893
5892
5891
5891
5891
5891
5890
5889
5889
5889
5885
5881
5880
5878
5874
5873
5872
5872
5871
5871
5870
5868
5868
5868
5867
5866
5866
5864
5863
5861
5860
5858
5858
5857
5857
5857
5856
5856
5856
5855
5854
5854
5854
5853
5851
5850
5850
5848
5844
5843
5842
5841
5838
5838
5837
5836
5836
5835
5834
5831
5829
5827
5827
5826
5825
5823
5822
5820
5820
5819
5819
5819
5818
5817
5817
5817
5816
5816
5814
5813
5813
5813
5804
5804
5803
5801
5800
5800
5799
5799
5799
5799
5796
5795
5794
5793
5793
5793
5792
5788
5787
5784
5783
5782
5781
5781
5780
5778
5776
5774
5774
5772
5770
5770
5765
5765
5764
5764
5763
5761
5755
5754
5754
5754
5750
5749
5748
5747
5747
5746
5742
5742
5741
5741
5738
5738
5737
5737
5736
5736
5736
5735
5734
5731
5731
5728
5728
5727
5726
5723
5722
5721
5721
5719
5719
5719
5717
5717
5715
5713
5712
5711
5710
5708
5708
5706
5705
5704
5704
5703
5702
5702
5700
5699
5695
5695
5695
5693
5692
5692
5689
5689
5687
5687
5686
5684
5684
5682
5682
5680
5680
5676
5674
5673
5673
5673
5671
5671
5671
5669
5669
5668
5663
5660
5660
5659
5659
5658
5658
5656
5656
5654
5654
5653
5651
5650
5647
5647
5645
5643
5642
5641
5639
5639
5638
5636
5635
5635
5633
5631
5630
5627
5627
5626
5625
5625
5625
5622
5621
5620
5619
5619
5618
5617
5616
5610
5609
5607
5606
5605
5605
5604
5602
5602
5602
5600
5600
5600
5600
5599
5595
5595
5594
5594
5592
5590
5586
5585
5584
5584
5583
5582
5582
5580
5577
5577
5577
5575
5575
5574
5573
5571
5571
5570
5570
5569
5567
5565
5565
5564
5564
5563
5561
5560
5559
5557
5556
5556
5555
5552
5552
5551
5550
5548
5548
5547
5547
5546
5544
5539
5539
5539
5538
5537
5535
5533
5533
5529
5528
5528
5526
5526
5526
5525
5525
5525
5524
5524
5523
5521
5520
5518
5518
5517
5516
5516
5516
5516
5514
5513
5513
5511
5511
5511
5509
5508
5505
5504
5503
5503
5499
5498
5498
5498
5497
5497
5496
5496
5496
5495
5495
5494
5494
5493
5493
5492
5491
5491
5491
5491
5490
5489
5489
5488
5488
5487
5486
5486
5485
5484
5481
5481
5481
5479
5479
5478
5478
5477
5477
5477
5476
5474
5474
5473
5469
5469
5468
5468
5467
5467
5466
5465
5465
5465
5465
5464
5462
5461
5461
5460
5459
5459
5459
5457
5457
5456
5456
5456
5456
5456
5455
5454
5453
5452
5450
5449
5449
5448
5448
5447
5446
5445
5444
5442
5441
5441
5440
5439
5435
5434
5433
5433
5432
5431
5429
5429
5427
5426
5425
5424
5424
5423
5422
5421
5419
5418
5418
5418
5418
5417
5416
5415
5413
5411
5411
5410
5409
5408
5407
5407
5407
5406
5406
5403
5403
5402
5400
5400
5400
5399
5399
5399
5398
5398
5398
5397
5397
5396
5395
5392
5391
5391
5391
5391
5390
5389
5388
5388
5387
5386
5386
5383
5377
5376
5376
5374
5372
5371
5370
5369
5367
5366
5365
5362
5360
5356
5353
5352
5352
5350
5350
5349
5349
5348
5348
5346
5344
5343
5340
5338
5338
5337
5336
5336
5336
5335
5335
5333
5333
5331
5330
5328
5327
5326
5325
5320
5318
5318
5318
5318
5316
5316
5315
5314
5312
5312
5311
5307
5307
5303
5303
5302
5301
5300
5299
5299
5297
5297
5297
5296
5295
5295
5292
5292
5291
5290
5289
5287
5287
5285
5285
5285
5284
5284
5284
5283
5282
5282
5279
5279
5279
5278
5274
5274
5273
5272
5270
5270
5268
5268
5268
5267
5266
5265
5264
5264
5261
5260
5258
5258
5257
5255
5255
5253
5251
5251
5251
5249
5249
5248
5247
5246
5246
5245
5245
5242
5242
5242
5241
5239
5237
5237
5235
5234
5232
5231
5229
5229
5228
5228
5228
5227
5224
5224
5224
5222
5220
5220
5220
5218
5215
5215
5215
5214
5213
5212
5212
5210
5207
5202
5199
5199
5198
5194
5194
5192
5192
5191
5191
5191
5190
5189
5188
5188
5186
5184
5183
5182
5182
5182
5178
5176
5176
5175
5175
5171
5171
5168
5168
5166
5166
5166
5163
5161
5161
5161
5161
5161
5160
5159
5159
5158
5158
5157
5156
5156
5155
5155
5155
5155
5153
5150
5150
5149
5147
5147
5146
5146
5145
5145
5144
5143
5142
5142
5142
5141
5140
5139
5139
5137
5137
5136
5136
5135
5135
5135
5133
5132
5132
5127
5126
5125
5125
5121
5121
5120
5119
5118
5117
5115
5113
5111
5111
5111
5108
5107
5106
5104
5103
5102
5095
5094
5093
5093
5092
5090
5090
5090
5089
5089
5089
5089
5085
5083
5083
5082
5081
5080
5077
5075
5075
5075
5073
5073
5072
5070
5070
5067
5064
5064
5063
5063
5063
5059
5059
5058
5058
5056
5056
5056
5053
5053
5053
5053
5052
5050
5048
5047
5045
5045
5044
5043
5040
5039
5038
5036
5036
5032
5032
5030
5030
5029
5028
5028
5028
5027
5026
5025
5024
5023
5022
5021
5020
5019
5018
5016
5016
5015
5015
5015
5014
5014
5011
5010
5008
5007
5003
5001
5001
4999
4999
4997
4996
4993
4992
4990
4988
4988
4988
4986
4986
4986
4986
4985
4984
4984
4984
4983
4983
4981
4981
4981
4979
4979
4977
4977
4976
4976
4976
4975
4974
4973
4973
4972
4971
4970
4969
4967
4966
4965
4963
4962
4961
4961
4961
4961
4960
4960
4960
4959
4959
4957
4956
4955
4954
4951
4951
4951
4950
4949
4948
4947
4946
4946
4946
4944
4943
4937
4937
4934
4933
4931
4929
4927
4927
4925
4923
4922
4922
4922
4921
4921
4918
4916
4916
4916
4915
4913
4912
4912
4910
4910
4909
4909
4908
4908
4907
4906
4905
4904
4904
4903
4903
4902
4900
4899
4898
4895
4895
4893
4892
4891
4891
4889
4888
4885
4884
4884
4877
4876
4874
4873
4873
4873
4872
4872
4871
4870
4870
4870
4869
4867
4866
4863
4862
4861
4859
4859
4858
4856
4856
4854
4853
4852
4851
4850
4849
4848
4847
4847
4847
4847
4846
4845
4845
4844
4843
4841
4841
4840
4839
4839
4839
4838
4838
4838
4837
4835
4833
4833
4833
4832
4832
4832
4831
4831
4831
4830
4829
4825
4823
4823
4823
4823
4822
4821
4818
4818
4817
4815
4815
4815
4814
4814
4813
4813
4812
4812
4811
4811
4811
4808
4807
4805
4805
4805
4804
4798
4798
4796
4795
4794
4790
4790
4789
4789
4788
4785
4782
4782
4781
4781
4781
4779
4779
4776
4773
4773
4771
4770
4769
4768
4768
4768
4768
4767
4766
4765
4764
4762
4761
4758
4757
4755
4755
4754
4754
4754
4753
4752
4750
4749
4748
4748
4747
4747
4745
4745
4745
4743
4742
4741
4741
4741
4740
4740
4737
4736
4734
4734
4733
4730
4730
4730
4729
4728
4727
4727
4726
4726
4721
4720
4719
4717
4717
4712
4711
4708
4706
4706
4703
4703
4702
4701
4700
4700
4699
4698
4697
4693
4692
4691
4690
4689
4684
4683
4683
4681
4681
4680
4679
4678
4678
4677
4676
4674
4674
4673
4673
4671
4670
4669
4668
4668
4668
4668
4668
4666
4665
4664
4664
4664
4661
4659
4659
4658
4657
4657
4657
4657
4655
4654
4653
4651
4651
4649
4648
4648
4647
4645
4644
4642
4642
4641
4641
4641
4640
4640
4640
4639
4637
4637
4637
4635
4634
4634
4634
4632
4631
4629
4629
4628
4628
4627
4623
4622
4621
4621
4618
4617
4615
4615
4613
4612
4612
4611
4609
4609
4608
4608
4607
4607
4607
4605
4603
4601
4601
4601
4600
4600
4598
4598
4597
4595
4595
4594
4592
4592
4591
4589
4589
4588
4587
4587
4587
4587
4584
4584
4584
4583
4583
4583
4581
4581
4580
4580
4579
4577
4576
4575
4575
4575
4574
4573
4571
4570
4569
4569
4567
4566
4565
4564
4561
4561
4560
4560
4559
4557
4557
4556
4554
4554
4553
4552
4552
4552
4552
4549
4548
4548
4547
4545
4545
4545
4544
4541
4540
4540
4540
4539
4539
4538
4537
4537
4536
4533
4531
4530
4529
4528
4527
4525
4525
4524
4523
4523
4522
4519
4517
4516
4516
4514
4514
4514
4513
4513
4513
4512
4512
4512
4511
4511
4508
4507
4507
4506
4505
4504
4503
4502
4498
4498
4496
4496
4495
4495
4494
4494
4494
4493
4492
4491
4490
4489
4488
4487
4485
4485
4485
4485
4485
4483
4482
4482
4480
4480
4478
4478
4478
4478
4476
4475
4475
4475
4474
4473
4472
4470
4470
4469
4467
4467
4467
4467
4466
4466
4466
4466
4465
4464
4464
4464
4463
4462
4460
4460
4460
4459
4459
4459
4458
4457
4457
4457
4456
4453
4449
4448
4448
4447
4447
4447
4446
4444
4443
4443
4442
4442
4441
4441
4440
4440
4438
4437
4437
4434
4434
4433
4432
4431
4430
4429
4427
4427
4426
4424
4423
4421
4421
4418
4418
4416
4416
4414
4414
4414
4413
4411
4411
4410
4408
4407
4407
4404
4404
4404
4402
4401
4401
4398
4396
4395
4394
4390
4390
4389
4387
4387
4385
4385
4384
4384
4384
4384
4384
4383
4383
4383
4381
4381
4380
4379
4379
4379
4379
4377
4375
4374
4373
4373
4372
4372
4370
4369
4369
4369
4369
4369
4369
4367
4367
4366
4365
4365
4364
4363
4361
4360
4359
4357
4356
4355
4351
4351
4348
4346
4345
4345
4343
4342
4337
4337
4336
4335
4333
4331
4330
4330
4330
4329
4328
4327
4327
4326
4324
4323
4323
4319
4319
4319
4318
4317
4316
4313
4311
4311
4311
4310
4309
4309
4300
4300
4299
4297
4297
4296
4295
4294
4292
4291
4291
4290
4290
4287
4286
4286
4285
4285
4285
4284
4282
4279
4278
4275
4273
4272
4271
4270
4267
4265
4265
4264
4264
4264
4264
4263
4263
4261
4261
4260
4257
4255
4255
4254
4254
4251
4250
4250
4249
4249
4247
4246
4245
4244
4242
4241
4240
4239
4238
4237
4237
4234
4234
4233
4233
4232
4230
4229
4228
4228
4226
4226
4225
4225
4224
4221
4219
4218
4217
4214
4213
4213
4212
4212
4212
4209
4208
4207
4207
4205
4205
4204
4204
4204
4202
4201
4198
4196
4195
4193
4192
4188
4186
4185
4185
4185
4183
4182
4181
4180
4180
4179
4179
4178
4178
4177
4177
4177
4172
4171
4171
4170
4169
4166
4166
4165
4165
4162
4160
4160
4159
4159
4157
4154
4153
4153
4152
4150
4150
4150
4148
4148
4148
4146
4146
4146
4146
4145
4144
4144
4144
4142
4141
4139
4139
4138
4135
4126
4125
4124
4124
4124
4122
4119
4118
4117
4116
4115
4113
4110
4107
4107
4106
4105
4104
4103
4102
4102
4102
4097
4095
4093
4092
4092
4091
4090
4089
4087
4087
4087
4086
4086
4086
4085
4083
4083
4082
4079
4077
4077
4077
4076
4076
4075
4073
4072
4071
4071
4068
4068
4068
4067
4064
4064
4061
4059
4058
4055
4055
4055
4054
4052
4051
4050
4045
4045
4045
4044
4043
4041
4041
4040
4040
4039
4039
4039
4038
4037
4036
4035
4034
4033
4033
4032
4032
4032
4031
4030
4026
4026
4026
4026
4025
4025
4023
4022
4022
4022
4020
4019
4019
4019
4017
4016
4016
4015
4012
4012
4011
4011
4010
4009
4009
4008
4004
4003
4002
4002
4001
4000
4000
4000
3997
3996
3995
3995
3995
3992
3990
3990
3990
3989
3988
3987
3987
3986
3986
3986
3985
3985
3984
3981
3980
3980
3979
3978
3978
3978
3976
3976
3976
3975
3974
3973
3973
3972
3970
3968
3968
3968
3966
3964
3963
3960
3960
3959
3958
3957
3956
3955
3953
3953
3952
3951
3950
3949
3948
3947
3943
3941
3940
3939
3938
3937
3934
3934
3933
3933
3932
3932
3932
3931
3931
3930
3929
3928
3925
3924
3924
3924
3923
3923
3922
3920
3919
3919
3915
3915
3914
3914
3913
3913
3912
3912
3912
3911
3911
3909
3908
3907
3903
3902
3901
3901
3900
3899
3899
3895
3894
3892
3891
3889
3888
3888
3887
3886
3884
3883
3883
3883
3881
3880
3880
3879
3879
3877
3877
3876
3875
3875
3874
3873
3872
3871
3869
3869
3868
3866
3866
3863
3862
3860
3859
3859
3858
3856
3855
3854
3852
3850
3848
3845
3844
3843
3840
3837
3836
3836
3836
3835
3835
3834
3831
3830
3830
3829
3826
3826
3825
3825
3824
3824
3823
3823
3823
3823
3822
3820
3819
3818
3818
3818
3817
3816
3816
3815
3815
3815
3811
3810
3810
3809
3808
3808
3808
3806
3805
3805
3804
3802
3799
3798
3797
3796
3796
3794
3793
3792
3792
3792
3791
3790
3790
3789
3788
3787
3786
3786
3786
3782
3778
3777
3777
3776
3775
3775
3772
3772
3772
3770
3770
3770
3769
3769
3768
3767
3767
3765
3765
3764
3764
3764
3762
3759
3759
3757
3757
3756
3756
3755
3755
3755
3755
3754
3754
3753
3750
3750
3750
3748
3747
3746
3746
3745
3745
3740
3740
3739
3738
3737
3735
3735
3734
3734
3734
3731
3731
3731
3730
3728
3728
3726
3726
3725
3725
3725
3724
3724
3724
3723
3723
3722
3722
3722
3721
3720
3720
3720
3719
3719
3718
3718
3715
3714
3714
3714
3714
3713
3712
3710
3709
3707
3707
3705
3702
3700
3700
3698
3698
3697
3697
3696
3694
3694
3694
3694
3685
3685
3683
3680
3680
3677
3675
3675
3672
3671
3671
3671
3668
3667
3665
3665
3664
3664
3663
3663
3662
3662
3659
3658
3657
3657
3657
3657
3657
3655
3655
3652
3651
3644
3644
3642
3642
3641
3641
3640
3640
3639
3639
3637
3636
3636
3634
3633
3629
3628
3628
3627
3625
3623
3623
3621
3621
3620
3619
3618
3618
3617
3617
3617
3617
3617
3614
3612
3610
3609
3609
3607
3606
3605
3604
3603
3602
3602
3602
3602
3599
3599
3598
3597
3597
3596
3595
3593
3592
3592
3592
3589
3589
3589
3588
3588
3586
3585
3584
3583
3581
3580
3578
3578
3577
3577
3577
3577
3575
3574
3574
3574
3572
3572
3570
3570
3570
3565
3565
3564
3563
3561
3560
3559
3558
3555
3554
3554
3552
3549
3548
3548
3545
3544
3542
3541
3540
3539
3537
3537
3537
3532
3532
3531
3531
3530
3530
3528
3527
3524
3524
3524
3524
3523
3522
3521
3520
3519
3518
3517
3516
3516
3515
3515
3513
3511
3509
3507
3507
3507
3506
3503
3500
3499
3498
3496
3495
3494
3492
3490
3490
3490
3490
3489
3488
3488
3487
3486
3486
3486
3486
3485
3485
3484
3484
3484
3483
3483
3481
3480
3478
3478
3477
3475
3473
3473
3471
3470
3470
3470
3469
3469
3469
3468
3467
3465
3465
3464
3463
3463
3462
3460
3460
3455
3454
3452
3448
3447
3446
3445
3445
3444
3439
3439
3436
3435
3434
3432
3432
3431
3430
3430
3430
3429
3429
3428
3428
3428
3428
3427
3427
3423
3423
3422
3421
3420
3418
3415
3414
3414
3413
3412
3411
3411
3411
3409
3408
3407
3406
3405
3404
3404
3404
3404
3403
3402
3402
3399
3395
3395
3394
3393
3393
3392
3391
3391
3390
3389
3388
3384
3382
3381
3381
3379
3379
3378
3378
3378
3377
3377
3377
3376
3376
3375
3373
3371
3369
3368
3366
3366
3366
3366
3365
3363
3362
3362
3361
3361
3359
3359
3358
3356
3351
3350
3348
3347
3346
3344
3344
3344
3343
3340
3340
3340
3339
3338
3338
3338
3336
3335
3335
3335
3334
3333
3332
3326
3325
3324
3321
3319
3319
3318
3318
3318
3317
3317
3317
3314
3314
3313
3313
3313
3312
3312
3311
3311
3310
3310
3308
3308
3306
3306
3304
3304
3303
3303
3302
3302
3301
3300
3300
3299
3296
3294
3294
3294
3293
3293
3292
3291
3290
3290
3287
3286
3286
3286
3284
3283
3283
3283
3281
3280
3280
3279
3279
3276
3276
3274
3272
3272
3269
3268
3268
3268
3267
3266
3266
3265
3264
3264
3262
3262
3262
3259
3259
3259
3259
3259
3258
3258
3257
3255
3255
3255
3255
3255
3255
3255
3254
3254
3251
3250
3250
3248
3248
3247
3246
3244
3241
3240
3239
3238
3237
3236
3235
3233
3232
3230
3228
3227
3226
3225
3225
3223
3222
3222
3221
3220
3218
3218
3218
3217
3217
3216
3214
3212
3211
3209
3208
3208
3206
3206
3205
3205
3205
3203
3200
3200
3200
3198
3198
3197
3196
3195
3192
3192
3192
3191
3191
3188
3187
3186
3185
3185
3182
3181
3181
3181
3180
3177
3176
3172
3171
3171
3171
3170
3169
3168
3167
3167
3166
3165
3165
3164
3163
3163
3163
3162
3162
3161
3161
3160
3160
3160
3159
3158
3158
3157
3157
3157
3155
3155
3154
3154
3154
3153
3153
3150
3150
3149
3149
3148
3148
3148
3148
3143
3143
3142
3141
3138
3138
3138
3138
3133
3128
3128
3127
3127
3126
3126
3125
3123
3122
3122
3122
3121
3117
3113
3113
3111
3108
3108
3107
3106
3105
3104
3103
3101
3101
3100
3100
3100
3099
3097
3096
3094
3093
3092
3092
3092
3089
3086
3085
3085
3083
3083
3083
3081
3080
3080
3079
3079
3078
3078
3076
3076
3076
3074
3074
3073
3073
3072
3071
3071
3070
3068
3064
3063
3063
3062
3061
3061
3060
3059
3058
3057
3057
3056
3056
3055
3052
3052
3052
3052
3052
3052
3051
3051
3051
3048
3047
3047
3045
3045
3044
3044
3043
3042
3040
3039
3039
3037
3037
3037
3037
3036
3036
3035
3034
3034
3032
3032
3029
3028
3026
3025
3024
3021
3020
3020
3019
3018
3014
3014
3012
3010
3007
3005
3004
3004
3003
3003
3003
3003
3002
3001
2998
2997
2996
2994
2994
2994
2994
2994
2993
2992
2992
2991
2990
2990
2990
2990
2989
2986
2984
2984
2983
2981
2979
2979
2979
2979
2978
2977
2977
2976
2975
2974
2974
2974
2973
2971
2970
2970
2968
2966
2966
2966
2966
2965
2965
2965
2965
2959
2958
2957
2957
2956
2955
2954
2954
2953
2951
2950
2950
2950
2949
2947
2946
2943
2942
2941
2941
2940
2940
2939
2936
2934
2934
2933
2933
2931
2931
2930
2929
2928
2924
2924
2924
2923
2922
2918
2916
2915
2915
2914
2909
2909
2909
2908
2906
2906
2906
2905
2902
2899
2899
2897
2897
2895
2893
2893
2892
2892
2892
2891
2890
2887
2887
2883
2883
2883
2882
2881
2880
2878
2878
2877
2876
2875
2875
2874
2872
2872
2872
2870
2868
2866
2866
2863
2862
2858
2857
2856
2855
2854
2854
2853
2852
2852
2850
2850
2849
2846
2845
2843
2843
2841
2841
2841
2840
2839
2837
2836
2836
2836
2832
2831
2830
2829
2827
2827
2826
2825
2825
2822
2821
2821
2821
2821
2819
2818
2813
2812
2811
2810
2809
2808
2807
2806
2805
2802
2802
2802
2800
2800
2800
2798
2797
2796
2796
2795
2792
2792
2791
2790
2788
2788
2787
2787
2787
2785
2782
2782
2782
2781
2781
2781
2780
2779
2778
2776
2775
2774
2772
2769
2769
2769
2769
2767
2767
2767
2767
2766
2765
2765
2764
2763
2762
2759
2758
2758
2757
2757
2756
2754
2754
2753
2752
2752
2752
2749
2749
2748
2748
2748
2747
2747
2746
2746
2741
2741
2739
2739
2738
2738
2738
2738
2737
2736
2735
2732
2732
2732
2731
2731
2730
2730
2730
2730
2729
2729
2728
2728
2728
2725
2724
2723
2719
2719
2718
2718
2716
2715
2715
2715
2714
2714
2713
2712
2711
2710
2707
2707
2706
2704
2703
2703
2703
2702
2702
2701
2698
2698
2697
2696
2694
2692
2691
2691
2690
2690
2690
2688
2687
2686
2686
2685
2685
2684
2683
2682
2682
2680
2680
2677
2677
2674
2674
2674
2674
2674
2673
2673
2671
2670
2670
2670
2668
2667
2665
2664
2664
2663
2661
2658
2657
2656
2655
2654
2653
2651
2649
2648
2648
2647
2647
2646
2645
2643
2643
2643
2640
2640
2639
2636
2635
2634
2631
2630
2630
2629
2629
2629
2627
2626
2626
2626
2625
2625
2624
2624
2623
2623
2619
2616
2616
2615
2615
2613
2613
2613
2611
2611
2610
2610
2609
2609
2606
2602
2601
2599
2597
2595
2595
2593
2592
2591
2590
2590
2590
2589
2588
2588
2588
2586
2584
2583
2581
2580
2580
2580
2580
2579
2579
2579
2579
2578
2578
2576
2575
2575
2575
2574
2574
2574
2574
2570
2569
2568
2568
2568
2567
2563
2561
2559
2559
2558
2557
2557
2555
2554
2554
2553
2552
2552
2548
2548
2546
2546
2546
2544
2544
2544
2542
2539
2539
2538
2538
2538
2536
2535
2533
2533
2532
2532
2531
2530
2530
2530
2528
2527
2527
2526
2525
2524
2524
2524
2523
2523
2523
2522
2521
2520
2518
2515
2514
2514
2512
2511
2510
2508
2507
2506
2505
2502
2502
2501
2499
2499
2499
2498
2496
2496
2493
2492
2487
2486
2486
2486
2483
2482
2480
2480
2480
2479
2478
2476
2472
2471
2467
2467
2467
2466
2466
2463
2460
2459
2459
2458
2456
2455
2452
2452
2450
2448
2448
2448
2447
2446
2445
2444
2441
2440
2440
2440
2436
2436
2435
2434
2433
2433
2433
2431
2431
2430
2430
2429
2428
2427
2426
2424
2424
2422
2421
2421
2420
2420
2416
2416
2414
2413
2411
2411
2409
2409
2409
2408
2408
2407
2406
2406
2406
2404
2403
2401
2396
2396
2396
2395
2395
2394
2392
2391
2390
2389
2388
2388
2387
2386
2385
2384
2384
2383
2380
2380
2380
2378
2378
2377
2373
2372
2370
2368
2367
2367
2366
2365
2364
2363
2363
2363
2362
2361
2361
2360
2359
2358
2358
2358
2355
2348
2348
2347
2347
2345
2345
2345
2343
2341
2341
2339
2336
2334
2333
2332
2331
2331
2328
2326
2326
2325
2324
2321
2321
2320
2319
2319
2318
2316
2313
2313
2313
2313
2311
2310
2309
2307
2307
2307
2306
2305
2305
2305
2304
2303
2302
2301
2300
2300
2297
2297
2296
2296
2296
2294
2294
2293
2291
2291
2290
2288
2287
2286
2286
2286
2285
2284
2283
2282
2281
2281
2281
2280
2279
2278
2276
2276
2276
2275
2274
2273
2271
2270
2268
2268
2267
2267
2265
2265
2265
2263
2263
2262
2259
2257
2257
2257
2255
2253
2253
2253
2253
2253
2253
2252
2251
2251
2250
2249
2249
2248
2248
2247
2247
2247
2243
2243
2243
2243
2242
2242
2242
2241
2241
2240
2240
2239
2239
2239
2237
2237
2237
2237
2236
2232
2229
2228
2226
2225
2224
2224
2224
2219
2219
2219
2218
2217
2214
2210
2208
2208
2207
2206
2204
2201
2201
2198
2195
2192
2191
2191
2187
2187
2186
2186
2184
2184
2183
2183
2182
2182
2182
2181
2181
2176
2175
2174
2169
2168
2168
2167
2166
2166
2163
2162
2162
2161
2161
2159
2158
2158
2158
2157
2155
2154
2153
2152
2152
2149
2147
2147
2146
2144
2144
2144
2143
2143
2143
2142
2142
2140
2139
2139
2137
2137
2137
2137
2137
2136
2136
2135
2133
2131
2130
2130
2126
2125
2125
2124
2124
2122
2122
2119
2119
2118
2117
2115
2114
2114
2113
2112
2111
2111
2108
2107
2107
2107
2106
2105
2102
2101
2096
2095
2094
2094
2094
2094
2093
2093
2093
2090
2090
2089
2089
2086
2084
2084
2082
2081
2080
2080
2078
2078
2077
2075
2074
2074
2074
2072
2072
2072
2070
2069
2068
2067
2067
2065
2064
2059
2055
2053
2051
2050
2049
2049
2049
2046
2044
2044
2044
2042
2040
2039
2037
2035
2035
2034
2033
2033
2033
2027
2026
2026
2024
2024
2022
2022
2019
2014
2014
2014
2012
2010
2009
2009
2009
2007
2006
2006
2003
2002
1999
1999
1998
1998
1995
1995
1993
1993
1992
1991
1989
1989
1987
1986
1986
1984
1984
1983
1982
1980
1979
1979
1977
1974
1974
1974
1973
1972
1968
1968
1967
1967
1967
1966
1965
1965
1965
1964
1964
1962
1960
1959
1959
1959
1958
1957
1957
1956
1956
1956
1954
1953
1951
1950
1949
1947
1946
1946
1946
1943
1943
1942
1942
1941
1941
1940
1939
1938
1937
1935
1935
1935
1934
1934
1933
1933
1931
1930
1929
1928
1928
1924
1923
1923
1922
1922
1921
1919
1919
1919
1919
1918
1918
1917
1916
1915
1913
1913
1910
1908
1907
1907
1906
1906
1904
1904
1902
1902
1902
1900
1899
1899
1899
1898
1896
1896
1895
1895
1894
1892
1890
1888
1887
1887
1885
1885
1884
1884
1884
1882
1881
1877
1877
1876
1875
1875
1874
1873
1873
1872
1872
1872
1869
1869
1869
1868
1863
1856
1856
1856
1852
1852
1851
1850
1849
1848
1847
1846
1845
1844
1843
1843
1842
1841
1841
1841
1840
1840
1840
1838
1835
1832
1832
1830
1829
1827
1827
1826
1825
1825
1824
1824
1824
1823
1823
1822
1822
1821
1819
1818
1816
1816
1815
1813
1812
1810
1810
1807
1806
1801
1800
1799
1797
1797
1797
1794
1793
1793
1793
1793
1792
1791
1791
1790
1786
1786
1785
1784
1783
1780
1779
1778
1777
1775
1774
1774
1773
1772
1771
1770
1767
1767
1766
1766
1764
1764
1762
1762
1761
1759
1759
1758
1757
1756
1753
1752
1751
1750
1750
1749
1748
1748
1748
1748
1747
1746
1746
1745
1744
1739
1737
1736
1736
1735
1735
1734
1734
1733
1733
1732
1731
1731
1729
1728
1727
1726
1726
1725
1724
1724
1722
1721
1719
1718
1718
1717
1716
1716
1712
1711
1709
1709
1709
1709
1708
1705
1704
1703
1701
1700
1700
1699
1698
1695
1694
1691
1691
1691
1691
1691
1690
1689
1688
1687
1686
1686
1684
1684
1682
1682
1682
1682
1682
1679
1679
1676
1675
1674
1673
1673
1673
1672
1671
1671
1670
1669
1668
1668
1668
1667
1667
1666
1665
1664
1664
1664
1663
1663
1662
1662
1661
1661
1659
1656
1655
1655
1654
1654
1654
1649
1649
1649
1647
1646
1645
1645
1643
1643
1642
1641
1640
1639
1639
1637
1637
1636
1635
1634
1632
1632
1630
1629
1628
1627
1627
1626
1625
1623
1622
1617
1617
1617
1616
1615
1615
1613
1613
1613
1612
1611
1611
1609
1606
1606
1603
1603
1600
1600
1596
1594
1594
1594
1593
1593
1592
1592
1591
1591
1589
1588
1586
1586
1584
1582
1581
1580
1580
1579
1576
1575
1575
1573
1573
1572
1572
1571
1571
1570
1569
1569
1569
1567
1567
1566
1564
1564
1564
1564
1563
1562
1561
1561
1559
1556
1555
1552
1551
1550
1546
1544
1544
1543
1543
1542
1542
1541
1540
1540
1539
1538
1538
1537
1536
1533
1531
1530
1529
1528
1528
1528
1528
1527
1527
1525
1525
1525
1524
1524
1523
1523
1523
1522
1522
1521
1521
1520
1520
1520
1519
1518
1517
1517
1516
1516
1515
1515
1515
1510
1510
1508
1506
1506
1504
1503
1503
1503
1502
1500
1498
1495
1494
1492
1491
1487
1487
1484
1482
1478
1475
1473
1471
1468
1467
1466
1465
1461
1460
1460
1458
1457
1456
1452
1448
1448
1448
1448
1448
1447
1447
1446
1445
1444
1444
1442
1442
1441
1439
1439
1438
1438
1436
1435
1434
1433
1430
1430
1430
1430
1428
1428
1428
1427
1427
1424
1424
1423
1421
1421
1420
1419
1419
1418
1418
1417
1416
1415
1415
1414
1414
1413
1412
1409
1409
1407
1407
1406
1406
1405
1404
1403
1402
1401
1397
1396
1396
1396
1395
1394
1393
1392
1392
1392
1391
1391
1391
1387
1387
1387
1385
1385
1385
1384
1384
1384
1383
1383
1378
1378
1378
1378
1376
1376
1375
1374
1373
1373
1371
1370
1370
1369
1365
1365
1364
1363
1363
1363
1362
1361
1361
1359
1359
1359
1359
1359
1358
1358
1358
1356
1356
1355
1355
1355
1354
1353
1353
1352
1351
1350
1349
1349
1347
1346
1345
1344
1344
1344
1344
1344
1343
1343
1343
1342
1342
1338
1336
1333
1332
1332
1332
1328
1328
1325
1322
1320
1320
1320
1319
1318
1317
1316
1316
1315
1314
1313
1313
1312
1311
1311
1309
1309
1308
1305
1304
1304
1302
1302
1302
1302
1300
1299
1297
1296
1296
1296
1295
1291
1291
1290
1290
1289
1289
1288
1288
1288
1287
1285
1285
1284
1284
1283
1282
1282
1280
1280
1279
1278
1278
1277
1275
1275
1272
1272
1271
1270
1270
1270
1269
1269
1269
1267
1267
1267
1266
1265
1263
1261
1256
1255
1255
1254
1254
1253
1251
1251
1248
1246
1246
1246
1245
1243
1242
1242
1241
1238
1238
1237
1237
1237
1236
1236
1235
1234
1234
1231
1230
1230
1230
1227
1227
1227
1224
1223
1222
1218
1218
1216
1215
1215
1214
1213
1212
1211
1211
1210
1208
1205
1203
1203
1199
1198
1198
1198
1197
1197
1195
1191
1190
1190
1189
1188
1187
1187
1187
1187
1186
1186
1185
1184
1183
1182
1179
1178
1177
1175
1175
1175
1174
1174
1172
1172
1168
1168
1168
1168
1167
1166
1166
1166
1166
1165
1165
1163
1162
1160
1158
1158
1150
1149
1148
1147
1146
1146
1143
1142
1142
1141
1141
1138
1137
1135
1134
1133
1132
1131
1128
1127
1126
1122
1121
1117
1117
1115
1115
1114
1113
1111
1111
1111
1110
1110
1109
1107
1107
1107
1106
1106
1102
1102
1101
1101
1101
1100
1099
1099
1098
1098
1098
1098
1098
1097
1097
1097
1096
1092
1091
1091
1091
1088
1088
1087
1086
1086
1085
1085
1083
1081
1077
1077
1075
1067
1066
1065
1061
1059
1059
1058
1055
1055
1054
1054
1053
1053
1052
1050
1049
1048
1047
1046
1045
1043
1043
1041
1040
1039
1038
1036
1035
1033
1032
1031
1029
1028
1026
1025
1025
1024
1024
1021
1020
1019
1018
1013
1013
1012
1010
1008
1008
1007
1006
1005
1004
1004
1004
1002
1000
999
996
996
996
995
993
993
992
992
991
989
988
988
987
987
985
985
984
984
983
983
979
977
976
974
972
963
962
961
960
958
957
955
954
954
953
951
951
951
951
950
950
950
950
948
948
948
947
946
946
941
941
941
939
939
939
938
937
936
935
935
935
934
933
933
932
932
931
931
930
926
925
924
924
924
923
919
919
918
917
916
916
915
912
911
911
911
910
910
910
909
909
909
909
908
907
906
904
904
901
900
900
898
897
897
897
896
895
894
894
893
892
891
889
889
888
888
887
887
886
885
884
882
881
881
881
881
878
878
877
876
876
874
873
870
868
868
868
868
868
866
865
865
863
863
863
863
863
860
856
855
855
855
854
854
853
853
852
852
851
850
850
849
848
848
847
847
842
841
841
841
840
840
840
839
839
838
835
832
832
832
830
830
829
829
828
828
827
826
825
825
825
825
824
824
824
821
821
820
819
819
819
818
814
814
812
811
810
809
808
808
807
806
806
804
802
801
799
799
797
795
795
795
795
794
794
794
792
792
792
792
791
788
788
787
787
787
785
784
784
781
781
779
779
778
778
777
776
776
776
776
774
774
771
771
769
769
767
763
762
762
760
760
759
758
757
753
752
751
750
748
746
746
744
744
743
741
739
738
737
734
733
733
732
732
731
731
730
729
729
728
728
726
721
719
717
717
717
716
716
714
713
710
710
709
709
707
706
706
705
705
704
702
702
701
701
698
694
694
694
692
691
690
688
688
687
687
687
682
676
675
675
674
674
673
672
671
671
670
669
669
667
667
665
665
664
663
662
661
660
658
658
657
654
654
651
650
650
646
644
643
643
642
641
640
639
639
639
638
638
637
636
636
635
634
634
634
633
633
631
631
629
628
627
626
626
625
624
624
624
620
617
616
616
615
614
612
611
610
609
608
607
604
602
601
601
601
599
599
598
598
597
596
596
595
592
592
591
589
589
587
586
585
583
582
581
580
579
579
576
575
574
571
569
569
568
568
568
567
566
565
564
562
562
561
561
558
557
556
554
553
553
552
552
551
550
549
548
548
548
547
546
545
544
543
541
540
540
538
538
538
537
537
536
533
533
532
532
531
531
531
528
528
527
527
525
525
525
524
523
522
522
516
514
514
512
511
511
507
507
506
505
505
504
504
504
503
502
501
500
500
500
499
498
497
497
496
493
492
492
490
487
486
485
485
485
483
481
481
481
480
480
479
478
477
476
476
475
475
475
475
474
474
474
474
471
471
470
469
468
468
468
468
467
467
466
465
465
464
464
464
463
462
462
462
460
459
458
458
457
456
455
453
452
451
450
450
448
447
446
446
445
444
441
441
441
440
439
438
438
435
435
435
435
435
434
431
429
427
427
425
425
424
423
423
422
420
419
419
418
417
415
414
414
412
412
412
412
411
407
406
406
405
405
405
403
402
401
400
400
399
399
398
397
395
395
394
394
393
391
390
387
385
385
384
384
380
379
378
374
373
373
372
372
372
370
368
368
366
365
364
364
364
363
363
363
362
362
360
359
358
358
357
356
352
352
352
350
349
347
347
346
343
342
340
340
340
338
338
335
332
332
330
329
328
327
325
324
321
321
321
318
317
317
315
315
314
313
313
313
313
312
312
311
310
308
307
307
307
305
304
302
302
302
302
301
297
297
297
296
296
296
296
296
295
294
293
292
291
290
290
289
288
287
285
284
284
281
279
277
276
273
272
272
271
270
270
268
267
267
266
264
263
262
261
260
257
256
256
255
255
254
253
253
253
252
250
250
248
248
247
245
244
242
240
240
240
240
239
237
235
235
234
234
232
231
230
230
228
227
225
225
222
220
219
216
216
216
214
212
211
211
211
211
209
207
207
206
203
203
202
201
201
200
200
196
196
194
194
190
190
189
187
186
184
184
184
183
183
182
182
181
180
179
179
175
175
174
171
171
170
170
169
169
169
168
168
166
165
165
162
162
161
160
160
158
158
158
158
157
153
151
151
149
148
146
145
144
142
139
133
132
131
130
129
127
125
124
122
119
119
118
117
117
115
112
112
112
112
109
108
108
107
107
107
105
104
101
100
99
99
95
93
92
92
92
91
91
90
89
88
86
86
84
84
84
84
83
83
81
81
79
76
73
72
72
70
68
67
67
66
63
62
62
59
58
58
57
53
51
51
51
50
50
49
49
49
48
48
47
47
47
45
44
43
43
42
40
39
38
38
37
37
36
35
32
31
30
30
29
27
26
26
24
24
23
21
20
20
20
18
15
14
13
13
11
11
11
11
10
8
3
3
2
