9999
9997
9997
9997
9996
9995
9995
9994
9993
9993
9991
9990
9989
9989
9987
9986
9986
9985
9985
9984
9983
9982
9982
9982
9980
9980
9978
9977
9977
9976
9974
9974
9973
9971
9969
9966
9964
9964
9962
9959
9957
9956
9956
9956
9955
9955
9954
9951
9951
9951
9950
9949
9949
9949
9947
9947
9946
9946
9944
9944
9944
9943
9941
9938
9938
9937
9937
9937
9937
9936
9936
9934
9934
9933
9932
9928
9927
9927
9925
9925
9924
9922
9922
9921
9921
9920
9919
9918
9917
9916
9916
9915
9914
9914
9913
9910
9909
9909
9909
9906
9906
9905
9904
9903
9902
9900
9899
9899
9895
9895
9891
9891
9891
9890
9888
9887
9887
9887
9884
9883
9883
9883
9882
9882
9881
9881
9879
9878
9878
9877
9876
9875
9875
9873
9873
9872
9871
9870
9870
9870
9870
9870
9869
9867
9866
9866
9865
9865
9864
9859
9859
9859
9858
9857
9856
9855
9855
9855
9854
9853
9852
9852
9851
9850
9849
9849
9849
9847
9844
9843
9842
9841
9841
9841
9839
9838
9838
9837
9837
9836
9835
9835
9835
9833
9832
9828
9828
9828
9824
9823
9823
9822
9821
9821
9820
9819
9818
9818
9817
9817
9814
9812
9811
9810
9810
9810
9809
9808
9807
9807
9807
9806
9805
9802
9801
9801
9800
9797
9796
9796
9795
9795
9794
9793
9792
9792
9791
9791
9787
9787
9786
9785
9785
9785
9784
9782
9781
9780
9779
9778
9777
9777
9774
9773
9771
9771
9770
9769
9768
9768
9767
9767
9767
9765
9765
9764
9763
9762
9761
9761
9760
9757
9757
9756
9754
9754
9747
9747
9747
9746
9745
9744
9744
9743
9740
9739
9737
9736
9736
9735
9734
9731
9730
9729
9728
9727
9726
9726
9724
9722
9720
9719
9718
9718
9717
9715
9714
9714
9714
9713
9709
9709
9708
9707
9705
9704
9703
9703
9702
9698
9697
9696
9696
9695
9693
9693
9692
9690
9689
9688
9687
9686
9686
9686
9685
9684
9683
9681
9681
9680
9679
9678
9675
9674
9672
9672
9671
9670
9669
9668
9668
9666
9666
9666
9666
9665
9663
9662
9661
9661
9660
9660
9659
9658
9658
9658
9657
9656
9656
9652
9652
9652
9650
9649
9648
9647
9647
9645
9644
9643
9640
9640
9639
9637
9637
9631
9630
9626
9625
9624
9623
9621
9620
9619
9619
9618
9615
9615
9614
9614
9614
9613
9613
9613
9609
9609
9608
9606
9606
9605
9605
9603
9600
9598
9597
9597
9597
9595
9594
9593
9592
9592
9591
9591
9591
9588
9587
9585
9584
9583
9583
9581
9581
9578
9576
9576
9574
9574
9573
9573
9571
9571
9571
9570
9570
9570
9569
9568
9568
9566
9566
9566
9564
9564
9564
9562
9562
9561
9561
9560
9558
9557
9554
9552
9551
9549
9547
9545
9544
9544
9543
9543
9542
9539
9539
9536
9533
9532
9532
9531
9530
9529
9527
9527
9527
9526
9526
9525
9525
9524
9524
9523
9523
9523
9523
9519
9519
9519
9517
9517
9516
9515
9515
9514
9514
9513
9511
9510
9509
9509
9507
9506
9505
9504
9504
9502
9499
9498
9496
9495
9495
9495
9494
9494
9493
9492
9492
9490
9490
9489
9479
9478
9475
9475
9475
9474
9473
9472
9471
9470
9467
9467
9465
9465
9465
9464
9464
9463
9462
9462
9461
9460
9460
9459
9459
9458
9458
9456
9456
9454
9452
9452
9451
9449
9447
9445
9445
9444
9444
9443
9442
9442
9441
9441
9438
9438
9436
9434
9434
9433
9432
9430
9430
9429
9429
9428
9427
9426
9426
9426
9426
9425
9424
9422
9422
9422
9421
9421
9421
9418
9417
9414
9413
9410
9409
9409
9406
9404
9404
9404
9404
9403
9400
9400
9399
9397
9396
9395
9394
9391
9391
9391
9388
9387
9386
9386
9385
9385
9385
9383
9383
9383
9381
9380
9380
9375
9375
9373
9372
9372
9371
9368
9367
9367
9366
9365
9364
9362
9362
9362
9361
9361
9360
9356
9356
9355
9353
9353
9351
9350
9349
9348
9348
9347
9346
9343
9343
9342
9342
9341
9339
9336
9336
9335
9335
9335
9333
9332
9332
9331
9330
9330
9329
9328
9328
9327
9327
9326
9325
9323
9323
9323
9323
9323
9321
9321
9318
9317
9316
9315
9313
9309
9309
9306
9304
9304
9304
9303
9303
9303
9302
9299
9298
9298
9296
9295
9290
9289
9288
9286
9286
9285
9284
9279
9278
9276
9275
9272
9272
9272
9270
9270
9267
9267
9266
9264
9264
9263
9262
9261
9261
9261
9261
9257
9257
9256
9255
9254
9253
9253
9253
9251
9250
9249
9248
9247
9247
9245
9244
9244
9243
9243
9241
9241
9240
9240
9238
9237
9234
9232
9232
9232
9231
9229
9228
9227
9227
9226
9226
9225
9225
9224
9224
9223
9223
9222
9221
9220
9218
9217
9215
9215
9211
9211
9209
9208
9207
9207
9205
9202
9200
9200
9198
9198
9198
9197
9194
9189
9188
9186
9186
9185
9184
9183
9183
9182
9181
9181
9180
9179
9178
9178
9175
9174
9173
9169
9169
9168
9165
9164
9164
9164
9161
9160
9160
9159
9157
9157
9156
9155
9155
9155
9153
9153
9151
9151
9149
9148
9147
9146
9144
9143
9142
9141
9141
9139
9139
9138
9138
9137
9137
9135
9135
9134
9134
9132
9132
9131
9129
9128
9128
9127
9126
9126
9126
9119
9116
9115
9112
9111
9109
9108
9108
9108
9106
9106
9105
9104
9102
9101
9098
9097
9095
9095
9094
9093
9091
9091
9090
9090
9089
9087
9086
9084
9084
9083
9082
9082
9081
9081
9081
9081
9081
9080
9080
9079
9079
9079
9079
9078
9078
9078
9078
9077
9075
9074
9074
9074
9073
9073
9070
9066
9065
9064
9064
9062
9062
9060
9058
9057
9057
9057
9054
9053
9049
9049
9048
9048
9048
9047
9045
9045
9045
9045
9043
9040
9038
9036
9035
9035
9035
9034
9034
9033
9030
9030
9030
9027
9027
9026
9025
9025
9025
9024
9024
9023
9022
9021
9021
9021
9021
9019
9019
9019
9018
9018
9016
9015
9015
9015
9015
9014
9014
9013
9012
9012
9010
9010
9006
9006
9005
9005
9003
9001
9001
9001
9000
9000
9000
8999
8998
8996
8993
8992
8992
8992
8988
8985
8983
8983
8982
8982
8981
8981
8980
8979
8976
8975
8974
8974
8971
8971
8970
8969
8969
8967
8965
8965
8965
8964
8964
8962
8960
8959
8957
8956
8956
8955
8954
8953
8952
8952
8952
8951
8950
8948
8947
8946
8946
8945
8945
8944
8943
8941
8940
8940
8939
8939
8939
8938
8938
8937
8935
8933
8933
8932
8931
8928
8927
8925
8924
8923
8921
8920
8919
8919
8917
8917
8916
8916
8915
8914
8913
8910
8909
8908
8907
8905
8900
8900
8898
8897
8894
8894
8889
8886
8886
8884
8883
8882
8882
8882
8882
8880
8879
8877
8874
8874
8874
8874
8873
8873
8871
8869
8868
8868
8867
8864
8861
8861
8860
8859
8858
8858
8856
8855
8855
8855
8854
8854
8854
8852
8852
8851
8849
8847
8844
8841
8839
8838
8837
8837
8836
8835
8833
8832
8828
8827
8826
8825
8823
8823
8822
8822
8820
8818
8816
8815
8814
8813
8812
8812
8812
8812
8812
8811
8811
8810
8808
8808
8808
8806
8806
8804
8803
8803
8802
8802
8801
8801
8799
8798
8798
8797
8796
8795
8793
8791
8791
8791
8791
8791
8790
8789
8789
8788
8788
8788
8788
8783
8783
8782
8781
8776
8776
8776
8775
8774
8773
8773
8768
8767
8767
8765
8763
8762
8761
8761
8759
8759
8758
8758
8758
8757
8756
8756
8754
8754
8754
8753
8753
8751
8750
8750
8750
8750
8748
8745
8744
8744
8744
8744
8744
8742
8742
8742
8740
8739
8738
8738
8737
8735
8733
8733
8732
8730
8729
8729
8727
8725
8725
8724
8724
8724
8724
8723
8722
8722
8721
8721
8720
8716
8716
8715
8714
8713
8712
8710
8710
8709
8708
8707
8707
8705
8704
8703
8702
8701
8698
8698
8697
8696
8696
8694
8694
8693
8692
8692
8689
8689
8687
8687
8685
8685
8684
8682
8681
8680
8680
8679
8676
8675
8675
8675
8674
8672
8671
8671
8670
8669
8669
8668
8667
8666
8664
8662
8662
8662
8662
8659
8658
8657
8657
8656
8656
8654
8654
8653
8651
8651
8647
8647
8645
8644
8642
8641
8640
8640
8639
8639
8638
8638
8638
8636
8635
8634
8634
8633
8633
8632
8632
8631
8625
8624
8624
8622
8622
8621
8618
8618
8617
8616
8616
8615
8615
8614
8614
8612
8612
8610
8608
8608
8608
8606
8606
8606
8604
8604
8601
8600
8600
8600
8599
8597
8597
8596
8595
8594
8594
8593
8591
8591
8590
8587
8587
8587
8584
8581
8580
8580
8579
8576
8574
8574
8574
8573
8571
8571
8571
8569
8568
8567
8567
8566
8565
8565
8563
8562
8561
8558
8557
8556
8556
8553
8553
8552
8552
8551
8550
8550
8549
8549
8549
8549
8549
8548
8548
8547
8544
8544
8543
8541
8540
8540
8539
8539
8539
8536
8536
8535
8533
8532
8532
8532
8532
8530
8529
8527
8527
8527
8527
8526
8526
8526
8524
8522
8518
8517
8516
8512
8510
8509
8508
8506
8505
8504
8502
8501
8501
8499
8499
8499
8498
8498
8497
8495
8495
8495
8494
8494
8493
8492
8490
8489
8487
8486
8485
8485
8483
8483
8482
8480
8480
8477
8476
8476
8474
8474
8473
8469
8469
8469
8469
8467
8466
8466
8466
8465
8465
8459
8456
8455
8454
8454
8454
8454
8454
8454
8453
8453
8448
8448
8447
8446
8446
8444
8444
8443
8442
8442
8441
8440
8440
8438
8433
8432
8431
8431
8429
8429
8428
8427
8427
8426
8426
8424
8423
8423
8422
8419
8419
8417
8416
8416
8416
8415
8412
8411
8410
8409
8405
8401
8400
8400
8396
8396
8395
8394
8394
8393
8392
8390
8389
8388
8387
8385
8384
8384
8382
8377
8376
8376
8374
8373
8372
8372
8370
8368
8368
8368
8366
8364
8363
8363
8362
8362
8362
8361
8361
8360
8360
8359
8358
8358
8356
8355
8354
8354
8352
8351
8351
8351
8349
8348
8348
8347
8347
8346
8345
8345
8345
8344
8343
8343
8341
8341
8341
8339
8338
8337
8334
8333
8333
8333
8332
8331
8330
8330
8329
8328
8322
8321
8320
8320
8319
8318
8317
8317
8314
8314
8314
8309
8309
8308
8306
8306
8305
8305
8304
8304
8301
8300
8300
8299
8299
8296
8292
8292
8291
8291
8291
8290
8289
8289
8288
8287
8286
8285
8284
8284
8281
8281
8278
8278
8277
8272
8272
8271
8270
8270
8268
8268
8267
8266
8266
8266
8263
8260
8259
8258
8257
8255
8254
8254
8252
8250
8247
8246
8245
8245
8244
8243
8242
8240
8237
8237
8235
8235
8235
8235
8233
8233
8233
8232
8232
8230
8229
8228
8227
8225
8225
8224
8224
8223
8222
8220
8220
8218
8218
8217
8214
8214
8214
8213
8213
8210
8207
8205
8204
8204
8203
8201
8200
8200
8198
8198
8197
8196
8195
8194
8193
8190
8190
8189
8189
8189
8187
8186
8185
8184
8183
8182
8182
8181
8180
8180
8179
8178
8178
8178
8177
8177
8176
8176
8175
8175
8172
8172
8169
8168
8168
8167
8167
8167
8166
8164
8162
8162
8162
8160
8160
8159
8158
8154
8153
8153
8152
8151
8151
8150
8150
8150
8150
8149
8149
8149
8148
8148
8147
8147
8146
8145
8145
8144
8144
8144
8141
8141
8141
8141
8138
8137
8137
8137
8136
8134
8133
8133
8132
8132
8131
8131
8129
8128
8127
8126
8125
8124
8123
8123
8122
8121
8121
8121
8121
8120
8118
8117
8116
8115
8114
8113
8113
8112
8111
8110
8109
8109
8108
8108
8108
8104
8102
8102
8099
8099
8099
8098
8097
8095
8095
8095
8093
8091
8091
8089
8086
8085
8085
8085
8084
8083
8082
8082
8081
8080
8080
8079
8078
8072
8069
8069
8068
8067
8067
8067
8065
8065
8065
8064
8064
8063
8063
8062
8061
8061
8060
8059
8055
8054
8053
8049
8048
8047
8047
8047
8047
8046
8046
8045
8044
8043
8042
8041
8040
8038
8037
8033
8032
8028
8027
8026
8026
8025
8025
8025
8024
8024
8023
8023
8022
8020
8019
8017
8016
8011
8010
8007
8007
8003
8003
8003
8002
8000
7997
7997
7993
7991
7990
7990
7989
7988
7988
7987
7986
7985
7983
7982
7981
7979
7979
7976
7974
7973
7971
7968
7968
7967
7967
7966
7966
7966
7964
7964
7960
7959
7959
7958
7957
7956
7956
7955
7955
7954
7954
7953
7952
7950
7950
7948
7945
7945
7944
7943
7942
7941
7940
7939
7938
7938
7937
7937
7936
7935
7932
7930
7930
7930
7927
7927
7926
7925
7922
7921
7920
7919
7918
7918
7917
7913
7912
7910
7909
7909
7908
7906
7905
7904
7899
7899
7889
7888
7888
7887
7887
7886
7885
7885
7884
7884
7884
7884
7883
7883
7883
7882
7881
7881
7880
7880
7877
7876
7875
7874
7874
7873
7873
7873
7870
7870
7869
7869
7869
7868
7867
7867
7866
7865
7864
7858
7858
7858
7857
7855
7853
7853
7851
7850
7849
7846
7844
7844
7844
7842
7841
7840
7838
7838
7838
7837
7836
7836
7834
7833
7830
7829
7829
7828
7828
7827
7826
7825
7824
7823
7823
7822
7821
7821
7821
7821
7819
7818
7818
7816
7816
7815
7815
7813
7812
7811
7811
7810
7808
7807
7805
7804
7803
7802
7802
7802
7801
7799
7799
7798
7798
7798
7797
7796
7796
7795
7792
7792
7792
7791
7791
7791
7790
7790
7789
7789
7789
7788
7788
7787
7785
7783
7783
7782
7782
7782
7781
7780
7780
7779
7779
7778
7775
7775
7773
7771
7771
7768
7768
7767
7767
7767
7766
7766
7764
7762
7761
7759
7759
7759
7759
7758
7758
7758
7757
7753
7753
7750
7750
7750
7748
7741
7739
7738
7737
7735
7735
7734
7733
7732
7732
7732
7731
7730
7729
7729
7729
7729
7728
7727
7727
7724
7723
7721
7720
7719
7717
7717
7716
7716
7713
7712
7709
7709
7708
7708
7708
7708
7707
7707
7706
7705
7705
7704
7703
7703
7702
7702
7698
7697
7695
7694
7694
7694
7694
7693
7692
7689
7686
7684
7681
7678
7678
7677
7676
7675
7674
7674
7673
7672
7671
7669
7666
7666
7664
7663
7662
7662
7661
7659
7659
7658
7657
7657
7656
7655
7655
7654
7652
7652
7650
7650
7650
7648
7647
7647
7647
7644
7643
7641
7641
7638
7635
7635
7631
7631
7629
7626
7626
7626
7626
7625
7624
7624
7622
7621
7621
7621
7618
7616
7616
7615
7615
7614
7613
7611
7611
7608
7608
7606
7602
7602
7602
7601
7599
7599
7597
7595
7594
7593
7593
7593
7592
7591
7589
7588
7588
7586
7586
7586
7585
7582
7581
7579
7579
7578
7578
7576
7575
7574
7571
7571
7570
7570
7569
7567
7566
7565
7565
7564
7563
7558
7557
7555
7551
7550
7549
7549
7549
7548
7548
7547
7547
7547
7546
7545
7544
7544
7542
7541
7541
7541
7538
7537
7535
7533
7529
7527
7524
7524
7523
7523
7522
7522
7520
7519
7517
7514
7513
7512
7507
7506
7506
7505
7504
7503
7501
7500
7498
7498
7496
7495
7494
7493
7491
7489
7488
7485
7484
7483
7483
7481
7479
7476
7476
7475
7474
7474
7474
7472
7472
7472
7468
7467
7467
7466
7466
7466
7465
7464
7463
7462
7461
7460
7460
7459
7458
7457
7457
7453
7453
7451
7450
7449
7449
7447
7447
7445
7444
7444
7440
7440
7440
7440
7440
7439
7439
7438
7436
7433
7433
7431
7430
7428
7428
7425
7424
7424
7423
7421
7421
7419
7419
7419
7416
7416
7416
7416
7410
7409
7408
7407
7406
7406
7405
7405
7404
7403
7401
7399
7399
7398
7397
7397
7397
7397
7396
7396
7395
7395
7393
7393
7393
7390
7387
7387
7387
7385
7385
7384
7384
7383
7382
7380
7380
7379
7379
7378
7376
7376
7374
7374
7374
7374
7372
7370
7369
7368
7367
7367
7366
7366
7365
7364
7364
7363
7363
7363
7362
7361
7361
7358
7357
7355
7355
7354
7354
7354
7354
7353
7353
7349
7349
7348
7348
7347
7347
7347
7346
7345
7344
7344
7343
7343
7342
7342
7341
7341
7338
7337
7337
7336
7336
7335
7334
7333
7333
7331
7330
7330
7329
7328
7328
7328
7327
7327
7326
7326
7326
7326
7325
7322
7322
7321
7320
7320
7316
7316
7312
7312
7312
7311
7311
7309
7307
7306
7304
7304
7303
7302
7302
7301
7301
7299
7299
7299
7299
7297
7297
7297
7295
7291
7291
7290
7290
7289
7288
7286
7285
7285
7283
7283
7283
7281
7278
7278
7276
7275
7275
7275
7275
7274
7274
7273
7273
7271
7271
7270
7270
7269
7267
7267
7267
7266
7264
7263
7261
7261
7259
7257
7257
7256
7255
7255
7254
7253
7251
7250
7250
7248
7247
7246
7246
7243
7241
7241
7240
7238
7237
7237
7236
7236
7233
7232
7231
7228
7227
7227
7225
7224
7223
7223
7222
7222
7217
7217
7217
7215
7215
7213
7213
7211
7208
7207
7206
7205
7205
7205
7203
7202
7202
7201
7201
7200
7199
7197
7196
7193
7191
7190
7188
7187
7187
7185
7184
7184
7183
7183
7182
7181
7181
7180
7178
7177
7177
7177
7177
7176
7175
7173
7172
7171
7170
7170
7169
7168
7167
7167
7164
7164
7162
7161
7161
7161
7159
7157
7155
7155
7151
7150
7150
7149
7149
7149
7149
7148
7148
7145
7144
7140
7140
7140
7137
7135
7133
7133
7133
7130
7125
7125
7124
7124
7124
7122
7119
7119
7119
7117
7117
7116
7116
7115
7115
7114
7114
7113
7112
7112
7112
7111
7110
7108
7108
7108
7106
7103
7102
7101
7101
7099
7099
7098
7098
7097
7095
7095
7090
7089
7088
7087
7086
7085
7085
7084
7084
7080
7079
7079
7079
7078
7075
7075
7074
7071
7070
7070
7068
7067
7067
7065
7065
7064
7064
7063
7062
7061
7060
7059
7058
7057
7056
7055
7055
7055
7055
7054
7054
7053
7053
7050
7050
7048
7048
7048
7048
7046
7045
7045
7044
7043
7043
7042
7042
7041
7041
7040
7040
7039
7038
7036
7036
7034
7034
7034
7033
7033
7032
7032
7031
7031
7030
7029
7028
7028
7028
7028
7028
7026
7024
7023
7022
7021
7020
7020
7019
7018
7013
7011
7010
7007
7007
7005
7004
7003
7002
7002
7001
6998
6997
6997
6995
6995
6994
6993
6991
6989
6987
6987
6985
6982
6980
6979
6979
6978
6976
6975
6974
6973
6972
6971
6971
6970
6969
6968
6966
6966
6963
6960
6959
6959
6958
6957
6957
6953
6953
6952
6952
6951
6951
6950
6949
6948
6947
6945
6944
6943
6942
6941
6940
6939
6935
6935
6932
6932
6931
6931
6929
6927
6927
6927
6926
6926
6925
6922
6919
6918
6918
6918
6916
6914
6913
6913
6912
6912
6912
6911
6910
6910
6908
6907
6906
6906
6906
6906
6906
6904
6903
6903
6899
6899
6898
6897
6897
6895
6894
6890
6890
6889
6889
6888
6887
6885
6885
6884
6884
6882
6882
6882
6882
6880
6879
6879
6877
6877
6876
6873
6873
6872
6872
6871
6871
6870
6869
6869
6868
6864
6863
6863
6859
6858
6858
6856
6853
6853
6853
6852
6852
6851
6851
6850
6850
6849
6847
6845
6842
6841
6841
6840
6839
6837
6837
6836
6835
6835
6832
6830
6830
6828
6827
6823
6823
6822
6821
6817
6814
6814
6813
6812
6812
6811
6811
6809
6808
6807
6806
6804
6804
6800
6799
6798
6796
6796
6794
6794
6793
6793
6791
6791
6790
6789
6789
6788
6787
6787
6787
6786
6785
6784
6784
6783
6782
6782
6781
6781
6780
6778
6778
6775
6773
6773
6773
6771
6768
6768
6766
6766
6764
6764
6764
6762
6759
6759
6756
6755
6753
6752
6751
6751
6750
6749
6749
6746
6746
6746
6745
6745
6744
6744
6742
6742
6741
6739
6735
6734
6732
6732
6730
6728
6728
6726
6726
6725
6724
6723
6722
6721
6721
6721
6720
6719
6719
6718
6718
6718
6715
6715
6714
6714
6714
6712
6712
6711
6708
6708
6707
6707
6706
6706
6706
6704
6704
6704
6704
6704
6702
6702
6701
6701
6701
6699
6698
6697
6696
6696
6695
6692
6691
6690
6690
6690
6689
6688
6688
6687
6686
6685
6683
6681
6681
6680
6678
6676
6675
6675
6673
6672
6671
6670
6670
6668
6668
6667
6666
6665
6665
6660
6660
6660
6659
6658
6655
6654
6653
6652
6652
6651
6649
6649
6647
6646
6645
6644
6644
6643
6643
6643
6642
6640
6639
6638
6637
6637
6636
6634
6633
6633
6630
6628
6626
6625
6625
6625
6624
6624
6623
6623
6622
6619
6617
6616
6615
6614
6613
6612
6608
6607
6606
6605
6604
6603
6602
6600
6599
6599
6598
6598
6597
6596
6595
6594
6593
6592
6592
6592
6591
6590
6589
6587
6586
6586
6585
6584
6584
6584
6583
6583
6582
6582
6582
6581
6580
6580
6579
6579
6578
6578
6578
6577
6576
6575
6575
6575
6575
6574
6574
6571
6571
6571
6570
6569
6568
6567
6565
6564
6563
6563
6563
6563
6562
6561
6560
6559
6559
6558
6553
6552
6551
6551
6546
6545
6545
6543
6542
6541
6538
6538
6538
6536
6536
6533
6532
6532
6532
6530
6530
6530
6529
6528
6528
6528
6528
6528
6528
6527
6522
6522
6522
6518
6518
6518
6516
6514
6514
6513
6511
6510
6509
6508
6508
6507
6503
6501
6500
6500
6497
6496
6495
6494
6494
6494
6493
6492
6492
6491
6488
6488
6487
6486
6485
6485
6485
6479
6479
6477
6476
6474
6473
6471
6470
6470
6470
6469
6469
6468
6467
6466
6466
6466
6463
6463
6463
6462
6462
6462
6462
6461
6459
6459
6458
6458
6458
6456
6456
6455
6455
6455
6455
6454
6454
6453
6453
6453
6452
6450
6449
6448
6446
6445
6445
6443
6443
6442
6441
6440
6440
6440
6439
6438
6438
6434
6434
6434
6428
6427
6426
6426
6424
6423
6421
6421
6420
6420
6420
6420
6417
6415
6415
6414
6414
6414
6414
6413
6410
6409
6409
6407
6406
6405
6405
6405
6404
6404
6404
6403
6403
6402
6401
6400
6399
6399
6395
6388
6388
6388
6387
6384
6383
6380
6377
6376
6376
6375
6374
6373
6371
6370
6370
6369
6366
6365
6363
6362
6360
6358
6358
6358
6356
6356
6356
6355
6355
6355
6353
6353
6351
6350
6350
6350
6349
6346
6345
6345
6342
6341
6339
6337
6335
6333
6332
6330
6328
6326
6325
6325
6325
6325
6323
6323
6323
6322
6321
6320
6319
6318
6316
6315
6315
6314
6313
6313
6312
6312
6312
6311
6310
6309
6309
6307
6306
6306
6306
6304
6303
6303
6303
6302
6302
6301
6300
6300
6299
6294
6294
6293
6293
6292
6291
6291
6290
6289
6289
6289
6288
6288
6288
6286
6286
6286
6285
6283
6280
6277
6275
6275
6275
6275
6272
6271
6267
6267
6266
6264
6262
6260
6260
6260
6259
6259
6258
6258
6258
6258
6257
6254
6253
6252
6251
6250
6250
6249
6249
6249
6246
6245
6244
6241
6241
6240
6240
6240
6240
6239
6239
6239
6237
6236
6236
6235
6233
6231
6229
6229
6228
6227
6226
6226
6225
6224
6222
6219
6218
6217
6217
6217
6216
6214
6214
6213
6213
6210
6210
6209
6209
6208
6208
6208
6207
6207
6204
6202
6201
6201
6199
6196
6194
6192
6191
6191
6190
6190
6188
6187
6185
6182
6182
6181
6180
6179
6179
6176
6176
6176
6175
6174
6172
6170
6168
6167
6166
6165
6163
6163
6163
6162
6158
6158
6157
6154
6154
6153
6153
6153
6151
6150
6149
6146
6146
6144
6143
6142
6140
6138
6138
6137
6136
6135
6135
6134
6132
6131
6130
6129
6128
6128
6127
6126
6125
6125
6125
6124
6124
6123
6121
6121
6120
6119
6118
6116
6116
6115
6113
6113
6112
6111
6110
6109
6108
6108
6107
6106
6105
6105
6103
6103
6103
6100
6100
6100
6097
6097
6097
6097
6096
6096
6095
6095
6093
6092
6092
6091
6090
6084
6084
6083
6083
6082
6079
6079
6078
6077
6074
6074
6074
6074
6072
6071
6070
6068
6068
6066
6066
6065
6064
6064
6063
6063
6063
6062
6061
6060
6059
6058
6056
6056
6056
6055
6053
6053
6052
6052
6052
6052
6052
6051
6051
6050
6049
6048
6048
6047
6046
6045
6044
6042
6042
6039
6039
6037
6034
6034
6033
6033
6032
6032
6031
6031
6029
6028
6026
6026
6025
6025
6025
6024
6024
6023
6020
6019
6019
6018
6018
6017
6017
6014
6014
6013
6012
6012
6009
6008
6008
6008
6007
6005
6004
6004
6004
6003
6000
6000
6000
5999
5999
5997
5996
5995
5993
5988
5983
5983
5982
5982
5982
5980
5979
5978
5976
5976
5975
5975
5973
5970
5970
5968
5967
5966
5966
5965
5965
5964
5962
5962
5959
5958
5954
5953
5953
5953
5953
5953
5952
5952
5952
5950
5946
5946
5946
5945
5944
5944
5944
5943
5942
5942
5942
5937
5937
5936
5934
5933
5931
5931
5930
5929
5929
5929
5927
5926
5925
5924
5924
5923
5922
5920
5920
5918
5918
5915
5913
5913
5913
5913
5912
5912
5911
5910
5910
5910
5909
5909
5908
5907
5906
5905
5905
5904
5904
5904
5904
5903
5903
5902
5901
5900
5899
5898
5898
5898
5895
5894
5894
5894
5892
5891
5890
5888
5887
5887
5886
5884
5884
5883
5881
5880
5876
5875
5874
5874
5874
5872
5872
5872
5871
5870
5870
5870
5870
5868
5868
5867
5867
5866
5864
5862
5862
5861
5860
5860
5859
5858
5858
5856
5856
5855
5854
5853
5852
5852
5851
5850
5850
5850
5848
5848
5848
5847
5846
5846
5844
5844
5844
5843
5842
5839
5839
5838
5836
5834
5832
5832
5832
5832
5830
5830
5827
5826
5824
5824
5822
5822
5821
5820
5817
5817
5816
5814
5813
5813
5811
5810
5809
5809
5809
5807
5806
5806
5805
5805
5804
5804
5803
5801
5799
5797
5795
5795
5792
5792
5789
5789
5788
5787
5787
5787
5786
5786
5785
5785
5784
5784
5784
5784
5781
5779
5778
5778
5778
5778
5777
5775
5771
5771
5768
5765
5762
5762
5760
5759
5756
5755
5752
5751
5751
5750
5749
5748
5748
5748
5748
5748
5748
5747
5747
5747
5746
5743
5742
5740
5735
5734
5732
5732
5732
5732
5729
5729
5727
5727
5726
5725
5725
5723
5722
5722
5720
5720
5719
5717
5717
5716
5715
5714
5712
5712
5710
5708
5708
5708
5706
5706
5705
5704
5703
5703
5700
5698
5697
5696
5695
5695
5695
5695
5694
5692
5689
5689
5688
5687
5687
5686
5686
5685
5685
5684
5683
5681
5681
5681
5681
5679
5677
5677
5674
5673
5671
5669
5669
5668
5667
5667
5667
5665
5663
5662
5661
5661
5661
5659
5659
5659
5657
5656
5656
5656
5655
5655
5654
5653
5653
5652
5651
5650
5647
5645
5644
5644
5643
5641
5640
5639
5638
5635
5635
5632
5632
5631
5630
5630
5630
5629
5628
5627
5625
5625
5623
5621
5620
5618
5615
5614
5612
5612
5611
5609
5607
5607
5606
5605
5603
5600
5598
5598
5598
5598
5596
5594
5592
5591
5591
5590
5589
5589
5588
5586
5585
5584
5584
5583
5582
5582
5580
5580
5580
5579
5578
5577
5576
5576
5576
5575
5575
5570
5569
5569
5568
5567
5567
5565
5564
5562
5560
5560
5559
5558
5558
5557
5556
5554
5547
5545
5545
5544
5543
5543
5540
5540
5538
5537
5536
5536
5534
5534
5533
5533
5532
5531
5531
5531
5528
5528
5528
5527
5524
5522
5521
5520
5519
5518
5517
5517
5516
5513
5512
5509
5508
5508
5507
5507
5504
5504
5504
5503
5502
5501
5496
5496
5495
5495
5492
5492
5490
5489
5489
5487
5486
5486
5486
5485
5483
5481
5480
5480
5480
5476
5476
5475
5474
5474
5473
5471
5470
5468
5468
5468
5467
5467
5467
5466
5466
5465
5465
5465
5463
5462
5461
5461
5461
5459
5458
5457
5455
5454
5453
5452
5451
5450
5450
5449
5449
5448
5447
5446
5442
5441
5440
5440
5439
5437
5436
5435
5433
5432
5431
5430
5429
5428
5427
5425
5424
5423
5422
5420
5419
5419
5418
5416
5416
5413
5413
5407
5407
5407
5407
5406
5404
5401
5400
5399
5398
5397
5396
5396
5396
5395
5394
5394
5391
5386
5385
5385
5385
5382
5381
5380
5380
5379
5377
5377
5376
5376
5376
5369
5368
5368
5366
5366
5365
5363
5363
5361
5360
5359
5359
5355
5355
5354
5354
5353
5350
5349
5349
5348
5347
5346
5345
5342
5342
5342
5342
5341
5338
5338
5337
5335
5334
5334
5331
5329
5329
5329
5328
5326
5326
5324
5324
5323
5321
5320
5319
5319
5317
5317
5316
5315
5314
5314
5312
5310
5309
5309
5309
5308
5307
5307
5306
5306
5306
5306
5305
5305
5301
5301
5299
5299
5297
5295
5292
5292
5292
5289
5287
5284
5283
5282
5282
5280
5280
5279
5278
5276
5275
5275
5273
5271
5268
5267
5267
5267
5265
5264
5261
5261
5258
5254
5254
5253
5252
5252
5249
5249
5247
5245
5245
5245
5245
5242
5242
5240
5240
5239
5237
5236
5234
5234
5234
5233
5233
5231
5231
5231
5230
5230
5230
5229
5228
5227
5227
5227
5227
5226
5224
5223
5221
5221
5220
5220
5220
5219
5219
5219
5217
5217
5216
5215
5213
5213
5212
5212
5211
5210
5209
5208
5207
5207
5203
5203
5202
5202
5199
5197
5196
5195
5193
5191
5190
5190
5189
5189
5188
5188
5188
5186
5185
5184
5181
5180
5177
5176
5176
5175
5175
5175
5175
5173
5172
5172
5170
5168
5168
5168
5167
5167
5165
5164
5159
5159
5159
5157
5157
5156
5155
5153
5152
5152
5152
5151
5149
5148
5147
5147
5147
5146
5146
5145
5145
5144
5144
5144
5144
5142
5140
5139
5139
5139
5137
5136
5136
5135
5135
5134
5133
5130
5128
5127
5127
5126
5126
5125
5125
5124
5123
5122
5121
5120
5119
5118
5118
5116
5114
5114
5113
5111
5110
5109
5108
5108
5107
5104
5104
5102
5100
5099
5098
5096
5096
5095
5093
5093
5088
5085
5081
5081
5080
5079
5078
5077
5077
5076
5075
5072
5071
5071
5071
5070
5070
5070
5070
5068
5068
5067
5066
5063
5063
5060
5057
5056
5055
5055
5054
5053
5052
5052
5052
5049
5046
5046
5046
5043
5043
5042
5042
5039
5039
5037
5036
5034
5033
5028
5027
5025
5024
5024
5024
5021
5019
5018
5017
5014
5013
5012
5011
5010
5009
5008
5006
5006
5006
5005
5003
5003
4999
4999
4997
4996
4996
4995
4994
4992
4991
4991
4990
4988
4985
4985
4985
4984
4984
4984
4983
4982
4977
4976
4976
4976
4974
4974
4974
4970
4970
4968
4968
4967
4966
4965
4965
4965
4962
4962
4961
4960
4958
4958
4956
4955
4953
4952
4952
4951
4951
4951
4950
4950
4948
4947
4947
4946
4945
4942
4942
4941
4939
4939
4939
4938
4937
4937
4936
4936
4936
4935
4935
4934
4934
4932
4932
4931
4930
4930
4930
4929
4929
4929
4922
4918
4918
4917
4916
4915
4914
4913
4913
4912
4910
4908
4905
4904
4901
4898
4895
4895
4894
4892
4892
4892
4890
4890
4889
4888
4888
4885
4885
4885
4884
4883
4882
4880
4874
4874
4869
4868
4868
4867
4867
4866
4865
4865
4864
4863
4862
4861
4859
4859
4859
4857
4856
4855
4854
4854
4852
4851
4850
4849
4849
4849
4848
4847
4847
4847
4846
4845
4845
4843
4841
4838
4837
4837
4836
4836
4836
4835
4833
4833
4832
4832
4832
4831
4831
4830
4829
4828
4828
4827
4827
4826
4826
4826
4826
4825
4825
4825
4825
4825
4824
4824
4823
4823
4823
4821
4818
4816
4815
4813
4812
4811
4810
4808
4808
4807
4806
4806
4806
4806
4806
4805
4805
4802
4800
4800
4800
4799
4799
4798
4798
4795
4795
4793
4793
4793
4793
4792
4791
4787
4787
4787
4786
4786
4785
4785
4785
4784
4784
4783
4781
4778
4777
4777
4777
4776
4774
4774
4772
4770
4770
4769
4768
4768
4768
4766
4765
4765
4764
4762
4761
4760
4759
4758
4757
4756
4755
4753
4752
4752
4751
4750
4750
4747
4746
4746
4746
4744
4742
4742
4739
4739
4737
4736
4736
4736
4736
4735
4735
4735
4734
4733
4733
4732
4731
4730
4729
4728
4727
4726
4724
4724
4724
4723
4723
4723
4722
4722
4721
4720
4719
4718
4716
4716
4716
4716
4715
4711
4711
4709
4709
4708
4708
4706
4703
4702
4702
4701
4701
4701
4700
4699
4699
4692
4692
4689
4688
4686
4682
4680
4679
4678
4678
4677
4676
4676
4675
4673
4672
4670
4663
4662
4662
4661
4660
4658
4658
4657
4657
4656
4655
4654
4652
4650
4650
4647
4645
4644
4644
4642
4641
4639
4638
4638
4637
4637
4636
4636
4635
4634
4634
4633
4633
4632
4627
4627
4627
4626
4625
4624
4624
4623
4623
4622
4622
4622
4621
4619
4619
4618
4618
4617
4616
4616
4616
4615
4613
4612
4611
4610
4610
4610
4610
4610
4610
4609
4607
4605
4605
4601
4598
4598
4596
4595
4595
4595
4594
4594
4593
4591
4590
4590
4590
4588
4587
4586
4585
4584
4582
4580
4579
4577
4577
4576
4575
4575
4575
4574
4574
4573
4573
4573
4572
4572
4572
4572
4571
4569
4569
4568
4568
4565
4564
4563
4563
4563
4562
4559
4559
4557
4557
4556
4556
4555
4552
4549
4549
4549
4548
4543
4542
4542
4541
4541
4541
4540
4540
4538
4538
4537
4534
4534
4533
4532
4530
4530
4528
4528
4528
4527
4521
4519
4519
4519
4517
4514
4512
4512
4511
4510
4510
4510
4509
4508
4506
4505
4504
4504
4503
4502
4502
4501
4500
4498
4497
4497
4496
4494
4494
4491
4488
4487
4484
4481
4481
4481
4480
4480
4480
4479
4478
4475
4474
4474
4474
4473
4472
4467
4467
4465
4463
4463
4462
4461
4461
4459
4459
4458
4457
4456
4454
4453
4452
4450
4448
4448
4447
4447
4447
4445
4444
4440
4439
4439
4439
4439
4438
4438
4435
4432
4428
4427
4427
4427
4425
4425
4424
4424
4424
4423
4423
4423
4423
4422
4422
4422
4421
4420
4420
4419
4417
4415
4415
4411
4411
4409
4408
4406
4405
4405
4405
4404
4403
4403
4402
4401
4400
4400
4399
4398
4397
4397
4396
4396
4395
4394
4391
4390
4390
4389
4388
4384
4382
4380
4380
4380
4380
4380
4379
4378
4378
4377
4377
4375
4375
4374
4373
4373
4371
4369
4369
4369
4367
4367
4365
4364
4361
4361
4358
4358
4358
4357
4357
4356
4356
4356
4356
4355
4355
4355
4350
4345
4343
4340
4339
4337
4336
4336
4332
4331
4327
4326
4323
4323
4323
4322
4322
4320
4320
4320
4318
4318
4316
4316
4316
4314
4314
4314
4314
4313
4312
4310
4310
4309
4309
4308
4307
4306
4306
4305
4303
4303
4303
4303
4302
4301
4299
4298
4296
4296
4294
4293
4289
4288
4288
4287
4285
4284
4284
4284
4284
4283
4283
4281
4278
4276
4276
4273
4272
4272
4271
4271
4270
4270
4269
4266
4265
4264
4263
4260
4259
4258
4257
4257
4255
4255
4255
4253
4252
4250
4249
4249
4248
4242
4242
4241
4241
4240
4239
4236
4235
4235
4234
4228
4224
4224
4221
4220
4220
4219
4217
4217
4217
4215
4215
4214
4214
4213
4212
4212
4209
4208
4208
4205
4202
4200
4200
4199
4198
4198
4194
4194
4194
4192
4190
4190
4190
4189
4187
4187
4187
4186
4184
4184
4183
4183
4183
4181
4180
4178
4178
4177
4177
4175
4175
4173
4173
4172
4170
4169
4167
4167
4164
4163
4162
4160
4159
4158
4158
4155
4154
4153
4153
4152
4149
4149
4148
4147
4145
4145
4145
4144
4144
4143
4141
4140
4140
4139
4138
4137
4137
4137
4136
4135
4133
4133
4133
4132
4132
4131
4129
4129
4129
4127
4127
4125
4125
4124
4120
4120
4118
4118
4118
4117
4115
4115
4113
4111
4111
4108
4108
4106
4105
4102
4101
4099
4097
4096
4095
4095
4093
4093
4093
4091
4090
4087
4087
4087
4086
4084
4083
4080
4078
4077
4077
4076
4074
4072
4070
4070
4070
4070
4070
4069
4069
4069
4067
4067
4067
4064
4064
4063
4061
4060
4060
4060
4056
4054
4052
4051
4049
4049
4047
4047
4045
4045
4045
4044
4044
4042
4042
4042
4042
4039
4039
4039
4038
4037
4037
4036
4034
4034
4034
4033
4033
4032
4031
4030
4025
4025
4024
4023
4022
4022
4022
4020
4018
4018
4016
4013
4011
4010
4009
4009
4008
4007
4007
4005
4004
4003
4001
4000
3999
3998
3998
3997
3997
3996
3994
3994
3994
3993
3993
3993
3993
3991
3990
3990
3990
3990
3990
3988
3987
3986
3986
3985
3985
3985
3985
3984
3983
3982
3980
3978
3974
3974
3974
3973
3973
3972
3971
3971
3970
3970
3970
3970
3969
3969
3968
3965
3962
3962
3962
3960
3959
3959
3958
3955
3952
3952
3952
3949
3947
3947
3947
3946
3946
3945
3945
3944
3943
3942
3941
3940
3938
3938
3937
3937
3935
3934
3932
3932
3932
3931
3930
3928
3927
3927
3927
3927
3926
3922
3920
3915
3913
3912
3912
3912
3910
3909
3908
3907
3907
3906
3905
3904
3904
3904
3903
3903
3902
3902
3901
3900
3896
3894
3893
3893
3890
3888
3888
3888
3887
3885
3884
3883
3883
3883
3883
3882
3882
3882
3881
3880
3879
3879
3878
3876
3876
3875
3875
3873
3870
3869
3866
3865
3860
3860
3859
3859
3858
3855
3855
3854
3854
3854
3851
3851
3849
3849
3848
3848
3848
3847
3846
3846
3845
3845
3844
3844
3842
3842
3842
3841
3840
3840
3840
3839
3838
3838
3838
3838
3836
3835
3832
3832
3832
3831
3830
3830
3830
3829
3827
3827
3826
3825
3825
3825
3824
3824
3823
3823
3822
3821
3821
3821
3820
3818
3818
3818
3816
3814
3814
3813
3812
3810
3809
3809
3808
3807
3807
3806
3806
3805
3805
3805
3803
3803
3802
3800
3800
3800
3799
3797
3797
3796
3796
3794
3790
3789
3789
3789
3788
3785
3785
3784
3784
3784
3784
3783
3783
3783
3781
3780
3779
3777
3777
3775
3775
3773
3773
3771
3771
3771
3770
3769
3769
3768
3768
3767
3766
3765
3764
3761
3760
3757
3756
3756
3756
3755
3755
3754
3753
3751
3747
3745
3744
3744
3744
3741
3739
3739
3739
3739
3739
3738
3737
3735
3735
3734
3731
3730
3730
3730
3729
3729
3729
3728
3728
3727
3726
3723
3723
3722
3722
3721
3720
3719
3718
3718
3718
3718
3715
3714
3714
3712
3711
3710
3710
3709
3708
3708
3707
3707
3706
3706
3705
3705
3705
3703
3697
3696
3694
3693
3692
3692
3691
3691
3691
3688
3688
3687
3686
3686
3685
3684
3683
3681
3680
3679
3678
3678
3674
3674
3672
3671
3670
3669
3669
3666
3664
3663
3661
3657
3657
3655
3655
3652
3652
3650
3649
3649
3649
3648
3648
3646
3645
3645
3644
3642
3642
3640
3640
3639
3639
3639
3639
3639
3638
3637
3637
3634
3634
3627
3627
3627
3627
3626
3626
3626
3624
3623
3620
3618
3618
3618
3617
3616
3616
3615
3613
3613
3612
3612
3611
3608
3607
3602
3602
3601
3600
3600
3597
3596
3595
3595
3595
3595
3594
3590
3589
3588
3588
3588
3585
3585
3580
3579
3578
3573
3572
3571
3568
3566
3566
3565
3564
3563
3563
3562
3561
3559
3556
3556
3555
3553
3553
3552
3552
3551
3550
3548
3548
3547
3547
3544
3542
3542
3542
3541
3541
3540
3536
3534
3534
3533
3533
3533
3531
3530
3528
3528
3528
3527
3526
3526
3526
3525
3525
3524
3523
3519
3519
3519
3519
3519
3518
3518
3518
3516
3515
3515
3513
3511
3510
3510
3509
3507
3506
3506
3505
3505
3504
3503
3502
3502
3501
3500
3499
3499
3498
3497
3497
3496
3495
3494
3493
3492
3492
3489
3489
3489
3488
3488
3487
3487
3486
3486
3485
3482
3481
3481
3481
3481
3480
3480
3477
3475
3474
3472
3468
3467
3467
3466
3464
3463
3463
3463
3463
3462
3459
3459
3458
3458
3457
3456
3456
3455
3455
3454
3448
3448
3446
3445
3443
3442
3441
3441
3441
3439
3439
3438
3438
3437
3434
3434
3433
3433
3429
3428
3427
3427
3426
3422
3417
3415
3414
3414
3413
3413
3412
3412
3411
3410
3409
3409
3408
3405
3404
3403
3402
3402
3401
3399
3399
3398
3396
3393
3393
3392
3392
3392
3390
3390
3390
3390
3387
3386
3385
3385
3383
3380
3380
3379
3379
3377
3375
3372
3370
3370
3370
3369
3368
3368
3368
3368
3367
3366
3364
3364
3364
3363
3361
3358
3358
3357
3357
3356
3356
3355
3354
3353
3353
3352
3352
3351
3349
3349
3348
3347
3347
3346
3344
3343
3340
3338
3337
3336
3335
3334
3333
3332
3329
3329
3329
3328
3328
3328
3328
3327
3327
3325
3325
3323
3322
3320
3318
3318
3318
3317
3317
3316
3315
3314
3313
3312
3312
3311
3311
3310
3309
3309
3308
3307
3307
3306
3305
3301
3301
3295
3294
3293
3292
3290
3290
3289
3289
3288
3287
3286
3285
3284
3282
3282
3280
3279
3279
3278
3277
3276
3276
3275
3274
3273
3271
3270
3270
3270
3268
3267
3267
3265
3265
3265
3265
3264
3264
3263
3258
3258
3257
3255
3255
3252
3252
3250
3249
3248
3247
3247
3247
3246
3245
3245
3245
3242
3240
3240
3240
3240
3239
3237
3236
3236
3235
3234
3234
3234
3233
3232
3232
3232
3232
3232
3231
3230
3223
3222
3222
3221
3220
3219
3219
3219
3217
3216
3215
3212
3210
3207
3206
3206
3205
3202
3202
3202
3202
3200
3199
3197
3196
3196
3196
3195
3195
3194
3192
3191
3191
3189
3189
3187
3185
3184
3184
3182
3180
3179
3179
3178
3178
3177
3177
3176
3176
3175
3174
3174
3174
3174
3171
3167
3167
3165
3165
3164
3163
3163
3161
3160
3160
3156
3155
3154
3153
3152
3152
3152
3151
3149
3146
3145
3144
3144
3144
3143
3141
3139
3139
3136
3136
3134
3134
3134
3133
3132
3130
3130
3129
3129
3127
3126
3124
3123
3121
3120
3120
3118
3117
3117
3115
3114
3114
3114
3113
3112
3111
3111
3110
3107
3105
3101
3100
3099
3099
3098
3098
3097
3096
3095
3092
3091
3090
3089
3088
3088
3087
3085
3085
3084
3082
3082
3081
3080
3077
3075
3072
3072
3071
3071
3070
3068
3068
3063
3062
3061
3060
3059
3057
3056
3053
3051
3051
3048
3047
3047
3046
3046
3045
3045
3045
3041
3040
3040
3039
3038
3038
3034
3033
3033
3033
3033
3030
3029
3029
3028
3025
3024
3023
3021
3021
3020
3020
3019
3019
3019
3017
3017
3013
3012
3012
3011
3011
3010
3009
3008
3006
3004
3003
3003
3002
3002
2995
2993
2992
2988
2987
2986
2986
2984
2984
2984
2983
2982
2981
2980
2980
2979
2979
2978
2978
2976
2976
2975
2972
2971
2969
2968
2968
2966
2964
2963
2961
2960
2960
2959
2959
2957
2957
2956
2956
2955
2954
2953
2953
2950
2950
2950
2950
2947
2943
2943
2941
2941
2940
2940
2939
2937
2935
2933
2933
2932
2931
2931
2931
2931
2931
2931
2928
2928
2928
2928
2926
2921
2920
2919
2919
2918
2917
2917
2916
2914
2914
2913
2912
2912
2909
2907
2907
2907
2906
2906
2903
2903
2901
2901
2899
2898
2896
2893
2893
2893
2892
2891
2890
2890
2890
2889
2889
2888
2887
2885
2885
2883
2882
2882
2880
2879
2877
2876
2875
2872
2872
2872
2871
2871
2869
2867
2866
2865
2864
2864
2864
2861
2861
2860
2859
2858
2857
2855
2854
2853
2852
2852
2851
2850
2850
2849
2845
2845
2842
2841
2841
2841
2840
2840
2840
2840
2839
2839
2839
2838
2838
2838
2837
2837
2837
2837
2836
2836
2835
2835
2834
2834
2831
2830
2830
2830
2829
2828
2827
2826
2825
2825
2823
2822
2822
2822
2821
2821
2821
2820
2814
2814
2811
2811
2809
2809
2808
2808
2807
2806
2805
2805
2805
2805
2805
2804
2804
2804
2801
2801
2801
2798
2797
2797
2795
2793
2793
2793
2792
2792
2791
2790
2790
2789
2789
2783
2783
2783
2782
2781
2781
2781
2780
2779
2779
2778
2775
2775
2775
2774
2774
2772
2772
2771
2771
2771
2771
2770
2769
2768
2768
2767
2767
2767
2764
2764
2763
2763
2762
2761
2760
2759
2758
2754
2754
2754
2753
2753
2752
2751
2750
2748
2745
2745
2743
2742
2740
2740
2740
2740
2737
2736
2735
2734
2734
2733
2732
2732
2729
2729
2728
2728
2727
2725
2724
2721
2721
2720
2719
2718
2718
2716
2713
2710
2709
2709
2709
2709
2709
2707
2706
2704
2704
2703
2703
2703
2702
2702
2701
2701
2701
2700
2700
2700
2699
2699
2698
2696
2696
2695
2694
2692
2692
2691
2690
2690
2690
2688
2686
2686
2684
2684
2682
2681
2681
2679
2678
2678
2678
2678
2676
2675
2673
2672
2670
2669
2668
2667
2667
2664
2664
2664
2664
2664
2663
2663
2663
2662
2662
2662
2662
2662
2662
2661
2660
2659
2659
2659
2658
2658
2658
2657
2657
2656
2655
2654
2653
2652
2650
2648
2646
2644
2644
2644
2642
2642
2642
2639
2638
2637
2635
2635
2635
2633
2633
2632
2632
2631
2630
2630
2629
2629
2628
2626
2625
2625
2620
2619
2619
2618
2617
2617
2617
2617
2615
2615
2615
2614
2614
2614
2613
2613
2612
2610
2608
2608
2607
2607
2605
2604
2603
2602
2602
2600
2600
2599
2599
2598
2596
2594
2594
2593
2592
2591
2591
2590
2589
2589
2586
2583
2581
2580
2580
2580
2577
2575
2573
2571
2570
2570
2567
2566
2566
2565
2565
2564
2563
2561
2561
2561
2560
2559
2557
2554
2553
2552
2552
2550
2549
2548
2547
2546
2541
2541
2541
2538
2538
2537
2535
2534
2533
2533
2533
2532
2530
2529
2528
2528
2527
2526
2524
2524
2523
2521
2520
2520
2520
2520
2519
2517
2516
2516
2515
2514
2512
2512
2510
2509
2509
2508
2507
2506
2506
2505
2504
2503
2501
2499
2498
2498
2496
2496
2493
2492
2492
2491
2490
2487
2485
2485
2484
2484
2483
2482
2479
2476
2475
2473
2472
2470
2470
2468
2468
2467
2467
2467
2465
2462
2460
2459
2458
2454
2453
2452
2452
2451
2449
2449
2449
2448
2448
2446
2445
2444
2444
2444
2443
2442
2442
2441
2441
2441
2440
2439
2438
2437
2437
2436
2434
2431
2430
2430
2429
2429
2428
2426
2426
2426
2426
2422
2422
2421
2421
2421
2420
2416
2415
2415
2412
2410
2405
2404
2404
2403
2403
2403
2402
2402
2401
2397
2396
2395
2394
2393
2393
2393
2393
2393
2391
2390
2390
2390
2387
2386
2385
2384
2384
2383
2381
2381
2381
2380
2378
2378
2377
2375
2375
2375
2373
2369
2369
2367
2367
2367
2366
2366
2365
2364
2363
2362
2362
2361
2361
2360
2359
2358
2358
2356
2356
2356
2356
2355
2354
2354
2353
2353
2352
2350
2350
2346
2346
2345
2342
2342
2342
2341
2340
2338
2337
2337
2336
2335
2334
2334
2332
2332
2331
2330
2329
2328
2326
2324
2324
2323
2323
2323
2321
2317
2314
2314
2313
2313
2313
2312
2311
2311
2310
2310
2310
2310
2309
2309
2309
2308
2307
2304
2302
2302
2299
2299
2297
2297
2291
2291
2291
2289
2289
2288
2288
2287
2285
2284
2283
2282
2277
2277
2276
2276
2276
2274
2274
2273
2273
2273
2269
2269
2269
2267
2266
2266
2264
2264
2264
2264
2263
2263
2263
2263
2262
2261
2260
2260
2259
2258
2257
2257
2257
2256
2253
2252
2252
2251
2251
2250
2247
2247
2246
2245
2244
2244
2243
2243
2242
2242
2241
2240
2239
2239
2238
2238
2237
2234
2234
2231
2229
2228
2228
2225
2223
2223
2222
2220
2216
2215
2213
2212
2209
2209
2208
2208
2208
2207
2206
2206
2205
2205
2204
2203
2203
2203
2201
2199
2197
2196
2195
2195
2192
2188
2181
2180
2180
2180
2179
2179
2179
2178
2178
2177
2176
2176
2173
2173
2173
2172
2172
2171
2169
2168
2163
2162
2161
2160
2159
2158
2157
2157
2155
2154
2154
2153
2151
2151
2150
2148
2145
2144
2142
2133
2133
2132
2132
2131
2130
2130
2130
2129
2128
2127
2126
2123
2122
2121
2121
2120
2120
2119
2118
2116
2115
2114
2114
2113
2111
2111
2110
2109
2109
2109
2108
2105
2105
2105
2104
2104
2103
2101
2099
2098
2097
2096
2095
2093
2091
2090
2090
2089
2088
2086
2085
2085
2082
2082
2081
2081
2081
2080
2080
2078
2078
2075
2074
2072
2071
2070
2068
2067
2066
2065
2064
2064
2062
2062
2062
2062
2060
2058
2058
2057
2055
2053
2053
2053
2052
2052
2052
2052
2048
2048
2046
2046
2045
2044
2044
2043
2043
2041
2040
2039
2038
2038
2036
2036
2035
2031
2030
2028
2028
2026
2025
2025
2025
2024
2024
2024
2023
2023
2021
2021
2019
2018
2018
2016
2014
2011
2010
2007
2005
2004
2004
2001
2001
2000
2000
2000
1997
1996
1995
1995
1995
1994
1993
1992
1991
1990
1989
1988
1986
1986
1985
1984
1978
1978
1976
1976
1975
1975
1974
1973
1972
1970
1967
1965
1963
1962
1962
1961
1960
1960
1958
1956
1955
1954
1954
1953
1952
1952
1952
1952
1950
1949
1948
1948
1947
1947
1946
1946
1946
1946
1944
1941
1939
1939
1938
1937
1937
1936
1935
1935
1934
1932
1932
1930
1930
1930
1929
1929
1928
1927
1926
1926
1926
1925
1925
1924
1924
1924
1923
1922
1921
1920
1919
1919
1918
1918
1917
1917
1917
1916
1914
1914
1913
1911
1907
1906
1906
1905
1904
1903
1899
1897
1897
1897
1896
1896
1895
1893
1893
1892
1891
1891
1890
1890
1890
1888
1888
1888
1886
1885
1883
1882
1881
1881
1881
1880
1879
1879
1878
1878
1877
1874
1874
1873
1872
1871
1870
1869
1868
1867
1867
1866
1866
1861
1861
1860
1860
1860
1860
1860
1858
1857
1855
1854
1853
1853
1853
1852
1852
1851
1849
1847
1847
1846
1846
1845
1844
1843
1843
1841
1838
1836
1833
1833
1831
1830
1829
1827
1827
1821
1821
1820
1819
1818
1817
1815
1815
1815
1813
1813
1812
1812
1812
1811
1810
1809
1809
1808
1808
1807
1806
1805
1804
1803
1803
1802
1801
1801
1799
1798
1798
1797
1797
1797
1797
1797
1795
1795
1794
1794
1793
1793
1792
1791
1791
1791
1790
1786
1785
1784
1781
1780
1780
1777
1775
1775
1774
1774
1774
1773
1771
1770
1769
1767
1766
1766
1765
1762
1762
1760
1760
1759
1758
1758
1756
1756
1755
1753
1753
1753
1751
1750
1750
1750
1749
1748
1748
1747
1747
1747
1746
1744
1742
1742
1740
1738
1736
1733
1732
1728
1728
1724
1724
1723
1723
1722
1720
1719
1718
1717
1716
1716
1715
1714
1712
1711
1710
1709
1709
1707
1705
1705
1705
1705
1704
1703
1702
1702
1698
1698
1696
1695
1694
1694
1693
1691
1691
1690
1689
1689
1688
1687
1686
1686
1686
1683
1683
1682
1682
1681
1681
1681
1681
1680
1680
1678
1678
1677
1675
1675
1675
1673
1672
1672
1672
1671
1670
1670
1668
1666
1666
1665
1664
1660
1660
1659
1659
1657
1656
1656
1656
1655
1654
1653
1652
1652
1650
1649
1648
1647
1646
1645
1641
1641
1640
1640
1639
1639
1639
1638
1638
1637
1633
1632
1632
1631
1630
1630
1629
1629
1628
1628
1627
1627
1626
1621
1617
1616
1614
1611
1610
1609
1608
1606
1605
1605
1604
1603
1602
1601
1599
1598
1596
1595
1594
1593
1592
1590
1589
1588
1588
1587
1587
1587
1586
1585
1584
1581
1580
1580
1580
1578
1578
1577
1577
1576
1574
1573
1573
1571
1570
1570
1567
1567
1565
1565
1565
1563
1563
1562
1561
1561
1561
1557
1557
1556
1555
1554
1552
1551
1550
1549
1548
1547
1545
1544
1543
1543
1541
1541
1541
1539
1538
1537
1536
1534
1534
1531
1529
1528
1526
1526
1525
1523
1522
1521
1520
1519
1519
1517
1516
1515
1515
1513
1512
1511
1510
1509
1509
1507
1506
1506
1504
1504
1501
1501
1498
1497
1494
1492
1492
1490
1489
1489
1488
1486
1486
1485
1484
1484
1484
1483
1483
1482
1482
1480
1480
1480
1480
1480
1479
1479
1478
1478
1478
1476
1476
1475
1473
1473
1472
1470
1469
1468
1467
1464
1462
1462
1461
1458
1457
1457
1456
1455
1455
1454
1452
1452
1451
1448
1447
1447
1445
1445
1443
1443
1442
1439
1438
1437
1437
1436
1435
1434
1434
1433
1433
1431
1430
1430
1430
1430
1428
1425
1424
1424
1423
1420
1420
1415
1415
1414
1411
1411
1408
1408
1408
1407
1406
1405
1403
1402
1401
1401
1401
1400
1400
1399
1398
1397
1397
1396
1396
1396
1395
1392
1392
1391
1391
1391
1388
1388
1387
1387
1386
1386
1383
1381
1381
1381
1380
1380
1380
1379
1378
1376
1375
1373
1371
1370
1370
1368
1368
1366
1365
1364
1363
1363
1362
1362
1362
1361
1361
1360
1359
1359
1358
1357
1356
1356
1356
1355
1352
1352
1350
1348
1348
1348
1347
1347
1347
1343
1341
1340
1339
1339
1337
1337
1334
1334
1330
1330
1329
1328
1328
1327
1327
1327
1326
1326
1325
1323
1323
1322
1322
1322
1321
1321
1319
1318
1317
1317
1316
1315
1313
1312
1311
1310
1307
1306
1305
1303
1303
1303
1301
1301
1301
1300
1299
1297
1297
1297
1296
1295
1292
1291
1288
1287
1286
1286
1286
1286
1285
1283
1281
1278
1276
1276
1275
1274
1272
1271
1271
1271
1270
1269
1268
1267
1267
1264
1263
1260
1260
1258
1258
1255
1255
1254
1252
1252
1251
1251
1249
1249
1249
1249
1247
1245
1243
1242
1241
1240
1240
1239
1238
1237
1236
1234
1233
1230
1229
1229
1229
1229
1227
1226
1226
1224
1224
1223
1219
1219
1217
1216
1215
1215
1214
1214
1213
1213
1212
1212
1210
1209
1207
1207
1207
1205
1205
1204
1201
1201
1201
1199
1199
1198
1197
1196
1194
1192
1191
1191
1189
1189
1188
1187
1186
1184
1183
1183
1182
1182
1181
1181
1178
1175
1175
1174
1173
1173
1171
1171
1170
1169
1169
1169
1168
1168
1168
1167
1167
1166
1165
1165
1165
1162
1161
1161
1160
1160
1159
1158
1156
1156
1156
1154
1154
1153
1151
1151
1148
1148
1147
1147
1146
1146
1146
1145
1144
1144
1144
1144
1144
1143
1143
1142
1141
1140
1136
1135
1135
1134
1133
1132
1130
1130
1130
1129
1129
1128
1128
1126
1126
1126
1125
1122
1122
1122
1122
1120
1120
1117
1117
1115
1115
1115
1114
1114
1113
1112
1112
1111
1111
1111
1110
1109
1109
1109
1108
1108
1105
1104
1104
1104
1102
1101
1100
1100
1098
1097
1097
1096
1095
1092
1090
1089
1088
1085
1083
1083
1083
1081
1080
1078
1077
1077
1076
1076
1075
1075
1075
1074
1072
1072
1071
1070
1066
1066
1065
1065
1064
1063
1063
1062
1062
1062
1062
1062
1061
1058
1053
1052
1052
1051
1049
1047
1047
1045
1044
1043
1039
1038
1037
1037
1036
1035
1033
1031
1031
1029
1028
1027
1025
1024
1022
1022
1019
1018
1017
1017
1017
1016
1013
1012
1011
1011
1011
1010
1010
1010
1008
1008
1007
1006
1004
1004
1003
1002
1002
1002
1001
999
995
993
992
989
989
987
984
983
983
981
980
979
979
977
977
976
975
975
974
974
973
973
972
971
970
970
970
968
968
968
968
967
966
965
964
964
964
963
963
963
962
959
959
958
958
958
957
955
954
951
951
950
945
945
944
943
942
941
941
941
940
940
939
938
938
938
937
937
936
935
934
933
932
932
932
931
931
929
929
926
924
923
923
922
922
922
918
918
917
917
917
916
915
915
914
913
913
913
913
912
912
912
911
910
908
908
908
907
906
905
902
899
898
898
896
896
895
895
894
894
894
893
893
891
891
889
889
886
885
884
883
883
882
882
882
882
881
880
875
874
873
873
872
869
869
868
868
868
867
867
866
864
863
861
861
860
857
856
856
855
850
847
846
846
845
844
844
843
843
842
841
840
840
839
839
837
837
836
836
835
834
834
833
832
830
830
827
825
825
824
823
821
821
819
819
819
817
813
813
812
812
811
806
806
806
805
804
803
802
799
799
798
796
796
795
794
790
787
785
785
784
784
784
783
783
782
782
778
778
777
777
776
773
773
772
772
770
769
769
766
765
762
761
759
758
757
756
754
751
751
751
751
750
750
749
749
749
749
748
748
747
746
745
745
745
742
742
742
741
740
739
739
739
738
737
737
734
733
730
730
728
727
726
721
721
720
718
717
717
715
715
713
712
710
710
710
709
708
708
707
706
705
704
703
703
701
700
700
700
698
698
698
697
697
696
689
687
687
683
683
683
683
682
679
678
675
673
672
671
671
671
671
669
668
668
668
666
665
665
664
664
664
662
660
660
659
656
656
656
655
655
654
652
652
652
652
651
651
651
650
648
647
647
645
644
642
642
641
641
641
640
637
636
633
633
632
630
629
626
626
625
625
623
623
622
622
621
620
619
618
617
616
616
614
614
612
611
611
609
609
607
606
606
605
604
604
603
602
602
602
601
598
597
597
595
594
593
593
586
585
585
585
584
583
583
579
579
577
576
576
575
575
575
574
573
573
571
570
569
563
561
561
561
560
559
558
558
557
554
554
553
553
552
551
551
549
548
547
547
547
546
537
537
537
536
535
534
534
533
533
532
530
530
529
529
529
527
527
525
525
525
520
519
517
516
516
515
515
515
514
513
511
509
509
508
506
506
505
500
499
499
499
495
494
493
493
493
493
492
491
491
491
490
490
488
488
487
484
483
479
477
475
475
475
474
473
470
468
466
466
466
463
460
459
459
459
459
455
455
454
454
453
452
451
451
450
450
447
446
445
443
443
442
442
441
441
440
440
440
439
438
437
437
436
434
434
433
433
432
428
427
427
427
426
426
425
425
423
423
423
422
421
421
421
420
419
418
417
417
417
416
414
411
408
408
408
407
407
405
405
401
400
399
399
398
398
398
396
396
395
394
394
393
392
392
391
390
389
388
386
385
385
385
384
384
383
383
381
380
378
376
376
376
374
373
373
373
372
371
370
369
369
367
366
365
365
365
364
364
361
359
359
358
358
352
347
347
347
346
341
341
338
335
333
331
330
329
326
324
322
320
319
317
315
315
314
314
311
310
309
309
306
304
303
302
301
301
301
300
300
299
299
299
298
297
297
297
296
296
296
296
295
292
292
291
290
289
284
284
283
283
283
283
281
278
278
277
276
275
275
274
271
271
270
269
267
266
266
265
265
262
260
260
259
259
258
257
256
254
253
252
251
250
250
248
248
247
246
244
243
239
238
238
237
237
234
232
231
231
230
230
229
228
227
226
224
223
223
221
220
218
218
218
217
216
215
213
213
213
212
211
210
209
209
206
203
201
201
199
198
198
198
198
194
193
191
191
190
188
187
186
185
183
183
182
182
181
181
177
175
174
174
173
172
170
166
166
164
164
163
162
162
161
161
159
159
158
158
156
156
156
153
153
152
152
151
151
151
149
146
145
144
143
142
140
140
140
139
138
138
134
132
132
130
130
129
128
128
126
124
124
123
123
120
119
118
116
116
116
116
115
115
114
113
110
109
109
103
103
102
101
99
99
98
98
97
96
95
92
92
90
90
89
87
86
86
86
83
83
82
82
81
81
81
80
80
78
76
76
76
76
76
76
76
75
74
72
72
71
69
68
67
67
65
65
64
62
62
60
60
59
58
58
57
57
54
53
53
52
50
49
49
49
47
47
46
46
43
43
43
41
41
40
38
38
37
34
34
33
33
33
32
31
29
29
29
28
26
25
23
23
21
21
21
21
21
19
19
18
18
18
17
16
15
14
13
13
12
11
11
10
10
9
5
4
4
4
3
2
0
0
0
