9998
9998
9998
9998
9994
9992
9991
9991
9990
9990
9987
9987
9984
9984
9982
9981
9978
9977
9975
9973
9973
9972
9972
9971
9970
9969
9966
9965
9965
9964
9964
9964
9964
9962
9961
9961
9961
9960
9959
9958
9958
9956
9956
9948
9947
9946
9944
9943
9943
9943
9940
9939
9937
9937
9936
9935
9934
9931
9927
9927
9927
9926
9926
9925
9925
9925
9923
9922
9921
9920
9918
9917
9917
9917
9917
9915
9914
9913
9912
9911
9908
9908
9908
9907
9904
9904
9902
9900
9900
9896
9896
9896
9894
9893
9892
9891
9890
9890
9889
9886
9886
9885
9885
9880
9879
9879
9877
9877
9875
9874
9874
9874
9871
9870
9869
9869
9868
9867
9866
9866
9865
9864
9864
9862
9862
9861
9861
9860
9859
9859
9858
9857
9856
9856
9856
9856
9856
9855
9855
9854
9852
9850
9846
9845
9845
9844
9843
9842
9842
9841
9841
9837
9836
9835
9835
9834
9834
9833
9831
9831
9830
9829
9829
9827
9827
9825
9824
9824
9824
9824
9823
9823
9822
9822
9821
9819
9815
9815
9815
9815
9814
9813
9812
9810
9810
9809
9809
9807
9805
9804
9803
9803
9803
9802
9801
9801
9799
9799
9798
9796
9793
9793
9787
9786
9786
9784
9784
9782
9782
9780
9780
9780
9780
9778
9776
9775
9773
9768
9768
9767
9766
9766
9763
9757
9755
9753
9753
9752
9752
9750
9748
9748
9748
9747
9746
9745
9745
9743
9743
9742
9741
9740
9739
9739
9737
9737
9735
9735
9734
9734
9734
9729
9726
9726
9724
9723
9722
9722
9719
9716
9716
9716
9715
9712
9712
9710
9710
9708
9706
9704
9704
9703
9701
9700
9699
9698
9697
9696
9695
9693
9691
9688
9687
9687
9687
9684
9684
9683
9683
9682
9682
9682
9682
9681
9680
9680
9677
9676
9676
9674
9670
9670
9668
9666
9666
9666
9665
9664
9664
9663
9663
9662
9662
9662
9661
9660
9660
9659
9658
9658
9656
9656
9654
9652
9650
9649
9649
9648
9645
9644
9644
9644
9642
9642
9641
9641
9639
9639
9638
9637
9636
9635
9633
9630
9630
9630
9628
9628
9627
9626
9624
9624
9623
9623
9622
9619
9619
9617
9617
9615
9615
9614
9613
9612
9611
9609
9607
9606
9603
9603
9600
9599
9599
9599
9599
9596
9595
9593
9592
9592
9592
9592
9591
9591
9588
9588
9587
9584
9582
9579
9579
9577
9577
9573
9571
9570
9570
9568
9568
9567
9565
9564
9564
9564
9563
9562
9562
9562
9561
9558
9557
9556
9554
9553
9551
9550
9549
9548
9547
9547
9546
9545
9544
9544
9543
9542
9541
9541
9539
9539
9538
9538
9538
9537
9535
9535
9535
9535
9534
9533
9531
9531
9528
9527
9526
9525
9524
9524
9523
9523
9523
9523
9523
9521
9521
9519
9519
9516
9515
9514
9514
9512
9511
9507
9507
9506
9504
9503
9503
9502
9501
9498
9497
9495
9494
9494
9493
9491
9491
9490
9489
9488
9488
9488
9487
9485
9484
9483
9483
9481
9479
9477
9477
9477
9476
9474
9474
9473
9473
9472
9472
9471
9470
9470
9467
9467
9466
9464
9463
9463
9462
9462
9462
9462
9459
9459
9458
9458
9457
9456
9456
9454
9453
9452
9452
9449
9448
9448
9447
9447
9446
9445
9444
9444
9444
9443
9442
9440
9440
9439
9438
9438
9437
9437
9436
9436
9435
9435
9434
9434
9433
9432
9432
9432
9432
9432
9432
9430
9430
9429
9428
9427
9426
9425
9425
9424
9424
9423
9423
9422
9422
9422
9421
9421
9421
9420
9419
9418
9418
9417
9416
9415
9413
9412
9411
9410
9409
9409
9408
9408
9405
9405
9404
9403
9403
9403
9402
9400
9399
9398
9396
9392
9392
9392
9391
9389
9388
9386
9384
9384
9384
9383
9382
9380
9378
9377
9377
9376
9375
9375
9375
9375
9374
9374
9374
9371
9367
9366
9365
9363
9363
9362
9361
9349
9347
9346
9346
9345
9344
9343
9342
9342
9341
9341
9341
9341
9340
9339
9337
9337
9337
9334
9332
9331
9330
9330
9329
9329
9329
9328
9326
9325
9323
9321
9317
9316
9315
9315
9314
9314
9312
9311
9311
9310
9310
9310
9309
9308
9307
9306
9305
9304
9302
9301
9300
9300
9299
9298
9296
9296
9295
9294
9288
9288
9287
9284
9284
9280
9280
9279
9278
9277
9277
9277
9276
9276
9275
9273
9273
9272
9271
9271
9270
9270
9269
9269
9268
9267
9267
9266
9265
9264
9263
9262
9261
9256
9251
9251
9250
9250
9249
9248
9247
9247
9245
9245
9244
9244
9243
9241
9240
9240
9239
9237
9237
9235
9233
9232
9232
9231
9231
9230
9229
9229
9229
9226
9226
9223
9221
9221
9221
9221
9221
9221
9218
9218
9217
9217
9217
9216
9216
9211
9210
9209
9208
9205
9204
9203
9203
9203
9200
9200
9200
9199
9199
9198
9198
9197
9197
9197
9193
9193
9192
9190
9189
9189
9189
9188
9187
9187
9186
9186
9185
9184
9183
9181
9181
9181
9180
9178
9177
9177
9176
9176
9176
9176
9175
9174
9171
9169
9169
9168
9167
9165
9164
9164
9164
9162
9162
9161
9161
9160
9160
9159
9159
9157
9157
9156
9156
9155
9154
9154
9151
9151
9151
9150
9150
9148
9147
9144
9144
9144
9143
9140
9139
9139
9138
9137
9136
9135
9135
9132
9131
9131
9128
9128
9128
9128
9127
9126
9124
9124
9124
9122
9121
9121
9121
9120
9118
9117
9117
9115
9112
9112
9112
9111
9110
9109
9107
9106
9105
9103
9098
9097
9095
9091
9091
9090
9089
9089
9089
9089
9088
9087
9086
9085
9084
9082
9082
9081
9080
9080
9080
9079
9078
9078
9077
9076
9075
9075
9074
9073
9072
9072
9072
9070
9070
9070
9068
9068
9067
9063
9063
9062
9061
9059
9059
9059
9058
9057
9056
9052
9052
9051
9047
9044
9043
9041
9039
9039
9038
9038
9037
9037
9036
9035
9032
9032
9031
9030
9029
9028
9028
9027
9027
9027
9026
9025
9022
9021
9020
9018
9015
9014
9014
9013
9013
9013
9012
9011
9011
9009
9009
9008
9008
9008
9007
9006
9005
9003
9002
9001
9001
8999
8998
8997
8996
8995
8992
8989
8989
8987
8986
8985
8984
8980
8980
8978
8975
8975
8974
8973
8972
8971
8971
8968
8968
8968
8967
8967
8965
8964
8962
8961
8960
8959
8957
8953
8953
8952
8952
8951
8951
8951
8949
8949
8948
8948
8948
8947
8945
8944
8941
8940
8934
8934
8934
8934
8933
8930
8929
8929
8928
8928
8925
8925
8924
8923
8922
8922
8921
8921
8921
8920
8918
8917
8916
8916
8915
8914
8913
8913
8912
8911
8909
8908
8907
8907
8906
8904
8902
8901
8900
8899
8895
8893
8892
8891
8891
8891
8889
8889
8888
8887
8885
8885
8882
8880
8873
8872
8871
8871
8869
8868
8868
8866
8862
8861
8861
8860
8859
8859
8858
8858
8856
8856
8855
8848
8848
8846
8844
8844
8844
8843
8842
8842
8841
8841
8838
8838
8838
8833
8832
8832
8831
8831
8830
8829
8829
8828
8828
8828
8828
8827
8827
8826
8822
8821
8821
8820
8819
8818
8817
8816
8816
8815
8814
8814
8813
8813
8812
8810
8810
8809
8809
8809
8809
8809
8808
8808
8807
8807
8806
8805
8804
8803
8803
8802
8802
8802
8800
8799
8797
8796
8795
8794
8793
8793
8793
8792
8792
8791
8791
8790
8788
8788
8787
8785
8783
8783
8783
8782
8780
8779
8779
8779
8779
8778
8777
8776
8775
8775
8774
8773
8773
8771
8771
8770
8768
8766
8766
8765
8765
8764
8762
8760
8760
8756
8756
8756
8754
8754
8754
8751
8747
8746
8745
8745
8744
8738
8737
8735
8733
8732
8727
8726
8726
8726
8725
8723
8720
8720
8720
8719
8716
8715
8713
8712
8712
8711
8710
8709
8708
8706
8705
8705
8704
8702
8702
8702
8702
8700
8699
8698
8698
8697
8697
8697
8696
8696
8695
8694
8693
8693
8693
8693
8691
8691
8690
8689
8687
8686
8684
8684
8682
8682
8682
8682
8680
8679
8678
8678
8677
8675
8673
8672
8671
8671
8669
8666
8665
8664
8664
8663
8660
8660
8659
8658
8658
8655
8654
8653
8650
8649
8649
8648
8648
8647
8645
8645
8643
8642
8641
8640
8640
8640
8638
8637
8636
8636
8636
8634
8634
8634
8633
8633
8633
8632
8631
8631
8630
8629
8626
8624
8621
8620
8620
8619
8619
8618
8618
8618
8617
8617
8616
8616
8616
8616
8616
8616
8613
8613
8611
8611
8610
8609
8609
8609
8608
8608
8607
8605
8605
8604
8603
8602
8600
8599
8597
8596
8596
8594
8593
8592
8591
8591
8589
8589
8589
8586
8583
8582
8582
8582
8581
8581
8581
8581
8581
8580
8579
8579
8579
8576
8574
8573
8573
8572
8571
8569
8568
8567
8567
8567
8566
8563
8563
8562
8561
8560
8560
8559
8559
8556
8556
8554
8554
8553
8553
8552
8552
8551
8550
8547
8546
8544
8542
8541
8541
8540
8538
8537
8537
8537
8536
8535
8534
8534
8533
8530
8527
8526
8525
8525
8525
8524
8523
8521
8521
8521
8520
8520
8519
8519
8518
8517
8516
8515
8515
8515
8514
8510
8509
8509
8508
8507
8506
8506
8503
8503
8502
8502
8500
8500
8500
8498
8498
8498
8493
8493
8492
8492
8492
8491
8489
8488
8487
8484
8482
8482
8480
8480
8480
8479
8479
8478
8477
8475
8474
8474
8474
8474
8473
8471
8470
8469
8469
8467
8466
8465
8465
8463
8462
8462
8461
8461
8461
8460
8459
8459
8459
8457
8457
8456
8455
8455
8454
8453
8452
8450
8449
8448
8448
8448
8447
8447
8446
8445
8445
8443
8443
8442
8441
8439
8438
8437
8437
8436
8435
8435
8434
8433
8431
8430
8428
8428
8428
8428
8427
8423
8423
8423
8421
8421
8421
8419
8418
8418
8417
8415
8414
8412
8410
8405
8405
8404
8404
8402
8402
8400
8398
8398
8398
8397
8397
8397
8396
8394
8393
8393
8391
8391
8390
8390
8389
8387
8386
8385
8381
8381
8380
8380
8379
8379
8378
8378
8378
8372
8370
8369
8369
8367
8367
8366
8366
8366
8365
8363
8363
8362
8362
8360
8359
8358
8358
8358
8357
8356
8355
8354
8354
8354
8353
8352
8351
8350
8346
8345
8345
8344
8344
8342
8342
8340
8338
8337
8337
8337
8337
8336
8336
8335
8335
8335
8333
8333
8331
8331
8331
8330
8329
8329
8328
8328
8324
8324
8323
8322
8322
8319
8319
8319
8316
8314
8314
8313
8313
8312
8312
8311
8310
8309
8309
8308
8306
8305
8305
8303
8302
8302
8301
8300
8299
8299
8298
8297
8296
8295
8295
8295
8293
8293
8292
8291
8291
8290
8290
8288
8288
8287
8286
8284
8284
8283
8282
8282
8281
8281
8280
8279
8279
8274
8274
8274
8271
8270
8269
8269
8269
8268
8268
8267
8267
8266
8266
8264
8264
8263
8263
8262
8261
8261
8261
8261
8258
8258
8257
8257
8255
8254
8251
8250
8249
8248
8245
8245
8244
8244
8243
8242
8240
8240
8239
8238
8236
8235
8235
8231
8226
8226
8226
8225
8225
8225
8224
8223
8223
8223
8221
8220
8219
8219
8218
8215
8214
8214
8214
8212
8212
8212
8212
8211
8210
8209
8209
8208
8206
8205
8204
8203
8202
8200
8200
8197
8197
8197
8195
8194
8193
8192
8190
8189
8188
8187
8185
8182
8178
8177
8177
8176
8176
8176
8173
8173
8171
8171
8170
8170
8168
8168
8166
8163
8161
8161
8160
8160
8159
8158
8157
8155
8154
8152
8151
8149
8148
8147
8146
8146
8144
8143
8142
8141
8140
8140
8139
8139
8139
8138
8135
8133
8132
8132
8132
8131
8130
8129
8128
8128
8127
8126
8126
8125
8124
8123
8123
8122
8121
8119
8119
8118
8118
8117
8115
8114
8112
8112
8112
8110
8110
8109
8108
8107
8106
8106
8105
8102
8102
8101
8101
8098
8097
8095
8094
8092
8092
8089
8089
8088
8088
8088
8086
8086
8084
8083
8083
8082
8081
8080
8079
8076
8076
8075
8072
8072
8069
8068
8068
8067
8063
8063
8060
8059
8059
8058
8057
8056
8056
8056
8055
8048
8047
8047
8046
8045
8045
8044
8044
8043
8042
8042
8041
8040
8040
8039
8039
8039
8037
8037
8036
8035
8035
8035
8034
8033
8033
8033
8031
8030
8030
8030
8030
8029
8029
8028
8028
8027
8025
8025
8025
8020
8020
8019
8017
8016
8016
8016
8016
8015
8015
8012
8012
8011
8011
8011
8011
8010
8010
8009
8008
8007
8006
8005
8004
8001
8000
7999
7997
7997
7996
7996
7996
7994
7992
7991
7988
7986
7984
7983
7980
7978
7975
7975
7975
7974
7974
7974
7974
7973
7971
7971
7968
7966
7966
7964
7962
7961
7961
7959
7959
7959
7956
7955
7953
7952
7950
7950
7948
7946
7944
7943
7941
7939
7937
7936
7936
7935
7933
7933
7933
7931
7931
7930
7928
7928
7928
7927
7926
7925
7924
7924
7924
7920
7919
7918
7917
7917
7914
7914
7912
7911
7908
7908
7908
7907
7906
7905
7904
7904
7902
7901
7897
7896
7894
7893
7893
7891
7891
7891
7886
7884
7883
7883
7882
7879
7878
7878
7877
7877
7876
7876
7876
7875
7873
7873
7872
7872
7869
7869
7868
7868
7865
7865
7863
7862
7861
7860
7859
7857
7857
7857
7856
7853
7852
7851
7850
7849
7848
7847
7847
7846
7846
7845
7843
7843
7842
7842
7838
7836
7835
7835
7834
7833
7831
7829
7828
7825
7825
7824
7823
7820
7818
7816
7815
7815
7815
7812
7811
7810
7809
7808
7808
7807
7803
7802
7801
7799
7797
7797
7797
7796
7796
7794
7793
7793
7791
7791
7790
7790
7790
7789
7789
7789
7788
7787
7786
7786
7786
7785
7785
7785
7785
7785
7784
7783
7781
7781
7781
7778
7777
7777
7776
7774
7773
7771
7770
7769
7769
7768
7768
7767
7767
7766
7763
7763
7761
7761
7761
7761
7759
7759
7758
7756
7756
7755
7754
7752
7751
7751
7750
7750
7748
7746
7745
7745
7744
7744
7743
7742
7741
7741
7740
7740
7738
7736
7735
7734
7733
7733
7733
7732
7732
7732
7732
7731
7731
7728
7727
7726
7726
7726
7726
7725
7724
7723
7722
7722
7720
7720
7719
7719
7719
7716
7712
7710
7710
7710
7709
7709
7709
7708
7708
7707
7705
7705
7705
7702
7701
7700
7700
7699
7699
7698
7698
7697
7696
7695
7694
7694
7694
7693
7693
7692
7692
7691
7691
7689
7689
7689
7687
7687
7687
7686
7685
7685
7684
7683
7683
7683
7682
7676
7675
7674
7673
7673
7672
7671
7670
7670
7669
7667
7667
7667
7667
7666
7665
7664
7664
7664
7661
7661
7660
7660
7659
7658
7657
7656
7656
7656
7655
7655
7655
7653
7651
7651
7648
7645
7645
7644
7644
7643
7643
7641
7641
7640
7640
7637
7637
7637
7636
7635
7634
7632
7632
7632
7627
7626
7625
7625
7624
7624
7622
7618
7617
7616
7615
7613
7610
7610
7608
7608
7608
7608
7607
7606
7605
7603
7601
7601
7601
7600
7599
7598
7598
7596
7595
7595
7594
7591
7590
7588
7584
7583
7583
7582
7582
7580
7580
7577
7577
7575
7575
7574
7574
7574
7573
7572
7572
7571
7571
7571
7570
7569
7568
7564
7563
7563
7562
7560
7560
7560
7556
7554
7553
7550
7549
7548
7548
7548
7547
7545
7544
7544
7544
7543
7543
7542
7542
7542
7541
7540
7540
7539
7539
7538
7538
7538
7538
7537
7535
7535
7533
7533
7529
7528
7526
7526
7525
7524
7522
7521
7521
7518
7516
7515
7514
7512
7512
7511
7510
7509
7509
7508
7508
7508
7508
7507
7506
7506
7506
7505
7504
7503
7503
7503
7502
7502
7500
7500
7498
7498
7498
7495
7493
7492
7491
7491
7490
7483
7482
7482
7482
7480
7480
7477
7477
7477
7475
7473
7471
7471
7471
7471
7470
7467
7465
7464
7463
7462
7460
7460
7459
7459
7459
7458
7458
7458
7456
7456
7455
7454
7454
7453
7452
7452
7450
7447
7446
7445
7441
7441
7440
7440
7439
7437
7437
7436
7435
7434
7433
7433
7433
7433
7432
7432
7430
7429
7429
7428
7426
7423
7423
7422
7422
7420
7420
7420
7419
7417
7417
7417
7416
7416
7415
7415
7413
7412
7412
7409
7407
7407
7407
7407
7405
7404
7403
7403
7401
7400
7399
7398
7397
7394
7394
7393
7392
7389
7388
7385
7385
7384
7384
7384
7384
7383
7382
7382
7382
7380
7380
7380
7379
7379
7378
7378
7378
7377
7375
7375
7374
7368
7368
7368
7368
7366
7365
7364
7361
7360
7359
7359
7357
7356
7355
7353
7352
7347
7344
7343
7343
7340
7338
7338
7336
7334
7333
7329
7327
7326
7325
7322
7321
7320
7320
7320
7319
7318
7317
7316
7316
7315
7315
7308
7308
7307
7305
7304
7304
7303
7303
7300
7298
7298
7297
7296
7296
7295
7293
7292
7291
7291
7288
7287
7286
7286
7282
7280
7278
7278
7278
7277
7272
7270
7270
7267
7267
7265
7265
7264
7263
7262
7262
7261
7258
7257
7256
7253
7253
7248
7245
7244
7243
7243
7241
7239
7239
7239
7239
7238
7238
7238
7237
7236
7236
7235
7235
7235
7233
7232
7231
7231
7230
7229
7229
7229
7228
7228
7228
7227
7227
7226
7225
7225
7223
7223
7219
7217
7215
7215
7214
7214
7214
7214
7211
7210
7209
7208
7208
7206
7205
7205
7205
7204
7203
7201
7200
7200
7200
7198
7197
7192
7191
7189
7189
7187
7186
7184
7182
7181
7181
7178
7178
7177
7177
7175
7175
7174
7173
7171
7171
7170
7169
7169
7169
7168
7168
7168
7168
7167
7166
7163
7161
7161
7160
7160
7157
7155
7155
7155
7153
7152
7152
7151
7148
7148
7147
7146
7146
7145
7143
7143
7143
7143
7143
7143
7142
7141
7141
7138
7138
7138
7138
7137
7136
7136
7135
7133
7132
7131
7131
7130
7129
7129
7129
7128
7127
7127
7125
7124
7123
7121
7116
7115
7115
7113
7113
7111
7110
7104
7103
7102
7102
7102
7100
7099
7097
7097
7097
7094
7094
7092
7092
7088
7086
7086
7085
7084
7081
7079
7078
7078
7078
7077
7077
7077
7077
7076
7075
7073
7072
7071
7071
7070
7070
7070
7068
7067
7063
7060
7060
7059
7059
7058
7058
7057
7056
7056
7055
7054
7053
7053
7052
7052
7052
7052
7052
7051
7047
7047
7046
7046
7044
7043
7043
7040
7040
7040
7039
7038
7038
7036
7035
7034
7034
7033
7031
7030
7029
7027
7026
7026
7025
7025
7025
7024
7021
7021
7020
7020
7017
7016
7015
7014
7014
7013
7012
7011
7011
7011
7010
7010
7009
7009
7009
7007
7007
7006
7005
7005
7004
7004
7004
7004
7004
7002
7002
7002
7001
7001
6999
6998
6997
6995
6994
6994
6993
6992
6992
6991
6989
6987
6987
6983
6981
6980
6978
6977
6977
6976
6975
6975
6975
6974
6974
6973
6973
6972
6971
6969
6968
6967
6967
6966
6966
6966
6964
6964
6963
6963
6963
6963
6962
6962
6961
6959
6959
6959
6958
6957
6957
6957
6954
6954
6953
6953
6950
6949
6948
6947
6946
6946
6946
6946
6945
6944
6942
6941
6939
6937
6935
6935
6934
6934
6934
6933
6932
6931
6929
6929
6927
6925
6925
6925
6924
6921
6917
6915
6914
6914
6913
6913
6909
6908
6908
6907
6905
6903
6902
6900
6898
6898
6898
6897
6893
6893
6892
6890
6890
6890
6888
6887
6887
6887
6886
6884
6882
6882
6881
6881
6881
6881
6880
6879
6879
6878
6878
6878
6876
6876
6875
6874
6874
6874
6874
6874
6873
6873
6872
6871
6871
6869
6869
6866
6866
6866
6866
6865
6864
6860
6860
6859
6859
6858
6858
6858
6857
6856
6855
6855
6853
6853
6852
6850
6850
6849
6848
6847
6842
6842
6841
6840
6839
6838
6836
6835
6830
6828
6828
6827
6823
6822
6822
6822
6821
6821
6820
6819
6817
6817
6816
6813
6812
6812
6811
6810
6809
6808
6808
6807
6806
6805
6804
6804
6803
6800
6799
6798
6798
6797
6796
6796
6795
6793
6793
6792
6790
6788
6788
6788
6787
6787
6786
6786
6785
6785
6784
6784
6783
6779
6779
6778
6777
6777
6775
6773
6772
6771
6770
6770
6769
6768
6766
6766
6766
6766
6765
6765
6764
6764
6761
6761
6760
6758
6756
6754
6754
6751
6748
6748
6747
6746
6746
6745
6745
6744
6744
6744
6743
6743
6743
6742
6739
6737
6737
6735
6734
6733
6732
6730
6729
6728
6728
6728
6727
6727
6727
6727
6726
6726
6726
6726
6725
6725
6725
6724
6723
6723
6722
6722
6722
6721
6721
6721
6720
6720
6719
6719
6719
6719
6718
6718
6717
6714
6714
6714
6709
6709
6709
6705
6703
6700
6699
6698
6696
6695
6694
6694
6694
6694
6693
6693
6691
6689
6688
6687
6685
6685
6684
6683
6682
6681
6681
6679
6678
6678
6678
6676
6676
6675
6674
6674
6673
6673
6673
6672
6672
6671
6669
6669
6669
6668
6667
6667
6667
6667
6666
6666
6666
6665
6665
6664
6664
6663
6662
6661
6660
6659
6659
6658
6655
6654
6653
6653
6653
6650
6649
6649
6648
6647
6646
6646
6645
6644
6644
6643
6642
6642
6640
6640
6639
6639
6639
6638
6637
6637
6636
6636
6635
6635
6635
6633
6627
6626
6624
6624
6622
6621
6619
6618
6617
6617
6616
6615
6614
6612
6612
6611
6610
6610
6609
6609
6609
6609
6609
6608
6608
6608
6606
6605
6603
6601
6601
6600
6599
6598
6596
6596
6594
6594
6592
6591
6591
6588
6588
6586
6586
6585
6585
6585
6583
6582
6582
6579
6578
6578
6578
6577
6573
6571
6571
6570
6569
6567
6566
6565
6565
6564
6563
6562
6562
6561
6560
6559
6557
6557
6556
6555
6552
6552
6552
6551
6549
6548
6545
6543
6541
6539
6537
6537
6537
6535
6535
6534
6534
6534
6532
6532
6531
6531
6531
6530
6529
6529
6528
6528
6527
6526
6524
6523
6523
6521
6521
6521
6520
6520
6520
6517
6517
6516
6514
6514
6512
6512
6511
6509
6509
6507
6507
6506
6504
6503
6503
6503
6502
6502
6501
6500
6499
6499
6498
6496
6495
6494
6493
6492
6491
6491
6491
6490
6490
6487
6487
6487
6486
6485
6485
6483
6483
6482
6480
6480
6478
6477
6477
6475
6472
6472
6469
6469
6468
6468
6467
6463
6463
6462
6460
6458
6458
6458
6457
6457
6457
6457
6456
6456
6455
6454
6452
6450
6446
6445
6442
6442
6441
6437
6437
6433
6432
6429
6428
6428
6426
6426
6426
6423
6422
6421
6419
6416
6415
6414
6414
6413
6412
6412
6411
6411
6409
6409
6409
6408
6407
6406
6406
6406
6405
6403
6402
6402
6401
6401
6400
6400
6399
6398
6397
6396
6395
6394
6394
6392
6390
6383
6383
6383
6382
6382
6380
6377
6377
6377
6373
6371
6370
6369
6369
6368
6367
6367
6366
6365
6365
6364
6363
6363
6361
6360
6358
6358
6358
6358
6357
6357
6357
6354
6353
6352
6351
6351
6350
6349
6348
6348
6345
6344
6344
6344
6341
6339
6338
6338
6336
6335
6334
6333
6333
6332
6331
6330
6329
6329
6329
6327
6326
6324
6323
6323
6320
6320
6320
6320
6319
6319
6319
6318
6317
6316
6315
6314
6313
6312
6312
6311
6310
6308
6305
6304
6303
6302
6301
6301
6299
6299
6299
6297
6295
6292
6291
6290
6289
6289
6288
6287
6286
6286
6285
6284
6279
6278
6278
6275
6272
6271
6271
6271
6271
6270
6270
6265
6265
6265
6264
6264
6263
6261
6259
6259
6258
6258
6257
6256
6256
6256
6255
6255
6254
6253
6252
6252
6252
6251
6251
6251
6250
6248
6246
6246
6244
6242
6241
6240
6240
6239
6238
6237
6236
6234
6234
6233
6232
6231
6230
6229
6229
6228
6228
6226
6226
6225
6224
6224
6223
6222
6221
6217
6216
6216
6216
6215
6210
6208
6207
6207
6207
6203
6203
6202
6202
6201
6200
6199
6198
6197
6196
6193
6192
6192
6192
6190
6188
6186
6186
6184
6184
6184
6184
6183
6180
6179
6179
6179
6179
6178
6178
6174
6174
6173
6173
6173
6173
6172
6170
6169
6166
6166
6164
6163
6163
6162
6161
6158
6158
6157
6157
6156
6155
6154
6153
6152
6151
6150
6148
6148
6146
6145
6144
6144
6144
6143
6142
6138
6138
6134
6134
6134
6134
6133
6133
6130
6130
6128
6128
6127
6127
6126
6126
6125
6124
6122
6122
6121
6120
6120
6119
6118
6117
6117
6115
6114
6114
6114
6113
6111
6111
6111
6109
6107
6107
6106
6105
6104
6102
6101
6101
6100
6100
6099
6098
6096
6096
6095
6095
6094
6094
6091
6091
6091
6088
6086
6086
6086
6085
6085
6085
6084
6080
6079
6079
6078
6077
6076
6076
6076
6075
6075
6075
6073
6073
6071
6070
6069
6067
6067
6066
6065
6065
6064
6064
6062
6062
6062
6058
6056
6056
6056
6056
6055
6054
6054
6054
6053
6053
6052
6051
6051
6049
6049
6047
6046
6045
6044
6044
6043
6041
6041
6040
6040
6040
6039
6039
6037
6036
6034
6033
6031
6030
6029
6028
6027
6026
6025
6025
6023
6023
6023
6023
6022
6022
6020
6019
6019
6019
6017
6017
6014
6014
6013
6011
6011
6010
6010
6010
6007
6006
6005
6003
6002
6001
5999
5998
5998
5997
5996
5995
5994
5993
5992
5991
5991
5990
5988
5987
5985
5982
5982
5981
5981
5980
5980
5979
5979
5978
5976
5976
5976
5975
5975
5974
5972
5972
5972
5968
5965
5965
5965
5964
5963
5961
5958
5958
5956
5956
5955
5955
5955
5954
5953
5950
5950
5949
5948
5947
5945
5944
5944
5943
5943
5942
5940
5939
5938
5937
5937
5936
5936
5935
5934
5933
5933
5930
5927
5927
5926
5924
5923
5921
5921
5920
5919
5919
5919
5919
5917
5916
5915
5915
5912
5912
5912
5911
5905
5903
5902
5901
5899
5898
5897
5896
5894
5892
5892
5891
5890
5888
5887
5887
5887
5886
5886
5886
5885
5885
5884
5883
5883
5880
5879
5877
5876
5875
5874
5872
5870
5867
5866
5866
5866
5864
5863
5863
5860
5860
5859
5856
5855
5854
5854
5854
5853
5853
5852
5852
5851
5846
5842
5842
5840
5840
5838
5837
5837
5837
5836
5836
5836
5834
5831
5830
5829
5825
5825
5824
5824
5824
5822
5821
5819
5818
5818
5817
5814
5814
5813
5811
5810
5808
5807
5805
5805
5804
5803
5800
5799
5797
5797
5797
5795
5794
5793
5792
5791
5789
5788
5787
5786
5783
5780
5775
5773
5772
5772
5772
5771
5770
5768
5768
5767
5765
5764
5762
5762
5761
5761
5758
5758
5758
5758
5758
5757
5757
5756
5756
5754
5750
5750
5750
5749
5749
5749
5746
5745
5743
5741
5737
5737
5737
5735
5734
5734
5733
5731
5731
5727
5727
5726
5726
5725
5723
5722
5721
5720
5720
5720
5719
5719
5718
5717
5713
5713
5712
5711
5710
5710
5709
5709
5705
5699
5698
5696
5696
5694
5692
5692
5690
5690
5689
5687
5687
5684
5684
5684
5682
5682
5681
5680
5680
5679
5679
5676
5675
5672
5671
5671
5671
5670
5670
5669
5669
5668
5666
5666
5665
5665
5664
5663
5662
5662
5661
5658
5658
5657
5657
5657
5653
5653
5651
5651
5651
5648
5648
5647
5647
5646
5643
5640
5640
5636
5634
5633
5632
5631
5631
5630
5629
5624
5624
5621
5621
5621
5619
5619
5618
5617
5617
5617
5616
5616
5615
5613
5613
5613
5611
5611
5611
5611
5611
5610
5606
5605
5605
5604
5603
5603
5603
5602
5602
5600
5599
5598
5597
5597
5596
5595
5595
5592
5591
5591
5589
5589
5585
5581
5580
5580
5579
5579
5578
5576
5575
5575
5574
5573
5572
5570
5569
5569
5568
5567
5567
5566
5566
5566
5565
5564
5563
5562
5561
5560
5559
5557
5557
5557
5556
5555
5555
5554
5553
5553
5552
5551
5551
5549
5548
5548
5546
5545
5544
5544
5544
5543
5543
5543
5542
5542
5542
5540
5539
5539
5538
5535
5535
5533
5532
5531
5529
5529
5529
5529
5526
5526
5526
5525
5525
5523
5523
5522
5522
5521
5521
5520
5519
5519
5519
5518
5518
5516
5515
5514
5513
5513
5512
5511
5510
5509
5509
5509
5508
5507
5505
5505
5505
5504
5503
5503
5503
5501
5500
5500
5499
5498
5497
5493
5493
5491
5491
5489
5488
5488
5487
5487
5486
5486
5483
5483
5482
5481
5481
5481
5480
5480
5478
5477
5477
5475
5475
5473
5473
5471
5469
5468
5468
5467
5465
5464
5463
5461
5460
5459
5458
5458
5456
5456
5456
5455
5452
5450
5450
5449
5448
5446
5446
5446
5446
5442
5441
5441
5441
5439
5438
5438
5438
5434
5432
5431
5430
5429
5429
5426
5425
5425
5423
5419
5415
5415
5413
5413
5412
5412
5410
5407
5407
5405
5404
5404
5403
5402
5400
5399
5399
5399
5398
5398
5396
5396
5395
5393
5393
5392
5389
5388
5388
5388
5386
5386
5386
5385
5384
5381
5380
5380
5380
5380
5378
5378
5377
5376
5375
5367
5366
5365
5364
5364
5363
5363
5362
5360
5359
5358
5358
5358
5356
5356
5353
5350
5349
5347
5344
5344
5343
5343
5340
5339
5339
5337
5337
5334
5333
5333
5331
5331
5330
5330
5330
5329
5329
5328
5328
5328
5325
5325
5325
5323
5322
5320
5320
5318
5317
5317
5316
5316
5314
5310
5309
5308
5307
5306
5305
5305
5305
5303
5303
5302
5302
5301
5299
5298
5298
5295
5295
5292
5292
5291
5287
5286
5286
5285
5282
5281
5279
5279
5277
5277
5277
5276
5275
5272
5272
5272
5271
5270
5267
5267
5266
5265
5263
5263
5262
5260
5260
5257
5255
5254
5254
5252
5252
5250
5250
5250
5247
5246
5246
5244
5242
5242
5242
5240
5240
5239
5239
5239
5239
5237
5237
5236
5236
5235
5235
5233
5231
5229
5227
5225
5225
5224
5223
5222
5217
5217
5217
5217
5215
5215
5215
5214
5214
5213
5213
5212
5210
5209
5209
5208
5206
5204
5203
5201
5201
5201
5200
5199
5197
5193
5191
5190
5189
5189
5189
5186
5186
5186
5184
5184
5183
5183
5182
5182
5181
5179
5178
5177
5176
5176
5176
5174
5174
5174
5173
5170
5168
5166
5166
5165
5165
5161
5161
5161
5159
5159
5157
5157
5157
5156
5156
5155
5155
5153
5150
5148
5147
5145
5143
5143
5142
5139
5137
5136
5135
5133
5131
5131
5129
5127
5127
5127
5126
5126
5125
5125
5124
5124
5123
5123
5122
5120
5118
5117
5117
5114
5111
5111
5110
5106
5104
5104
5103
5102
5102
5102
5101
5100
5096
5094
5093
5092
5092
5091
5090
5090
5089
5086
5086
5086
5085
5084
5083
5081
5078
5075
5074
5072
5072
5071
5071
5071
5071
5069
5068
5066
5066
5065
5064
5063
5059
5059
5059
5059
5058
5058
5057
5056
5055
5054
5053
5051
5048
5048
5048
5047
5044
5044
5042
5042
5040
5038
5037
5035
5034
5034
5032
5031
5030
5029
5027
5027
5027
5026
5026
5026
5024
5023
5022
5018
5016
5015
5013
5013
5013
5013
5010
5010
5008
5005
5004
5001
5001
5000
4997
4997
4996
4994
4993
4992
4992
4991
4990
4990
4988
4988
4987
4987
4987
4984
4983
4981
4980
4979
4979
4979
4978
4978
4976
4976
4971
4971
4970
4968
4965
4964
4963
4960
4960
4959
4958
4958
4957
4956
4955
4955
4954
4952
4951
4950
4948
4947
4946
4946
4945
4945
4943
4941
4941
4941
4941
4939
4938
4938
4937
4937
4937
4935
4935
4934
4932
4932
4927
4926
4926
4920
4920
4920
4919
4918
4917
4916
4914
4913
4912
4911
4910
4909
4908
4908
4907
4907
4906
4905
4901
4900
4899
4898
4898
4898
4897
4897
4895
4894
4893
4893
4893
4893
4893
4891
4891
4891
4890
4888
4888
4887
4886
4886
4881
4876
4873
4871
4871
4869
4867
4867
4866
4866
4865
4864
4864
4863
4862
4862
4860
4859
4859
4857
4857
4855
4855
4854
4853
4852
4849
4847
4847
4847
4845
4845
4844
4844
4842
4842
4840
4839
4837
4836
4836
4836
4835
4835
4835
4835
4834
4833
4832
4830
4830
4828
4828
4828
4828
4827
4826
4824
4822
4822
4821
4819
4818
4818
4817
4816
4816
4816
4814
4814
4814
4813
4810
4809
4807
4805
4804
4803
4802
4801
4801
4801
4800
4800
4799
4797
4797
4794
4792
4791
4790
4790
4789
4789
4788
4788
4787
4786
4783
4782
4782
4782
4782
4781
4781
4780
4779
4778
4777
4776
4776
4775
4775
4774
4773
4772
4769
4767
4767
4767
4765
4764
4764
4764
4763
4759
4759
4758
4758
4756
4755
4755
4754
4754
4752
4751
4746
4746
4745
4745
4744
4744
4743
4742
4741
4741
4738
4738
4738
4736
4736
4734
4734
4733
4732
4731
4725
4722
4721
4719
4718
4717
4717
4716
4715
4715
4713
4712
4712
4710
4709
4709
4708
4707
4707
4705
4704
4704
4704
4704
4703
4700
4699
4699
4699
4697
4696
4695
4695
4693
4692
4690
4689
4689
4688
4688
4687
4687
4686
4686
4685
4684
4684
4683
4682
4681
4680
4677
4676
4675
4674
4671
4671
4670
4670
4668
4668
4666
4666
4665
4665
4665
4665
4664
4664
4663
4661
4658
4658
4657
4656
4656
4655
4655
4653
4652
4652
4651
4650
4649
4647
4645
4642
4642
4641
4641
4640
4635
4635
4634
4634
4633
4632
4632
4632
4629
4628
4628
4627
4627
4625
4624
4623
4623
4623
4622
4622
4622
4621
4621
4619
4619
4618
4617
4616
4613
4613
4613
4612
4611
4608
4607
4606
4602
4601
4599
4599
4598
4598
4597
4597
4596
4595
4595
4591
4588
4585
4585
4583
4583
4582
4582
4580
4578
4577
4576
4575
4575
4574
4570
4570
4569
4569
4568
4565
4564
4564
4562
4562
4562
4559
4557
4557
4554
4552
4552
4552
4551
4547
4547
4547
4547
4544
4542
4541
4540
4540
4538
4538
4537
4535
4534
4534
4532
4532
4529
4527
4526
4526
4526
4523
4521
4521
4520
4520
4520
4519
4519
4518
4518
4518
4518
4517
4516
4515
4514
4511
4511
4511
4510
4507
4506
4505
4504
4503
4503
4501
4500
4500
4499
4498
4496
4495
4494
4494
4488
4488
4484
4482
4481
4480
4480
4478
4478
4477
4477
4477
4476
4475
4474
4473
4473
4472
4472
4472
4470
4470
4468
4468
4465
4464
4464
4464
4464
4463
4463
4462
4461
4460
4459
4457
4457
4457
4457
4452
4449
4448
4446
4446
4445
4444
4442
4440
4439
4436
4435
4432
4432
4431
4431
4430
4429
4429
4428
4426
4425
4424
4423
4423
4422
4421
4421
4420
4420
4420
4419
4418
4418
4418
4415
4413
4413
4412
4412
4408
4405
4405
4404
4402
4402
4401
4401
4400
4398
4397
4394
4394
4393
4392
4391
4390
4390
4389
4387
4387
4387
4386
4385
4384
4384
4381
4379
4379
4378
4376
4375
4375
4374
4374
4371
4365
4364
4363
4362
4362
4362
4359
4357
4357
4357
4357
4356
4353
4351
4350
4349
4348
4348
4346
4345
4344
4343
4343
4340
4340
4339
4338
4338
4338
4337
4334
4333
4332
4332
4331
4329
4329
4328
4328
4327
4327
4327
4326
4325
4325
4323
4322
4322
4321
4318
4317
4314
4313
4313
4313
4311
4309
4309
4309
4308
4306
4305
4304
4303
4301
4301
4301
4301
4300
4300
4299
4297
4296
4293
4291
4290
4289
4289
4288
4286
4284
4281
4280
4278
4278
4276
4273
4272
4272
4271
4271
4270
4269
4267
4265
4264
4263
4262
4262
4262
4260
4259
4259
4259
4258
4257
4255
4255
4254
4253
4251
4247
4247
4245
4244
4244
4243
4242
4242
4242
4241
4240
4240
4239
4238
4238
4237
4236
4236
4235
4235
4232
4232
4230
4229
4228
4227
4227
4227
4226
4225
4223
4221
4220
4220
4218
4218
4216
4216
4213
4212
4208
4208
4207
4205
4204
4203
4203
4201
4200
4200
4199
4199
4198
4196
4196
4195
4189
4188
4188
4187
4186
4183
4182
4178
4178
4178
4176
4174
4172
4170
4170
4170
4167
4166
4164
4162
4160
4160
4160
4156
4156
4155
4155
4155
4153
4151
4150
4148
4147
4147
4146
4146
4141
4141
4140
4140
4139
4139
4137
4136
4136
4135
4133
4132
4132
4131
4130
4130
4129
4129
4127
4125
4125
4124
4120
4119
4119
4119
4117
4116
4116
4114
4114
4112
4112
4108
4107
4107
4106
4106
4104
4104
4104
4103
4103
4103
4103
4101
4100
4100
4099
4099
4098
4095
4095
4093
4091
4091
4091
4091
4090
4089
4088
4086
4086
4085
4085
4085
4082
4081
4079
4078
4077
4076
4076
4075
4075
4075
4074
4073
4073
4072
4071
4071
4071
4070
4069
4067
4065
4065
4065
4064
4061
4061
4057
4057
4057
4057
4056
4056
4055
4055
4055
4051
4046
4045
4044
4044
4041
4040
4039
4038
4036
4034
4033
4033
4032
4032
4032
4031
4030
4029
4029
4028
4026
4024
4024
4024
4023
4023
4022
4020
4020
4019
4018
4018
4015
4014
4010
4008
4008
4007
4007
4006
4004
4002
4001
4001
4000
3999
3997
3997
3996
3996
3995
3993
3993
3990
3989
3988
3984
3982
3982
3980
3979
3979
3977
3975
3975
3975
3974
3973
3970
3970
3967
3962
3960
3960
3958
3958
3955
3954
3954
3953
3951
3951
3948
3948
3947
3946
3946
3945
3943
3943
3943
3942
3941
3940
3939
3938
3938
3936
3936
3935
3934
3934
3933
3933
3932
3932
3930
3930
3930
3929
3928
3928
3926
3925
3924
3923
3923
3922
3921
3921
3920
3919
3918
3918
3918
3917
3917
3916
3916
3915
3915
3915
3914
3910
3910
3910
3909
3907
3907
3906
3904
3903
3903
3902
3901
3900
3899
3899
3899
3897
3896
3896
3895
3895
3894
3893
3889
3888
3887
3886
3885
3885
3883
3883
3883
3883
3882
3879
3878
3878
3876
3876
3875
3874
3873
3873
3872
3869
3869
3868
3867
3867
3866
3866
3866
3865
3865
3864
3864
3864
3862
3862
3862
3860
3860
3860
3859
3858
3857
3854
3854
3852
3850
3849
3848
3848
3847
3847
3846
3845
3845
3845
3842
3842
3842
3841
3841
3840
3839
3839
3839
3837
3837
3836
3835
3835
3833
3832
3829
3828
3827
3827
3826
3826
3826
3824
3822
3821
3821
3819
3817
3816
3816
3815
3815
3814
3811
3811
3807
3807
3806
3804
3804
3803
3803
3802
3800
3800
3799
3798
3798
3797
3796
3796
3795
3792
3792
3791
3790
3789
3788
3787
3786
3784
3781
3780
3779
3778
3777
3776
3775
3774
3773
3772
3772
3771
3770
3770
3770
3769
3768
3768
3768
3766
3766
3766
3765
3765
3764
3762
3760
3759
3758
3757
3756
3755
3754
3754
3753
3752
3752
3750
3748
3747
3746
3744
3744
3741
3740
3740
3738
3738
3737
3737
3736
3735
3735
3734
3734
3732
3731
3731
3728
3727
3726
3724
3724
3724
3724
3722
3721
3720
3719
3718
3717
3717
3717
3715
3714
3712
3712
3711
3710
3710
3709
3709
3708
3707
3707
3702
3700
3700
3699
3699
3697
3697
3694
3693
3693
3693
3692
3691
3691
3690
3688
3688
3687
3684
3684
3682
3681
3680
3680
3680
3679
3679
3675
3672
3671
3670
3666
3665
3664
3663
3663
3662
3662
3662
3662
3660
3660
3660
3660
3657
3657
3657
3656
3656
3655
3655
3654
3651
3651
3650
3650
3648
3646
3645
3645
3645
3644
3643
3642
3639
3639
3637
3636
3636
3634
3633
3632
3632
3631
3629
3627
3626
3626
3625
3624
3624
3623
3621
3620
3618
3616
3616
3615
3612
3610
3609
3608
3607
3603
3603
3601
3597
3597
3597
3597
3596
3594
3593
3592
3591
3590
3589
3589
3589
3587
3587
3585
3584
3584
3583
3583
3583
3581
3581
3580
3579
3579
3578
3577
3577
3575
3575
3575
3573
3573
3572
3572
3571
3571
3568
3568
3567
3566
3564
3562
3561
3560
3559
3559
3557
3557
3556
3555
3555
3553
3552
3552
3551
3548
3546
3544
3543
3543
3542
3540
3540
3539
3537
3535
3534
3533
3533
3533
3525
3523
3523
3522
3521
3521
3520
3519
3518
3518
3517
3517
3517
3516
3516
3515
3515
3511
3509
3507
3505
3504
3504
3504
3503
3503
3502
3498
3498
3495
3494
3493
3493
3491
3490
3490
3488
3487
3487
3487
3484
3483
3483
3482
3481
3481
3481
3479
3479
3478
3478
3477
3476
3475
3475
3473
3472
3472
3471
3470
3466
3465
3464
3464
3464
3463
3462
3461
3461
3460
3456
3455
3455
3453
3453
3453
3452
3451
3450
3450
3449
3447
3446
3446
3445
3445
3444
3443
3442
3440
3439
3439
3438
3435
3434
3434
3434
3434
3433
3432
3431
3430
3430
3429
3429
3428
3427
3427
3426
3425
3424
3423
3423
3422
3420
3420
3420
3419
3419
3418
3416
3416
3414
3414
3413
3413
3413
3412
3412
3410
3409
3409
3408
3405
3403
3401
3400
3400
3399
3399
3399
3396
3396
3394
3394
3392
3391
3390
3389
3387
3386
3385
3385
3383
3382
3381
3376
3374
3371
3370
3368
3368
3366
3366
3365
3364
3364
3364
3363
3363
3363
3362
3362
3361
3361
3356
3356
3354
3354
3353
3352
3352
3351
3351
3350
3350
3348
3348
3344
3340
3336
3336
3334
3333
3333
3332
3332
3330
3329
3329
3328
3327
3326
3325
3324
3322
3322
3318
3317
3316
3316
3314
3312
3312
3312
3311
3310
3310
3309
3309
3308
3306
3306
3306
3302
3302
3302
3297
3297
3296
3296
3295
3295
3291
3291
3289
3287
3286
3285
3285
3278
3278
3276
3276
3275
3274
3272
3272
3272
3271
3270
3270
3267
3267
3265
3264
3263
3263
3263
3263
3260
3260
3260
3259
3256
3256
3255
3255
3254
3254
3253
3253
3253
3252
3251
3251
3251
3250
3248
3248
3246
3245
3244
3244
3243
3242
3241
3241
3240
3240
3240
3238
3236
3236
3234
3234
3232
3231
3231
3228
3228
3226
3222
3220
3219
3219
3217
3217
3217
3217
3217
3216
3216
3215
3215
3214
3214
3211
3211
3210
3209
3209
3208
3208
3205
3205
3201
3200
3199
3199
3197
3197
3196
3196
3196
3195
3194
3194
3193
3192
3191
3190
3189
3189
3189
3185
3185
3184
3183
3182
3182
3182
3180
3180
3178
3177
3176
3175
3173
3171
3168
3168
3167
3166
3166
3162
3162
3154
3154
3151
3151
3151
3150
3150
3147
3147
3147
3146
3141
3133
3133
3130
3128
3127
3126
3126
3125
3125
3122
3120
3120
3119
3119
3119
3119
3118
3118
3117
3116
3115
3115
3113
3112
3111
3110
3109
3109
3104
3102
3101
3100
3098
3097
3094
3093
3093
3092
3091
3091
3090
3090
3086
3085
3083
3081
3079
3079
3079
3073
3073
3072
3072
3070
3069
3069
3069
3069
3068
3068
3068
3066
3063
3063
3063
3062
3062
3062
3062
3061
3058
3057
3055
3055
3052
3052
3051
3049
3049
3049
3047
3046
3043
3043
3042
3042
3041
3041
3040
3040
3040
3039
3039
3038
3037
3034
3034
3033
3031
3030
3030
3028
3028
3023
3021
3021
3016
3014
3014
3013
3010
3009
3008
3008
3008
3006
3006
3005
3004
3002
3001
3000
2999
2998
2997
2997
2995
2990
2989
2989
2988
2988
2987
2986
2985
2981
2981
2981
2980
2980
2979
2979
2978
2977
2975
2975
2974
2973
2973
2973
2972
2971
2971
2968
2966
2963
2963
2960
2960
2960
2959
2959
2956
2955
2954
2953
2952
2951
2951
2949
2949
2949
2948
2944
2943
2943
2943
2942
2939
2938
2937
2935
2935
2935
2935
2934
2932
2932
2932
2928
2926
2924
2924
2924
2923
2923
2923
2922
2922
2921
2919
2919
2917
2914
2913
2913
2912
2912
2911
2911
2910
2909
2906
2906
2905
2905
2904
2904
2904
2902
2902
2902
2900
2899
2898
2898
2896
2895
2894
2893
2892
2892
2891
2890
2889
2887
2886
2886
2885
2884
2882
2878
2876
2875
2874
2874
2874
2872
2872
2870
2870
2869
2869
2869
2868
2867
2866
2864
2864
2863
2862
2861
2861
2860
2860
2859
2859
2858
2857
2857
2857
2857
2857
2856
2855
2854
2854
2852
2850
2849
2848
2847
2846
2845
2845
2844
2844
2843
2842
2842
2842
2842
2841
2839
2838
2837
2837
2837
2836
2835
2833
2828
2827
2826
2824
2824
2821
2821
2821
2819
2818
2816
2816
2815
2815
2814
2814
2813
2812
2812
2812
2812
2812
2812
2811
2811
2811
2807
2806
2805
2805
2805
2805
2802
2801
2800
2800
2795
2793
2791
2791
2789
2788
2787
2787
2786
2785
2784
2784
2782
2781
2780
2780
2779
2779
2779
2778
2778
2774
2772
2771
2771
2770
2770
2769
2769
2765
2764
2764
2764
2763
2762
2760
2759
2759
2758
2758
2758
2757
2757
2755
2754
2752
2750
2748
2748
2747
2747
2746
2746
2746
2744
2743
2742
2742
2742
2741
2741
2741
2740
2735
2734
2732
2731
2731
2731
2729
2729
2725
2725
2723
2722
2721
2721
2719
2719
2716
2715
2715
2710
2709
2708
2708
2707
2706
2706
2705
2703
2702
2702
2702
2702
2700
2700
2697
2695
2694
2694
2693
2691
2690
2689
2687
2684
2684
2684
2683
2683
2679
2679
2672
2671
2670
2669
2669
2666
2666
2664
2661
2659
2658
2657
2656
2654
2653
2652
2652
2650
2650
2649
2649
2646
2646
2645
2644
2642
2641
2640
2638
2638
2637
2636
2635
2634
2632
2631
2631
2629
2625
2624
2623
2619
2619
2618
2616
2616
2613
2612
2610
2610
2608
2608
2608
2607
2607
2607
2607
2606
2606
2606
2605
2605
2605
2602
2599
2599
2598
2598
2598
2597
2597
2597
2595
2592
2590
2590
2589
2587
2587
2587
2587
2586
2584
2583
2581
2581
2581
2580
2577
2575
2574
2574
2571
2570
2570
2570
2569
2569
2567
2567
2565
2565
2564
2563
2563
2562
2561
2561
2560
2560
2560
2559
2558
2556
2555
2555
2554
2553
2552
2552
2552
2550
2549
2548
2547
2547
2545
2544
2542
2542
2541
2541
2540
2539
2539
2539
2536
2534
2534
2534
2531
2531
2528
2527
2527
2527
2526
2525
2524
2522
2522
2522
2520
2519
2518
2517
2517
2515
2508
2507
2507
2505
2504
2504
2504
2503
2502
2502
2500
2499
2498
2494
2491
2490
2488
2487
2486
2486
2485
2485
2483
2482
2482
2481
2480
2479
2478
2477
2477
2477
2477
2474
2474
2474
2473
2472
2472
2470
2469
2469
2468
2467
2466
2466
2465
2464
2463
2460
2458
2458
2457
2456
2456
2456
2454
2453
2452
2452
2451
2450
2450
2449
2448
2446
2445
2445
2444
2442
2440
2439
2439
2439
2437
2437
2436
2436
2436
2436
2434
2433
2431
2430
2429
2428
2427
2427
2425
2425
2424
2423
2423
2421
2420
2419
2419
2418
2417
2416
2416
2416
2414
2412
2410
2410
2408
2408
2408
2407
2407
2405
2403
2401
2400
2399
2398
2398
2397
2397
2396
2395
2395
2393
2393
2392
2390
2390
2390
2390
2388
2388
2387
2387
2384
2383
2383
2382
2382
2381
2380
2379
2379
2378
2378
2377
2377
2377
2376
2375
2375
2372
2371
2371
2367
2367
2366
2366
2365
2365
2365
2364
2364
2363
2363
2363
2361
2358
2357
2354
2352
2351
2351
2350
2348
2347
2347
2347
2346
2346
2344
2344
2343
2340
2337
2336
2335
2335
2334
2333
2332
2330
2329
2329
2329
2328
2324
2324
2322
2322
2321
2320
2320
2319
2318
2317
2316
2314
2314
2314
2313
2312
2312
2310
2309
2309
2307
2305
2305
2304
2303
2303
2302
2302
2302
2301
2300
2300
2300
2300
2299
2297
2297
2297
2295
2291
2290
2288
2287
2286
2286
2284
2283
2282
2279
2278
2278
2278
2277
2277
2276
2276
2274
2273
2272
2271
2271
2271
2270
2268
2268
2267
2265
2265
2264
2263
2262
2258
2255
2251
2251
2250
2247
2244
2243
2242
2240
2240
2240
2239
2239
2234
2234
2234
2232
2231
2231
2231
2230
2230
2224
2222
2222
2221
2219
2219
2219
2218
2216
2216
2214
2212
2212
2209
2206
2206
2206
2206
2205
2204
2204
2203
2201
2200
2197
2194
2193
2192
2191
2191
2188
2187
2187
2184
2182
2181
2181
2180
2178
2178
2177
2177
2177
2176
2175
2174
2173
2171
2171
2169
2168
2168
2167
2167
2166
2165
2164
2164
2162
2160
2157
2156
2156
2155
2154
2153
2153
2153
2151
2150
2150
2150
2149
2149
2147
2147
2146
2146
2146
2145
2144
2144
2143
2142
2142
2142
2140
2138
2138
2137
2136
2136
2135
2135
2134
2134
2130
2129
2128
2128
2128
2126
2126
2125
2123
2121
2120
2120
2119
2118
2118
2118
2117
2117
2117
2112
2111
2110
2109
2107
2104
2104
2103
2103
2100
2100
2099
2099
2097
2094
2094
2094
2093
2093
2091
2088
2088
2087
2086
2084
2084
2084
2083
2082
2081
2081
2080
2079
2078
2078
2076
2076
2074
2074
2071
2071
2070
2070
2069
2069
2069
2068
2068
2068
2065
2063
2062
2062
2060
2059
2058
2057
2056
2055
2054
2054
2053
2050
2048
2046
2045
2044
2043
2041
2039
2037
2033
2033
2032
2028
2026
2025
2024
2022
2022
2021
2021
2021
2020
2020
2017
2016
2016
2016
2016
2016
2015
2014
2011
2010
2007
2007
2006
2006
2003
2003
2002
2001
2000
2000
1998
1996
1996
1994
1994
1994
1993
1993
1992
1992
1990
1990
1990
1989
1987
1986
1985
1985
1984
1984
1984
1983
1982
1981
1980
1978
1978
1977
1977
1974
1974
1974
1973
1972
1971
1969
1969
1968
1968
1967
1967
1967
1967
1965
1964
1963
1963
1961
1961
1960
1959
1959
1959
1958
1958
1957
1957
1954
1952
1951
1951
1949
1948
1948
1947
1947
1947
1946
1944
1942
1942
1940
1938
1937
1936
1936
1934
1934
1929
1928
1925
1925
1923
1921
1920
1919
1919
1919
1918
1918
1918
1917
1917
1916
1915
1914
1914
1913
1911
1909
1909
1907
1907
1906
1906
1906
1905
1905
1905
1899
1899
1899
1895
1892
1892
1892
1892
1891
1891
1891
1889
1887
1887
1886
1886
1886
1885
1885
1882
1882
1882
1881
1879
1878
1878
1877
1876
1873
1873
1872
1870
1868
1866
1862
1862
1861
1860
1860
1859
1859
1859
1857
1856
1855
1855
1852
1852
1851
1851
1845
1844
1843
1842
1840
1840
1839
1838
1836
1835
1834
1832
1830
1830
1828
1827
1827
1826
1825
1824
1823
1823
1821
1821
1820
1819
1819
1818
1816
1816
1815
1815
1815
1814
1813
1812
1806
1805
1804
1802
1801
1801
1800
1799
1799
1796
1795
1795
1795
1794
1794
1793
1792
1792
1792
1791
1789
1789
1788
1788
1788
1786
1786
1786
1784
1784
1783
1783
1779
1778
1775
1775
1774
1774
1773
1773
1772
1772
1769
1769
1769
1769
1768
1766
1766
1765
1764
1764
1763
1761
1760
1760
1760
1759
1757
1757
1756
1755
1751
1751
1751
1751
1751
1750
1749
1748
1747
1746
1745
1744
1740
1740
1739
1739
1738
1738
1737
1736
1736
1733
1732
1732
1732
1732
1730
1729
1728
1727
1727
1724
1723
1722
1721
1721
1717
1715
1715
1715
1714
1712
1711
1711
1707
1706
1706
1706
1706
1704
1703
1702
1700
1700
1699
1698
1698
1697
1696
1696
1692
1691
1691
1690
1689
1687
1685
1684
1682
1681
1680
1679
1678
1677
1677
1677
1675
1675
1673
1673
1672
1669
1669
1667
1667
1667
1666
1665
1665
1664
1664
1660
1660
1660
1659
1659
1658
1658
1657
1657
1656
1655
1654
1652
1652
1651
1651
1648
1646
1645
1644
1643
1642
1641
1639
1639
1637
1636
1633
1633
1633
1633
1632
1632
1631
1628
1627
1627
1626
1625
1624
1623
1623
1621
1621
1619
1618
1614
1614
1613
1613
1613
1613
1613
1612
1611
1610
1610
1609
1609
1609
1609
1605
1604
1604
1603
1602
1602
1602
1600
1600
1600
1600
1599
1599
1599
1598
1596
1596
1595
1594
1593
1591
1589
1587
1586
1586
1585
1585
1584
1584
1582
1580
1578
1576
1575
1570
1568
1566
1566
1565
1563
1561
1560
1558
1558
1558
1557
1556
1555
1554
1554
1553
1553
1552
1551
1551
1551
1550
1550
1549
1549
1548
1547
1547
1547
1547
1545
1544
1544
1543
1543
1542
1540
1538
1537
1535
1535
1534
1532
1529
1528
1528
1528
1527
1525
1525
1524
1523
1523
1518
1518
1517
1515
1515
1514
1514
1513
1511
1511
1509
1508
1508
1508
1508
1507
1506
1505
1503
1502
1501
1499
1499
1499
1499
1498
1498
1497
1496
1495
1493
1493
1490
1483
1483
1482
1481
1480
1480
1479
1479
1478
1478
1477
1476
1475
1475
1473
1473
1470
1468
1468
1467
1467
1464
1464
1463
1462
1461
1460
1459
1459
1458
1457
1457
1456
1456
1455
1453
1452
1451
1450
1450
1449
1447
1447
1447
1447
1446
1445
1445
1444
1443
1443
1442
1441
1438
1438
1437
1437
1436
1435
1434
1434
1433
1433
1433
1431
1431
1430
1428
1426
1424
1423
1423
1422
1422
1421
1421
1420
1420
1419
1419
1418
1417
1415
1415
1414
1414
1413
1413
1411
1410
1410
1409
1408
1408
1408
1406
1404
1404
1403
1403
1402
1401
1401
1401
1400
1399
1397
1396
1395
1392
1392
1391
1390
1387
1387
1387
1386
1385
1384
1382
1382
1381
1380
1380
1380
1380
1379
1378
1378
1378
1377
1376
1376
1374
1374
1373
1373
1372
1372
1371
1370
1370
1369
1368
1368
1367
1366
1366
1366
1365
1364
1362
1361
1355
1354
1353
1353
1352
1350
1350
1348
1347
1346
1343
1342
1341
1341
1340
1339
1339
1337
1337
1336
1335
1335
1335
1334
1334
1334
1332
1332
1332
1331
1330
1330
1328
1328
1327
1326
1324
1324
1323
1323
1321
1321
1320
1320
1320
1319
1319
1318
1316
1315
1314
1313
1311
1311
1310
1309
1307
1305
1303
1303
1299
1298
1298
1297
1297
1297
1296
1296
1296
1295
1294
1294
1293
1292
1292
1291
1291
1290
1289
1288
1286
1286
1286
1286
1285
1285
1285
1284
1283
1283
1282
1281
1281
1280
1279
1279
1277
1276
1276
1273
1272
1271
1271
1270
1270
1269
1269
1268
1267
1266
1265
1265
1264
1263
1263
1258
1258
1257
1256
1251
1251
1249
1249
1247
1246
1245
1244
1244
1244
1243
1243
1243
1242
1242
1240
1238
1236
1236
1235
1232
1230
1229
1228
1228
1226
1226
1225
1224
1224
1222
1221
1220
1220
1219
1218
1218
1217
1216
1211
1211
1209
1208
1208
1207
1206
1204
1204
1204
1203
1202
1202
1201
1200
1200
1200
1195
1195
1194
1194
1193
1192
1192
1191
1190
1189
1188
1188
1185
1185
1184
1180
1180
1178
1177
1177
1176
1172
1169
1167
1167
1167
1166
1165
1163
1163
1161
1161
1160
1159
1158
1158
1158
1157
1156
1155
1155
1151
1151
1150
1150
1150
1150
1149
1149
1147
1147
1146
1146
1144
1144
1144
1143
1143
1142
1142
1141
1140
1138
1137
1137
1137
1137
1136
1134
1134
1134
1134
1133
1132
1129
1129
1128
1127
1127
1124
1123
1123
1121
1121
1120
1118
1118
1118
1112
1110
1110
1109
1108
1105
1104
1103
1103
1103
1102
1101
1101
1100
1100
1099
1098
1096
1095
1091
1090
1090
1089
1089
1088
1088
1087
1083
1081
1081
1078
1078
1074
1073
1073
1072
1070
1070
1070
1068
1067
1066
1065
1064
1062
1061
1060
1059
1058
1057
1054
1054
1053
1053
1052
1052
1051
1050
1049
1048
1047
1046
1046
1045
1045
1045
1045
1044
1044
1043
1042
1042
1041
1040
1040
1040
1039
1039
1038
1036
1034
1033
1032
1031
1031
1030
1029
1029
1029
1028
1027
1027
1027
1027
1025
1024
1024
1024
1023
1023
1022
1021
1020
1019
1019
1018
1017
1016
1016
1015
1015
1014
1013
1013
1011
1010
1009
1009
1008
1007
1006
1004
1002
1002
999
999
998
994
994
993
992
991
991
990
989
989
988
987
985
985
984
984
983
982
980
980
979
978
977
973
972
972
972
970
965
964
962
961
961
960
959
958
958
958
957
957
956
956
956
956
955
955
953
953
952
952
952
951
950
949
949
944
944
943
943
943
940
938
938
938
935
934
934
933
933
929
928
927
926
925
925
925
925
922
922
921
921
921
921
918
917
916
915
915
913
912
912
911
910
909
908
907
906
905
903
902
902
902
901
901
901
899
899
898
894
893
891
891
890
889
889
888
887
887
886
886
885
884
883
881
881
880
878
877
877
875
874
872
872
869
868
867
867
867
867
865
865
864
862
861
857
854
853
852
851
850
849
849
849
848
847
844
844
844
842
841
841
838
837
835
835
835
834
834
832
832
831
831
830
830
827
826
826
825
824
824
819
817
816
815
812
812
811
811
809
808
808
807
807
806
806
805
803
803
802
802
800
799
798
795
792
792
791
789
787
787
786
786
784
782
781
780
778
778
777
773
771
770
769
766
766
764
763
763
760
759
758
756
754
754
750
748
748
747
747
746
745
743
742
742
741
741
738
738
737
736
734
734
734
731
731
727
727
725
723
722
718
717
717
716
715
715
715
714
713
712
712
711
711
710
707
703
702
702
700
697
696
694
694
693
693
692
692
692
691
690
689
689
689
689
687
686
685
685
685
685
683
683
679
676
676
675
674
674
673
672
668
666
664
664
663
662
661
660
660
659
659
656
656
656
652
652
650
649
648
647
646
643
643
642
642
641
640
639
637
637
634
634
633
632
630
628
625
625
625
624
622
622
617
616
615
613
612
610
609
609
607
605
603
603
602
600
597
597
597
597
597
596
594
594
594
590
587
586
586
585
585
581
581
580
580
579
578
578
577
577
576
575
575
575
574
573
573
573
570
569
568
568
567
567
567
566
565
565
564
563
563
562
561
561
561
560
559
559
558
555
554
553
553
553
552
551
549
547
545
544
543
543
542
542
542
541
541
541
540
537
532
531
530
530
529
529
527
526
525
524
524
524
523
523
522
522
519
517
517
517
517
517
516
515
515
515
514
512
510
509
508
508
508
507
507
504
503
503
501
501
500
499
499
496
495
494
493
491
491
490
490
490
490
490
489
489
489
488
488
485
484
482
479
478
478
476
476
475
474
474
471
470
470
469
467
467
467
466
462
461
460
459
458
457
457
457
456
455
455
454
454
454
453
453
453
453
449
447
446
446
444
444
443
442
442
441
441
441
439
437
437
435
435
434
433
433
432
432
431
430
428
427
426
425
424
424
423
422
421
420
419
418
418
418
416
415
415
414
413
411
409
408
407
407
406
406
405
405
404
401
401
401
401
401
399
397
397
396
396
392
392
392
391
390
388
387
386
385
383
383
382
382
381
380
374
373
372
371
370
368
367
367
363
363
362
361
361
358
357
357
356
355
355
354
353
352
351
350
349
348
347
345
344
343
342
342
341
340
339
339
338
337
336
335
333
333
333
333
332
331
329
326
324
322
321
320
319
318
318
318
317
317
317
316
315
315
311
307
305
303
302
299
298
298
298
296
296
296
294
293
292
290
289
288
286
285
282
282
281
280
276
276
275
275
275
274
273
271
268
268
267
267
266
262
262
259
258
258
257
256
251
250
249
249
248
248
248
245
243
243
242
239
239
239
238
237
236
236
235
234
231
230
229
227
225
225
224
224
220
218
216
216
215
215
215
214
210
210
209
207
207
206
204
204
203
203
202
202
201
201
199
198
193
192
192
192
190
188
187
185
183
182
181
181
178
178
178
177
176
174
173
172
171
170
170
169
167
166
166
162
162
161
161
161
158
157
156
155
155
152
151
150
150
148
148
147
144
144
143
143
141
140
139
138
138
137
136
136
134
132
132
131
131
130
130
129
128
127
127
127
127
127
125
125
125
122
119
112
112
111
111
110
110
110
107
106
105
104
102
100
100
96
94
93
91
90
89
89
89
86
85
84
83
82
82
78
75
74
74
74
72
69
69
68
65
62
62
61
61
59
56
56
56
55
52
52
52
50
48
46
45
44
43
43
43
42
41
41
40
37
37
33
33
33
29
29
29
29
26
25
24
23
23
22
22
21
19
19
18
18
16
15
14
13
10
10
9
8
8
8
8
7
7
6
6
5
5
3
2
1
1
