9998
9998
9997
9997
9997
9997
9996
9994
9993
9993
9992
9989
9989
9988
9988
9986
9986
9985
9985
9985
9985
9985
9983
9982
9980
9979
9978
9978
9977
9977
9977
9975
9974
9973
9971
9971
9971
9970
9970
9968
9968
9968
9968
9967
9967
9964
9963
9963
9962
9961
9961
9960
9959
9959
9958
9957
9955
9953
9953
9953
9946
9945
9942
9942
9942
9941
9940
9938
9937
9936
9935
9934
9934
9933
9933
9932
9932
9931
9930
9930
9929
9928
9927
9926
9924
9922
9920
9919
9919
9918
9917
9915
9914
9911
9911
9911
9909
9908
9907
9907
9907
9906
9906
9906
9905
9905
9904
9903
9903
9902
9902
9901
9900
9900
9899
9898
9896
9895
9894
9892
9887
9887
9885
9885
9884
9884
9882
9882
9881
9880
9879
9878
9876
9876
9875
9874
9873
9872
9870
9868
9866
9864
9863
9862
9860
9858
9857
9857
9856
9855
9854
9853
9853
9852
9851
9849
9848
9847
9846
9845
9843
9842
9839
9838
9836
9836
9834
9833
9832
9831
9831
9827
9827
9827
9827
9827
9825
9825
9825
9824
9824
9823
9823
9822
9820
9820
9820
9819
9818
9818
9816
9816
9816
9815
9814
9813
9812
9812
9811
9811
9810
9810
9809
9809
9809
9809
9808
9808
9806
9806
9804
9804
9803
9803
9802
9802
9800
9800
9798
9796
9795
9795
9794
9791
9791
9787
9785
9785
9782
9782
9781
9780
9779
9776
9775
9773
9770
9768
9767
9767
9766
9766
9765
9765
9764
9764
9764
9762
9757
9757
9757
9757
9757
9757
9754
9753
9753
9751
9750
9749
9748
9747
9745
9744
9744
9742
9740
9739
9737
9737
9736
9734
9733
9732
9731
9731
9730
9730
9730
9729
9729
9729
9728
9728
9726
9725
9721
9720
9720
9720
9720
9720
9719
9718
9717
9717
9716
9716
9716
9715
9715
9714
9713
9713
9713
9712
9711
9711
9710
9709
9709
9708
9706
9703
9703
9703
9698
9698
9697
9695
9694
9694
9692
9692
9691
9690
9686
9686
9686
9684
9683
9683
9682
9682
9682
9681
9680
9679
9678
9678
9677
9677
9677
9676
9676
9676
9675
9670
9670
9670
9669
9669
9668
9668
9668
9667
9666
9666
9665
9663
9662
9662
9662
9661
9659
9658
9658
9658
9658
9657
9657
9655
9653
9652
9652
9650
9650
9648
9647
9641
9641
9639
9638
9636
9636
9636
9636
9633
9632
9630
9629
9629
9628
9628
9627
9627
9627
9626
9625
9625
9624
9623
9622
9621
9620
9619
9619
9618
9618
9617
9614
9613
9611
9611
9608
9607
9606
9605
9603
9602
9602
9601
9598
9598
9598
9598
9596
9596
9594
9594
9593
9592
9590
9589
9589
9589
9587
9587
9587
9585
9584
9584
9583
9581
9581
9581
9579
9579
9579
9578
9577
9574
9573
9573
9573
9570
9569
9567
9566
9564
9563
9562
9561
9561
9560
9555
9554
9553
9551
9551
9550
9550
9549
9548
9548
9548
9546
9543
9542
9540
9538
9538
9537
9537
9533
9533
9533
9530
9530
9529
9529
9527
9525
9524
9522
9522
9521
9521
9520
9519
9518
9517
9517
9517
9514
9512
9511
9510
9509
9506
9505
9505
9504
9503
9502
9502
9499
9498
9497
9495
9495
9494
9493
9492
9492
9492
9489
9487
9487
9486
9484
9483
9483
9482
9481
9481
9480
9479
9477
9477
9477
9475
9474
9474
9474
9473
9471
9471
9470
9468
9468
9467
9466
9466
9465
9465
9460
9460
9460
9459
9457
9455
9451
9450
9449
9449
9448
9447
9446
9444
9443
9442
9442
9437
9436
9435
9435
9435
9435
9435
9429
9429
9427
9427
9427
9424
9424
9423
9423
9422
9421
9421
9421
9420
9417
9417
9416
9414
9414
9411
9410
9409
9409
9407
9406
9405
9404
9403
9402
9402
9401
9399
9399
9398
9397
9397
9393
9391
9391
9389
9388
9387
9385
9385
9382
9382
9380
9379
9378
9378
9377
9377
9376
9374
9373
9372
9371
9371
9370
9369
9369
9368
9368
9367
9366
9364
9364
9364
9362
9357
9357
9355
9354
9354
9352
9352
9352
9346
9346
9345
9345
9344
9343
9343
9343
9343
9342
9342
9339
9338
9337
9337
9336
9331
9331
9330
9330
9330
9327
9327
9324
9323
9322
9322
9321
9321
9319
9319
9317
9316
9316
9315
9315
9314
9313
9313
9313
9312
9310
9309
9308
9308
9307
9307
9306
9306
9306
9303
9303
9302
9300
9300
9299
9298
9298
9296
9295
9294
9294
9293
9293
9292
9292
9292
9292
9290
9290
9289
9288
9287
9286
9286
9286
9286
9286
9284
9284
9284
9283
9281
9279
9278
9278
9277
9275
9273
9271
9271
9269
9269
9268
9268
9267
9267
9266
9264
9264
9264
9263
9263
9263
9260
9260
9260
9260
9260
9259
9258
9258
9257
9256
9256
9254
9254
9254
9254
9252
9252
9250
9249
9246
9246
9245
9244
9242
9239
9239
9239
9238
9236
9236
9235
9234
9232
9231
9229
9229
9228
9227
9227
9226
9224
9224
9223
9223
9222
9222
9222
9221
9219
9219
9219
9218
9218
9213
9213
9210
9210
9208
9207
9206
9204
9202
9202
9200
9199
9199
9199
9197
9197
9197
9197
9197
9196
9196
9195
9195
9195
9195
9192
9192
9192
9188
9187
9185
9184
9183
9181
9181
9181
9180
9179
9178
9174
9173
9172
9172
9172
9172
9170
9170
9170
9168
9168
9168
9168
9167
9166
9166
9166
9165
9165
9164
9164
9164
9163
9163
9162
9160
9156
9156
9156
9156
9154
9154
9151
9149
9149
9147
9146
9145
9145
9144
9143
9143
9140
9137
9136
9135
9134
9134
9134
9133
9132
9128
9128
9127
9126
9126
9125
9118
9118
9117
9117
9117
9116
9115
9113
9112
9112
9111
9110
9110
9109
9109
9109
9109
9107
9107
9105
9104
9104
9104
9103
9103
9102
9100
9098
9098
9097
9096
9095
9095
9094
9094
9091
9090
9090
9088
9087
9085
9084
9082
9081
9078
9077
9077
9075
9074
9073
9073
9071
9068
9067
9066
9064
9060
9058
9056
9056
9055
9054
9051
9050
9049
9049
9047
9045
9045
9044
9043
9043
9042
9041
9039
9038
9037
9035
9033
9033
9032
9030
9029
9026
9026
9026
9026
9026
9023
9022
9022
9021
9021
9020
9020
9019
9017
9016
9010
9010
9010
9008
9007
9007
9006
9004
9004
9003
9002
9000
8999
8997
8997
8995
8995
8995
8994
8994
8993
8993
8992
8992
8991
8989
8988
8988
8985
8984
8983
8982
8982
8982
8982
8982
8979
8979
8978
8978
8977
8976
8975
8974
8973
8971
8969
8969
8968
8968
8968
8967
8966
8965
8964
8963
8963
8961
8960
8960
8960
8959
8959
8957
8955
8953
8953
8952
8951
8951
8950
8948
8948
8947
8947
8945
8945
8941
8938
8937
8937
8935
8935
8934
8933
8932
8932
8931
8928
8927
8923
8922
8921
8921
8921
8921
8920
8919
8919
8917
8916
8915
8914
8913
8912
8909
8909
8908
8908
8905
8902
8901
8901
8900
8900
8900
8898
8898
8897
8894
8891
8889
8888
8887
8886
8885
8884
8884
8882
8882
8881
8879
8879
8877
8873
8872
8869
8868
8867
8866
8866
8865
8865
8865
8864
8864
8862
8862
8862
8861
8859
8858
8858
8858
8855
8854
8853
8852
8851
8850
8849
8847
8847
8846
8846
8846
8845
8844
8844
8842
8840
8839
8838
8838
8837
8837
8837
8834
8833
8831
8829
8827
8827
8826
8825
8825
8825
8824
8824
8824
8822
8820
8818
8818
8817
8815
8814
8812
8811
8810
8809
8809
8809
8809
8807
8807
8806
8806
8805
8805
8803
8803
8802
8802
8798
8798
8797
8797
8797
8794
8793
8793
8793
8791
8789
8789
8788
8788
8787
8787
8782
8780
8778
8778
8778
8778
8777
8777
8776
8774
8769
8769
8769
8768
8768
8767
8767
8767
8766
8765
8764
8764
8764
8763
8761
8759
8759
8757
8755
8755
8754
8753
8753
8752
8752
8751
8751
8750
8749
8748
8747
8745
8745
8745
8743
8743
8742
8741
8741
8740
8739
8739
8739
8736
8736
8736
8735
8735
8733
8733
8732
8732
8730
8730
8729
8728
8727
8727
8726
8726
8725
8723
8719
8719
8717
8716
8715
8715
8714
8713
8712
8712
8711
8710
8710
8709
8708
8707
8707
8706
8705
8704
8703
8703
8702
8701
8699
8699
8699
8697
8696
8689
8688
8688
8686
8685
8682
8681
8679
8679
8676
8675
8674
8673
8673
8672
8671
8671
8669
8669
8668
8668
8667
8667
8666
8666
8666
8665
8664
8664
8663
8663
8663
8663
8659
8658
8658
8658
8656
8656
8656
8649
8649
8648
8647
8646
8645
8644
8642
8641
8641
8640
8637
8637
8635
8635
8634
8631
8630
8628
8627
8626
8624
8623
8622
8620
8619
8615
8615
8615
8615
8614
8613
8612
8612
8611
8610
8608
8606
8606
8606
8603
8603
8602
8602
8602
8601
8601
8600
8600
8598
8597
8597
8596
8595
8594
8594
8594
8593
8592
8592
8588
8587
8586
8586
8585
8584
8583
8582
8582
8581
8580
8579
8575
8575
8574
8574
8574
8572
8571
8569
8568
8567
8566
8566
8566
8566
8565
8565
8564
8563
8563
8560
8558
8558
8558
8554
8554
8554
8553
8552
8551
8551
8550
8550
8550
8549
8549
8549
8548
8547
8547
8547
8544
8543
8542
8541
8539
8537
8536
8536
8535
8533
8532
8532
8531
8529
8529
8528
8528
8527
8526
8526
8525
8525
8523
8522
8522
8520
8519
8519
8519
8517
8516
8515
8514
8514
8511
8511
8509
8508
8506
8504
8504
8504
8503
8503
8502
8502
8501
8501
8501
8501
8500
8500
8499
8497
8496
8495
8495
8493
8492
8492
8491
8491
8491
8490
8490
8489
8488
8487
8486
8486
8485
8485
8484
8483
8481
8481
8480
8478
8478
8476
8476
8475
8475
8475
8475
8474
8473
8470
8465
8463
8459
8458
8456
8456
8451
8451
8449
8448
8447
8447
8447
8444
8443
8441
8439
8438
8436
8435
8435
8435
8434
8431
8430
8430
8430
8429
8429
8429
8428
8425
8424
8424
8424
8421
8420
8419
8418
8418
8418
8414
8414
8413
8413
8412
8412
8410
8410
8409
8409
8408
8408
8408
8407
8407
8407
8406
8404
8404
8403
8403
8402
8402
8401
8400
8399
8399
8398
8397
8395
8395
8395
8394
8393
8393
8390
8387
8387
8384
8381
8380
8379
8378
8378
8377
8377
8377
8377
8377
8376
8373
8371
8370
8369
8369
8369
8368
8367
8366
8366
8365
8364
8364
8362
8362
8362
8356
8354
8354
8354
8350
8349
8348
8347
8346
8346
8342
8342
8340
8339
8337
8336
8334
8333
8332
8331
8331
8330
8327
8327
8327
8327
8325
8325
8324
8319
8319
8317
8317
8316
8314
8314
8314
8313
8313
8313
8309
8307
8306
8305
8305
8304
8301
8301
8299
8299
8298
8297
8297
8295
8293
8292
8289
8288
8288
8288
8287
8287
8286
8285
8284
8284
8280
8277
8276
8276
8275
8274
8274
8272
8271
8270
8267
8266
8264
8262
8262
8260
8260
8259
8259
8257
8257
8257
8256
8256
8255
8254
8254
8252
8252
8252
8251
8251
8251
8249
8248
8247
8244
8244
8244
8244
8243
8242
8240
8240
8239
8237
8237
8236
8235
8233
8232
8232
8231
8229
8229
8226
8225
8223
8222
8222
8222
8221
8220
8220
8220
8219
8219
8218
8217
8217
8217
8216
8215
8214
8212
8211
8211
8210
8205
8205
8204
8202
8202
8201
8200
8200
8198
8197
8197
8193
8192
8191
8190
8190
8188
8188
8188
8187
8187
8187
8186
8185
8185
8184
8182
8182
8182
8181
8181
8181
8180
8180
8180
8178
8178
8178
8178
8177
8173
8172
8172
8172
8171
8166
8164
8163
8158
8158
8158
8158
8158
8157
8157
8157
8157
8155
8155
8154
8152
8152
8152
8150
8148
8146
8146
8146
8146
8145
8143
8143
8142
8142
8137
8136
8135
8130
8128
8123
8122
8122
8121
8120
8119
8117
8116
8113
8113
8112
8112
8111
8111
8111
8108
8106
8105
8104
8104
8103
8102
8100
8099
8097
8097
8095
8094
8094
8093
8093
8092
8091
8090
8090
8089
8087
8086
8085
8085
8085
8084
8081
8080
8080
8077
8076
8075
8074
8073
8071
8069
8069
8069
8069
8067
8067
8066
8065
8063
8062
8061
8061
8057
8057
8057
8055
8055
8054
8052
8052
8052
8051
8051
8050
8049
8048
8048
8046
8046
8045
8044
8043
8043
8043
8042
8041
8041
8040
8038
8035
8034
8032
8032
8032
8029
8028
8028
8027
8027
8026
8025
8025
8024
8024
8024
8022
8021
8021
8018
8018
8017
8017
8016
8016
8015
8014
8014
8013
8012
8011
8010
8009
8009
8008
8004
8004
8001
8000
7999
7998
7996
7996
7994
7994
7993
7991
7989
7989
7989
7988
7987
7986
7986
7986
7985
7984
7983
7983
7983
7981
7980
7980
7980
7979
7978
7976
7975
7975
7973
7973
7972
7971
7971
7970
7969
7968
7968
7966
7965
7964
7963
7961
7960
7959
7957
7955
7954
7954
7954
7954
7953
7952
7952
7951
7950
7949
7949
7949
7947
7947
7946
7945
7944
7944
7943
7943
7943
7942
7941
7940
7939
7937
7934
7934
7934
7933
7933
7932
7931
7931
7931
7929
7929
7928
7927
7926
7920
7918
7918
7918
7917
7913
7913
7913
7912
7911
7911
7910
7910
7910
7906
7906
7905
7903
7902
7901
7901
7901
7898
7898
7897
7896
7896
7896
7895
7894
7891
7891
7891
7890
7890
7890
7890
7889
7887
7887
7886
7884
7880
7879
7879
7877
7877
7876
7873
7872
7872
7870
7867
7865
7864
7863
7862
7862
7861
7859
7859
7858
7857
7857
7857
7857
7857
7857
7855
7855
7854
7853
7853
7852
7852
7851
7850
7850
7850
7848
7847
7846
7843
7843
7842
7841
7841
7838
7838
7837
7837
7836
7835
7830
7829
7829
7828
7826
7825
7824
7822
7821
7820
7820
7819
7819
7819
7819
7817
7817
7816
7816
7816
7815
7814
7814
7812
7811
7811
7810
7809
7807
7806
7805
7805
7803
7802
7801
7800
7800
7799
7799
7798
7798
7798
7798
7791
7788
7787
7784
7784
7783
7781
7780
7779
7776
7776
7773
7773
7772
7771
7770
7769
7767
7766
7766
7766
7764
7764
7762
7760
7760
7759
7758
7758
7755
7755
7755
7754
7754
7751
7750
7750
7748
7745
7744
7743
7739
7739
7739
7737
7736
7735
7735
7735
7734
7732
7730
7728
7727
7727
7725
7723
7723
7722
7721
7720
7720
7719
7718
7718
7716
7715
7712
7712
7711
7710
7709
7709
7708
7706
7706
7704
7702
7702
7702
7701
7701
7700
7700
7698
7698
7698
7697
7696
7696
7695
7694
7693
7692
7692
7691
7691
7690
7689
7689
7689
7688
7687
7685
7685
7684
7681
7680
7678
7678
7677
7675
7673
7668
7668
7667
7666
7666
7665
7664
7661
7660
7659
7658
7657
7657
7656
7655
7654
7653
7653
7652
7650
7650
7649
7648
7647
7645
7642
7641
7641
7640
7640
7640
7639
7638
7637
7637
7637
7637
7636
7635
7635
7634
7633
7632
7632
7631
7630
7630
7628
7628
7628
7628
7627
7626
7626
7626
7626
7625
7625
7624
7623
7621
7621
7621
7620
7619
7618
7617
7617
7614
7611
7610
7609
7609
7606
7605
7600
7599
7599
7598
7597
7597
7595
7594
7594
7593
7592
7592
7592
7589
7584
7582
7582
7582
7581
7581
7581
7581
7581
7580
7578
7578
7577
7576
7576
7575
7575
7574
7572
7572
7572
7570
7569
7569
7567
7567
7566
7566
7564
7561
7560
7560
7560
7557
7557
7556
7555
7554
7553
7552
7552
7551
7551
7551
7550
7550
7548
7546
7545
7545
7544
7543
7542
7542
7541
7540
7540
7537
7537
7537
7537
7535
7534
7533
7532
7531
7530
7528
7528
7528
7526
7525
7525
7525
7524
7523
7523
7523
7523
7523
7521
7520
7519
7516
7515
7511
7511
7509
7508
7507
7506
7505
7503
7502
7502
7501
7501
7501
7500
7499
7498
7497
7495
7495
7493
7491
7491
7491
7489
7489
7485
7484
7483
7483
7483
7480
7479
7479
7479
7478
7478
7478
7476
7474
7474
7474
7472
7472
7471
7471
7471
7469
7469
7468
7467
7466
7466
7466
7463
7462
7458
7457
7455
7455
7453
7452
7451
7449
7448
7446
7445
7445
7444
7444
7444
7444
7441
7441
7440
7439
7439
7438
7437
7436
7435
7435
7434
7434
7434
7433
7433
7429
7428
7426
7426
7425
7423
7423
7422
7422
7421
7419
7419
7417
7417
7409
7408
7407
7407
7405
7405
7403
7399
7399
7398
7398
7397
7396
7394
7394
7392
7392
7390
7390
7389
7389
7388
7388
7387
7387
7387
7386
7384
7382
7382
7379
7378
7378
7377
7375
7374
7373
7373
7373
7372
7372
7371
7369
7368
7365
7363
7362
7362
7361
7361
7360
7360
7359
7359
7359
7358
7358
7356
7354
7353
7352
7350
7349
7347
7347
7344
7344
7344
7344
7341
7340
7340
7338
7338
7336
7335
7332
7330
7330
7325
7323
7323
7320
7318
7317
7317
7317
7316
7314
7313
7312
7311
7311
7310
7309
7309
7307
7306
7305
7303
7302
7301
7300
7300
7300
7299
7298
7296
7296
7295
7294
7293
7292
7291
7291
7289
7289
7288
7286
7283
7283
7283
7282
7281
7280
7279
7279
7278
7276
7275
7275
7275
7273
7273
7273
7272
7270
7270
7270
7269
7269
7268
7267
7263
7262
7262
7261
7260
7259
7259
7258
7258
7256
7254
7254
7253
7253
7253
7249
7249
7249
7246
7245
7244
7243
7243
7242
7241
7241
7240
7240
7240
7240
7239
7239
7236
7236
7236
7235
7232
7232
7230
7229
7228
7228
7227
7226
7223
7221
7220
7217
7217
7216
7216
7215
7214
7213
7211
7209
7207
7206
7205
7204
7204
7204
7203
7202
7202
7199
7198
7196
7196
7196
7195
7194
7192
7189
7187
7186
7184
7184
7183
7182
7182
7181
7181
7179
7179
7178
7177
7177
7175
7174
7172
7169
7168
7166
7165
7164
7164
7163
7163
7161
7161
7160
7159
7157
7156
7156
7154
7154
7151
7151
7150
7150
7149
7149
7148
7146
7146
7146
7145
7145
7144
7143
7143
7140
7138
7136
7133
7132
7132
7130
7129
7129
7127
7127
7126
7125
7124
7122
7121
7119
7119
7119
7119
7119
7119
7118
7117
7116
7116
7115
7113
7112
7111
7109
7109
7109
7109
7108
7106
7106
7105
7103
7102
7100
7098
7098
7096
7095
7094
7093
7092
7092
7091
7088
7087
7085
7084
7083
7081
7079
7078
7077
7076
7071
7070
7069
7068
7067
7066
7065
7064
7063
7062
7062
7061
7061
7061
7061
7059
7059
7058
7057
7056
7055
7054
7052
7052
7050
7050
7048
7047
7046
7045
7045
7044
7044
7042
7040
7039
7036
7035
7034
7033
7033
7033
7029
7028
7028
7027
7027
7025
7024
7023
7023
7023
7022
7022
7022
7022
7020
7019
7017
7014
7013
7011
7011
7011
7010
7009
7005
7005
7004
7004
7001
7001
6999
6998
6998
6997
6995
6990
6988
6988
6986
6985
6983
6983
6983
6982
6979
6978
6978
6976
6976
6975
6975
6975
6975
6974
6974
6973
6971
6970
6969
6968
6968
6965
6964
6964
6963
6962
6957
6957
6956
6955
6955
6955
6953
6953
6952
6950
6950
6949
6948
6948
6944
6943
6941
6940
6937
6935
6935
6934
6934
6933
6933
6932
6931
6930
6929
6928
6927
6926
6926
6926
6925
6924
6921
6920
6920
6920
6916
6916
6916
6911
6911
6911
6908
6908
6907
6906
6905
6904
6903
6903
6901
6901
6900
6899
6899
6898
6898
6897
6895
6893
6892
6892
6891
6891
6890
6884
6882
6882
6881
6880
6876
6875
6874
6874
6874
6873
6873
6871
6871
6870
6869
6869
6868
6866
6866
6866
6865
6863
6861
6861
6860
6858
6858
6858
6857
6856
6854
6853
6853
6853
6851
6849
6848
6847
6847
6846
6846
6846
6846
6844
6843
6839
6839
6835
6835
6834
6834
6834
6833
6831
6829
6828
6828
6828
6828
6827
6825
6825
6825
6824
6823
6823
6822
6819
6818
6818
6818
6818
6817
6815
6812
6812
6811
6811
6809
6806
6805
6805
6803
6803
6802
6802
6801
6801
6800
6797
6797
6795
6793
6792
6791
6791
6789
6789
6787
6786
6785
6784
6784
6784
6782
6782
6780
6780
6778
6777
6776
6772
6771
6770
6770
6770
6769
6768
6767
6765
6764
6763
6763
6760
6760
6760
6759
6759
6759
6754
6753
6753
6753
6751
6751
6751
6751
6750
6748
6747
6746
6745
6745
6745
6743
6743
6742
6742
6742
6741
6739
6737
6737
6736
6736
6735
6735
6734
6734
6732
6730
6730
6729
6729
6728
6728
6727
6726
6726
6724
6723
6721
6721
6720
6720
6720
6720
6719
6718
6716
6715
6714
6712
6712
6712
6711
6710
6709
6709
6708
6707
6706
6706
6704
6704
6702
6702
6701
6700
6699
6697
6697
6696
6695
6694
6693
6691
6691
6689
6689
6688
6688
6687
6687
6686
6683
6682
6681
6681
6680
6679
6679
6678
6678
6677
6675
6672
6672
6671
6671
6670
6669
6668
6668
6668
6668
6668
6666
6666
6664
6664
6662
6661
6661
6661
6658
6658
6658
6657
6657
6656
6654
6654
6653
6653
6653
6650
6649
6647
6646
6645
6645
6645
6644
6644
6643
6640
6639
6637
6637
6637
6634
6634
6633
6633
6632
6631
6630
6628
6627
6627
6626
6624
6624
6623
6623
6622
6620
6617
6616
6616
6616
6616
6616
6615
6615
6613
6611
6610
6610
6609
6608
6607
6606
6606
6605
6605
6604
6603
6602
6601
6600
6596
6596
6595
6594
6594
6591
6588
6584
6584
6584
6580
6580
6580
6578
6577
6575
6574
6574
6574
6574
6573
6572
6572
6572
6570
6569
6569
6567
6567
6567
6566
6564
6564
6563
6563
6562
6560
6560
6559
6559
6558
6557
6555
6554
6553
6552
6551
6551
6550
6550
6550
6549
6546
6545
6545
6544
6544
6544
6542
6540
6538
6537
6536
6535
6534
6534
6533
6532
6532
6531
6531
6530
6530
6530
6526
6526
6526
6524
6524
6524
6524
6519
6519
6518
6518
6517
6515
6515
6513
6512
6511
6509
6508
6507
6507
6504
6503
6503
6502
6502
6500
6500
6499
6498
6497
6495
6494
6492
6488
6488
6488
6488
6487
6486
6486
6486
6484
6481
6481
6479
6478
6478
6477
6474
6474
6473
6473
6472
6472
6470
6469
6468
6466
6465
6463
6463
6462
6460
6458
6457
6456
6455
6455
6455
6454
6452
6452
6451
6450
6449
6449
6448
6446
6445
6445
6444
6443
6442
6441
6440
6439
6437
6435
6435
6431
6429
6428
6428
6428
6427
6426
6425
6425
6424
6421
6420
6418
6416
6414
6414
6414
6413
6413
6412
6411
6410
6408
6407
6404
6404
6404
6404
6400
6399
6399
6399
6398
6398
6396
6396
6396
6395
6394
6393
6393
6393
6391
6389
6387
6387
6387
6385
6384
6384
6383
6382
6382
6380
6380
6377
6377
6375
6374
6373
6372
6370
6369
6367
6366
6364
6363
6361
6359
6359
6359
6356
6355
6355
6354
6353
6349
6349
6347
6346
6346
6346
6346
6340
6338
6338
6338
6337
6336
6336
6335
6334
6333
6333
6333
6331
6331
6331
6326
6325
6322
6322
6321
6320
6319
6319
6318
6318
6318
6317
6315
6313
6313
6311
6310
6308
6307
6304
6303
6301
6300
6300
6299
6297
6297
6296
6294
6293
6291
6291
6290
6290
6289
6288
6287
6286
6285
6284
6283
6283
6282
6282
6282
6281
6281
6279
6278
6276
6274
6274
6272
6271
6271
6270
6269
6267
6267
6266
6265
6263
6263
6262
6261
6260
6260
6259
6257
6256
6256
6256
6255
6255
6252
6252
6247
6245
6244
6244
6243
6243
6243
6241
6238
6237
6235
6235
6234
6232
6229
6228
6227
6227
6226
6226
6225
6225
6224
6222
6220
6217
6213
6209
6209
6208
6206
6206
6205
6204
6203
6200
6200
6200
6198
6196
6194
6193
6189
6189
6188
6187
6186
6185
6184
6184
6183
6182
6182
6182
6181
6181
6181
6180
6180
6177
6177
6177
6175
6175
6174
6174
6173
6167
6165
6164
6163
6161
6161
6161
6158
6157
6157
6155
6155
6155
6154
6153
6151
6151
6149
6148
6148
6147
6147
6146
6145
6144
6143
6142
6142
6140
6138
6136
6135
6134
6133
6132
6131
6131
6130
6129
6129
6128
6127
6127
6126
6126
6125
6124
6123
6120
6119
6118
6115
6115
6114
6113
6112
6112
6111
6109
6107
6107
6102
6102
6102
6101
6099
6099
6098
6098
6095
6095
6093
6093
6093
6092
6091
6090
6089
6089
6088
6088
6086
6085
6084
6084
6083
6083
6081
6080
6078
6078
6077
6076
6075
6075
6074
6072
6072
6072
6072
6072
6071
6070
6069
6065
6064
6064
6059
6059
6058
6057
6057
6056
6055
6055
6052
6051
6051
6051
6050
6049
6049
6049
6049
6047
6047
6046
6046
6045
6044
6042
6040
6040
6040
6039
6037
6037
6037
6037
6034
6033
6032
6031
6029
6028
6027
6027
6027
6026
6026
6023
6022
6021
6020
6020
6019
6018
6018
6018
6016
6016
6016
6015
6011
6008
6005
6004
6003
6003
6002
6001
6001
5999
5996
5996
5995
5995
5990
5989
5988
5987
5987
5987
5986
5986
5985
5983
5982
5981
5978
5977
5975
5975
5974
5974
5973
5972
5967
5967
5967
5966
5965
5965
5962
5962
5959
5958
5958
5958
5958
5956
5956
5955
5954
5953
5952
5952
5947
5947
5947
5947
5946
5945
5942
5942
5941
5935
5934
5933
5932
5931
5931
5928
5928
5928
5927
5926
5924
5923
5922
5920
5918
5916
5915
5915
5915
5914
5913
5913
5909
5908
5908
5907
5907
5905
5904
5902
5898
5898
5897
5896
5896
5896
5896
5895
5895
5894
5893
5893
5893
5893
5892
5890
5889
5887
5887
5886
5886
5886
5885
5885
5885
5883
5883
5881
5881
5880
5878
5877
5874
5874
5872
5872
5869
5867
5866
5865
5865
5863
5860
5857
5856
5856
5855
5855
5854
5854
5852
5852
5852
5852
5851
5851
5850
5848
5846
5846
5845
5843
5843
5841
5836
5836
5835
5834
5833
5833
5832
5828
5828
5828
5828
5825
5824
5824
5822
5821
5820
5820
5820
5817
5817
5815
5815
5815
5815
5813
5813
5813
5812
5811
5810
5809
5809
5806
5806
5802
5802
5801
5800
5799
5797
5797
5796
5793
5793
5790
5784
5783
5782
5780
5778
5778
5775
5774
5772
5770
5769
5768
5768
5768
5766
5766
5765
5764
5764
5763
5763
5761
5760
5757
5756
5756
5754
5753
5751
5750
5749
5748
5747
5747
5746
5745
5745
5740
5739
5739
5739
5738
5738
5737
5737
5736
5735
5734
5733
5733
5731
5731
5730
5727
5726
5726
5724
5722
5718
5716
5716
5714
5714
5714
5713
5712
5712
5711
5711
5710
5710
5706
5706
5706
5706
5705
5705
5705
5705
5704
5703
5701
5700
5699
5698
5697
5697
5696
5695
5694
5693
5690
5690
5689
5689
5687
5684
5684
5683
5682
5680
5680
5680
5679
5679
5675
5674
5674
5671
5671
5670
5670
5669
5666
5666
5661
5661
5659
5659
5659
5657
5656
5655
5654
5654
5653
5653
5653
5652
5652
5652
5651
5650
5650
5648
5647
5645
5645
5643
5642
5641
5640
5640
5640
5640
5640
5639
5639
5636
5635
5631
5631
5628
5626
5626
5625
5624
5624
5623
5623
5619
5619
5619
5617
5616
5616
5615
5614
5614
5614
5613
5613
5612
5612
5611
5611
5608
5606
5605
5601
5600
5600
5599
5595
5594
5593
5592
5588
5588
5587
5587
5586
5585
5585
5583
5583
5583
5579
5579
5579
5579
5578
5578
5578
5577
5577
5577
5576
5575
5575
5574
5571
5570
5568
5568
5567
5566
5564
5564
5563
5561
5561
5558
5557
5556
5556
5554
5554
5553
5552
5552
5549
5549
5549
5549
5549
5548
5547
5547
5546
5546
5546
5545
5544
5543
5542
5540
5540
5539
5538
5537
5536
5536
5535
5534
5534
5534
5533
5533
5533
5532
5529
5529
5528
5528
5527
5526
5526
5525
5525
5523
5522
5518
5518
5517
5515
5515
5514
5514
5514
5513
5512
5512
5511
5511
5511
5511
5510
5510
5510
5508
5507
5504
5503
5502
5501
5500
5500
5499
5499
5498
5497
5497
5496
5495
5494
5492
5491
5490
5487
5485
5485
5485
5485
5485
5484
5483
5482
5482
5482
5480
5479
5478
5474
5472
5471
5471
5470
5470
5469
5468
5467
5467
5466
5466
5465
5464
5464
5464
5463
5462
5461
5461
5461
5459
5459
5457
5457
5455
5453
5453
5452
5451
5450
5450
5449
5448
5448
5447
5447
5445
5443
5442
5442
5442
5440
5440
5440
5439
5437
5437
5437
5437
5436
5436
5435
5434
5432
5431
5430
5430
5430
5430
5427
5426
5425
5424
5424
5424
5424
5422
5422
5421
5421
5420
5420
5414
5413
5413
5412
5411
5409
5408
5405
5405
5405
5404
5404
5403
5401
5400
5399
5398
5398
5396
5395
5395
5391
5389
5386
5386
5382
5381
5381
5380
5380
5380
5380
5380
5375
5374
5373
5372
5366
5366
5365
5364
5364
5364
5361
5360
5360
5357
5355
5353
5351
5351
5350
5350
5350
5348
5348
5347
5347
5346
5344
5344
5343
5341
5341
5340
5339
5338
5337
5335
5335
5334
5333
5332
5331
5328
5327
5326
5326
5324
5323
5322
5322
5322
5321
5321
5320
5320
5317
5316
5314
5314
5313
5312
5311
5310
5309
5309
5307
5307
5306
5306
5304
5304
5302
5300
5299
5297
5295
5295
5294
5294
5294
5291
5291
5290
5289
5288
5287
5287
5286
5286
5284
5282
5281
5280
5280
5278
5277
5277
5275
5275
5275
5273
5272
5272
5271
5271
5269
5268
5267
5267
5266
5265
5264
5259
5259
5256
5256
5252
5251
5250
5250
5249
5248
5246
5245
5244
5244
5243
5243
5240
5240
5238
5235
5235
5233
5230
5230
5229
5229
5228
5228
5227
5227
5226
5225
5224
5224
5220
5220
5219
5218
5218
5218
5216
5215
5214
5213
5210
5210
5210
5209
5208
5208
5207
5207
5205
5205
5204
5204
5203
5203
5201
5200
5199
5198
5196
5196
5196
5194
5194
5192
5192
5191
5191
5190
5189
5189
5187
5186
5186
5182
5182
5181
5180
5180
5178
5177
5177
5176
5174
5173
5173
5172
5172
5171
5169
5169
5167
5166
5166
5166
5165
5165
5161
5158
5157
5156
5155
5155
5154
5154
5152
5152
5151
5151
5151
5148
5148
5148
5147
5147
5147
5146
5145
5144
5143
5142
5142
5142
5141
5140
5139
5139
5137
5135
5135
5134
5133
5133
5131
5131
5130
5130
5129
5129
5129
5128
5124
5123
5121
5121
5117
5117
5117
5116
5115
5115
5114
5114
5112
5111
5111
5111
5106
5105
5104
5103
5102
5101
5099
5097
5097
5096
5095
5093
5092
5091
5090
5090
5089
5089
5087
5087
5085
5085
5084
5082
5082
5081
5081
5079
5079
5078
5077
5076
5075
5075
5075
5073
5072
5072
5071
5071
5070
5068
5068
5067
5067
5064
5063
5063
5062
5061
5060
5059
5058
5057
5057
5057
5056
5055
5054
5053
5052
5050
5049
5049
5047
5045
5044
5043
5042
5042
5042
5038
5037
5036
5035
5035
5034
5033
5032
5031
5031
5030
5030
5025
5025
5025
5024
5024
5023
5023
5022
5020
5018
5018
5017
5016
5015
5014
5014
5012
5012
5011
5011
5010
5009
5009
5007
5007
5007
5007
5006
5004
5004
5002
5001
5001
5001
5000
4997
4996
4996
4994
4994
4993
4993
4992
4992
4991
4991
4991
4991
4990
4990
4988
4988
4988
4986
4985
4982
4981
4980
4979
4976
4975
4975
4975
4974
4974
4972
4971
4968
4968
4966
4964
4964
4964
4962
4962
4961
4960
4960
4958
4958
4957
4954
4954
4953
4952
4952
4951
4950
4950
4947
4947
4946
4945
4944
4943
4942
4942
4938
4937
4937
4934
4932
4930
4928
4927
4926
4926
4924
4922
4922
4921
4920
4918
4918
4916
4915
4914
4913
4913
4912
4911
4910
4909
4907
4904
4903
4902
4901
4901
4900
4899
4898
4897
4896
4895
4895
4894
4894
4892
4890
4888
4888
4888
4886
4886
4885
4884
4884
4883
4881
4880
4879
4879
4877
4875
4874
4874
4873
4873
4873
4868
4867
4867
4865
4863
4861
4860
4860
4860
4858
4855
4855
4854
4854
4853
4849
4848
4848
4847
4846
4844
4843
4842
4842
4841
4840
4839
4839
4836
4833
4832
4832
4829
4828
4828
4826
4826
4823
4822
4822
4822
4822
4820
4820
4819
4817
4816
4814
4813
4812
4812
4812
4811
4811
4809
4809
4808
4807
4805
4804
4803
4802
4800
4800
4800
4800
4799
4798
4798
4796
4795
4794
4794
4790
4790
4789
4787
4784
4779
4779
4778
4778
4777
4775
4774
4773
4770
4769
4768
4767
4767
4763
4762
4762
4761
4760
4760
4760
4759
4755
4755
4754
4753
4753
4752
4749
4749
4748
4747
4746
4744
4743
4742
4742
4741
4738
4734
4733
4733
4731
4729
4728
4728
4728
4726
4725
4724
4724
4723
4723
4723
4721
4721
4720
4720
4716
4714
4710
4710
4709
4708
4706
4704
4704
4704
4702
4702
4699
4699
4698
4698
4698
4697
4695
4693
4693
4692
4691
4690
4687
4685
4685
4684
4684
4682
4682
4682
4682
4681
4680
4680
4678
4677
4677
4676
4674
4673
4673
4673
4673
4672
4671
4670
4670
4670
4669
4668
4666
4663
4663
4662
4660
4659
4659
4657
4655
4654
4652
4652
4651
4651
4650
4650
4647
4642
4642
4635
4634
4634
4632
4630
4629
4629
4628
4628
4627
4626
4625
4625
4624
4623
4622
4621
4620
4619
4618
4618
4617
4616
4615
4615
4613
4612
4611
4610
4606
4605
4601
4601
4600
4600
4600
4599
4598
4598
4598
4595
4595
4595
4595
4592
4590
4589
4589
4588
4588
4586
4586
4585
4585
4584
4582
4580
4580
4579
4577
4577
4576
4576
4575
4574
4574
4573
4573
4572
4571
4570
4570
4570
4569
4568
4564
4563
4558
4558
4557
4555
4553
4553
4552
4552
4550
4548
4546
4546
4543
4543
4542
4542
4541
4539
4537
4536
4535
4535
4535
4533
4531
4531
4529
4527
4526
4524
4524
4523
4523
4523
4520
4518
4518
4514
4513
4513
4513
4512
4511
4511
4511
4510
4510
4510
4510
4510
4507
4506
4504
4504
4504
4502
4500
4499
4499
4498
4497
4497
4497
4495
4494
4494
4491
4490
4487
4486
4486
4485
4485
4485
4482
4480
4479
4478
4478
4476
4475
4471
4470
4467
4466
4466
4464
4463
4461
4461
4460
4459
4458
4457
4457
4457
4457
4456
4456
4456
4456
4453
4453
4452
4450
4450
4447
4445
4445
4444
4443
4441
4440
4440
4438
4438
4438
4437
4436
4435
4435
4434
4434
4433
4432
4430
4427
4426
4425
4424
4420
4420
4419
4418
4418
4418
4416
4416
4416
4415
4414
4414
4413
4411
4411
4406
4406
4405
4405
4404
4401
4400
4400
4399
4398
4398
4397
4397
4397
4391
4390
4390
4389
4389
4388
4388
4387
4387
4384
4384
4382
4381
4379
4378
4378
4374
4373
4373
4372
4371
4368
4367
4367
4366
4365
4358
4357
4356
4356
4355
4353
4353
4352
4351
4351
4350
4349
4349
4348
4347
4347
4344
4344
4344
4344
4342
4340
4336
4336
4335
4334
4334
4333
4333
4330
4329
4329
4329
4329
4326
4323
4323
4322
4321
4320
4319
4317
4317
4316
4316
4313
4313
4313
4313
4312
4311
4311
4310
4310
4309
4308
4305
4305
4304
4304
4304
4303
4302
4302
4302
4302
4302
4302
4301
4301
4299
4299
4298
4298
4298
4298
4297
4295
4295
4293
4293
4292
4290
4290
4286
4284
4284
4282
4282
4282
4282
4282
4281
4279
4277
4277
4275
4273
4273
4272
4269
4268
4268
4266
4265
4265
4264
4263
4263
4262
4262
4261
4259
4258
4257
4256
4254
4251
4250
4247
4245
4244
4242
4242
4241
4240
4239
4238
4238
4237
4235
4234
4233
4233
4233
4232
4231
4231
4231
4230
4229
4229
4229
4229
4229
4228
4227
4227
4226
4225
4225
4223
4221
4217
4216
4215
4214
4213
4213
4213
4212
4212
4211
4210
4208
4208
4207
4207
4205
4203
4203
4200
4199
4199
4198
4195
4194
4194
4193
4192
4191
4188
4188
4187
4184
4184
4183
4183
4182
4180
4180
4178
4178
4178
4178
4177
4175
4174
4172
4172
4170
4170
4169
4165
4161
4160
4157
4157
4156
4154
4150
4149
4147
4146
4145
4145
4145
4145
4144
4143
4142
4141
4140
4140
4139
4139
4138
4137
4136
4136
4135
4133
4133
4132
4131
4131
4131
4131
4129
4127
4126
4124
4123
4122
4122
4122
4121
4121
4121
4119
4119
4118
4118
4117
4116
4114
4113
4113
4111
4110
4110
4110
4109
4106
4106
4104
4103
4100
4098
4096
4094
4094
4093
4092
4091
4090
4090
4089
4089
4089
4088
4087
4087
4084
4082
4081
4079
4079
4079
4077
4075
4074
4074
4072
4069
4069
4069
4068
4068
4067
4066
4065
4065
4065
4063
4063
4063
4062
4062
4061
4061
4061
4061
4061
4059
4059
4058
4058
4055
4054
4054
4053
4052
4052
4051
4050
4050
4048
4045
4044
4042
4042
4042
4041
4041
4040
4039
4039
4039
4038
4038
4037
4037
4035
4034
4032
4031
4030
4029
4029
4029
4028
4028
4028
4027
4027
4027
4026
4026
4024
4024
4024
4022
4022
4021
4020
4019
4017
4016
4016
4014
4013
4013
4013
4013
4013
4012
4012
4011
4011
4009
4008
4008
4008
4007
4004
4004
4002
4002
4001
3999
3998
3998
3996
3993
3992
3990
3990
3989
3989
3989
3988
3987
3987
3985
3983
3981
3981
3980
3979
3978
3977
3976
3975
3975
3974
3974
3971
3969
3968
3967
3966
3966
3964
3963
3963
3961
3958
3957
3955
3954
3953
3953
3950
3949
3948
3945
3945
3945
3943
3941
3941
3939
3939
3939
3938
3937
3935
3934
3934
3934
3934
3933
3933
3933
3933
3932
3932
3931
3931
3930
3930
3929
3928
3928
3927
3927
3927
3926
3924
3923
3922
3921
3921
3920
3918
3915
3913
3912
3912
3910
3910
3909
3907
3906
3905
3903
3902
3900
3900
3899
3899
3899
3898
3897
3897
3895
3894
3893
3892
3891
3891
3890
3890
3888
3888
3888
3888
3885
3885
3882
3880
3878
3877
3876
3873
3872
3872
3871
3870
3870
3866
3866
3866
3865
3863
3862
3862
3859
3858
3857
3857
3855
3854
3853
3853
3852
3851
3851
3851
3851
3850
3850
3850
3847
3846
3846
3845
3845
3844
3844
3843
3840
3839
3838
3837
3837
3837
3836
3836
3835
3834
3833
3832
3827
3826
3825
3824
3820
3819
3816
3816
3814
3814
3814
3813
3813
3813
3812
3812
3811
3810
3810
3809
3808
3808
3805
3805
3804
3804
3804
3804
3804
3804
3801
3800
3800
3798
3797
3797
3797
3796
3794
3793
3792
3791
3791
3789
3788
3788
3787
3786
3785
3782
3782
3782
3782
3781
3781
3780
3780
3780
3778
3776
3774
3770
3770
3769
3768
3768
3768
3768
3766
3766
3766
3766
3764
3764
3763
3763
3762
3762
3760
3757
3756
3756
3756
3756
3754
3752
3752
3750
3749
3748
3747
3745
3744
3743
3742
3741
3740
3740
3738
3738
3737
3737
3736
3734
3734
3734
3728
3728
3727
3727
3722
3721
3717
3717
3716
3715
3714
3713
3713
3712
3711
3711
3710
3710
3710
3710
3710
3709
3707
3707
3707
3704
3703
3702
3701
3701
3700
3700
3699
3699
3699
3698
3698
3698
3697
3696
3694
3694
3693
3692
3691
3691
3688
3688
3687
3687
3686
3683
3683
3683
3683
3682
3682
3680
3678
3676
3675
3675
3674
3672
3672
3671
3670
3669
3667
3665
3664
3664
3664
3662
3661
3658
3657
3655
3655
3654
3654
3654
3650
3650
3645
3645
3643
3643
3641
3641
3641
3640
3639
3638
3637
3637
3637
3637
3636
3636
3635
3634
3633
3633
3630
3630
3630
3630
3630
3628
3626
3626
3625
3624
3624
3624
3622
3621
3620
3620
3620
3619
3618
3618
3618
3618
3614
3614
3612
3610
3608
3607
3607
3605
3603
3601
3600
3600
3600
3600
3597
3594
3594
3593
3592
3592
3590
3589
3589
3589
3588
3587
3586
3584
3581
3581
3581
3579
3579
3579
3578
3578
3578
3575
3574
3574
3572
3572
3570
3570
3569
3566
3564
3564
3563
3563
3562
3562
3562
3559
3559
3558
3558
3557
3557
3557
3556
3555
3554
3554
3553
3553
3548
3547
3547
3546
3546
3546
3544
3543
3542
3540
3539
3539
3538
3537
3537
3537
3537
3535
3534
3533
3533
3532
3532
3532
3531
3530
3530
3527
3527
3527
3525
3525
3523
3522
3521
3520
3515
3515
3513
3512
3510
3509
3508
3508
3508
3506
3504
3501
3501
3500
3500
3498
3498
3497
3496
3494
3493
3489
3489
3488
3486
3486
3485
3484
3483
3481
3479
3479
3479
3478
3473
3473
3472
3472
3471
3470
3465
3465
3464
3463
3462
3461
3459
3458
3457
3457
3457
3457
3456
3455
3454
3453
3453
3450
3449
3444
3443
3443
3443
3442
3442
3441
3440
3439
3439
3438
3437
3437
3437
3435
3434
3434
3433
3432
3431
3430
3430
3429
3429
3427
3427
3427
3426
3426
3425
3425
3425
3421
3421
3420
3419
3419
3417
3415
3415
3413
3411
3411
3410
3409
3408
3408
3408
3404
3404
3402
3401
3400
3397
3396
3395
3394
3394
3393
3393
3393
3391
3388
3387
3387
3386
3383
3382
3382
3381
3381
3380
3379
3379
3378
3376
3376
3375
3374
3374
3373
3371
3371
3371
3370
3369
3369
3368
3367
3365
3364
3363
3363
3361
3361
3360
3359
3358
3358
3356
3356
3356
3355
3355
3353
3352
3350
3348
3347
3347
3343
3343
3342
3342
3341
3336
3336
3335
3334
3334
3331
3330
3330
3330
3329
3328
3327
3327
3327
3327
3326
3323
3323
3322
3322
3322
3322
3322
3321
3321
3321
3320
3320
3318
3317
3317
3316
3315
3315
3311
3310
3310
3308
3307
3307
3305
3304
3300
3300
3298
3298
3298
3297
3296
3295
3295
3293
3293
3293
3290
3288
3288
3286
3286
3286
3283
3281
3281
3277
3276
3276
3274
3274
3272
3271
3269
3268
3268
3266
3266
3266
3264
3264
3262
3260
3259
3258
3256
3255
3255
3254
3254
3252
3250
3247
3247
3247
3246
3246
3246
3245
3244
3242
3241
3241
3239
3237
3237
3235
3233
3231
3231
3229
3229
3229
3228
3228
3224
3222
3222
3220
3217
3217
3217
3217
3216
3216
3216
3215
3215
3213
3213
3212
3212
3210
3206
3205
3203
3203
3201
3200
3200
3198
3198
3197
3196
3196
3195
3194
3192
3191
3189
3188
3187
3187
3186
3185
3184
3183
3183
3183
3183
3183
3183
3182
3182
3181
3181
3180
3179
3177
3176
3176
3175
3170
3168
3167
3166
3165
3162
3161
3159
3159
3157
3156
3155
3154
3153
3150
3149
3149
3148
3148
3147
3146
3145
3144
3144
3143
3142
3142
3141
3140
3140
3138
3137
3136
3135
3135
3135
3135
3135
3134
3132
3130
3129
3126
3126
3125
3125
3125
3123
3123
3122
3122
3121
3121
3120
3120
3119
3118
3117
3116
3115
3114
3111
3111
3110
3109
3109
3109
3108
3108
3107
3105
3104
3103
3102
3102
3100
3098
3097
3096
3096
3095
3093
3093
3092
3092
3090
3089
3089
3088
3088
3086
3084
3082
3080
3079
3079
3078
3077
3077
3075
3075
3071
3070
3069
3065
3063
3063
3062
3061
3060
3059
3059
3058
3056
3055
3053
3053
3053
3052
3052
3052
3052
3051
3048
3046
3046
3045
3044
3043
3043
3042
3042
3041
3040
3039
3038
3037
3034
3032
3032
3031
3031
3030
3029
3028
3028
3027
3027
3027
3026
3026
3026
3025
3024
3024
3023
3022
3021
3021
3021
3020
3020
3018
3015
3011
3009
3005
3005
3004
3003
3003
3000
3000
2999
2998
2997
2996
2995
2995
2993
2993
2993
2992
2990
2990
2989
2989
2988
2987
2986
2986
2985
2984
2983
2979
2977
2977
2976
2975
2974
2970
2969
2969
2969
2968
2968
2967
2967
2966
2965
2964
2963
2962
2962
2961
2958
2957
2957
2955
2954
2953
2953
2951
2951
2949
2947
2946
2946
2945
2944
2942
2941
2941
2934
2932
2932
2931
2931
2930
2929
2927
2925
2919
2919
2917
2914
2914
2914
2913
2913
2911
2911
2911
2910
2910
2909
2907
2905
2904
2902
2901
2899
2896
2896
2895
2895
2895
2894
2893
2891
2890
2887
2887
2886
2885
2884
2883
2880
2879
2879
2878
2877
2877
2876
2875
2874
2873
2872
2872
2872
2870
2870
2870
2869
2869
2868
2868
2866
2865
2863
2863
2863
2862
2862
2860
2860
2859
2859
2858
2857
2854
2854
2851
2851
2850
2850
2849
2849
2848
2848
2847
2846
2842
2840
2839
2839
2837
2836
2835
2835
2834
2833
2833
2832
2832
2832
2831
2831
2831
2828
2827
2826
2826
2821
2820
2820
2818
2818
2818
2817
2814
2814
2813
2812
2811
2810
2810
2808
2808
2807
2805
2804
2803
2802
2802
2800
2800
2800
2799
2799
2797
2796
2796
2796
2795
2794
2794
2794
2793
2793
2793
2788
2787
2787
2785
2785
2784
2783
2783
2782
2781
2779
2777
2777
2777
2776
2776
2774
2771
2768
2768
2767
2765
2765
2764
2763
2763
2760
2760
2758
2758
2757
2757
2756
2755
2754
2753
2752
2751
2750
2749
2749
2744
2743
2742
2741
2740
2739
2739
2738
2737
2737
2736
2736
2736
2735
2735
2734
2733
2732
2731
2731
2730
2728
2726
2726
2722
2722
2720
2719
2718
2714
2714
2713
2712
2712
2712
2711
2711
2708
2707
2707
2706
2706
2705
2704
2703
2702
2702
2700
2700
2698
2697
2696
2696
2696
2695
2695
2694
2693
2692
2690
2689
2689
2689
2688
2685
2682
2682
2680
2679
2676
2676
2676
2674
2674
2674
2672
2672
2671
2671
2671
2670
2669
2667
2667
2665
2665
2663
2659
2658
2658
2657
2657
2656
2656
2655
2655
2647
2646
2644
2643
2643
2641
2641
2640
2640
2639
2637
2637
2636
2635
2635
2628
2627
2627
2627
2627
2626
2626
2625
2625
2625
2625
2625
2624
2623
2623
2621
2621
2620
2620
2616
2616
2616
2615
2615
2615
2613
2612
2612
2610
2609
2608
2606
2604
2603
2602
2602
2600
2598
2598
2596
2595
2595
2591
2586
2586
2586
2585
2585
2585
2584
2584
2584
2584
2581
2581
2581
2581
2580
2579
2579
2578
2577
2577
2576
2576
2576
2575
2575
2572
2572
2571
2570
2569
2569
2568
2567
2567
2564
2563
2563
2561
2561
2558
2557
2555
2554
2554
2553
2551
2550
2550
2550
2549
2549
2547
2544
2544
2543
2542
2541
2541
2538
2533
2533
2532
2531
2530
2530
2530
2530
2530
2530
2529
2528
2527
2527
2527
2525
2524
2524
2522
2521
2520
2520
2518
2518
2516
2515
2515
2513
2513
2513
2511
2511
2510
2510
2509
2507
2507
2505
2505
2505
2502
2502
2501
2500
2500
2499
2499
2498
2498
2497
2496
2495
2494
2492
2492
2492
2490
2490
2489
2489
2488
2487
2486
2485
2484
2484
2483
2483
2482
2480
2478
2478
2478
2477
2474
2474
2474
2474
2469
2469
2466
2464
2464
2462
2462
2461
2460
2458
2458
2457
2455
2454
2453
2450
2448
2447
2447
2446
2446
2444
2443
2442
2442
2442
2442
2441
2441
2440
2440
2439
2439
2439
2437
2435
2435
2434
2433
2432
2432
2431
2430
2426
2425
2422
2422
2421
2420
2419
2419
2418
2418
2415
2414
2414
2414
2410
2409
2409
2407
2407
2407
2404
2404
2404
2402
2402
2401
2401
2399
2399
2397
2397
2394
2392
2392
2391
2390
2389
2387
2387
2387
2386
2385
2384
2381
2380
2377
2376
2375
2375
2374
2374
2374
2374
2373
2372
2371
2369
2368
2367
2367
2366
2366
2366
2361
2360
2358
2357
2357
2356
2355
2355
2354
2351
2350
2350
2350
2349
2348
2348
2347
2345
2344
2343
2342
2341
2341
2341
2340
2340
2340
2339
2336
2336
2335
2334
2334
2332
2331
2330
2329
2325
2322
2322
2321
2320
2319
2319
2316
2314
2311
2310
2310
2310
2307
2307
2306
2305
2303
2302
2302
2301
2300
2300
2298
2297
2297
2295
2294
2294
2294
2293
2292
2291
2291
2289
2288
2287
2286
2285
2283
2283
2281
2280
2278
2276
2276
2276
2275
2273
2273
2272
2270
2269
2268
2268
2265
2264
2262
2261
2258
2256
2256
2255
2254
2251
2250
2250
2250
2249
2249
2248
2247
2246
2244
2243
2242
2242
2241
2240
2237
2237
2237
2236
2230
2227
2227
2226
2225
2224
2223
2222
2221
2220
2220
2219
2219
2219
2218
2218
2218
2217
2216
2215
2214
2214
2212
2212
2208
2207
2207
2206
2206
2206
2205
2203
2199
2199
2198
2198
2196
2194
2193
2190
2188
2185
2185
2184
2182
2182
2181
2180
2180
2180
2179
2177
2177
2176
2176
2176
2172
2170
2169
2168
2166
2166
2165
2162
2162
2161
2160
2158
2157
2154
2151
2149
2148
2147
2145
2144
2141
2140
2140
2140
2140
2139
2138
2137
2137
2135
2135
2134
2133
2132
2130
2130
2128
2128
2128
2127
2126
2126
2124
2124
2122
2121
2120
2119
2118
2118
2117
2117
2117
2116
2115
2113
2111
2111
2111
2109
2108
2107
2107
2107
2106
2105
2105
2105
2100
2099
2098
2098
2098
2097
2096
2096
2095
2094
2093
2093
2092
2092
2091
2089
2089
2089
2088
2087
2087
2086
2083
2080
2080
2079
2077
2077
2076
2076
2074
2073
2071
2070
2069
2069
2066
2063
2062
2062
2053
2053
2052
2051
2051
2050
2048
2045
2044
2040
2040
2040
2039
2039
2039
2037
2036
2036
2036
2034
2033
2032
2032
2032
2032
2031
2031
2031
2030
2030
2029
2028
2028
2026
2025
2024
2024
2023
2023
2022
2019
2018
2016
2015
2015
2014
2014
2014
2014
2014
2011
2011
2011
2010
2010
2009
2008
2007
2007
2006
2005
2003
2001
2000
2000
2000
1999
1999
1999
1998
1996
1995
1995
1994
1993
1992
1992
1990
1988
1988
1987
1987
1985
1985
1983
1983
1983
1982
1981
1980
1979
1979
1978
1976
1974
1974
1965
1965
1963
1960
1960
1957
1957
1957
1956
1952
1951
1950
1949
1948
1948
1947
1947
1946
1946
1946
1946
1946
1945
1943
1943
1943
1942
1940
1940
1938
1938
1937
1937
1936
1936
1936
1934
1931
1931
1930
1925
1925
1925
1924
1923
1922
1922
1922
1920
1920
1918
1916
1916
1916
1913
1913
1912
1909
1909
1909
1909
1907
1907
1907
1904
1904
1903
1902
1902
1902
1897
1897
1896
1895
1892
1891
1889
1889
1888
1887
1887
1887
1887
1886
1886
1886
1885
1884
1883
1883
1883
1881
1879
1878
1878
1877
1877
1875
1875
1874
1874
1874
1872
1871
1868
1868
1867
1864
1862
1859
1859
1856
1855
1852
1851
1851
1848
1847
1847
1845
1843
1843
1843
1843
1842
1841
1838
1836
1836
1830
1828
1827
1826
1825
1824
1824
1822
1822
1820
1818
1817
1817
1815
1815
1814
1811
1810
1810
1810
1809
1807
1807
1805
1800
1800
1799
1799
1799
1799
1798
1797
1797
1795
1794
1794
1793
1792
1792
1791
1790
1789
1788
1788
1787
1787
1786
1785
1783
1782
1782
1779
1779
1779
1778
1778
1775
1775
1774
1773
1773
1773
1772
1772
1771
1770
1770
1769
1767
1767
1765
1764
1761
1760
1760
1759
1759
1758
1757
1757
1757
1754
1752
1751
1750
1749
1744
1744
1743
1740
1737
1737
1737
1733
1733
1732
1731
1730
1729
1724
1720
1720
1718
1717
1715
1714
1714
1708
1707
1705
1705
1704
1702
1702
1700
1699
1699
1698
1698
1697
1692
1689
1686
1686
1685
1684
1684
1683
1682
1682
1681
1681
1680
1678
1677
1675
1675
1673
1670
1669
1669
1668
1666
1665
1663
1661
1660
1660
1660
1660
1660
1658
1656
1655
1655
1655
1654
1648
1648
1647
1646
1646
1646
1645
1642
1642
1641
1636
1636
1635
1634
1634
1633
1632
1631
1630
1629
1629
1628
1627
1627
1624
1624
1623
1622
1622
1622
1621
1619
1617
1612
1609
1609
1608
1608
1607
1607
1606
1606
1605
1605
1601
1601
1599
1597
1596
1593
1593
1592
1590
1590
1590
1589
1587
1586
1585
1584
1584
1582
1580
1578
1578
1577
1576
1574
1574
1573
1572
1570
1569
1569
1568
1567
1566
1566
1566
1566
1565
1564
1564
1563
1561
1561
1561
1559
1559
1559
1558
1558
1556
1556
1555
1554
1553
1553
1552
1550
1549
1546
1545
1543
1543
1542
1540
1539
1538
1538
1538
1537
1535
1534
1534
1534
1534
1533
1532
1531
1529
1529
1528
1525
1524
1519
1519
1518
1518
1518
1514
1513
1511
1508
1507
1506
1503
1503
1503
1502
1501
1500
1499
1499
1498
1495
1495
1495
1494
1494
1491
1490
1489
1489
1489
1488
1486
1486
1482
1482
1481
1480
1479
1476
1475
1474
1474
1473
1473
1471
1471
1468
1465
1463
1463
1462
1461
1461
1459
1459
1458
1458
1457
1457
1457
1457
1456
1455
1453
1452
1452
1450
1449
1448
1448
1447
1446
1446
1444
1444
1443
1442
1438
1436
1434
1434
1434
1434
1431
1429
1425
1422
1422
1421
1420
1419
1419
1419
1418
1416
1415
1412
1411
1411
1410
1406
1405
1405
1404
1403
1402
1401
1400
1400
1399
1398
1396
1394
1392
1392
1390
1388
1388
1388
1387
1386
1385
1384
1383
1381
1381
1381
1381
1380
1380
1379
1378
1377
1376
1375
1374
1373
1372
1372
1370
1369
1368
1367
1367
1366
1365
1364
1362
1362
1362
1362
1361
1361
1361
1360
1359
1357
1357
1356
1355
1355
1354
1353
1352
1352
1352
1352
1351
1349
1348
1347
1346
1346
1345
1345
1344
1344
1344
1343
1342
1342
1341
1341
1339
1335
1335
1334
1334
1334
1332
1332
1331
1330
1330
1328
1328
1327
1327
1327
1325
1324
1324
1321
1319
1319
1318
1317
1317
1314
1313
1313
1313
1312
1312
1312
1311
1311
1310
1310
1310
1308
1307
1307
1307
1306
1305
1305
1305
1302
1301
1299
1294
1291
1288
1287
1285
1283
1283
1281
1277
1276
1276
1275
1274
1274
1274
1271
1271
1271
1269
1268
1268
1267
1267
1267
1267
1266
1265
1263
1262
1262
1261
1261
1260
1259
1259
1259
1258
1257
1257
1255
1254
1252
1249
1249
1248
1247
1247
1245
1245
1244
1244
1243
1241
1239
1238
1237
1237
1237
1236
1234
1230
1228
1225
1223
1222
1222
1220
1219
1218
1217
1217
1215
1215
1213
1212
1211
1210
1209
1208
1208
1208
1206
1202
1201
1198
1197
1196
1195
1194
1194
1193
1193
1192
1191
1190
1190
1189
1189
1187
1187
1187
1186
1186
1185
1183
1182
1181
1181
1178
1178
1178
1174
1172
1171
1169
1165
1164
1163
1163
1163
1163
1162
1161
1161
1160
1160
1157
1156
1156
1155
1155
1153
1153
1153
1152
1152
1152
1151
1150
1150
1150
1149
1149
1149
1147
1147
1144
1143
1141
1141
1141
1140
1139
1139
1137
1137
1136
1134
1134
1133
1133
1133
1131
1130
1130
1129
1127
1127
1126
1124
1124
1124
1122
1122
1122
1122
1122
1119
1119
1119
1118
1118
1118
1116
1116
1114
1114
1110
1110
1109
1105
1105
1105
1104
1102
1101
1100
1099
1098
1098
1097
1096
1095
1094
1094
1092
1092
1090
1087
1083
1083
1079
1078
1075
1073
1071
1070
1069
1069
1069
1068
1068
1067
1064
1064
1064
1063
1061
1060
1059
1059
1059
1056
1056
1056
1054
1053
1052
1052
1050
1048
1048
1047
1043
1041
1041
1039
1038
1038
1037
1037
1035
1034
1033
1032
1032
1030
1026
1025
1024
1024
1024
1023
1023
1023
1022
1022
1022
1022
1022
1021
1020
1020
1018
1016
1016
1016
1016
1014
1013
1013
1012
1011
1009
1009
1008
1008
1008
1007
1007
1006
1006
1004
1003
1002
1001
1000
999
996
996
994
993
993
992
991
984
984
984
983
983
983
982
981
981
980
980
977
977
977
977
976
975
974
974
974
974
973
973
971
970
969
969
968
967
966
966
961
961
959
957
956
954
954
953
952
951
948
947
945
943
943
942
940
939
939
938
937
937
936
935
934
932
931
931
930
930
930
929
929
929
929
928
927
926
921
920
918
918
918
917
916
915
915
914
913
913
913
913
912
910
909
909
908
907
907
907
906
905
905
905
902
902
901
901
900
898
897
894
893
892
892
891
891
888
887
887
886
885
885
882
880
880
880
879
879
879
877
876
875
872
871
869
868
866
865
865
862
862
858
857
857
855
854
854
854
853
853
853
853
852
849
848
848
846
846
845
843
843
842
842
840
839
836
832
831
831
830
830
829
828
827
826
826
826
826
825
824
823
820
819
818
818
817
817
816
815
813
813
812
810
807
805
804
803
801
801
800
800
800
799
798
798
796
796
795
793
793
793
792
791
789
788
788
787
787
786
786
785
785
785
784
782
780
779
778
778
777
776
776
775
773
773
772
770
768
768
765
764
764
762
762
762
761
760
760
759
757
756
755
754
753
753
753
752
751
750
750
749
749
748
746
744
743
742
741
739
737
736
735
734
732
730
729
729
728
725
725
725
724
724
723
723
722
722
721
718
717
717
716
715
713
713
712
712
712
711
710
709
707
707
705
704
704
702
700
698
696
695
695
694
694
693
693
693
693
690
690
688
686
682
682
681
680
679
679
679
678
678
676
676
673
672
672
671
671
671
669
669
667
667
667
665
663
662
662
662
662
661
660
660
660
660
660
657
657
654
654
654
653
653
653
652
651
650
647
646
645
642
642
641
641
640
638
638
635
634
634
632
632
630
630
630
629
628
626
626
625
622
621
620
620
618
617
614
612
609
609
609
607
606
606
599
598
597
595
591
591
590
589
589
588
588
587
586
586
586
583
582
575
574
574
571
571
570
569
568
567
567
565
565
565
564
564
563
562
562
559
559
557
557
554
554
553
551
551
551
549
547
544
543
540
538
538
537
535
533
532
532
532
531
527
527
526
524
522
518
518
517
516
515
515
515
514
512
511
511
509
509
505
503
501
500
499
498
497
497
497
491
489
489
489
488
488
486
486
482
482
482
482
481
481
479
479
477
476
476
476
475
474
474
472
471
471
469
468
467
464
464
463
463
462
461
460
459
458
457
457
457
456
455
453
453
452
449
447
445
445
443
441
441
441
439
439
435
432
432
432
431
431
430
430
428
428
428
428
426
424
423
422
421
421
417
416
416
416
416
415
414
413
413
413
412
411
410
410
410
410
408
408
408
407
406
405
405
403
401
398
398
397
397
396
396
396
393
392
392
392
391
391
390
390
390
388
388
387
385
385
381
381
379
377
377
376
375
374
374
373
372
371
370
369
367
367
366
365
363
363
361
359
359
359
358
357
356
356
354
352
351
350
349
348
346
346
343
342
340
333
332
332
332
331
331
330
330
328
328
325
325
323
322
321
317
317
316
316
315
315
311
311
310
309
309
307
306
305
303
301
299
299
298
298
298
298
298
296
296
296
294
294
294
289
289
289
288
287
286
285
284
284
283
281
281
281
281
278
277
275
275
275
274
274
274
274
272
271
270
270
269
269
268
268
266
264
263
263
261
261
261
260
260
259
259
259
259
258
257
256
255
255
254
254
252
251
249
247
247
247
245
245
244
241
240
239
239
238
237
237
237
236
234
232
232
232
230
229
226
226
224
224
224
224
224
223
221
221
218
217
216
215
214
214
213
213
212
211
210
208
207
207
206
206
205
204
203
201
199
197
195
195
194
194
194
192
191
191
189
189
188
187
187
186
186
184
184
183
178
177
177
176
174
173
173
170
170
169
169
167
166
165
162
162
161
160
159
158
158
157
156
149
149
147
145
144
144
142
141
141
141
140
140
139
138
138
137
137
134
133
133
133
132
131
129
128
126
125
125
125
124
124
123
123
122
122
121
119
119
118
118
117
115
115
113
112
112
112
111
111
111
111
108
107
106
104
104
103
102
102
99
99
98
96
95
95
95
93
92
91
90
89
88
87
86
85
85
84
84
83
81
80
79
76
72
71
70
70
69
64
63
62
59
58
58
57
55
53
47
44
42
42
38
37
37
35
32
32
30
29
29
28
26
26
25
22
22
17
16
16
12
10
10
8
7
7
7
5
5
5
4
4
3
