9999
9999
9999
9998
9998
9997
9995
9994
9992
9992
9989
9989
9988
9987
9987
9984
9983
9982
9982
9979
9978
9978
9978
9976
9976
9976
9975
9975
9970
9969
9969
9969
9967
9967
9964
9963
9963
9962
9960
9960
9959
9958
9957
9954
9954
9953
9953
9953
9952
9950
9950
9949
9949
9949
9945
9944
9943
9943
9943
9943
9943
9941
9941
9939
9939
9937
9936
9935
9934
9932
9931
9929
9929
9929
9928
9926
9926
9924
9923
9923
9922
9922
9921
9921
9920
9919
9918
9917
9915
9912
9912
9912
9911
9910
9906
9906
9906
9903
9903
9903
9902
9901
9901
9900
9898
9898
9897
9896
9895
9895
9895
9894
9894
9893
9892
9891
9891
9886
9885
9884
9882
9882
9881
9878
9878
9877
9877
9876
9875
9875
9874
9873
9873
9872
9871
9871
9870
9870
9869
9869
9868
9866
9865
9865
9862
9862
9860
9860
9860
9857
9855
9854
9853
9853
9852
9852
9852
9851
9851
9850
9849
9849
9849
9849
9848
9848
9848
9847
9846
9846
9841
9841
9840
9839
9838
9838
9837
9836
9834
9833
9832
9831
9831
9831
9830
9827
9827
9826
9825
9825
9824
9822
9822
9821
9819
9819
9819
9818
9816
9816
9814
9813
9812
9812
9812
9811
9810
9810
9805
9803
9803
9798
9798
9797
9796
9796
9795
9795
9793
9792
9792
9790
9786
9783
9783
9782
9782
9776
9775
9775
9775
9774
9771
9770
9770
9769
9769
9767
9766
9765
9765
9762
9761
9759
9754
9751
9750
9749
9749
9749
9749
9748
9747
9746
9746
9745
9744
9744
9744
9743
9743
9742
9741
9741
9740
9736
9736
9736
9736
9732
9731
9731
9731
9731
9730
9730
9729
9728
9728
9728
9727
9725
9725
9724
9724
9724
9724
9723
9722
9722
9721
9720
9718
9718
9718
9718
9716
9715
9710
9710
9709
9709
9709
9708
9708
9708
9708
9707
9707
9706
9703
9703
9701
9701
9699
9699
9699
9697
9696
9696
9694
9694
9693
9691
9691
9690
9689
9688
9686
9684
9684
9684
9683
9683
9682
9678
9676
9676
9675
9674
9673
9673
9672
9672
9671
9669
9669
9669
9666
9665
9663
9662
9662
9661
9656
9655
9652
9650
9649
9646
9645
9642
9642
9639
9639
9638
9637
9636
9636
9636
9635
9633
9632
9631
9628
9628
9628
9626
9626
9624
9623
9623
9623
9622
9622
9619
9618
9618
9618
9618
9617
9616
9616
9613
9610
9610
9607
9606
9606
9605
9603
9603
9602
9601
9598
9595
9594
9592
9592
9591
9588
9585
9583
9583
9581
9581
9580
9578
9577
9577
9573
9573
9572
9572
9571
9571
9567
9566
9566
9566
9565
9565
9564
9564
9562
9561
9560
9560
9559
9559
9559
9557
9553
9551
9551
9550
9550
9550
9550
9549
9548
9547
9546
9545
9544
9542
9542
9538
9537
9535
9535
9535
9533
9532
9531
9531
9530
9530
9529
9528
9528
9528
9523
9523
9522
9521
9521
9520
9520
9520
9519
9519
9518
9517
9516
9516
9514
9511
9510
9510
9507
9507
9506
9505
9504
9504
9503
9503
9502
9502
9500
9500
9499
9498
9497
9494
9494
9492
9490
9489
9483
9482
9480
9480
9480
9480
9479
9478
9477
9472
9471
9469
9469
9466
9466
9465
9465
9464
9463
9463
9463
9460
9456
9455
9454
9453
9449
9447
9447
9447
9440
9438
9433
9430
9427
9426
9424
9423
9423
9423
9422
9421
9421
9421
9420
9420
9419
9418
9418
9418
9416
9416
9413
9413
9409
9409
9407
9406
9406
9406
9406
9404
9403
9402
9401
9399
9398
9398
9397
9396
9394
9393
9392
9390
9390
9389
9389
9388
9386
9386
9385
9385
9385
9384
9384
9383
9383
9383
9382
9382
9382
9381
9380
9380
9380
9379
9379
9378
9378
9378
9375
9374
9373
9372
9372
9371
9371
9371
9368
9368
9366
9365
9365
9364
9364
9363
9363
9360
9358
9358
9357
9354
9354
9353
9352
9351
9350
9350
9349
9349
9348
9346
9346
9343
9342
9342
9340
9339
9339
9338
9338
9336
9335
9334
9334
9334
9331
9331
9330
9329
9329
9329
9328
9328
9327
9327
9327
9326
9324
9324
9323
9323
9322
9322
9322
9321
9320
9318
9317
9317
9316
9316
9315
9311
9310
9310
9309
9308
9308
9308
9307
9307
9303
9303
9302
9302
9296
9295
9294
9293
9292
9292
9291
9290
9290
9289
9289
9288
9288
9287
9287
9287
9284
9282
9282
9280
9279
9278
9278
9276
9276
9276
9274
9271
9271
9271
9271
9271
9269
9269
9267
9267
9266
9263
9261
9261
9260
9258
9258
9258
9253
9253
9253
9252
9251
9250
9249
9248
9248
9248
9246
9244
9243
9241
9241
9238
9237
9235
9234
9231
9231
9231
9230
9228
9224
9223
9223
9222
9221
9221
9221
9219
9217
9217
9216
9215
9213
9212
9209
9209
9208
9207
9207
9204
9204
9202
9202
9201
9201
9199
9198
9198
9196
9194
9194
9193
9193
9191
9190
9187
9187
9187
9183
9183
9182
9181
9179
9179
9179
9176
9175
9175
9174
9170
9169
9168
9168
9168
9164
9163
9163
9162
9161
9160
9160
9160
9159
9157
9157
9157
9157
9156
9155
9155
9154
9154
9154
9150
9150
9149
9149
9148
9145
9144
9143
9142
9141
9140
9140
9140
9139
9138
9137
9134
9134
9133
9132
9131
9128
9128
9126
9126
9125
9122
9122
9122
9121
9121
9121
9119
9116
9115
9115
9114
9114
9113
9111
9110
9109
9109
9109
9109
9108
9108
9108
9107
9106
9104
9104
9103
9102
9101
9101
9100
9100
9099
9099
9099
9099
9097
9096
9096
9095
9093
9090
9089
9088
9084
9083
9082
9079
9078
9078
9078
9075
9075
9075
9073
9072
9072
9072
9071
9070
9068
9066
9065
9065
9064
9064
9063
9063
9063
9062
9060
9060
9056
9055
9054
9054
9051
9049
9048
9044
9044
9043
9043
9042
9042
9040
9040
9039
9037
9033
9031
9029
9027
9025
9024
9024
9022
9022
9021
9021
9018
9017
9016
9016
9015
9014
9013
9012
9009
9006
9003
9003
9000
8999
8999
8997
8997
8995
8995
8994
8994
8994
8993
8992
8991
8990
8989
8988
8986
8985
8982
8981
8980
8979
8977
8977
8977
8976
8975
8969
8969
8966
8965
8965
8963
8963
8961
8961
8960
8960
8959
8959
8959
8959
8958
8958
8957
8956
8955
8953
8951
8951
8950
8950
8950
8950
8947
8946
8946
8945
8945
8941
8941
8940
8940
8939
8938
8937
8936
8935
8935
8932
8932
8929
8929
8924
8924
8924
8922
8921
8921
8920
8918
8918
8917
8914
8913
8912
8912
8910
8909
8908
8908
8906
8904
8904
8900
8900
8899
8898
8897
8896
8895
8895
8894
8893
8893
8891
8891
8889
8888
8888
8887
8887
8885
8884
8884
8882
8882
8881
8878
8878
8877
8877
8876
8875
8873
8873
8872
8871
8870
8869
8869
8866
8865
8860
8859
8859
8857
8856
8854
8854
8854
8853
8853
8851
8850
8849
8844
8841
8840
8839
8838
8838
8837
8837
8836
8835
8834
8832
8831
8831
8830
8830
8830
8830
8829
8828
8825
8825
8819
8819
8818
8818
8817
8815
8814
8813
8813
8812
8812
8812
8811
8810
8809
8808
8806
8800
8798
8797
8796
8796
8794
8794
8794
8794
8793
8789
8787
8783
8783
8783
8783
8780
8780
8779
8779
8778
8777
8775
8775
8774
8773
8770
8769
8768
8767
8767
8767
8765
8765
8763
8763
8760
8758
8756
8754
8753
8751
8751
8749
8749
8748
8747
8746
8746
8745
8744
8744
8743
8743
8742
8741
8739
8739
8739
8738
8738
8737
8736
8736
8735
8733
8732
8730
8730
8729
8729
8728
8727
8724
8723
8719
8719
8719
8719
8718
8715
8715
8715
8714
8714
8714
8713
8713
8712
8711
8711
8706
8705
8703
8702
8701
8700
8700
8700
8700
8699
8697
8696
8695
8694
8693
8693
8693
8692
8692
8690
8690
8688
8688
8688
8687
8686
8685
8684
8683
8683
8681
8680
8677
8677
8677
8677
8677
8676
8676
8675
8675
8675
8674
8673
8671
8670
8670
8667
8666
8665
8665
8664
8662
8662
8662
8660
8659
8658
8657
8655
8654
8654
8654
8652
8652
8650
8649
8649
8649
8649
8647
8647
8647
8642
8641
8639
8638
8638
8637
8634
8634
8632
8630
8630
8630
8625
8622
8621
8620
8619
8618
8618
8618
8618
8618
8618
8617
8617
8614
8614
8613
8612
8612
8611
8610
8610
8608
8608
8606
8604
8603
8603
8603
8602
8602
8602
8602
8600
8598
8597
8596
8595
8595
8594
8592
8592
8591
8589
8588
8587
8586
8586
8586
8585
8583
8583
8579
8578
8578
8578
8578
8577
8577
8574
8573
8572
8572
8571
8571
8570
8570
8569
8569
8569
8568
8566
8566
8563
8562
8562
8562
8561
8560
8558
8557
8556
8556
8554
8551
8551
8551
8551
8547
8547
8546
8546
8545
8544
8543
8543
8543
8542
8542
8541
8541
8539
8539
8538
8538
8537
8536
8535
8535
8534
8533
8533
8533
8531
8529
8529
8527
8527
8526
8526
8524
8523
8522
8522
8521
8520
8519
8516
8515
8514
8514
8513
8513
8510
8508
8507
8506
8504
8503
8499
8496
8496
8495
8492
8491
8491
8491
8490
8490
8489
8488
8487
8486
8485
8485
8483
8483
8481
8481
8481
8480
8479
8478
8478
8477
8476
8476
8475
8475
8475
8475
8475
8474
8474
8473
8471
8471
8470
8466
8466
8463
8462
8461
8460
8460
8460
8460
8459
8459
8458
8456
8455
8455
8455
8454
8449
8445
8444
8443
8443
8442
8441
8441
8440
8440
8438
8438
8438
8438
8437
8437
8436
8435
8434
8434
8434
8432
8432
8431
8431
8430
8430
8429
8429
8427
8427
8423
8423
8421
8420
8418
8418
8418
8417
8417
8415
8414
8411
8409
8406
8406
8405
8403
8401
8401
8400
8399
8394
8391
8390
8390
8389
8388
8387
8387
8385
8385
8385
8382
8381
8381
8380
8379
8377
8377
8376
8376
8375
8375
8374
8374
8374
8373
8373
8372
8372
8370
8369
8368
8366
8364
8364
8362
8362
8361
8360
8359
8358
8358
8357
8357
8356
8356
8355
8353
8352
8348
8348
8347
8346
8344
8343
8342
8341
8339
8337
8337
8337
8335
8334
8332
8332
8331
8331
8331
8327
8325
8325
8325
8321
8321
8319
8318
8317
8315
8315
8314
8313
8312
8312
8312
8310
8308
8307
8306
8306
8303
8303
8300
8298
8296
8296
8295
8295
8293
8292
8292
8292
8290
8289
8288
8285
8280
8278
8278
8274
8274
8273
8273
8273
8273
8271
8271
8270
8270
8268
8268
8267
8264
8264
8261
8260
8258
8257
8257
8257
8256
8256
8253
8250
8249
8249
8241
8241
8240
8238
8237
8235
8234
8232
8231
8230
8229
8228
8228
8227
8225
8222
8220
8219
8217
8217
8216
8215
8215
8215
8214
8214
8213
8212
8211
8211
8210
8207
8207
8207
8206
8206
8205
8204
8203
8201
8200
8198
8198
8198
8197
8193
8192
8192
8190
8189
8185
8185
8183
8183
8183
8182
8179
8179
8177
8174
8172
8171
8170
8167
8167
8166
8160
8160
8160
8159
8156
8155
8154
8154
8153
8150
8149
8148
8147
8147
8147
8145
8143
8142
8142
8141
8141
8141
8140
8139
8139
8138
8137
8137
8137
8136
8136
8136
8136
8135
8135
8134
8130
8129
8127
8127
8126
8125
8124
8122
8115
8115
8114
8114
8113
8113
8112
8112
8111
8111
8111
8107
8106
8105
8105
8104
8103
8102
8098
8097
8096
8096
8095
8094
8094
8093
8093
8092
8092
8090
8089
8089
8086
8086
8085
8084
8083
8083
8083
8082
8081
8080
8079
8079
8079
8078
8078
8077
8077
8076
8076
8073
8073
8073
8073
8072
8072
8071
8071
8071
8070
8070
8068
8067
8066
8066
8065
8065
8063
8061
8059
8057
8056
8054
8053
8053
8052
8052
8051
8049
8049
8044
8044
8043
8039
8039
8038
8038
8038
8037
8037
8037
8036
8035
8034
8034
8032
8031
8031
8031
8029
8029
8023
8023
8020
8020
8020
8020
8020
8019
8018
8017
8016
8016
8015
8014
8013
8012
8012
8012
8011
8009
8009
8008
8008
8007
8005
8005
8005
8000
8000
7999
7999
7998
7997
7997
7996
7994
7993
7993
7993
7993
7992
7992
7992
7992
7990
7990
7990
7988
7987
7985
7985
7984
7983
7982
7980
7978
7977
7976
7975
7975
7974
7974
7972
7972
7971
7969
7968
7967
7966
7966
7962
7961
7961
7960
7957
7957
7956
7956
7956
7952
7952
7950
7949
7949
7948
7948
7948
7945
7945
7945
7943
7943
7943
7941
7941
7940
7940
7940
7937
7937
7936
7933
7932
7931
7930
7929
7929
7925
7925
7924
7924
7923
7923
7920
7920
7920
7915
7913
7913
7912
7912
7910
7910
7907
7904
7904
7903
7901
7901
7901
7901
7900
7898
7897
7897
7897
7897
7896
7896
7894
7893
7891
7891
7890
7890
7890
7890
7889
7889
7888
7888
7888
7887
7887
7885
7885
7885
7884
7884
7881
7881
7881
7880
7879
7878
7876
7875
7874
7874
7870
7870
7870
7866
7863
7862
7862
7861
7860
7859
7858
7858
7857
7855
7853
7852
7851
7850
7849
7848
7848
7847
7842
7840
7840
7839
7838
7836
7836
7836
7835
7835
7832
7832
7831
7830
7830
7830
7827
7827
7827
7826
7826
7825
7825
7824
7824
7824
7823
7822
7822
7820
7819
7819
7819
7817
7816
7815
7815
7812
7810
7808
7807
7807
7805
7803
7802
7798
7797
7797
7796
7795
7792
7792
7792
7791
7790
7788
7788
7786
7786
7784
7783
7783
7782
7782
7779
7779
7779
7778
7778
7777
7777
7774
7772
7771
7766
7765
7764
7764
7760
7758
7757
7757
7757
7754
7754
7754
7753
7752
7751
7750
7750
7749
7748
7748
7747
7747
7746
7746
7746
7745
7744
7743
7743
7743
7742
7742
7740
7736
7736
7736
7735
7734
7733
7732
7732
7729
7727
7726
7724
7723
7721
7720
7719
7719
7719
7718
7717
7717
7717
7716
7716
7715
7713
7713
7713
7712
7711
7710
7708
7708
7707
7707
7706
7705
7703
7703
7702
7702
7701
7699
7699
7698
7698
7698
7694
7692
7691
7691
7690
7689
7689
7689
7688
7688
7684
7683
7683
7683
7680
7680
7679
7678
7678
7677
7677
7677
7675
7675
7674
7674
7673
7672
7672
7672
7671
7671
7670
7670
7668
7665
7665
7664
7662
7662
7660
7660
7660
7660
7659
7659
7658
7657
7655
7654
7654
7653
7652
7652
7650
7650
7649
7648
7648
7647
7647
7647
7644
7644
7643
7642
7642
7641
7641
7640
7639
7638
7638
7636
7634
7632
7632
7631
7630
7629
7626
7624
7624
7621
7620
7620
7619
7619
7618
7617
7617
7616
7616
7615
7615
7610
7610
7609
7609
7609
7608
7605
7604
7604
7603
7603
7603
7602
7601
7595
7595
7594
7591
7590
7590
7589
7588
7588
7587
7587
7586
7585
7584
7582
7580
7578
7578
7578
7577
7577
7575
7573
7572
7570
7569
7569
7569
7568
7568
7566
7565
7563
7562
7562
7561
7561
7560
7559
7559
7558
7558
7558
7557
7557
7556
7556
7555
7555
7554
7554
7553
7553
7553
7548
7547
7545
7545
7540
7539
7539
7537
7537
7535
7534
7534
7533
7533
7533
7532
7530
7530
7530
7528
7526
7525
7525
7524
7523
7523
7520
7519
7519
7518
7516
7514
7512
7510
7508
7508
7507
7506
7504
7504
7502
7498
7498
7497
7497
7496
7495
7494
7494
7493
7493
7493
7491
7491
7487
7484
7484
7482
7481
7479
7475
7474
7473
7469
7469
7468
7468
7468
7468
7467
7467
7463
7460
7460
7459
7459
7457
7457
7457
7455
7455
7453
7452
7452
7450
7447
7447
7445
7445
7443
7442
7440
7439
7437
7435
7435
7434
7434
7433
7430
7430
7428
7427
7426
7426
7426
7426
7425
7425
7423
7422
7421
7421
7421
7420
7417
7415
7414
7413
7413
7412
7411
7411
7411
7410
7409
7402
7401
7401
7399
7398
7397
7396
7394
7393
7391
7388
7386
7385
7383
7383
7383
7382
7381
7381
7381
7381
7380
7379
7379
7378
7377
7374
7374
7374
7373
7372
7369
7368
7368
7367
7363
7363
7363
7361
7361
7358
7357
7357
7356
7356
7349
7348
7348
7347
7346
7345
7345
7344
7342
7341
7339
7338
7338
7338
7338
7337
7336
7336
7335
7334
7333
7333
7332
7332
7332
7330
7328
7327
7324
7324
7324
7323
7322
7321
7321
7320
7318
7317
7316
7316
7315
7315
7314
7314
7313
7311
7310
7309
7308
7306
7306
7306
7305
7304
7303
7301
7300
7297
7296
7296
7296
7295
7295
7295
7293
7291
7290
7289
7288
7288
7287
7287
7286
7286
7285
7284
7284
7282
7281
7278
7274
7273
7272
7271
7271
7271
7271
7271
7271
7270
7270
7269
7268
7267
7266
7266
7266
7265
7265
7265
7264
7264
7263
7262
7261
7261
7261
7259
7259
7259
7257
7255
7253
7252
7252
7251
7251
7249
7248
7247
7246
7246
7246
7246
7245
7245
7244
7241
7240
7240
7239
7239
7237
7236
7233
7231
7231
7228
7228
7228
7227
7227
7227
7226
7226
7222
7219
7219
7219
7218
7217
7217
7216
7213
7212
7210
7207
7207
7207
7205
7205
7204
7201
7198
7198
7197
7196
7195
7192
7191
7186
7185
7184
7183
7183
7183
7183
7182
7181
7181
7180
7180
7179
7179
7177
7177
7177
7176
7174
7173
7172
7171
7170
7169
7168
7166
7165
7165
7164
7163
7161
7160
7158
7158
7157
7156
7156
7154
7154
7153
7150
7150
7150
7149
7148
7148
7147
7146
7145
7144
7144
7144
7143
7143
7140
7139
7139
7138
7138
7137
7136
7135
7132
7130
7130
7127
7127
7126
7125
7123
7122
7121
7120
7120
7119
7118
7118
7117
7116
7116
7116
7116
7115
7114
7113
7113
7111
7111
7109
7103
7103
7101
7098
7096
7095
7095
7093
7092
7090
7088
7087
7087
7087
7086
7086
7085
7085
7085
7083
7083
7082
7082
7082
7081
7081
7080
7078
7077
7076
7075
7074
7073
7071
7071
7068
7068
7068
7067
7065
7064
7059
7059
7057
7056
7055
7054
7053
7052
7052
7051
7050
7049
7045
7044
7041
7040
7040
7039
7039
7038
7038
7037
7036
7035
7035
7035
7034
7032
7031
7029
7027
7027
7026
7025
7024
7022
7021
7020
7018
7017
7017
7015
7015
7015
7012
7011
7009
7009
7009
7008
7007
7007
7004
7003
7003
7003
7002
7002
7001
6999
6999
6998
6992
6988
6988
6985
6985
6985
6985
6982
6981
6980
6979
6977
6977
6976
6975
6974
6974
6973
6970
6970
6967
6965
6964
6964
6961
6958
6957
6954
6954
6952
6952
6950
6949
6949
6948
6947
6947
6946
6946
6943
6943
6942
6938
6937
6936
6936
6935
6934
6932
6932
6931
6931
6930
6929
6929
6929
6928
6928
6927
6926
6925
6924
6922
6921
6920
6920
6919
6919
6919
6919
6918
6918
6917
6916
6916
6914
6910
6909
6907
6906
6906
6904
6903
6902
6901
6898
6897
6897
6896
6895
6894
6894
6893
6890
6890
6889
6888
6888
6886
6885
6885
6883
6883
6883
6881
6881
6880
6878
6878
6878
6876
6876
6876
6874
6874
6871
6871
6868
6866
6863
6861
6861
6860
6859
6859
6858
6858
6856
6855
6854
6854
6854
6853
6853
6851
6850
6848
6848
6848
6847
6846
6846
6845
6844
6844
6844
6844
6843
6842
6840
6838
6838
6838
6836
6835
6833
6832
6831
6831
6831
6830
6828
6828
6828
6828
6828
6825
6822
6822
6821
6820
6819
6819
6818
6817
6817
6816
6816
6813
6813
6812
6812
6811
6810
6809
6809
6808
6808
6807
6807
6805
6805
6802
6801
6795
6795
6794
6792
6792
6792
6791
6789
6788
6788
6788
6785
6785
6782
6781
6780
6779
6778
6778
6777
6777
6777
6775
6773
6769
6767
6765
6765
6764
6761
6760
6760
6760
6759
6756
6754
6754
6753
6753
6752
6751
6748
6747
6747
6747
6746
6745
6744
6743
6742
6740
6739
6738
6736
6735
6735
6734
6734
6734
6734
6732
6731
6731
6729
6727
6727
6727
6727
6726
6725
6724
6724
6723
6723
6722
6721
6719
6719
6718
6718
6716
6714
6714
6713
6712
6711
6710
6710
6708
6708
6707
6706
6705
6705
6703
6703
6701
6701
6701
6696
6695
6693
6693
6693
6691
6690
6689
6688
6687
6684
6683
6682
6682
6681
6676
6675
6675
6672
6671
6670
6670
6670
6670
6670
6669
6666
6665
6664
6663
6663
6663
6662
6659
6659
6656
6655
6655
6653
6651
6650
6649
6648
6643
6642
6641
6640
6640
6639
6636
6635
6635
6635
6635
6632
6632
6631
6631
6631
6629
6629
6628
6627
6627
6626
6626
6624
6623
6623
6623
6623
6621
6619
6619
6618
6618
6617
6617
6616
6616
6615
6615
6613
6612
6612
6612
6611
6609
6609
6608
6604
6604
6603
6602
6600
6599
6599
6598
6598
6597
6597
6596
6594
6594
6594
6591
6590
6590
6590
6589
6589
6588
6587
6586
6585
6585
6585
6583
6583
6583
6582
6581
6581
6581
6580
6580
6579
6575
6575
6573
6572
6572
6572
6570
6570
6569
6569
6569
6567
6566
6566
6562
6562
6561
6560
6558
6555
6554
6552
6552
6551
6549
6549
6547
6546
6545
6543
6543
6543
6542
6541
6538
6536
6534
6532
6532
6532
6531
6530
6529
6528
6527
6527
6526
6525
6524
6523
6523
6523
6522
6522
6522
6520
6519
6519
6519
6519
6518
6517
6515
6515
6514
6512
6512
6512
6512
6512
6510
6510
6510
6509
6509
6508
6508
6507
6506
6506
6504
6500
6500
6500
6498
6497
6497
6497
6496
6495
6493
6493
6492
6492
6492
6491
6487
6487
6486
6486
6484
6483
6483
6479
6478
6478
6476
6476
6475
6474
6473
6472
6472
6469
6466
6466
6465
6463
6463
6459
6458
6456
6455
6454
6453
6453
6453
6453
6452
6451
6447
6446
6446
6445
6444
6444
6443
6443
6443
6442
6442
6442
6441
6438
6437
6436
6435
6435
6435
6433
6433
6431
6431
6430
6428
6427
6426
6426
6426
6425
6424
6423
6423
6422
6421
6419
6417
6417
6417
6415
6411
6410
6410
6409
6408
6408
6407
6406
6404
6404
6403
6403
6402
6401
6401
6400
6398
6398
6396
6395
6395
6394
6393
6393
6393
6393
6392
6391
6390
6389
6388
6388
6387
6386
6383
6383
6381
6381
6381
6380
6379
6379
6378
6375
6374
6374
6368
6367
6366
6366
6364
6363
6362
6361
6360
6360
6360
6360
6360
6359
6359
6358
6358
6357
6356
6355
6353
6353
6352
6350
6349
6349
6349
6349
6349
6347
6346
6346
6345
6344
6344
6343
6343
6341
6340
6340
6340
6338
6338
6337
6337
6337
6335
6335
6335
6335
6335
6334
6333
6332
6332
6331
6330
6330
6330
6326
6325
6325
6325
6324
6320
6316
6314
6314
6314
6312
6311
6311
6309
6308
6305
6305
6304
6304
6304
6303
6302
6302
6302
6301
6301
6300
6300
6298
6298
6296
6295
6293
6293
6290
6287
6287
6285
6284
6281
6281
6280
6276
6276
6274
6274
6273
6272
6271
6269
6269
6268
6268
6268
6268
6267
6266
6266
6262
6261
6260
6259
6258
6257
6257
6256
6255
6255
6253
6253
6253
6252
6250
6250
6249
6247
6246
6244
6244
6242
6241
6240
6237
6235
6234
6234
6234
6234
6233
6232
6231
6231
6229
6228
6227
6224
6223
6223
6221
6221
6220
6220
6219
6219
6218
6218
6216
6216
6215
6213
6213
6212
6212
6212
6211
6211
6210
6210
6209
6209
6208
6208
6206
6206
6204
6202
6202
6201
6198
6198
6198
6197
6196
6194
6194
6192
6190
6190
6188
6188
6185
6184
6184
6183
6183
6179
6178
6176
6175
6173
6172
6169
6167
6167
6166
6164
6164
6163
6160
6158
6158
6158
6157
6156
6156
6156
6155
6155
6154
6154
6152
6152
6150
6150
6149
6148
6148
6147
6144
6143
6143
6142
6140
6137
6135
6133
6132
6130
6130
6128
6128
6127
6127
6126
6125
6123
6123
6122
6119
6117
6117
6116
6114
6114
6111
6110
6108
6106
6104
6103
6102
6102
6100
6099
6096
6093
6093
6091
6091
6090
6088
6087
6086
6085
6085
6084
6083
6082
6082
6081
6080
6079
6077
6077
6075
6074
6073
6073
6072
6070
6070
6067
6065
6065
6063
6062
6061
6060
6059
6059
6059
6058
6058
6058
6058
6058
6057
6056
6055
6055
6054
6054
6054
6054
6053
6052
6052
6049
6048
6048
6046
6045
6042
6042
6041
6041
6040
6039
6038
6034
6034
6033
6033
6032
6030
6028
6026
6025
6023
6023
6022
6022
6022
6021
6021
6020
6019
6019
6019
6019
6017
6015
6015
6011
6008
6008
6007
6007
6006
6006
6006
6005
6003
6002
6002
6001
6000
6000
5998
5995
5994
5994
5994
5993
5993
5988
5987
5985
5984
5978
5978
5977
5977
5976
5976
5973
5972
5972
5972
5972
5970
5969
5968
5968
5967
5966
5965
5965
5962
5960
5960
5960
5959
5958
5957
5956
5955
5952
5951
5950
5949
5949
5947
5947
5946
5945
5945
5945
5943
5942
5941
5941
5940
5938
5938
5938
5936
5935
5935
5933
5932
5931
5930
5929
5929
5928
5927
5927
5923
5922
5922
5922
5921
5921
5921
5920
5919
5919
5919
5918
5914
5911
5911
5911
5911
5910
5910
5909
5909
5908
5908
5907
5907
5906
5906
5905
5904
5901
5900
5899
5898
5897
5897
5896
5894
5893
5892
5892
5892
5892
5891
5890
5887
5887
5887
5884
5880
5879
5877
5876
5875
5873
5872
5871
5870
5870
5867
5867
5866
5866
5865
5863
5863
5862
5861
5860
5859
5857
5856
5855
5855
5854
5850
5850
5849
5847
5847
5846
5844
5844
5843
5842
5842
5842
5839
5837
5836
5835
5835
5834
5831
5829
5829
5829
5828
5828
5828
5827
5827
5827
5825
5823
5823
5822
5821
5820
5820
5820
5819
5819
5819
5818
5817
5817
5816
5816
5816
5813
5811
5811
5811
5810
5810
5809
5809
5808
5807
5806
5806
5805
5802
5802
5801
5801
5801
5801
5800
5799
5798
5796
5796
5795
5794
5790
5790
5789
5788
5788
5785
5782
5781
5779
5777
5775
5774
5774
5774
5773
5773
5771
5770
5769
5768
5768
5766
5764
5763
5763
5763
5763
5762
5761
5760
5760
5758
5757
5757
5756
5753
5752
5750
5749
5748
5747
5747
5746
5744
5744
5742
5741
5741
5740
5740
5740
5738
5738
5738
5737
5737
5737
5736
5736
5736
5735
5735
5734
5733
5731
5730
5727
5725
5725
5722
5721
5720
5720
5719
5719
5719
5717
5717
5717
5716
5716
5716
5714
5711
5710
5708
5707
5707
5706
5704
5704
5703
5701
5700
5699
5699
5698
5698
5697
5694
5693
5692
5690
5689
5689
5688
5686
5685
5684
5684
5681
5680
5679
5675
5672
5672
5671
5670
5670
5669
5668
5666
5665
5665
5664
5664
5663
5662
5662
5662
5662
5662
5661
5660
5659
5658
5657
5656
5654
5653
5653
5650
5650
5649
5649
5649
5648
5646
5645
5643
5642
5640
5640
5640
5636
5633
5632
5632
5631
5630
5629
5628
5628
5628
5627
5625
5624
5624
5622
5622
5622
5622
5622
5622
5621
5620
5620
5619
5619
5618
5618
5618
5617
5617
5616
5612
5606
5603
5602
5601
5601
5601
5601
5598
5598
5598
5598
5596
5593
5592
5588
5587
5584
5584
5583
5582
5582
5580
5578
5577
5577
5576
5576
5576
5574
5574
5573
5572
5572
5572
5571
5571
5568
5566
5566
5565
5564
5562
5562
5562
5560
5560
5560
5557
5556
5552
5550
5550
5549
5548
5547
5544
5542
5541
5539
5536
5536
5534
5532
5530
5530
5528
5527
5526
5521
5520
5519
5519
5518
5518
5517
5517
5516
5516
5516
5515
5514
5513
5512
5512
5512
5511
5510
5509
5509
5508
5506
5505
5505
5504
5504
5502
5502
5500
5497
5495
5492
5492
5491
5490
5490
5489
5489
5489
5488
5486
5485
5483
5482
5481
5481
5480
5478
5477
5476
5476
5474
5474
5474
5472
5467
5466
5465
5465
5462
5458
5458
5458
5457
5455
5455
5455
5453
5453
5452
5452
5448
5447
5447
5446
5446
5444
5444
5443
5443
5443
5442
5442
5442
5441
5440
5439
5438
5438
5438
5438
5437
5436
5435
5432
5431
5431
5431
5431
5425
5424
5424
5422
5421
5420
5420
5420
5419
5419
5417
5416
5416
5416
5413
5413
5410
5409
5409
5408
5407
5406
5406
5406
5405
5404
5404
5401
5400
5399
5399
5397
5397
5396
5396
5396
5395
5395
5395
5394
5394
5393
5391
5390
5389
5388
5386
5384
5382
5382
5381
5381
5379
5377
5375
5373
5373
5372
5372
5367
5366
5363
5360
5356
5355
5355
5354
5354
5353
5351
5350
5349
5348
5348
5347
5345
5344
5343
5343
5342
5341
5340
5340
5340
5339
5339
5339
5338
5337
5335
5334
5334
5333
5333
5333
5331
5331
5329
5329
5323
5323
5323
5321
5321
5321
5320
5320
5319
5318
5317
5317
5317
5315
5314
5314
5313
5310
5309
5308
5307
5305
5305
5305
5304
5303
5303
5302
5300
5300
5298
5296
5295
5294
5294
5293
5290
5289
5289
5288
5287
5286
5286
5285
5283
5283
5282
5281
5280
5280
5278
5278
5277
5275
5275
5275
5275
5274
5274
5274
5273
5271
5270
5270
5270
5269
5269
5268
5268
5266
5263
5262
5262
5260
5260
5260
5256
5256
5254
5253
5252
5251
5249
5248
5248
5245
5245
5244
5243
5242
5240
5239
5239
5238
5237
5237
5236
5236
5236
5235
5235
5235
5232
5231
5230
5230
5230
5229
5229
5229
5229
5227
5226
5225
5224
5223
5222
5221
5219
5219
5217
5216
5216
5214
5213
5212
5212
5211
5211
5210
5208
5207
5207
5207
5207
5206
5205
5204
5204
5202
5202
5202
5201
5200
5199
5199
5196
5195
5195
5193
5192
5191
5189
5189
5185
5184
5182
5182
5180
5180
5178
5177
5175
5173
5171
5170
5167
5167
5165
5163
5162
5162
5162
5160
5159
5158
5157
5154
5151
5151
5151
5148
5148
5147
5146
5146
5145
5144
5143
5143
5142
5139
5138
5138
5137
5133
5133
5132
5130
5129
5128
5127
5124
5123
5121
5121
5121
5119
5118
5117
5115
5114
5111
5110
5109
5108
5108
5108
5107
5107
5106
5105
5105
5104
5102
5102
5102
5100
5100
5100
5100
5099
5098
5098
5095
5095
5094
5090
5089
5088
5088
5088
5087
5086
5086
5085
5084
5083
5082
5081
5080
5079
5078
5076
5074
5072
5072
5072
5071
5070
5070
5069
5068
5067
5067
5066
5065
5065
5064
5061
5060
5058
5058
5057
5057
5053
5053
5052
5052
5050
5050
5049
5047
5046
5045
5044
5043
5040
5039
5039
5036
5036
5034
5034
5034
5032
5032
5027
5027
5026
5024
5022
5022
5021
5020
5019
5018
5018
5017
5016
5015
5015
5013
5012
5012
5012
5010
5008
5007
5006
5006
5004
5004
5003
5001
5001
5000
4995
4994
4994
4991
4990
4988
4988
4987
4987
4987
4985
4984
4983
4983
4981
4980
4976
4976
4975
4975
4974
4974
4973
4972
4971
4970
4967
4966
4966
4963
4962
4961
4961
4959
4957
4955
4952
4951
4951
4951
4951
4951
4950
4949
4949
4948
4947
4947
4946
4944
4944
4944
4942
4942
4940
4937
4936
4936
4935
4933
4933
4933
4932
4931
4931
4931
4931
4930
4929
4928
4927
4927
4925
4924
4921
4920
4920
4919
4918
4917
4912
4909
4907
4902
4901
4900
4900
4899
4898
4897
4896
4896
4896
4895
4894
4892
4891
4891
4890
4890
4889
4889
4887
4887
4887
4887
4887
4885
4885
4885
4884
4884
4882
4882
4882
4881
4880
4879
4878
4878
4873
4870
4870
4869
4869
4868
4868
4867
4866
4865
4865
4864
4863
4862
4860
4859
4858
4858
4856
4855
4854
4853
4852
4850
4849
4848
4847
4846
4844
4843
4843
4842
4841
4839
4837
4834
4834
4833
4832
4831
4830
4830
4830
4829
4827
4824
4822
4821
4818
4818
4816
4816
4815
4811
4810
4809
4808
4808
4801
4799
4797
4795
4794
4792
4790
4788
4786
4786
4786
4786
4784
4783
4782
4782
4781
4779
4779
4778
4777
4776
4773
4772
4772
4771
4770
4768
4768
4768
4767
4767
4765
4763
4762
4760
4760
4759
4758
4758
4757
4757
4755
4754
4754
4753
4752
4750
4750
4750
4749
4749
4746
4745
4745
4745
4744
4742
4741
4740
4739
4739
4736
4736
4735
4734
4732
4731
4730
4730
4726
4726
4726
4724
4723
4721
4716
4716
4715
4714
4713
4712
4710
4708
4708
4708
4707
4705
4705
4705
4704
4704
4704
4700
4699
4699
4697
4697
4697
4697
4696
4696
4695
4695
4693
4692
4691
4691
4690
4690
4689
4689
4688
4687
4683
4682
4682
4681
4678
4677
4669
4668
4667
4666
4665
4665
4664
4664
4662
4659
4658
4658
4658
4658
4657
4656
4655
4654
4653
4651
4648
4648
4646
4646
4645
4644
4644
4644
4642
4642
4641
4641
4640
4640
4639
4637
4635
4635
4634
4633
4633
4632
4632
4631
4631
4630
4628
4625
4625
4622
4622
4622
4622
4622
4620
4620
4619
4619
4617
4617
4616
4616
4615
4615
4613
4612
4609
4609
4608
4608
4607
4605
4605
4605
4600
4600
4599
4597
4596
4595
4595
4594
4593
4593
4592
4591
4590
4589
4587
4587
4586
4585
4585
4585
4584
4582
4581
4576
4574
4571
4571
4570
4569
4568
4567
4567
4566
4566
4565
4565
4564
4564
4562
4562
4560
4559
4559
4558
4557
4555
4554
4554
4554
4551
4551
4550
4550
4549
4547
4546
4545
4545
4544
4543
4542
4542
4541
4541
4540
4539
4538
4536
4536
4536
4534
4533
4532
4532
4532
4529
4527
4526
4526
4526
4524
4523
4523
4523
4521
4519
4517
4516
4516
4515
4515
4514
4512
4512
4511
4511
4509
4508
4506
4506
4505
4505
4504
4501
4501
4496
4496
4495
4494
4492
4491
4488
4488
4487
4487
4486
4486
4486
4486
4484
4482
4482
4481
4480
4478
4478
4475
4474
4474
4473
4473
4473
4472
4472
4471
4471
4469
4468
4464
4462
4462
4461
4460
4459
4458
4458
4457
4454
4452
4450
4449
4449
4447
4446
4446
4444
4442
4442
4441
4441
4440
4439
4438
4436
4435
4434
4432
4431
4431
4430
4428
4427
4427
4427
4426
4425
4425
4425
4424
4423
4423
4422
4422
4422
4421
4420
4419
4418
4418
4417
4417
4416
4415
4414
4414
4413
4412
4411
4408
4408
4408
4408
4407
4407
4407
4405
4404
4404
4403
4402
4402
4401
4401
4401
4400
4399
4398
4397
4396
4396
4395
4395
4394
4394
4392
4391
4387
4386
4385
4385
4385
4384
4381
4379
4379
4376
4375
4375
4374
4374
4374
4373
4372
4372
4371
4371
4369
4367
4367
4366
4364
4363
4362
4361
4361
4361
4361
4359
4357
4356
4354
4354
4354
4354
4353
4353
4353
4353
4352
4352
4352
4350
4348
4346
4345
4343
4343
4343
4342
4342
4341
4341
4340
4338
4336
4336
4336
4336
4329
4328
4328
4326
4325
4325
4324
4323
4323
4321
4320
4320
4318
4318
4317
4317
4315
4313
4311
4311
4309
4309
4308
4308
4308
4307
4305
4303
4303
4301
4301
4301
4300
4299
4299
4297
4296
4293
4293
4293
4290
4290
4288
4287
4286
4286
4283
4283
4282
4280
4278
4277
4276
4274
4274
4271
4269
4269
4267
4266
4266
4265
4263
4263
4262
4262
4261
4260
4259
4258
4257
4256
4255
4255
4254
4250
4249
4249
4249
4248
4248
4248
4247
4247
4247
4246
4246
4246
4246
4246
4246
4245
4243
4243
4242
4242
4241
4241
4241
4239
4236
4235
4235
4233
4232
4232
4231
4231
4230
4230
4228
4228
4227
4225
4225
4224
4223
4221
4221
4219
4219
4218
4216
4216
4215
4214
4214
4212
4212
4209
4209
4209
4208
4208
4207
4205
4204
4203
4203
4202
4202
4201
4200
4200
4199
4199
4198
4198
4197
4195
4193
4193
4191
4190
4190
4190
4189
4189
4189
4189
4189
4183
4183
4183
4183
4183
4182
4182
4181
4180
4180
4175
4172
4170
4170
4170
4169
4167
4167
4165
4164
4163
4160
4160
4160
4160
4159
4158
4158
4157
4155
4153
4152
4151
4150
4150
4150
4147
4146
4145
4145
4143
4142
4141
4139
4136
4136
4132
4132
4132
4132
4130
4129
4128
4128
4126
4125
4125
4123
4123
4121
4117
4116
4115
4115
4114
4113
4112
4112
4111
4109
4107
4106
4106
4105
4103
4101
4101
4100
4099
4099
4099
4098
4098
4097
4097
4096
4096
4094
4094
4088
4086
4086
4085
4085
4084
4084
4083
4083
4082
4081
4081
4081
4078
4077
4076
4076
4076
4074
4072
4071
4070
4067
4067
4065
4064
4061
4061
4061
4060
4060
4059
4058
4056
4055
4054
4053
4053
4052
4051
4050
4048
4046
4040
4037
4037
4037
4037
4037
4035
4034
4032
4030
4029
4029
4029
4025
4025
4024
4022
4022
4019
4019
4019
4017
4015
4015
4015
4012
4010
4009
4008
4008
4007
4006
4005
4005
4004
4003
4002
4001
3999
3996
3996
3995
3994
3994
3993
3992
3992
3991
3990
3989
3989
3988
3988
3988
3988
3987
3982
3981
3980
3980
3979
3979
3979
3978
3978
3976
3976
3973
3973
3972
3972
3972
3967
3967
3966
3966
3966
3966
3965
3965
3963
3958
3958
3957
3956
3954
3951
3950
3949
3949
3948
3947
3946
3945
3944
3944
3944
3943
3943
3940
3939
3936
3933
3932
3932
3932
3929
3928
3928
3926
3925
3924
3923
3923
3922
3922
3921
3921
3920
3919
3919
3916
3915
3912
3912
3910
3910
3909
3909
3909
3907
3903
3903
3901
3901
3898
3898
3897
3896
3895
3893
3893
3893
3891
3890
3888
3888
3887
3887
3885
3884
3884
3883
3882
3882
3879
3878
3878
3875
3875
3873
3873
3872
3872
3871
3871
3871
3870
3870
3870
3870
3868
3868
3868
3867
3866
3866
3866
3864
3863
3863
3863
3859
3859
3858
3858
3855
3855
3855
3852
3852
3851
3851
3846
3844
3842
3840
3838
3838
3836
3835
3830
3829
3829
3828
3827
3826
3826
3825
3824
3823
3823
3822
3821
3820
3820
3819
3818
3816
3815
3813
3813
3813
3812
3810
3810
3808
3807
3806
3806
3805
3802
3801
3801
3800
3797
3796
3795
3795
3795
3793
3792
3792
3791
3790
3788
3787
3786
3785
3783
3781
3781
3779
3777
3776
3773
3771
3769
3768
3768
3768
3765
3765
3764
3763
3762
3760
3760
3759
3758
3758
3757
3755
3754
3754
3749
3748
3748
3746
3745
3745
3744
3744
3743
3742
3742
3741
3741
3741
3740
3739
3737
3735
3735
3735
3734
3734
3733
3731
3730
3729
3729
3729
3726
3726
3725
3725
3724
3724
3723
3723
3722
3721
3720
3718
3715
3713
3711
3711
3710
3706
3704
3704
3703
3702
3702
3700
3700
3695
3694
3694
3693
3693
3693
3692
3692
3692
3688
3688
3685
3685
3684
3683
3683
3680
3678
3677
3676
3676
3675
3675
3674
3674
3673
3672
3672
3669
3668
3668
3662
3662
3659
3659
3658
3658
3657
3656
3655
3655
3654
3652
3652
3652
3651
3651
3651
3649
3647
3647
3645
3645
3645
3643
3643
3642
3641
3638
3636
3633
3633
3632
3632
3632
3630
3628
3627
3626
3623
3623
3621
3620
3620
3620
3618
3617
3616
3613
3612
3612
3610
3609
3609
3609
3609
3609
3609
3608
3607
3607
3606
3606
3605
3603
3602
3600
3598
3597
3597
3593
3592
3591
3591
3591
3590
3589
3587
3587
3587
3586
3584
3583
3581
3581
3580
3579
3579
3579
3576
3574
3574
3573
3572
3569
3565
3564
3563
3562
3562
3561
3561
3559
3557
3555
3554
3553
3553
3553
3551
3551
3550
3549
3545
3545
3542
3542
3541
3540
3538
3537
3537
3536
3536
3535
3535
3534
3534
3532
3529
3527
3527
3524
3519
3519
3518
3516
3516
3515
3515
3512
3510
3510
3509
3509
3507
3506
3505
3504
3503
3501
3501
3501
3501
3498
3498
3497
3496
3495
3493
3492
3490
3490
3488
3488
3487
3487
3485
3484
3483
3482
3482
3481
3481
3479
3479
3477
3476
3475
3475
3474
3474
3474
3473
3473
3473
3472
3470
3468
3467
3466
3465
3464
3463
3462
3458
3457
3457
3456
3454
3453
3451
3451
3449
3448
3446
3442
3441
3439
3438
3437
3437
3435
3435
3434
3433
3429
3429
3428
3427
3427
3427
3426
3425
3423
3423
3420
3417
3415
3413
3413
3413
3409
3409
3409
3409
3406
3406
3406
3405
3403
3403
3402
3401
3398
3398
3398
3396
3393
3393
3391
3390
3389
3389
3389
3388
3387
3387
3386
3385
3385
3383
3381
3381
3381
3380
3380
3379
3378
3376
3376
3367
3367
3366
3364
3363
3361
3359
3358
3356
3356
3355
3354
3353
3351
3350
3350
3349
3349
3349
3348
3347
3347
3347
3345
3345
3344
3344
3343
3343
3343
3342
3342
3339
3337
3335
3334
3334
3332
3331
3331
3330
3330
3329
3329
3328
3328
3328
3325
3324
3323
3322
3322
3322
3318
3317
3317
3315
3315
3312
3312
3311
3310
3308
3307
3304
3304
3302
3300
3299
3298
3298
3297
3297
3297
3296
3295
3295
3292
3290
3287
3281
3279
3279
3278
3278
3275
3273
3272
3271
3271
3270
3270
3270
3269
3269
3268
3267
3266
3266
3266
3264
3264
3263
3261
3261
3261
3258
3256
3254
3254
3253
3252
3249
3249
3248
3246
3244
3244
3244
3243
3242
3242
3241
3239
3238
3237
3237
3236
3235
3234
3234
3231
3231
3230
3230
3227
3226
3225
3221
3219
3219
3217
3216
3214
3213
3213
3212
3212
3210
3210
3209
3208
3207
3207
3206
3203
3201
3198
3198
3197
3196
3196
3192
3191
3190
3186
3186
3185
3184
3184
3184
3182
3179
3179
3178
3177
3176
3176
3173
3173
3172
3171
3170
3165
3165
3163
3163
3163
3163
3161
3159
3159
3158
3158
3155
3154
3153
3153
3153
3152
3152
3150
3148
3147
3146
3146
3146
3145
3144
3143
3142
3142
3141
3141
3138
3138
3137
3137
3137
3136
3135
3134
3133
3132
3132
3132
3131
3131
3131
3130
3128
3128
3127
3126
3126
3124
3123
3123
3121
3121
3120
3120
3120
3118
3118
3117
3116
3116
3116
3116
3112
3107
3106
3104
3104
3102
3102
3101
3099
3098
3098
3097
3097
3096
3096
3095
3095
3095
3095
3094
3092
3090
3089
3088
3086
3086
3084
3084
3083
3083
3083
3082
3082
3081
3081
3081
3081
3080
3080
3079
3078
3078
3077
3076
3075
3074
3073
3072
3072
3070
3068
3061
3060
3060
3058
3058
3057
3056
3056
3055
3055
3054
3052
3049
3049
3049
3045
3045
3043
3043
3042
3041
3041
3040
3039
3039
3038
3037
3037
3036
3036
3034
3033
3032
3030
3029
3028
3027
3027
3027
3025
3024
3024
3022
3022
3019
3018
3017
3015
3014
3014
3013
3012
3011
3010
3010
3009
3008
3006
3006
3005
3005
3005
3003
3003
3002
3002
3002
3000
2999
2996
2995
2994
2994
2993
2993
2991
2989
2989
2988
2987
2985
2984
2983
2981
2980
2979
2979
2978
2978
2978
2978
2977
2976
2975
2975
2974
2974
2974
2973
2971
2971
2970
2970
2968
2967
2967
2966
2965
2964
2963
2963
2963
2963
2963
2961
2960
2959
2959
2957
2957
2956
2955
2955
2952
2952
2951
2951
2950
2949
2946
2944
2944
2944
2942
2941
2940
2938
2936
2936
2935
2934
2934
2934
2934
2931
2931
2931
2931
2930
2930
2929
2928
2927
2927
2926
2924
2923
2921
2921
2921
2919
2919
2917
2917
2917
2916
2915
2915
2913
2912
2910
2910
2909
2908
2904
2903
2902
2899
2898
2898
2894
2894
2894
2893
2893
2889
2889
2886
2885
2884
2882
2877
2875
2875
2874
2873
2872
2872
2870
2869
2869
2868
2868
2866
2863
2861
2859
2858
2857
2857
2856
2855
2855
2854
2854
2854
2853
2853
2850
2850
2849
2849
2849
2847
2845
2844
2843
2841
2841
2841
2841
2840
2837
2837
2835
2834
2833
2831
2831
2830
2828
2822
2816
2815
2814
2814
2813
2813
2812
2812
2811
2811
2810
2809
2809
2808
2808
2806
2806
2804
2803
2803
2802
2802
2800
2799
2799
2798
2796
2795
2795
2795
2792
2791
2791
2790
2790
2790
2789
2789
2788
2784
2784
2783
2783
2783
2782
2782
2782
2779
2779
2777
2777
2773
2773
2771
2766
2766
2764
2764
2762
2761
2761
2761
2760
2760
2759
2757
2756
2756
2755
2754
2753
2751
2749
2747
2747
2747
2746
2746
2744
2743
2741
2740
2740
2740
2739
2733
2732
2732
2732
2731
2729
2728
2728
2725
2723
2723
2722
2722
2722
2721
2721
2721
2721
2720
2719
2716
2716
2716
2714
2714
2713
2710
2710
2710
2709
2709
2708
2708
2706
2706
2705
2703
2701
2699
2699
2696
2695
2694
2693
2693
2693
2692
2691
2690
2689
2689
2687
2686
2684
2684
2683
2683
2682
2681
2681
2681
2680
2678
2676
2674
2674
2674
2673
2673
2672
2669
2669
2667
2665
2664
2664
2663
2659
2655
2655
2654
2653
2652
2650
2647
2646
2645
2641
2641
2640
2637
2635
2634
2631
2630
2628
2628
2627
2626
2624
2623
2622
2621
2621
2620
2619
2617
2617
2617
2617
2616
2616
2615
2614
2614
2611
2610
2610
2610
2608
2608
2606
2604
2603
2602
2601
2601
2601
2600
2598
2597
2596
2596
2595
2595
2594
2594
2593
2591
2591
2591
2589
2587
2586
2585
2584
2582
2579
2578
2578
2577
2576
2576
2574
2573
2572
2572
2572
2572
2571
2571
2570
2570
2570
2568
2568
2568
2568
2566
2565
2565
2564
2563
2562
2562
2560
2557
2556
2556
2555
2555
2555
2553
2552
2552
2552
2550
2549
2547
2544
2542
2541
2540
2536
2535
2534
2534
2533
2533
2532
2532
2532
2531
2528
2528
2526
2526
2526
2526
2521
2521
2521
2520
2520
2520
2520
2519
2516
2515
2514
2512
2511
2511
2511
2510
2510
2509
2509
2507
2506
2505
2504
2502
2501
2500
2500
2499
2494
2491
2490
2489
2489
2488
2487
2487
2486
2486
2485
2483
2482
2480
2480
2479
2477
2476
2475
2471
2471
2470
2470
2469
2468
2467
2465
2464
2464
2463
2462
2461
2460
2460
2459
2457
2457
2456
2456
2454
2453
2452
2452
2450
2450
2449
2447
2447
2446
2446
2446
2445
2444
2444
2444
2443
2440
2439
2436
2436
2435
2434
2433
2433
2433
2432
2432
2432
2428
2428
2428
2427
2426
2426
2425
2424
2423
2421
2421
2417
2413
2413
2413
2412
2412
2412
2411
2411
2410
2409
2409
2408
2406
2405
2404
2403
2401
2401
2401
2400
2400
2398
2398
2397
2396
2396
2395
2395
2394
2394
2393
2393
2393
2392
2392
2390
2390
2390
2389
2389
2389
2388
2388
2385
2385
2384
2380
2380
2379
2378
2377
2377
2376
2376
2376
2373
2373
2371
2370
2370
2369
2368
2367
2365
2364
2364
2363
2360
2360
2360
2360
2359
2358
2358
2357
2356
2356
2353
2353
2352
2352
2350
2350
2349
2347
2347
2346
2345
2344
2344
2342
2341
2338
2338
2336
2335
2335
2335
2334
2332
2331
2328
2327
2326
2324
2324
2324
2323
2322
2322
2321
2321
2318
2318
2317
2314
2314
2313
2313
2313
2312
2312
2311
2310
2309
2309
2309
2307
2306
2305
2305
2303
2302
2300
2299
2297
2296
2294
2293
2292
2291
2291
2291
2290
2289
2287
2286
2286
2286
2284
2283
2283
2281
2280
2280
2279
2278
2278
2277
2271
2270
2269
2268
2267
2267
2266
2266
2266
2266
2261
2261
2261
2260
2260
2260
2256
2256
2256
2255
2254
2253
2253
2253
2253
2252
2252
2252
2249
2249
2247
2247
2246
2246
2245
2245
2245
2242
2242
2240
2240
2237
2236
2235
2235
2234
2234
2234
2233
2233
2233
2232
2231
2230
2229
2228
2227
2225
2224
2222
2221
2221
2217
2215
2214
2214
2214
2213
2212
2211
2211
2210
2206
2206
2205
2204
2204
2203
2201
2198
2196
2195
2194
2194
2193
2192
2189
2186
2186
2185
2184
2184
2183
2183
2182
2181
2178
2176
2175
2174
2173
2173
2172
2172
2171
2169
2169
2168
2165
2165
2164
2162
2162
2161
2159
2154
2153
2152
2152
2147
2147
2146
2145
2144
2142
2142
2142
2140
2140
2140
2139
2139
2139
2138
2138
2137
2136
2136
2132
2132
2132
2131
2130
2130
2128
2128
2127
2127
2127
2126
2124
2124
2124
2124
2123
2123
2122
2122
2120
2119
2118
2118
2117
2116
2115
2114
2112
2111
2111
2110
2109
2108
2108
2107
2107
2107
2106
2105
2105
2105
2105
2103
2102
2102
2101
2101
2101
2100
2099
2098
2098
2097
2093
2093
2091
2091
2091
2090
2090
2090
2089
2087
2085
2084
2081
2081
2080
2078
2077
2077
2075
2072
2072
2072
2072
2070
2070
2070
2067
2065
2064
2064
2064
2062
2061
2061
2061
2060
2059
2058
2057
2057
2056
2055
2054
2053
2052
2051
2049
2048
2048
2048
2048
2047
2047
2047
2047
2045
2042
2042
2042
2041
2040
2039
2039
2038
2038
2037
2035
2035
2034
2034
2034
2032
2031
2030
2028
2025
2025
2025
2024
2023
2023
2022
2021
2020
2019
2018
2016
2016
2012
2012
2011
2011
2010
2009
2008
2007
2006
2006
2005
2005
2003
2003
2002
2001
1999
1996
1996
1995
1994
1994
1993
1993
1992
1991
1991
1990
1990
1989
1989
1987
1985
1984
1982
1980
1980
1980
1980
1980
1979
1978
1976
1975
1975
1974
1974
1972
1972
1971
1971
1971
1970
1969
1969
1968
1967
1964
1964
1962
1959
1959
1959
1959
1959
1957
1953
1953
1952
1951
1950
1949
1949
1948
1947
1944
1942
1942
1940
1940
1940
1940
1939
1939
1939
1937
1937
1935
1934
1934
1931
1930
1929
1927
1926
1926
1926
1925
1924
1923
1923
1919
1918
1917
1917
1917
1917
1915
1915
1914
1912
1912
1911
1909
1909
1906
1906
1905
1904
1904
1901
1900
1899
1899
1897
1896
1895
1894
1893
1893
1893
1892
1891
1890
1887
1885
1885
1885
1884
1884
1883
1881
1879
1879
1878
1878
1877
1874
1874
1874
1872
1872
1870
1870
1870
1865
1865
1864
1862
1862
1859
1859
1857
1857
1854
1853
1852
1850
1847
1846
1846
1845
1843
1842
1842
1841
1839
1839
1839
1837
1837
1835
1835
1834
1833
1833
1831
1831
1827
1826
1826
1824
1824
1824
1823
1823
1822
1822
1822
1821
1819
1818
1817
1817
1816
1816
1815
1815
1814
1814
1814
1813
1812
1809
1807
1806
1804
1803
1802
1801
1799
1799
1799
1798
1798
1797
1796
1796
1796
1795
1794
1794
1793
1792
1791
1791
1790
1790
1790
1788
1786
1786
1785
1784
1784
1783
1782
1782
1781
1778
1778
1777
1777
1777
1777
1776
1776
1775
1774
1774
1773
1773
1772
1772
1771
1771
1771
1770
1770
1769
1768
1768
1764
1762
1761
1760
1758
1757
1755
1755
1753
1751
1751
1750
1750
1749
1745
1745
1745
1744
1744
1743
1741
1738
1736
1736
1732
1732
1730
1730
1730
1729
1727
1726
1726
1725
1724
1723
1722
1719
1718
1717
1714
1713
1711
1711
1710
1709
1709
1707
1704
1703
1703
1703
1703
1703
1701
1701
1701
1701
1700
1698
1696
1696
1696
1695
1694
1694
1692
1692
1691
1691
1691
1691
1689
1688
1687
1686
1686
1685
1685
1684
1684
1682
1682
1681
1680
1680
1680
1680
1679
1679
1679
1678
1675
1673
1673
1672
1672
1672
1671
1670
1668
1667
1665
1665
1664
1664
1663
1662
1661
1659
1659
1658
1657
1657
1657
1656
1655
1653
1653
1651
1647
1647
1646
1644
1644
1643
1643
1643
1641
1638
1638
1638
1637
1637
1637
1636
1636
1636
1635
1634
1634
1633
1633
1632
1631
1631
1631
1630
1629
1629
1628
1628
1625
1625
1624
1623
1622
1621
1620
1617
1616
1614
1613
1611
1609
1608
1608
1608
1607
1607
1606
1604
1604
1603
1603
1603
1602
1602
1601
1600
1597
1596
1595
1594
1591
1589
1587
1586
1586
1585
1584
1583
1582
1582
1582
1580
1579
1578
1576
1574
1573
1573
1571
1567
1567
1567
1565
1561
1560
1560
1560
1559
1558
1558
1558
1556
1555
1554
1553
1552
1551
1548
1545
1545
1544
1544
1543
1542
1539
1538
1538
1537
1536
1536
1536
1535
1535
1535
1535
1534
1534
1534
1533
1532
1531
1528
1527
1526
1526
1524
1523
1523
1521
1518
1514
1511
1510
1510
1509
1509
1508
1508
1508
1505
1500
1498
1498
1497
1495
1494
1493
1491
1491
1487
1486
1485
1484
1483
1483
1480
1480
1480
1480
1480
1480
1477
1476
1476
1474
1474
1474
1473
1473
1472
1472
1472
1471
1470
1468
1466
1466
1466
1465
1462
1460
1458
1457
1456
1455
1454
1454
1453
1453
1452
1451
1448
1444
1442
1442
1441
1441
1440
1438
1436
1434
1433
1432
1430
1430
1428
1428
1426
1424
1422
1421
1420
1419
1419
1419
1418
1417
1417
1417
1416
1416
1414
1413
1413
1412
1412
1412
1412
1411
1411
1411
1411
1410
1410
1410
1409
1408
1408
1407
1406
1405
1404
1401
1400
1400
1397
1396
1393
1393
1392
1391
1391
1391
1389
1388
1388
1387
1387
1386
1386
1386
1386
1385
1385
1384
1384
1383
1382
1381
1381
1380
1379
1378
1377
1376
1376
1375
1374
1374
1372
1370
1370
1370
1368
1367
1367
1366
1360
1360
1359
1359
1354
1354
1353
1352
1350
1349
1349
1347
1346
1345
1344
1343
1341
1338
1338
1337
1336
1335
1332
1332
1332
1332
1331
1331
1331
1331
1330
1330
1329
1329
1329
1328
1328
1327
1326
1325
1325
1324
1324
1320
1318
1318
1318
1318
1316
1316
1315
1314
1314
1310
1310
1309
1309
1308
1308
1307
1307
1307
1306
1304
1304
1298
1293
1292
1290
1288
1288
1288
1287
1287
1285
1284
1281
1279
1279
1278
1278
1278
1278
1276
1275
1275
1274
1273
1273
1271
1270
1268
1268
1268
1267
1265
1264
1263
1262
1260
1260
1258
1257
1256
1254
1253
1248
1246
1246
1245
1243
1243
1243
1243
1242
1241
1241
1238
1237
1236
1236
1231
1230
1230
1229
1226
1226
1225
1225
1224
1224
1223
1221
1220
1218
1218
1218
1217
1217
1216
1216
1215
1215
1214
1214
1212
1211
1209
1208
1207
1207
1207
1207
1207
1205
1203
1202
1200
1199
1199
1197
1196
1195
1194
1191
1189
1186
1186
1186
1184
1184
1183
1183
1182
1180
1180
1178
1177
1176
1175
1174
1174
1172
1172
1171
1171
1171
1171
1170
1170
1169
1168
1167
1167
1167
1165
1165
1164
1164
1162
1162
1161
1161
1160
1157
1155
1154
1152
1151
1151
1150
1149
1149
1149
1149
1149
1148
1147
1147
1146
1144
1142
1142
1142
1142
1142
1138
1138
1136
1136
1136
1135
1135
1133
1133
1132
1132
1131
1130
1129
1128
1125
1122
1121
1121
1120
1120
1119
1118
1118
1118
1114
1114
1113
1112
1106
1105
1105
1104
1103
1103
1101
1098
1097
1094
1093
1092
1092
1088
1088
1087
1085
1085
1085
1083
1083
1083
1083
1082
1082
1079
1078
1077
1077
1077
1077
1076
1075
1074
1074
1072
1071
1070
1070
1069
1068
1066
1066
1064
1061
1061
1060
1060
1059
1059
1058
1057
1056
1054
1053
1049
1047
1042
1041
1041
1040
1040
1039
1038
1033
1033
1032
1031
1030
1030
1030
1029
1028
1028
1025
1025
1024
1024
1023
1021
1020
1019
1019
1019
1018
1017
1017
1015
1015
1013
1013
1011
1010
1008
1008
1007
1007
1007
1006
1006
1004
1003
1003
1002
1001
1000
998
998
995
995
993
993
993
993
992
988
988
988
987
986
984
982
981
981
980
980
979
978
978
977
977
977
976
975
973
972
971
969
968
968
968
967
967
966
965
965
964
963
963
960
957
956
955
955
955
952
952
951
949
948
948
948
947
947
943
942
942
939
939
939
938
937
937
935
935
933
932
932
930
929
927
927
927
926
924
922
920
920
919
918
917
915
914
913
913
913
912
911
910
909
907
907
905
905
902
901
900
899
899
897
897
897
895
895
892
891
889
888
887
886
886
886
886
885
883
882
881
881
881
881
880
879
878
877
876
875
875
873
873
873
872
872
872
871
871
871
870
868
866
865
865
860
860
859
858
857
855
855
854
852
851
850
850
848
847
846
844
843
840
840
840
839
839
838
836
836
833
833
833
832
832
831
830
829
828
827
826
826
826
824
823
822
821
820
819
819
819
818
816
816
815
813
813
810
807
807
807
807
807
805
803
803
803
803
801
799
797
795
795
794
793
793
792
791
789
789
789
788
788
788
787
787
786
785
785
785
781
779
778
776
775
774
772
772
771
771
769
768
768
767
765
761
760
758
757
757
756
755
755
753
753
753
752
752
751
750
749
748
743
741
741
739
739
738
738
738
738
737
737
736
736
735
735
735
734
731
731
730
729
729
729
729
728
726
726
726
724
722
717
716
714
713
712
710
710
709
709
708
708
706
704
704
701
700
700
699
698
698
697
696
695
695
695
694
693
693
691
690
690
688
688
686
684
683
683
683
682
682
681
678
677
677
676
676
674
669
669
668
668
668
667
665
664
663
663
662
662
661
659
659
659
658
657
657
657
656
655
655
653
653
652
650
649
647
647
647
646
645
645
644
642
642
641
641
640
639
637
637
636
636
636
635
633
632
631
630
627
626
626
626
626
625
625
625
624
624
623
622
620
620
619
618
618
616
615
614
614
614
614
613
613
611
611
611
610
605
605
604
603
601
600
600
599
597
594
591
591
590
590
589
588
588
586
584
584
584
583
582
581
581
580
578
577
573
568
568
566
566
566
566
565
563
563
562
562
561
560
560
558
558
557
557
554
554
554
553
553
553
550
548
548
548
546
546
545
544
544
543
541
537
537
537
537
535
535
535
534
533
533
533
532
531
531
531
528
526
526
525
523
523
522
522
521
520
516
515
515
514
513
513
512
510
509
507
507
505
505
504
504
504
504
502
501
500
499
498
497
496
494
493
491
491
490
489
487
486
485
484
482
482
480
480
478
474
471
471
471
470
470
469
469
469
468
468
467
466
464
464
464
464
463
462
462
462
460
456
455
455
455
455
453
453
453
452
451
451
451
450
448
448
447
445
444
441
441
440
438
436
436
436
436
433
431
431
431
430
428
427
427
425
425
420
419
417
410
409
409
409
406
406
401
400
400
399
396
395
395
393
393
392
391
390
388
388
387
386
386
386
385
384
384
381
380
380
380
378
378
376
376
374
373
373
373
373
372
372
371
370
370
369
369
368
368
367
367
366
365
365
365
365
364
363
363
363
362
362
361
359
353
352
351
351
349
349
349
348
348
347
346
344
343
339
339
338
336
335
334
332
330
329
329
329
328
328
327
327
327
326
324
323
322
322
321
320
320
317
315
312
309
308
307
305
302
301
301
300
300
299
297
296
295
295
294
290
289
289
287
286
286
285
285
285
284
279
279
277
276
276
272
271
269
268
267
266
265
265
264
264
264
263
263
261
260
257
255
253
251
250
249
249
248
247
246
245
243
241
238
238
237
236
235
233
233
232
231
229
228
227
227
226
226
226
225
224
223
222
222
222
221
220
215
215
214
213
213
212
210
206
205
204
203
203
202
200
200
199
199
197
197
197
197
195
195
193
190
190
190
189
188
187
187
186
185
183
183
183
182
182
180
177
176
175
175
173
172
171
170
170
169
169
169
167
167
167
167
166
165
164
162
162
162
160
159
159
159
157
157
157
156
156
153
152
149
148
148
147
146
146
145
144
143
143
142
142
140
140
139
137
137
136
135
135
135
134
134
133
133
131
126
124
124
123
121
120
120
120
120
119
119
118
116
114
113
111
110
110
109
107
106
105
104
99
98
97
95
93
93
92
90
89
88
88
87
86
83
83
83
83
81
81
80
79
79
78
78
78
77
76
75
74
74
73
73
72
71
69
68
68
67
67
66
66
66
66
64
62
62
62
61
61
58
57
54
54
54
52
51
51
48
47
47
46
45
44
43
43
42
42
41
41
40
40
37
35
34
32
32
28
27
26
24
22
20
14
14
14
13
13
12
12
9
8
7
6
4
2
1
0
