9999
9998
9998
9997
9995
9993
9993
9992
9991
9990
9990
9989
9989
9987
9984
9982
9982
9980
9980
9978
9977
9977
9977
9976
9974
9974
9974
9973
9973
9972
9972
9972
9970
9970
9970
9970
9969
9967
9966
9966
9965
9965
9964
9964
9963
9962
9960
9960
9959
9959
9958
9957
9956
9955
9953
9953
9953
9952
9951
9950
9950
9950
9949
9948
9947
9947
9943
9942
9942
9941
9941
9940
9938
9938
9936
9936
9936
9935
9935
9935
9935
9934
9932
9932
9931
9930
9930
9929
9929
9927
9927
9926
9926
9925
9924
9924
9923
9923
9922
9922
9922
9922
9921
9920
9918
9918
9917
9914
9913
9913
9911
9910
9910
9909
9907
9906
9901
9900
9900
9898
9898
9897
9897
9896
9895
9894
9893
9891
9890
9886
9886
9885
9885
9883
9883
9883
9882
9882
9882
9882
9880
9880
9879
9879
9879
9878
9878
9876
9876
9874
9874
9874
9873
9872
9871
9870
9870
9870
9869
9867
9867
9866
9866
9864
9864
9863
9862
9862
9861
9861
9855
9855
9853
9853
9852
9851
9851
9849
9846
9846
9844
9841
9841
9840
9840
9839
9838
9838
9837
9836
9836
9835
9835
9834
9833
9833
9833
9829
9828
9828
9826
9825
9821
9821
9815
9814
9813
9812
9812
9807
9806
9805
9803
9802
9801
9801
9800
9799
9799
9799
9797
9797
9796
9795
9794
9794
9793
9792
9792
9792
9791
9790
9789
9789
9789
9789
9787
9785
9784
9783
9783
9781
9778
9777
9774
9772
9772
9771
9771
9771
9770
9769
9768
9767
9767
9765
9765
9763
9763
9761
9760
9759
9758
9757
9756
9756
9754
9754
9754
9752
9751
9751
9749
9748
9748
9747
9746
9745
9742
9741
9741
9737
9737
9736
9735
9735
9734
9733
9731
9731
9731
9731
9727
9727
9727
9725
9725
9724
9724
9723
9723
9722
9721
9721
9717
9714
9714
9713
9712
9711
9710
9707
9706
9704
9702
9700
9700
9698
9697
9697
9692
9690
9688
9688
9687
9686
9686
9685
9684
9681
9680
9676
9676
9675
9675
9674
9674
9673
9672
9671
9671
9670
9668
9668
9665
9664
9664
9663
9662
9657
9656
9656
9655
9655
9654
9653
9651
9651
9650
9650
9650
9650
9648
9646
9645
9641
9641
9640
9637
9637
9636
9635
9633
9633
9633
9631
9630
9627
9619
9619
9617
9617
9616
9616
9614
9613
9612
9611
9611
9607
9606
9606
9603
9600
9600
9599
9598
9597
9595
9595
9594
9590
9590
9589
9589
9589
9584
9584
9584
9582
9582
9579
9578
9577
9577
9573
9572
9568
9564
9563
9560
9558
9557
9556
9555
9554
9553
9552
9550
9550
9549
9546
9544
9543
9543
9543
9541
9541
9539
9536
9536
9535
9535
9534
9533
9533
9533
9528
9526
9526
9521
9520
9519
9518
9517
9512
9512
9510
9509
9509
9507
9506
9505
9505
9504
9502
9502
9502
9501
9497
9497
9495
9494
9492
9492
9491
9491
9490
9487
9485
9484
9480
9479
9479
9478
9476
9473
9471
9470
9470
9466
9463
9462
9461
9460
9460
9458
9458
9455
9455
9455
9455
9453
9453
9452
9452
9450
9449
9449
9449
9446
9445
9444
9444
9442
9440
9440
9440
9440
9439
9438
9437
9437
9436
9436
9436
9432
9431
9430
9427
9427
9423
9423
9421
9419
9419
9418
9418
9415
9414
9414
9414
9413
9411
9410
9409
9407
9407
9406
9404
9403
9403
9402
9401
9398
9398
9397
9396
9395
9395
9393
9393
9393
9393
9391
9391
9390
9389
9384
9382
9381
9380
9379
9377
9376
9374
9373
9372
9372
9368
9368
9368
9367
9365
9365
9364
9363
9362
9362
9361
9361
9359
9357
9357
9355
9354
9353
9353
9348
9347
9346
9345
9343
9342
9341
9340
9340
9337
9332
9331
9331
9331
9329
9329
9328
9328
9327
9323
9323
9323
9319
9317
9316
9315
9314
9311
9311
9311
9311
9307
9307
9307
9304
9304
9301
9301
9299
9299
9299
9299
9298
9296
9295
9293
9292
9290
9290
9290
9289
9288
9287
9287
9287
9286
9283
9283
9282
9282
9280
9279
9279
9278
9277
9277
9274
9272
9271
9270
9269
9269
9269
9268
9268
9268
9266
9264
9264
9263
9261
9261
9261
9260
9254
9254
9254
9253
9253
9252
9251
9249
9248
9247
9246
9245
9243
9243
9242
9241
9241
9239
9239
9237
9236
9236
9235
9234
9232
9232
9232
9231
9230
9230
9228
9227
9225
9225
9224
9224
9224
9224
9222
9221
9219
9218
9218
9216
9216
9212
9210
9209
9209
9209
9208
9208
9207
9205
9203
9203
9202
9200
9200
9200
9199
9199
9199
9199
9197
9196
9192
9191
9190
9188
9188
9186
9186
9185
9184
9183
9180
9179
9179
9177
9177
9176
9175
9173
9172
9167
9167
9167
9165
9163
9162
9160
9159
9156
9156
9153
9152
9151
9149
9148
9147
9145
9144
9142
9141
9141
9140
9138
9138
9136
9134
9133
9132
9131
9128
9128
9127
9127
9125
9125
9124
9122
9121
9121
9120
9118
9117
9117
9116
9116
9115
9109
9105
9104
9104
9104
9104
9103
9100
9100
9100
9100
9100
9099
9099
9099
9099
9098
9098
9098
9095
9095
9094
9093
9093
9093
9092
9092
9090
9089
9089
9088
9086
9085
9083
9081
9080
9080
9080
9079
9078
9078
9076
9076
9075
9074
9070
9070
9068
9067
9063
9063
9062
9060
9060
9059
9058
9052
9052
9052
9050
9050
9050
9050
9049
9048
9047
9046
9044
9044
9043
9042
9041
9039
9038
9037
9036
9036
9036
9036
9035
9034
9031
9031
9030
9030
9029
9028
9027
9026
9026
9025
9025
9024
9024
9024
9023
9023
9021
9020
9020
9018
9017
9017
9016
9016
9016
9011
9011
9010
9009
9008
9008
9006
9005
9005
9004
9004
9002
9002
9001
8999
8997
8996
8995
8993
8993
8992
8992
8992
8991
8990
8990
8989
8989
8988
8988
8988
8988
8988
8987
8986
8986
8985
8984
8982
8980
8979
8979
8976
8974
8974
8973
8972
8972
8971
8969
8968
8968
8967
8966
8965
8965
8964
8963
8963
8962
8962
8961
8961
8961
8960
8959
8959
8959
8958
8958
8957
8957
8957
8954
8954
8951
8950
8948
8947
8945
8944
8944
8943
8941
8940
8938
8937
8936
8936
8933
8933
8931
8931
8930
8928
8928
8927
8926
8926
8926
8926
8925
8925
8923
8921
8918
8916
8916
8915
8915
8914
8914
8914
8913
8912
8910
8909
8906
8906
8906
8905
8904
8902
8902
8901
8901
8900
8897
8897
8894
8894
8892
8892
8890
8889
8887
8885
8880
8879
8879
8879
8879
8877
8877
8877
8877
8877
8877
8873
8871
8871
8871
8868
8867
8867
8866
8864
8864
8864
8864
8863
8863
8861
8860
8859
8858
8857
8857
8856
8854
8852
8851
8850
8847
8846
8845
8844
8843
8842
8842
8841
8840
8836
8834
8833
8832
8831
8830
8830
8829
8824
8824
8821
8821
8820
8819
8817
8817
8817
8815
8812
8811
8810
8809
8809
8808
8806
8805
8803
8802
8801
8800
8799
8798
8798
8798
8798
8795
8795
8795
8794
8793
8792
8790
8790
8790
8790
8789
8789
8786
8784
8784
8784
8784
8783
8782
8779
8779
8778
8778
8775
8774
8771
8771
8769
8768
8767
8767
8766
8766
8766
8765
8764
8764
8763
8761
8761
8761
8760
8759
8758
8758
8757
8757
8754
8753
8749
8748
8748
8747
8747
8746
8743
8742
8742
8741
8740
8739
8739
8739
8734
8733
8733
8732
8732
8731
8729
8728
8728
8727
8725
8725
8725
8725
8724
8724
8724
8719
8719
8717
8716
8715
8715
8714
8714
8712
8708
8708
8708
8707
8707
8707
8706
8704
8704
8704
8703
8702
8701
8700
8699
8698
8697
8696
8695
8695
8693
8693
8693
8690
8689
8688
8686
8686
8686
8685
8684
8684
8684
8684
8682
8682
8682
8682
8679
8677
8676
8675
8673
8673
8671
8671
8669
8668
8667
8664
8663
8663
8662
8662
8662
8661
8661
8661
8661
8661
8659
8656
8656
8656
8655
8654
8653
8652
8651
8651
8648
8647
8647
8647
8646
8646
8645
8645
8644
8642
8642
8641
8639
8639
8638
8637
8637
8636
8635
8635
8635
8634
8630
8629
8629
8629
8628
8626
8625
8625
8625
8624
8624
8622
8621
8621
8621
8617
8617
8616
8616
8615
8614
8614
8613
8612
8611
8610
8608
8605
8605
8605
8603
8601
8600
8598
8598
8597
8597
8596
8595
8595
8594
8594
8592
8592
8590
8589
8587
8586
8586
8585
8585
8583
8581
8580
8579
8579
8579
8578
8577
8576
8574
8573
8572
8571
8570
8569
8568
8568
8567
8566
8565
8565
8564
8561
8561
8561
8560
8560
8558
8556
8555
8555
8552
8552
8550
8549
8547
8546
8545
8542
8541
8539
8539
8536
8534
8534
8533
8533
8533
8532
8531
8530
8529
8529
8529
8527
8526
8525
8525
8525
8525
8524
8523
8523
8523
8522
8522
8520
8517
8516
8513
8512
8511
8507
8506
8506
8505
8504
8504
8504
8500
8500
8499
8494
8493
8491
8489
8486
8485
8482
8482
8478
8476
8476
8476
8476
8475
8475
8471
8467
8466
8462
8460
8459
8459
8459
8459
8458
8458
8456
8452
8451
8450
8450
8449
8448
8447
8444
8443
8442
8440
8439
8438
8438
8438
8436
8435
8432
8431
8431
8431
8430
8430
8427
8425
8425
8423
8421
8421
8421
8419
8419
8419
8418
8418
8417
8417
8417
8417
8417
8415
8414
8413
8408
8408
8407
8406
8406
8405
8404
8404
8404
8404
8403
8402
8401
8401
8400
8397
8395
8395
8395
8393
8393
8388
8387
8386
8385
8384
8383
8381
8380
8376
8373
8372
8371
8371
8368
8367
8367
8365
8365
8361
8360
8360
8360
8357
8357
8356
8356
8352
8351
8351
8350
8350
8349
8349
8349
8344
8342
8341
8341
8340
8339
8338
8338
8337
8336
8335
8327
8325
8325
8324
8323
8322
8320
8320
8320
8318
8317
8317
8316
8315
8314
8314
8312
8312
8310
8310
8308
8307
8305
8304
8303
8302
8302
8301
8299
8299
8297
8296
8295
8294
8294
8292
8291
8290
8290
8290
8289
8289
8289
8288
8288
8287
8287
8286
8282
8279
8279
8277
8276
8276
8274
8271
8271
8268
8266
8266
8263
8263
8263
8263
8263
8262
8262
8261
8260
8259
8259
8258
8258
8258
8257
8256
8256
8253
8252
8249
8249
8248
8247
8246
8245
8243
8241
8241
8241
8240
8239
8238
8238
8236
8235
8234
8234
8233
8233
8233
8233
8231
8230
8230
8229
8229
8227
8226
8221
8220
8219
8218
8217
8217
8217
8215
8214
8213
8213
8211
8211
8211
8210
8210
8210
8207
8207
8204
8203
8202
8202
8199
8198
8198
8198
8194
8193
8192
8192
8191
8190
8189
8187
8187
8186
8184
8184
8183
8183
8183
8180
8174
8174
8173
8173
8172
8172
8171
8170
8169
8169
8169
8167
8166
8166
8165
8165
8164
8164
8162
8161
8160
8159
8158
8158
8158
8156
8156
8155
8154
8152
8152
8152
8151
8151
8151
8151
8149
8146
8146
8145
8142
8140
8140
8139
8137
8136
8135
8134
8134
8133
8132
8130
8130
8128
8127
8127
8125
8125
8125
8123
8123
8122
8121
8121
8121
8119
8118
8118
8116
8115
8114
8114
8114
8113
8113
8113
8113
8112
8111
8110
8106
8105
8105
8105
8104
8104
8102
8102
8101
8100
8099
8099
8098
8097
8096
8094
8094
8093
8093
8092
8089
8089
8086
8085
8083
8082
8082
8082
8081
8081
8080
8078
8078
8076
8076
8076
8075
8075
8073
8072
8070
8069
8069
8069
8068
8067
8067
8067
8067
8065
8064
8064
8062
8061
8060
8059
8059
8057
8056
8055
8053
8052
8052
8052
8051
8049
8048
8048
8047
8044
8044
8043
8042
8042
8040
8039
8039
8038
8037
8035
8034
8031
8030
8026
8025
8025
8025
8023
8022
8021
8020
8019
8019
8018
8016
8016
8015
8015
8013
8012
8012
8010
8009
8009
8009
8008
8008
8007
8006
8005
8004
8003
8003
8002
8000
8000
7998
7998
7997
7995
7995
7994
7994
7993
7992
7991
7989
7988
7988
7988
7987
7984
7983
7983
7983
7982
7981
7981
7980
7980
7980
7979
7977
7976
7976
7976
7972
7972
7972
7972
7971
7971
7970
7969
7969
7968
7967
7967
7965
7964
7964
7961
7961
7960
7958
7958
7957
7957
7956
7955
7955
7955
7955
7954
7953
7952
7949
7949
7949
7948
7946
7945
7944
7943
7943
7942
7941
7941
7938
7937
7937
7937
7936
7935
7933
7932
7932
7929
7928
7927
7926
7925
7924
7924
7924
7922
7922
7921
7920
7920
7920
7919
7919
7918
7918
7917
7916
7916
7915
7912
7911
7910
7909
7908
7908
7907
7906
7905
7905
7903
7902
7902
7901
7900
7900
7899
7899
7898
7897
7896
7895
7893
7893
7889
7889
7888
7887
7886
7884
7884
7884
7884
7883
7882
7881
7880
7880
7879
7878
7877
7877
7877
7875
7874
7873
7872
7872
7869
7868
7868
7866
7865
7860
7859
7858
7857
7857
7857
7855
7855
7854
7852
7851
7850
7849
7848
7848
7848
7847
7844
7844
7843
7842
7842
7838
7837
7836
7835
7832
7831
7828
7827
7825
7824
7824
7823
7821
7819
7819
7818
7817
7817
7814
7812
7811
7811
7810
7809
7809
7808
7808
7807
7804
7803
7803
7802
7802
7802
7801
7800
7799
7799
7797
7796
7795
7794
7793
7789
7788
7788
7787
7786
7785
7785
7784
7784
7783
7778
7777
7777
7776
7774
7773
7772
7772
7772
7771
7769
7768
7768
7768
7767
7767
7766
7762
7762
7762
7760
7759
7759
7759
7757
7756
7755
7753
7753
7752
7752
7752
7752
7751
7750
7749
7749
7749
7748
7747
7745
7745
7745
7745
7743
7743
7741
7741
7740
7740
7738
7738
7737
7736
7729
7728
7727
7726
7726
7722
7722
7721
7721
7718
7718
7718
7718
7718
7718
7718
7715
7714
7713
7713
7712
7712
7712
7711
7710
7709
7705
7705
7705
7703
7701
7701
7700
7699
7699
7698
7698
7697
7696
7696
7694
7694
7692
7689
7688
7688
7686
7682
7682
7681
7681
7678
7678
7677
7676
7676
7675
7675
7674
7673
7672
7672
7672
7670
7670
7668
7667
7666
7666
7665
7665
7664
7662
7661
7661
7661
7659
7657
7656
7654
7652
7652
7650
7650
7649
7649
7646
7645
7645
7642
7641
7641
7641
7641
7640
7640
7638
7638
7638
7637
7637
7634
7633
7632
7632
7632
7631
7626
7625
7624
7622
7622
7621
7621
7616
7616
7616
7615
7614
7614
7614
7612
7611
7611
7610
7610
7609
7608
7608
7607
7607
7606
7604
7604
7603
7599
7599
7599
7597
7595
7595
7593
7593
7592
7592
7591
7591
7590
7586
7585
7585
7585
7583
7582
7581
7580
7580
7579
7578
7577
7575
7574
7574
7567
7567
7567
7567
7567
7565
7564
7562
7561
7560
7560
7560
7560
7557
7556
7554
7554
7551
7550
7548
7548
7547
7547
7547
7546
7545
7545
7544
7543
7542
7542
7542
7541
7541
7540
7540
7539
7538
7538
7537
7534
7533
7533
7530
7530
7530
7528
7528
7528
7527
7526
7525
7523
7522
7522
7521
7521
7519
7518
7518
7517
7516
7516
7515
7513
7511
7508
7505
7503
7502
7500
7500
7499
7499
7497
7497
7496
7496
7495
7494
7493
7493
7488
7488
7486
7485
7485
7485
7484
7484
7484
7481
7481
7480
7479
7477
7476
7476
7474
7472
7471
7471
7470
7470
7469
7469
7469
7469
7468
7468
7467
7465
7464
7464
7463
7463
7462
7461
7460
7458
7458
7456
7454
7453
7452
7452
7451
7450
7450
7450
7450
7450
7450
7448
7447
7447
7444
7444
7444
7444
7443
7442
7440
7440
7439
7434
7434
7433
7431
7431
7430
7429
7428
7428
7428
7426
7425
7424
7420
7420
7420
7420
7419
7418
7417
7417
7417
7416
7416
7413
7409
7409
7408
7406
7402
7400
7400
7400
7398
7398
7394
7393
7392
7391
7390
7389
7385
7383
7383
7382
7378
7377
7376
7375
7374
7373
7373
7372
7371
7369
7368
7367
7366
7365
7365
7364
7364
7363
7362
7358
7357
7357
7357
7356
7350
7350
7348
7348
7347
7343
7341
7341
7341
7340
7339
7333
7332
7331
7327
7326
7326
7325
7325
7324
7324
7324
7324
7321
7321
7318
7316
7314
7310
7310
7308
7305
7304
7304
7303
7301
7298
7296
7294
7294
7292
7291
7291
7289
7289
7287
7285
7284
7282
7280
7279
7278
7276
7275
7275
7275
7275
7272
7272
7269
7268
7266
7265
7265
7264
7261
7261
7261
7258
7254
7252
7252
7250
7250
7249
7249
7249
7247
7247
7246
7244
7244
7242
7241
7239
7236
7236
7235
7235
7232
7232
7231
7231
7231
7228
7227
7227
7227
7226
7226
7225
7225
7223
7223
7221
7221
7220
7219
7218
7217
7217
7217
7216
7216
7214
7213
7212
7212
7211
7211
7211
7209
7209
7209
7208
7206
7206
7204
7203
7203
7202
7200
7197
7197
7193
7191
7189
7187
7187
7185
7185
7184
7183
7182
7181
7181
7180
7178
7178
7178
7177
7176
7175
7171
7170
7169
7168
7168
7166
7166
7165
7164
7163
7163
7162
7161
7159
7159
7156
7156
7156
7156
7154
7154
7153
7153
7152
7152
7152
7151
7149
7149
7149
7149
7148
7148
7148
7148
7146
7142
7139
7138
7136
7136
7134
7133
7132
7131
7130
7130
7130
7129
7127
7127
7126
7124
7124
7122
7122
7121
7120
7118
7117
7117
7116
7114
7110
7110
7109
7109
7107
7107
7105
7104
7103
7102
7102
7101
7100
7100
7100
7099
7099
7099
7098
7098
7097
7097
7096
7095
7093
7093
7093
7091
7090
7090
7088
7087
7087
7085
7085
7084
7081
7081
7081
7080
7079
7078
7072
7069
7066
7066
7066
7065
7064
7064
7062
7062
7060
7060
7059
7058
7058
7056
7054
7053
7053
7052
7052
7051
7051
7050
7049
7049
7048
7048
7048
7045
7045
7045
7044
7043
7041
7039
7039
7037
7036
7036
7036
7035
7034
7033
7033
7032
7032
7031
7031
7030
7030
7030
7028
7028
7026
7023
7022
7022
7019
7018
7016
7016
7016
7013
7012
7012
7012
7009
7006
7004
7003
7003
7002
7002
6999
6997
6997
6996
6996
6996
6995
6992
6992
6991
6989
6989
6989
6986
6986
6984
6984
6984
6983
6982
6981
6979
6978
6976
6974
6974
6971
6971
6969
6969
6968
6967
6967
6967
6967
6965
6965
6965
6961
6961
6961
6961
6959
6958
6957
6957
6956
6955
6955
6954
6952
6951
6951
6948
6944
6941
6941
6938
6937
6935
6935
6934
6934
6933
6933
6932
6931
6931
6931
6931
6930
6928
6928
6926
6924
6923
6923
6923
6922
6922
6920
6919
6919
6918
6918
6918
6917
6917
6916
6915
6912
6912
6912
6911
6911
6910
6909
6908
6907
6905
6903
6903
6902
6902
6901
6899
6899
6898
6897
6897
6896
6896
6894
6894
6893
6890
6890
6890
6887
6886
6885
6883
6880
6880
6879
6879
6878
6878
6877
6877
6877
6877
6876
6876
6875
6875
6875
6874
6873
6873
6873
6871
6869
6869
6869
6869
6867
6867
6867
6866
6865
6863
6863
6863
6862
6862
6862
6861
6860
6859
6857
6857
6856
6856
6855
6855
6853
6853
6852
6851
6850
6850
6850
6848
6847
6847
6847
6846
6846
6845
6844
6843
6842
6840
6840
6839
6835
6835
6833
6833
6831
6829
6828
6826
6824
6824
6824
6820
6819
6817
6813
6812
6812
6810
6810
6809
6809
6808
6808
6805
6805
6805
6804
6804
6802
6802
6802
6799
6799
6798
6798
6795
6794
6793
6792
6792
6790
6789
6788
6787
6787
6786
6783
6783
6780
6779
6778
6777
6776
6776
6774
6770
6769
6767
6767
6767
6766
6765
6760
6760
6760
6756
6753
6753
6752
6752
6752
6751
6750
6750
6750
6749
6749
6749
6748
6746
6745
6745
6744
6744
6744
6742
6742
6741
6741
6739
6739
6738
6737
6733
6733
6732
6732
6731
6731
6730
6728
6727
6727
6726
6724
6724
6723
6723
6721
6720
6718
6718
6717
6717
6716
6714
6714
6713
6705
6705
6704
6703
6703
6702
6701
6701
6700
6700
6699
6698
6698
6697
6695
6695
6695
6695
6694
6693
6693
6693
6692
6692
6690
6690
6690
6689
6688
6688
6687
6686
6684
6683
6681
6680
6676
6676
6675
6674
6673
6673
6672
6670
6670
6670
6669
6667
6665
6662
6662
6661
6660
6658
6658
6658
6656
6656
6653
6652
6650
6647
6646
6645
6644
6644
6643
6642
6641
6639
6639
6638
6637
6637
6636
6634
6634
6631
6631
6631
6630
6628
6628
6626
6625
6625
6623
6621
6618
6618
6616
6613
6613
6612
6611
6610
6610
6609
6609
6606
6606
6606
6604
6603
6601
6601
6600
6600
6599
6599
6598
6598
6598
6598
6597
6596
6594
6593
6593
6593
6593
6590
6588
6587
6587
6587
6585
6585
6583
6583
6582
6579
6579
6578
6576
6576
6576
6575
6575
6574
6573
6573
6573
6567
6566
6565
6564
6564
6563
6563
6561
6561
6561
6561
6561
6560
6559
6556
6556
6555
6555
6554
6554
6552
6552
6552
6552
6551
6550
6549
6547
6547
6547
6545
6544
6544
6543
6542
6542
6540
6539
6538
6538
6538
6537
6536
6536
6536
6536
6535
6534
6534
6533
6533
6533
6532
6528
6528
6526
6526
6526
6526
6525
6524
6524
6524
6524
6524
6523
6520
6518
6517
6517
6514
6513
6513
6513
6512
6511
6510
6510
6509
6508
6507
6506
6503
6503
6501
6500
6500
6499
6499
6499
6498
6497
6497
6496
6494
6492
6492
6491
6491
6491
6490
6489
6487
6485
6484
6482
6481
6481
6480
6480
6480
6477
6476
6473
6471
6467
6465
6465
6465
6464
6464
6464
6464
6463
6463
6462
6460
6459
6458
6456
6455
6455
6454
6454
6452
6452
6452
6451
6451
6451
6447
6447
6446
6445
6445
6442
6441
6440
6439
6439
6438
6438
6438
6437
6434
6434
6434
6433
6433
6433
6431
6426
6424
6422
6421
6420
6420
6419
6415
6415
6415
6414
6412
6412
6411
6409
6409
6409
6408
6407
6405
6404
6404
6404
6404
6400
6398
6397
6396
6396
6393
6391
6391
6391
6391
6390
6389
6388
6387
6383
6383
6382
6382
6381
6380
6379
6378
6377
6376
6376
6375
6375
6373
6372
6372
6371
6371
6371
6370
6369
6369
6368
6368
6367
6365
6365
6362
6362
6361
6359
6359
6358
6358
6357
6356
6355
6355
6354
6354
6353
6352
6351
6350
6349
6349
6348
6347
6347
6346
6346
6345
6344
6344
6343
6343
6339
6338
6338
6335
6334
6334
6333
6333
6331
6328
6327
6324
6324
6324
6323
6323
6321
6321
6321
6320
6319
6317
6317
6316
6315
6315
6313
6312
6311
6310
6309
6308
6307
6306
6305
6303
6303
6303
6302
6302
6302
6302
6297
6296
6293
6293
6291
6291
6290
6290
6289
6288
6288
6286
6286
6286
6284
6284
6283
6283
6282
6282
6281
6280
6280
6278
6276
6273
6272
6272
6271
6271
6270
6270
6269
6268
6268
6267
6265
6265
6264
6262
6262
6261
6260
6256
6256
6256
6256
6256
6256
6255
6255
6255
6255
6254
6254
6253
6252
6252
6250
6249
6247
6247
6246
6246
6246
6246
6244
6242
6241
6240
6238
6237
6237
6234
6232
6231
6230
6226
6226
6225
6224
6223
6221
6221
6221
6218
6218
6216
6215
6213
6213
6213
6211
6210
6209
6209
6209
6208
6208
6208
6207
6206
6204
6204
6203
6203
6202
6202
6201
6200
6200
6199
6198
6198
6197
6195
6195
6195
6194
6193
6192
6192
6191
6190
6189
6188
6188
6188
6186
6185
6184
6184
6183
6180
6179
6179
6178
6177
6177
6176
6176
6176
6175
6175
6175
6173
6172
6170
6170
6168
6165
6165
6165
6163
6163
6163
6162
6161
6161
6160
6158
6158
6157
6156
6155
6155
6155
6154
6152
6152
6151
6150
6150
6146
6143
6143
6142
6142
6141
6141
6140
6139
6138
6137
6135
6135
6134
6133
6133
6133
6130
6129
6124
6124
6124
6121
6120
6119
6118
6113
6112
6112
6110
6110
6109
6109
6108
6108
6107
6107
6105
6104
6102
6102
6101
6101
6100
6098
6096
6096
6095
6094
6094
6094
6091
6091
6089
6089
6088
6084
6084
6084
6083
6083
6083
6082
6082
6082
6081
6080
6080
6078
6077
6076
6074
6074
6074
6073
6073
6071
6070
6070
6068
6068
6066
6065
6065
6064
6064
6063
6063
6061
6060
6060
6059
6059
6059
6058
6058
6056
6055
6054
6054
6050
6048
6046
6045
6045
6044
6043
6042
6040
6040
6038
6036
6036
6034
6034
6033
6032
6031
6030
6029
6029
6029
6027
6025
6022
6022
6021
6021
6020
6020
6016
6016
6016
6015
6015
6013
6013
6012
6012
6012
6012
6011
6010
6009
6009
6008
6008
6007
6006
6005
6003
6002
6001
6001
6001
5999
5999
5998
5997
5997
5996
5995
5994
5994
5993
5992
5991
5990
5990
5990
5988
5987
5987
5987
5986
5985
5983
5982
5981
5978
5974
5972
5972
5971
5969
5969
5969
5969
5969
5968
5966
5966
5965
5964
5964
5962
5962
5961
5959
5955
5950
5950
5950
5949
5948
5946
5946
5945
5944
5942
5942
5941
5941
5941
5939
5936
5936
5935
5933
5932
5932
5932
5926
5926
5926
5922
5920
5920
5919
5919
5918
5915
5914
5913
5912
5912
5912
5910
5910
5910
5909
5909
5905
5904
5903
5902
5901
5901
5899
5899
5899
5899
5899
5894
5893
5892
5890
5889
5889
5888
5887
5887
5885
5883
5883
5882
5881
5881
5881
5881
5880
5879
5878
5876
5875
5874
5874
5873
5872
5871
5870
5867
5867
5866
5863
5863
5862
5862
5861
5861
5861
5861
5861
5861
5860
5860
5860
5859
5859
5857
5856
5856
5856
5855
5855
5853
5852
5851
5850
5846
5846
5846
5845
5845
5844
5844
5843
5843
5842
5841
5837
5837
5836
5835
5835
5832
5830
5829
5829
5828
5828
5828
5827
5827
5826
5825
5824
5824
5824
5823
5823
5822
5821
5821
5820
5817
5816
5812
5812
5809
5809
5809
5808
5808
5807
5806
5805
5804
5803
5801
5801
5801
5801
5800
5800
5798
5795
5795
5794
5793
5793
5793
5792
5791
5789
5789
5788
5787
5787
5786
5786
5784
5784
5784
5783
5783
5782
5782
5781
5780
5780
5779
5779
5778
5778
5778
5777
5776
5776
5774
5773
5772
5770
5770
5770
5769
5769
5766
5765
5762
5761
5760
5759
5757
5757
5754
5753
5753
5752
5751
5751
5751
5751
5750
5748
5746
5746
5742
5742
5742
5741
5739
5737
5736
5736
5735
5734
5734
5732
5729
5727
5726
5726
5725
5725
5725
5725
5724
5724
5723
5721
5720
5720
5720
5718
5718
5718
5718
5717
5717
5716
5714
5711
5711
5709
5708
5708
5707
5706
5706
5704
5701
5700
5700
5699
5698
5698
5698
5697
5697
5697
5696
5696
5695
5695
5694
5692
5690
5690
5689
5688
5688
5688
5688
5687
5685
5684
5684
5682
5680
5680
5679
5679
5677
5676
5676
5675
5673
5667
5666
5665
5663
5661
5660
5660
5660
5659
5659
5659
5657
5657
5654
5653
5651
5651
5651
5650
5647
5646
5646
5644
5643
5642
5642
5638
5638
5635
5635
5634
5634
5633
5631
5631
5631
5631
5631
5629
5628
5628
5627
5627
5626
5625
5625
5625
5624
5622
5621
5620
5619
5618
5617
5616
5615
5615
5614
5611
5611
5610
5610
5608
5607
5607
5602
5602
5600
5599
5597
5597
5594
5593
5591
5589
5589
5588
5587
5587
5587
5584
5583
5583
5581
5581
5581
5575
5575
5574
5574
5572
5572
5570
5569
5567
5565
5562
5562
5559
5558
5554
5554
5553
5552
5550
5550
5549
5549
5548
5546
5546
5546
5544
5543
5543
5542
5542
5541
5540
5540
5540
5539
5537
5537
5536
5536
5536
5531
5529
5527
5526
5526
5526
5525
5524
5523
5522
5522
5522
5522
5520
5517
5516
5515
5515
5514
5513
5513
5512
5512
5511
5509
5507
5507
5504
5503
5503
5503
5502
5501
5501
5499
5499
5499
5498
5498
5497
5495
5495
5494
5494
5494
5494
5493
5493
5493
5490
5486
5485
5484
5483
5480
5479
5479
5479
5479
5477
5477
5475
5474
5473
5471
5470
5469
5469
5469
5468
5468
5466
5466
5466
5464
5463
5463
5463
5462
5462
5462
5458
5458
5458
5453
5453
5452
5452
5452
5450
5449
5448
5448
5446
5445
5445
5445
5444
5442
5441
5438
5438
5438
5437
5437
5435
5435
5435
5434
5434
5428
5428
5427
5424
5421
5421
5420
5420
5419
5419
5418
5418
5416
5415
5412
5412
5412
5409
5409
5409
5409
5408
5408
5406
5405
5404
5404
5403
5400
5398
5398
5397
5396
5396
5395
5392
5392
5389
5388
5387
5385
5385
5383
5381
5381
5381
5378
5377
5376
5374
5374
5374
5372
5371
5371
5369
5368
5367
5365
5365
5364
5364
5363
5362
5360
5358
5358
5358
5357
5357
5357
5356
5356
5356
5356
5352
5350
5350
5350
5349
5349
5347
5346
5346
5342
5340
5339
5339
5338
5336
5336
5335
5334
5334
5329
5326
5325
5324
5323
5322
5322
5321
5320
5319
5315
5314
5313
5312
5310
5310
5308
5308
5307
5304
5304
5303
5300
5299
5298
5292
5292
5291
5290
5289
5288
5287
5286
5285
5284
5284
5282
5282
5281
5279
5279
5279
5278
5276
5276
5276
5275
5272
5272
5271
5271
5270
5269
5267
5267
5267
5266
5265
5265
5265
5264
5262
5259
5259
5258
5257
5254
5253
5252
5251
5248
5246
5246
5245
5245
5243
5243
5242
5241
5241
5240
5240
5239
5238
5238
5236
5235
5232
5232
5231
5231
5230
5230
5226
5223
5223
5221
5219
5218
5216
5216
5215
5214
5211
5210
5209
5208
5206
5206
5205
5204
5203
5202
5201
5201
5201
5200
5199
5199
5199
5198
5198
5195
5195
5194
5193
5193
5193
5192
5192
5189
5187
5187
5186
5186
5186
5186
5183
5183
5182
5181
5181
5181
5179
5176
5175
5174
5173
5172
5171
5171
5170
5169
5168
5166
5165
5164
5163
5162
5162
5161
5161
5159
5158
5158
5155
5155
5151
5150
5150
5150
5149
5149
5146
5146
5146
5144
5141
5141
5141
5139
5139
5139
5137
5137
5136
5136
5135
5135
5132
5131
5131
5130
5130
5130
5128
5125
5125
5124
5124
5123
5122
5122
5121
5120
5119
5119
5119
5117
5117
5115
5110
5108
5108
5108
5107
5107
5106
5106
5106
5106
5103
5101
5100
5099
5099
5098
5097
5097
5095
5092
5092
5090
5089
5089
5088
5088
5086
5085
5085
5083
5082
5082
5080
5078
5077
5077
5077
5075
5075
5075
5074
5074
5073
5072
5069
5069
5065
5065
5064
5064
5063
5061
5061
5061
5060
5060
5059
5057
5057
5057
5056
5054
5054
5053
5052
5052
5051
5050
5048
5047
5046
5045
5042
5039
5038
5037
5037
5035
5034
5034
5034
5027
5026
5025
5024
5023
5022
5020
5020
5020
5018
5017
5017
5015
5015
5015
5014
5012
5012
5012
5011
5010
5010
5009
5008
5007
5007
5007
5006
5005
5004
5004
5003
5003
5002
5002
5001
5001
5000
5000
4996
4996
4995
4994
4993
4993
4990
4990
4988
4986
4985
4985
4984
4984
4982
4982
4982
4982
4981
4980
4980
4978
4978
4978
4977
4976
4976
4975
4975
4974
4969
4969
4969
4969
4967
4966
4966
4966
4964
4963
4961
4960
4960
4959
4959
4956
4955
4955
4954
4954
4954
4953
4951
4951
4951
4950
4948
4948
4947
4947
4946
4946
4946
4944
4943
4942
4941
4940
4939
4939
4937
4936
4936
4934
4934
4933
4932
4932
4932
4931
4930
4929
4928
4928
4928
4928
4927
4924
4923
4922
4919
4919
4918
4917
4916
4915
4915
4915
4914
4914
4912
4911
4910
4910
4908
4908
4907
4906
4904
4904
4904
4903
4902
4900
4899
4899
4895
4893
4893
4891
4890
4888
4888
4887
4886
4885
4885
4884
4883
4883
4883
4883
4880
4878
4876
4875
4874
4874
4874
4874
4874
4873
4872
4872
4872
4869
4863
4861
4859
4859
4856
4856
4854
4853
4853
4851
4851
4850
4850
4848
4848
4845
4844
4844
4843
4842
4840
4839
4837
4837
4837
4836
4833
4832
4832
4832
4830
4828
4827
4825
4824
4824
4824
4823
4823
4819
4819
4818
4817
4816
4816
4816
4814
4813
4811
4810
4809
4809
4807
4807
4806
4803
4801
4801
4798
4798
4797
4795
4793
4792
4791
4789
4789
4788
4788
4787
4787
4785
4783
4782
4781
4780
4780
4778
4776
4775
4772
4771
4771
4770
4769
4769
4768
4768
4767
4767
4767
4766
4766
4766
4765
4764
4764
4764
4763
4763
4762
4759
4759
4759
4758
4758
4758
4757
4755
4754
4754
4753
4752
4751
4751
4751
4750
4746
4745
4744
4743
4743
4743
4739
4739
4738
4735
4732
4731
4728
4727
4726
4726
4725
4723
4719
4719
4718
4713
4712
4712
4711
4711
4710
4708
4707
4707
4707
4706
4705
4701
4699
4699
4698
4691
4691
4689
4688
4687
4686
4685
4684
4684
4682
4682
4681
4681
4680
4680
4677
4677
4676
4675
4674
4673
4672
4671
4671
4669
4668
4668
4668
4668
4668
4666
4664
4662
4662
4661
4660
4659
4658
4654
4654
4653
4652
4651
4651
4649
4649
4647
4646
4646
4646
4646
4642
4641
4641
4640
4640
4639
4638
4636
4636
4633
4630
4630
4629
4628
4628
4627
4626
4626
4623
4621
4621
4621
4620
4619
4619
4618
4617
4616
4616
4613
4613
4613
4610
4610
4605
4605
4603
4601
4600
4598
4597
4596
4593
4593
4588
4588
4587
4580
4578
4578
4577
4572
4572
4572
4569
4566
4563
4562
4560
4560
4560
4559
4556
4555
4554
4554
4554
4553
4550
4550
4549
4549
4547
4544
4542
4541
4541
4541
4540
4536
4535
4535
4535
4533
4532
4531
4530
4530
4529
4526
4525
4525
4524
4524
4524
4523
4521
4521
4521
4518
4518
4518
4514
4513
4511
4511
4510
4508
4508
4506
4505
4504
4504
4504
4501
4499
4499
4499
4497
4496
4496
4495
4494
4494
4494
4492
4491
4491
4490
4489
4489
4488
4487
4487
4486
4486
4485
4485
4484
4484
4482
4481
4480
4478
4478
4478
4473
4473
4472
4471
4470
4470
4468
4468
4467
4466
4461
4461
4460
4458
4457
4455
4454
4453
4453
4452
4450
4449
4449
4449
4448
4445
4445
4444
4443
4443
4442
4442
4441
4440
4440
4438
4438
4438
4436
4434
4433
4432
4432
4431
4431
4429
4427
4426
4426
4424
4422
4422
4421
4421
4420
4419
4418
4415
4415
4412
4411
4410
4408
4407
4405
4405
4405
4403
4403
4402
4401
4401
4401
4401
4400
4397
4396
4396
4396
4396
4396
4395
4394
4393
4393
4392
4389
4387
4387
4387
4387
4387
4386
4386
4385
4385
4385
4385
4384
4382
4381
4381
4380
4379
4379
4377
4376
4376
4374
4373
4373
4373
4372
4371
4371
4370
4370
4369
4368
4368
4368
4367
4366
4366
4363
4362
4361
4359
4359
4358
4358
4357
4357
4352
4351
4349
4349
4349
4349
4344
4344
4341
4340
4340
4338
4338
4336
4336
4335
4335
4334
4332
4331
4328
4324
4324
4324
4323
4323
4323
4319
4318
4316
4313
4313
4312
4310
4310
4308
4306
4305
4304
4302
4301
4300
4293
4292
4292
4291
4290
4290
4290
4289
4289
4289
4288
4286
4285
4285
4284
4284
4283
4280
4279
4279
4278
4275
4271
4270
4270
4270
4269
4268
4267
4266
4265
4264
4263
4263
4261
4261
4260
4259
4259
4257
4256
4255
4255
4253
4253
4252
4252
4249
4249
4248
4248
4247
4245
4245
4245
4244
4242
4242
4241
4238
4237
4235
4234
4232
4232
4230
4229
4227
4227
4226
4225
4224
4221
4221
4220
4219
4217
4216
4216
4215
4215
4214
4213
4213
4212
4212
4211
4211
4211
4210
4210
4209
4209
4207
4207
4207
4206
4204
4204
4203
4201
4199
4198
4196
4195
4194
4193
4191
4189
4187
4186
4185
4185
4184
4184
4181
4180
4179
4179
4176
4174
4173
4171
4171
4170
4169
4169
4169
4169
4166
4166
4166
4163
4163
4162
4160
4158
4158
4156
4154
4152
4152
4148
4148
4147
4146
4146
4141
4141
4139
4139
4137
4136
4134
4133
4130
4130
4129
4129
4127
4127
4127
4127
4126
4124
4124
4123
4123
4121
4121
4119
4119
4118
4118
4118
4116
4116
4116
4114
4112
4112
4110
4109
4108
4108
4108
4108
4108
4107
4106
4106
4105
4104
4100
4098
4097
4097
4096
4096
4093
4092
4091
4090
4089
4089
4088
4087
4085
4085
4085
4084
4083
4083
4082
4080
4078
4078
4078
4077
4076
4075
4074
4074
4073
4073
4072
4072
4071
4070
4070
4067
4067
4066
4066
4063
4062
4061
4061
4060
4060
4060
4060
4059
4059
4058
4058
4058
4058
4057
4057
4055
4054
4052
4052
4051
4051
4051
4051
4050
4050
4049
4047
4047
4044
4043
4041
4040
4039
4037
4036
4035
4034
4033
4032
4032
4027
4024
4023
4021
4020
4020
4019
4017
4016
4015
4012
4012
4010
4009
4009
4008
4008
4008
4007
4007
4007
4007
4007
4006
4006
4004
4002
4001
4001
3998
3997
3997
3996
3996
3996
3995
3994
3993
3991
3990
3990
3988
3983
3982
3981
3979
3979
3979
3979
3979
3977
3976
3976
3974
3971
3969
3969
3967
3967
3966
3965
3964
3964
3964
3962
3961
3960
3960
3960
3959
3959
3958
3956
3953
3953
3953
3950
3950
3950
3949
3947
3947
3945
3945
3943
3942
3939
3939
3939
3938
3938
3937
3937
3937
3936
3936
3936
3936
3934
3933
3932
3932
3932
3932
3932
3930
3928
3928
3926
3924
3922
3921
3920
3918
3917
3917
3915
3913
3913
3911
3908
3907
3906
3906
3905
3905
3904
3901
3898
3898
3895
3895
3894
3893
3892
3891
3889
3888
3888
3887
3886
3886
3885
3885
3883
3882
3882
3881
3880
3879
3878
3878
3877
3875
3875
3875
3874
3874
3874
3873
3873
3872
3872
3871
3871
3871
3869
3866
3865
3865
3861
3860
3860
3859
3859
3858
3858
3858
3857
3857
3857
3855
3854
3853
3852
3852
3851
3851
3850
3848
3847
3844
3844
3842
3842
3842
3842
3839
3838
3835
3833
3833
3832
3831
3831
3831
3830
3829
3829
3828
3827
3827
3826
3826
3826
3826
3823
3822
3820
3820
3820
3818
3817
3816
3815
3814
3814
3810
3810
3810
3809
3809
3808
3808
3807
3805
3805
3803
3802
3801
3799
3798
3796
3796
3796
3795
3794
3794
3794
3793
3792
3791
3789
3784
3784
3783
3782
3780
3779
3779
3778
3778
3777
3776
3776
3774
3772
3772
3770
3766
3764
3763
3759
3759
3758
3756
3751
3750
3748
3747
3745
3745
3745
3744
3744
3744
3743
3742
3741
3741
3741
3740
3740
3739
3738
3735
3734
3734
3734
3733
3733
3731
3731
3731
3731
3729
3728
3728
3728
3727
3726
3726
3724
3724
3724
3722
3722
3721
3720
3720
3720
3717
3717
3714
3714
3713
3712
3712
3709
3709
3709
3707
3707
3706
3705
3704
3704
3702
3701
3700
3700
3699
3698
3698
3697
3696
3694
3694
3693
3692
3690
3689
3688
3687
3687
3686
3686
3685
3682
3681
3680
3680
3680
3680
3679
3678
3675
3674
3671
3670
3669
3667
3665
3665
3665
3664
3663
3662
3661
3658
3658
3657
3657
3657
3656
3654
3653
3653
3652
3652
3651
3650
3649
3649
3649
3649
3647
3647
3645
3643
3643
3642
3640
3637
3637
3634
3634
3634
3633
3632
3630
3629
3627
3627
3626
3625
3624
3624
3621
3620
3619
3617
3617
3613
3613
3612
3611
3610
3608
3608
3608
3608
3607
3606
3605
3605
3605
3604
3603
3602
3601
3598
3597
3596
3594
3593
3593
3593
3592
3591
3590
3589
3588
3588
3587
3587
3585
3585
3584
3584
3583
3582
3581
3580
3580
3578
3578
3576
3576
3575
3574
3574
3574
3573
3572
3572
3572
3570
3569
3569
3567
3563
3559
3558
3557
3557
3555
3553
3552
3548
3548
3547
3547
3546
3545
3544
3542
3541
3541
3540
3539
3538
3536
3535
3535
3534
3533
3532
3531
3530
3528
3528
3527
3526
3524
3523
3523
3523
3523
3521
3521
3521
3518
3518
3515
3515
3513
3511
3509
3506
3505
3504
3503
3503
3501
3501
3501
3499
3499
3499
3498
3496
3496
3495
3494
3493
3492
3490
3490
3489
3489
3487
3487
3487
3486
3486
3486
3485
3485
3484
3483
3483
3483
3481
3481
3480
3480
3478
3477
3476
3476
3473
3472
3472
3471
3471
3471
3469
3467
3466
3464
3462
3462
3461
3461
3460
3459
3455
3452
3451
3451
3450
3449
3448
3446
3445
3442
3441
3439
3439
3437
3437
3436
3436
3432
3432
3432
3431
3431
3431
3430
3430
3429
3429
3428
3427
3426
3426
3426
3424
3424
3421
3419
3418
3418
3415
3415
3415
3414
3414
3413
3413
3413
3412
3412
3412
3412
3411
3410
3409
3408
3406
3405
3405
3404
3403
3401
3400
3400
3396
3396
3394
3393
3392
3391
3391
3390
3389
3388
3386
3386
3384
3379
3379
3379
3377
3376
3376
3373
3373
3371
3370
3368
3367
3367
3367
3366
3366
3364
3364
3363
3362
3362
3362
3360
3360
3358
3357
3356
3355
3354
3353
3352
3350
3350
3349
3348
3346
3346
3345
3344
3342
3341
3340
3338
3334
3334
3332
3332
3329
3329
3328
3326
3325
3325
3324
3324
3324
3323
3321
3317
3317
3315
3315
3315
3314
3311
3310
3309
3309
3307
3307
3306
3304
3304
3301
3300
3300
3300
3300
3299
3298
3298
3297
3296
3295
3294
3294
3293
3292
3291
3291
3287
3287
3285
3284
3282
3282
3279
3277
3275
3275
3274
3274
3274
3274
3273
3272
3271
3266
3265
3264
3264
3264
3263
3263
3261
3260
3260
3258
3258
3257
3256
3256
3256
3256
3256
3255
3254
3254
3254
3253
3252
3251
3250
3249
3247
3244
3241
3241
3241
3241
3240
3239
3239
3238
3238
3238
3237
3236
3236
3235
3235
3234
3232
3230
3230
3229
3228
3228
3226
3225
3224
3223
3223
3223
3222
3221
3220
3220
3219
3215
3215
3214
3214
3213
3213
3212
3212
3211
3210
3208
3208
3205
3204
3204
3203
3202
3200
3199
3199
3199
3199
3198
3198
3198
3197
3195
3195
3194
3193
3192
3191
3187
3186
3186
3184
3184
3182
3180
3179
3178
3177
3176
3175
3175
3174
3174
3172
3171
3170
3170
3169
3169
3169
3169
3168
3167
3167
3166
3166
3165
3164
3163
3162
3162
3161
3161
3160
3159
3158
3158
3154
3152
3151
3150
3150
3150
3149
3149
3147
3145
3145
3145
3143
3142
3140
3139
3139
3138
3138
3137
3136
3135
3134
3134
3133
3133
3133
3132
3132
3132
3132
3132
3131
3130
3129
3129
3128
3128
3127
3126
3124
3124
3124
3123
3122
3119
3118
3118
3116
3111
3111
3109
3108
3107
3107
3105
3103
3102
3102
3102
3100
3100
3100
3099
3097
3096
3094
3093
3093
3092
3092
3090
3090
3089
3089
3088
3088
3085
3085
3085
3084
3082
3082
3080
3078
3076
3074
3073
3072
3071
3071
3070
3070
3069
3068
3067
3067
3066
3066
3065
3063
3062
3062
3062
3061
3060
3060
3059
3055
3055
3054
3054
3053
3051
3050
3050
3048
3047
3047
3045
3043
3040
3040
3040
3039
3037
3036
3035
3035
3034
3033
3031
3030
3030
3030
3029
3029
3028
3028
3027
3027
3026
3024
3024
3022
3022
3020
3019
3019
3018
3017
3014
3014
3013
3013
3012
3012
3012
3012
3011
3010
3009
3008
3008
3007
3006
3005
3005
3005
3003
3001
3001
2999
2999
2998
2998
2996
2996
2996
2995
2995
2993
2993
2992
2992
2992
2991
2991
2989
2988
2988
2986
2985
2985
2981
2979
2977
2976
2975
2975
2975
2974
2973
2972
2972
2972
2970
2969
2968
2967
2962
2962
2962
2961
2960
2960
2959
2959
2958
2958
2957
2954
2953
2953
2953
2952
2951
2951
2951
2950
2948
2948
2947
2945
2944
2944
2942
2941
2941
2940
2938
2936
2933
2933
2931
2931
2930
2930
2929
2928
2925
2925
2924
2924
2923
2921
2919
2919
2919
2919
2918
2918
2915
2915
2914
2914
2913
2912
2912
2911
2909
2907
2906
2906
2906
2905
2904
2903
2903
2901
2901
2900
2899
2898
2897
2897
2894
2894
2893
2893
2893
2890
2889
2889
2888
2887
2884
2883
2880
2875
2874
2874
2873
2872
2871
2869
2868
2866
2864
2863
2863
2863
2863
2861
2859
2858
2856
2855
2854
2854
2853
2852
2851
2850
2849
2849
2849
2848
2846
2846
2844
2843
2843
2842
2841
2841
2838
2838
2834
2833
2833
2829
2828
2828
2824
2823
2816
2816
2814
2814
2814
2813
2812
2812
2812
2811
2810
2809
2807
2807
2806
2804
2804
2803
2802
2800
2799
2797
2797
2797
2796
2795
2795
2794
2793
2793
2792
2790
2789
2787
2787
2786
2785
2783
2782
2781
2778
2778
2775
2773
2772
2770
2770
2769
2769
2768
2767
2764
2762
2762
2761
2761
2761
2758
2757
2757
2757
2756
2752
2751
2750
2750
2750
2750
2749
2747
2747
2747
2746
2745
2745
2743
2743
2742
2742
2739
2739
2738
2737
2737
2737
2734
2734
2734
2733
2731
2730
2729
2725
2725
2725
2724
2724
2724
2723
2719
2719
2718
2718
2717
2717
2716
2716
2716
2715
2714
2713
2711
2710
2710
2710
2709
2707
2704
2703
2701
2700
2698
2697
2697
2697
2692
2689
2686
2686
2684
2682
2682
2682
2681
2680
2680
2673
2672
2670
2669
2668
2666
2666
2665
2665
2664
2664
2664
2664
2664
2663
2663
2662
2662
2661
2660
2660
2657
2657
2655
2655
2649
2649
2649
2648
2647
2642
2641
2637
2635
2634
2634
2630
2624
2622
2621
2620
2619
2619
2618
2617
2617
2617
2614
2613
2613
2612
2612
2612
2609
2609
2608
2607
2606
2605
2604
2604
2604
2603
2602
2601
2599
2599
2598
2598
2598
2597
2597
2596
2596
2595
2594
2593
2591
2591
2589
2589
2588
2587
2587
2586
2586
2585
2585
2584
2582
2582
2581
2581
2581
2578
2577
2577
2577
2575
2575
2575
2572
2572
2572
2572
2567
2566
2565
2565
2564
2562
2562
2560
2557
2556
2554
2553
2553
2551
2551
2547
2547
2543
2543
2541
2540
2540
2539
2539
2538
2538
2538
2538
2538
2536
2534
2533
2533
2533
2530
2527
2526
2526
2525
2525
2523
2520
2520
2518
2517
2517
2516
2516
2516
2515
2514
2513
2512
2511
2507
2507
2507
2506
2505
2504
2503
2502
2502
2502
2500
2499
2498
2498
2498
2496
2495
2494
2494
2490
2489
2487
2486
2482
2480
2478
2478
2477
2474
2474
2471
2471
2469
2469
2469
2468
2466
2466
2466
2465
2465
2464
2461
2458
2457
2455
2455
2454
2453
2451
2451
2450
2450
2447
2447
2446
2446
2446
2445
2445
2442
2436
2434
2434
2434
2433
2433
2432
2431
2430
2430
2429
2428
2428
2427
2426
2426
2426
2425
2425
2425
2424
2424
2423
2423
2418
2417
2415
2414
2414
2413
2412
2411
2411
2411
2408
2407
2405
2405
2402
2401
2401
2396
2396
2396
2395
2393
2392
2392
2391
2391
2390
2389
2387
2387
2385
2384
2384
2382
2381
2381
2380
2379
2379
2378
2378
2377
2376
2375
2375
2375
2373
2372
2372
2371
2368
2368
2367
2366
2366
2365
2363
2362
2362
2361
2360
2360
2359
2358
2357
2357
2356
2356
2355
2354
2354
2354
2354
2354
2351
2351
2350
2350
2350
2349
2349
2347
2347
2344
2343
2343
2341
2340
2339
2339
2339
2338
2337
2335
2334
2334
2334
2334
2333
2332
2331
2330
2328
2328
2327
2327
2326
2324
2324
2324
2319
2318
2316
2315
2313
2313
2313
2311
2310
2308
2308
2307
2306
2305
2305
2304
2303
2302
2302
2297
2296
2296
2295
2293
2292
2291
2291
2289
2289
2288
2287
2286
2285
2285
2284
2284
2284
2283
2283
2281
2280
2280
2280
2279
2279
2275
2274
2274
2273
2273
2270
2269
2267
2265
2263
2263
2262
2262
2261
2261
2261
2260
2259
2258
2257
2257
2256
2255
2255
2254
2253
2252
2250
2248
2248
2245
2243
2242
2240
2239
2238
2238
2237
2236
2236
2234
2234
2234
2233
2232
2230
2229
2223
2223
2222
2221
2221
2219
2217
2217
2217
2212
2211
2211
2210
2208
2208
2206
2205
2205
2204
2204
2203
2201
2201
2198
2196
2195
2194
2191
2191
2189
2187
2186
2183
2181
2181
2180
2180
2175
2175
2174
2172
2172
2169
2168
2168
2167
2165
2164
2162
2162
2161
2161
2160
2160
2159
2159
2159
2159
2158
2157
2157
2157
2156
2154
2153
2153
2152
2152
2147
2146
2146
2145
2144
2144
2143
2141
2140
2139
2139
2137
2137
2136
2136
2136
2134
2132
2132
2131
2130
2129
2126
2126
2124
2124
2123
2123
2122
2121
2120
2118
2116
2116
2116
2115
2114
2114
2114
2113
2112
2110
2109
2107
2107
2107
2106
2104
2103
2103
2103
2103
2102
2102
2102
2101
2101
2100
2099
2095
2095
2093
2090
2090
2090
2089
2088
2086
2085
2082
2081
2077
2076
2076
2074
2073
2073
2072
2071
2071
2070
2069
2067
2066
2065
2065
2064
2063
2061
2061
2061
2058
2057
2057
2056
2051
2050
2050
2050
2048
2047
2045
2045
2044
2043
2042
2040
2040
2040
2039
2038
2037
2035
2034
2031
2027
2027
2026
2026
2023
2023
2022
2020
2018
2017
2017
2017
2016
2016
2015
2012
2012
2005
2004
2002
2002
2002
2002
2001
2001
2000
2000
1999
1999
1997
1996
1994
1990
1990
1988
1988
1987
1987
1986
1986
1983
1981
1981
1979
1978
1978
1977
1977
1977
1976
1974
1973
1972
1971
1970
1970
1970
1970
1969
1969
1967
1967
1966
1965
1964
1964
1963
1963
1962
1960
1959
1959
1958
1957
1956
1954
1953
1952
1951
1947
1947
1947
1946
1945
1945
1945
1945
1944
1942
1942
1942
1941
1940
1939
1937
1936
1934
1934
1934
1932
1931
1929
1928
1924
1923
1922
1921
1920
1920
1919
1918
1917
1917
1916
1914
1914
1912
1912
1909
1909
1905
1904
1904
1902
1902
1901
1900
1900
1899
1898
1897
1897
1894
1893
1892
1891
1890
1889
1889
1887
1887
1886
1886
1886
1885
1884
1884
1882
1882
1881
1880
1880
1880
1880
1879
1878
1878
1877
1877
1874
1872
1871
1871
1870
1869
1869
1868
1867
1864
1864
1861
1858
1858
1857
1857
1856
1855
1854
1854
1853
1852
1850
1849
1849
1848
1847
1847
1842
1839
1836
1836
1836
1833
1832
1831
1831
1830
1824
1823
1823
1823
1822
1822
1820
1820
1818
1818
1818
1818
1817
1816
1814
1811
1807
1805
1804
1803
1800
1795
1795
1792
1789
1789
1789
1788
1786
1785
1785
1784
1783
1781
1780
1780
1780
1779
1779
1777
1775
1775
1775
1773
1773
1771
1771
1770
1769
1767
1766
1766
1765
1764
1762
1761
1761
1761
1758
1755
1755
1755
1752
1752
1751
1751
1751
1750
1749
1747
1747
1746
1745
1744
1742
1738
1738
1738
1738
1737
1736
1733
1730
1728
1726
1726
1725
1724
1723
1720
1720
1716
1714
1714
1712
1712
1710
1709
1709
1708
1708
1708
1708
1708
1707
1706
1705
1704
1703
1700
1700
1699
1699
1698
1697
1696
1695
1695
1695
1693
1693
1693
1690
1689
1688
1687
1686
1686
1684
1683
1682
1681
1680
1679
1679
1677
1676
1676
1676
1673
1671
1669
1667
1667
1665
1665
1665
1664
1664
1663
1663
1662
1661
1661
1660
1659
1659
1659
1659
1659
1658
1657
1656
1656
1656
1655
1655
1655
1653
1653
1653
1652
1651
1650
1650
1649
1648
1647
1646
1646
1645
1645
1645
1644
1643
1643
1642
1642
1641
1640
1639
1639
1638
1636
1636
1635
1635
1633
1633
1633
1632
1631
1630
1630
1630
1627
1626
1625
1624
1624
1623
1623
1623
1622
1622
1621
1619
1615
1613
1611
1610
1610
1609
1609
1608
1607
1607
1605
1604
1604
1601
1600
1599
1598
1596
1595
1594
1592
1591
1589
1588
1588
1586
1584
1582
1582
1581
1580
1580
1578
1578
1574
1574
1572
1572
1571
1571
1570
1569
1567
1565
1565
1560
1560
1559
1555
1555
1553
1552
1551
1550
1549
1549
1548
1548
1546
1544
1543
1543
1543
1542
1541
1539
1539
1538
1537
1535
1534
1534
1534
1533
1532
1530
1530
1530
1530
1528
1527
1526
1526
1526
1526
1525
1525
1525
1522
1521
1519
1518
1516
1515
1515
1513
1513
1512
1512
1512
1512
1510
1510
1509
1507
1506
1504
1504
1504
1503
1502
1501
1499
1496
1495
1494
1493
1493
1493
1490
1490
1490
1489
1489
1486
1486
1485
1485
1484
1484
1483
1483
1483
1482
1481
1481
1480
1478
1476
1475
1474
1473
1473
1473
1473
1472
1471
1471
1470
1470
1465
1463
1462
1459
1458
1456
1456
1456
1454
1453
1452
1451
1451
1449
1449
1449
1447
1444
1442
1441
1440
1439
1438
1437
1436
1436
1436
1435
1435
1434
1433
1432
1432
1430
1429
1429
1428
1428
1427
1427
1425
1425
1422
1422
1421
1421
1418
1418
1415
1414
1414
1413
1411
1410
1408
1407
1407
1405
1404
1403
1402
1402
1402
1401
1401
1401
1400
1399
1397
1397
1396
1396
1395
1395
1394
1392
1392
1391
1384
1382
1381
1381
1380
1379
1377
1377
1377
1375
1375
1374
1372
1370
1369
1368
1368
1368
1368
1365
1364
1364
1364
1364
1363
1361
1361
1360
1360
1360
1360
1357
1357
1356
1355
1353
1353
1353
1353
1351
1351
1348
1348
1345
1344
1340
1339
1338
1338
1337
1335
1334
1334
1333
1331
1326
1323
1322
1320
1318
1316
1315
1314
1313
1312
1311
1311
1310
1309
1308
1308
1306
1306
1304
1303
1302
1302
1299
1299
1299
1297
1295
1294
1294
1293
1293
1292
1291
1288
1288
1286
1286
1286
1285
1285
1283
1282
1282
1282
1281
1281
1278
1278
1277
1276
1276
1275
1275
1274
1273
1273
1271
1271
1270
1269
1268
1268
1268
1268
1267
1265
1264
1263
1262
1262
1262
1260
1258
1256
1256
1254
1254
1251
1250
1247
1247
1246
1246
1245
1245
1242
1241
1241
1241
1240
1240
1239
1239
1238
1238
1236
1236
1233
1231
1230
1230
1230
1230
1229
1229
1224
1223
1222
1221
1221
1220
1220
1218
1218
1217
1217
1217
1217
1216
1216
1216
1216
1213
1211
1211
1209
1209
1208
1206
1205
1204
1203
1201
1199
1198
1198
1193
1192
1192
1190
1189
1189
1187
1186
1185
1184
1182
1182
1182
1180
1180
1179
1178
1175
1175
1174
1173
1172
1171
1170
1170
1169
1168
1167
1166
1165
1164
1164
1162
1162
1160
1159
1159
1157
1155
1154
1153
1152
1151
1150
1149
1149
1143
1141
1140
1139
1138
1136
1136
1133
1133
1133
1132
1130
1130
1129
1129
1128
1128
1126
1126
1125
1125
1124
1122
1122
1122
1118
1118
1117
1115
1112
1111
1110
1110
1109
1108
1106
1105
1104
1102
1100
1099
1098
1097
1096
1096
1095
1095
1094
1093
1092
1091
1091
1091
1088
1083
1082
1081
1081
1080
1080
1079
1078
1078
1077
1075
1074
1074
1073
1072
1071
1070
1068
1063
1062
1062
1061
1060
1057
1052
1052
1051
1051
1047
1045
1045
1045
1044
1043
1042
1041
1040
1039
1037
1035
1033
1032
1030
1030
1029
1029
1029
1028
1025
1023
1023
1023
1022
1022
1020
1020
1019
1014
1014
1011
1009
1009
1006
1006
1004
1004
1003
1002
1002
1000
998
997
996
995
995
995
993
992
991
991
986
984
983
983
981
980
979
975
975
974
974
973
972
971
971
967
966
965
963
963
963
961
957
957
957
956
955
955
955
944
943
942
942
942
941
941
939
938
938
938
935
930
928
926
925
925
925
924
923
922
922
921
921
920
920
919
918
916
913
912
911
911
911
910
909
907
907
906
906
905
905
903
903
901
899
898
897
896
896
896
895
892
892
892
890
890
888
885
885
883
883
882
881
881
880
880
879
879
879
878
875
871
871
869
869
868
868
868
866
866
864
864
863
863
863
862
861
861
860
860
859
859
857
856
854
854
854
854
853
851
849
849
849
848
848
847
847
847
847
847
846
846
844
843
843
842
842
841
840
840
839
836
836
834
834
833
833
833
833
832
832
832
830
830
830
829
829
828
828
827
826
825
825
824
823
819
818
817
817
816
815
813
813
813
810
810
810
809
808
806
805
805
804
803
801
800
799
798
798
796
796
795
793
791
791
790
790
789
789
788
782
780
780
778
778
777
777
776
776
774
774
773
772
771
771
770
769
768
768
767
766
766
766
766
764
764
764
763
760
760
760
759
758
757
754
754
751
751
750
747
747
746
743
742
741
741
738
738
737
735
735
733
733
728
728
728
727
727
725
725
724
723
723
722
721
720
720
718
718
718
718
716
710
708
707
707
706
705
703
703
702
700
700
698
698
694
694
693
691
690
689
689
688
683
683
683
683
681
680
679
678
678
677
676
676
676
675
674
674
673
673
671
671
670
670
670
670
669
669
668
668
665
664
659
658
658
658
656
656
655
655
655
654
654
650
650
650
649
648
648
646
646
645
643
643
642
640
639
637
633
631
631
630
629
628
628
628
627
627
627
626
625
624
624
622
622
621
620
618
617
617
616
615
615
615
614
613
612
611
609
609
607
606
606
606
603
602
601
601
599
598
598
597
597
596
596
596
596
595
595
594
593
593
592
589
584
584
581
579
577
576
575
574
574
574
573
572
572
571
571
569
568
565
565
563
562
561
560
559
558
556
553
552
550
550
549
549
548
547
547
547
547
546
546
545
545
543
541
535
534
533
533
532
532
529
528
528
528
526
524
523
522
521
521
520
520
519
518
518
517
515
515
515
513
512
512
510
509
507
506
504
504
502
502
501
501
500
499
499
495
494
494
490
490
489
487
483
482
482
482
481
481
480
479
478
477
477
476
476
475
474
473
472
471
470
470
469
469
468
468
468
467
465
464
464
462
462
460
460
455
455
455
455
454
450
450
448
447
447
447
445
444
441
438
437
437
435
435
434
432
431
429
428
425
425
424
423
422
421
421
420
419
418
418
418
418
417
417
416
416
416
411
411
411
409
409
408
408
405
403
403
403
401
399
397
394
394
393
392
392
392
392
391
391
391
390
390
389
388
387
386
386
385
385
385
384
384
383
381
380
379
379
379
378
378
376
375
374
373
369
369
369
367
367
367
364
364
363
361
361
360
360
360
358
356
356
355
355
353
352
352
351
349
347
346
346
346
344
343
342
342
341
340
335
335
334
333
333
332
331
331
331
330
327
326
325
325
325
322
320
319
319
317
316
314
312
311
310
310
308
307
307
305
305
303
303
299
299
298
298
298
296
296
296
295
295
295
294
293
292
292
291
291
291
287
287
286
285
283
281
281
280
279
278
277
276
275
275
273
273
272
271
271
270
270
268
268
267
267
267
266
265
265
261
261
259
259
259
258
257
257
257
256
256
255
252
251
250
245
243
243
243
241
240
239
239
238
237
235
233
231
230
230
230
230
227
227
227
227
226
223
223
223
221
221
221
220
219
218
218
218
216
215
214
213
212
210
210
210
208
206
204
202
202
201
200
196
196
195
194
194
194
193
193
191
191
190
190
189
189
187
187
187
186
185
185
184
184
183
183
181
181
180
180
179
179
179
178
177
177
176
175
174
171
171
168
165
165
163
163
160
159
158
158
155
154
154
150
149
147
144
143
142
142
141
139
138
137
137
137
135
135
134
134
132
132
132
131
130
130
129
128
128
127
127
127
126
124
124
121
120
118
117
116
114
114
113
112
111
110
109
108
108
108
107
107
107
106
104
104
100
99
98
98
96
94
93
91
90
89
88
85
85
82
82
82
81
81
80
79
78
78
77
76
73
72
71
71
71
70
70
69
68
67
67
66
65
65
63
63
61
58
57
57
56
56
50
50
50
50
49
49
46
46
43
42
42
42
41
39
37
37
36
34
33
30
30
30
29
26
26
26
24
24
22
22
22
18
18
18
18
16
16
15
14
13
10
10
10
8
8
8
8
8
8
6
3
2
2
1
0
0
0
