6131.863832473755
6329.541921615601
6450.016021728516
5739.604949951172
5744.90213394165
5743.376731872559
6222.2959995269775
6235.473155975342
5898.826837539673
6244.143009185791
5813.401222229004
6101.6809940338135
5744.745969772339
6830.910921096802
5664.38889503479
5763.671159744263
5738.282918930054
5805.389165878296
5872.665882110596
5861.176013946533
5793.686866760254
5729.595899581909
5800.915002822876
5918.169021606445
6338.053226470947
5756.356000900269
6921.95987701416
5948.622941970825
5980.013132095337
5785.11118888855
