14174.78084564209
15384.374141693115
14800.93002319336
16673.08521270752
14155.76195716858
13390.3067111969
14784.79790687561
14442.74616241455
14576.700925827026
14346.68517112732
13789.752006530762
13117.363214492798
14880.985975265503
13645.454168319702
13575.993776321411
12483.900785446167
13140.939950942993
14882.15708732605
12624.421834945679
13388.505935668945
14578.1569480896
13705.310106277466
13510.956048965454
14518.607139587402
14213.856935501099
13219.507932662964
15017.992973327637
14156.574010848999
14369.927167892456
15205.545902252197
