400.3729820251465
411.1781120300293
411.2560749053955
407.6220989227295
401.83496475219727
410.6178283691406
433.7911605834961
419.02995109558105
404.8738479614258
391.3271427154541
404.88386154174805
402.6980400085449
405.0939083099365
419.12031173706055
410.59398651123047
407.8531265258789
404.13713455200195
392.9429054260254
404.6201705932617
414.9360656738281
406.77905082702637
397.02582359313965
410.7508659362793
400.49290657043457
404.56104278564453
386.10315322875977
389.4839286804199
401.26514434814453
407.8240394592285
407.67693519592285
